0.59375 1
0.56684 0.994574
0.564236 0.989491
0.594618 0.984542
0.611111 0.979784
0.588542 0.975114
0.600694 0.970743
0.58941 0.966575
0.585938 0.962699
0.605903 0.958839
0.588542 0.955127
0.617188 0.951414
0.588542 0.94777
0.579861 0.944217
0.55816 0.940721
0.539931 0.937302
0.536458 0.933977
0.53559 0.93033
0.537326 0.926783
0.486979 0.923181
0.458333 0.919799
0.439236 0.916417
0.422743 0.913034
0.44184 0.909569
0.473958 0.906258
0.493056 0.902933
0.490451 0.899587
0.491319 0.896252
0.507812 0.893017
0.483507 0.88989
0.473958 0.886717
0.494792 0.883852
0.47309 0.880874
0.485243 0.877827
0.462674 0.87471
0.492188 0.871884
0.500868 0.86887
0.511285 0.865699
0.539062 0.862479
0.543403 0.859259
0.545139 0.856183
0.52691 0.853313
0.505208 0.850304
0.508681 0.847604
0.501736 0.844904
0.493056 0.841893
0.500868 0.838702
0.499132 0.835604
0.492188 0.832487
0.496528 0.829565
0.475694 0.826835
0.493056 0.82432
0.46875 0.821569
0.4375 0.818724
0.434028 0.815904
0.417535 0.813327
0.399306 0.811207
0.411458 0.809197
0.391493 0.807155
0.419271 0.805158
0.445312 0.802947
0.451389 0.800801
0.494792 0.798675
0.459201 0.796254
0.471354 0.793668
0.431424 0.791301
0.443576 0.78901
0.412326 0.786363
0.396701 0.783735
0.414931 0.781221
0.438368 0.778688
0.430556 0.775967
0.415799 0.773328
0.409722 0.770708
0.443576 0.768024
0.449653 0.765507
0.443576 0.762924
0.405382 0.7603
0.458333 0.757685
0.467882 0.755141
0.493924 0.752591
0.482639 0.749903
0.477431 0.747054
0.463542 0.744073
0.451389 0.74116
0.471354 0.738442
0.500868 0.735797
0.506944 0.733331
0.517361 0.730758
0.541667 0.728333
0.592882 0.725976
0.583333 0.723591
0.605035 0.721231
0.603299 0.718815
0.605903 0.716191
0.621528 0.713622
0.622396 0.711261
0.639757 0.708913
0.670139 0.706591
0.700521 0.704201
0.643229 0.701942
0.631944 0.700005
0.644097 0.697851
0.653646 0.69576
0.641493 0.69373
0.653646 0.691786
0.638889 0.689877
0.634549 0.688088
0.637153 0.686267
0.644097 0.684508
0.638021 0.682748
0.646701 0.680893
0.611111 0.678942
0.609375 0.677066
0.641493 0.675022
0.638889 0.672868
0.601562 0.670945
0.604167 0.669191
0.597222 0.66736
0.618056 0.665392
0.625 0.663433
0.631076 0.661659
0.650174 0.65988
0.66059 0.657837
0.632812 0.65575
0.649306 0.653851
0.652778 0.6519
0.639757 0.650144
0.628472 0.648505
0.65625 0.646993
0.66059 0.645485
0.689236 0.644094
0.684896 0.642675
0.657986 0.641173
0.685764 0.639516
0.6875 0.637862
0.684028 0.636292
0.66059 0.634664
0.65625 0.632926
0.666667 0.631278
0.663194 0.629523
0.663194 0.627975
0.69184 0.626481
0.722222 0.624733
0.742188 0.62288
0.743924 0.621129
0.720486 0.619473
0.713542 0.617912
0.701389 0.61642
0.671007 0.61517
0.659722 0.613955
0.671007 0.613015
0.667535 0.612114
0.665799 0.611146
0.66059 0.609953
0.665799 0.608674
0.658854 0.607022
0.650174 0.605368
0.649306 0.604137
0.646701 0.603116
0.690104 0.602215
0.68316 0.601393
0.680556 0.600705
0.672743 0.599959
0.694444 0.599207
0.708333 0.598528
0.694444 0.597728
0.685764 0.5969
0.6875 0.596573
0.693576 0.596249
0.678819 0.595584
0.644097 0.59501
0.653646 0.594448
0.651042 0.593399
0.641493 0.592525
0.631944 0.591614
0.631944 0.590803
0.631944 0.590006
0.616319 0.58934
0.637153 0.588885
0.617188 0.5885
0.599826 0.588199
0.602431 0.587945
0.588542 0.587412
0.584201 0.586993
0.569444 0.586414
0.585069 0.585811
0.579861 0.585335
0.569444 0.58512
0.581597 0.584921
0.578125 0.584494
0.584201 0.583987
0.585938 0.58327
0.591146 0.582826
0.584201 0.582413
0.613715 0.581978
0.602431 0.581477
0.584201 0.580969
0.565104 0.58058
0.582465 0.580154
0.584201 0.579901
0.574653 0.57943
0.573785 0.578733
0.557292 0.577848
0.559028 0.577054
0.546007 0.575989
0.552083 0.574907
0.529514 0.573689
0.553819 0.572646
0.585938 0.571766
0.581597 0.570881
0.571181 0.570179
0.557292 0.569383
0.546875 0.568594
0.544271 0.56783
0.518229 0.566973
0.519097 0.566251
0.484375 0.56529
0.493924 0.564436
0.473958 0.563799
0.467014 0.563125
0.448785 0.562466
0.447049 0.561613
0.447917 0.560801
0.460938 0.560301
0.444444 0.559712
0.434896 0.559264
0.408854 0.558805
0.392361 0.558376
0.37934 0.558087
0.403646 0.557949
0.409722 0.557875
0.417535 0.558087
0.457465 0.558299
0.454861 0.558565
0.483507 0.558742
0.500868 0.558689
0.49566 0.558651
0.484375 0.558677
0.459201 0.558728
0.449653 0.558917
0.467882 0.559028
0.479167 0.559204
0.483507 0.559477
0.480903 0.560009
0.482639 0.560276
0.449653 0.560712
0.434896 0.561165
0.423611 0.561235
0.427951 0.561453
0.424479 0.561784
0.447049 0.562
0.454861 0.562313
0.453993 0.562713
0.449653 0.562932
0.436632 0.562878
0.427083 0.562861
0.448785 0.562739
0.471354 0.562515
0.50434 0.56236
0.515625 0.562233
0.542535 0.561794
0.5625 0.561616
0.540799 0.561301
0.53559 0.561153
0.548611 0.56086
0.527778 0.560634
0.581597 0.560265
0.59809 0.559824
0.596354 0.559282
0.582465 0.558617
0.585069 0.557937
0.59809 0.557112
0.578993 0.55624
0.602431 0.555228
0.578125 0.554422
0.571181 0.553584
0.567708 0.55249
0.599826 0.551561
0.592882 0.550647
0.585069 0.549822
0.594618 0.549222
0.609375 0.548679
0.612847 0.548177
0.595486 0.547459
0.59809 0.546694
0.597222 0.546024
0.598958 0.545248
0.553819 0.544315
0.568576 0.543598
0.549479 0.542855
0.53559 0.542304
0.53125 0.541395
0.533854 0.540389
0.569444 0.539302
0.560764 0.537978
0.582465 0.536625
0.569444 0.53542
0.570312 0.534071
0.563368 0.532972
0.555556 0.531822
0.541667 0.530888
0.555556 0.529794
0.55816 0.528664
0.574653 0.527645
0.587674 0.52651
0.552083 0.525471
0.559028 0.524698
0.573785 0.523467
0.559028 0.522206
0.586806 0.520754
0.608507 0.519654
0.603299 0.518292
0.599826 0.517117
0.591146 0.515482
0.59375 0.513904
0.577257 0.512466
0.585938 0.511068
0.564236 0.509763
0.581597 0.508715
0.559896 0.507269
0.542535 0.505918
0.543403 0.504403
0.525174 0.502879
0.526042 0.501438
0.528646 0.499938
0.507812 0.49823
0.498264 0.496661
0.479167 0.495103
0.46875 0.493554
0.472222 0.49214
0.487847 0.49076
0.476562 0.489282
0.462674 0.487761
0.484375 0.486187
0.499132 0.484679
0.469618 0.483137
0.462674 0.481689
0.460069 0.480129
0.436632 0.478465
0.421875 0.476748
0.427083 0.475143
0.450521 0.473814
0.456597 0.472785
0.448785 0.471532
0.465278 0.470165
0.486979 0.468837
0.486979 0.467417
0.491319 0.466263
0.534722 0.46517
0.544271 0.464239
0.530382 0.463341
0.505208 0.462414
0.501736 0.461402
0.503472 0.460381
0.518229 0.459129
0.510417 0.457714
0.473958 0.456328
0.481771 0.454991
0.457465 0.453529
0.434896 0.45202
0.469618 0.450597
0.471354 0.449339
0.496528 0.44813
0.485243 0.447129
0.491319 0.446191
0.457465 0.445065
0.459201 0.443785
0.473958 0.442584
0.484375 0.441614
0.478299 0.440798
0.49566 0.440069
0.49566 0.439605
0.511285 0.438997
0.473958 0.438444
0.492188 0.438004
0.497396 0.437559
0.473958 0.437062
0.467882 0.436491
0.47309 0.435764
0.490451 0.435182
0.497396 0.434619
0.519097 0.433965
0.53559 0.43323
0.492188 0.432549
0.500868 0.43188
0.519965 0.431299
0.526042 0.430576
0.532118 0.429842
0.503472 0.429042
0.516493 0.428309
0.502604 0.427452
0.493056 0.426573
0.467014 0.425742
0.502604 0.425041
0.487847 0.424277
0.457465 0.423501
0.49566 0.422543
0.469618 0.421689
0.494792 0.421031
0.498264 0.420489
0.486979 0.419939
0.452257 0.419381
0.451389 0.418701
0.465278 0.417615
0.453125 0.416263
0.415799 0.414705
0.401042 0.413066
0.372396 0.411502
0.385417 0.410106
0.355035 0.40872
0.354167 0.407546
0.342014 0.406395
0.363715 0.405213
0.37934 0.404003
0.346354 0.402749
0.328993 0.401784
0.317708 0.400785
0.328993 0.399638
0.309028 0.398512
0.322917 0.397
0.30816 0.395491
0.295139 0.394196
0.28125 0.392764
0.282118 0.391309
0.276042 0.389987
0.25434 0.388701
0.242188 0.387386
0.253472 0.386267
0.248264 0.385068
0.266493 0.384046
0.265625 0.382946
0.250868 0.382053
0.275174 0.381256
0.293403 0.380598
0.295139 0.380224
0.296875 0.379568
0.284722 0.378785
0.274306 0.378209
0.249132 0.377505
0.251736 0.376982
0.239583 0.376509
0.241319 0.376096
0.241319 0.375638
0.248264 0.375302
0.221354 0.374994
0.184028 0.374798
0.18316 0.37447
0.197917 0.374335
0.198785 0.373777
0.210938 0.37315
0.221354 0.372366
0.215278 0.371553
0.219618 0.370937
0.236979 0.370583
0.256944 0.370128
0.249132 0.369704
0.259549 0.369607
0.258681 0.369643
0.241319 0.369852
0.241319 0.370429
0.252604 0.371098
0.230903 0.371627
0.272569 0.372142
0.250868 0.372385
0.230903 0.372556
0.223958 0.372827
0.216146 0.373158
0.226562 0.373233
0.246528 0.373371
0.231771 0.373676
0.222222 0.373788
0.209201 0.373877
0.19184 0.373831
0.184896 0.373724
0.140625 0.373743
0.164062 0.373659
0.188368 0.37364
0.209201 0.373671
0.196181 0.373751
0.171007 0.373593
0.19184 0.373483
0.194444 0.373482
0.202257 0.373498
0.195312 0.373607
0.174479 0.373856
0.174479 0.373851
0.199653 0.374176
0.182292 0.374431
0.207465 0.37427
0.213542 0.373858
0.174479 0.373631
0.179688 0.373794
0.177083 0.374229
0.185764 0.374339
0.185764 0.374441
0.184896 0.374512
0.177083 0.374596
0.162326 0.374445
0.167535 0.374307
0.181424 0.374464
0.164062 0.374848
0.149306 0.375457
0.145833 0.375816
0.147569 0.376148
0.141493 0.376564
0.15625 0.377027
0.185764 0.377125
0.170139 0.377226
0.140625 0.377626
0.113715 0.378022
0.0876736 0.378754
0.0737847 0.379331
0.0894097 0.380064
0.115451 0.380782
0.118056 0.381423
0.103299 0.382058
0.0998264 0.382852
0.131076 0.383596
0.09375 0.384279
0.109375 0.38523
0.153646 0.386079
0.147569 0.386934
0.137153 0.38788
0.147569 0.388866
0.149306 0.389959
0.141493 0.391096
0.154514 0.391968
0.171875 0.392837
0.15625 0.393406
0.164062 0.394064
0.165799 0.394596
0.1875 0.395284
0.186632 0.396087
0.184028 0.396758
0.198785 0.397346
0.180556 0.397996
0.199653 0.399036
0.198785 0.400019
0.148438 0.400874
0.138021 0.401672
0.147569 0.402682
0.115451 0.403652
0.130208 0.404693
0.0850694 0.405811
0.0642361 0.40711
0.0763889 0.408422
0.0746528 0.409711
0.0477431 0.41107
0.0746528 0.4122
0.0651042 0.413318
0.0703125 0.414519
0.0685764 0.41566
0.0711806 0.41695
0.0442708 0.418294
0.0173611 0.419743
0.0286458 0.420935
0.015625 0.422316
0.0225694 0.423811
0.0347222 0.425296
0.0243056 0.426357
0.0173611 0.427267
0.0217014 0.428188
0.0364583 0.429226
0.0243056 0.43039
0.0642361 0.431683
0.0538194 0.43287
0.0390625 0.433806
0.0494792 0.434646
0.0885417 0.435512
0.0746528 0.436199
0.0555556 0.437128
0.0295139 0.438514
0.0642361 0.439919
0.0711806 0.441307
0.0616319 0.44254
0.0789931 0.443417
0.0520833 0.444384
0.0399306 0.445474
0.0755208 0.446635
0.0737847 0.447702
0.0703125 0.448785
0.107639 0.450044
0.109375 0.451152
0.117188 0.45222
0.0911458 0.45333
0.0789931 0.454355
0.0581597 0.45558
0.0538194 0.456788
0.0303819 0.45813
0.0755208 0.459252
0.0920139 0.460105
0.131076 0.460856
0.12934 0.461471
0.12066 0.462122
0.133681 0.462813
0.16059 0.46336
0.126736 0.463765
0.16059 0.464485
0.166667 0.465037
0.170139 0.465371
0.163194 0.465543
0.155382 0.465785
0.157986 0.466147
0.173611 0.466241
0.188368 0.465776
0.177083 0.465278
0.155382 0.465044
0.196181 0.464616
0.232639 0.46415
0.236979 0.464153
0.237847 0.464196
0.272569 0.464156
0.28559 0.464323
0.283854 0.464323
0.302951 0.464212
0.287326 0.463997
0.27691 0.463621
0.282986 0.463163
0.279514 0.462598
0.297743 0.462012
0.271701 0.461359
0.283854 0.460667
0.261285 0.459959
0.284722 0.459356
0.299479 0.458591
0.300347 0.457655
0.328125 0.456708
0.322049 0.456056
0.340278 0.455346
0.359375 0.454738
0.355035 0.454153
0.37934 0.45355
0.382812 0.452744
0.37934 0.451976
0.345486 0.451259
0.353299 0.450348
0.380208 0.449498
0.375 0.448958
0.358507 0.448213
0.357639 0.44733
0.361979 0.446554
0.338542 0.445618
0.303819 0.444682
0.309896 0.443443
0.323785 0.442042
0.307292 0.440535
0.303819 0.439299
0.317708 0.438407
0.378472 0.437901
0.388021 0.437329
0.349826 0.436546
0.349826 0.435885
0.331597 0.435151
0.371528 0.434619
0.386285 0.434224
0.409722 0.433778
0.398438 0.433109
0.421007 0.432117
0.407986 0.431169
0.40191 0.430423
0.416667 0.429675
0.428819 0.428829
0.434896 0.4281
0.405382 0.427545
0.412326 0.426984
0.400174 0.426131
0.397569 0.425305
0.355035 0.424198
0.364583 0.423084
0.364583 0.421816
0.371528 0.420334
0.385417 0.418988
0.37066 0.41782
0.371528 0.416585
0.369792 0.415307
0.378472 0.414072
0.384549 0.412768
0.356771 0.411308
0.356771 0.409953
0.368056 0.408598
0.367188 0.407138
0.396701 0.405653
0.392361 0.404035
0.417535 0.402452
0.425347 0.40101
0.407118 0.399679
0.423611 0.398431
0.404514 0.397038
0.419271 0.395561
0.438368 0.39417
0.434028 0.39256
0.425347 0.390969
0.440972 0.389339
0.440104 0.387525
0.449653 0.385726
0.415799 0.383902
0.4375 0.382339
0.415799 0.380318
0.421875 0.378334
0.428819 0.37651
0.424479 0.374749
0.397569 0.373149
0.404514 0.371513
0.412326 0.369832
0.40625 0.368099
0.407118 0.366367
0.40625 0.364712
0.434028 0.363043
0.416667 0.361009
0.417535 0.358817
0.396701 0.356625
0.420139 0.354273
0.443576 0.352137
0.431424 0.350218
0.393229 0.348302
0.407118 0.346458
0.385417 0.344737
0.397569 0.343149
0.37934 0.341414
0.381944 0.339684
0.40625 0.337938
0.40625 0.336158
0.398438 0.334249
0.384549 0.332757
0.407986 0.331299
0.388021 0.329894
0.401042 0.328683
0.361979 0.327426
0.340278 0.326464
0.342014 0.325569
0.361979 0.324757
0.335938 0.32388
0.357639 0.322718
0.372396 0.321478
0.342882 0.320448
0.322049 0.319451
0.365451 0.318381
0.33941 0.317358
0.354167 0.316289
0.349826 0.315333
0.364583 0.314562
0.377604 0.313855
0.396701 0.313168
0.414931 0.312357
0.393229 0.311353
0.37934 0.310548
0.402778 0.309863
0.386285 0.309101
0.351562 0.308532
0.328993 0.307929
0.335069 0.30723
0.328125 0.306388
0.349826 0.305665
0.381076 0.304963
0.386285 0.30419
0.411458 0.303383
0.421875 0.302434
0.461806 0.301521
0.485243 0.300561
0.428819 0.299552
0.419271 0.298584
0.462674 0.297678
0.474826 0.29693
0.466146 0.296528
0.453125 0.296263
0.446181 0.296192
0.4375 0.296306
0.430556 0.296148
0.461806 0.295857
0.462674 0.295381
0.455729 0.295017
0.472222 0.294811
0.469618 0.294767
0.475694 0.294572
0.46441 0.294426
0.478299 0.294505
0.481771 0.294576
0.481771 0.294577
0.508681 0.294738
0.502604 0.294837
0.477431 0.294867
0.490451 0.29519
0.485243 0.295619
0.515625 0.296195
0.525174 0.296622
0.537326 0.297012
0.559896 0.297236
0.508681 0.297481
0.509549 0.29768
0.507812 0.298152
0.510417 0.298706
0.511285 0.299444
0.520833 0.300202
0.517361 0.301131
0.509549 0.301843
0.537326 0.302477
0.527778 0.302992
0.561632 0.303364
0.55816 0.303556
0.570312 0.303668
0.556424 0.303783
0.533854 0.303696
0.53559 0.303909
0.52691 0.303988
0.494792 0.303869
0.482639 0.304024
0.475694 0.304254
0.424479 0.304502
0.443576 0.304903
0.423611 0.305291
0.409722 0.305864
0.390625 0.306463
0.416667 0.30713
0.398438 0.307694
0.402778 0.308229
0.396701 0.308654
0.412326 0.309139
0.427951 0.309656
0.427083 0.309948
0.446181 0.310193
0.445312 0.310136
0.447917 0.309843
0.420139 0.309523
0.427083 0.309252
0.445312 0.309017
0.444444 0.308694
0.435764 0.308347
0.452257 0.308356
0.453993 0.308295
0.471354 0.308195
0.500868 0.308125
0.496528 0.307882
0.491319 0.307747
0.483507 0.307788
0.473958 0.308179
0.482639 0.308613
0.427083 0.308878
0.439236 0.309281
0.4375 0.309816
0.428819 0.31007
0.387153 0.310261
0.396701 0.310793
0.384549 0.311278
0.364583 0.311642
0.341146 0.312164
0.358507 0.31252
0.373264 0.312856
0.388021 0.313439
0.375 0.314165
0.390625 0.314845
0.366319 0.315412
0.37066 0.316071
0.365451 0.316469
0.386285 0.316785
0.355035 0.317142
0.355035 0.317314
0.331597 0.317532
0.323785 0.31802
0.315104 0.318309
0.322049 0.318515
0.34809 0.318756
0.321181 0.318551
0.320312 0.318356
0.321181 0.31818
0.365451 0.317712
0.382812 0.316934
0.361111 0.316021
0.375 0.315028
0.37066 0.314085
0.34809 0.313081
0.361111 0.312173
0.331597 0.311206
0.326389 0.310482
0.320312 0.30971
0.320312 0.30878
0.338542 0.308131
0.341146 0.307564
0.326389 0.306945
0.329861 0.306212
0.313368 0.30511
0.305556 0.304053
0.326389 0.302951
0.328993 0.30181
0.323785 0.300559
0.306424 0.299408
0.300347 0.29852
0.275174 0.29754
0.269965 0.296378
0.295139 0.295373
0.293403 0.294072
0.294271 0.292587
0.297743 0.291041
0.306424 0.289483
0.323785 0.287731
0.351562 0.285963
0.335938 0.28452
0.365451 0.282952
0.354167 0.281031
0.362847 0.279066
0.355035 0.277084
0.401042 0.275192
0.40191 0.273357
0.420139 0.271646
0.415799 0.270141
0.423611 0.268723
0.41059 0.267244
0.380208 0.265771
0.373264 0.26449
0.427083 0.263278
0.383681 0.261801
0.40625 0.260452
0.381076 0.259139
0.362847 0.257623
0.3125 0.256058
0.307292 0.254426
0.273438 0.252778
0.292535 0.251502
0.299479 0.250057
0.283854 0.248535
0.250868 0.247318
0.288194 0.246129
0.294271 0.244982
0.300347 0.243813
0.30816 0.242894
0.299479 0.241954
0.277778 0.240651
0.290799 0.239326
0.28559 0.237992
0.284722 0.236992
0.284722 0.2362
0.291667 0.235466
0.267361 0.234644
0.280382 0.233814
0.240451 0.232892
0.241319 0.231983
0.195312 0.231241
0.243924 0.230284
0.249132 0.229067
0.253472 0.227942
0.256944 0.226747
0.264757 0.225388
0.279514 0.224037
0.315104 0.222537
0.304688 0.220819
0.311632 0.219283
0.363715 0.217839
0.332465 0.216316
0.355035 0.21488
0.352431 0.213278
0.350694 0.211198
0.389757 0.208931
0.383681 0.206672
0.397569 0.204531
0.401042 0.202574
0.368924 0.200713
0.40191 0.199173
0.395833 0.19751
0.37066 0.195566
0.367188 0.193777
0.361979 0.191846
0.360243 0.189979
0.362847 0.188248
0.371528 0.186372
0.342014 0.184745
0.320312 0.183025
0.309028 0.181225
0.323785 0.17937
0.333333 0.177807
0.366319 0.175837
0.376736 0.173677
0.375868 0.171435
0.388021 0.169135
0.395833 0.16702
0.403646 0.164962
0.419271 0.163123
0.411458 0.161387
0.40191 0.15965
0.361979 0.157987
0.362847 0.156442
0.341146 0.155193
0.34375 0.153871
0.311632 0.152382
0.322917 0.151091
0.338542 0.149704
0.345486 0.148337
0.366319 0.147089
0.387153 0.145839
0.396701 0.144749
0.388021 0.143654
0.333333 0.142686
0.321181 0.141475
0.294271 0.140532
0.329861 0.13967
0.306424 0.139093
0.278646 0.138264
0.251736 0.137491
0.231771 0.13681
0.253472 0.136234
0.239583 0.135701
0.240451 0.13521
0.263889 0.134823
0.269965 0.13416
0.237847 0.133282
0.230035 0.132488
0.21875 0.131791
0.190972 0.131075
0.180556 0.130338
0.190972 0.12966
0.194444 0.129049
0.205729 0.128578
0.216146 0.127942
0.222222 0.126954
0.207465 0.12596
0.208333 0.125391
0.225694 0.124878
0.190972 0.1242
0.189236 0.123589
0.190972 0.122915
0.194444 0.122384
0.210938 0.121785
0.213542 0.121279
0.200521 0.120649
0.188368 0.120049
0.146701 0.119298
0.153646 0.118651
0.176215 0.117978
0.158854 0.117564
0.190972 0.116841
0.220486 0.116315
0.229167 0.115779
0.231771 0.11516
0.240451 0.114571
0.233507 0.114057
0.241319 0.113456
0.199653 0.113121
0.203125 0.113067
0.22309 0.11296
0.235243 0.11271
0.222222 0.112515
0.207465 0.11215
0.199653 0.112173
0.205729 0.112146
0.225694 0.112293
0.264757 0.112343
0.268229 0.112549
0.282986 0.112803
0.277778 0.113038
0.250868 0.113316
0.239583 0.113455
0.22309 0.113885
0.234375 0.114172
0.248264 0.114618
0.27691 0.115017
0.297743 0.115028
0.27691 0.114828
0.289062 0.114817
0.252604 0.114858
0.242188 0.115049
0.235243 0.115648
0.243056 0.11626
0.267361 0.116829
0.256944 0.11721
0.249132 0.117339
0.224826 0.117372
0.208333 0.117339
0.202257 0.117422
0.197049 0.11757
0.186632 0.117912
0.201389 0.117983
0.19184 0.117892
0.178819 0.117722
0.175347 0.117713
0.176215 0.117963
0.18316 0.118598
0.195312 0.119477
0.167535 0.120249
0.190972 0.121097
0.196181 0.121944
0.194444 0.122616
0.184028 0.123323
0.203993 0.123618
0.16059 0.12417
0.145833 0.124877
0.162326 0.125443
0.212674 0.125841
0.203993 0.125964
0.237847 0.126328
0.253472 0.126615
0.228299 0.127204
0.219618 0.127893
0.247396 0.128698
0.228299 0.129406
0.243056 0.129995
0.261285 0.130343
0.243924 0.130777
0.271701 0.131286
0.289931 0.131773
0.306424 0.132284
0.310764 0.132809
0.304688 0.133343
0.267361 0.134045
0.284722 0.134954
0.30816 0.135609
0.306424 0.136158
0.284722 0.136547
0.279514 0.136653
0.266493 0.136926
0.260417 0.137116
0.231771 0.137307
0.224826 0.137672
0.252604 0.138015
0.289931 0.138148
0.263889 0.138069
0.251736 0.138011
0.227431 0.137943
0.186632 0.137788
0.18316 0.137944
0.1875 0.138642
0.203993 0.139483
0.19184 0.14022
0.210069 0.140975
0.201389 0.141782
0.192708 0.142628
0.181424 0.143259
0.185764 0.144054
0.18316 0.144682
0.131944 0.145714
0.179688 0.147059
0.158854 0.148266
0.170139 0.149685
0.170139 0.150958
0.171007 0.152128
0.18316 0.152996
0.154514 0.153669
0.157118 0.154294
0.162326 0.15513
0.147569 0.155764
0.171875 0.156217
0.170139 0.156894
0.148438 0.157311
0.154514 0.15784
0.179688 0.158426
0.169271 0.159188
0.166667 0.159789
0.166667 0.160272
0.178819 0.160717
0.184028 0.161182
0.168403 0.16151
0.146701 0.161827
0.157986 0.16219
0.179688 0.162142
0.167535 0.162146
0.148438 0.162161
0.1875 0.162184
0.211806 0.162452
0.181424 0.162674
0.177083 0.163077
0.203125 0.163287
0.197917 0.163394
0.167535 0.163526
0.158854 0.163806
0.147569 0.164033
0.178819 0.164268
0.178819 0.164266
0.190104 0.164327
0.15191 0.164516
0.171007 0.164685
0.135417 0.165007
0.108507 0.165623
0.121528 0.166301
0.0894097 0.166785
0.0989583 0.167023
0.0972222 0.16695
0.116319 0.166909
0.150174 0.16676
0.110243 0.166551
0.118056 0.166444
0.134549 0.166294
0.127604 0.166198
0.115451 0.166163
0.113715 0.166012
0.137153 0.165882
0.155382 0.165579
0.171007 0.165101
0.169271 0.164582
0.170139 0.164068
0.197049 0.163627
0.193576 0.163569
0.197049 0.163707
0.22309 0.164243
0.241319 0.164623
0.223958 0.16515
0.223958 0.165758
0.210938 0.166282
0.206597 0.166793
0.182292 0.16735
0.185764 0.167801
0.207465 0.168283
0.257812 0.168806
0.257812 0.16913
0.273438 0.169504
0.289062 0.169766
0.259549 0.170166
0.282118 0.170663
0.264757 0.17111
0.268229 0.171938
0.265625 0.172594
0.28559 0.173177
0.287326 0.173666
0.282986 0.174277
0.288194 0.175095
0.278646 0.176018
0.269097 0.176951
0.291667 0.17809
0.267361 0.17913
0.255208 0.180091
0.249132 0.181032
0.243924 0.181646
0.216146 0.182105
0.228299 0.182823
0.222222 0.183391
0.233507 0.183936
0.230035 0.184346
0.237847 0.184776
0.242188 0.18519
0.224826 0.185558
0.233507 0.185937
0.270833 0.186612
0.278646 0.187295
0.272569 0.188139
0.279514 0.188922
0.290799 0.189954
0.293403 0.190815
0.311632 0.191651
0.335938 0.192464
0.362847 0.193068
0.341146 0.193758
0.304688 0.194735
0.313368 0.195955
0.311632 0.197268
0.286458 0.198507
0.283854 0.199721
0.296875 0.200933
0.28559 0.201925
0.289062 0.202526
0.317708 0.202749
0.325521 0.202833
0.348958 0.202885
0.328125 0.202606
0.350694 0.202476
0.344618 0.202654
0.341146 0.203168
0.341146 0.203558
0.351562 0.204309
0.334201 0.204917
0.317708 0.205394
0.303819 0.205739
0.302951 0.20596
0.341146 0.205922
0.309028 0.205595
0.313368 0.2054
0.317708 0.205144
0.271701 0.204737
0.271701 0.204499
0.282118 0.204112
0.282986 0.203356
0.289931 0.20269
0.268229 0.20191
0.270833 0.201263
0.287326 0.200582
0.277778 0.199727
0.276042 0.198783
0.279514 0.198082
0.247396 0.197342
0.234375 0.196706
0.227431 0.195951
0.189236 0.195322
0.196181 0.194548
0.197917 0.193877
0.213542 0.1933
0.210069 0.192726
0.217014 0.191809
0.233507 0.191241
0.25434 0.19052
0.21875 0.189599
0.221354 0.188531
0.222222 0.187239
0.235243 0.186074
0.236111 0.18491
0.217882 0.183943
0.212674 0.183328
0.208333 0.182437
0.184028 0.181523
0.190972 0.180762
0.193576 0.180087
0.197917 0.179414
0.210069 0.178709
0.231771 0.178255
0.226562 0.177839
0.248264 0.177531
0.266493 0.177179
0.258681 0.17669
0.263021 0.176149
0.272569 0.175573
0.291667 0.174906
0.270833 0.174256
0.259549 0.173568
0.219618 0.172761
0.186632 0.172025
0.173611 0.171342
0.186632 0.170711
0.184028 0.169985
0.201389 0.169318
0.199653 0.16862
0.203993 0.167972
0.234375 0.166978
0.232639 0.165951
0.244792 0.165311
0.230903 0.164704
0.255208 0.163994
0.239583 0.163502
0.230035 0.163187
0.255208 0.16293
0.273438 0.16248
0.266493 0.161838
0.282986 0.160668
0.302951 0.159575
0.286458 0.158522
0.289931 0.1574
0.258681 0.156214
0.238715 0.15531
0.224826 0.154429
0.197917 0.153503
0.186632 0.153051
0.207465 0.15241
0.200521 0.151487
0.208333 0.150397
0.230903 0.14939
0.209201 0.14841
0.206597 0.147661
0.200521 0.146758
0.157986 0.145918
0.158854 0.145087
0.179688 0.14454
0.176215 0.143673
0.207465 0.142792
0.222222 0.141731
0.205729 0.140647
0.21441 0.139266
0.194444 0.137903
0.194444 0.136736
0.208333 0.135432
0.203993 0.13367
0.164931 0.131741
0.177083 0.12985
0.184896 0.128118
0.182292 0.12646
0.190972 0.125071
0.18316 0.123711
0.159722 0.122569
0.172743 0.121324
0.151042 0.119789
0.152778 0.118223
0.180556 0.11679
0.197917 0.115423
0.202257 0.114617
0.226562 0.113794
0.212674 0.112629
0.194444 0.111624
0.194444 0.110571
0.157118 0.109652
0.175347 0.108867
0.190104 0.108214
0.210069 0.107627
0.186632 0.107239
0.220486 0.107125
0.221354 0.106806
0.205729 0.106585
0.234375 0.106594
0.222222 0.106562
0.240451 0.106606
0.232639 0.106806
0.25 0.107129
0.226562 0.10766
0.244792 0.107879
0.236979 0.108022
0.257812 0.108106
0.250868 0.10788
0.230035 0.107915
0.223958 0.107876
0.221354 0.108046
0.221354 0.108437
0.203993 0.108913
0.231771 0.109759
0.230035 0.11063
0.237847 0.111539
0.243056 0.112399
0.241319 0.112911
0.25434 0.113315
0.256076 0.113843
0.279514 0.114418
0.263021 0.114983
0.242188 0.115744
0.275174 0.116562
0.297743 0.117365
0.293403 0.117903
0.287326 0.118389
0.259549 0.118838
0.244792 0.119236
0.263889 0.119954
0.271701 0.120646
0.276042 0.121112
0.269097 0.121444
0.324653 0.121779
0.329861 0.121753
0.302083 0.121377
0.307292 0.121352
0.31684 0.121251
0.310764 0.120738
0.295139 0.120326
0.309896 0.119972
0.317708 0.119951
0.337674 0.119833
0.355903 0.119541
0.373264 0.119096
0.383681 0.118777
0.382812 0.118309
0.383681 0.11786
0.367188 0.117154
0.374132 0.11626
0.396701 0.11494
0.390625 0.113632
0.394097 0.112466
0.401042 0.111525
0.396701 0.110598
0.358507 0.109954
0.324653 0.109062
0.324653 0.108388
0.332465 0.107711
0.282118 0.107091
0.255208 0.106994
0.261285 0.106732
0.273438 0.106511
0.277778 0.106019
0.261285 0.105477
0.27691 0.105178
0.266493 0.104918
0.258681 0.104508
0.294271 0.104216
0.287326 0.103805
0.309896 0.10325
0.265625 0.1029
0.251736 0.102488
0.278646 0.101954
0.296875 0.101606
0.304688 0.101083
0.304688 0.100507
0.318576 0.0998731
0.317708 0.0992631
0.291667 0.0984126
0.276042 0.097952
0.251736 0.0973575
0.28559 0.0968387
0.270833 0.0964266
0.295139 0.0962243
0.298611 0.0957162
0.304688 0.0951589
0.300347 0.0945786
0.311632 0.0938904
0.318576 0.0932293
0.294271 0.0924362
0.269097 0.0918073
0.231771 0.0913728
0.252604 0.0909422
0.234375 0.0902304
0.238715 0.0898096
0.243056 0.0893547
0.258681 0.0889429
0.263889 0.0885462
0.251736 0.0882253
0.247396 0.0880776
0.232639 0.0877655
0.259549 0.0876417
0.238715 0.0875937
0.237847 0.0876356
0.252604 0.0873237
0.282118 0.0869852
0.299479 0.0861766
0.293403 0.085321
0.330729 0.0844878
0.299479 0.0836112
0.298611 0.0827076
0.340278 0.0819062
0.365451 0.0808651
0.373264 0.0797814
0.382812 0.0786976
0.375 0.0775431
0.371528 0.076535
0.342014 0.0756506
0.341146 0.0747986
0.348958 0.0737415
0.354167 0.0726307
0.326389 0.0714921
0.368924 0.0702227
0.371528 0.0688429
0.393229 0.0673207
0.408854 0.0659977
0.400174 0.0644777
0.387153 0.0627949
0.405382 0.0611195
0.409722 0.0594842
0.407118 0.0578148
0.376736 0.0559924
0.371528 0.0543122
0.392361 0.0526205
0.419271 0.0512182
0.419271 0.0492301
0.405382 0.047069
0.40191 0.0449181
0.373264 0.0432274
0.393229 0.0415633
0.40191 0.0397487
0.382812 0.0379999
0.40191 0.0359771
0.390625 0.0343085
0.402778 0.0325566
0.411458 0.030946
0.439236 0.029311
0.439236 0.0277036
0.394097 0.026052
0.407986 0.0246098
0.394965 0.0229696
0.397569 0.0209928
0.37934 0.0191496
0.375868 0.0174392
0.374132 0.0155173
0.397569 0.0135195
0.402778 0.0115945
0.398438 0.00967334
0.409722 0.00772867
0.418403 0.00585498
0.41059 0.00408278
0.399306 0.00251718
0.404514 0.000957555
0.41059 -0.000464823
0.399306 -0.00172452
0.422743 -0.00259746
0.449653 -0.00346408
0.442708 -0.00418389
0.412326 -0.00503686
0.353299 -0.00598858
0.350694 -0.00703063
0.355903 -0.00798487
0.324653 -0.00896297
0.333333 -0.0099656
0.366319 -0.011292
0.380208 -0.0126633
0.383681 -0.0140041
0.385417 -0.0154986
0.384549 -0.0170226
0.367188 -0.0183796
0.354167 -0.0194932
0.368056 -0.0205015
0.349826 -0.0215369
0.351562 -0.0226678
0.372396 -0.0238976
0.34375 -0.0254996
0.348958 -0.0268828
0.37066 -0.0284858
0.373264 -0.0301741
0.355035 -0.0318661
0.327257 -0.0333174
0.331597 -0.0350498
0.342014 -0.0364689
0.361979 -0.0380224
0.356771 -0.0395548
0.342014 -0.0409254
0.335069 -0.0420901
0.342014 -0.0434891
0.362847 -0.0447668
0.342014 -0.0463598
0.315972 -0.0478384
0.342014 -0.0496173
0.352431 -0.0513787
0.324653 -0.0529986
0.347222 -0.0544946
0.377604 -0.0559789
0.335069 -0.0577957
0.315104 -0.0593121
0.337674 -0.0605137
0.351562 -0.0617615
0.359375 -0.0629643
0.367188 -0.064066
0.321181 -0.0650522
0.290799 -0.0658448
0.322917 -0.0664789
0.340278 -0.0670653
0.328125 -0.0675403
0.310764 -0.0683403
0.33941 -0.0693018
0.355903 -0.0702481
0.377604 -0.071321
0.376736 -0.0725903
0.356771 -0.0738974
0.34809 -0.0752246
0.328993 -0.0765762
0.328125 -0.0777769
0.348958 -0.079164
0.347222 -0.0804096
0.354167 -0.0815357
0.368056 -0.0826576
0.382812 -0.0835724
0.365451 -0.0845344
0.349826 -0.0855278
0.376736 -0.0864743
0.357639 -0.0874338
0.333333 -0.0883858
0.33941 -0.08966
0.340278 -0.0911
0.357639 -0.0926794
0.355903 -0.0944038
0.365451 -0.0963559
0.353299 -0.0983366
0.323785 -0.100269
0.31684 -0.102133
0.342014 -0.103986
0.342014 -0.105982
0.319444 -0.10784
0.326389 -0.109557
0.329861 -0.111302
0.324653 -0.112928
0.322917 -0.114359
0.315972 -0.115444
0.330729 -0.1162
0.329861 -0.117206
0.340278 -0.117909
0.342882 -0.118821
0.327257 -0.119721
0.318576 -0.120559
0.315972 -0.121711
0.297743 -0.12243
0.303819 -0.122794
0.309896 -0.123244
0.304688 -0.123754
0.298611 -0.124241
0.309896 -0.124631
0.286458 -0.125083
0.314236 -0.12541
0.309896 -0.125485
0.319444 -0.125801
0.333333 -0.126492
0.340278 -0.127233
0.371528 -0.127924
0.34809 -0.128694
0.340278 -0.129132
0.365451 -0.12962
0.363715 -0.130289
0.335069 -0.130969
0.318576 -0.131839
0.307292 -0.132648
0.340278 -0.133396
0.321181 -0.134167
0.333333 -0.134704
0.307292 -0.135251
0.319444 -0.135955
0.326389 -0.136731
0.342882 -0.137072
0.331597 -0.13772
0.321181 -0.138676
0.287326 -0.139473
0.283854 -0.140171
0.292535 -0.141047
0.240451 -0.141953
0.228299 -0.142714
0.1875 -0.143387
0.184028 -0.143752
0.171007 -0.144312
0.190972 -0.14469
0.21875 -0.145521
0.204861 -0.146492
0.224826 -0.147759
0.177083 -0.148917
0.171007 -0.150011
0.165799 -0.1511
0.142361 -0.152039
0.125 -0.152677
0.0998264 -0.153256
0.0902778 -0.153822
0.107639 -0.154357
0.0755208 -0.154901
0.0659722 -0.15541
0.0685764 -0.156211
0.0911458 -0.157065
0.111111 -0.157907
0.118924 -0.15881
0.122396 -0.159788
0.113715 -0.160767
0.131076 -0.162026
0.134549 -0.163258
0.113715 -0.164344
0.113715 -0.165334
0.115451 -0.166014
0.12934 -0.166472
0.127604 -0.167076
0.0763889 -0.16756
0.0928819 -0.168403
0.134549 -0.169035
0.141493 -0.169973
0.152778 -0.170577
0.164931 -0.171678
0.178819 -0.172807
0.1875 -0.174171
0.181424 -0.175529
0.128472 -0.176922
0.134549 -0.178151
0.131076 -0.179177
0.0963542 -0.179794
0.0998264 -0.180422
0.125 -0.181073
0.0972222 -0.182259
0.0928819 -0.183308
0.112847 -0.184378
0.135417 -0.185383
0.162326 -0.186712
0.127604 -0.188
0.108507 -0.189194
0.118056 -0.190443
0.114583 -0.191584
0.134549 -0.192722
0.123264 -0.193934
0.136285 -0.195045
0.146701 -0.195957
0.122396 -0.1968
0.117188 -0.197569
0.102431 -0.198381
0.0902778 -0.199021
0.078125 -0.199703
0.100694 -0.200812
0.101562 -0.202327
0.0998264 -0.203721
0.0928819 -0.205275
0.0954861 -0.206851
0.0815972 -0.20833
0.0486111 -0.209876
0.0434028 -0.211369
0.0659722 -0.213104
0.109375 -0.214986
0.112847 -0.216801
0.128472 -0.218596
0.113715 -0.220331
0.0980903 -0.222159
0.108507 -0.223711
0.0824653 -0.225418
0.078125 -0.226823
0.0598958 -0.228609
0.0364583 -0.230338
0.0303819 -0.231981
0.00434028 -0.233868
0.0130208 -0.235795
0.0104167 -0.237377
0.0190972 -0.23903
0.0234375 -0.240877
0.00520833 -0.242351
0.0329861 -0.243919
0.0295139 -0.245337
0.0295139 -0.2466
0.0555556 -0.247806
0.0598958 -0.249019
0.0798611 -0.250147
0.0920139 -0.251509
0.0711806 -0.252999
0.0746528 -0.254356
0.0607639 -0.255833
0.0217014 -0.257358
0.0217014 -0.259016
0.0130208 -0.260804
0.0078125 -0.262516
0.00694444 -0.264056
0 -0.265447
0.0130208 -0.266921
0.0338542 -0.268422
0.0477431 -0.269984
0.0755208 -0.271555
0.0633681 -0.272901
0.0798611 -0.273946
0.103299 -0.275138
0.0998264 -0.276689
0.122396 -0.278369
0.141493 -0.280208
0.164931 -0.28249
0.171007 -0.284833
0.150174 -0.28702
0.148438 -0.289027
0.174479 -0.290868
0.176215 -0.292452
0.170139 -0.29385
0.167535 -0.295028
0.158854 -0.296042
0.162326 -0.297173
0.139757 -0.298183
0.127604 -0.299024
0.102431 -0.300201
0.0885417 -0.301466
0.0885417 -0.302668
0.104167 -0.303986
0.0729167 -0.305341
0.0616319 -0.306358
0.0963542 -0.307346
0.118056 -0.308225
0.118924 -0.309211
0.127604 -0.310288
0.169271 -0.311314
0.121528 -0.312374
0.106771 -0.313438
0.0998264 -0.314487
0.125868 -0.315526
0.135417 -0.316199
0.125868 -0.316551
0.0720486 -0.317105
0.0590278 -0.317553
0.0321181 -0.318304
0.0164931 -0.318732
0.0520833 -0.319341
0.0425347 -0.319889
0.0503472 -0.32043
0.0373264 -0.320847
0.0390625 -0.321073
0.0494792 -0.321766
0.0199653 -0.32208
0.0503472 -0.322481
0.03125 -0.322928
0.0425347 -0.323486
0.0486111 -0.324104
0.0373264 -0.324783
0.0564236 -0.325193
0.0486111 -0.325348
0.0546875 -0.325531
0.0529514 -0.325904
0.0138889 -0.32612
0.0260417 -0.326243
0.0147569 -0.326531
0.0190972 -0.326524
0.0277778 -0.326568
0.03125 -0.326386
0.0277778 -0.326025
0.0399306 -0.325684
0.0269097 -0.325301
0.0381944 -0.325061
0.0486111 -0.324918
0.046875 -0.32468
0.0477431 -0.324452
0.0598958 -0.324733
0.0685764 -0.32479
0.0460069 -0.324864
0.0798611 -0.324769
0.0633681 -0.324752
0.0703125 -0.324794
0.0399306 -0.324709
0.0182292 -0.324918
0.0477431 -0.325029
0.0572917 -0.325097
0.0625 -0.325062
0.0642361 -0.325158
0.0633681 -0.325127
0.0946181 -0.325133
0.131944 -0.32479
0.115451 -0.324389
0.121528 -0.324044
0.131944 -0.32358
0.126736 -0.323223
0.118056 -0.322635
0.0972222 -0.321664
0.100694 -0.320767
0.111979 -0.319823
0.102431 -0.319026
0.12066 -0.318807
0.131076 -0.318655
0.122396 -0.318538
0.144965 -0.318489
0.150174 -0.318653
0.188368 -0.318885
0.199653 -0.319218
0.210938 -0.319485
0.24566 -0.319839
0.21875 -0.320056
0.200521 -0.320168
0.175347 -0.320212
0.173611 -0.31994
0.179688 -0.319824
0.155382 -0.319938
0.144097 -0.320288
0.148438 -0.32051
0.162326 -0.320654
0.171875 -0.321123
0.118056 -0.321603
0.113715 -0.321551
0.115451 -0.3214
0.0980903 -0.320926
0.0850694 -0.32062
0.0633681 -0.320678
0.0347222 -0.320638
0.0581597 -0.320358
0.0807292 -0.319995
0.0946181 -0.320029
0.119792 -0.319872
0.0963542 -0.319605
0.0989583 -0.319128
0.0789931 -0.318647
0.0590278 -0.318322
0.046875 -0.318031
0.0642361 -0.317981
0.0572917 -0.318312
0.0954861 -0.318415
0.0850694 -0.318516
0.106771 -0.318437
0.0772569 -0.318696
0.0668403 -0.318563
0.0911458 -0.318269
0.12066 -0.318192
0.121528 -0.31835
0.12934 -0.318693
0.0876736 -0.319003
0.127604 -0.318911
0.0954861 -0.319215
0.0746528 -0.319239
0.0850694 -0.319229
0.117188 -0.319413
0.111111 -0.319519
0.128472 -0.319804
0.117188 -0.320496
0.134549 -0.321037
0.131944 -0.321408
0.148438 -0.321492
0.140625 -0.321658
0.0946181 -0.321559
0.147569 -0.321402
0.123264 -0.321396
0.0998264 -0.320976
0.0963542 -0.320419
0.0876736 -0.31978
0.0859375 -0.318808
0.12066 -0.318021
0.137153 -0.31748
0.132812 -0.31708
0.112847 -0.316894
0.0928819 -0.316824
0.0564236 -0.316647
0.0746528 -0.316117
0.0651042 -0.315185
0.110243 -0.314344
0.0859375 -0.313535
0.0720486 -0.312815
0.0625 -0.311969
0.0868056 -0.310665
0.0833333 -0.309613
0.0798611 -0.308418
0.0677083 -0.307519
0.0729167 -0.306462
0.0677083 -0.305631
0.0859375 -0.305066
0.0885417 -0.304128
0.109375 -0.303463
0.101562 -0.302914
0.130208 -0.302261
0.145833 -0.301811
0.141493 -0.301534
0.118924 -0.301077
0.107639 -0.300848
0.0954861 -0.300361
0.0998264 -0.299765
0.126736 -0.299362
0.122396 -0.298801
0.110243 -0.29798
0.0885417 -0.297253
0.0529514 -0.296668
0.0451389 -0.295853
0.0329861 -0.29484
0.0486111 -0.293729
0.0338542 -0.292531
0.00694444 -0.291344
0.0355903 -0.290085
0.0121528 -0.289006
0.03125 -0.287643
0.0269097 -0.286204
0.0590278 -0.284765
0.0677083 -0.283679
0.0685764 -0.282432
0.0581597 -0.281272
0.0668403 -0.279967
0.0572917 -0.27897
0.0494792 -0.277781
0.0451389 -0.276794
0.0486111 -0.27615
0.0225694 -0.275596
0.0104167 -0.275136
0.00954861 -0.274753
0.0295139 -0.274565
0.0633681 -0.274252
0.100694 -0.274098
0.0859375 -0.273819
0.0902778 -0.273819
0.125 -0.274058
0.12934 -0.274673
0.150174 -0.275128
0.12934 -0.275689
0.118924 -0.276316
0.0954861 -0.276633
0.0807292 -0.276731
0.0625 -0.276709
0.0651042 -0.276618
0.0373264 -0.276676
0.0277778 -0.276918
0.0407986 -0.276983
0.0286458 -0.27703
0.0390625 -0.277288
0.0503472 -0.277143
0.0390625 -0.277204
0.0572917 -0.277253
0.0147569 -0.277545
0.0277778 -0.277542
0.0164931 -0.277316
0.0460069 -0.277152
0.0286458 -0.2775
0.0416667 -0.277377
0.0225694 -0.277174
0.00520833 -0.276813
0.00173611 -0.276389
0.0381944 -0.275839
0.0477431 -0.275243
0.0373264 -0.275121
0.0668403 -0.274943
0.0633681 -0.274671
0.0737847 -0.274291
0.0928819 -0.274182
0.0894097 -0.274053
0.0876736 -0.273453
0.133681 -0.273006
0.142361 -0.272507
0.131944 -0.271806
0.122396 -0.271015
0.102431 -0.270138
0.123264 -0.269339
0.145833 -0.268901
0.138889 -0.268596
0.157986 -0.268432
0.164062 -0.268333
0.15191 -0.268386
0.177083 -0.268374
0.162326 -0.26828
0.150174 -0.267979
0.12934 -0.267779
0.117188 -0.267562
0.128472 -0.267115
0.171875 -0.26682
0.172743 -0.266646
0.167535 -0.266417
0.126736 -0.265821
0.117188 -0.265047
0.108507 -0.264168
0.144097 -0.26339
0.139757 -0.262888
0.159722 -0.262577
0.152778 -0.262652
0.144965 -0.262609
0.149306 -0.262349
0.145833 -0.262396
0.165799 -0.262302
0.184896 -0.261996
0.16059 -0.261683
0.142361 -0.261268
0.167535 -0.260309
0.197917 -0.259378
0.150174 -0.258726
0.12934 -0.25769
0.110243 -0.256688
0.106771 -0.255868
0.0902778 -0.254797
0.0989583 -0.253797
0.114583 -0.252153
0.138021 -0.250389
0.109375 -0.249464
0.127604 -0.248436
0.144097 -0.247591
0.164062 -0.246822
0.182292 -0.246286
0.162326 -0.245396
0.174479 -0.244401
0.174479 -0.243596
0.157118 -0.242827
0.1875 -0.241606
0.18316 -0.240405
0.194444 -0.239329
0.15625 -0.23809
0.144965 -0.236534
0.140625 -0.235052
0.145833 -0.233812
0.140625 -0.232649
0.185764 -0.231417
0.215278 -0.230448
0.222222 -0.229479
0.190972 -0.228755
0.157118 -0.227843
0.15191 -0.226853
0.176215 -0.225735
0.154514 -0.225098
0.130208 -0.224426
0.12066 -0.223734
0.126736 -0.222726
0.126736 -0.221825
0.102431 -0.221081
0.127604 -0.220431
0.104167 -0.219839
0.111979 -0.219304
0.142361 -0.218883
0.144965 -0.218501
0.12934 -0.218107
0.102431 -0.217684
0.114583 -0.21709
0.132812 -0.216228
0.150174 -0.215718
0.155382 -0.215285
0.138889 -0.214769
0.175347 -0.214405
0.173611 -0.214167
0.197049 -0.214021
0.167535 -0.213836
0.151042 -0.214
0.175347 -0.213982
0.169271 -0.214163
0.123264 -0.214184
0.171875 -0.213894
0.171007 -0.213866
0.177083 -0.213467
0.19184 -0.213292
0.192708 -0.213367
0.21441 -0.213481
0.215278 -0.213293
0.236979 -0.212806
0.238715 -0.212339
0.204861 -0.211826
0.213542 -0.21151
0.190972 -0.211169
0.185764 -0.210706
0.179688 -0.210244
0.190104 -0.209626
0.154514 -0.209394
0.159722 -0.209322
0.148438 -0.209533
0.171875 -0.209614
0.166667 -0.209556
0.141493 -0.209361
0.149306 -0.20886
0.133681 -0.208391
0.12066 -0.20786
0.0894097 -0.206983
0.0685764 -0.206015
0.0859375 -0.205118
0.0737847 -0.204211
0.0572917 -0.203176
0.078125 -0.202078
0.0868056 -0.200979
0.0295139 -0.200289
0.0373264 -0.199466
0.0104167 -0.198884
0.0234375 -0.19828
0.00607639 -0.197821
0.0104167 -0.197371
0 -0.19698
0.015625 -0.196398
0.0338542 -0.195648
0.0451389 -0.194945
0.0460069 -0.193914
0.0876736 -0.192879
0.0850694 -0.19201
0.0598958 -0.191028
0.0737847 -0.190051
0.0815972 -0.189092
0.0859375 -0.188519
0.0755208 -0.187562
0.0842014 -0.186613
0.0729167 -0.185802
0.0980903 -0.185
0.0789931 -0.184525
0.0590278 -0.184281
0.0807292 -0.183906
0.132812 -0.183911
0.117188 -0.184058
0.127604 -0.184192
0.130208 -0.184222
0.166667 -0.184059
0.157118 -0.183952
0.162326 -0.183855
0.143229 -0.183666
0.157118 -0.183903
0.169271 -0.184162
0.181424 -0.184395
0.206597 -0.18459
0.197049 -0.185083
0.197917 -0.185569
0.227431 -0.18562
0.269097 -0.185429
0.27691 -0.185448
0.250868 -0.185598
0.261285 -0.185471
0.252604 -0.1854
0.21441 -0.185525
0.21441 -0.185689
0.242188 -0.185738
0.263889 -0.185795
0.279514 -0.185798
0.283854 -0.18546
0.280382 -0.185277
0.28125 -0.185307
0.296875 -0.185669
0.336806 -0.185748
0.333333 -0.185732
0.317708 -0.185819
0.328125 -0.186115
0.331597 -0.186373
0.324653 -0.186519
0.289931 -0.186501
0.292535 -0.186318
0.297743 -0.186333
0.289931 -0.186614
0.309028 -0.186932
0.311632 -0.187337
0.322917 -0.18769
0.309028 -0.187963
0.291667 -0.188164
0.307292 -0.188169
0.294271 -0.187879
0.320312 -0.187595
0.304688 -0.187201
0.282118 -0.186706
0.297743 -0.186042
0.297743 -0.185189
0.334201 -0.184098
0.293403 -0.183344
0.268229 -0.182312
0.268229 -0.18122
0.284722 -0.180121
0.295139 -0.178849
0.329861 -0.177992
0.326389 -0.177197
0.330729 -0.175823
0.328125 -0.174953
0.325521 -0.174128
0.362847 -0.173225
0.345486 -0.172358
0.349826 -0.171581
0.348958 -0.171088
0.362847 -0.170297
0.363715 -0.169642
0.384549 -0.168771
0.401042 -0.167942
0.401042 -0.166983
0.386285 -0.166269
0.372396 -0.165286
0.362847 -0.164291
0.348958 -0.163188
0.367188 -0.162091
0.353299 -0.160657
0.352431 -0.159228
0.336806 -0.157812
0.348958 -0.156298
0.355035 -0.154727
0.361111 -0.153273
0.345486 -0.151669
0.414062 -0.150209
0.394965 -0.148992
0.407118 -0.147893
0.411458 -0.146794
0.413194 -0.145936
0.429688 -0.145057
0.447917 -0.144173
0.446181 -0.14351
0.430556 -0.143
0.458333 -0.142233
0.472222 -0.141753
0.46875 -0.141035
0.469618 -0.140245
0.482639 -0.139559
0.497396 -0.139148
0.514757 -0.138943
0.517361 -0.138754
0.498264 -0.138311
0.472222 -0.137718
0.481771 -0.137119
0.479167 -0.136839
0.436632 -0.136458
0.439236 -0.135495
0.426215 -0.134325
0.40191 -0.13312
0.385417 -0.13173
0.375 -0.130891
0.357639 -0.130156
0.341146 -0.129658
0.359375 -0.129224
0.322917 -0.128949
0.315104 -0.128671
0.313368 -0.128285
0.282986 -0.127735
0.303819 -0.127313
0.298611 -0.126925
0.3125 -0.126712
0.301215 -0.126563
0.326389 -0.126129
0.332465 -0.12606
0.33941 -0.126226
0.318576 -0.126462
0.322049 -0.126739
0.355903 -0.127072
0.335938 -0.127532
0.332465 -0.128187
0.307292 -0.128836
0.286458 -0.129616
0.24566 -0.130389
0.243056 -0.13084
0.266493 -0.131393
0.259549 -0.132374
0.27691 -0.133232
0.289931 -0.13428
0.311632 -0.135163
0.318576 -0.136079
0.287326 -0.1373
0.28125 -0.138236
0.295139 -0.139253
0.277778 -0.140272
0.283854 -0.141195
0.268229 -0.142089
0.257812 -0.142537
0.301215 -0.142844
0.259549 -0.143196
0.274306 -0.143341
0.271701 -0.143311
0.286458 -0.143558
0.299479 -0.143917
0.315104 -0.144121
0.311632 -0.144359
0.289062 -0.144616
0.274306 -0.144923
0.305556 -0.145007
0.309028 -0.144895
0.314236 -0.144633
0.345486 -0.144458
0.331597 -0.144548
0.310764 -0.144935
0.315104 -0.145548
0.322049 -0.14657
0.335069 -0.14748
0.332465 -0.148592
0.327257 -0.149577
0.326389 -0.15033
0.349826 -0.151044
0.345486 -0.152087
0.358507 -0.153165
0.368056 -0.154302
0.383681 -0.155501
0.367188 -0.156561
0.355903 -0.157422
0.335069 -0.158327
0.338542 -0.15965
0.347222 -0.161085
0.34375 -0.162719
0.325521 -0.164218
0.311632 -0.165765
0.325521 -0.167264
0.342882 -0.168543
0.369792 -0.170053
0.368056 -0.171432
0.373264 -0.172934
0.341146 -0.174233
0.322917 -0.175527
0.313368 -0.177162
0.311632 -0.178494
0.329861 -0.179912
0.332465 -0.181186
0.318576 -0.182796
0.344618 -0.184801
0.349826 -0.187207
0.372396 -0.189522
0.384549 -0.192134
0.408854 -0.194602
0.407118 -0.197096
0.430556 -0.199386
0.436632 -0.201567
0.385417 -0.203491
0.351562 -0.205405
0.356771 -0.207205
0.355903 -0.208813
0.361979 -0.210146
0.358507 -0.211538
0.355035 -0.212805
0.371528 -0.214021
0.362847 -0.215313
0.390625 -0.216796
0.397569 -0.218264
0.382812 -0.219852
0.414062 -0.221362
0.397569 -0.22301
0.385417 -0.224343
0.388021 -0.225544
0.414931 -0.226485
0.389757 -0.227309
0.421875 -0.227912
0.418403 -0.228825
0.423611 -0.229814
0.411458 -0.230809
0.361111 -0.231916
0.346354 -0.232962
0.378472 -0.23373
0.387153 -0.234564
0.345486 -0.235261
0.352431 -0.236058
0.367188 -0.236937
0.394097 -0.237821
0.369792 -0.238845
0.354167 -0.240419
0.363715 -0.241662
0.349826 -0.242843
0.362847 -0.243852
0.361111 -0.244743
0.342014 -0.24536
0.330729 -0.245748
0.328125 -0.246184
0.321181 -0.246511
0.328993 -0.246784
0.314236 -0.247429
0.323785 -0.247611
0.353299 -0.247926
0.351562 -0.248439
0.359375 -0.248959
0.350694 -0.249441
0.349826 -0.249695
0.338542 -0.249871
0.361111 -0.250006
0.365451 -0.250396
0.369792 -0.251079
0.351562 -0.25166
0.363715 -0.252184
0.382812 -0.252704
0.394097 -0.253338
0.415799 -0.253887
0.429688 -0.254414
0.445312 -0.255032
0.445312 -0.255415
0.480035 -0.255666
0.522569 -0.256089
0.541667 -0.256381
0.521701 -0.256843
0.521701 -0.257144
0.512153 -0.257214
0.518229 -0.257285
0.549479 -0.257323
0.55816 -0.257198
0.568576 -0.257019
0.579861 -0.25651
0.582465 -0.255815
0.571181 -0.255184
0.5625 -0.254754
0.536458 -0.254464
0.545139 -0.254083
0.560764 -0.253754
0.578125 -0.2534
0.569444 -0.252953
0.601562 -0.252387
0.59809 -0.252176
0.600694 -0.25179
0.609375 -0.251469
0.609375 -0.250943
0.587674 -0.25054
0.577257 -0.250119
0.599826 -0.250121
0.595486 -0.249889
0.572049 -0.249424
0.603299 -0.248392
0.599826 -0.247908
0.581597 -0.247397
0.588542 -0.246779
0.576389 -0.246652
0.573785 -0.24655
0.582465 -0.246443
0.564236 -0.246736
0.550347 -0.246718
0.53125 -0.246715
0.53559 -0.246121
0.547743 -0.245553
0.546875 -0.244861
0.540799 -0.244514
0.516493 -0.244081
0.53125 -0.243428
0.52691 -0.242668
0.508681 -0.242199
0.493924 -0.241755
0.511285 -0.241128
0.484375 -0.240336
0.493924 -0.239535
0.477431 -0.238791
0.479167 -0.237972
0.450521 -0.236955
0.429688 -0.236281
0.448785 -0.235165
0.455729 -0.234202
0.450521 -0.233159
0.46875 -0.232242
0.465278 -0.230999
0.473958 -0.229832
0.46441 -0.228771
0.488715 -0.227594
0.478299 -0.226615
0.491319 -0.225735
0.481771 -0.225075
0.475694 -0.224449
0.461806 -0.223751
0.47309 -0.222773
0.477431 -0.221969
0.478299 -0.221087
0.479167 -0.220093
0.481771 -0.219391
0.460069 -0.218876
0.422743 -0.218332
0.423611 -0.21735
0.426215 -0.216308
0.431424 -0.215678
0.427083 -0.215182
0.465278 -0.214371
0.482639 -0.213758
0.503472 -0.212544
0.461806 -0.211323
0.446181 -0.210025
0.445312 -0.208479
0.440104 -0.206944
0.456597 -0.205384
0.440104 -0.203894
0.438368 -0.202437
0.435764 -0.201057
0.440104 -0.199588
0.462674 -0.198063
0.442708 -0.196422
0.444444 -0.194619
0.427083 -0.193023
0.416667 -0.19139
0.452257 -0.189881
0.453993 -0.188532
0.445312 -0.187334
0.43316 -0.18607
0.44184 -0.184727
0.44184 -0.183544
0.443576 -0.182322
0.416667 -0.181239
0.407118 -0.180049
0.369792 -0.178652
0.34375 -0.17709
0.356771 -0.175439
0.361979 -0.174012
0.345486 -0.172676
0.371528 -0.171355
0.394965 -0.169916
0.400174 -0.168508
0.371528 -0.167369
0.394965 -0.165853
0.346354 -0.164846
0.330729 -0.163704
0.349826 -0.162659
0.353299 -0.161596
0.335069 -0.160345
0.366319 -0.158945
0.377604 -0.157766
0.378472 -0.157093
0.407986 -0.157011
0.442708 -0.157499
0.425347 -0.15791
0.439236 -0.157927
0.451389 -0.158172
0.431424 -0.15807
0.434896 -0.158099
0.421007 -0.158024
0.403646 -0.158009
0.396701 -0.157626
0.43316 -0.157123
0.395833 -0.156927
0.380208 -0.156859
0.358507 -0.156895
0.337674 -0.157291
0.342882 -0.157532
0.353299 -0.157931
0.354167 -0.158518
0.33941 -0.159075
0.34375 -0.159986
0.332465 -0.161365
0.351562 -0.162324
0.37066 -0.163697
0.387153 -0.164917
0.381076 -0.166227
0.404514 -0.167311
0.381944 -0.168336
0.376736 -0.169372
0.362847 -0.170425
0.344618 -0.171484
0.33941 -0.172438
0.360243 -0.173429
0.359375 -0.174758
0.365451 -0.175805
0.331597 -0.176603
0.364583 -0.177085
0.388021 -0.177917
0.362847 -0.179067
0.358507 -0.180352
0.350694 -0.181607
0.360243 -0.18267
0.361111 -0.183845
0.360243 -0.184789
0.364583 -0.185363
0.334201 -0.185883
0.337674 -0.186366
0.331597 -0.187114
0.31684 -0.187785
0.323785 -0.18834
0.302083 -0.188904
0.333333 -0.1894
0.342882 -0.189673
0.37066 -0.190074
0.356771 -0.190387
0.351562 -0.190536
0.338542 -0.190907
0.33941 -0.191478
0.341146 -0.192247
0.361111 -0.1929
0.374132 -0.193936
0.341146 -0.194947
0.345486 -0.19576
0.345486 -0.196852
0.363715 -0.198252
0.389757 -0.19957
0.368056 -0.200965
0.365451 -0.202557
0.368924 -0.204124
0.355903 -0.205699
0.361111 -0.206774
0.423611 -0.207357
0.419271 -0.207927
0.438368 -0.208441
0.434896 -0.208883
0.447917 -0.2092
0.454861 -0.209567
0.450521 -0.209794
0.434896 -0.209977
0.444444 -0.209942
0.497396 -0.210406
0.489583 -0.210872
0.548611 -0.211619
0.520833 -0.212706
0.493056 -0.213767
0.489583 -0.214634
0.516493 -0.215519
0.5 -0.216193
0.500868 -0.21626
0.502604 -0.216122
0.540799 -0.215557
0.530382 -0.215342
0.538194 -0.215266
0.552083 -0.215512
0.572917 -0.216265
0.573785 -0.217199
0.631944 -0.21834
0.634549 -0.219812
0.640625 -0.221526
0.621528 -0.222911
0.58941 -0.224109
0.585938 -0.225173
0.590278 -0.226715
0.596354 -0.228042
0.607639 -0.229374
0.59809 -0.230521
0.618056 -0.231721
0.626736 -0.233314
0.603299 -0.235337
0.617188 -0.23683
0.610243 -0.238572
0.602431 -0.240801
0.58941 -0.242614
0.573785 -0.243969
0.591146 -0.245308
0.591146 -0.246657
0.538194 -0.247929
0.565104 -0.248955
0.594618 -0.250269
0.597222 -0.252111
0.572049 -0.253808
0.571181 -0.255392
0.553819 -0.256713
0.556424 -0.257997
0.523438 -0.259207
0.49566 -0.260442
0.508681 -0.261681
0.484375 -0.263158
0.473958 -0.26419
0.482639 -0.265361
0.471354 -0.266433
0.481771 -0.267433
0.466146 -0.268874
0.485243 -0.270116
0.488715 -0.271126
0.470486 -0.272075
0.46441 -0.272644
0.478299 -0.273125
0.499132 -0.27397
0.50434 -0.274773
0.507812 -0.275465
0.519097 -0.275788
0.523438 -0.27582
0.506944 -0.276139
0.514757 -0.276065
0.516493 -0.276195
0.491319 -0.276304
0.480035 -0.276538
0.446181 -0.276486
0.445312 -0.276424
0.417535 -0.276375
0.401042 -0.27616
0.400174 -0.275908
0.414931 -0.275414
0.421007 -0.274734
0.44184 -0.274149
0.439236 -0.273764
0.430556 -0.272957
0.427083 -0.272333
0.440972 -0.271697
0.448785 -0.271154
0.480035 -0.270606
0.452257 -0.270531
0.450521 -0.269796
0.451389 -0.269183
0.439236 -0.268279
0.469618 -0.267222
0.428819 -0.266405
0.388889 -0.265553
0.385417 -0.264436
0.414931 -0.26353
0.431424 -0.262452
0.434896 -0.261787
0.4375 -0.260743
0.412326 -0.259839
0.423611 -0.258677
0.423611 -0.257531
0.421875 -0.256476
0.386285 -0.255453
0.413194 -0.25402
0.447917 -0.252794
0.407118 -0.251799
0.407118 -0.250651
0.408854 -0.249769
0.425347 -0.248978
0.450521 -0.248319
0.436632 -0.247595
0.463542 -0.246245
0.483507 -0.245062
0.493924 -0.2441
0.501736 -0.243015
0.483507 -0.242062
0.461806 -0.240858
0.453993 -0.239704
0.481771 -0.239012
0.470486 -0.238605
0.445312 -0.238255
0.439236 -0.237797
0.436632 -0.237396
0.385417 -0.237065
0.388889 -0.236433
0.407118 -0.235855
0.408854 -0.235512
0.398438 -0.235143
0.413194 -0.234784
0.438368 -0.234398
0.476562 -0.233719
0.472222 -0.233232
0.471354 -0.232516
0.466146 -0.231947
0.438368 -0.230837
0.440104 -0.229625
0.420139 -0.228478
0.400174 -0.227229
0.398438 -0.226053
0.395833 -0.225176
0.40191 -0.224339
0.41059 -0.223105
0.386285 -0.221681
0.381944 -0.220296
0.378472 -0.218357
0.363715 -0.216608
0.362847 -0.214722
0.382812 -0.213077
0.361111 -0.211334
0.356771 -0.209386
0.332465 -0.207237
0.364583 -0.205138
0.362847 -0.203157
0.345486 -0.201492
0.331597 -0.1997
0.334201 -0.197617
0.350694 -0.195434
0.368056 -0.193821
0.357639 -0.192179
0.355903 -0.190554
0.355903 -0.188713
0.346354 -0.186671
0.345486 -0.184067
0.344618 -0.181719
0.344618 -0.179357
0.363715 -0.176911
0.327257 -0.174254
0.319444 -0.171417
0.330729 -0.168697
0.360243 -0.166369
0.366319 -0.16396
0.381076 -0.161881
0.392361 -0.160208
0.41059 -0.158726
0.405382 -0.156917
0.407118 -0.154986
0.408854 -0.153239
0.41059 -0.151662
0.385417 -0.150234
0.37934 -0.148723
0.391493 -0.147128
0.37934 -0.146042
0.386285 -0.144966
0.372396 -0.143979
0.405382 -0.143054
0.417535 -0.142335
0.454861 -0.141752
0.460069 -0.141103
0.466146 -0.140811
0.452257 -0.140478
0.435764 -0.13995
0.417535 -0.139346
0.388021 -0.138421
0.381944 -0.137541
0.384549 -0.136405
0.385417 -0.135276
0.400174 -0.133895
0.414062 -0.133042
0.405382 -0.13256
0.371528 -0.132147
0.342014 -0.131242
0.361111 -0.130219
0.365451 -0.129008
0.361979 -0.127934
0.34809 -0.127268
0.353299 -0.126263
0.394965 -0.125565
0.387153 -0.124673
0.390625 -0.123476
0.376736 -0.122226
0.375 -0.120807
0.393229 -0.119349
0.425347 -0.117929
0.424479 -0.117034
0.420139 -0.116183
0.421007 -0.11516
0.407118 -0.114463
0.387153 -0.113747
0.377604 -0.11319
0.387153 -0.11277
0.397569 -0.112201
0.401042 -0.111395
0.424479 -0.110698
0.440972 -0.110136
0.459201 -0.109425
0.407986 -0.108743
0.408854 -0.107938
0.420139 -0.106909
0.419271 -0.106396
0.402778 -0.105974
0.365451 -0.10572
0.335069 -0.105193
0.323785 -0.104104
0.365451 -0.10278
0.380208 -0.101928
0.373264 -0.101239
0.363715 -0.100331
0.387153 -0.0992258
0.363715 -0.0982887
0.381076 -0.0973377
0.37066 -0.0968583
0.381076 -0.096161
0.388021 -0.0952142
0.421875 -0.094058
0.387153 -0.0934761
0.386285 -0.0925644
0.399306 -0.0917974
0.414931 -0.0912584
0.448785 -0.0905459
0.417535 -0.0900682
0.453993 -0.0895751
0.447049 -0.0894281
0.446181 -0.0889997
0.453125 -0.0882484
0.428819 -0.0876108
0.453993 -0.086863
0.444444 -0.0864731
0.428819 -0.0859292
0.443576 -0.0851195
0.463542 -0.0842506
0.450521 -0.0837032
0.426215 -0.0831911
0.436632 -0.0824949
0.425347 -0.0817761
0.40191 -0.0809243
0.415799 -0.0798728
0.421875 -0.078551
0.415799 -0.0778341
0.392361 -0.0770642
0.355035 -0.076213
0.351562 -0.0755232
0.341146 -0.0751908
0.352431 -0.0748117
0.365451 -0.0743698
0.394097 -0.0735515
0.385417 -0.0731076
0.394965 -0.0727374
0.421007 -0.0719688
0.407986 -0.071311
0.417535 -0.0708974
0.405382 -0.0700145
0.455729 -0.0690148
0.456597 -0.0684339
0.450521 -0.0677045
0.467014 -0.0667732
0.5 -0.0659506
0.521701 -0.065376
0.513889 -0.0648224
0.519097 -0.0646198
0.50434 -0.0645311
0.534722 -0.0644457
0.546875 -0.0652446
0.55816 -0.0660908
0.538194 -0.0672249
0.555556 -0.0686519
0.572049 -0.0703346
0.585938 -0.0723528
0.609375 -0.0742732
0.627604 -0.07615
0.663194 -0.0776333
0.638021 -0.0793083
0.662326 -0.0806562
0.630208 -0.082079
0.638021 -0.0833233
0.626736 -0.0844108
0.614583 -0.0855319
0.624132 -0.0866235
0.623264 -0.0881638
0.619792 -0.0897598
0.637153 -0.0912869
0.627604 -0.0932004
0.618924 -0.0952325
0.602431 -0.0969709
0.62066 -0.0986388
0.66059 -0.100157
0.671875 -0.102389
0.663194 -0.104551
0.668403 -0.10692
0.680556 -0.109253
0.684896 -0.111802
0.676215 -0.115007
0.663194 -0.118204
0.644097 -0.121358
0.657986 -0.124331
0.634549 -0.126873
0.624132 -0.129432
0.601562 -0.132174
0.622396 -0.134837
0.643229 -0.137681
0.65625 -0.140511
0.638021 -0.143369
0.625 -0.145928
0.639757 -0.148147
0.625 -0.150606
0.604167 -0.152903
0.605035 -0.154948
0.591146 -0.156762
0.569444 -0.158841
0.549479 -0.160754
0.500868 -0.16321
0.506076 -0.165292
0.52691 -0.167722
0.547743 -0.170478
0.533854 -0.173374
0.52691 -0.17598
0.499132 -0.178149
0.467014 -0.180303
0.465278 -0.182253
0.482639 -0.184186
0.459201 -0.185898
0.481771 -0.187359
0.477431 -0.189141
0.50434 -0.191124
0.486111 -0.19324
0.480903 -0.195135
0.486979 -0.196678
0.486111 -0.19801
0.483507 -0.199354
0.496528 -0.200836
0.489583 -0.202253
0.494792 -0.20391
0.46875 -0.205565
0.458333 -0.207077
0.458333 -0.208549
0.483507 -0.210311
0.511285 -0.212347
0.496528 -0.214343
0.478299 -0.216286
0.478299 -0.218457
0.481771 -0.220404
0.456597 -0.222275
0.447049 -0.223957
0.443576 -0.225682
0.446181 -0.227485
0.423611 -0.229377
0.380208 -0.231118
0.392361 -0.23265
0.375868 -0.234264
0.359375 -0.236094
0.357639 -0.237396
0.385417 -0.238536
0.355903 -0.23963
0.326389 -0.240774
0.313368 -0.24156
0.324653 -0.242316
0.322917 -0.243094
0.324653 -0.244007
0.332465 -0.245288
0.336806 -0.246414
0.337674 -0.247665
0.324653 -0.248672
0.310764 -0.248955
0.315972 -0.248927
0.286458 -0.249056
0.283854 -0.249015
0.269097 -0.249102
0.277778 -0.248873
0.252604 -0.248551
0.252604 -0.247713
0.252604 -0.246926
0.262153 -0.246078
0.253472 -0.245348
0.274306 -0.244729
0.288194 -0.243965
0.3125 -0.244013
0.333333 -0.244146
0.347222 -0.244111
0.363715 -0.244628
0.355903 -0.245195
0.381944 -0.245823
0.382812 -0.246444
0.400174 -0.247239
0.411458 -0.247639
0.40625 -0.248052
0.37066 -0.248525
0.357639 -0.248634
0.401042 -0.248483
0.411458 -0.248715
0.394097 -0.248933
0.396701 -0.248801
0.417535 -0.24882
0.421875 -0.24917
0.412326 -0.249552
0.436632 -0.250261
0.424479 -0.251101
0.438368 -0.2517
0.403646 -0.252622
0.424479 -0.253439
0.447049 -0.254844
0.435764 -0.255956
0.444444 -0.257093
0.426215 -0.258483
0.421007 -0.259651
0.411458 -0.260664
0.411458 -0.261293
0.409722 -0.261588
0.407986 -0.261729
0.416667 -0.261835
0.426215 -0.262014
0.429688 -0.262476
0.413194 -0.263249
0.403646 -0.263602
0.391493 -0.264076
0.398438 -0.26407
0.376736 -0.263988
0.369792 -0.264046
0.384549 -0.26395
0.405382 -0.263861
0.424479 -0.263948
0.431424 -0.264163
0.426215 -0.264658
0.428819 -0.265378
0.443576 -0.26588
0.43316 -0.265989
0.400174 -0.266052
0.395833 -0.266009
0.390625 -0.265809
0.375 -0.265735
0.378472 -0.265859
0.367188 -0.265947
0.345486 -0.266384
0.359375 -0.266899
0.361979 -0.267241
0.360243 -0.267327
0.37066 -0.267328
0.393229 -0.267096
0.348958 -0.267095
0.344618 -0.266766
0.357639 -0.266137
0.352431 -0.26574
0.337674 -0.26564
0.337674 -0.265068
0.319444 -0.264761
0.311632 -0.264588
0.342014 -0.264174
0.322917 -0.263645
0.286458 -0.263083
0.302951 -0.262481
0.275174 -0.261618
0.286458 -0.260574
0.256944 -0.259581
0.275174 -0.258338
0.266493 -0.257103
0.284722 -0.255823
0.307292 -0.254562
0.288194 -0.253641
0.319444 -0.252406
0.289062 -0.251248
0.305556 -0.249587
0.323785 -0.248406
0.357639 -0.247579
0.381944 -0.246675
0.375868 -0.24602
0.372396 -0.245654
0.395833 -0.24479
0.414062 -0.244379
0.426215 -0.243569
0.444444 -0.243348
0.446181 -0.24324
0.449653 -0.242875
0.449653 -0.242177
0.453993 -0.241569
0.44184 -0.240839
0.438368 -0.239747
0.421007 -0.238804
0.46441 -0.237665
0.427083 -0.236904
0.421875 -0.235671
0.429688 -0.234319
0.414062 -0.232932
0.381944 -0.231277
0.364583 -0.229616
0.363715 -0.227883
0.367188 -0.2265
0.355903 -0.225149
0.358507 -0.223537
0.33941 -0.221498
0.347222 -0.219486
0.363715 -0.217632
0.355035 -0.216152
0.371528 -0.21507
0.363715 -0.214412
0.368924 -0.21394
0.362847 -0.213762
0.358507 -0.213625
0.365451 -0.213228
0.356771 -0.212328
0.358507 -0.21148
0.346354 -0.210586
0.385417 -0.210328
0.388021 -0.209922
0.388021 -0.209755
0.368924 -0.210016
0.355035 -0.209689
0.362847 -0.208883
0.369792 -0.208091
0.350694 -0.20746
0.331597 -0.207229
0.335069 -0.206956
0.342014 -0.20654
0.309896 -0.206516
0.315972 -0.207092
0.306424 -0.2079
0.3125 -0.208557
0.328993 -0.209131
0.323785 -0.208995
0.347222 -0.208767
0.353299 -0.208425
0.371528 -0.207818
0.40625 -0.207328
0.391493 -0.207343
0.421875 -0.206502
0.451389 -0.205484
0.442708 -0.204311
0.462674 -0.203047
0.46441 -0.202076
0.460938 -0.201069
0.44184 -0.199955
0.480903 -0.198908
0.475694 -0.197917
0.481771 -0.197427
0.507812 -0.19637
0.496528 -0.195408
0.5 -0.194371
0.508681 -0.193172
0.490451 -0.192267
0.494792 -0.191313
0.510417 -0.191106
0.546007 -0.191221
0.540799 -0.191997
0.565972 -0.192859
0.571181 -0.19361
0.536458 -0.194227
0.52691 -0.194874
0.539931 -0.19531
0.528646 -0.195604
0.524306 -0.196212
0.502604 -0.196211
0.509549 -0.196076
0.545139 -0.195964
0.519097 -0.196147
0.506076 -0.196059
0.498264 -0.196264
0.460938 -0.196861
0.422743 -0.196963
0.403646 -0.196994
0.396701 -0.197464
0.342882 -0.19771
0.380208 -0.197831
0.387153 -0.198238
0.413194 -0.198521
0.405382 -0.198905
0.404514 -0.199049
0.414062 -0.199423
0.394965 -0.200255
0.401042 -0.201106
0.412326 -0.201894
0.413194 -0.202105
0.423611 -0.20215
0.44184 -0.202664
0.460938 -0.203615
0.456597 -0.204827
0.450521 -0.206219
0.418403 -0.207626
0.395833 -0.208819
0.425347 -0.209792
0.430556 -0.210828
0.402778 -0.211789
0.397569 -0.212634
0.408854 -0.21374
0.460069 -0.21496
0.476562 -0.216742
0.459201 -0.218665
0.459201 -0.220067
0.480035 -0.221634
0.483507 -0.223187
0.494792 -0.224844
0.501736 -0.226869
0.511285 -0.228936
0.516493 -0.230832
0.516493 -0.232527
0.518229 -0.234429
0.496528 -0.236235
0.481771 -0.237552
0.46441 -0.238557
0.492188 -0.239442
0.477431 -0.24074
0.476562 -0.241891
0.487847 -0.243312
0.457465 -0.244992
0.444444 -0.246268
0.449653 -0.247695
0.428819 -0.249428
0.44184 -0.251195
0.460938 -0.252895
0.477431 -0.254665
0.484375 -0.256509
0.493056 -0.258042
0.475694 -0.25913
0.479167 -0.260001
0.470486 -0.260607
0.46441 -0.261137
0.442708 -0.26204
0.417535 -0.262841
0.401042 -0.26365
0.421007 -0.264399
0.418403 -0.265447
0.414062 -0.266417
0.384549 -0.267545
0.401042 -0.268363
0.372396 -0.268774
0.386285 -0.269587
0.37934 -0.270249
0.374132 -0.270718
0.373264 -0.271179
0.366319 -0.271338
0.354167 -0.270951
0.37066 -0.269814
0.37066 -0.268864
0.355903 -0.268085
0.363715 -0.267474
0.355035 -0.267331
0.37066 -0.267034
0.423611 -0.26681
0.412326 -0.266847
0.417535 -0.26674
0.387153 -0.266629
0.398438 -0.266292
0.388889 -0.265503
0.389757 -0.264667
0.423611 -0.26369
0.447917 -0.26285
0.436632 -0.262234
0.450521 -0.261516
0.454861 -0.261197
0.459201 -0.260923
0.421875 -0.260648
0.440972 -0.2604
0.421007 -0.260322
0.431424 -0.259776
0.445312 -0.258999
0.473958 -0.258323
0.440104 -0.257447
0.470486 -0.256295
0.450521 -0.255681
0.4375 -0.255052
0.4375 -0.254264
0.447049 -0.253614
0.456597 -0.252503
0.452257 -0.251075
0.447049 -0.249281
0.41059 -0.247765
0.404514 -0.246137
0.395833 -0.24471
0.395833 -0.243019
0.388889 -0.241789
0.417535 -0.240708
0.419271 -0.240238
0.415799 -0.239427
0.463542 -0.238778
0.507812 -0.237958
0.540799 -0.237533
0.546007 -0.236907
0.569444 -0.236157
0.56684 -0.235064
0.539931 -0.234253
0.511285 -0.232958
0.5 -0.231641
0.489583 -0.230302
0.482639 -0.228668
0.469618 -0.226935
0.470486 -0.225607
0.470486 -0.224852
0.4375 -0.224161
0.420139 -0.223441
0.424479 -0.222664
0.397569 -0.221557
0.408854 -0.22048
0.40625 -0.219342
0.403646 -0.217978
0.394097 -0.216657
0.427951 -0.215163
0.440972 -0.213811
0.46441 -0.213067
0.458333 -0.21239
0.408854 -0.211992
0.382812 -0.211203
0.374132 -0.209776
0.371528 -0.208051
0.368924 -0.206514
0.391493 -0.20488
0.380208 -0.203194
0.402778 -0.201328
0.418403 -0.199584
0.424479 -0.197793
0.435764 -0.195874
0.394097 -0.193971
0.402778 -0.19193
0.392361 -0.189579
0.396701 -0.187398
0.394965 -0.185522
0.368924 -0.183896
0.350694 -0.182166
0.349826 -0.180278
0.34375 -0.178496
0.34809 -0.176797
0.340278 -0.175017
0.345486 -0.172884
0.328125 -0.170732
0.318576 -0.168448
0.333333 -0.165598
0.279514 -0.162812
0.258681 -0.159671
0.246528 -0.156474
0.255208 -0.152868
0.28125 -0.149392
0.267361 -0.145926
0.240451 -0.142567
0.247396 -0.139606
0.252604 -0.136581
0.246528 -0.133378
0.318576 -0.130611
0.31684 -0.128067
0.292535 -0.125532
0.306424 -0.123364
0.301215 -0.121352
0.269097 -0.118959
0.275174 -0.116679
0.277778 -0.114391
0.260417 -0.111996
0.305556 -0.109161
0.306424 -0.106824
0.31684 -0.104286
0.290799 -0.101721
0.288194 -0.0988354
0.295139 -0.0957071
0.293403 -0.0928793
0.270833 -0.0898555
0.273438 -0.086658
0.280382 -0.0832436
0.265625 -0.0797159
0.239583 -0.075935
0.235243 -0.0724972
0.223958 -0.069284
0.226562 -0.0666768
0.223958 -0.0642982
0.220486 -0.0617959
0.225694 -0.0595926
0.262153 -0.0576981
0.237847 -0.0559861
0.256944 -0.0536371
0.21875 -0.0512898
0.230903 -0.0488001
0.251736 -0.0462835
0.240451 -0.043699
0.243056 -0.0409197
0.217014 -0.0381428
0.204861 -0.0356458
0.185764 -0.0328442
0.215278 -0.0295599
0.216146 -0.0267451
0.250868 -0.0236764
0.292535 -0.0207871
0.307292 -0.0182863
0.297743 -0.0161772
0.271701 -0.0141176
0.301215 -0.0122206
0.315104 -0.0104601
0.334201 -0.00897748
0.310764 -0.00730372
0.290799 -0.00551293
0.280382 -0.00339511
0.284722 -0.00147233
0.275174 -8.49614e-05
0.323785 0.00116412
0.309896 0.00221537
0.289931 0.00309505
0.294271 0.00363057
0.292535 0.00463689
0.314236 0.00587389
0.298611 0.00688722
0.305556 0.00775706
0.297743 0.00826611
0.282118 0.00878042
0.28125 0.00886818
0.273438 0.00930088
0.298611 0.00955368
0.314236 0.00971626
0.310764 0.00989687
0.317708 0.0102186
0.292535 0.0101983
0.271701 0.0107141
0.249132 0.0113725
0.235243 0.0115155
0.244792 0.0122721
0.230035 0.0129203
0.251736 0.0128771
0.265625 0.0126631
0.272569 0.0127921
0.274306 0.0130199
0.302083 0.0134421
0.30816 0.0142973
0.301215 0.0151402
0.279514 0.0162036
0.263021 0.0171792
0.269965 0.0180732
0.302083 0.0191229
0.311632 0.0205248
0.289062 0.0213041
0.295139 0.0217038
0.297743 0.0219182
0.322049 0.0220371
0.302951 0.0224007
0.306424 0.0223196
0.310764 0.0219496
0.287326 0.0219855
0.309028 0.0220115
0.300347 0.0220567
0.294271 0.0225544
0.314236 0.0232339
0.325521 0.0239825
0.332465 0.024757
0.37066 0.0255076
0.342882 0.0262089
0.335069 0.0274805
0.34375 0.028647
0.355903 0.0298853
0.356771 0.0308401
0.340278 0.0315013
0.345486 0.0319923
0.361979 0.0324941
0.372396 0.0326536
0.338542 0.033053
0.356771 0.0337839
0.365451 0.0340576
0.400174 0.0344443
0.416667 0.0343314
0.415799 0.0345412
0.426215 0.0344532
0.427083 0.0343455
0.442708 0.0339379
0.452257 0.033635
0.473958 0.0335365
0.509549 0.0331636
0.543403 0.0329744
0.568576 0.0323947
0.547743 0.0314877
0.53559 0.030318
0.547743 0.0294609
0.514757 0.0285169
0.515625 0.0277195
0.53559 0.0276976
0.540799 0.0275802
0.553819 0.0272847
0.551215 0.0269025
0.572049 0.0259356
0.549479 0.0249387
0.554688 0.0242365
0.557292 0.0237139
0.559896 0.0233076
0.577257 0.0230517
0.606771 0.0223475
0.649306 0.0215918
0.647569 0.0206901
0.663194 0.0199961
0.650174 0.0191296
0.646701 0.0181055
0.640625 0.0172306
0.664062 0.017044
0.684028 0.016832
0.701389 0.0165012
0.684896 0.016073
0.701389 0.0154774
0.671007 0.0143262
0.655382 0.0133076
0.671007 0.0123957
0.663194 0.0119023
0.672743 0.0116498
0.675347 0.0115596
0.649306 0.0115467
0.633681 0.0114912
0.619792 0.0112228
0.631944 0.011269
0.609375 0.0110885
0.623264 0.0109349
0.606771 0.0108567
0.614583 0.0111831
0.631076 0.0111697
0.590278 0.0107497
0.597222 0.0105305
0.612847 0.0100556
0.592014 0.00933554
0.578125 0.0089291
0.582465 0.00854027
0.578125 0.00803947
0.599826 0.00754459
0.597222 0.00698758
0.615451 0.00621447
0.581597 0.0053227
0.599826 0.00440424
0.594618 0.00350582
0.601562 0.00298747
0.606771 0.00261851
0.633681 0.00202919
0.630208 0.00145765
0.631076 0.00145706
0.649306 0.00106716
0.625868 3.10398e-05
0.613715 -0.000556636
0.645833 -0.00119859
0.638889 -0.00179708
0.657118 -0.00195294
0.637153 -0.00161337
0.651042 -0.00123008
0.668403 -0.000852224
0.689236 -0.000637586
0.689236 -0.000448909
0.657986 -0.000570515
0.634549 -0.000466981
0.639757 -8.14186e-05
0.600694 1.84526e-06
0.591146 0.000395557
0.614583 0.000970707
0.598958 0.001301
0.614583 0.00173255
0.631076 0.00189611
0.635417 0.00230522
0.640625 0.00224797
0.633681 0.00182469
0.639757 0.00131446
0.659722 0.00139808
0.671875 0.00128498
0.697049 0.000211816
0.692708 -0.0010125
0.703125 -0.00189195
0.694444 -0.00303777
0.711806 -0.00455496
0.741319 -0.00596097
0.755208 -0.006814
0.743056 -0.00815778
0.724826 -0.00902397
0.728299 -0.00973636
0.698785 -0.010438
0.690104 -0.0109551
0.677951 -0.0110016
0.663194 -0.0112942
0.618056 -0.0118474
0.618056 -0.0120265
0.583333 -0.0125335
0.581597 -0.0131182
0.580729 -0.0137262
0.587674 -0.0145651
0.630208 -0.0153791
0.611979 -0.0159175
0.611111 -0.0159782
0.612847 -0.0160503
0.638889 -0.0156975
0.632812 -0.0150731
0.634549 -0.0148116
0.621528 -0.0145393
0.644965 -0.0139767
0.636285 -0.0134344
0.623264 -0.0132605
0.641493 -0.0132548
0.618056 -0.013522
0.606771 -0.0136601
0.608507 -0.0136267
0.600694 -0.0135116
0.59375 -0.0136058
0.605903 -0.013606
0.561632 -0.0138019
0.5625 -0.0136577
0.560764 -0.0134602
0.502604 -0.0129712
0.499132 -0.0115106
0.518229 -0.010181
0.525174 -0.00927305
0.540799 -0.00851626
0.560764 -0.00772589
0.532118 -0.00704011
0.511285 -0.00604431
0.523438 -0.00500583
0.529514 -0.00412493
0.519097 -0.00309077
0.527778 -0.00246348
0.571181 -0.00176918
0.556424 -0.00114445
0.540799 -0.000231733
0.546007 0.000890458
0.523438 0.00238788
0.510417 0.00411366
0.505208 0.0057332
0.514757 0.00734117
0.507812 0.00937675
0.502604 0.0113684
0.52691 0.0132037
0.509549 0.0146988
0.494792 0.0165301
0.479167 0.0183955
0.455729 0.019748
0.442708 0.0206562
0.434028 0.0221392
0.444444 0.0236323
0.440104 0.0253733
0.431424 0.0270108
0.43316 0.0287011
0.426215 0.0306225
0.434896 0.032436
0.460069 0.0340066
0.462674 0.0355029
0.455729 0.0369877
0.463542 0.0389636
0.436632 0.0403351
0.467014 0.0419023
0.444444 0.0436442
0.459201 0.0452697
0.470486 0.0470275
0.467014 0.048771
0.473958 0.0504758
0.483507 0.0524279
0.46441 0.0543906
0.487847 0.0563282
0.49566 0.058233
0.543403 0.0605072
0.552951 0.0627919
0.557292 0.0653102
0.552083 0.0680359
0.546007 0.0708011
0.567708 0.073797
0.537326 0.0763816
0.528646 0.0789558
0.538194 0.081528
0.509549 0.0836499
0.527778 0.0858613
0.536458 0.0880016
0.526042 0.090276
0.545139 0.0930712
0.577257 0.0957207
0.5625 0.0982447
0.559028 0.101476
0.563368 0.104046
0.590278 0.106732
0.591146 0.109009
0.572049 0.110828
0.584201 0.112773
0.575521 0.114892
0.577257 0.116605
0.577257 0.118842
0.58941 0.120578
0.608507 0.121787
0.615451 0.123007
0.580729 0.125085
0.595486 0.127355
0.611979 0.129467
0.611979 0.131603
0.604167 0.133237
0.612847 0.134973
0.577257 0.136252
0.579861 0.138056
0.554688 0.139911
0.551215 0.142333
0.545139 0.145033
0.519097 0.147743
0.517361 0.150362
0.519097 0.153018
0.554688 0.155843
0.548611 0.158554
0.567708 0.161451
0.590278 0.163838
0.599826 0.166453
0.583333 0.16913
0.576389 0.171265
0.561632 0.173377
0.577257 0.175273
0.580729 0.177016
0.580729 0.178133
0.592014 0.179561
0.570312 0.181192
0.598958 0.183056
0.596354 0.183985
0.601562 0.184622
0.59375 0.184832
0.55816 0.185334
0.553819 0.185677
0.552083 0.185944
0.564236 0.185918
0.546875 0.186468
0.559028 0.186843
0.591146 0.187128
0.598958 0.186768
0.595486 0.186895
0.622396 0.186998
0.607639 0.187304
0.613715 0.187244
0.617188 0.187068
0.601562 0.187413
0.613715 0.187739
0.633681 0.187566
0.637153 0.187861
0.644097 0.187537
0.647569 0.187026
0.631944 0.186466
0.634549 0.185841
0.633681 0.185475
0.657986 0.185272
0.677951 0.184786
0.699653 0.184467
0.688368 0.183807
0.677083 0.183567
0.672743 0.183099
0.671007 0.182921
0.679688 0.183131
0.637153 0.183774
0.644965 0.184519
0.631944 0.185269
0.612847 0.185949
0.595486 0.186877
0.605903 0.187313
0.615451 0.187737
0.598958 0.188057
0.632812 0.18812
0.631944 0.18769
0.62066 0.187506
0.628472 0.187095
0.631076 0.186881
0.613715 0.186113
0.643229 0.185831
0.672743 0.185616
0.689236 0.185578
0.703993 0.185331
0.694444 0.184744
0.696181 0.184309
0.72309 0.183909
0.694444 0.183755
0.65191 0.18308
0.617188 0.182826
0.594618 0.182802
0.612847 0.182826
0.636285 0.182694
0.632812 0.18233
0.641493 0.181757
0.647569 0.180908
0.62066 0.180192
0.625868 0.179866
0.641493 0.178832
0.622396 0.177891
0.613715 0.177346
0.605903 0.175975
0.600694 0.174167
0.628472 0.172949
0.659722 0.171489
0.642361 0.170309
0.66059 0.169103
0.68316 0.167393
0.709201 0.165441
0.700521 0.163842
0.723958 0.161962
0.729167 0.160511
0.715278 0.159176
0.71875 0.158403
0.695312 0.157271
0.711806 0.155845
0.706597 0.154419
0.705729 0.152909
0.721354 0.15141
0.703993 0.149579
0.726562 0.147441
0.697049 0.145048
0.716146 0.142627
0.688368 0.140175
0.702257 0.137802
0.710938 0.13591
0.713542 0.134191
0.740451 0.132583
0.730903 0.131349
0.730035 0.130381
0.741319 0.129005
0.748264 0.127734
0.738715 0.126374
0.730903 0.125204
0.725694 0.124126
0.71441 0.123299
0.68316 0.12208
0.715278 0.121163
0.731771 0.119568
0.725694 0.117274
0.736111 0.115084
0.735243 0.113138
0.717882 0.110844
0.737847 0.108072
0.729167 0.105269
0.728299 0.102656
0.716146 0.0995652
0.717014 0.0960929
0.697049 0.0931382
0.700521 0.0908854
0.670139 0.0888857
0.655382 0.0871685
0.657986 0.0854551
0.666667 0.0843003
0.69184 0.0825575
0.690104 0.0803982
0.700521 0.0779745
0.713542 0.0753492
0.68316 0.0727709
0.664931 0.0700055
0.672743 0.0672875
0.681424 0.0648744
0.686632 0.0631951
0.704861 0.0616924
0.688368 0.0596843
0.657118 0.0572891
0.634549 0.0547446
0.647569 0.0527641
0.642361 0.0509189
0.611979 0.049792
0.614583 0.0487891
0.612847 0.0478342
0.606771 0.0466571
0.604167 0.0452167
0.622396 0.0437289
0.648438 0.0424941
0.676215 0.0408243
0.651042 0.0391437
0.654514 0.0375209
0.703993 0.0358231
0.690972 0.0333238
0.703993 0.0308402
0.682292 0.0284212
0.709201 0.026913
0.719618 0.0254844
0.708333 0.0243769
0.701389 0.0229778
0.684896 0.0213492
0.693576 0.0200928
0.698785 0.0185176
0.701389 0.0163107
0.698785 0.0146571
0.722222 0.0130759
0.710938 0.0109003
0.701389 0.00894616
0.702257 0.00718435
0.709201 0.00544194
0.706597 0.00382088
0.699653 0.00195693
0.664062 8.49196e-05
0.667535 -0.00186838
0.663194 -0.00382996
0.680556 -0.00626825
0.693576 -0.00873045
0.728299 -0.0111103
0.692708 -0.0135491
0.694444 -0.0158072
0.639757 -0.0179016
0.606771 -0.0197199
0.599826 -0.020662
0.602431 -0.0218956
0.584201 -0.0235389
0.576389 -0.0244718
0.570312 -0.0251903
0.557292 -0.0255097
0.582465 -0.0253389
0.635417 -0.0252834
0.664062 -0.025224
0.634549 -0.0253505
0.637153 -0.0250593
0.645833 -0.0247738
0.611979 -0.0241488
0.604167 -0.0241705
0.597222 -0.0242799
0.600694 -0.0243032
0.582465 -0.0241483
0.623264 -0.0232273
0.646701 -0.0220868
0.631076 -0.020618
0.618924 -0.019194
0.602431 -0.017966
0.603299 -0.0167033
0.628472 -0.0158843
0.644097 -0.0154132
0.680556 -0.0145867
0.700521 -0.0138715
0.670139 -0.0133361
0.668403 -0.0132075
0.682292 -0.0135186
0.690104 -0.0139184
0.668403 -0.0144304
0.637153 -0.0147811
0.622396 -0.0143063
0.636285 -0.0142352
0.622396 -0.0140992
0.623264 -0.0135611
0.585069 -0.0125032
0.564236 -0.0117608
0.578993 -0.0106724
0.568576 -0.0096182
0.571181 -0.00852489
0.53559 -0.0071534
0.524306 -0.00613884
0.517361 -0.0051517
0.514757 -0.00408422
0.503472 -0.00348145
0.502604 -0.00281
0.552083 -0.00227952
0.560764 -0.00164285
0.539062 -0.000484102
0.560764 0.00118471
0.564236 0.00279281
0.552083 0.0045057
0.548611 0.00648543
0.574653 0.0083367
0.560764 0.00986356
0.559028 0.011573
0.571181 0.0127139
0.582465 0.0131356
0.595486 0.013512
0.588542 0.0137978
0.612847 0.014603
0.585938 0.0152608
0.572049 0.0158057
0.548611 0.0164294
0.537326 0.0173701
0.578125 0.0187089
0.546875 0.0200419
0.533854 0.0215822
0.56684 0.0238157
0.585938 0.0260075
0.563368 0.0280116
0.578993 0.0299137
0.596354 0.031576
0.585938 0.0333429
0.592014 0.0349811
0.585938 0.0365791
0.583333 0.0389327
0.553819 0.0409183
0.526042 0.0431855
0.530382 0.0457358
0.533854 0.0481462
0.551215 0.0506167
0.550347 0.0522992
0.529514 0.0538576
0.559896 0.0559652
0.545139 0.057726
0.553819 0.059855
0.592014 0.0614647
0.616319 0.0627229
0.605035 0.0636614
0.597222 0.0641766
0.574653 0.0655801
0.561632 0.0669589
0.532986 0.068363
0.537326 0.0698013
0.521701 0.0716847
0.506944 0.0734332
0.506076 0.0754882
0.50434 0.0775501
0.491319 0.079624
0.500868 0.0816929
0.453125 0.0832278
0.449653 0.0848193
0.474826 0.0866683
0.506944 0.0884824
0.488715 0.0901813
0.494792 0.0915942
0.515625 0.0930203
0.514757 0.093459
0.540799 0.0938832
0.514757 0.0941748
0.49566 0.0949775
0.491319 0.0960655
0.482639 0.097114
0.471354 0.0976482
0.463542 0.09823
0.493924 0.0989038
0.523438 0.0994998
0.525174 0.0995001
0.537326 0.0999816
0.56684 0.100301
0.578125 0.100745
0.578125 0.101343
0.582465 0.101951
0.573785 0.102131
0.577257 0.102552
0.556424 0.10293
0.527778 0.103934
0.541667 0.105196
0.513021 0.106337
0.550347 0.107437
0.526042 0.107845
0.560764 0.108448
0.553819 0.108666
0.56684 0.108795
0.578125 0.108047
0.574653 0.108066
0.572049 0.107392
0.579861 0.107356
0.573785 0.107038
0.592882 0.107315
0.605035 0.10732
0.595486 0.107869
0.607639 0.107831
0.595486 0.107968
0.637153 0.108252
0.647569 0.107972
0.633681 0.107551
0.632812 0.107752
0.588542 0.107517
0.597222 0.10756
0.637153 0.107467
0.610243 0.106658
0.606771 0.106189
0.617188 0.105665
0.599826 0.104906
0.584201 0.104162
0.567708 0.103304
0.547743 0.102667
0.546875 0.101894
0.580729 0.100873
0.565972 0.0994002
0.573785 0.0986506
0.572917 0.097853
0.569444 0.096357
0.550347 0.0945348
0.584201 0.0931125
0.59375 0.0916281
0.580729 0.0900342
0.58941 0.0890092
0.624132 0.088026
0.636285 0.0870292
0.642361 0.0863296
0.651042 0.0857907
0.634549 0.0853463
0.609375 0.084593
0.640625 0.0840764
0.650174 0.0833993
0.647569 0.0828415
0.648438 0.0821058
0.644097 0.0809086
0.651042 0.0796555
0.676215 0.0781556
0.690972 0.0769073
0.694444 0.0759778
0.723958 0.0755659
0.717014 0.0752646
0.740451 0.0752624
0.711806 0.0749249
0.724826 0.0747194
0.716146 0.0743211
0.733507 0.0738852
0.712674 0.0732515
0.709201 0.0732469
0.750868 0.0731166
0.735243 0.0719788
0.75 0.0704373
0.758681 0.0686411
0.753472 0.0673566
0.756076 0.0661851
0.776042 0.0646963
0.78125 0.0637085
0.802083 0.0632772
0.779514 0.0625255
0.794271 0.0625528
0.78125 0.0625238
0.783854 0.0632268
0.782118 0.0639574
0.77691 0.0647593
0.748264 0.0655412
0.746528 0.0664141
0.732639 0.0673759
0.727431 0.0681674
0.720486 0.0695244
0.717882 0.0707957
0.694444 0.0719722
0.695312 0.072748
0.713542 0.073322
0.735243 0.0737017
0.743924 0.0741898
0.753472 0.074776
0.768229 0.0750756
0.752604 0.074486
0.752604 0.0739054
0.75434 0.0738751
0.756944 0.0742009
0.746528 0.074467
0.756944 0.0745097
0.757812 0.074535
0.772569 0.0745437
0.769965 0.0745167
0.773438 0.0750794
0.766493 0.0749538
0.730903 0.0749113
0.743056 0.0751502
0.726562 0.0752859
0.707465 0.075537
0.694444 0.0760219
0.699653 0.0759267
0.727431 0.0754277
0.728299 0.0742342
0.736111 0.0725675
0.756944 0.0714528
0.763889 0.0704116
0.775174 0.0694435
0.790799 0.0679498
0.774306 0.0664253
0.77691 0.0652442
0.756076 0.0640741
0.752604 0.0630648
0.756944 0.0624692
0.760417 0.062236
0.78559 0.0618986
0.820312 0.0613874
0.78125 0.0601059
0.757812 0.059204
0.759549 0.0582014
0.769965 0.0570929
0.769965 0.0563426
0.773438 0.0555864
0.756076 0.0546212
0.753472 0.0532108
0.757812 0.0519135
0.755208 0.0509817
0.756944 0.050454
0.752604 0.0495855
0.75 0.0485331
0.703993 0.047537
0.707465 0.0466537
0.712674 0.045937
0.692708 0.0451336
0.688368 0.0446055
0.693576 0.0444027
0.710938 0.0435577
0.693576 0.0428369
0.696181 0.0425469
0.71441 0.0417758
0.743924 0.0410635
0.757812 0.0396761
0.737847 0.0390547
0.733507 0.038694
0.730903 0.0383878
0.730035 0.0384649
0.713542 0.0379228
0.730035 0.0373417
0.706597 0.0366427
0.708333 0.0357053
0.680556 0.0344958
0.697917 0.0340914
0.706597 0.0334589
0.688368 0.0323846
0.666667 0.0321854
0.653646 0.0322306
0.663194 0.0323137
0.649306 0.0320501
0.66059 0.0323416
0.66059 0.0327338
0.665799 0.0331086
0.657986 0.0336009
0.663194 0.0344046
0.670139 0.0353143
0.633681 0.0352115
0.647569 0.0358033
0.664931 0.0358611
0.628472 0.0359846
0.62066 0.0367301
0.622396 0.0371125
0.617188 0.0375879
0.615451 0.0384426
0.617188 0.0387355
0.632812 0.0390265
0.611111 0.0392001
0.62934 0.0395494
0.619792 0.03979
0.632812 0.0397942
0.636285 0.0396252
0.638021 0.0396107
0.637153 0.0399871
0.628472 0.0408553
0.633681 0.0417242
0.645833 0.0418532
0.634549 0.0418044
0.624132 0.04175
0.633681 0.0417397
0.643229 0.0421298
0.65191 0.0421464
0.601562 0.0419899
0.578125 0.0420317
0.575521 0.0423421
0.583333 0.0427181
0.578993 0.042924
0.572049 0.0434477
0.563368 0.044156
0.549479 0.0456544
0.56684 0.0472778
0.555556 0.0483415
0.554688 0.0494992
0.576389 0.0505222
0.567708 0.0513991
0.577257 0.0519645
0.572049 0.0519874
0.572917 0.0523462
0.584201 0.052898
0.579861 0.0535891
0.547743 0.0546482
0.543403 0.0553902
0.540799 0.0560267
0.526042 0.056599
0.537326 0.0571219
0.526042 0.0575927
0.546875 0.058183
0.524306 0.0581245
0.477431 0.0582514
0.467882 0.0588909
0.482639 0.0597723
0.480035 0.0607734
0.497396 0.0623059
0.505208 0.0639539
0.486111 0.0648914
0.50434 0.0660574
0.483507 0.0674667
0.426215 0.0693971
0.479167 0.0724172
0.474826 0.075123
0.484375 0.0779997
0.46441 0.0801108
0.477431 0.0824021
0.482639 0.085058
0.488715 0.0878273
0.493924 0.090921
0.5 0.0939438
0.488715 0.0964471
0.473958 0.099216
0.49566 0.101846
0.520833 0.104701
0.53559 0.107613
0.521701 0.109974
0.480903 0.112637
0.506076 0.11531
0.483507 0.117896
0.483507 0.120781
0.481771 0.122949
0.486111 0.125025
0.469618 0.12708
0.469618 0.128576
0.480035 0.1306
0.487847 0.132331
0.49566 0.134547
0.476562 0.136413
0.475694 0.139066
0.469618 0.142212
0.436632 0.145147
0.415799 0.148394
0.403646 0.151842
0.420139 0.154753
0.449653 0.157873
0.445312 0.160403
0.426215 0.162893
0.4375 0.165662
0.457465 0.16858
0.481771 0.170901
0.46441 0.171834
0.436632 0.172797
0.488715 0.174084
0.486979 0.175224
0.469618 0.177024
0.47309 0.178862
0.483507 0.180671
0.509549 0.18212
0.491319 0.183018
0.476562 0.184331
0.523438 0.186115
0.539062 0.188092
0.518229 0.190152
0.53559 0.191266
0.505208 0.191433
0.532118 0.191214
0.519097 0.190201
0.521701 0.189283
0.491319 0.188343
0.466146 0.188469
0.486111 0.188373
0.501736 0.187949
0.516493 0.187604
0.544271 0.187994
0.52691 0.18803
0.533854 0.188499
0.546875 0.188722
0.547743 0.189103
0.524306 0.188776
0.53559 0.188531
0.554688 0.189032
0.585938 0.188821
0.560764 0.187707
0.557292 0.18665
0.555556 0.186165
0.585938 0.185891
0.56684 0.185716
0.536458 0.185335
0.548611 0.184894
0.53125 0.184955
0.550347 0.185221
0.579861 0.184881
0.5625 0.183959
0.570312 0.182939
0.55816 0.182092
0.546007 0.181234
0.541667 0.180869
0.52691 0.180602
0.541667 0.180325
0.529514 0.179512
0.532986 0.179035
0.516493 0.178105
0.520833 0.177492
0.510417 0.176833
0.534722 0.176741
0.553819 0.176538
0.536458 0.176168
0.544271 0.175324
0.548611 0.173527
0.549479 0.171581
0.577257 0.169655
0.559896 0.168364
0.543403 0.16743
0.517361 0.167001
0.512153 0.166092
0.506076 0.164634
0.534722 0.16282
0.547743 0.161366
0.543403 0.160714
0.545139 0.160429
0.55816 0.160457
0.553819 0.16062
0.581597 0.161403
0.614583 0.161486
0.612847 0.161064
0.618056 0.160482
0.621528 0.160224
0.607639 0.159544
0.624132 0.158818
0.641493 0.157441
0.62066 0.156054
0.59375 0.154291
0.58941 0.153065
0.581597 0.152017
0.584201 0.150996
0.571181 0.149801
0.561632 0.148604
0.612847 0.147372
0.613715 0.145673
0.616319 0.144885
0.62934 0.144053
0.627604 0.142935
0.622396 0.142212
0.634549 0.140726
0.652778 0.138743
0.666667 0.135946
0.657986 0.13319
0.68316 0.131583
0.689236 0.130228
0.68316 0.129891
0.679688 0.128835
0.68316 0.127473
0.659722 0.126519
0.6875 0.125909
0.6875 0.124815
0.671875 0.124238
0.659722 0.123945
0.638889 0.123915
0.645833 0.124255
0.657118 0.124096
0.664931 0.122809
0.679688 0.121933
0.65625 0.121162
0.619792 0.121774
0.613715 0.122797
0.635417 0.123912
0.655382 0.125008
0.689236 0.126445
0.713542 0.127591
0.705729 0.128222
0.720486 0.128382
0.723958 0.127564
0.730035 0.125864
0.731771 0.123864
0.730035 0.121976
0.756076 0.120435
0.743056 0.1187
0.743924 0.117062
0.711806 0.114823
0.713542 0.111927
0.721354 0.108748
0.703993 0.105721
0.697049 0.102685
0.715278 0.0998199
0.725694 0.0978006
0.728299 0.0956834
0.700521 0.0943785
0.716146 0.0940282
0.744792 0.0930628
0.730903 0.0916839
0.702257 0.0899309
0.703125 0.0885877
0.717882 0.087626
0.72309 0.0871985
0.692708 0.0871627
0.677083 0.0870937
0.680556 0.0856126
0.670139 0.0842787
0.644965 0.0826147
0.647569 0.0809748
0.648438 0.0799761
0.663194 0.0792155
0.682292 0.0784473
0.698785 0.077475
0.693576 0.0762987
0.71441 0.0748708
0.72309 0.0728988
0.71441 0.0714097
0.720486 0.0697492
0.728299 0.0679184
0.694444 0.0664168
0.681424 0.0652904
0.665799 0.0643481
0.680556 0.0639457
0.649306 0.0630555
0.648438 0.0627236
0.674479 0.0621945
0.664931 0.0616248
0.696181 0.0608152
0.684028 0.0605106
0.68316 0.0607179
0.698785 0.0603121
0.684028 0.0601604
0.664062 0.0596618
0.644097 0.0588464
0.648438 0.0578745
0.633681 0.0563954
0.633681 0.0552674
0.613715 0.0532366
0.633681 0.0512097
0.625868 0.0497927
0.639757 0.0490578
0.65191 0.048488
0.672743 0.047067
0.665799 0.0452143
0.677083 0.0443372
0.657986 0.0429678
0.658854 0.0426401
0.697049 0.0425349
0.677951 0.0421036
0.626736 0.0414213
0.651042 0.0399271
0.628472 0.0381264
0.621528 0.0369217
0.618056 0.0354473
0.627604 0.0346387
0.626736 0.034422
0.610243 0.0340382
0.614583 0.0335685
0.632812 0.0334406
0.650174 0.0329398
0.665799 0.0334067
0.639757 0.0337278
0.613715 0.0344267
0.59375 0.0351873
0.608507 0.0364256
0.627604 0.0381631
0.669271 0.0398229
0.678819 0.0411616
0.666667 0.0424604
0.66059 0.0440294
0.644097 0.0449994
0.663194 0.0456932
0.673611 0.0458802
0.701389 0.0461368
0.697049 0.0463141
0.709201 0.0469164
0.715278 0.046769
0.717882 0.045953
0.715278 0.0448446
0.6875 0.0436909
0.680556 0.0422036
0.68316 0.0408834
0.667535 0.0398577
0.670139 0.0387158
0.664931 0.0379023
0.644965 0.0364959
0.633681 0.0339953
0.632812 0.0317582
0.642361 0.0298683
0.611111 0.0278129
0.604167 0.0261628
0.56684 0.0252904
0.565104 0.0244101
0.583333 0.0236902
0.574653 0.0232686
0.572917 0.0230532
0.565104 0.0228407
0.539062 0.0223131
0.518229 0.0214143
0.529514 0.020251
0.525174 0.018684
0.545139 0.0167988
0.554688 0.0148277
0.573785 0.0136961
0.567708 0.0126629
0.559028 0.0112976
0.588542 0.00986626
0.604167 0.00831127
0.603299 0.0061722
0.624132 0.00521046
0.605035 0.00334369
0.611111 0.00207033
0.599826 0.000670225
0.58941 4.06299e-05
0.553819 5.87687e-05
0.569444 -0.000223813
0.547743 -0.000546789
0.529514 -0.00108876
0.53559 -0.00195906
0.532986 -0.00332289
0.529514 -0.00460596
0.534722 -0.00585793
0.533854 -0.0075422
0.571181 -0.0094185
0.554688 -0.0113985
0.544271 -0.0127333
0.551215 -0.0140312
0.565972 -0.0149392
0.546007 -0.0165269
0.513889 -0.0177627
0.511285 -0.0182672
0.509549 -0.0184602
0.520833 -0.0178418
0.532986 -0.0174357
0.538194 -0.0165832
0.541667 -0.016136
0.506076 -0.0148993
0.502604 -0.0141532
0.499132 -0.0132211
0.506076 -0.0122634
0.518229 -0.0112157
0.510417 -0.0115449
0.512153 -0.0116983
0.527778 -0.0135358
0.541667 -0.0152166
0.567708 -0.0167138
0.579861 -0.0181243
0.612847 -0.0190002
0.607639 -0.0192638
0.590278 -0.0188
0.591146 -0.0191625
0.585938 -0.0204975
0.576389 -0.0213553
0.573785 -0.0228446
0.577257 -0.0227539
0.569444 -0.0225365
0.545139 -0.0218405
0.537326 -0.0209492
0.539931 -0.0205073
0.525174 -0.0201945
0.515625 -0.0199024
0.518229 -0.0194918
0.458333 -0.0182782
0.489583 -0.0164355
0.480035 -0.0140701
0.482639 -0.0110086
0.480903 -0.00778935
0.52691 -0.00466534
0.547743 -0.00152833
0.559896 0.00149442
0.53125 0.00386933
0.52691 0.00584686
0.519965 0.00883961
0.539062 0.0111456
0.551215 0.0133374
0.563368 0.0161242
0.577257 0.0188911
0.580729 0.0217799
0.601562 0.0243003
0.58941 0.026937
0.585938 0.0299013
0.581597 0.0326458
0.585938 0.0354345
0.634549 0.0390673
0.636285 0.0427453
0.625 0.0466951
0.614583 0.0498966
0.573785 0.0519471
0.583333 0.0542543
0.572917 0.0561983
0.582465 0.0580633
0.564236 0.0601304
0.557292 0.0620718
0.557292 0.0636879
0.579861 0.0654201
0.572917 0.0682792
0.5625 0.070411
0.53125 0.072266
0.530382 0.0735808
0.517361 0.074402
0.524306 0.0754765
0.545139 0.0768103
0.542535 0.0775806
0.532118 0.0784681
0.509549 0.0787171
0.521701 0.0795582
0.528646 0.0795925
0.498264 0.0801484
0.50434 0.0808643
0.509549 0.0810212
0.528646 0.0812889
0.525174 0.0818558
0.521701 0.0817943
0.515625 0.0812504
0.503472 0.0809176
0.488715 0.0806672
0.518229 0.0802105
0.500868 0.08027
0.522569 0.0801204
0.525174 0.0799016
0.584201 0.079865
0.59809 0.079675
0.594618 0.0794517
0.569444 0.0789664
0.580729 0.0786252
0.555556 0.0778978
0.572917 0.0773527
0.561632 0.0770755
0.537326 0.076655
0.554688 0.0768062
0.56684 0.0774011
0.565104 0.0782282
0.564236 0.0778454
0.541667 0.0760023
0.521701 0.0742663
0.554688 0.0721819
0.594618 0.0705196
0.573785 0.0680418
0.569444 0.0656996
0.578125 0.0633926
0.595486 0.0608168
0.596354 0.0588017
0.588542 0.0566378
0.576389 0.0550873
0.582465 0.0531358
0.58941 0.0506978
0.592882 0.0487091
0.624132 0.0465567
0.644097 0.0424722
0.605035 0.0384263
0.59375 0.0347298
0.563368 0.0318289
0.549479 0.0293672
0.506944 0.0266556
0.5 0.0235356
0.527778 0.0202059
0.529514 0.0160999
0.537326 0.0113606
0.538194 0.00719898
0.503472 0.00308155
0.517361 0.000249246
0.515625 -0.00298414
0.53125 -0.00567847
0.537326 -0.00925033
0.524306 -0.0126736
0.546875 -0.0154242
0.543403 -0.0184615
0.532118 -0.020578
0.500868 -0.0236752
0.507812 -0.0269008
0.521701 -0.0305832
0.586806 -0.034905
0.577257 -0.0387461
0.560764 -0.0419933
0.552951 -0.0448792
0.539931 -0.0476832
0.528646 -0.0501589
0.519965 -0.0539067
0.536458 -0.0572737
0.527778 -0.0615469
0.509549 -0.066065
0.516493 -0.0708113
0.512153 -0.0744213
0.529514 -0.0775675
0.542535 -0.0798573
0.553819 -0.0809043
0.560764 -0.0817908
0.580729 -0.0814254
0.549479 -0.0812848
0.53559 -0.0821783
0.543403 -0.0836911
0.553819 -0.0853228
0.53559 -0.088168
0.592882 -0.0905237
0.584201 -0.0930512
0.564236 -0.0948011
0.536458 -0.0955601
0.513889 -0.0962928
0.527778 -0.0977585
0.509549 -0.0999811
0.549479 -0.102386
0.552951 -0.105308
0.553819 -0.108003
0.55816 -0.111495
0.568576 -0.11466
0.532118 -0.117628
0.568576 -0.121322
0.5625 -0.125269
0.583333 -0.12883
0.617188 -0.132691
0.602431 -0.137254
0.615451 -0.140578
0.609375 -0.143617
0.595486 -0.147155
0.610243 -0.149321
0.594618 -0.150589
0.59375 -0.150305
0.591146 -0.14906
0.5625 -0.147636
0.556424 -0.146458
0.52691 -0.145086
0.521701 -0.143123
0.519965 -0.140929
0.523438 -0.138816
0.507812 -0.136665
0.50434 -0.13424
0.5 -0.132353
0.516493 -0.129774
0.532986 -0.126706
0.576389 -0.123585
0.578993 -0.120577
0.611111 -0.117283
0.590278 -0.114577
0.626736 -0.112115
0.647569 -0.109897
0.647569 -0.106286
0.65625 -0.102925
0.638889 -0.0992848
0.601562 -0.0942187
0.597222 -0.0888894
0.611979 -0.0828815
0.598958 -0.0763571
0.603299 -0.072092
0.596354 -0.0680112
0.578993 -0.0650413
0.602431 -0.0617623
0.59809 -0.0596416
0.592014 -0.0562353
0.590278 -0.0520339
0.602431 -0.0474934
0.614583 -0.0428909
0.611979 -0.0400193
0.619792 -0.0360332
0.623264 -0.0319199
0.618056 -0.0282055
0.600694 -0.0243988
0.591146 -0.021209
0.581597 -0.0169692
0.595486 -0.0133566
0.609375 -0.00812781
0.611979 -0.00257879
0.611111 0.0021932
0.597222 0.00583134
0.597222 0.00942301
0.5625 0.0124033
0.561632 0.0180066
0.580729 0.0229317
0.603299 0.028498
0.617188 0.0339467
0.607639 0.0376632
0.582465 0.0401333
0.592882 0.0425487
0.604167 0.0456502
0.598958 0.0484517
0.595486 0.0516733
0.586806 0.0538657
0.611111 0.0567155
0.625868 0.0594239
0.682292 0.062657
0.685764 0.0656271
0.65191 0.0662953
0.662326 0.0690882
0.628472 0.0706246
0.608507 0.0729986
0.590278 0.0742166
0.608507 0.074107
0.607639 0.0746748
0.655382 0.0753198
0.628472 0.0767838
0.630208 0.0785731
0.659722 0.0794239
0.670139 0.0779725
0.690972 0.0773582
0.699653 0.0751915
0.678819 0.0721939
0.667535 0.0681868
0.667535 0.0633727
0.645833 0.0562439
0.633681 0.0513717
0.640625 0.0454183
0.625868 0.0415885
0.635417 0.0371677
0.573785 0.0336384
0.560764 0.0325239
0.550347 0.0314383
0.541667 0.0299625
0.527778 0.0271093
0.561632 0.0236045
0.538194 0.0201692
0.529514 0.0157071
0.544271 0.0132981
0.555556 0.00753935
0.544271 0.00418016
0.519097 0.000490417
0.510417 -0.00300697
0.47309 -0.00600264
0.493056 -0.00733695
0.489583 -0.0106227
0.446181 -0.0116834
0.472222 -0.0115761
0.467882 -0.0104202
0.5 -0.00897036
0.500868 -0.00732715
0.499132 -0.00593765
0.457465 -0.00673059
0.444444 -0.00754711
0.420139 -0.0116549
0.448785 -0.0133427
0.444444 -0.0172198
0.434896 -0.0207606
0.466146 -0.0264885
0.503472 -0.0312193
0.486979 -0.0371776
0.502604 -0.0405187
0.507812 -0.0432921
0.493056 -0.0464263
0.498264 -0.0484686
0.479167 -0.0500237
0.489583 -0.0505496
0.475694 -0.0494643
0.467882 -0.0518608
0.46875 -0.0535117
0.453125 -0.056937
0.446181 -0.0564796
0.425347 -0.0565372
0.407118 -0.0555445
0.405382 -0.0526009
0.412326 -0.0482742
0.419271 -0.0419786
0.432292 -0.0365076
0.419271 -0.035077
0.428819 -0.0310088
0.453125 -0.0306045
0.476562 -0.0297166
0.480035 -0.0320919
0.493924 -0.031829
0.476562 -0.0293504
0.486111 -0.0255168
0.477431 -0.0186036
0.477431 -0.0131763
0.470486 -0.00772413
0.454861 -0.00429505
0.455729 -0.00260152
0.458333 -0.00171217
0.5 -0.00292069
0.502604 -0.00738049
0.506076 -0.0115282
0.532986 -0.0147536
0.520833 -0.01714
0.553819 -0.0151824
0.559896 -0.0127736
0.556424 -0.00862591
0.557292 -0.00426303
0.529514 -0.00209495
0.553819 0.00181824
0.533854 0.00142883
0.539062 0.000635293
0.515625 -0.0032328
0.489583 -0.00919264
0.466146 -0.0105488
0.487847 -0.0105491
0.448785 -0.0128384
0.476562 -0.00753372
0.492188 -0.00559307
0.509549 -0.00216078
0.523438 -0.00218177
0.542535 -0.00258014
0.560764 -0.00571323
0.587674 -0.0137248
0.577257 -0.0206209
0.559028 -0.0277313
0.542535 -0.0343571
0.523438 -0.0383929
0.515625 -0.0386697
0.502604 -0.0336564
0.496528 -0.0299408
0.486979 -0.0226264
0.500868 -0.0177483
0.509549 -0.017838
0.521701 -0.0144457
0.543403 -0.0109405
0.536458 -0.00511225
0.526042 -0.00235044
0.540799 0.000142058
0.536458 0.00778934
0.538194 0.00683268
0.481771 0.00780243
0.49566 0.00543584
0.507812 0.00463221
0.516493 0.00609723
0.543403 0.00690444
0.548611 0.00721922
0.550347 -0.00114567
0.579861 -0.00427363
0.592014 -0.00371061
0.610243 0
