0.0868056 1
0.0876736 0.985441
0.0729167 0.972133
0.0555556 0.958901
0.0677083 0.946313
0.0815972 0.933759
0.0850694 0.921742
0.0954861 0.910079
0.09375 0.898854
0.15625 0.887876
0.148438 0.876627
0.175347 0.865501
0.164931 0.85485
0.165799 0.844121
0.155382 0.833306
0.130208 0.822691
0.146701 0.81219
0.112847 0.801707
0.108507 0.791833
0.118924 0.781918
0.126736 0.77179
0.109375 0.762438
0.0607639 0.75391
0.0355903 0.745154
0.0598958 0.736682
0.0685764 0.728784
0.0546875 0.721399
0.0243056 0.713934
0.00347222 0.706465
0.0121528 0.698355
0.03125 0.69071
0.0251736 0.683906
0.0078125 0.677324
0.0078125 0.670859
0.0399306 0.663547
0.0503472 0.656746
0.0807292 0.650329
0.0633681 0.644273
0.0225694 0.638204
0.0416667 0.63186
0.0546875 0.626102
0.0321181 0.620425
0.0147569 0.614352
0.0407986 0.608234
0.0269097 0.601829
0.0286458 0.594967
0.0381944 0.587287
0.0416667 0.579982
0.0512153 0.573192
0.0703125 0.566948
0.0520833 0.560409
0.0564236 0.554763
0.0625 0.548814
0.0486111 0.543216
0.0217014 0.536793
0.0078125 0.529794
0.0164931 0.522706
0.00694444 0.515664
0.0625 0.508731
0.0399306 0.502587
0.0416667 0.496609
0.0173611 0.490076
0.0173611 0.483359
0.0190972 0.476896
0.0217014 0.470589
0.0164931 0.463403
0.0303819 0.456607
0.0381944 0.450172
0.078125 0.444343
0.0885417 0.438892
0.12934 0.433546
0.124132 0.427923
0.106771 0.421805
0.113715 0.415738
0.130208 0.409507
0.135417 0.403362
0.125 0.39794
0.105903 0.392409
0.103299 0.387666
0.133681 0.383168
0.104167 0.37889
0.142361 0.374992
0.118056 0.371028
0.105903 0.366685
0.111111 0.36191
0.0572917 0.356575
0.0581597 0.351102
0.0477431 0.345729
0.0512153 0.340583
0.0321181 0.335305
0.0269097 0.330164
0.00694444 0.325091
0.0381944 0.32098
0.0381944 0.316334
0.0286458 0.312255
0.0104167 0.308333
0.00954861 0.304259
0.000868056 0.299689
0.0251736 0.294994
0.0373264 0.290373
0.0347222 0.286114
0.0243056 0.281765
0.0390625 0.278019
0.0659722 0.274342
0.0581597 0.271789
0.0720486 0.269313
0.0755208 0.266497
0.0442708 0.264207
0.0338542 0.261839
0.00694444 0.260057
0.0434028 0.257249
0.0416667 0.255616
0.0598958 0.254063
0.0121528 0.252914
0.000868056 0.251549
0 0.250597
0.0234375 0.250068
0.0173611 0.249133
0.0199653 0.24828
0.0173611 0.24724
0.0381944 0.246246
0.0364583 0.244766
0.0251736 0.243414
0.0138889 0.2418
0.0130208 0.240016
0.00607639 0.238336
0.0112847 0.236745
0.0130208 0.235129
0.0234375 0.234339
0.0217014 0.233512
0.0243056 0.232009
0.00868056 0.230956
0.0451389 0.230225
0.0364583 0.229484
0.0234375 0.228425
0.0269097 0.227354
0.0104167 0.226095
0.0104167 0.225545
0.0112847 0.22483
0.0381944 0.223296
0.0243056 0.221887
0.0286458 0.221021
0.0581597 0.220867
0.0659722 0.221602
0.0711806 0.222267
0.0859375 0.222589
0.0789931 0.222854
0.0763889 0.22325
0.0798611 0.222832
0.0928819 0.223252
0.0625 0.223757
0.0442708 0.224675
0.0659722 0.225197
0.0581597 0.225603
0.0807292 0.226828
0.0807292 0.227219
0.0477431 0.227736
0.0425347 0.228214
0.0104167 0.228626
0.0164931 0.228962
0.0164931 0.229328
0.0251736 0.229007
0.00347222 0.228492
0.0338542 0.228088
0.00868056 0.227417
0.0243056 0.227307
0.0390625 0.227438
0.0772569 0.227917
0.0737847 0.228087
0.0651042 0.227906
0.0980903 0.227818
0.0894097 0.226948
0.0798611 0.226019
0.0590278 0.225608
0.0416667 0.224158
0.0598958 0.222678
0.0373264 0.222124
0.0685764 0.221514
0.0763889 0.22024
0.106771 0.218419
0.0980903 0.216626
0.0581597 0.214662
0.0633681 0.212096
0.0460069 0.209174
0.0642361 0.20559
0.0720486 0.201796
0.0598958 0.198304
0.0972222 0.195239
0.0954861 0.191668
0.0772569 0.188487
0.0954861 0.185452
0.0902778 0.182577
0.103299 0.180212
0.0868056 0.177268
0.0850694 0.175179
0.0642361 0.174189
0.0625 0.173447
0.0694444 0.172472
0.0616319 0.171255
0.0564236 0.16928
0.0798611 0.166958
0.0772569 0.163693
0.0538194 0.160192
0.0772569 0.157535
0.0607639 0.15518
0.0625 0.152375
0.0625 0.149641
0.0598958 0.146637
0.0746528 0.143368
0.100694 0.140388
0.078125 0.137365
0.0972222 0.134048
0.0677083 0.129888
0.046875 0.125352
0.0442708 0.120537
0.0199653 0.11507
0.0164931 0.109074
0.0138889 0.102398
0.0190972 0.0959591
0.0260417 0.0896444
0.0381944 0.0832105
0.00173611 0.0773022
0.0121528 0.0716825
0.00173611 0.0662478
0.00173611 0.0605689
0.0208333 0.0550047
0.00347222 0.0486137
0 0.0429276
0.0112847 0.0373207
0.0173611 0.0318356
0.0529514 0.0262973
0.0460069 0.0208187
0.0425347 0.0150407
0.0199653 0.00921745
0.0546875 0.00331065
0.0373264 -0.00283774
0.0381944 -0.00889229
0.0399306 -0.0143584
0.0338542 -0.019406
0.00694444 -0.0246573
0.0112847 -0.0303037
0.0225694 -0.0359761
0.0338542 -0.0412123
0.0234375 -0.0469005
0.0399306 -0.0532059
0.0078125 -0.0606786
0.0190972 -0.0679134
0.0451389 -0.0737961
0.0755208 -0.0792801
0.0512153 -0.0843917
0.0512153 -0.0896528
0.0373264 -0.094637
0.0442708 -0.0996665
0.0538194 -0.104967
0.0520833 -0.110641
0.0555556 -0.11621
0.0755208 -0.121668
0.0581597 -0.127463
0.0407986 -0.133073
0.0286458 -0.138316
0.0277778 -0.143819
0.0164931 -0.149011
0.0173611 -0.154408
0.0138889 -0.159209
0.00347222 -0.163481
0.00694444 -0.166916
0.00520833 -0.169997
0.000868056 -0.173928
0.0164931 -0.177752
0.0225694 -0.181177
0.00868056 -0.183823
0.0121528 -0.186901
0.0269097 -0.189927
0.0598958 -0.193054
0.0425347 -0.195738
0.0703125 -0.197936
0.0555556 -0.199739
0.0416667 -0.20111
0.0859375 -0.20266
0.142361 -0.204604
0.139757 -0.20577
0.144097 -0.20689
0.136285 -0.207481
0.158854 -0.207774
0.162326 -0.208029
0.130208 -0.208077
0.118924 -0.208428
0.118924 -0.209456
0.103299 -0.210199
0.104167 -0.211346
0.117188 -0.213061
0.111111 -0.21475
0.0607639 -0.21583
0.0564236 -0.216437
0.000868056 -0.216812
0.00347222 -0.217589
0.0121528 -0.218177
0.0173611 -0.219194
0.0295139 -0.219286
0.0321181 -0.219652
0.046875 -0.220539
0.0182292 -0.221559
0.0303819 -0.222142
0.0164931 -0.222699
0.00607639 -0.223692
0.015625 -0.224169
0.0121528 -0.225183
0.00434028 -0.225798
0.0138889 -0.226679
0.0104167 -0.228139
0.0286458 -0.228726
0.0295139 -0.229121
0.0208333 -0.229631
0.0121528 -0.230032
0.0286458 -0.230846
0.0190972 -0.232527
0.0685764 -0.234258
0.0295139 -0.236017
0.00520833 -0.238339
0.0373264 -0.241254
0.0147569 -0.243605
0.0147569 -0.245463
0.0138889 -0.247409
0.00694444 -0.249059
0.0295139 -0.249929
0.0121528 -0.250906
0.0225694 -0.251473
0.0286458 -0.251097
0.0260417 -0.250434
0.0364583 -0.24975
0.0460069 -0.248058
0.0225694 -0.246573
0.0477431 -0.24536
0.0269097 -0.244407
0.0295139 -0.243149
0.0329861 -0.241805
0.0138889 -0.240291
0.03125 -0.238679
0.0329861 -0.236799
0.0460069 -0.235251
0.0407986 -0.23301
0.0303819 -0.230101
0.0078125 -0.227113
0.0208333 -0.224024
0.00868056 -0.221303
0.00607639 -0.218807
0.00347222 -0.216791
0.0277778 -0.214833
0.0546875 -0.212555
0.0651042 -0.210701
0.0842014 -0.20848
0.105035 -0.206859
0.0842014 -0.206024
0.100694 -0.204824
0.100694 -0.203959
0.102431 -0.202808
0.101562 -0.201532
0.0876736 -0.200742
0.0720486 -0.200205
0.0989583 -0.199622
0.125 -0.199591
0.111979 -0.199547
0.0980903 -0.200286
0.0824653 -0.201053
0.0876736 -0.202706
0.112847 -0.204699
0.102431 -0.2063
0.135417 -0.207036
0.155382 -0.207115
0.188368 -0.207387
0.186632 -0.207273
0.147569 -0.207533
0.141493 -0.208009
0.169271 -0.208784
0.155382 -0.210011
0.146701 -0.211182
0.132812 -0.212671
0.124132 -0.213823
0.133681 -0.21531
0.147569 -0.216637
0.145833 -0.21731
0.181424 -0.217227
0.197049 -0.216967
0.15625 -0.216316
0.148438 -0.215573
0.134549 -0.21487
0.138889 -0.214325
0.15191 -0.214121
0.176215 -0.214103
0.189236 -0.214172
0.177951 -0.214215
0.192708 -0.213712
0.181424 -0.213632
0.177083 -0.213764
0.196181 -0.21349
0.184028 -0.213376
0.207465 -0.213135
0.190104 -0.213993
0.22309 -0.215045
0.224826 -0.216096
0.248264 -0.21762
0.268229 -0.219287
0.246528 -0.220104
0.241319 -0.220586
0.262153 -0.220622
0.255208 -0.219997
0.256944 -0.220272
0.263889 -0.220992
0.233507 -0.221184
0.209201 -0.22053
0.190972 -0.21953
0.215278 -0.218517
0.18316 -0.217074
0.173611 -0.215767
0.168403 -0.21356
0.162326 -0.212033
0.184028 -0.211389
0.140625 -0.210976
0.145833 -0.21054
0.180556 -0.210037
0.166667 -0.209629
0.185764 -0.20892
0.176215 -0.208417
0.163194 -0.208111
0.161458 -0.20793
0.166667 -0.20766
0.145833 -0.207447
0.15191 -0.207093
0.124132 -0.207306
0.159722 -0.208037
0.165799 -0.208728
0.18316 -0.209849
0.177083 -0.210591
0.192708 -0.21073
0.204861 -0.210301
0.211806 -0.210121
0.232639 -0.209934
0.216146 -0.209256
0.225694 -0.209576
0.244792 -0.209582
0.230903 -0.209757
0.197917 -0.210221
0.176215 -0.210084
0.170139 -0.210139
0.166667 -0.210476
0.182292 -0.210673
0.181424 -0.211042
0.144965 -0.211618
0.15191 -0.211606
0.16059 -0.211677
0.151042 -0.211447
0.128472 -0.210989
0.109375 -0.210981
0.136285 -0.210267
0.125868 -0.209723
0.146701 -0.208715
0.134549 -0.207614
0.145833 -0.206677
0.133681 -0.205173
0.142361 -0.203433
0.184028 -0.202415
0.189236 -0.201048
0.204861 -0.199289
0.205729 -0.1975
0.181424 -0.194933
0.150174 -0.191373
0.164931 -0.187135
0.171875 -0.182943
0.15191 -0.178907
0.125 -0.175253
0.127604 -0.17208
0.0815972 -0.169503
0.122396 -0.166191
0.125868 -0.162945
0.138021 -0.159663
0.146701 -0.156507
0.154514 -0.153346
0.157118 -0.149938
0.177083 -0.147103
0.177951 -0.144317
0.155382 -0.141745
0.169271 -0.13912
0.157986 -0.136823
0.202257 -0.134584
0.215278 -0.131905
0.221354 -0.130163
0.213542 -0.12819
0.247396 -0.125666
0.260417 -0.122936
0.286458 -0.120668
0.278646 -0.118032
0.259549 -0.115046
0.227431 -0.111624
0.255208 -0.108246
0.232639 -0.104372
0.219618 -0.101163
0.171007 -0.0985809
0.141493 -0.095737
0.12934 -0.0938644
0.0859375 -0.0911479
0.101562 -0.0890757
0.0989583 -0.0874514
0.0885417 -0.085592
0.107639 -0.083666
0.0946181 -0.0811393
0.105035 -0.078943
0.0894097 -0.0771428
0.0885417 -0.075521
0.116319 -0.0730043
0.108507 -0.0704765
0.0555556 -0.0681699
0.0572917 -0.065041
0.0607639 -0.0621377
0.0807292 -0.0593066
0.121528 -0.0561171
0.0868056 -0.0533433
0.0885417 -0.0507573
0.0703125 -0.0482888
0.0876736 -0.045406
0.102431 -0.0431207
0.138021 -0.0407129
0.146701 -0.0379896
0.132812 -0.0360229
0.127604 -0.0346413
0.128472 -0.0328208
0.154514 -0.0311898
0.168403 -0.0291006
0.171875 -0.0267675
0.138021 -0.0243814
0.137153 -0.022564
0.123264 -0.0204295
0.0625 -0.0189065
0.0546875 -0.0183981
0.0425347 -0.01783
0.0729167 -0.0174314
0.0677083 -0.0165704
0.0842014 -0.0152442
0.0659722 -0.013252
0.0763889 -0.0112426
0.0555556 -0.00898768
0.078125 -0.00665073
0.0842014 -0.00397239
0.0798611 -0.00147538
0.0737847 0.00100721
0.046875 0.00229512
0.0407986 0.0036515
0.0295139 0.00458098
0.0321181 0.00609059
0.0503472 0.00790637
0.0625 0.0103099
0.0208333 0.0127922
0.0286458 0.0150602
0.00607639 0.0169479
0.00607639 0.0184616
0.0347222 0.0209558
0.0190972 0.0236745
0.00434028 0.0260046
0.00607639 0.0286219
0.0225694 0.0313809
0.0225694 0.0340782
0.0138889 0.0360337
0.0451389 0.0377465
0.0130208 0.0396699
0.0329861 0.0415745
0.046875 0.0428287
0.0494792 0.0437864
0.0668403 0.044381
0.0503472 0.0445867
0.0902778 0.0446225
0.0503472 0.0443517
0.0859375 0.0434547
0.100694 0.0423894
0.127604 0.0422708
0.142361 0.0419453
0.175347 0.0417032
0.164062 0.0413972
0.196181 0.0406848
0.185764 0.0393435
0.230903 0.0375532
0.246528 0.0367471
0.24566 0.036008
0.276042 0.0361416
0.242188 0.0366281
0.227431 0.036889
0.228299 0.036819
0.236111 0.0368351
0.227431 0.0373262
0.233507 0.0374809
0.198785 0.0378157
0.188368 0.0373399
0.194444 0.0367251
0.170139 0.0366963
0.188368 0.0370912
0.184028 0.0370609
0.200521 0.0373053
0.170139 0.037385
0.196181 0.0374331
0.173611 0.0372014
0.203125 0.0368517
0.198785 0.0365224
0.177083 0.0370532
0.203125 0.0369812
0.236111 0.0378598
0.247396 0.0385186
0.272569 0.0384398
0.271701 0.0380963
0.232639 0.0373354
0.247396 0.036639
0.224826 0.0358788
0.224826 0.0351906
0.204861 0.034774
0.210938 0.0344383
0.217882 0.0344296
0.207465 0.0343498
0.1875 0.0340863
0.192708 0.0342761
0.204861 0.0343205
0.176215 0.0344634
0.185764 0.0345588
0.207465 0.0350898
0.178819 0.0359195
0.185764 0.0373279
0.185764 0.0390151
0.211806 0.0403955
0.196181 0.0422751
0.196181 0.0445143
0.213542 0.0474958
0.206597 0.0502039
0.195312 0.0518692
0.215278 0.0534534
0.21441 0.054223
0.255208 0.0551374
0.266493 0.0553946
0.249132 0.0564653
0.294271 0.0576956
0.272569 0.0594262
0.276042 0.0611296
0.294271 0.0629311
0.306424 0.0646227
0.304688 0.06613
0.270833 0.0669834
0.284722 0.0676405
0.270833 0.0690672
0.307292 0.070739
0.287326 0.0727105
0.283854 0.0747573
0.271701 0.0769771
0.295139 0.0791982
0.293403 0.0817561
0.27691 0.0845854
0.295139 0.0865113
0.309896 0.0888212
0.280382 0.091077
0.313368 0.0932678
0.304688 0.0955637
0.318576 0.0980138
0.331597 0.100061
0.317708 0.101207
0.322049 0.102331
0.33941 0.102433
0.329861 0.101919
0.348958 0.102141
0.371528 0.102218
0.378472 0.103104
0.365451 0.103776
0.358507 0.103771
0.354167 0.103588
0.37934 0.103972
0.380208 0.104742
0.382812 0.10516
0.401042 0.106335
0.40625 0.108143
0.411458 0.109504
0.383681 0.11063
0.375868 0.111695
0.397569 0.112743
0.414062 0.11356
0.419271 0.114285
0.381944 0.114729
0.385417 0.114858
0.367188 0.115971
0.388889 0.11675
0.392361 0.116981
0.395833 0.116745
0.400174 0.116825
0.372396 0.117923
0.357639 0.119441
0.386285 0.120914
0.350694 0.122324
0.313368 0.12428
0.292535 0.125984
0.297743 0.128484
0.300347 0.130124
0.318576 0.131534
0.355035 0.13269
0.374132 0.133742
0.381076 0.134467
0.380208 0.135234
0.37934 0.137246
0.346354 0.138815
0.340278 0.139243
0.31684 0.139932
0.322917 0.139752
0.31684 0.139942
0.313368 0.139929
0.311632 0.139479
0.309028 0.139171
0.315104 0.139106
0.273438 0.139033
0.295139 0.138241
0.322917 0.136956
0.328993 0.135272
0.356771 0.133751
0.348958 0.131671
0.335938 0.129691
0.380208 0.127874
0.338542 0.126083
0.368056 0.124404
0.382812 0.122477
0.386285 0.120693
0.398438 0.118641
0.390625 0.117053
0.377604 0.11553
0.395833 0.11416
0.407986 0.112451
0.397569 0.11081
0.414931 0.109553
0.401042 0.107786
0.417535 0.105623
0.388021 0.103317
0.393229 0.101148
0.413194 0.100349
0.403646 0.0995337
0.378472 0.0990349
0.348958 0.0981828
0.348958 0.0969995
0.348958 0.0951039
0.360243 0.0930857
0.401042 0.0911405
0.390625 0.0891723
0.374132 0.087541
0.373264 0.0866684
0.381944 0.0856113
0.378472 0.0840352
0.369792 0.0827138
0.367188 0.0808264
0.349826 0.0786518
0.380208 0.0757881
0.357639 0.073236
0.363715 0.0710348
0.375 0.0689739
0.381076 0.0674884
0.381076 0.0656969
0.40191 0.0640413
0.388021 0.0630136
0.413194 0.0620524
0.429688 0.0612897
0.419271 0.06039
0.409722 0.0602648
0.435764 0.0596866
0.416667 0.0590558
0.407118 0.0579756
0.443576 0.056726
0.467014 0.0550665
0.481771 0.0530115
0.466146 0.0512405
0.492188 0.0488305
0.508681 0.0467695
0.523438 0.0450938
0.528646 0.04448
0.519097 0.0444249
0.550347 0.0441187
0.541667 0.0449791
0.539931 0.0451626
0.541667 0.0438316
0.523438 0.042543
0.496528 0.0400069
0.471354 0.0376058
0.485243 0.034706
0.507812 0.0321163
0.506944 0.0300207
0.484375 0.0283496
0.494792 0.0272819
0.486979 0.0257425
0.489583 0.0233073
0.516493 0.0212768
0.484375 0.0193031
0.506944 0.0169848
0.521701 0.0139159
0.498264 0.010986
0.506944 0.0077585
0.546007 0.00483378
0.552951 0.00105248
0.554688 -0.0022849
0.546007 -0.00517759
0.501736 -0.00800238
0.515625 -0.0102845
0.519097 -0.0121302
0.493056 -0.0136196
0.540799 -0.0148583
0.516493 -0.0161791
0.510417 -0.0173381
0.490451 -0.0184462
0.486979 -0.0202248
0.493056 -0.0219054
0.467882 -0.02364
0.465278 -0.025506
0.458333 -0.0268184
0.46875 -0.0280823
0.443576 -0.0292428
0.453993 -0.0304343
0.414931 -0.0313401
0.421007 -0.0323677
0.415799 -0.0331981
0.416667 -0.0335675
0.408854 -0.0343817
0.449653 -0.0357469
0.436632 -0.037365
0.427083 -0.0391688
0.434896 -0.0415282
0.455729 -0.044337
0.456597 -0.0464661
0.426215 -0.0484896
0.394965 -0.0499585
0.390625 -0.051444
0.382812 -0.0523228
0.384549 -0.0529687
0.345486 -0.0537817
0.347222 -0.0545069
0.328125 -0.0548828
0.348958 -0.0556489
0.347222 -0.0563076
0.335069 -0.0572851
0.354167 -0.0584924
0.389757 -0.0591394
0.421007 -0.0593878
0.404514 -0.0591475
0.40191 -0.0600316
0.398438 -0.0607737
0.368924 -0.0612343
0.37934 -0.0622225
0.363715 -0.0632464
0.388021 -0.0642606
0.383681 -0.0657784
0.388889 -0.0675156
0.373264 -0.0691348
0.352431 -0.0714819
0.375 -0.074007
0.355903 -0.0767773
0.337674 -0.0791682
0.310764 -0.0810679
0.313368 -0.0829717
0.315972 -0.0841285
0.304688 -0.0843361
0.294271 -0.0842308
0.300347 -0.0846217
0.311632 -0.0859723
0.326389 -0.0882333
0.321181 -0.090281
0.327257 -0.0924578
0.291667 -0.0948344
0.320312 -0.0968946
0.305556 -0.0982485
0.269097 -0.0996062
0.261285 -0.100398
0.28125 -0.10107
0.298611 -0.101864
0.28559 -0.101654
0.315972 -0.101678
0.298611 -0.101585
0.300347 -0.101572
0.266493 -0.101917
0.25 -0.101881
0.247396 -0.102505
0.256944 -0.103215
0.331597 -0.104095
0.337674 -0.105321
0.336806 -0.106193
0.325521 -0.107348
0.319444 -0.108596
0.303819 -0.10932
0.332465 -0.109735
0.322049 -0.110812
0.328993 -0.111672
0.302083 -0.112566
0.318576 -0.113355
0.359375 -0.113933
0.330729 -0.1141
0.288194 -0.114742
0.3125 -0.116035
0.322049 -0.117059
0.351562 -0.117588
0.304688 -0.118522
0.286458 -0.119401
0.302083 -0.120741
0.286458 -0.12185
0.286458 -0.123289
0.302951 -0.125222
0.298611 -0.126453
0.289931 -0.128271
0.291667 -0.130517
0.230035 -0.132495
0.246528 -0.134557
0.236111 -0.13566
0.264757 -0.136999
0.276042 -0.138086
0.289062 -0.13925
0.30816 -0.140402
0.34375 -0.141357
0.345486 -0.141584
0.318576 -0.142026
0.327257 -0.142165
0.37066 -0.143269
0.348958 -0.143852
0.352431 -0.143763
0.309028 -0.144079
0.310764 -0.144506
0.311632 -0.145287
0.34375 -0.145811
0.375868 -0.146431
0.356771 -0.146935
0.361111 -0.147013
0.337674 -0.147034
0.326389 -0.147068
0.307292 -0.147331
0.296007 -0.148203
0.289931 -0.14926
0.255208 -0.150154
0.241319 -0.151206
0.267361 -0.151661
0.273438 -0.152683
0.241319 -0.153411
0.27691 -0.153703
0.269965 -0.153421
0.306424 -0.153618
0.327257 -0.154118
0.349826 -0.154553
0.361111 -0.155365
0.321181 -0.156561
0.333333 -0.157851
0.325521 -0.158951
0.307292 -0.160509
0.297743 -0.161941
0.309896 -0.163864
0.323785 -0.166561
0.323785 -0.168524
0.307292 -0.170697
0.28559 -0.17341
0.287326 -0.176194
0.269965 -0.179081
0.269097 -0.181596
0.264757 -0.18365
0.22309 -0.185792
0.255208 -0.188124
0.279514 -0.189557
0.28125 -0.190764
0.279514 -0.191721
0.27691 -0.19359
0.203125 -0.195147
0.21441 -0.197156
0.169271 -0.199213
0.176215 -0.201842
0.203993 -0.20506
0.226562 -0.208444
0.250868 -0.211403
0.25 -0.215016
0.230035 -0.219
0.276042 -0.222195
0.288194 -0.224916
0.307292 -0.227576
0.297743 -0.23011
0.288194 -0.2324
0.300347 -0.234316
0.282986 -0.236397
0.260417 -0.238825
0.27691 -0.241626
0.22309 -0.244069
0.195312 -0.245879
0.1875 -0.247709
0.1875 -0.2496
0.157118 -0.251602
0.164062 -0.252842
0.1875 -0.254136
0.145833 -0.255023
0.104167 -0.25583
0.0859375 -0.255685
0.0963542 -0.255328
0.102431 -0.255057
0.107639 -0.254631
0.0720486 -0.25503
0.0503472 -0.255779
0.0442708 -0.257254
0.0503472 -0.258903
0.0434028 -0.259916
0.0347222 -0.260966
0.0225694 -0.262294
0.000868056 -0.263135
0.00260417 -0.264438
0.0130208 -0.265299
0.015625 -0.265889
0.00260417 -0.266425
0.00607639 -0.267045
0.00434028 -0.268243
0.0338542 -0.269904
0.0685764 -0.272004
0.0677083 -0.273846
0.0946181 -0.276659
0.0954861 -0.279398
0.125 -0.282005
0.143229 -0.283748
0.128472 -0.285538
0.110243 -0.287196
0.0833333 -0.28854
0.0859375 -0.289454
0.0876736 -0.290629
0.115451 -0.292072
0.0763889 -0.29344
0.09375 -0.295303
0.0876736 -0.297213
0.0972222 -0.298926
0.0815972 -0.301247
0.0321181 -0.302975
0.0477431 -0.304988
0.0303819 -0.306909
0.0512153 -0.308051
0.0651042 -0.308859
0.0911458 -0.310196
0.0642361 -0.311612
0.0347222 -0.313147
0.0399306 -0.314997
0.0711806 -0.317101
0.0685764 -0.318555
0.0598958 -0.320505
0.0772569 -0.322611
0.0980903 -0.324104
0.0807292 -0.325386
0.0659722 -0.325801
0.0581597 -0.326252
0.0434028 -0.326275
0.0373264 -0.32533
0.0538194 -0.323817
0.0833333 -0.322771
0.104167 -0.321973
0.0859375 -0.321636
0.046875 -0.322113
0.0381944 -0.322201
0.00954861 -0.322517
0.0390625 -0.323184
0.0581597 -0.323452
0.0477431 -0.32341
0.0572917 -0.322453
0.0729167 -0.322196
0.0772569 -0.321665
0.0798611 -0.321394
0.0868056 -0.321288
0.109375 -0.321816
0.138021 -0.322252
0.143229 -0.322641
0.151042 -0.323665
0.126736 -0.325028
0.108507 -0.326939
0.122396 -0.328896
0.102431 -0.331166
0.112847 -0.333796
0.123264 -0.335963
0.108507 -0.337606
0.0902778 -0.339618
0.09375 -0.34214
0.0737847 -0.344017
0.0425347 -0.345893
0.0772569 -0.349077
0.0911458 -0.351952
0.116319 -0.354347
0.102431 -0.355841
0.0998264 -0.357547
0.0946181 -0.359582
0.109375 -0.361104
0.113715 -0.362878
0.0998264 -0.36435
0.0989583 -0.365904
0.0625 -0.367511
0.0572917 -0.368136
0.0477431 -0.368577
0.0381944 -0.368609
0.0355903 -0.36808
0.00954861 -0.367169
0.0625 -0.366471
0.0876736 -0.365684
0.118924 -0.36541
0.147569 -0.364571
0.168403 -0.363877
0.181424 -0.362541
0.169271 -0.361035
0.159722 -0.358557
0.152778 -0.355449
0.143229 -0.352031
0.152778 -0.348468
0.145833 -0.344655
0.171875 -0.341807
0.180556 -0.338823
0.177083 -0.336296
0.186632 -0.333956
0.172743 -0.332249
0.175347 -0.330117
0.145833 -0.328315
0.157986 -0.326685
0.164062 -0.324416
0.124132 -0.321431
0.126736 -0.319238
0.0998264 -0.317029
0.131944 -0.31427
0.133681 -0.311619
0.15625 -0.308819
0.148438 -0.305665
0.164062 -0.301673
0.179688 -0.297657
0.15625 -0.293367
0.159722 -0.289134
0.145833 -0.285188
0.128472 -0.281466
0.149306 -0.27776
0.159722 -0.273363
0.148438 -0.269084
0.151042 -0.264816
0.177083 -0.260863
0.180556 -0.25673
0.161458 -0.252508
0.170139 -0.249448
0.186632 -0.246482
0.232639 -0.242966
0.227431 -0.238577
0.280382 -0.234692
0.320312 -0.230761
0.330729 -0.22669
0.369792 -0.224416
0.394965 -0.222006
0.384549 -0.219151
0.377604 -0.216256
0.362847 -0.213016
0.335069 -0.210296
0.34375 -0.207672
0.349826 -0.205049
0.37066 -0.201581
0.381076 -0.198534
0.366319 -0.195233
0.375 -0.191902
0.388889 -0.189508
0.405382 -0.186529
0.381076 -0.183763
0.376736 -0.181613
0.350694 -0.17922
0.338542 -0.177868
0.358507 -0.176004
0.350694 -0.174357
0.34375 -0.17302
0.341146 -0.171372
0.327257 -0.169702
0.306424 -0.167818
0.279514 -0.16604
0.279514 -0.165076
0.256076 -0.165175
0.248264 -0.16491
0.242188 -0.164852
0.217014 -0.164364
0.243924 -0.163769
0.239583 -0.16315
0.233507 -0.162107
0.229167 -0.160877
0.217882 -0.159149
0.200521 -0.157059
0.165799 -0.154845
0.150174 -0.153654
0.131076 -0.152861
0.130208 -0.152936
0.141493 -0.152586
0.139757 -0.152993
0.162326 -0.153533
0.173611 -0.154294
0.227431 -0.154817
0.246528 -0.15551
0.239583 -0.156198
0.21441 -0.155471
0.238715 -0.155013
0.221354 -0.154404
0.233507 -0.153932
0.228299 -0.152178
0.241319 -0.150048
0.212674 -0.149144
0.235243 -0.148931
0.213542 -0.148967
0.197049 -0.149417
0.168403 -0.150364
0.167535 -0.150732
0.159722 -0.151398
0.1875 -0.151303
0.199653 -0.151137
0.200521 -0.151403
0.181424 -0.152314
0.166667 -0.152492
0.177951 -0.15248
0.138021 -0.15223
0.137153 -0.152295
0.130208 -0.151657
0.133681 -0.151568
0.104167 -0.151221
0.0972222 -0.151275
0.118056 -0.14997
0.180556 -0.148392
0.152778 -0.146706
0.174479 -0.14494
0.190104 -0.142872
0.178819 -0.140817
0.176215 -0.138144
0.174479 -0.13608
0.182292 -0.134563
0.180556 -0.132975
0.164062 -0.131421
0.155382 -0.129848
0.200521 -0.128264
0.177083 -0.126019
0.189236 -0.12403
0.205729 -0.122418
0.217014 -0.121371
0.180556 -0.120301
0.212674 -0.119675
0.211806 -0.118633
0.19184 -0.118201
0.176215 -0.117794
0.21441 -0.11782
0.197917 -0.117969
0.194444 -0.118551
0.173611 -0.119076
0.174479 -0.119645
0.180556 -0.120983
0.184028 -0.121934
0.197917 -0.122353
0.219618 -0.122662
0.22309 -0.122772
0.212674 -0.122511
0.180556 -0.122197
0.162326 -0.121852
0.158854 -0.122213
0.161458 -0.123376
0.177951 -0.125136
0.168403 -0.126924
0.146701 -0.12766
0.132812 -0.128816
0.125868 -0.129974
0.0911458 -0.131522
0.106771 -0.131602
0.145833 -0.131349
0.12066 -0.13124
0.111111 -0.130755
0.0980903 -0.129536
0.0850694 -0.127561
0.0364583 -0.12565
0.0407986 -0.124112
0.0616319 -0.122737
0.0711806 -0.121686
0.0746528 -0.120574
0.0963542 -0.119576
0.105903 -0.118154
0.123264 -0.115926
0.106771 -0.113436
0.119792 -0.110527
0.151042 -0.106999
0.138889 -0.102868
0.139757 -0.0990634
0.139757 -0.095523
0.145833 -0.0923637
0.164062 -0.0885769
0.150174 -0.0853582
0.133681 -0.0822227
0.145833 -0.0795069
0.203993 -0.0766985
0.246528 -0.0739931
0.252604 -0.0714579
0.259549 -0.0692343
0.284722 -0.0673905
0.3125 -0.0661684
0.318576 -0.0642526
0.300347 -0.0622465
0.320312 -0.0602911
0.315104 -0.0578156
0.354167 -0.0549731
0.355035 -0.0526532
0.382812 -0.0509731
0.402778 -0.0492092
0.393229 -0.0478958
0.391493 -0.0457517
0.375 -0.0423387
0.419271 -0.0388937
0.43316 -0.0362143
0.442708 -0.034002
0.427951 -0.0312816
0.447049 -0.0284158
0.466146 -0.0250783
0.434028 -0.0220195
0.391493 -0.0183859
0.393229 -0.0143993
0.369792 -0.0101623
0.360243 -0.00476432
0.386285 0.000822914
0.375868 0.00764155
0.386285 0.0131649
0.371528 0.0179477
0.364583 0.0233939
0.352431 0.029496
0.334201 0.0357658
0.347222 0.0412858
0.334201 0.0467476
0.34375 0.0514268
0.358507 0.0557418
0.34809 0.0601141
0.385417 0.063827
0.401042 0.067756
0.396701 0.0718561
0.436632 0.0760877
0.422743 0.081356
0.420139 0.0862858
0.421007 0.0908018
0.430556 0.0948422
0.419271 0.0978699
0.40191 0.101392
0.404514 0.104877
0.40625 0.108569
0.398438 0.111975
0.387153 0.115628
0.408854 0.119911
0.416667 0.124051
0.440104 0.128033
0.434896 0.132613
0.431424 0.136221
0.434896 0.139597
0.419271 0.14314
0.404514 0.146532
0.414931 0.150136
0.43316 0.153937
0.416667 0.157125
0.414931 0.16035
0.439236 0.163831
0.447049 0.167247
0.454861 0.170038
0.493924 0.172707
0.506944 0.175893
0.517361 0.179286
0.487847 0.182429
0.480035 0.185224
0.503472 0.187482
0.505208 0.189853
0.502604 0.192432
0.489583 0.194752
0.439236 0.196639
0.479167 0.199187
0.469618 0.202587
0.497396 0.205523
0.520833 0.208427
0.530382 0.210863
0.529514 0.213094
0.570312 0.215117
0.596354 0.216845
0.617188 0.218848
0.609375 0.220252
0.58941 0.221597
0.579861 0.22319
0.572049 0.223723
0.547743 0.223931
0.548611 0.22408
0.499132 0.22438
0.472222 0.225135
0.435764 0.225388
0.416667 0.225061
0.417535 0.225633
0.427951 0.226075
0.448785 0.225499
0.46441 0.225061
0.401042 0.223593
0.386285 0.222687
0.390625 0.222245
0.386285 0.221674
0.390625 0.220719
0.362847 0.22023
0.381076 0.219955
0.332465 0.220471
0.325521 0.220908
0.299479 0.221008
0.296875 0.221147
0.282986 0.221833
0.282118 0.221601
0.290799 0.221666
0.28559 0.221352
0.265625 0.220489
0.277778 0.219317
0.272569 0.217454
0.293403 0.214898
0.289931 0.214277
0.314236 0.21342
0.346354 0.213481
0.334201 0.2132
0.372396 0.213087
0.360243 0.211981
0.368924 0.210887
0.37934 0.209482
0.352431 0.207906
0.398438 0.205698
0.402778 0.204445
0.41059 0.202994
0.397569 0.201146
0.399306 0.199398
0.432292 0.19781
0.403646 0.195582
0.414931 0.192492
0.392361 0.189329
0.409722 0.18712
0.387153 0.184883
0.382812 0.182288
0.382812 0.179357
0.416667 0.1767
0.421007 0.1733
0.401042 0.169979
0.401042 0.167098
0.393229 0.164684
0.394097 0.162655
0.396701 0.161732
0.405382 0.16115
0.422743 0.16065
0.428819 0.159592
0.398438 0.159187
0.369792 0.159115
0.371528 0.158852
0.376736 0.15872
0.365451 0.158882
0.373264 0.159551
0.375868 0.159759
0.385417 0.160332
0.381076 0.161283
0.378472 0.161696
0.354167 0.162699
0.356771 0.163166
0.328125 0.163559
0.335069 0.163482
0.335938 0.163445
0.313368 0.163949
0.342014 0.163355
0.324653 0.163138
0.324653 0.162551
0.306424 0.16256
0.315104 0.162526
0.333333 0.161842
0.322917 0.161038
0.318576 0.160978
0.28125 0.160962
0.282986 0.160566
0.256944 0.160963
0.268229 0.161251
0.246528 0.161307
0.205729 0.161353
0.21441 0.161405
0.203993 0.162184
0.209201 0.161959
0.169271 0.161627
0.15625 0.16136
0.166667 0.161356
0.18316 0.161787
0.176215 0.162444
0.177951 0.163543
0.171007 0.165111
0.159722 0.166849
0.114583 0.16932
0.117188 0.171328
0.100694 0.17375
0.100694 0.175603
0.0946181 0.177955
0.0842014 0.179981
0.09375 0.181827
0.116319 0.182588
0.121528 0.18351
0.171007 0.184147
0.167535 0.18583
0.158854 0.187568
0.122396 0.190502
0.130208 0.192707
0.137153 0.19455
0.119792 0.196506
0.141493 0.198386
0.190104 0.199696
0.141493 0.200566
0.157986 0.201639
0.158854 0.202816
0.141493 0.203913
0.130208 0.205842
0.142361 0.207945
0.144097 0.210039
0.182292 0.211478
0.164062 0.212617
0.167535 0.213335
0.193576 0.214216
0.22309 0.215049
0.235243 0.216467
0.240451 0.217743
0.252604 0.219049
0.217882 0.220772
0.201389 0.221656
0.213542 0.223537
0.228299 0.224455
0.207465 0.225528
0.230035 0.228052
0.241319 0.229815
0.238715 0.231133
0.231771 0.232615
0.227431 0.233843
0.259549 0.233955
0.274306 0.234665
0.282118 0.235557
0.277778 0.236549
0.27691 0.237503
0.282118 0.238874
0.282118 0.240309
0.302083 0.242208
0.257812 0.244133
0.278646 0.245293
0.28559 0.246594
0.270833 0.247609
0.258681 0.248642
0.241319 0.24964
0.244792 0.250629
0.275174 0.251259
0.272569 0.252249
0.273438 0.252637
0.327257 0.252865
0.330729 0.252607
0.34375 0.252341
0.325521 0.25203
0.33941 0.251958
0.317708 0.252303
0.303819 0.252525
0.284722 0.25299
0.272569 0.25362
0.244792 0.254249
0.25434 0.254602
0.259549 0.255821
0.224826 0.2572
0.197049 0.259539
0.198785 0.26131
0.197917 0.263127
0.180556 0.264972
0.164931 0.266413
0.148438 0.267013
0.161458 0.267264
0.155382 0.267405
0.142361 0.267766
0.15625 0.268037
0.155382 0.268249
0.114583 0.268105
0.127604 0.267707
0.125868 0.267151
0.105903 0.266631
0.113715 0.265765
0.111111 0.264679
0.111979 0.263445
0.0494792 0.26308
0.0616319 0.262197
0.0451389 0.261655
0.0407986 0.260671
0.0407986 0.258749
0.0190972 0.256185
0.00260417 0.253473
0.0112847 0.251747
0.00260417 0.250422
0.0390625 0.249534
0.0677083 0.248233
0.0503472 0.245611
0.0651042 0.243562
0.0486111 0.241884
0.0954861 0.23933
0.0980903 0.236479
0.0859375 0.233258
0.131944 0.230178
0.12934 0.227686
0.115451 0.22617
0.125868 0.22444
0.115451 0.222945
0.106771 0.220989
0.09375 0.218886
0.0868056 0.217357
0.0755208 0.215886
0.0564236 0.213945
0.0703125 0.211423
0.0477431 0.208568
0.0355903 0.205615
0.0572917 0.202528
0.0399306 0.198544
0.0668403 0.193655
0.0842014 0.188807
0.0946181 0.183891
0.103299 0.179769
0.0729167 0.176107
0.0381944 0.173217
0.03125 0.170312
0.0399306 0.166528
0.0564236 0.16352
0.0659722 0.160398
0.0651042 0.156928
0.111111 0.153376
0.104167 0.149579
0.111111 0.146109
0.108507 0.142607
0.143229 0.139468
0.134549 0.136542
0.113715 0.134059
0.136285 0.131576
0.116319 0.129294
0.113715 0.127595
0.0920139 0.125976
0.0668403 0.124686
0.0633681 0.123521
0.0529514 0.122272
0.046875 0.120913
0.0269097 0.118447
0.0442708 0.115448
0.0477431 0.112594
0.0859375 0.109705
0.110243 0.107519
0.109375 0.105891
0.0625 0.103706
0.0486111 0.101926
0.0564236 0.100705
0.0503472 0.0993666
0.0338542 0.0972648
0.0182292 0.0947945
0.0078125 0.0926636
0.0347222 0.0898463
0.0225694 0.0874997
0.0512153 0.0838934
0.0260417 0.0807401
0.0520833 0.077605
0.0460069 0.0751088
0.0494792 0.0720314
0.0546875 0.0695279
0.0607639 0.0666647
0.0954861 0.0632173
0.0815972 0.0597902
0.0529514 0.0558143
0.0529514 0.0514301
0.0694444 0.0483816
0.0564236 0.0456447
0.0746528 0.0428038
0.0868056 0.0393256
0.128472 0.0351664
0.104167 0.0313244
0.0911458 0.027724
0.104167 0.0245805
0.105903 0.0212035
0.137153 0.0185325
0.0989583 0.0163271
0.146701 0.0132169
0.165799 0.0103683
0.123264 0.00794091
0.12934 0.00546368
0.163194 0.00262466
0.168403 -0.000202874
0.164931 -0.00283104
0.164062 -0.00509116
0.16059 -0.0063493
0.149306 -0.00818824
0.115451 -0.0106088
0.112847 -0.012817
0.0980903 -0.0152263
0.0677083 -0.0172207
0.0269097 -0.0185294
0.00694444 -0.02038
0.000868056 -0.0215148
0.0225694 -0.0226741
0.0303819 -0.0243787
0.0572917 -0.0266945
0.0347222 -0.0291529
0.0477431 -0.0311764
0.0425347 -0.033499
0.0217014 -0.0352939
0.03125 -0.036866
0.0737847 -0.0382465
0.0954861 -0.039366
0.0746528 -0.0405471
0.0920139 -0.0413698
0.0616319 -0.0422408
0.0633681 -0.0427257
0.0347222 -0.0431418
0.00434028 -0.0431065
0.00868056 -0.044015
0.0078125 -0.0447602
0.0173611 -0.0455769
0.0234375 -0.0461521
0.0234375 -0.0471371
0.0190972 -0.0481011
0.0303819 -0.0483028
0.0442708 -0.0473587
0.0729167 -0.0458578
0.0998264 -0.0448171
0.100694 -0.0443222
0.104167 -0.0437211
0.119792 -0.0435458
0.123264 -0.04349
0.124132 -0.0431936
0.123264 -0.0436371
0.123264 -0.0440014
0.108507 -0.0436565
0.128472 -0.043673
0.153646 -0.0439133
0.185764 -0.0439307
0.212674 -0.0441702
0.203125 -0.0451397
0.22309 -0.0462365
0.261285 -0.0469583
0.25 -0.0479731
0.224826 -0.0497959
0.229167 -0.0519454
0.269097 -0.0544868
0.272569 -0.0564679
0.267361 -0.0583104
0.258681 -0.0599428
0.257812 -0.0607367
0.266493 -0.0617073
0.238715 -0.0618233
0.265625 -0.0610564
0.246528 -0.0603143
0.253472 -0.0599585
0.236111 -0.0598781
0.238715 -0.0593503
0.238715 -0.0587359
0.262153 -0.0583212
0.256944 -0.0582812
0.217014 -0.0588736
0.249132 -0.0594219
0.210069 -0.059468
0.206597 -0.0593657
0.221354 -0.0591859
0.203993 -0.0590659
0.21875 -0.0585674
0.186632 -0.0588633
0.147569 -0.0587613
0.184896 -0.0577564
0.157118 -0.0577425
0.150174 -0.0579194
0.116319 -0.0583732
0.106771 -0.0582069
0.0859375 -0.0569205
0.0737847 -0.0559274
0.0868056 -0.0548055
0.0772569 -0.0542156
0.109375 -0.0537532
0.134549 -0.0528117
0.157986 -0.051874
0.158854 -0.0510183
0.143229 -0.0507492
0.151042 -0.0508974
0.143229 -0.0509989
0.147569 -0.051949
0.164062 -0.0529382
0.177083 -0.0532843
0.178819 -0.0535994
0.189236 -0.0541615
0.203993 -0.0550118
0.190104 -0.0565976
0.167535 -0.0584028
0.18316 -0.0604509
0.184896 -0.0630557
0.184028 -0.0657252
0.154514 -0.0683007
0.158854 -0.0698259
0.144097 -0.0712837
0.147569 -0.0726942
0.168403 -0.0737631
0.157118 -0.0744324
0.144965 -0.0752427
0.128472 -0.0757598
0.0850694 -0.0765447
0.0885417 -0.0769545
0.0416667 -0.0760953
0.0347222 -0.0750075
0.0477431 -0.0745236
0.0711806 -0.074477
0.132812 -0.0738101
0.113715 -0.0732711
0.111111 -0.0727146
0.108507 -0.0716279
0.108507 -0.0705585
0.0677083 -0.0694299
0.0104167 -0.0687808
0.0260417 -0.0686549
0.00868056 -0.0682262
0.015625 -0.0680959
0.0217014 -0.066932
0.0199653 -0.0652998
0.0373264 -0.0640701
0.0607639 -0.0623226
0.0503472 -0.0605805
0.0147569 -0.0585466
0.0269097 -0.0574528
0.0182292 -0.0563941
0.0373264 -0.0560014
0.0243056 -0.0551483
0.00520833 -0.0539645
0.0104167 -0.0540439
0.00607639 -0.0543993
0.0121528 -0.0542934
0.0078125 -0.0539898
0.0251736 -0.053609
0.0269097 -0.0537183
0.0104167 -0.0534554
0.0112847 -0.0535401
0.0225694 -0.0530966
0.0529514 -0.0523801
0.0564236 -0.0512813
0.0616319 -0.0501058
0.0677083 -0.0492275
0.0381944 -0.0483223
0.0138889 -0.0482282
0.0338542 -0.047874
0.0295139 -0.0480891
0.00607639 -0.047649
0.000868056 -0.0469313
0.015625 -0.0468687
0.0121528 -0.0460436
0.0373264 -0.0449185
0.0442708 -0.0438068
0.0668403 -0.0429359
0.0659722 -0.0423696
0.0355903 -0.0413801
0.0598958 -0.0403122
0.0607639 -0.039419
0.03125 -0.0379123
0.0173611 -0.036548
0.0451389 -0.036107
0.0798611 -0.0350896
0.0737847 -0.0342952
0.0486111 -0.0341493
0.0373264 -0.0347902
0.0164931 -0.035416
0.0269097 -0.0358991
0.0190972 -0.0353984
0.0182292 -0.0354683
0.00954861 -0.0351621
0.0295139 -0.0352379
0.0112847 -0.0360048
0.0078125 -0.0370224
0.0208333 -0.0387778
0.0164931 -0.0402057
0.0321181 -0.0422198
0.0251736 -0.0437604
0.00954861 -0.0442692
0.0078125 -0.0446844
0.0199653 -0.0441177
0.0104167 -0.0435635
0.00694444 -0.0429991
0.0321181 -0.0420295
0.00954861 -0.0401772
0.000868056 -0.0376368
0.00868056 -0.0343592
0.0112847 -0.0309722
0.0486111 -0.0281392
0.046875 -0.0261616
0.0182292 -0.0240159
0.00954861 -0.0210312
0.0121528 -0.0181802
0.00260417 -0.01547
0.0112847 -0.0133467
0.0286458 -0.0110272
0.00954861 -0.00844981
0.0321181 -0.00619381
0.0460069 -0.00466733
0.0347222 -0.00319943
0.0173611 -0.00213059
0.0277778 -0.0013761
0.0277778 -0.00177107
0.0251736 -0.00256082
0.0112847 -0.00228761
0.0329861 -0.00174866
0.0529514 -0.00155722
0.0642361 -0.00145244
0.0260417 -0.00129588
0.0625 -0.0014382
0.0598958 -0.00170744
0.0347222 -0.00160148
0.0364583 -0.00105001
0.0234375 -0.000404274
0.0130208 -0.0012609
0.0321181 -0.00170394
0.0442708 -0.00273837
0.03125 -0.00398199
0.0520833 -0.00528413
0.0277778 -0.00595948
0.0190972 -0.00657903
0.0286458 -0.00687915
0.0295139 -0.00548118
0.0434028 -0.00385662
0.0286458 -0.00196987
0.0720486 0.000715253
0.0642361 0.00358797
0.0243056 0.00617038
0.0234375 0.00850914
0.0112847 0.0110694
0.00260417 0.0132386
0.0182292 0.015384
0.0303819 0.017701
0.0642361 0.0201226
0.0772569 0.0235777
0.0572917 0.0264716
0.0720486 0.0284349
0.107639 0.0307167
0.107639 0.0327171
0.0885417 0.0356535
0.0807292 0.0381378
0.0902778 0.04125
0.116319 0.0435491
0.0876736 0.0462854
0.124132 0.0497193
0.114583 0.0529301
0.194444 0.056256
0.209201 0.0598997
0.21875 0.0628852
0.239583 0.0656601
0.266493 0.0685693
0.243924 0.0712437
0.226562 0.0740676
0.222222 0.0775178
0.231771 0.0804429
0.238715 0.0834284
0.246528 0.0875913
0.229167 0.091735
0.199653 0.0960071
0.189236 0.100312
0.177951 0.104043
0.175347 0.107208
0.207465 0.109528
0.190104 0.111532
0.224826 0.112928
0.236111 0.115029
0.229167 0.116863
0.230903 0.118978
0.231771 0.121188
0.243924 0.123501
0.241319 0.125805
0.263889 0.127489
0.293403 0.129835
0.282986 0.132313
0.265625 0.13456
0.263889 0.13741
0.25 0.13972
0.248264 0.141718
0.284722 0.142886
0.293403 0.144317
0.30816 0.144725
0.302951 0.144741
0.27691 0.144763
0.28125 0.14465
0.256076 0.143974
0.251736 0.143519
0.290799 0.142965
0.283854 0.143477
0.289931 0.143463
0.291667 0.143198
0.258681 0.142855
0.248264 0.142088
0.287326 0.14095
0.263889 0.140566
0.270833 0.139677
0.289062 0.138566
0.25434 0.13832
0.262153 0.137984
0.307292 0.138001
0.263889 0.137389
0.253472 0.137825
0.225694 0.138974
0.242188 0.139896
0.194444 0.140555
0.209201 0.141084
0.227431 0.141683
0.190104 0.142048
0.210069 0.142837
0.177951 0.144093
0.184028 0.14471
0.15191 0.145498
0.141493 0.146221
0.122396 0.147678
0.134549 0.149177
0.175347 0.150586
0.179688 0.151131
0.184896 0.151509
0.234375 0.152441
0.224826 0.153977
0.225694 0.155262
0.251736 0.156284
0.241319 0.156587
0.224826 0.15678
0.248264 0.156604
0.263889 0.157483
0.255208 0.158595
0.24566 0.159498
0.268229 0.159988
0.255208 0.160783
0.21441 0.16215
0.237847 0.162604
0.202257 0.163069
0.189236 0.161901
0.194444 0.160331
0.21441 0.158854
0.203993 0.158025
0.194444 0.156929
0.216146 0.157343
0.228299 0.159155
0.248264 0.160885
0.25434 0.162713
0.311632 0.164508
0.3125 0.166096
0.272569 0.168158
0.213542 0.169048
0.217014 0.170297
0.189236 0.172217
0.205729 0.173712
0.200521 0.174454
0.228299 0.174839
0.249132 0.17561
0.235243 0.176793
0.184896 0.178643
0.184028 0.180659
0.184028 0.182486
0.202257 0.18413
0.137153 0.186415
0.166667 0.188912
0.205729 0.191641
0.215278 0.194342
0.203993 0.196838
0.184028 0.198672
0.210938 0.200757
0.208333 0.203129
0.194444 0.20595
0.202257 0.20955
0.163194 0.213316
0.182292 0.216509
0.179688 0.220768
0.184028 0.225874
0.126736 0.230801
0.113715 0.235715
0.0694444 0.240154
0.0581597 0.243777
0.0373264 0.24683
0.0138889 0.248395
0.0121528 0.249795
0.0104167 0.251775
0.0130208 0.253535
0.00173611 0.255684
0.0564236 0.257112
0.0616319 0.259121
0.0581597 0.262236
0.0564236 0.265688
0.0711806 0.269215
0.0642361 0.272159
0.0902778 0.274968
0.0815972 0.277541
0.0763889 0.281481
0.100694 0.284636
0.111111 0.287657
0.0859375 0.291187
0.0711806 0.294657
0.0954861 0.298062
0.124132 0.300363
0.15191 0.303411
0.152778 0.306047
0.111111 0.308318
0.106771 0.30972
0.111979 0.310544
0.116319 0.31127
0.130208 0.312016
0.132812 0.312657
0.150174 0.313017
0.164931 0.313216
0.212674 0.314042
0.226562 0.315015
0.234375 0.316542
0.210938 0.318136
0.196181 0.320178
0.198785 0.322746
0.226562 0.324856
0.190972 0.326562
0.180556 0.327294
0.179688 0.328306
0.15191 0.328316
0.146701 0.327735
0.133681 0.326694
0.132812 0.324953
0.118056 0.324489
0.0894097 0.323604
0.0842014 0.323374
0.133681 0.323666
0.110243 0.324851
0.12066 0.326936
0.0911458 0.329224
0.0954861 0.331527
0.0876736 0.333184
0.0746528 0.334944
0.0842014 0.338977
0.0885417 0.342846
0.116319 0.345812
0.138021 0.348589
0.159722 0.35126
0.134549 0.354267
0.137153 0.356944
0.0920139 0.359217
0.139757 0.361065
0.124132 0.363398
0.105035 0.365948
0.135417 0.367769
0.117188 0.36896
0.117188 0.3694
0.103299 0.369535
0.131076 0.369058
0.168403 0.367306
0.193576 0.364719
0.181424 0.362453
0.195312 0.360166
0.200521 0.356902
0.234375 0.353749
0.181424 0.350558
0.164931 0.347492
0.180556 0.344103
0.193576 0.340361
0.176215 0.336588
0.199653 0.332615
0.184896 0.328689
0.171007 0.324368
0.170139 0.31975
0.184028 0.314425
0.182292 0.309648
0.176215 0.305389
0.15191 0.300723
0.141493 0.295447
0.171875 0.290478
0.153646 0.285451
0.117188 0.281271
0.0755208 0.276709
0.136285 0.272839
0.144097 0.270141
0.103299 0.267928
0.0972222 0.265822
0.0807292 0.263315
0.0798611 0.261018
0.0842014 0.25922
0.0668403 0.257847
0.0260417 0.255326
0.0564236 0.253381
0.0755208 0.250651
0.0824653 0.247639
0.0746528 0.244138
0.0980903 0.240902
0.102431 0.237798
0.121528 0.234446
0.112847 0.231816
0.130208 0.229087
0.134549 0.226161
0.130208 0.223486
0.134549 0.220426
0.124132 0.217324
0.104167 0.214411
0.107639 0.211208
0.0824653 0.208004
0.0842014 0.205571
0.0876736 0.203165
0.0755208 0.200661
0.0902778 0.198507
0.102431 0.196111
0.0703125 0.193843
0.0824653 0.191959
0.0460069 0.190598
0.0503472 0.188816
0.0703125 0.186798
0.0677083 0.185169
0.0616319 0.182633
0.0703125 0.179875
0.09375 0.177204
0.0729167 0.174515
0.0946181 0.171289
0.078125 0.168088
0.0685764 0.164992
0.0720486 0.162482
0.0859375 0.158237
0.113715 0.153294
0.149306 0.148445
0.147569 0.143534
0.158854 0.138354
0.185764 0.132936
0.172743 0.127698
0.16059 0.122217
0.134549 0.116988
0.138889 0.111121
0.162326 0.105762
0.125868 0.100518
0.143229 0.0961239
0.144965 0.0924867
0.173611 0.0896167
0.159722 0.0867973
0.149306 0.0845268
0.117188 0.0814487
0.0989583 0.0777282
0.111979 0.0724665
0.0954861 0.0668807
0.0625 0.0615532
0.0225694 0.0569672
0.0347222 0.0530435
0.0625 0.0485217
0.0685764 0.0451388
0.0807292 0.0412882
0.0998264 0.0384836
0.0833333 0.0347598
0.0859375 0.0323572
0.0442708 0.0303589
0.0460069 0.0276507
0.0321181 0.0241576
0.0503472 0.0199874
0.0277778 0.0152384
0.00520833 0.0103539
0.0173611 0.00613137
0.00173611 0.00205243
0.0121528 -0.00191394
0.00868056 -0.00592671
0.0147569 -0.00917484
0.0286458 -0.0128793
0.0355903 -0.0154107
0.0494792 -0.0182343
0.0616319 -0.02091
0.0572917 -0.0236729
0.0772569 -0.0269707
0.143229 -0.0303105
0.168403 -0.0328073
0.164062 -0.0346866
0.193576 -0.0361483
0.198785 -0.0379929
0.148438 -0.0404447
0.148438 -0.0430246
0.139757 -0.0454356
0.168403 -0.0470296
0.170139 -0.048305
0.151042 -0.0487699
0.135417 -0.0494639
0.127604 -0.0509955
0.122396 -0.0527838
0.116319 -0.0543711
0.118924 -0.0557313
0.106771 -0.0574891
0.125868 -0.0593698
0.154514 -0.0607417
0.147569 -0.0620179
0.155382 -0.0618214
0.140625 -0.0615111
0.173611 -0.0609336
0.190104 -0.0601479
0.177083 -0.0595152
0.144097 -0.0587855
0.150174 -0.0589927
0.138021 -0.0593037
0.106771 -0.0596019
0.116319 -0.0597306
0.0763889 -0.0585197
0.0763889 -0.0578326
0.0677083 -0.0573156
0.0633681 -0.0570894
0.0789931 -0.056393
0.0477431 -0.0559574
0.0460069 -0.0554461
0.0277778 -0.0546369
0.0260417 -0.0543138
0.0338542 -0.0541063
0.0355903 -0.0528759
0.0625 -0.0522064
0.0894097 -0.0509072
0.105903 -0.0500804
0.105035 -0.0488462
0.111111 -0.048113
0.134549 -0.0467282
0.204861 -0.0455983
0.205729 -0.0438085
0.207465 -0.0429249
0.209201 -0.041517
0.243056 -0.0412517
0.256944 -0.0411348
0.269965 -0.0416568
0.250868 -0.0428205
0.238715 -0.0439671
0.217882 -0.0454508
0.216146 -0.0469402
0.219618 -0.0482402
0.243924 -0.0496526
0.248264 -0.0510233
0.247396 -0.0513215
0.276042 -0.0525596
0.238715 -0.0541123
0.234375 -0.0557529
0.204861 -0.0581018
0.195312 -0.0605435
0.166667 -0.0639822
0.164062 -0.0674656
0.148438 -0.0710319
0.144097 -0.0737717
0.140625 -0.0762855
0.142361 -0.0788887
0.139757 -0.0820283
0.131076 -0.0850422
0.123264 -0.0879219
0.147569 -0.0902926
0.123264 -0.0918532
0.12934 -0.0928163
0.134549 -0.0942513
0.132812 -0.0956246
0.133681 -0.0966682
0.159722 -0.0985108
0.169271 -0.0996114
0.159722 -0.101073
0.184028 -0.102199
0.184896 -0.103541
0.170139 -0.104912
0.175347 -0.106304
0.152778 -0.106301
0.124132 -0.106473
0.111111 -0.106659
0.119792 -0.106621
0.105903 -0.106718
0.0894097 -0.107037
0.118924 -0.107539
0.133681 -0.108368
0.118924 -0.109882
0.135417 -0.112806
0.0607639 -0.114811
0.0225694 -0.116923
0.0581597 -0.119242
0.078125 -0.121285
0.0720486 -0.123373
0.0616319 -0.125441
0.0581597 -0.127972
0.0451389 -0.13158
0.0538194 -0.135086
0.0442708 -0.138257
0.0460069 -0.14268
0.0425347 -0.147313
0.0633681 -0.150974
0.0546875 -0.154572
0.0737847 -0.157761
0.0694444 -0.160172
0.0616319 -0.162847
0.0651042 -0.16681
0.0633681 -0.17093
0.0390625 -0.174927
0.0581597 -0.179553
0.0616319 -0.183879
0.0980903 -0.18795
0.135417 -0.191623
0.139757 -0.195443
0.135417 -0.199359
0.111979 -0.203822
0.0989583 -0.208312
0.0677083 -0.212199
0.0616319 -0.215087
0.111111 -0.218191
0.107639 -0.220893
0.123264 -0.224531
0.111111 -0.228026
0.109375 -0.232147
0.140625 -0.2368
0.147569 -0.241983
0.144965 -0.246737
0.122396 -0.251694
0.100694 -0.256469
0.0920139 -0.260239
0.0850694 -0.263264
0.0668403 -0.266191
0.0694444 -0.26989
0.0711806 -0.273728
0.0347222 -0.278184
0.0217014 -0.282601
0.0078125 -0.286038
0.00520833 -0.290147
0.00173611 -0.294552
0.0078125 -0.298789
0.0164931 -0.302729
0.000868056 -0.30728
0.00434028 -0.311818
0.00868056 -0.315578
0.0407986 -0.319369
0.0225694 -0.322631
0.000868056 -0.325712
0.00173611 -0.329161
0.0182292 -0.332951
0.0225694 -0.337172
0.0390625 -0.342393
0.0104167 -0.347676
0.0442708 -0.352477
0.0425347 -0.356761
0.0442708 -0.361168
0.0251736 -0.364641
0.00520833 -0.368332
0.0321181 -0.37111
0.0234375 -0.373074
0.0381944 -0.37621
0.00520833 -0.380014
0.00868056 -0.384028
0.0182292 -0.388288
0.000868056 -0.392077
0.00954861 -0.396413
0.015625 -0.399858
0.0295139 -0.403222
0.0494792 -0.405988
0.0651042 -0.409053
0.0902778 -0.412972
0.109375 -0.416644
0.139757 -0.419583
0.100694 -0.422493
0.0911458 -0.424492
0.0894097 -0.426331
0.0885417 -0.428275
0.106771 -0.430707
0.122396 -0.432502
0.142361 -0.43468
0.164062 -0.436751
0.168403 -0.438818
0.174479 -0.440297
0.184028 -0.440852
0.209201 -0.44154
0.207465 -0.441856
0.198785 -0.442398
0.186632 -0.442072
0.161458 -0.442088
0.135417 -0.441915
0.12934 -0.441992
0.139757 -0.442788
0.153646 -0.444335
0.165799 -0.446085
0.149306 -0.448394
0.152778 -0.450946
0.172743 -0.453162
0.161458 -0.455767
0.180556 -0.457306
0.198785 -0.458811
0.240451 -0.46026
0.194444 -0.461168
0.185764 -0.462823
0.197917 -0.464754
0.195312 -0.466903
0.219618 -0.468159
0.231771 -0.469234
0.232639 -0.47086
0.226562 -0.471801
0.231771 -0.472777
0.210938 -0.474942
0.208333 -0.475471
0.212674 -0.475662
0.163194 -0.475086
0.204861 -0.474244
0.231771 -0.47289
0.235243 -0.47157
0.21875 -0.469155
0.235243 -0.466236
0.259549 -0.463549
0.283854 -0.460432
0.261285 -0.457657
0.286458 -0.455043
0.289062 -0.452589
0.286458 -0.449651
0.322917 -0.446969
0.342882 -0.443454
0.353299 -0.440343
0.31684 -0.435981
0.296007 -0.432034
0.297743 -0.428032
0.284722 -0.423849
0.290799 -0.419501
0.297743 -0.415761
0.289062 -0.412297
0.302083 -0.409553
0.283854 -0.407012
0.265625 -0.404258
0.292535 -0.400802
0.265625 -0.397761
0.235243 -0.395363
0.246528 -0.392347
0.275174 -0.388788
0.266493 -0.385473
0.243924 -0.380648
0.25 -0.375327
0.217014 -0.369799
0.216146 -0.364382
0.193576 -0.360174
0.217014 -0.35679
0.1875 -0.352157
0.167535 -0.348656
0.170139 -0.345174
0.197917 -0.34143
0.207465 -0.33774
0.217882 -0.334473
0.221354 -0.331026
0.202257 -0.328312
0.221354 -0.326255
0.226562 -0.323559
0.21441 -0.32157
0.165799 -0.32062
0.190104 -0.320191
0.207465 -0.320244
0.202257 -0.321
0.219618 -0.321375
0.251736 -0.320838
0.260417 -0.321015
0.235243 -0.320446
0.256944 -0.32003
0.240451 -0.318948
0.239583 -0.318728
0.223958 -0.318104
0.179688 -0.317424
0.203125 -0.317697
0.203125 -0.317328
0.203125 -0.317959
0.225694 -0.318219
0.189236 -0.317644
0.1875 -0.316868
0.167535 -0.315585
0.208333 -0.314216
0.203993 -0.31265
0.210069 -0.310748
0.213542 -0.30967
0.208333 -0.309542
0.220486 -0.308973
0.200521 -0.307902
0.193576 -0.306405
0.166667 -0.305092
0.164062 -0.303734
0.189236 -0.301228
0.246528 -0.29875
0.241319 -0.297119
0.232639 -0.295973
0.220486 -0.29593
0.249132 -0.296132
0.282118 -0.296237
0.266493 -0.296345
0.282118 -0.295602
0.274306 -0.294889
0.249132 -0.293627
0.232639 -0.292141
0.248264 -0.290308
0.259549 -0.289218
0.256944 -0.287505
0.236979 -0.286698
0.224826 -0.285604
0.221354 -0.285242
0.239583 -0.285294
0.231771 -0.285549
0.256076 -0.285933
0.222222 -0.286536
0.241319 -0.286775
0.233507 -0.286589
0.25 -0.28666
0.246528 -0.285632
0.283854 -0.284827
0.225694 -0.283114
0.231771 -0.281889
0.186632 -0.281818
0.170139 -0.281164
0.150174 -0.282286
0.184896 -0.283246
0.16059 -0.284579
0.168403 -0.286008
0.178819 -0.288185
0.16059 -0.289204
0.18316 -0.290146
0.194444 -0.290523
0.189236 -0.291447
0.212674 -0.292713
0.200521 -0.294093
0.158854 -0.294751
0.123264 -0.295067
0.105035 -0.294594
0.0928819 -0.294013
0.0928819 -0.293311
0.0737847 -0.293039
0.0564236 -0.292535
0.0581597 -0.291707
0.0946181 -0.290901
0.0980903 -0.288836
0.105035 -0.286875
0.114583 -0.284996
0.124132 -0.282719
0.0920139 -0.280044
0.078125 -0.278301
0.0798611 -0.277694
0.0746528 -0.277744
0.102431 -0.277614
0.0842014 -0.277066
0.0659722 -0.27633
0.0920139 -0.275134
0.134549 -0.272736
0.189236 -0.270108
0.184896 -0.267963
0.184028 -0.265154
0.178819 -0.263714
0.205729 -0.261942
0.171007 -0.259898
0.181424 -0.258886
0.195312 -0.256489
0.209201 -0.253321
0.228299 -0.250094
0.217014 -0.246748
0.201389 -0.243602
0.174479 -0.240804
0.21875 -0.238615
0.193576 -0.236065
0.157986 -0.232853
0.138021 -0.229738
0.124132 -0.226244
0.107639 -0.223078
0.0954861 -0.220054
0.170139 -0.216765
0.204861 -0.212732
0.189236 -0.208516
0.161458 -0.204958
0.138889 -0.201169
0.178819 -0.198038
0.220486 -0.194385
0.236979 -0.190493
0.237847 -0.187284
0.215278 -0.183492
0.196181 -0.178511
0.209201 -0.17413
0.249132 -0.168712
0.236111 -0.162708
0.216146 -0.157822
0.207465 -0.153689
0.204861 -0.149622
0.201389 -0.147222
0.197049 -0.145527
0.200521 -0.14446
0.213542 -0.142473
0.251736 -0.139699
0.289931 -0.135803
0.304688 -0.131836
0.288194 -0.127932
0.299479 -0.124297
0.321181 -0.12028
0.31684 -0.11687
0.331597 -0.113959
0.320312 -0.111271
0.313368 -0.108102
0.276042 -0.1054
0.275174 -0.103439
0.270833 -0.100585
0.300347 -0.0976336
0.306424 -0.0943513
0.327257 -0.0908447
0.31684 -0.0874251
0.309028 -0.0844138
0.274306 -0.0824023
0.263021 -0.08049
0.242188 -0.0786053
0.234375 -0.0772488
0.217014 -0.0760618
0.207465 -0.0742379
0.208333 -0.0720242
0.201389 -0.0708373
0.217014 -0.0689749
0.224826 -0.0670098
0.210069 -0.0642671
0.238715 -0.0612625
0.253472 -0.0566823
0.256944 -0.0524248
0.27691 -0.0479354
0.284722 -0.0426106
0.273438 -0.0367467
0.302083 -0.0313121
0.309896 -0.024981
0.279514 -0.0189216
0.282986 -0.013665
0.326389 -0.0079751
0.28559 -0.000716519
0.329861 0.00576655
0.340278 0.0116979
0.342882 0.0181162
0.322917 0.024198
0.367188 0.0305005
0.326389 0.0373423
0.31684 0.0428856
0.275174 0.0479458
0.270833 0.0523282
0.242188 0.0574915
0.271701 0.0631755
0.277778 0.0690635
0.246528 0.074026
0.269097 0.0785356
0.289062 0.0836521
0.296007 0.0887501
0.313368 0.0938619
0.279514 0.0988111
0.246528 0.10461
0.269097 0.109266
0.282118 0.113834
0.287326 0.118309
0.304688 0.122517
0.34809 0.126922
0.350694 0.131528
0.337674 0.136225
0.341146 0.140216
0.373264 0.144424
0.354167 0.148834
0.381076 0.151859
0.367188 0.154313
0.352431 0.157683
0.340278 0.160837
0.364583 0.163608
0.310764 0.16618
0.317708 0.169439
0.327257 0.1726
0.329861 0.175623
0.350694 0.1782
0.346354 0.181556
0.355035 0.184343
0.329861 0.186642
0.366319 0.189387
0.368924 0.19099
0.367188 0.192726
0.376736 0.193424
0.361979 0.195162
0.388021 0.196042
0.380208 0.19632
0.345486 0.196612
0.325521 0.196268
0.368924 0.196703
0.395833 0.19833
0.409722 0.201522
0.393229 0.204248
0.393229 0.206944
0.382812 0.209382
0.385417 0.212475
0.380208 0.216297
0.375868 0.219533
0.375 0.223121
0.362847 0.226497
0.385417 0.229135
0.381076 0.231621
0.375 0.234158
0.353299 0.236362
0.361111 0.238235
0.323785 0.238819
0.324653 0.240553
0.309896 0.241765
0.310764 0.242348
0.325521 0.244285
0.334201 0.245825
0.342014 0.248602
0.328125 0.251069
0.364583 0.253787
0.358507 0.257012
0.377604 0.26134
0.366319 0.265509
0.348958 0.270012
0.349826 0.274525
0.323785 0.279002
0.318576 0.283267
0.292535 0.287782
0.303819 0.291611
0.335938 0.296048
0.333333 0.300516
0.334201 0.304557
0.349826 0.308259
0.34375 0.310772
0.359375 0.313408
0.361979 0.316646
0.363715 0.318733
0.393229 0.320561
0.386285 0.323189
0.394097 0.325545
0.344618 0.328257
0.341146 0.330796
0.350694 0.332815
0.361111 0.33411
0.364583 0.334553
0.333333 0.334259
0.341146 0.334567
0.361979 0.333517
0.358507 0.333341
0.371528 0.332435
0.383681 0.330922
0.365451 0.329263
0.384549 0.327029
0.329861 0.325783
0.335069 0.323347
0.340278 0.32061
0.321181 0.317962
0.296007 0.314923
0.271701 0.311571
0.288194 0.309307
0.242188 0.306935
0.253472 0.304256
0.277778 0.302264
0.253472 0.300735
0.256076 0.299246
0.257812 0.298846
0.278646 0.297801
0.260417 0.296993
0.235243 0.296083
0.232639 0.294791
0.234375 0.292147
0.198785 0.290176
0.199653 0.287751
0.199653 0.283814
0.210069 0.27894
0.217882 0.27413
0.208333 0.269535
0.190972 0.264854
0.213542 0.260894
0.227431 0.25702
0.220486 0.253765
0.227431 0.250679
0.231771 0.246985
0.241319 0.24427
0.212674 0.242527
0.211806 0.240297
0.210069 0.237544
0.193576 0.235056
0.180556 0.232634
0.194444 0.230287
0.224826 0.228588
0.206597 0.226877
0.195312 0.225467
0.195312 0.224132
0.18316 0.223156
0.164062 0.222386
0.179688 0.221371
0.19184 0.220571
0.228299 0.219149
0.185764 0.217769
0.238715 0.216234
0.255208 0.21523
0.255208 0.214132
0.276042 0.212679
0.300347 0.211618
0.289931 0.21097
0.297743 0.211364
0.286458 0.210754
0.314236 0.210741
0.359375 0.210266
0.354167 0.209698
0.349826 0.209266
0.352431 0.209211
0.306424 0.2093
0.331597 0.208708
0.334201 0.207159
0.350694 0.20549
0.368924 0.205029
0.351562 0.204829
0.360243 0.205187
0.378472 0.205524
0.399306 0.206849
0.359375 0.208242
0.356771 0.210122
0.335069 0.211373
0.330729 0.211424
0.33941 0.211723
0.315972 0.211785
0.328125 0.209975
0.325521 0.20579
0.279514 0.203019
0.274306 0.199927
0.294271 0.197347
0.289062 0.194371
0.341146 0.191515
0.342882 0.188754
0.365451 0.185962
0.342882 0.184318
0.322049 0.182978
0.289931 0.181642
0.293403 0.180696
0.266493 0.178553
0.309896 0.176529
0.286458 0.174803
0.265625 0.172962
0.269965 0.171055
0.293403 0.169037
0.289931 0.166609
0.278646 0.164991
0.325521 0.164004
0.324653 0.164197
0.355903 0.163842
0.369792 0.163293
0.37066 0.162132
0.394097 0.160894
0.396701 0.159542
0.355903 0.158174
0.361979 0.156158
0.377604 0.155041
0.374132 0.154642
0.402778 0.155208
0.420139 0.154905
0.394097 0.155317
0.407986 0.155313
0.424479 0.15619
0.392361 0.157085
0.376736 0.157707
0.373264 0.158738
0.359375 0.16009
0.372396 0.160783
0.350694 0.16136
0.348958 0.162296
0.325521 0.162948
0.383681 0.162684
0.388889 0.162756
0.381076 0.16378
0.400174 0.164405
0.394965 0.165116
0.359375 0.166269
0.335938 0.167449
0.335069 0.167823
0.3125 0.169037
0.322049 0.170993
0.335069 0.17316
0.294271 0.175443
0.30816 0.177073
0.280382 0.178833
0.28559 0.180522
0.306424 0.180991
0.296875 0.180248
0.290799 0.179467
0.28559 0.179739
0.268229 0.179097
0.251736 0.179308
0.208333 0.179336
0.207465 0.178239
0.203125 0.177325
0.195312 0.176259
0.200521 0.174032
0.206597 0.171789
0.210069 0.169674
0.18316 0.167696
0.213542 0.166778
0.212674 0.167009
0.197917 0.16788
0.164062 0.167873
0.177951 0.167206
0.148438 0.16607
0.104167 0.165613
0.0833333 0.165234
0.0720486 0.164317
0.0581597 0.163118
0.0451389 0.162209
0.0529514 0.162401
0.0625 0.161935
0.0711806 0.162233
0.0815972 0.1617
0.09375 0.16094
0.109375 0.159945
0.106771 0.15963
0.125 0.158611
0.138021 0.157967
0.147569 0.157425
0.109375 0.157151
0.124132 0.157214
0.138889 0.156154
0.163194 0.155069
0.12066 0.153785
0.114583 0.152306
0.131944 0.149998
0.170139 0.148186
0.134549 0.14647
0.139757 0.145339
0.171007 0.143139
0.172743 0.14146
0.170139 0.139757
0.174479 0.138119
0.153646 0.136194
0.154514 0.133573
0.170139 0.132919
0.185764 0.132274
0.154514 0.131709
0.138889 0.13162
0.125868 0.13014
0.172743 0.129686
0.169271 0.12935
0.172743 0.129757
0.170139 0.129905
0.16059 0.129704
0.142361 0.128721
0.113715 0.12714
0.111111 0.125272
0.12066 0.122232
0.112847 0.118763
0.128472 0.115508
0.131076 0.1126
0.138021 0.109622
0.148438 0.107539
0.180556 0.104311
0.174479 0.100245
0.190104 0.097075
0.198785 0.0936642
0.182292 0.09012
0.167535 0.0873027
0.0963542 0.0843976
0.125868 0.0817931
0.12934 0.0793538
0.16059 0.0770867
0.151042 0.0746605
0.133681 0.0710676
0.130208 0.0659228
0.15625 0.0615293
0.147569 0.0566076
0.157986 0.0513165
0.141493 0.0456022
0.151042 0.0396786
0.151042 0.0336097
0.152778 0.0272976
0.108507 0.0209567
0.078125 0.01488
0.0807292 0.00978056
0.114583 0.00415055
0.135417 -0.000246606
0.158854 -0.0046298
0.131076 -0.00949078
0.121528 -0.0158348
0.144965 -0.0223256
0.15625 -0.0294571
0.190104 -0.0358675
0.197917 -0.0424575
0.171875 -0.048338
0.171007 -0.054194
0.144097 -0.0602662
0.116319 -0.0654098
0.144965 -0.0705532
0.130208 -0.0758229
0.09375 -0.0806614
0.0876736 -0.0852404
0.0798611 -0.0904595
0.0885417 -0.0955892
0.0807292 -0.0990728
0.0434028 -0.103441
0.0451389 -0.107306
0.0520833 -0.109815
0.0529514 -0.11155
0.0520833 -0.114321
0.00954861 -0.117976
0.0121528 -0.121854
0.00520833 -0.124627
0.0494792 -0.127388
0.0538194 -0.129926
0.0364583 -0.132298
0.0234375 -0.13456
0.000868056 -0.137873
0.0199653 -0.141244
0.0442708 -0.143212
0.046875 -0.145443
0.0546875 -0.148014
0.0755208 -0.149854
0.0711806 -0.151485
0.0876736 -0.151559
0.111111 -0.151669
0.111979 -0.151304
0.101562 -0.150613
0.104167 -0.151287
0.0980903 -0.151985
0.0789931 -0.154263
0.0625 -0.156589
0.0815972 -0.158895
0.0685764 -0.159906
0.0503472 -0.161757
0.0503472 -0.162017
0.0850694 -0.162044
0.0885417 -0.162241
0.117188 -0.163089
0.0998264 -0.163359
0.100694 -0.163175
0.0998264 -0.161988
0.0876736 -0.161851
0.0963542 -0.162935
0.0946181 -0.164949
0.0963542 -0.166424
0.123264 -0.168343
0.12066 -0.170174
0.139757 -0.173378
0.12934 -0.176106
0.0954861 -0.17888
0.100694 -0.181121
0.101562 -0.183223
0.0963542 -0.185097
0.148438 -0.186649
0.130208 -0.187134
0.142361 -0.18789
0.140625 -0.187445
0.144965 -0.18704
0.141493 -0.186127
0.171007 -0.185983
0.1875 -0.186989
0.203125 -0.187641
0.196181 -0.188665
0.177951 -0.188711
0.153646 -0.187979
0.132812 -0.186912
0.146701 -0.185605
0.157118 -0.183402
0.162326 -0.181867
0.131944 -0.181319
0.150174 -0.180638
0.147569 -0.180299
0.144965 -0.180395
0.118056 -0.1805
0.0963542 -0.18052
0.09375 -0.179301
0.0685764 -0.177772
0.0642361 -0.176277
0.0381944 -0.174797
0.0494792 -0.173145
0.0234375 -0.170946
0.0217014 -0.169645
0.00173611 -0.168706
0.00434028 -0.168274
0.0078125 -0.168743
0.0277778 -0.168525
0.0407986 -0.167065
0.0321181 -0.166347
0.0321181 -0.165559
0.0772569 -0.16429
0.0720486 -0.164367
0.0590278 -0.16382
0.0677083 -0.163399
0.0494792 -0.163349
0.0269097 -0.161872
0.0355903 -0.160463
0.0677083 -0.15886
0.0572917 -0.157705
0.0442708 -0.156991
0.0486111 -0.15624
0.0529514 -0.156083
0.0581597 -0.156099
0.0633681 -0.1555
0.0329861 -0.154254
0.046875 -0.153019
0.0451389 -0.151296
0.0833333 -0.149757
0.0868056 -0.147584
0.0789931 -0.146222
0.0850694 -0.145684
0.0677083 -0.14517
0.0572917 -0.145492
0.0520833 -0.144838
0.0607639 -0.14429
0.0642361 -0.143343
0.0842014 -0.14232
0.0928819 -0.141335
0.0789931 -0.14042
0.0390625 -0.139992
0.00954861 -0.139541
0.00954861 -0.138588
0.0338542 -0.138289
0.0173611 -0.138593
0.0243056 -0.138834
0.0173611 -0.139413
0.0130208 -0.140499
0.0217014 -0.141136
0.0260417 -0.141287
0.0451389 -0.141486
0.0486111 -0.140524
0.0381944 -0.139148
0.0329861 -0.138672
0.0347222 -0.138363
0.0399306 -0.140225
0.00260417 -0.141294
0.00694444 -0.143479
0.00520833 -0.145359
0.00868056 -0.146335
0.00954861 -0.147782
0.00434028 -0.148029
0.0234375 -0.147324
0.0538194 -0.146878
0.0477431 -0.147354
0.0190972 -0.148167
0.0251736 -0.149375
0.0130208 -0.151276
0.0104167 -0.153567
0.0112847 -0.155898
0.0138889 -0.157352
0.0104167 -0.1588
0.0190972 -0.159573
0.0269097 -0.160868
0.0303819 -0.163444
0.00434028 -0.166239
0.0538194 -0.169014
0.0399306 -0.171525
0.0633681 -0.172946
0.0390625 -0.173505
0.00607639 -0.173934
0.00954861 -0.175087
0.0190972 -0.176492
0.00607639 -0.177876
0.0260417 -0.180103
0.0407986 -0.182918
0.0164931 -0.185816
0.0130208 -0.188768
0.00607639 -0.191552
0.0121528 -0.193779
0.00868056 -0.196874
0.00868056 -0.200071
0.0399306 -0.202003
0.00694444 -0.204555
0.0078125 -0.205138
0.0130208 -0.205537
0.0243056 -0.205985
0.0486111 -0.207177
0.0138889 -0.208537
0.0225694 -0.209758
0.0182292 -0.211118
0.0520833 -0.212775
0.0104167 -0.214828
0.0269097 -0.215921
0.0260417 -0.216743
0.00694444 -0.215974
0 -0.215673
0.0225694 -0.215842
0.00347222 -0.215648
0.0494792 -0.216405
0.0685764 -0.216893
0.0520833 -0.218496
0.0850694 -0.221108
0.0920139 -0.22397
0.0373264 -0.226774
0.0329861 -0.229304
0.0755208 -0.233272
0.0911458 -0.236884
0.0763889 -0.24069
0.0876736 -0.244234
0.102431 -0.248132
0.12066 -0.250645
0.144965 -0.251848
0.134549 -0.251815
0.162326 -0.25141
0.176215 -0.250869
0.169271 -0.250009
0.135417 -0.249275
0.123264 -0.249792
0.107639 -0.249796
0.147569 -0.250295
0.138021 -0.250567
0.125 -0.249678
0.164062 -0.248884
0.162326 -0.248251
0.186632 -0.247635
0.211806 -0.246221
0.172743 -0.243587
0.190104 -0.242032
0.158854 -0.239087
0.170139 -0.235314
0.145833 -0.231716
0.155382 -0.229008
0.144097 -0.225284
0.0998264 -0.221639
0.104167 -0.218032
0.101562 -0.21279
0.0815972 -0.207501
0.0868056 -0.202999
0.118924 -0.199035
0.159722 -0.195444
0.184028 -0.1913
0.169271 -0.1873
0.144965 -0.184384
0.0989583 -0.181278
0.0807292 -0.178712
0.0989583 -0.176013
0.140625 -0.172974
0.149306 -0.169062
0.200521 -0.164509
0.195312 -0.159173
0.16059 -0.154802
0.150174 -0.150778
0.148438 -0.147337
0.126736 -0.144093
0.0720486 -0.140684
0.0868056 -0.136948
0.0911458 -0.133108
0.125868 -0.129373
0.128472 -0.126956
0.110243 -0.124662
0.136285 -0.122308
0.152778 -0.11916
0.158854 -0.116892
0.0911458 -0.114746
0.0798611 -0.11276
0.106771 -0.111186
0.122396 -0.109648
0.122396 -0.10724
0.110243 -0.106102
0.0876736 -0.105588
0.12934 -0.105466
0.145833 -0.10525
0.162326 -0.104494
0.161458 -0.102464
0.145833 -0.0991404
0.164931 -0.0966005
0.154514 -0.0927871
0.158854 -0.0898453
0.171007 -0.0860948
0.173611 -0.0820926
0.181424 -0.0784445
0.182292 -0.0749686
0.150174 -0.0726607
0.144097 -0.0702778
0.135417 -0.0676149
0.15191 -0.0647622
0.112847 -0.0615191
0.138889 -0.0601738
0.15625 -0.0570047
0.150174 -0.0536725
0.146701 -0.0496033
0.135417 -0.0460884
0.100694 -0.0426318
0.116319 -0.0410646
0.119792 -0.0381838
0.132812 -0.0358272
0.118056 -0.0338819
0.140625 -0.0322224
0.124132 -0.0301886
0.105035 -0.0286854
0.0920139 -0.0277096
0.0946181 -0.0259467
0.0980903 -0.0241488
0.114583 -0.0222196
0.105035 -0.0200272
0.101562 -0.0188598
0.0928819 -0.0177924
0.0772569 -0.0154282
0.0833333 -0.0141311
0.109375 -0.0126125
0.12066 -0.0104395
0.119792 -0.00842317
0.119792 -0.0050772
0.125 -0.00222915
0.122396 9.96631e-05
0.125868 0.00186918
0.150174 0.00411449
0.146701 0.0060468
0.0998264 0.00954378
0.09375 0.012241
0.111979 0.0140433
0.119792 0.0167418
0.109375 0.019147
0.114583 0.0214345
0.128472 0.0239254
0.139757 0.0257283
0.109375 0.0270719
0.114583 0.0270362
0.118924 0.0272532
0.0989583 0.0264355
0.121528 0.0258996
0.157118 0.0260143
0.136285 0.0272046
0.145833 0.0271215
0.15191 0.0263769
0.126736 0.0264686
0.15191 0.0255502
0.108507 0.0248186
0.0920139 0.0231321
0.0763889 0.0220449
0.0494792 0.0206616
0.0425347 0.0200766
0.0407986 0.0190093
0.03125 0.0184173
0.0173611 0.0176987
0.00434028 0.016793
0.00260417 0.0154745
0.00173611 0.0133322
0.0277778 0.0120931
0.0711806 0.0121729
0.0512153 0.012371
0.0399306 0.0122358
0.0303819 0.0117937
0.0164931 0.0116043
0.0121528 0.01082
0.00954861 0.0107318
0.0104167 0.0107672
0.015625 0.0101757
0.0104167 0.00926814
0.0173611 0.00832605
0.0572917 0.00784157
0.0529514 0.00686145
0.0815972 0.00743762
0.0425347 0.00812521
0.0355903 0.00858269
0.0694444 0.0105133
0.0885417 0.0140713
0.127604 0.0186972
0.128472 0.0231004
0.146701 0.0260402
0.126736 0.0295433
0.124132 0.0322965
0.116319 0.0353096
0.141493 0.0375704
0.154514 0.0392585
0.164062 0.0411463
0.151042 0.0428374
0.195312 0.0445945
0.227431 0.0464108
0.208333 0.0487677
0.199653 0.0517989
0.21875 0.0545809
0.237847 0.0573977
0.220486 0.0591907
0.242188 0.060668
0.256944 0.0618413
0.288194 0.0625907
0.276042 0.0627165
0.279514 0.0621367
0.287326 0.0630689
0.269097 0.0649582
0.290799 0.066672
0.306424 0.0690454
0.315104 0.0716932
0.305556 0.0761891
0.315972 0.0803868
0.322917 0.0856106
0.313368 0.090135
0.293403 0.095207
0.293403 0.101206
0.267361 0.106775
0.287326 0.112194
0.280382 0.117752
0.25 0.123442
0.230035 0.129364
0.236979 0.135104
0.259549 0.140117
0.289931 0.144757
0.323785 0.149624
0.307292 0.154678
0.309028 0.15818
0.289931 0.161336
0.273438 0.164675
0.21875 0.168428
0.222222 0.171341
0.224826 0.172732
0.243056 0.172909
0.233507 0.173924
0.265625 0.175106
0.280382 0.176523
0.256076 0.177402
0.294271 0.178327
0.288194 0.178453
0.280382 0.180494
0.297743 0.182128
0.333333 0.18385
0.369792 0.185661
0.347222 0.18827
0.326389 0.190797
0.309896 0.19169
0.334201 0.192891
0.361111 0.19507
0.335069 0.197237
0.322049 0.199345
0.288194 0.201852
0.268229 0.205055
0.239583 0.207539
0.223958 0.210888
0.251736 0.214594
0.257812 0.218651
0.28125 0.22262
0.284722 0.22619
0.303819 0.229027
0.293403 0.230698
0.34809 0.232275
0.354167 0.234616
0.350694 0.237029
0.356771 0.240094
0.37066 0.244149
0.386285 0.247588
0.360243 0.25103
0.349826 0.253559
0.334201 0.254793
0.357639 0.256304
0.342014 0.25832
0.309896 0.26052
0.322049 0.262429
0.321181 0.263511
0.335938 0.265069
0.314236 0.266963
0.305556 0.268347
0.326389 0.270198
0.275174 0.273252
0.242188 0.274161
0.210938 0.274967
0.180556 0.275235
0.189236 0.274121
0.202257 0.272084
0.200521 0.27084
0.193576 0.269725
0.211806 0.268336
0.225694 0.266579
0.200521 0.26677
0.179688 0.265366
0.165799 0.26297
0.1875 0.2603
0.18316 0.256496
0.190104 0.25294
0.197049 0.249735
0.203993 0.247023
0.198785 0.243947
0.143229 0.239933
0.143229 0.23598
0.190104 0.233128
0.190104 0.23224
0.206597 0.23133
0.217014 0.230679
0.21875 0.229866
0.213542 0.228858
0.210069 0.228373
0.190972 0.227236
0.188368 0.227196
0.194444 0.2265
0.171875 0.224547
0.176215 0.222264
0.176215 0.219649
0.15625 0.21771
0.164931 0.215124
0.165799 0.212986
0.184028 0.211258
0.189236 0.209516
0.217882 0.20836
0.197049 0.207325
0.21441 0.204814
0.236111 0.20237
0.261285 0.199968
0.204861 0.196268
0.200521 0.19158
0.18316 0.186397
0.206597 0.181735
0.195312 0.177697
0.215278 0.174387
0.257812 0.172453
0.250868 0.171248
0.233507 0.1704
0.217882 0.16878
0.207465 0.167192
0.174479 0.164354
0.171875 0.163293
0.166667 0.16217
0.169271 0.16025
0.190104 0.159072
0.199653 0.158701
0.228299 0.159557
0.269965 0.158988
0.253472 0.158195
0.231771 0.156026
0.215278 0.154605
0.193576 0.153494
0.201389 0.153316
0.202257 0.152603
0.225694 0.150769
0.236979 0.150299
0.216146 0.149638
0.197049 0.149101
0.188368 0.148608
0.1875 0.147047
0.186632 0.145382
0.207465 0.142501
0.232639 0.141427
0.273438 0.14102
0.278646 0.14059
0.250868 0.140052
0.256076 0.140081
0.270833 0.14084
0.280382 0.142137
0.28125 0.143292
0.273438 0.143746
0.291667 0.143359
0.301215 0.142784
0.265625 0.142436
0.256076 0.14266
0.234375 0.142094
0.247396 0.141673
0.272569 0.14134
0.295139 0.140562
0.270833 0.14084
0.27691 0.139439
0.259549 0.13665
0.268229 0.13334
0.256076 0.130288
0.257812 0.126627
0.249132 0.123731
0.263021 0.1201
0.273438 0.116694
0.277778 0.114625
0.294271 0.113421
0.282986 0.113381
0.283854 0.112237
0.295139 0.111279
0.314236 0.11019
0.273438 0.108475
0.289931 0.107329
0.302083 0.10744
0.274306 0.108895
0.28125 0.10994
0.297743 0.111036
0.326389 0.113502
0.315104 0.116514
0.290799 0.119805
0.28559 0.124102
0.282986 0.128552
0.28559 0.132735
0.288194 0.137601
0.282986 0.142143
0.253472 0.148397
0.247396 0.154582
0.222222 0.160299
0.228299 0.165856
0.193576 0.171221
0.193576 0.175764
0.195312 0.181612
0.212674 0.187459
0.213542 0.194614
0.229167 0.200841
0.237847 0.205805
0.216146 0.211639
0.203993 0.218033
0.223958 0.224051
0.21441 0.229644
0.21441 0.234017
0.230903 0.237193
0.240451 0.24117
0.259549 0.244184
0.278646 0.247076
0.315972 0.25026
0.293403 0.253067
0.283854 0.25584
0.290799 0.25874
0.25 0.262401
0.24566 0.266177
0.269097 0.269721
0.259549 0.272377
0.233507 0.273697
0.244792 0.274959
0.237847 0.276225
0.24566 0.276931
0.256944 0.277772
0.286458 0.279328
0.262153 0.281465
0.255208 0.283702
0.27691 0.286661
0.248264 0.289534
0.25434 0.292806
0.246528 0.296555
0.267361 0.299293
0.260417 0.302607
0.226562 0.306521
0.241319 0.309357
0.272569 0.314261
0.260417 0.318013
0.263889 0.321485
0.242188 0.324398
0.270833 0.327369
0.237847 0.330597
0.248264 0.334703
0.241319 0.338832
0.233507 0.343691
0.21441 0.34734
0.217882 0.350351
0.217014 0.352345
0.201389 0.353382
0.15625 0.353656
0.139757 0.352717
0.125868 0.349671
0.131076 0.347834
0.133681 0.345477
0.121528 0.342651
0.12934 0.338728
0.116319 0.336156
0.0980903 0.332728
0.147569 0.330755
0.130208 0.329583
0.111111 0.328803
0.102431 0.327762
0.125868 0.326759
0.101562 0.325236
0.150174 0.322793
0.138889 0.320236
0.140625 0.317764
0.112847 0.314963
0.118924 0.313558
0.157118 0.312196
0.152778 0.310939
0.167535 0.307119
0.151042 0.304375
0.150174 0.300264
0.144965 0.295636
0.125 0.290605
0.116319 0.28526
0.111979 0.279903
0.0980903 0.273805
0.105035 0.268704
0.126736 0.264199
0.139757 0.259854
0.135417 0.254889
0.116319 0.25022
0.133681 0.2448
0.123264 0.239003
0.119792 0.232853
0.0720486 0.226718
0.0625 0.220475
0.0928819 0.213787
0.0729167 0.207185
0.0659722 0.200088
0.0347222 0.191812
0.0555556 0.182515
0.0494792 0.173722
0.0260417 0.165581
0.0321181 0.157982
0.0425347 0.150709
0.0321181 0.143837
0.0729167 0.136726
0.0668403 0.129468
0.0555556 0.122646
0.0755208 0.116119
0.0659722 0.109371
0.0381944 0.10114
0.0138889 0.092943
0.046875 0.0836257
0.0112847 0.0747428
0.03125 0.0645656
0.0416667 0.05448
0.0572917 0.0446923
0.0503472 0.0353049
0.0581597 0.0247963
0.0633681 0.0132448
0.0555556 0.00386857
0.0633681 -0.00587077
0.0850694 -0.0142918
0.0989583 -0.0224818
0.0876736 -0.0307526
0.09375 -0.0385653
0.0911458 -0.0445434
0.0546875 -0.0509467
0.0329861 -0.0583127
0.00607639 -0.0652293
0.0243056 -0.0721359
0.015625 -0.0789396
0.0407986 -0.0861094
0.00260417 -0.0930126
0.0121528 -0.100225
0.0234375 -0.107715
0.0173611 -0.114609
0.0364583 -0.121568
0.0295139 -0.127947
0 -0.134375
0.0234375 -0.142244
0.0121528 -0.15042
0.00173611 -0.158833
0.015625 -0.166946
0.0321181 -0.174695
0.00520833 -0.182054
0.0373264 -0.188372
0.0390625 -0.19446
0.0451389 -0.199788
0.015625 -0.2049
0.00434028 -0.209943
0.00694444 -0.215064
0.0182292 -0.220315
0.0199653 -0.225015
0.0442708 -0.229424
0.00434028 -0.233456
0 -0.237084
0.0217014 -0.239506
0.0251736 -0.24132
0.0121528 -0.243331
0.0251736 -0.246103
0.0190972 -0.248861
0.0425347 -0.250819
0.0381944 -0.252809
0.0104167 -0.255503
0.0182292 -0.2593
0.0217014 -0.262928
0.0416667 -0.265082
0.0703125 -0.265842
0.0590278 -0.267941
0.0477431 -0.269968
0.0347222 -0.269991
0.0234375 -0.272421
0.0329861 -0.274589
0.0164931 -0.276921
0.0234375 -0.279842
0.00868056 -0.281875
0.0399306 -0.284113
0.0243056 -0.286966
0.00868056 -0.290576
0.0164931 -0.293961
0.0173611 -0.297893
0.00347222 -0.301421
0.0286458 -0.30447
0.0538194 -0.308251
0.0737847 -0.310237
0.0590278 -0.312261
0.0703125 -0.315091
0.0876736 -0.318212
0.0850694 -0.319679
0.0815972 -0.320239
0.0625 -0.320278
0.0703125 -0.321126
0.0486111 -0.320498
0.0407986 -0.320955
0.0694444 -0.321499
0.0347222 -0.321044
0.0321181 -0.319239
0.0399306 -0.316549
0.0303819 -0.314496
0.0138889 -0.311972
0.0460069 -0.309409
0.0703125 -0.306128
0.0651042 -0.302367
0.0798611 -0.298834
0.0416667 -0.294259
0.0234375 -0.290586
0.046875 -0.287297
0.0164931 -0.283652
0.0138889 -0.2799
0.0286458 -0.2756
0.0390625 -0.27115
0.0208333 -0.266314
0.0078125 -0.260673
0.0138889 -0.256752
0.046875 -0.253235
0.03125 -0.250205
0.0633681 -0.247229
0.0902778 -0.243298
0.0772569 -0.240375
0.0746528 -0.237959
0.113715 -0.235329
0.102431 -0.232417
0.0911458 -0.22953
0.0850694 -0.226867
0.0616319 -0.224049
0.0616319 -0.222979
0.0659722 -0.223796
0.0815972 -0.224019
0.106771 -0.222704
0.149306 -0.220902
0.0954861 -0.218222
0.127604 -0.216088
0.132812 -0.215338
0.176215 -0.214509
0.139757 -0.213584
0.131944 -0.212233
0.105903 -0.212757
0.0815972 -0.212336
0.0503472 -0.212705
0.0078125 -0.213076
0.0269097 -0.21196
0.0434028 -0.21106
0.0529514 -0.209463
0.0234375 -0.208146
0.0173611 -0.205064
0.0251736 -0.199745
0.03125 -0.194779
0.00260417 -0.19002
0.015625 -0.184568
0.0338542 -0.180552
0.0277778 -0.177415
0.0321181 -0.17429
0.0173611 -0.171681
0.00434028 -0.169058
0.015625 -0.165646
0.0208333 -0.162596
0.0442708 -0.160727
0.0538194 -0.160215
0.0694444 -0.160845
0.0789931 -0.161587
0.0746528 -0.163338
0.0512153 -0.164422
0.0486111 -0.164672
0.0269097 -0.165882
0.0373264 -0.167136
0.0538194 -0.166951
0.0442708 -0.1667
0.0590278 -0.167237
0.0711806 -0.168509
0.0486111 -0.170008
0.0451389 -0.172274
0.0555556 -0.174104
0.0434028 -0.176373
0.0295139 -0.17836
0.0121528 -0.180306
0.00868056 -0.181772
0.0164931 -0.184037
0.0182292 -0.186694
0.0251736 -0.190475
0 -0.194561
0.000868056 -0.198138
0.0164931 -0.201481
0.00868056 -0.204539
0.0225694 -0.208491
0.0295139 -0.211043
0.046875 -0.213523
0.0477431 -0.21523
0.0607639 -0.218184
0.0703125 -0.220102
0.0642361 -0.220886
0.0329861 -0.223087
0.0503472 -0.224659
0.0269097 -0.227019
0.0512153 -0.229007
0.0390625 -0.230359
0.0616319 -0.231084
0.0486111 -0.232262
0.0625 -0.234271
0.0625 -0.235496
0.0694444 -0.236453
0.111979 -0.236667
0.0928819 -0.237347
0.109375 -0.238441
0.114583 -0.239184
0.104167 -0.239121
0.141493 -0.237783
0.135417 -0.236842
0.140625 -0.236902
0.119792 -0.236322
0.12066 -0.237632
0.108507 -0.238594
0.122396 -0.24158
0.130208 -0.245605
0.119792 -0.248184
0.131076 -0.252027
0.119792 -0.255521
0.125 -0.258822
0.143229 -0.261525
0.118924 -0.264351
0.0980903 -0.266418
0.0885417 -0.271552
0.0755208 -0.277859
0.0729167 -0.283301
0.0772569 -0.289527
0.0824653 -0.294699
0.103299 -0.300839
0.119792 -0.305102
0.130208 -0.308958
0.144097 -0.314356
0.185764 -0.318989
0.177951 -0.323505
0.186632 -0.327559
0.16059 -0.33161
0.166667 -0.335082
0.161458 -0.339483
0.171007 -0.342145
0.130208 -0.343969
0.144097 -0.346081
0.164062 -0.348997
0.144965 -0.351704
0.155382 -0.353724
0.118924 -0.355255
0.140625 -0.357126
0.118056 -0.356382
0.106771 -0.356409
0.115451 -0.357722
0.105903 -0.359141
0.112847 -0.36015
0.110243 -0.361221
0.116319 -0.361836
0.101562 -0.363905
0.0894097 -0.363992
0.0824653 -0.365405
0.0633681 -0.366629
0.0512153 -0.368764
0.046875 -0.371058
0.0538194 -0.373394
0.0512153 -0.374581
0.0399306 -0.376893
0.0607639 -0.377761
0.0364583 -0.378411
0.0295139 -0.379068
0.000868056 -0.378866
0.00173611 -0.38026
0.0269097 -0.381609
0.0347222 -0.381045
0.00694444 -0.380665
0.0303819 -0.380447
0.0164931 -0.379321
0.0121528 -0.37931
0.00607639 -0.378097
0.00607639 -0.376515
0.00520833 -0.376169
0.0078125 -0.376184
0.0147569 -0.375394
0.0251736 -0.374639
0.0217014 -0.374264
0.0451389 -0.374139
0.0338542 -0.372131
0.0407986 -0.369807
0.0338542 -0.367048
0.0416667 -0.364593
0.00434028 -0.361656
0.00173611 -0.359602
0.00347222 -0.357235
0.015625 -0.355198
0.00347222 -0.351647
0.0746528 -0.349855
0.0746528 -0.34897
0.0555556 -0.347021
0.0564236 -0.345259
0.0364583 -0.342631
0.0668403 -0.340751
0.0451389 -0.337582
0.0677083 -0.335781
0.0494792 -0.333873
0.0581597 -0.330999
0.0460069 -0.32824
0.0694444 -0.325839
0.0598958 -0.322731
0.0746528 -0.320076
0.101562 -0.317562
0.0902778 -0.313082
0.0833333 -0.308568
0.0598958 -0.303769
0.0729167 -0.298216
0.0677083 -0.294355
0.0199653 -0.291435
0.0190972 -0.288327
0.0182292 -0.285786
0.00520833 -0.28264
0.0164931 -0.280464
0.0390625 -0.278425
0.0164931 -0.276606
0.0234375 -0.273878
0.0078125 -0.272225
0.0208333 -0.272303
0.00694444 -0.273146
0.0381944 -0.274158
0.0546875 -0.272292
0.0442708 -0.271665
0.0225694 -0.270879
0.0451389 -0.271036
0.0529514 -0.270323
0.0434028 -0.27011
0.0772569 -0.269734
0.0711806 -0.268116
0.0451389 -0.266687
0.0911458 -0.266019
0.078125 -0.265551
0.101562 -0.266013
0.115451 -0.266511
0.146701 -0.266514
0.155382 -0.266055
0.133681 -0.264953
0.163194 -0.262309
0.138021 -0.260912
0.114583 -0.26116
0.09375 -0.260227
0.0972222 -0.258698
0.145833 -0.257157
0.171007 -0.256558
0.189236 -0.256469
0.175347 -0.256484
0.19184 -0.256955
0.227431 -0.257659
0.234375 -0.258111
0.224826 -0.258487
0.248264 -0.258001
0.293403 -0.257738
0.275174 -0.258212
0.289062 -0.258482
0.282986 -0.257597
0.269965 -0.258627
0.295139 -0.258977
0.340278 -0.260059
0.344618 -0.261794
0.33941 -0.263654
0.335938 -0.266153
0.347222 -0.267401
0.335938 -0.268084
0.347222 -0.268091
0.344618 -0.267693
0.335069 -0.267645
0.320312 -0.267284
0.325521 -0.267772
0.31684 -0.267705
0.302951 -0.26721
0.328125 -0.267035
0.313368 -0.267995
0.292535 -0.268952
0.291667 -0.270731
0.320312 -0.272301
0.321181 -0.274212
0.289931 -0.278003
0.318576 -0.281887
0.30816 -0.284421
0.315972 -0.28799
0.332465 -0.290064
0.305556 -0.29266
0.27691 -0.293719
0.299479 -0.296983
0.326389 -0.299844
0.314236 -0.302116
0.309896 -0.303551
0.324653 -0.306092
0.350694 -0.306714
0.358507 -0.305925
0.368924 -0.304326
0.449653 -0.30105
0.424479 -0.297283
0.392361 -0.293946
0.398438 -0.289514
0.366319 -0.286622
0.368056 -0.282584
0.342014 -0.280022
0.350694 -0.277622
0.33941 -0.275262
0.352431 -0.272735
0.352431 -0.270497
0.359375 -0.266621
0.337674 -0.264337
0.334201 -0.262833
0.333333 -0.258994
0.33941 -0.254676
0.307292 -0.2497
0.329861 -0.245272
0.33941 -0.241509
0.351562 -0.238077
0.357639 -0.234683
0.381076 -0.230084
0.382812 -0.226459
0.396701 -0.224094
0.381076 -0.221594
0.394965 -0.219656
0.395833 -0.216485
0.389757 -0.211983
0.357639 -0.208205
0.384549 -0.20403
0.389757 -0.199908
0.361111 -0.196949
0.33941 -0.194961
0.324653 -0.191747
0.328125 -0.188636
0.307292 -0.186066
0.291667 -0.182459
0.278646 -0.181713
0.291667 -0.181866
0.299479 -0.181526
0.325521 -0.18173
0.321181 -0.180917
0.346354 -0.179252
0.349826 -0.180282
0.31684 -0.180264
0.319444 -0.18127
0.355903 -0.18164
0.373264 -0.181419
0.376736 -0.18109
0.397569 -0.179102
0.398438 -0.177175
0.388021 -0.174772
0.37934 -0.17207
0.375868 -0.170314
0.349826 -0.168721
0.345486 -0.166583
0.321181 -0.166012
0.329861 -0.166939
0.317708 -0.167557
0.293403 -0.168514
0.261285 -0.169673
0.257812 -0.170894
0.230035 -0.171411
0.272569 -0.170903
0.244792 -0.170361
0.265625 -0.170394
0.243056 -0.170173
0.230035 -0.168911
0.210069 -0.167189
0.181424 -0.166827
0.158854 -0.164571
0.138021 -0.161359
0.110243 -0.158849
0.108507 -0.156155
0.105035 -0.153791
0.100694 -0.15279
0.111979 -0.151652
0.0911458 -0.149434
0.0633681 -0.148082
0.0598958 -0.146728
0.0303819 -0.145589
0.0147569 -0.145424
0.0451389 -0.145914
0.0546875 -0.145521
0.0911458 -0.144049
0.0815972 -0.14466
0.0833333 -0.144493
0.0486111 -0.144298
0.0321181 -0.146432
0.0572917 -0.146916
0.0807292 -0.147553
0.0876736 -0.14684
0.0763889 -0.146559
0.0920139 -0.146468
0.110243 -0.147066
0.113715 -0.146144
0.0920139 -0.145632
0.0807292 -0.146646
0.0963542 -0.148048
0.0859375 -0.148259
0.0833333 -0.147689
0.0842014 -0.146278
0.0946181 -0.144504
0.0807292 -0.14397
0.113715 -0.142018
0.123264 -0.140371
0.146701 -0.137975
0.127604 -0.134754
0.150174 -0.132281
0.167535 -0.12952
0.172743 -0.126306
0.201389 -0.122891
0.19184 -0.120197
0.189236 -0.118013
0.16059 -0.114849
0.143229 -0.112517
0.141493 -0.110471
0.158854 -0.109878
0.131944 -0.110032
0.105903 -0.109129
0.116319 -0.109095
0.15191 -0.110204
0.111979 -0.110773
0.132812 -0.110674
0.138889 -0.110794
0.0963542 -0.111228
0.178819 -0.111079
0.226562 -0.110608
0.197917 -0.11044
0.175347 -0.110097
0.18316 -0.110175
0.153646 -0.110506
0.126736 -0.113291
0.133681 -0.117323
0.128472 -0.120636
0.155382 -0.124029
0.125 -0.126441
0.0980903 -0.128314
0.108507 -0.131424
0.118056 -0.135125
0.115451 -0.138222
0.138889 -0.14305
0.128472 -0.146172
0.126736 -0.149384
0.131076 -0.151701
0.128472 -0.155153
0.141493 -0.157453
0.157986 -0.159702
0.137153 -0.160921
0.138889 -0.161579
0.153646 -0.162412
0.163194 -0.163666
0.16059 -0.164886
0.146701 -0.165632
0.171007 -0.167285
0.178819 -0.166835
0.197917 -0.167298
0.234375 -0.167945
0.222222 -0.166124
0.216146 -0.165179
0.201389 -0.162401
0.186632 -0.160127
0.221354 -0.156899
0.236111 -0.155048
0.251736 -0.152599
0.243924 -0.150279
0.25434 -0.148986
0.253472 -0.146709
0.217882 -0.143488
0.188368 -0.142134
0.224826 -0.13838
0.240451 -0.137109
0.250868 -0.135705
0.225694 -0.134147
0.225694 -0.131719
0.231771 -0.130067
0.234375 -0.129165
0.21875 -0.12868
0.226562 -0.128805
0.226562 -0.128709
0.231771 -0.126967
0.247396 -0.124999
0.229167 -0.123737
0.216146 -0.122611
0.265625 -0.121751
0.256944 -0.120713
0.258681 -0.117978
0.259549 -0.113447
0.278646 -0.109606
0.303819 -0.103947
0.338542 -0.0988528
0.319444 -0.0929682
0.30816 -0.0872397
0.309896 -0.0826545
0.33941 -0.0795819
0.374132 -0.0753823
0.355903 -0.0688531
0.371528 -0.0638845
0.393229 -0.0589997
0.407118 -0.0530955
0.404514 -0.0464395
0.374132 -0.0405692
0.381944 -0.032958
0.394965 -0.0268461
0.380208 -0.0223448
0.358507 -0.0178058
0.378472 -0.0159136
0.384549 -0.0123881
0.385417 -0.00864363
0.412326 -0.00257458
0.386285 0.00425759
0.375868 0.0113919
0.394097 0.0183237
0.384549 0.0244091
0.336806 0.0300736
0.324653 0.0369973
0.37066 0.0418527
0.385417 0.0445174
0.356771 0.0486089
0.355903 0.0532711
0.320312 0.0565148
0.342882 0.060708
0.340278 0.0622628
0.349826 0.0647051
0.297743 0.0684224
0.256076 0.0726202
0.263889 0.0750676
0.239583 0.077721
0.230903 0.0799699
0.261285 0.0816256
0.226562 0.0841288
0.198785 0.08727
0.203993 0.0895506
0.203993 0.0924301
0.165799 0.0940197
0.164062 0.0956908
0.175347 0.0968677
0.179688 0.0968979
0.144965 0.0976276
0.154514 0.0980837
0.159722 0.100827
0.185764 0.102625
0.195312 0.103385
0.174479 0.103637
0.169271 0.104477
0.189236 0.107229
0.172743 0.109703
0.1875 0.111867
0.188368 0.113997
0.216146 0.117847
0.230035 0.120737
0.229167 0.125906
0.223958 0.131057
0.208333 0.136361
0.229167 0.140803
0.248264 0.144059
0.253472 0.146665
0.221354 0.148228
0.223958 0.150294
0.223958 0.150016
0.236111 0.151302
0.251736 0.151315
0.259549 0.150844
0.250868 0.150255
0.277778 0.149994
0.266493 0.148212
0.256076 0.146932
0.243924 0.144496
0.227431 0.141385
0.186632 0.138463
0.203125 0.1355
0.21875 0.132946
0.229167 0.130185
0.238715 0.128482
0.225694 0.126008
0.19184 0.123811
0.202257 0.122672
0.178819 0.121065
0.173611 0.120717
0.163194 0.120135
0.15625 0.119213
0.176215 0.119676
0.184028 0.121201
0.195312 0.124443
0.207465 0.12748
0.193576 0.131352
0.205729 0.133666
0.173611 0.13594
0.128472 0.136545
0.122396 0.13794
0.113715 0.1378
0.12934 0.139758
0.0998264 0.140175
0.106771 0.141191
0.128472 0.142121
0.122396 0.14301
0.105035 0.144343
0.123264 0.142699
0.123264 0.141245
0.103299 0.137024
0.12934 0.13393
0.133681 0.129268
0.152778 0.123227
0.153646 0.11883
0.162326 0.115136
0.192708 0.113696
0.184028 0.112766
0.192708 0.113218
0.189236 0.112908
0.203125 0.111659
0.19184 0.109462
0.164062 0.108289
0.149306 0.107472
0.15625 0.106972
0.143229 0.105208
0.136285 0.102767
0.177083 0.10191
0.164062 0.100802
0.136285 0.0995587
0.164931 0.0987204
0.148438 0.0979987
0.18316 0.100052
0.153646 0.101678
0.137153 0.101524
0.128472 0.101616
0.138889 0.0996789
0.103299 0.0971478
0.0946181 0.0947229
0.0902778 0.0945066
0.0321181 0.0949977
0.0199653 0.0956088
0.0234375 0.0964767
0.0581597 0.0982304
0.0755208 0.0983781
0.0850694 0.100171
0.106771 0.102237
0.103299 0.101523
0.153646 0.100273
0.135417 0.0968609
0.117188 0.0928062
0.116319 0.0907297
0.143229 0.0894885
0.131076 0.0867368
0.138889 0.0847126
0.138021 0.0838551
0.15191 0.0829637
0.164931 0.0818851
0.152778 0.0813518
0.121528 0.0792162
0.117188 0.0771836
0.102431 0.0742631
0.0963542 0.0719642
0.0894097 0.0683597
0.0850694 0.0651624
0.105035 0.0606781
0.100694 0.0553368
0.124132 0.0489054
0.158854 0.0426636
0.173611 0.0358794
0.168403 0.0312883
0.202257 0.0265365
0.207465 0.0209409
0.177951 0.0169077
0.174479 0.0132978
0.201389 0.00908411
0.177951 0.00781614
0.199653 0.0063205
0.213542 0.00621479
0.22309 0.00627621
0.203125 0.00620165
0.220486 0.00478376
0.247396 0.00427569
0.217014 0.00434718
0.19184 0.00493447
0.195312 0.00292457
0.139757 0.00118111
0.125 -0.00139342
0.125 -0.00500975
0.105903 -0.0071239
0.128472 -0.00995941
0.144097 -0.0127352
0.128472 -0.0160035
0.148438 -0.0196503
0.133681 -0.0253618
0.171875 -0.0292905
0.154514 -0.0318351
0.134549 -0.0340634
0.162326 -0.0362151
0.119792 -0.0379593
0.131944 -0.0396817
0.148438 -0.0428102
0.159722 -0.0451302
0.181424 -0.0474316
0.144097 -0.0496848
0.144965 -0.0493454
0.174479 -0.0515688
0.175347 -0.0542523
0.139757 -0.0533876
0.165799 -0.052821
0.195312 -0.0512963
0.212674 -0.0496543
0.210069 -0.0482007
0.211806 -0.0465467
0.230035 -0.0437284
0.229167 -0.0423459
0.239583 -0.0399868
0.243924 -0.039536
0.193576 -0.037976
0.193576 -0.0379725
0.190972 -0.0371554
0.202257 -0.0373953
0.22309 -0.0381924
0.220486 -0.0363465
0.181424 -0.0342477
0.145833 -0.0311319
0.152778 -0.0298474
0.153646 -0.0286971
0.128472 -0.0279999
0.15625 -0.0271169
0.15625 -0.0259331
0.144097 -0.0259682
0.116319 -0.0242996
0.104167 -0.0225388
0.109375 -0.021887
0.122396 -0.0212731
0.134549 -0.0208109
0.0729167 -0.021024
0.0954861 -0.0201498
0.121528 -0.0212582
0.113715 -0.0221154
0.105903 -0.0207312
0.0902778 -0.0185978
0.0321181 -0.0173403
0.0460069 -0.0147455
0.0451389 -0.0125097
0.0442708 -0.0117019
0.0355903 -0.0104626
0.0720486 -0.00844348
0.0894097 -0.00664264
0.0911458 -0.00395194
0.138021 -0.000485137
0.134549 0.00198826
0.101562 0.00468832
0.0998264 0.0077732
0.0824653 0.00923984
0.0789931 0.0123726
0.118056 0.0167069
0.0911458 0.0200003
0.0503472 0.024693
0.0260417 0.027867
0.0138889 0.0313964
0.00694444 0.0359485
0.0121528 0.0407562
0.0190972 0.0434372
0.00434028 0.0456342
0.0164931 0.048
0.0121528 0.0505626
0.0173611 0.0531168
0.0130208 0.055683
0.00347222 0.0555048
0.0190972 0.0564623
0.0460069 0.057156
0.0182292 0.0581385
0.0529514 0.0599095
0.0277778 0.0606961
0.0460069 0.0615726
0.0321181 0.0608897
0.0512153 0.0620452
0.0373264 0.0615833
0.0138889 0.0607523
0 0.0597137
0.0078125 0.0573505
0.0355903 0.055464
0.0199653 0.0553458
0.0347222 0.0553737
0.0381944 0.0554406
0.00954861 0.0553385
0.0130208 0.0534496
0.0121528 0.0495866
0.0130208 0.0474323
0.00694444 0.0472393
0 0.0475511
0 0.0477683
0.0338542 0.0474581
0.0442708 0.0473478
0.0390625 0.0475898
0.0381944 0.0485257
0.00260417 0.0501835
0.0078125 0.0494808
0.0434028 0.0497619
0.00954861 0.047545
0.00954861 0.0459752
0.0121528 0.0413459
0.0260417 0.0371036
0.0217014 0.032477
0.0190972 0.0292285
0.0121528 0.0253802
0.00520833 0.0207549
0.0173611 0.019725
0.0243056 0.0183389
0.0737847 0.0168556
0.0737847 0.0167357
0.0659722 0.0174766
0.0824653 0.018782
0.0616319 0.020896
0.0703125 0.0236348
0.0477431 0.0255573
0.0234375 0.0296859
0.0121528 0.0332841
0.0347222 0.0369284
0.0182292 0.0414768
0.0399306 0.0452617
0.0416667 0.0455371
0.0407986 0.0456413
0.0251736 0.0457842
0.0434028 0.0456651
0.0694444 0.0459016
0.0789931 0.0470501
0.0486111 0.0481506
0.0625 0.0496212
0.078125 0.0506884
0.103299 0.0513413
0.0763889 0.0516175
0.0963542 0.051227
0.101562 0.0502235
0.112847 0.0474193
0.117188 0.0459767
0.131076 0.0425267
0.113715 0.0397346
0.106771 0.0369695
0.124132 0.035606
0.143229 0.0329191
0.151042 0.0321302
0.172743 0.0326444
0.153646 0.0316354
0.174479 0.0308284
0.147569 0.0288965
0.122396 0.0265441
0.0989583 0.0260191
0.118924 0.0272131
0.111111 0.0286447
0.128472 0.0299518
0.140625 0.033491
0.149306 0.0350043
0.178819 0.0374413
0.179688 0.0389795
0.145833 0.041886
0.134549 0.0415699
0.113715 0.0406043
0.111979 0.0378964
0.117188 0.0362353
0.130208 0.0351869
0.104167 0.0332354
0.113715 0.0305257
0.100694 0.0260921
0.108507 0.0212256
0.12066 0.0162906
0.137153 0.0122643
0.138021 0.00648097
0.117188 0.00102437
0.116319 -0.00651428
0.117188 -0.0120005
0.114583 -0.0175162
0.0920139 -0.0232101
0.0763889 -0.028926
0.0659722 -0.0346444
0.0581597 -0.0391611
0.0381944 -0.0432657
0.0494792 -0.0469265
0.0833333 -0.0499679
0.0789931 -0.0511669
0.0746528 -0.0501441
0.0737847 -0.0495882
0.046875 -0.0477544
0.0286458 -0.0472911
0.0303819 -0.044393
0.0251736 -0.0415431
0.0303819 -0.0388395
0.00260417 -0.036707
0.0234375 -0.0334141
0.0164931 -0.0324666
0.0260417 -0.0303385
0.0295139 -0.0279522
0.015625 -0.0264421
0.0112847 -0.0236538
0.0338542 -0.0239026
0.0477431 -0.0224169
0.0572917 -0.0230897
0.0581597 -0.024987
0.0572917 -0.0258566
0.0416667 -0.0275012
0.0381944 -0.028844
0.0625 -0.0310507
0.0876736 -0.0339486
0.0894097 -0.0359141
0.0685764 -0.0387265
0.0529514 -0.0402663
0.09375 -0.0415618
0.0651042 -0.0434478
0.0434028 -0.0444394
0.0347222 -0.0442141
0.0555556 -0.0440153
0.0416667 -0.0436487
0.0607639 -0.0435319
0.0651042 -0.0427903
0.0824653 -0.0418189
0.0902778 -0.0389655
0.0998264 -0.0371977
0.0876736 -0.033879
0.0989583 -0.0315869
0.123264 -0.0273967
0.114583 -0.024062
0.107639 -0.0194431
0.111979 -0.0189402
0.116319 -0.0163578
0.140625 -0.0144185
0.146701 -0.0111463
0.131076 -0.0120338
0.116319 -0.0126334
0.107639 -0.0139083
0.111979 -0.0159845
0.149306 -0.0160859
0.175347 -0.0169261
0.200521 -0.0210978
0.167535 -0.0228036
0.166667 -0.0272578
0.164062 -0.0283218
0.144965 -0.0290975
0.162326 -0.0320085
0.135417 -0.0358874
0.125 -0.0417422
0.118924 -0.0470898
0.105903 -0.051109
0.0815972 -0.0526477
0.114583 -0.0534084
0.126736 -0.0535902
0.106771 -0.0539435
0.124132 -0.0535876
0.12066 -0.0523636
0.0546875 -0.0497837
0.0546875 -0.0464212
0.0303819 -0.0440365
0.0477431 -0.038902
0.0295139 -0.034764
0.00347222 -0.0313832
0.0190972 -0.0265143
0.0138889 -0.0216723
0.0182292 -0.0175815
0.00347222 -0.0151556
0.0112847 -0.0146631
0.0173611 -0.0135914
0.0329861 -0.0127523
0.0755208 -0.0129103
0.0772569 -0.0146478
0.0763889 -0.0157011
0.0842014 -0.016204
0.12066 -0.0191099
0.138021 -0.0209297
0.153646 -0.0188609
0.152778 -0.0192655
0.164931 -0.0196967
0.144965 -0.0206001
0.121528 -0.0194709
0.110243 -0.0170983
0.118924 -0.0126138
0.126736 -0.00883385
0.09375 -0.00526341
0.0859375 7.64731e-05
0.100694 0.00341832
0.0824653 0.00774288
0.0720486 0.0114313
0.0564236 0.0152166
0.0581597 0.0174837
0.0243056 0.0183742
0.0286458 0.0195222
0.0364583 0.0220607
0.0520833 0.0249064
0.0494792 0.0271695
0.0946181 0.0334533
0.0876736 0.0373844
0.0737847 0.0445117
0.0625 0.0493166
0.0815972 0.0535481
0.0503472 0.0598522
0.0668403 0.0655535
0.100694 0.070924
0.0902778 0.0758616
0.124132 0.0804834
0.134549 0.082251
0.165799 0.0866313
0.177951 0.0867109
0.172743 0.0899049
0.18316 0.0900868
0.169271 0.0912949
0.203993 0.0897564
0.210069 0.0877307
0.250868 0.084767
0.270833 0.0816375
0.290799 0.0763236
0.283854 0.0691079
0.277778 0.0639012
0.261285 0.0602945
0.261285 0.0610078
0.283854 0.0592666
0.28559 0.0563952
0.311632 0.0549542
0.309028 0.0506142
0.301215 0.049556
0.278646 0.0495466
0.240451 0.049486
0.243056 0.0494018
0.247396 0.0448276
0.238715 0.0416665
0.232639 0.0393676
0.256076 0.0408351
0.24566 0.0430702
0.253472 0.0434225
0.241319 0.0447588
0.276042 0.0484904
0.257812 0.0517582
0.237847 0.0561189
0.271701 0.0573284
0.232639 0.0604829
0.248264 0.0649532
0.262153 0.0673248
0.238715 0.0677781
0.243056 0.0671518
0.21875 0.0674235
0.211806 0.0693795
0.222222 0.0706273
0.251736 0.0710106
0.240451 0.0740574
0.261285 0.0730931
0.28559 0.0700974
0.299479 0.0635267
0.267361 0.0571531
0.27691 0.0493589
0.237847 0.0420803
0.260417 0.0390832
0.250868 0.0308132
0.249132 0.026917
0.241319 0.0209326
0.269097 0.0192837
0.256076 0.0145428
0.256944 0.0112715
0.263021 0.00498396
0.259549 0.00394381
0.256076 0.00106927
0.258681 -0.00177575
0.240451 -0.00622413
0.230903 -0.00871173
0.24566 -0.00854819
0.200521 -0.0114836
0.205729 -0.00936
0.233507 -0.00786593
0.230903 -0.00909111
0.21441 -0.0125808
0.208333 -0.0165005
0.178819 -0.0221336
0.186632 -0.0253487
0.196181 -0.0300817
0.168403 -0.0356987
0.161458 -0.0406528
0.152778 -0.0432504
0.131076 -0.0483159
0.0954861 -0.0512414
0.0911458 -0.0541536
0.115451 -0.0564303
0.138889 -0.0618344
0.110243 -0.0675883
0.124132 -0.0711227
0.117188 -0.0776763
0.127604 -0.0851806
0.111111 -0.0888795
0.125868 -0.0926018
0.115451 -0.0929898
0.108507 -0.0923735
0.0859375 -0.0888563
0.0685764 -0.0841267
0.0625 -0.083758
0.0477431 -0.0831574
0.0460069 -0.0820507
0.0451389 -0.0762616
0.046875 -0.0732116
0.0416667 -0.069338
0.0208333 -0.0618424
0.0225694 -0.0541887
0.0321181 -0.0437849
0.00260417 -0.0337988
0.0217014 -0.0228553
0.0243056 -0.0137717
0.0425347 -0.0072681
0.0217014 -0.00926056
0.00347222 -0.0102391
0.0130208 -0.0102436
0.00173611 -0.0125863
0.0217014 -0.0149367
0.00434028 -0.0165858
0.0078125 -0.0212592
0.0494792 -0.0238519
0.0512153 -0.0245562
0.0642361 -0.0256163
0.0711806 -0.0271707
0.0798611 -0.0286382
0.0625 -0.0351571
0.0286458 -0.0409745
0.0503472 -0.0435463
0.0633681 -0.0465698
0.0625 -0.0496311
0.0503472 -0.0521151
0.0217014 -0.0557474
0.00520833 -0.0594378
0.0234375 -0.0606285
0.0407986 -0.0597713
0.0425347 -0.0614506
0.0451389 -0.0629259
0.0190972 -0.0639886
0.0269097 -0.0639726
0.0190972 -0.0627895
0.0295139 -0.059301
0.0078125 -0.0610396
0.0503472 -0.0536563
0.0451389 -0.0505262
0.0407986 -0.0487918
0.0130208 -0.0420595
0.0538194 -0.0406338
0.0512153 -0.040292
0.0607639 -0.040308
0.0625 -0.0461645
0.0364583 -0.0582181
0.0703125 -0.071499
0.0347222 -0.0840209
0.00954861 -0.0946821
0.00260417 -0.106036
0.0355903 -0.118124
0.0564236 -0.129998
0.078125 -0.133452
0.114583 -0.131341
0.12934 -0.131163
0.107639 -0.133056
0.105903 -0.133544
0.0928819 -0.129727
0.100694 -0.123307
0.118924 -0.11169
0.116319 -0.106766
0.0894097 -0.0973631
0.106771 -0.0893286
0.0859375 -0.0773547
0.078125 -0.0708864
0.0737847 -0.0641647
0.0789931 -0.0564224
0.0590278 -0.048195
0.0902778 -0.0426106
0.0555556 -0.0397505
0.0711806 -0.0398091
0.0694444 -0.0389894
0.0815972 -0.0340228
0.107639 -0.0259935
0.141493 -0.01816
0.154514 -0.00793249
0.146701 0.00488713
0.163194 0.0180341
0.174479 0.0304842
0.1875 0.0368503
0.205729 0.0375685
0.184028 0.0352411
0.161458 0.0360837
0.159722 0.0273377
0.142361 0.0147152
0.140625 0.00319656
0.161458 -0.00629984
0.177951 -0.0138857
0.192708 -0.0263009
0.22309 -0.0420929
0.206597 -0.0553429
0.210938 -0.0644059
0.209201 -0.0615009
0.237847 -0.0630313
0.227431 -0.058048
0.21875 -0.0586404
0.22309 -0.0509341
0.235243 -0.0315104
0.229167 -0.00896319
0.240451 0.0101471
0.204861 0.0234791
0.186632 0.0403155
0.173611 0.0537536
0.18316 0.0629495
0.157986 0.0626408
0.171875 0.0649337
0.173611 0.0623905
0.166667 0.054965
0.176215 0.0416759
0.150174 0.0276411
0.172743 0.018789
0.194444 0.00399255
0.209201 0.00572963
0.216146 0.00359308
0.217014 0.00116155
0.213542 -0.00719083
0.217882 -0.0132065
0.215278 -0.00625381
0.230903 0.00031799
0.251736 0
