0.756944 1
0.760417 0.928403
0.774306 0.869598
0.777778 0.814223
0.784722 0.76487
0.809028 0.718414
0.809028 0.677381
0.864583 0.638655
0.798611 0.603626
0.795139 0.573016
0.694444 0.542704
0.704861 0.510284
0.628472 0.480036
0.645833 0.454153
0.625 0.427655
0.659722 0.402796
0.59375 0.382032
0.621528 0.362317
0.663194 0.344616
0.607639 0.329939
0.545139 0.315261
0.614583 0.300953
0.586806 0.289254
0.576389 0.278782
0.611111 0.268158
0.6875 0.256285
0.722222 0.243022
0.6875 0.230197
0.760417 0.21977
0.777778 0.209693
0.739583 0.197029
0.788194 0.185464
0.756944 0.174329
0.756944 0.163685
0.743056 0.154875
0.802083 0.148085
0.78125 0.138077
0.78125 0.130511
0.822917 0.122924
0.795139 0.118631
0.753472 0.113965
0.6875 0.108285
0.652778 0.100287
0.642361 0.0931312
0.652778 0.0860539
0.694444 0.080751
0.704861 0.0729561
0.652778 0.0675149
0.677083 0.0628674
0.663194 0.0573236
0.652778 0.0541639
0.607639 0.0514304
0.604167 0.0505861
0.611111 0.0468767
0.611111 0.0446098
0.590278 0.0413481
0.666667 0.0372314
0.690972 0.0327916
0.715278 0.0237058
0.694444 0.0169464
0.753472 0.00924976
0.763889 0.0023072
0.746528 -0.00489663
0.791667 -0.0116468
0.833333 -0.0155745
0.836806 -0.0181963
0.819444 -0.0207221
0.798611 -0.0240881
0.788194 -0.030447
0.815972 -0.0322727
0.788194 -0.0366632
0.857639 -0.0411137
0.829861 -0.0483898
0.850694 -0.0560882
0.850694 -0.0613683
0.8125 -0.0679221
0.847222 -0.0731991
0.822917 -0.0750775
0.833333 -0.0770105
0.847222 -0.0801833
0.871528 -0.0838567
0.829861 -0.0870081
0.861111 -0.0881301
0.854167 -0.0888799
0.868056 -0.0845476
0.895833 -0.0808733
0.847222 -0.0769106
0.833333 -0.0792444
0.861111 -0.0797109
0.833333 -0.0806818
0.809028 -0.0793653
0.815972 -0.0802422
0.791667 -0.0807163
0.791667 -0.0818947
0.753472 -0.0822015
0.78125 -0.0879558
0.791667 -0.0926716
0.809028 -0.0932103
0.802083 -0.0921869
0.784722 -0.0923416
0.763889 -0.0925846
0.777778 -0.0934325
0.75 -0.0911152
0.8125 -0.0897037
0.809028 -0.0872275
0.809028 -0.0822656
0.8125 -0.0769916
0.784722 -0.0734924
0.784722 -0.0684914
0.815972 -0.0638964
0.774306 -0.0578534
0.71875 -0.0510731
0.739583 -0.0452056
0.777778 -0.0415536
0.756944 -0.0411644
0.760417 -0.0361461
0.770833 -0.0371162
0.739583 -0.03635
0.791667 -0.0354529
0.805556 -0.0333729
0.802083 -0.0356676
0.777778 -0.0316082
0.75 -0.0283009
0.739583 -0.0269625
0.770833 -0.025934
0.770833 -0.0244539
0.815972 -0.0223909
0.822917 -0.021644
0.822917 -0.0196186
0.819444 -0.016555
0.868056 -0.0130282
0.833333 -0.00717361
0.8125 -0.00222495
0.805556 0.00507122
0.815972 0.0115444
0.822917 0.0134609
0.826389 0.0126333
0.847222 0.00856191
0.819444 0.00661238
0.829861 0.00667576
0.854167 0.0101855
0.802083 0.0144056
0.836806 0.0162696
0.881944 0.0194155
0.895833 0.0206229
0.899306 0.0238003
0.871528 0.0253021
0.840278 0.0272219
0.822917 0.0289999
0.802083 0.0321593
0.875 0.0385678
0.875 0.0461787
0.871528 0.0522355
0.864583 0.0590623
0.826389 0.0635873
0.784722 0.0670398
0.78125 0.0677603
0.8125 0.0656202
0.829861 0.0631892
0.861111 0.0599821
0.847222 0.0561181
0.850694 0.0516096
0.854167 0.0472634
0.840278 0.0461535
0.847222 0.0456287
0.861111 0.0423993
0.885417 0.0382171
0.878472 0.0342547
0.875 0.0309502
0.850694 0.0294183
0.802083 0.0287029
0.732639 0.0298491
0.725694 0.0283991
0.739583 0.0212423
0.760417 0.0131977
0.697917 0.00536347
0.75 -0.00360421
0.75 -0.00911843
0.774306 -0.0159226
0.833333 -0.0190434
0.809028 -0.025285
0.798611 -0.0295127
0.791667 -0.0334103
0.8125 -0.0353292
0.815972 -0.0372913
0.8125 -0.0374672
0.805556 -0.0395979
0.756944 -0.0401051
0.760417 -0.0377778
0.770833 -0.0339494
0.819444 -0.0294811
0.8125 -0.0276632
0.78125 -0.0271902
0.767361 -0.0245501
0.805556 -0.0242846
0.819444 -0.0202108
0.791667 -0.0169744
0.815972 -0.0154538
0.815972 -0.0136698
0.784722 -0.0114383
0.802083 -0.00674771
0.798611 8.36953e-05
0.819444 0.00423872
0.819444 0.0105528
0.819444 0.0152785
0.826389 0.0219929
0.826389 0.0227074
0.850694 0.0229124
0.8125 0.0261533
0.878472 0.031469
0.892361 0.0370104
0.881944 0.0408304
0.888889 0.043042
0.840278 0.0452011
0.833333 0.0449269
0.84375 0.0419312
0.878472 0.0363443
0.878472 0.029665
0.840278 0.0266428
0.767361 0.0233662
0.822917 0.0218515
0.822917 0.020643
0.732639 0.0165295
0.763889 0.0149973
0.777778 0.0156459
0.791667 0.0160905
0.840278 0.0147479
0.8125 0.0130663
0.819444 0.0094862
0.826389 0.00562451
0.809028 -0.00149803
0.854167 -0.00635547
0.798611 -0.0107625
0.833333 -0.0143305
0.805556 -0.0166145
0.78125 -0.0214078
0.815972 -0.0228406
0.815972 -0.0215627
0.802083 -0.0201983
0.822917 -0.0175502
0.826389 -0.0148706
0.805556 -0.0116331
0.822917 -0.0106624
0.840278 -0.00880425
0.815972 -0.00647462
0.829861 -0.00404464
0.805556 8.07494e-05
0.822917 0.00173073
0.798611 0.00620959
0.854167 0.0114372
0.899306 0.0150022
0.902778 0.014403
0.902778 0.0125217
0.90625 0.0115004
0.885417 0.00805825
0.850694 0.00927316
0.809028 0.0111868
0.84375 0.0146964
0.8125 0.0138404
0.8125 0.011783
0.822917 0.00684444
0.864583 0.00228215
0.881944 0.000844357
0.881944 0.000777824
0.888889 0.00131518
0.875 0.00267076
0.840278 0.00469402
0.850694 0.00705933
0.833333 0.00816171
0.819444 0.0100861
0.815972 0.00922567
0.809028 0.00903627
0.815972 0.00900012
0.819444 0.00867412
0.822917 0.0103269
0.822917 0.0106934
0.833333 0.0135315
0.878472 0.0186356
0.909722 0.0234781
0.875 0.0280792
0.850694 0.030115
0.857639 0.0328942
0.861111 0.0309121
0.868056 0.0256887
0.868056 0.020835
0.892361 0.0191211
0.902778 0.0197719
0.934028 0.0166421
0.892361 0.0145602
0.892361 0.0127965
0.875 0.00845976
0.878472 0.00391693
0.875 -0.000897878
0.829861 -0.00633204
0.861111 -0.0105234
0.868056 -0.012727
0.833333 -0.0119158
0.798611 -0.0103692
0.850694 -0.00979577
0.878472 -0.0112319
0.899306 -0.0138711
0.854167 -0.0130176
0.861111 -0.0125381
0.913194 -0.00880796
0.930556 -0.00575988
0.930556 -0.00197995
0.920139 0.00112608
0.916667 0.00117496
0.913194 -0.00308584
0.951389 -0.00642792
0.930556 -0.00807504
0.909722 -0.0127504
0.927083 -0.017356
0.923611 -0.0220642
0.944444 -0.0270869
0.944444 -0.0323632
0.913194 -0.0386308
0.923611 -0.0437685
0.90625 -0.0494843
0.895833 -0.0550815
0.857639 -0.054237
0.822917 -0.0563112
0.8125 -0.0580401
0.763889 -0.0605959
0.774306 -0.0630581
0.784722 -0.0666669
0.736111 -0.0667428
0.725694 -0.0693137
0.697917 -0.074707
0.697917 -0.0801115
0.725694 -0.0836657
0.722222 -0.0843974
0.704861 -0.0842907
0.715278 -0.0833148
0.701389 -0.0826164
0.725694 -0.0820349
0.756944 -0.0826861
0.767361 -0.0843501
0.777778 -0.0877972
0.805556 -0.0883118
0.819444 -0.0896003
0.829861 -0.0898046
0.802083 -0.0884821
0.819444 -0.0872468
0.791667 -0.0861512
0.753472 -0.0873821
0.729167 -0.0859322
0.701389 -0.0835883
0.739583 -0.0804901
0.788194 -0.0801583
0.819444 -0.0805644
0.78125 -0.0834107
0.829861 -0.088384
0.871528 -0.0938215
0.871528 -0.0963528
0.895833 -0.0961472
0.909722 -0.0954552
0.892361 -0.0969189
0.864583 -0.0941103
0.861111 -0.0893213
0.826389 -0.0833782
0.788194 -0.0796249
0.791667 -0.0731095
0.836806 -0.0724657
0.826389 -0.0725621
0.833333 -0.0731708
0.854167 -0.0762004
0.822917 -0.0811384
0.78125 -0.0873697
0.770833 -0.0954883
0.829861 -0.102626
0.805556 -0.106088
0.770833 -0.108041
0.836806 -0.112454
0.78125 -0.113142
0.763889 -0.114186
0.743056 -0.113925
0.802083 -0.113569
0.84375 -0.11499
0.836806 -0.117714
0.847222 -0.11601
0.819444 -0.112646
0.774306 -0.111148
0.777778 -0.110678
0.815972 -0.109182
0.805556 -0.108981
0.805556 -0.110802
0.8125 -0.114465
0.826389 -0.118948
0.805556 -0.120794
0.822917 -0.121317
0.815972 -0.118812
0.833333 -0.115585
0.854167 -0.112383
0.878472 -0.106885
0.84375 -0.101413
0.875 -0.0958813
0.847222 -0.0925244
0.84375 -0.090587
0.847222 -0.0868738
0.868056 -0.0826556
0.829861 -0.0806909
0.791667 -0.080185
0.770833 -0.0753094
0.798611 -0.0724414
0.798611 -0.0718985
0.829861 -0.0731121
0.822917 -0.0740639
0.840278 -0.0748718
0.8125 -0.0783072
0.822917 -0.0803987
0.802083 -0.0813361
0.815972 -0.0819198
0.788194 -0.0801401
0.767361 -0.0789349
0.791667 -0.0795536
0.763889 -0.0770581
0.760417 -0.0751128
0.784722 -0.0708754
0.777778 -0.0651451
0.833333 -0.056844
0.84375 -0.0496463
0.850694 -0.0386017
0.84375 -0.0333755
0.833333 -0.0302881
0.833333 -0.0274325
0.8125 -0.022345
0.815972 -0.0178164
0.767361 -0.0118355
0.802083 -0.00734021
0.763889 -0.00916754
0.763889 -0.00778837
0.704861 -0.00370021
0.670139 -0.00118854
0.736111 0.00136266
0.743056 0.0026579
0.788194 0.00183016
0.763889 0.00305635
0.756944 0.00236715
0.798611 0.00267729
0.798611 0.00143328
0.826389 0.000236103
0.854167 -0.000754836
0.892361 -0.00458415
0.916667 -0.00651865
0.885417 -0.0076929
0.861111 -0.00317473
0.861111 0.00166758
0.850694 0.00756747
0.861111 0.011891
0.868056 0.0210734
0.888889 0.0242706
0.881944 0.0283891
0.868056 0.0329937
0.861111 0.0351362
0.899306 0.0367015
0.885417 0.0372917
0.923611 0.0369801
0.923611 0.0361026
0.892361 0.0384422
0.861111 0.0399784
0.885417 0.0397901
0.875 0.0398528
0.864583 0.0403818
0.864583 0.0387594
0.888889 0.0357962
0.857639 0.0349546
0.847222 0.0332576
0.861111 0.0331593
0.840278 0.0316411
0.864583 0.0315981
0.899306 0.0292338
0.902778 0.0293228
0.902778 0.0293101
0.90625 0.0281173
0.892361 0.0284948
0.90625 0.0255296
0.892361 0.022044
0.899306 0.0202484
0.875 0.0182416
0.84375 0.0143071
0.861111 0.0141071
0.875 0.0188677
0.84375 0.0197779
0.84375 0.017932
0.878472 0.0148115
0.878472 0.0135117
0.788194 0.0160245
0.805556 0.0156446
0.760417 0.0182306
0.746528 0.0209049
0.756944 0.0238294
0.798611 0.0264229
0.777778 0.0319246
0.809028 0.0373215
0.805556 0.0387839
0.822917 0.0393447
0.798611 0.0374761
0.815972 0.0355699
0.822917 0.0357816
0.840278 0.0334418
0.850694 0.0301149
0.784722 0.0257191
0.753472 0.0195624
0.788194 0.0140074
0.770833 0.00638307
0.753472 0.00668324
0.795139 0.0069385
0.763889 0.00647185
0.739583 0.00263235
0.708333 0.00127683
0.652778 0.00138117
0.6875 0.00325977
0.75 0.00646482
0.732639 0.00799945
0.763889 0.0111956
0.743056 0.0175458
0.753472 0.0260408
0.795139 0.0311584
0.732639 0.0352569
0.78125 0.0393539
0.847222 0.040393
0.788194 0.0392463
0.777778 0.0379953
0.805556 0.0319112
0.798611 0.0268222
0.78125 0.0238425
0.763889 0.0207305
0.809028 0.018577
0.888889 0.0175453
0.895833 0.015522
0.875 0.0146283
0.854167 0.0129032
0.861111 0.0113823
0.809028 0.0127425
0.850694 0.0162231
0.805556 0.0211829
0.784722 0.0282815
0.809028 0.035215
0.836806 0.040302
0.805556 0.043409
0.8125 0.0445756
0.774306 0.0437806
0.729167 0.0431477
0.732639 0.0458812
0.701389 0.0488275
0.71875 0.0520452
0.75 0.060963
0.760417 0.0680613
0.739583 0.0709131
0.75 0.0737498
0.75 0.0762581
0.788194 0.0759412
0.770833 0.0779796
0.767361 0.0770433
0.770833 0.0753016
0.729167 0.0771698
0.697917 0.0793858
0.760417 0.0784755
0.763889 0.0744601
0.805556 0.0707825
0.78125 0.0651584
0.729167 0.0606167
0.704861 0.0562881
0.753472 0.0505603
0.791667 0.0456958
0.795139 0.0404396
0.729167 0.0342982
0.715278 0.0280828
0.71875 0.0245056
0.71875 0.0211532
0.701389 0.018853
0.708333 0.0195276
0.701389 0.0203468
0.729167 0.0210032
0.767361 0.0212343
0.770833 0.0188445
0.770833 0.017027
0.739583 0.0119396
0.763889 0.00612583
0.805556 -0.00268435
0.746528 -0.00961598
0.732639 -0.0187477
0.732639 -0.0250967
0.777778 -0.0304777
0.746528 -0.0329104
0.743056 -0.0353383
0.71875 -0.0371337
0.75 -0.0400126
0.732639 -0.0450204
0.784722 -0.0527053
0.774306 -0.0585399
0.743056 -0.0612251
0.784722 -0.0643325
0.809028 -0.0665234
0.8125 -0.0685242
0.861111 -0.0717636
0.840278 -0.0730201
0.815972 -0.0726435
0.746528 -0.06751
0.743056 -0.06041
0.704861 -0.0550487
0.739583 -0.0537768
0.774306 -0.0524406
0.777778 -0.0515183
0.78125 -0.0499251
0.739583 -0.0485662
0.71875 -0.047667
0.736111 -0.0474783
0.736111 -0.0477931
0.732639 -0.0514472
0.756944 -0.0530983
0.739583 -0.056412
0.798611 -0.0562568
0.795139 -0.0589992
0.791667 -0.0626669
0.795139 -0.0657551
0.760417 -0.0661895
0.736111 -0.0685803
0.732639 -0.0723169
0.795139 -0.0743695
0.760417 -0.076374
0.774306 -0.0775641
0.746528 -0.077131
0.732639 -0.0758324
0.635417 -0.0756944
0.677083 -0.0773922
0.694444 -0.0787313
0.649306 -0.0785564
0.767361 -0.0755387
0.701389 -0.0735375
0.736111 -0.0712499
0.659722 -0.0675889
0.677083 -0.0642247
0.625 -0.0588805
0.645833 -0.0558429
0.732639 -0.0548896
0.736111 -0.0524688
0.763889 -0.0522145
0.78125 -0.0509145
0.791667 -0.0502037
0.777778 -0.0478517
0.798611 -0.0454899
0.805556 -0.0447748
0.847222 -0.0453627
0.850694 -0.0445397
0.899306 -0.0403054
0.826389 -0.0323822
0.868056 -0.0275142
0.902778 -0.0233479
0.902778 -0.0217413
0.84375 -0.02185
0.857639 -0.0249381
0.836806 -0.0251529
0.826389 -0.022643
0.8125 -0.021002
0.791667 -0.0222157
0.78125 -0.0249505
0.788194 -0.0274426
0.791667 -0.028585
0.826389 -0.0299772
0.760417 -0.0321135
0.75 -0.0294617
0.791667 -0.0264678
0.770833 -0.0252378
0.8125 -0.022973
0.809028 -0.016007
0.784722 -0.012437
0.760417 -0.00889726
0.75 -0.00553719
0.805556 1.13096e-05
0.784722 0.00744058
0.684028 0.0142986
0.715278 0.0221883
0.708333 0.0286274
0.711806 0.0344836
0.684028 0.0395006
0.763889 0.0413808
0.767361 0.0475015
0.819444 0.0547643
0.847222 0.0620762
0.829861 0.0681147
0.84375 0.0745363
0.850694 0.0787068
0.878472 0.0790354
0.899306 0.0783009
0.923611 0.0782154
0.899306 0.0800459
0.895833 0.0844485
0.895833 0.0908997
0.888889 0.0945704
0.857639 0.0977689
0.857639 0.102975
0.767361 0.103626
0.743056 0.101198
0.78125 0.0979777
0.788194 0.0928751
0.746528 0.092017
0.71875 0.092674
0.711806 0.0956759
0.760417 0.098344
0.732639 0.0992592
0.743056 0.100596
0.767361 0.104846
0.767361 0.104754
0.694444 0.103626
0.743056 0.103608
0.760417 0.103755
0.822917 0.102381
0.829861 0.0967796
0.861111 0.0894731
0.795139 0.0842002
0.798611 0.0797447
0.815972 0.0740462
0.847222 0.0690286
0.795139 0.0637345
0.777778 0.0607504
0.763889 0.0555769
0.795139 0.0535478
0.75 0.0498424
0.756944 0.0481068
0.798611 0.0474132
0.760417 0.0445732
0.791667 0.0415513
0.8125 0.0360519
0.802083 0.031683
0.829861 0.0285542
0.822917 0.0272483
0.756944 0.0278835
0.725694 0.0246182
0.788194 0.0210697
0.819444 0.0170461
0.836806 0.0150513
0.881944 0.016838
0.826389 0.0170728
0.833333 0.0159725
0.836806 0.0133411
0.850694 0.00815976
0.833333 0.00140636
0.850694 -0.00203837
0.829861 -0.00416321
0.826389 -0.00635869
0.888889 -0.00862143
0.857639 -0.00853718
0.899306 -0.00866333
0.871528 -0.00710151
0.885417 -0.00557766
0.861111 -0.00632271
0.864583 -0.0101053
0.885417 -0.0118893
0.829861 -0.0179867
0.847222 -0.0217969
0.864583 -0.0254923
0.868056 -0.0270496
0.861111 -0.0300205
0.84375 -0.0347134
0.854167 -0.0364826
0.826389 -0.0382818
0.847222 -0.0374591
0.875 -0.034739
0.895833 -0.0293662
0.854167 -0.0253176
0.878472 -0.0230224
0.899306 -0.0167143
0.902778 -0.0107368
0.934028 -0.00564286
0.909722 -0.000101297
0.923611 0.0041559
0.888889 0.00852398
0.913194 0.0102857
0.881944 0.0142951
0.861111 0.014137
0.854167 0.0185095
0.836806 0.0203375
0.847222 0.0194159
0.868056 0.018385
0.815972 0.0186261
0.826389 0.0176273
0.777778 0.0141618
0.795139 0.00951423
0.767361 0.00609314
0.770833 0.00454309
0.774306 0.00447973
0.75 0.00549925
0.770833 0.00937683
0.805556 0.0133652
0.770833 0.0175216
0.743056 0.019719
0.743056 0.0236411
0.743056 0.0287411
0.708333 0.0320428
0.711806 0.0301888
0.756944 0.0292553
0.75 0.0304224
0.760417 0.0351486
0.743056 0.0384133
0.659722 0.0397121
0.586806 0.0448401
0.586806 0.0487152
0.614583 0.0521262
0.572917 0.0552601
0.614583 0.0544149
0.628472 0.0533426
0.659722 0.0494065
0.673611 0.0451623
0.739583 0.0420248
0.732639 0.0410398
0.802083 0.0378916
0.791667 0.0333386
0.701389 0.0280078
0.75 0.0191744
0.770833 0.0140942
0.78125 0.00862762
0.753472 0.0071139
0.767361 0.00626458
0.736111 0.00675414
0.791667 0.00220627
0.753472 -0.00172345
0.767361 -0.00358392
0.763889 -0.00622289
0.739583 -0.011231
0.784722 -0.017058
0.753472 -0.0209296
0.739583 -0.0248936
0.756944 -0.028382
0.743056 -0.0300562
0.732639 -0.0306528
0.763889 -0.0333374
0.774306 -0.0360883
0.774306 -0.0407057
0.767361 -0.0448814
0.767361 -0.0488078
0.802083 -0.0539719
0.822917 -0.0549626
0.836806 -0.0542092
0.829861 -0.0528136
0.871528 -0.0508357
0.833333 -0.044835
0.815972 -0.0414493
0.763889 -0.0411713
0.767361 -0.0429631
0.770833 -0.0450552
0.836806 -0.0461836
0.878472 -0.0480466
0.881944 -0.0492084
0.875 -0.0471664
0.868056 -0.0464856
0.829861 -0.0472071
0.822917 -0.0480234
0.833333 -0.0500816
0.840278 -0.0474672
0.861111 -0.0431203
0.864583 -0.0388667
0.885417 -0.0368425
0.895833 -0.0345616
0.895833 -0.0348751
0.854167 -0.0336519
0.822917 -0.0324424
0.753472 -0.0273477
0.795139 -0.0206412
0.829861 -0.0141427
0.847222 -0.00773287
0.829861 -0.00365896
0.861111 0.00275212
0.822917 0.00506549
0.822917 0.00356272
0.809028 0.00264643
0.774306 -0.00111614
0.736111 -0.00412835
0.6875 -0.00954548
0.680556 -0.0109704
0.743056 -0.0111633
0.770833 -0.0108972
0.8125 -0.00674013
0.815972 -0.00135624
0.822917 0.00270119
0.795139 0.00620268
0.850694 0.00506353
0.833333 0.00660218
0.84375 0.00983119
0.802083 0.013385
0.798611 0.0150567
0.847222 0.0200203
0.826389 0.0251802
0.84375 0.0299878
0.809028 0.0347624
0.753472 0.0352609
0.833333 0.0372083
0.829861 0.0405709
0.819444 0.0395155
0.833333 0.0354262
0.871528 0.0339311
0.854167 0.0362596
0.871528 0.0378379
0.826389 0.0412803
0.822917 0.0430812
0.829861 0.0426508
0.857639 0.0426972
0.868056 0.0423549
0.836806 0.0430748
0.878472 0.0418618
0.847222 0.0373144
0.854167 0.0320927
0.850694 0.0316719
0.840278 0.0297628
0.84375 0.0265742
0.795139 0.0251333
0.774306 0.0248866
0.739583 0.0203531
0.71875 0.0175361
0.704861 0.0112592
0.670139 0.00586839
0.677083 0.00276566
0.680556 -0.000240442
0.631944 -0.00626023
0.590278 -0.0108437
0.607639 -0.011615
0.65625 -0.0120761
0.739583 -0.0109593
0.746528 -0.00775117
0.701389 -0.00692335
0.670139 -0.00442671
0.690972 -0.00302586
0.722222 -0.00350176
0.739583 -0.00701346
0.777778 -0.0099884
0.746528 -0.0147147
0.777778 -0.0188371
0.774306 -0.0222492
0.798611 -0.0243498
0.736111 -0.0252018
0.729167 -0.025135
0.739583 -0.0246118
0.767361 -0.0265998
0.826389 -0.0279899
0.833333 -0.0263083
0.805556 -0.0264583
0.871528 -0.0242467
0.815972 -0.0230877
0.815972 -0.0184243
0.78125 -0.0129141
0.736111 -0.0082022
0.763889 -0.00518905
0.774306 -0.00259197
0.847222 -0.00119716
0.836806 -0.00142152
0.805556 -6.1776e-06
0.822917 0.00177596
0.809028 0.00436147
0.868056 0.00861649
0.847222 0.0130631
0.864583 0.0171531
0.836806 0.0222705
0.84375 0.0252167
0.798611 0.03192
0.78125 0.0359094
0.78125 0.0381174
0.791667 0.0426383
0.840278 0.0443407
0.864583 0.0439027
0.840278 0.045165
0.861111 0.0456833
0.840278 0.0420458
0.857639 0.0386416
0.878472 0.0392808
0.875 0.0370198
0.847222 0.0370614
0.899306 0.036556
0.885417 0.0364683
0.878472 0.0396984
0.854167 0.0432129
0.833333 0.0487458
0.864583 0.0521242
0.84375 0.0590058
0.847222 0.0649443
0.850694 0.0706886
0.829861 0.0758617
0.861111 0.0789255
0.840278 0.0833309
0.864583 0.0899205
0.902778 0.0945544
0.902778 0.0985707
0.875 0.102954
0.875 0.106617
0.899306 0.10971
0.920139 0.113185
0.916667 0.116476
0.934028 0.112988
0.916667 0.109117
0.902778 0.107981
0.920139 0.109115
0.875 0.110324
0.878472 0.111203
0.833333 0.109749
0.84375 0.108641
0.854167 0.106828
0.885417 0.107818
0.881944 0.110581
0.885417 0.111267
0.892361 0.111517
0.885417 0.111958
0.875 0.116275
0.829861 0.117986
0.861111 0.118349
0.854167 0.117942
0.857639 0.118226
0.84375 0.120464
0.829861 0.12087
0.8125 0.123307
0.840278 0.127451
0.840278 0.136795
0.840278 0.144166
0.840278 0.149732
0.881944 0.151747
0.916667 0.152358
0.895833 0.154929
0.864583 0.156797
0.819444 0.155971
0.791667 0.155266
0.798611 0.151716
0.763889 0.145086
0.802083 0.143464
0.815972 0.137658
0.840278 0.133369
0.805556 0.127304
0.836806 0.122975
0.798611 0.122133
0.833333 0.117568
0.84375 0.115854
0.847222 0.114578
0.847222 0.111477
0.833333 0.108441
0.809028 0.101274
0.784722 0.092876
0.777778 0.086884
0.815972 0.0815794
0.84375 0.0771332
0.850694 0.0727828
0.833333 0.0709341
0.833333 0.0679837
0.836806 0.0712159
0.78125 0.0701087
0.802083 0.0676064
0.847222 0.0648679
0.847222 0.0601048
0.84375 0.0536498
0.878472 0.0517472
0.836806 0.0485365
0.864583 0.045098
0.864583 0.0421156
0.84375 0.0419735
0.881944 0.0420675
0.895833 0.0417615
0.878472 0.0429616
0.881944 0.0428995
0.836806 0.0367509
0.84375 0.0296335
0.836806 0.0213789
0.875 0.0114359
0.888889 0.00457914
0.899306 -0.00319121
0.892361 -0.00949595
0.892361 -0.0178717
0.871528 -0.0197911
0.819444 -0.0262105
0.753472 -0.0312582
0.763889 -0.0364849
0.736111 -0.04133
0.746528 -0.0473095
0.753472 -0.052089
0.774306 -0.0576668
0.743056 -0.0610718
0.75 -0.0700739
0.767361 -0.0768836
0.777778 -0.0829763
0.71875 -0.0849767
0.711806 -0.0847305
0.729167 -0.085759
0.75 -0.0892533
0.767361 -0.0925008
0.8125 -0.0993474
0.763889 -0.105062
0.6875 -0.106953
0.666667 -0.106868
0.670139 -0.106906
0.677083 -0.10911
0.715278 -0.111398
0.701389 -0.115652
0.722222 -0.115307
0.763889 -0.114565
0.774306 -0.115278
0.774306 -0.119629
0.826389 -0.1237
0.836806 -0.126405
0.777778 -0.129173
0.774306 -0.130099
0.746528 -0.130803
0.725694 -0.133849
0.6875 -0.1356
0.71875 -0.138861
0.760417 -0.140381
0.756944 -0.14116
0.788194 -0.141779
0.795139 -0.140696
0.798611 -0.139115
0.791667 -0.139033
0.78125 -0.139951
0.732639 -0.137373
0.784722 -0.13256
0.736111 -0.127625
0.666667 -0.123889
0.680556 -0.119001
0.715278 -0.117345
0.763889 -0.118417
0.788194 -0.116721
0.798611 -0.113691
0.8125 -0.108336
0.822917 -0.104294
0.798611 -0.100732
0.725694 -0.0971778
0.756944 -0.091138
0.788194 -0.089539
0.770833 -0.0897746
0.788194 -0.088697
0.822917 -0.0872505
0.788194 -0.0854175
0.788194 -0.0831769
0.833333 -0.0835025
0.868056 -0.0837792
0.829861 -0.0844781
0.822917 -0.0828159
0.8125 -0.0794476
0.819444 -0.0772266
0.833333 -0.0769805
0.822917 -0.0781444
0.819444 -0.0799365
0.739583 -0.0787732
0.739583 -0.0783016
0.788194 -0.0769536
0.805556 -0.0753996
0.795139 -0.0693012
0.770833 -0.0621195
0.809028 -0.0563254
0.774306 -0.052426
0.784722 -0.0515808
0.763889 -0.0478992
0.753472 -0.0458704
0.795139 -0.0445277
0.802083 -0.0400255
0.864583 -0.0334243
0.885417 -0.0243333
0.847222 -0.0139741
0.881944 -0.00606589
0.895833 -0.000248146
0.888889 0.00762404
0.888889 0.0169041
0.934028 0.0229086
0.927083 0.0297307
0.895833 0.0358246
0.888889 0.0372848
0.878472 0.0415316
0.868056 0.0477061
0.833333 0.0579908
0.791667 0.0623831
0.767361 0.0692456
0.739583 0.0769171
0.798611 0.0840062
0.822917 0.087575
0.8125 0.0923537
0.819444 0.0965106
0.836806 0.100008
0.826389 0.103663
0.871528 0.106158
0.868056 0.10766
0.826389 0.108806
0.8125 0.11181
0.829861 0.109055
0.847222 0.102542
0.833333 0.0968412
0.822917 0.0890374
0.871528 0.0861942
0.836806 0.0829522
0.84375 0.0812464
0.875 0.0794254
0.888889 0.0766205
0.875 0.0767346
0.881944 0.0783121
0.861111 0.0773117
0.878472 0.0760893
0.847222 0.0757125
0.826389 0.0740154
0.854167 0.0702595
0.868056 0.0649047
0.795139 0.0640176
0.753472 0.0644399
0.75 0.0640427
0.784722 0.0631291
0.809028 0.0613326
0.777778 0.0588342
0.798611 0.0562025
0.78125 0.0555674
0.784722 0.0530581
0.795139 0.0485343
0.836806 0.0430643
0.836806 0.0342644
0.892361 0.0298487
0.892361 0.0251344
0.881944 0.0220562
0.881944 0.0183165
0.836806 0.0174713
0.868056 0.0166301
0.84375 0.0132422
0.798611 0.00717808
0.736111 0.00431272
0.777778 0.000740496
0.788194 -0.00141586
0.746528 -0.00329192
0.746528 -0.00451536
0.760417 -0.00371854
0.736111 -0.00341306
0.725694 -0.00503259
0.798611 -0.00833172
0.71875 -0.00995512
0.743056 -0.0103595
0.736111 -0.00926532
0.697917 -0.00908653
0.680556 -0.00866902
0.739583 -0.00674768
0.743056 -0.00457548
0.770833 -0.00346065
0.739583 -0.00641852
0.743056 -0.00690199
0.71875 -0.00273741
0.739583 0.00256518
0.704861 0.00623274
0.684028 0.0102835
0.694444 0.0143183
0.680556 0.0175925
0.711806 0.0157294
0.753472 0.0160067
0.746528 0.0171641
0.777778 0.0171245
0.795139 0.020776
0.809028 0.0167064
0.84375 0.0142982
0.822917 0.0111955
0.847222 0.00921085
0.850694 0.00728221
0.815972 0.00579449
0.833333 0.00201079
0.788194 0.00157618
0.8125 -0.00325663
0.756944 -0.00550889
0.791667 -0.00999043
0.8125 -0.0129791
0.868056 -0.0146624
0.833333 -0.0165174
0.829861 -0.0175037
0.899306 -0.0186718
0.878472 -0.0159524
0.833333 -0.0142099
0.819444 -0.0134679
0.857639 -0.0142969
0.892361 -0.0171695
0.878472 -0.0222575
0.840278 -0.0255089
0.885417 -0.0240936
0.857639 -0.0230566
0.819444 -0.0251236
0.809028 -0.0283938
0.84375 -0.0313777
0.864583 -0.0332731
0.822917 -0.0325084
0.857639 -0.0343781
0.8125 -0.0362533
0.760417 -0.0370326
0.788194 -0.0388531
0.802083 -0.0413608
0.819444 -0.0461864
0.809028 -0.0457712
0.802083 -0.0436383
0.767361 -0.0403637
0.777778 -0.0396807
0.798611 -0.0389603
0.826389 -0.0362041
0.822917 -0.037617
0.847222 -0.0393288
0.805556 -0.0399486
0.815972 -0.0387786
0.784722 -0.0405491
0.805556 -0.0418335
0.746528 -0.0411586
0.732639 -0.0391434
0.791667 -0.0355532
0.805556 -0.0360041
0.850694 -0.0356801
0.861111 -0.035731
0.815972 -0.0365998
0.822917 -0.0384239
0.836806 -0.0396367
0.857639 -0.0381256
0.847222 -0.0345392
0.850694 -0.0270774
0.857639 -0.0205113
0.795139 -0.0151281
0.822917 -0.0116706
0.822917 -0.00837278
0.791667 -0.00649417
0.736111 -0.00492538
0.746528 -0.00308998
0.729167 -0.00309363
0.8125 -0.00289933
0.815972 -0.00371574
0.826389 -0.00236375
0.743056 -0.00153015
0.763889 -0.000116008
0.791667 -0.000575303
0.8125 0.00186602
0.847222 0.00123284
0.861111 -0.00109129
0.840278 0.000397026
0.857639 0.00190771
0.822917 0.00133239
0.829861 0.00129906
0.854167 -0.00285494
0.881944 -0.00941413
0.84375 -0.0122331
0.784722 -0.01796
0.784722 -0.024067
0.826389 -0.0252834
0.836806 -0.0263074
0.833333 -0.0309159
0.809028 -0.0308109
0.847222 -0.0326508
0.795139 -0.033203
0.802083 -0.0341939
0.774306 -0.0347266
0.777778 -0.0385498
0.791667 -0.0391559
0.8125 -0.0378214
0.833333 -0.0384231
0.875 -0.0376391
0.864583 -0.0387497
0.885417 -0.0433975
0.90625 -0.0463447
0.881944 -0.0480869
0.847222 -0.0518995
0.805556 -0.0524292
0.819444 -0.0545712
0.840278 -0.057276
0.8125 -0.0610899
0.802083 -0.0629566
0.805556 -0.065379
0.833333 -0.0692183
0.8125 -0.0712314
0.802083 -0.0729329
0.767361 -0.0762391
0.736111 -0.0809339
0.722222 -0.0845174
0.746528 -0.0884529
0.739583 -0.0886477
0.739583 -0.087367
0.684028 -0.0872553
0.732639 -0.0871398
0.708333 -0.0861248
0.71875 -0.0835898
0.805556 -0.0812677
0.819444 -0.076304
0.809028 -0.070762
0.833333 -0.0655275
0.840278 -0.0603088
0.868056 -0.055326
0.899306 -0.0524229
0.871528 -0.0492778
0.864583 -0.044617
0.854167 -0.0437284
0.850694 -0.0446252
0.84375 -0.0482001
0.836806 -0.0500874
0.864583 -0.0509041
0.902778 -0.0538081
0.899306 -0.0565141
0.888889 -0.0604463
0.885417 -0.0630526
0.857639 -0.0695178
0.868056 -0.0773122
0.881944 -0.0834476
0.857639 -0.0851023
0.815972 -0.0837291
0.791667 -0.0800284
0.791667 -0.0775379
0.826389 -0.0759591
0.833333 -0.0742905
0.857639 -0.0690903
0.871528 -0.066222
0.885417 -0.0651635
0.857639 -0.0614623
0.84375 -0.0597738
0.819444 -0.0558085
0.826389 -0.0527127
0.777778 -0.0510886
0.75 -0.0485215
0.722222 -0.0476651
0.763889 -0.0459753
0.729167 -0.0447222
0.746528 -0.0459085
0.75 -0.0456505
0.725694 -0.0484906
0.711806 -0.0523735
0.722222 -0.0583318
0.71875 -0.0585842
0.736111 -0.0582677
0.75 -0.0564939
0.770833 -0.0576874
0.732639 -0.0532278
0.725694 -0.0478115
0.71875 -0.0438061
0.715278 -0.0427793
0.736111 -0.0423913
0.739583 -0.0421071
0.739583 -0.0447628
0.701389 -0.0431394
0.711806 -0.0404909
0.6875 -0.0330748
0.677083 -0.0246293
0.677083 -0.0176843
0.71875 -0.0116712
0.697917 -0.00877462
0.722222 -0.00741685
0.677083 -0.00427659
0.670139 0.00138483
0.684028 0.00352222
0.680556 0.00880019
0.645833 0.0125651
0.701389 0.0189654
0.722222 0.0242383
0.791667 0.0303484
0.840278 0.037735
0.822917 0.0467245
0.84375 0.0588746
0.861111 0.0703237
0.885417 0.0786496
0.854167 0.0815498
0.871528 0.0830294
0.84375 0.0809059
0.833333 0.0791789
0.822917 0.0735104
0.815972 0.0679166
0.850694 0.0654373
0.819444 0.0625982
0.833333 0.0642868
0.8125 0.0654446
0.809028 0.0633951
0.826389 0.0630133
0.881944 0.0582545
0.888889 0.0544881
0.885417 0.0505476
0.892361 0.046746
0.864583 0.0443936
0.84375 0.0376215
0.836806 0.0349692
0.815972 0.0321276
0.795139 0.0284746
0.805556 0.0255899
0.805556 0.0230481
0.809028 0.0253673
0.75 0.0262064
0.78125 0.0263259
0.767361 0.0256655
0.756944 0.0253057
0.756944 0.0252155
0.729167 0.0280733
0.795139 0.0319863
0.795139 0.0366481
0.809028 0.0404804
0.815972 0.0438772
0.833333 0.0474626
0.847222 0.0492917
0.847222 0.045647
0.885417 0.044517
0.871528 0.0416784
0.847222 0.0399496
0.885417 0.0399298
0.892361 0.0359879
0.868056 0.0300068
0.927083 0.0233004
0.920139 0.0164697
0.909722 0.0110721
0.878472 0.00573942
0.899306 0.00213859
0.899306 -0.001972
0.829861 -0.00230956
0.760417 -0.00184526
0.711806 -0.00157381
0.659722 -0.00511439
0.649306 -0.00643506
0.65625 -0.00260548
0.770833 -0.00252813
0.822917 -0.00144744
0.763889 0.00170304
0.809028 0.00823413
0.795139 0.0135181
0.756944 0.0204426
0.791667 0.0230111
0.815972 0.0255266
0.809028 0.0309656
0.784722 0.0373348
0.819444 0.0377237
0.819444 0.0398892
0.875 0.0416263
0.878472 0.042515
0.861111 0.0445903
0.888889 0.0466055
0.909722 0.0483655
0.916667 0.0534563
0.892361 0.0564785
0.888889 0.0576485
0.861111 0.0579583
0.847222 0.0575972
0.8125 0.0563764
0.802083 0.0520855
0.815972 0.0478902
0.861111 0.0492181
0.815972 0.0529034
0.857639 0.0532009
0.826389 0.0538406
0.847222 0.0514588
0.871528 0.0497709
0.875 0.0451811
0.840278 0.0428508
0.847222 0.0436113
0.815972 0.0397793
0.833333 0.0345242
0.850694 0.027377
0.878472 0.0202943
0.857639 0.015501
0.847222 0.012792
0.833333 0.00732367
0.850694 0.00587986
0.899306 0.0056995
0.861111 0.00287862
0.861111 -0.00318685
0.8125 -0.00672877
0.756944 -0.0102393
0.798611 -0.0155414
0.822917 -0.0207951
0.840278 -0.0275213
0.78125 -0.0366002
0.767361 -0.0449067
0.725694 -0.0511761
0.711806 -0.0553278
0.739583 -0.0583427
0.736111 -0.0598964
0.725694 -0.0635561
0.732639 -0.0631662
0.736111 -0.0622669
0.71875 -0.0607398
0.666667 -0.0594223
0.642361 -0.0532226
0.604167 -0.0471593
0.555556 -0.038424
0.59375 -0.0335122
0.607639 -0.0276455
0.600694 -0.0247311
0.5625 -0.0215288
0.541667 -0.0183589
0.552083 -0.0173487
0.5625 -0.0165164
0.552083 -0.016465
0.548611 -0.0140248
0.555556 -0.0118613
0.600694 -0.00821366
0.600694 -0.00924247
0.555556 -0.0113024
0.559028 -0.0139896
0.555556 -0.0140963
0.611111 -0.0148512
0.628472 -0.0169749
0.600694 -0.0202615
0.604167 -0.0218514
0.666667 -0.0239574
0.71875 -0.0276211
0.6875 -0.0270436
0.701389 -0.0242146
0.722222 -0.0243397
0.736111 -0.0249651
0.708333 -0.0251985
0.711806 -0.0251277
0.711806 -0.0267634
0.736111 -0.0235981
0.795139 -0.0229051
0.784722 -0.0217551
0.763889 -0.0211441
0.746528 -0.0181844
0.708333 -0.0142574
0.763889 -0.0133429
0.809028 -0.0152381
0.819444 -0.0173638
0.815972 -0.021854
0.791667 -0.0273286
0.840278 -0.0360862
0.819444 -0.0445442
0.805556 -0.0518448
0.756944 -0.0607641
0.75 -0.0679212
0.777778 -0.0772292
0.829861 -0.0844753
0.763889 -0.0925633
0.791667 -0.095948
0.784722 -0.0964409
0.805556 -0.0947024
0.75 -0.0951797
0.777778 -0.0972125
0.763889 -0.0984259
0.71875 -0.100488
0.715278 -0.100027
0.725694 -0.104609
0.725694 -0.106163
0.722222 -0.109376
0.690972 -0.112927
0.71875 -0.116653
0.760417 -0.116989
0.729167 -0.116978
0.763889 -0.117124
0.739583 -0.11545
0.770833 -0.114613
0.78125 -0.116163
0.732639 -0.115002
0.767361 -0.110959
0.729167 -0.107654
0.694444 -0.104324
0.697917 -0.106574
0.666667 -0.109484
0.670139 -0.111049
0.663194 -0.112139
0.701389 -0.111816
0.739583 -0.11181
0.756944 -0.108169
0.729167 -0.103448
0.774306 -0.0989175
0.805556 -0.0915888
0.791667 -0.087929
0.763889 -0.0807723
0.815972 -0.0779165
0.798611 -0.0709825
0.840278 -0.0687319
0.829861 -0.0660395
0.833333 -0.0617345
0.777778 -0.0542116
0.822917 -0.0507749
0.864583 -0.0457595
0.909722 -0.040781
0.888889 -0.0343107
0.888889 -0.028128
0.857639 -0.0223907
0.833333 -0.0191397
0.809028 -0.0191894
0.819444 -0.0142639
0.836806 -0.00902132
0.826389 -0.007973
0.840278 -0.00495284
0.878472 -0.000602994
0.878472 0.00254567
0.861111 0.00489244
0.78125 0.0115159
0.784722 0.0209722
0.798611 0.0256143
0.826389 0.0312469
0.809028 0.0393062
0.833333 0.0443028
0.868056 0.0481539
0.871528 0.0486078
0.833333 0.0493044
0.868056 0.0527044
0.850694 0.0580227
0.864583 0.0627733
0.868056 0.0669158
0.833333 0.0726335
0.815972 0.0801134
0.857639 0.0883608
0.885417 0.0936619
0.857639 0.102252
0.836806 0.107041
0.840278 0.113399
0.826389 0.114035
0.788194 0.113751
0.819444 0.110914
0.819444 0.10824
0.774306 0.107991
0.763889 0.111513
0.809028 0.110817
0.84375 0.112581
0.875 0.11466
0.888889 0.111044
0.871528 0.110839
0.857639 0.110841
0.878472 0.111729
0.840278 0.110811
0.819444 0.108662
0.788194 0.105752
0.774306 0.104834
0.729167 0.103146
0.770833 0.101478
0.840278 0.0979618
0.871528 0.0992068
0.868056 0.0974264
0.892361 0.0935054
0.878472 0.0878467
0.888889 0.0825169
0.881944 0.079021
0.899306 0.0753391
0.881944 0.0703708
0.791667 0.0649683
0.819444 0.0614001
0.777778 0.0605936
0.791667 0.0604281
0.802083 0.0618257
0.822917 0.0623274
0.850694 0.0641868
0.892361 0.0648118
0.840278 0.0700118
0.84375 0.0727703
0.805556 0.0749483
0.815972 0.0773551
0.802083 0.0784263
0.78125 0.0802387
0.777778 0.0811527
0.788194 0.0827287
0.784722 0.0814921
0.84375 0.0823875
0.833333 0.0812679
0.815972 0.0822233
0.815972 0.0810812
0.840278 0.0791818
0.829861 0.077492
0.854167 0.073227
0.857639 0.0720959
0.829861 0.0701345
0.850694 0.0625593
0.878472 0.0559981
0.871528 0.0476834
0.836806 0.0373657
0.854167 0.0274625
0.833333 0.0231276
0.840278 0.0218637
0.857639 0.0221513
0.836806 0.0244545
0.809028 0.0227882
0.836806 0.0220608
0.881944 0.0226735
0.861111 0.0248471
0.815972 0.0273528
0.861111 0.0298989
0.892361 0.0263197
0.9375 0.0269553
0.913194 0.0297675
0.920139 0.0344607
0.899306 0.0391217
0.84375 0.0419497
0.840278 0.0456136
0.864583 0.0458953
0.868056 0.0482792
0.892361 0.0508721
0.899306 0.0533632
0.871528 0.0499617
0.802083 0.0497709
0.791667 0.0458264
0.770833 0.0430088
0.767361 0.0388367
0.767361 0.0313306
0.760417 0.0251233
0.784722 0.02111
0.763889 0.0150919
0.756944 0.013908
0.760417 0.0128285
0.729167 0.0150551
0.722222 0.0143833
0.701389 0.00996295
0.677083 0.00395971
0.666667 -0.00303122
0.642361 -0.00934043
0.604167 -0.0153485
0.548611 -0.0165071
0.489583 -0.0161962
0.46875 -0.0159147
0.465278 -0.0181238
0.458333 -0.0190845
0.454861 -0.0183249
0.447917 -0.0181816
0.486111 -0.0182616
0.489583 -0.021529
0.545139 -0.0252852
0.576389 -0.0265247
0.59375 -0.0287755
0.635417 -0.0311391
0.673611 -0.0376835
0.784722 -0.0445533
0.795139 -0.0479659
0.763889 -0.048846
0.642361 -0.0519058
0.6875 -0.0546615
0.680556 -0.0575208
0.701389 -0.0585686
0.701389 -0.0624266
0.673611 -0.066837
0.701389 -0.0695873
0.746528 -0.0719937
0.767361 -0.0706927
0.75 -0.0696486
0.715278 -0.0726156
0.670139 -0.0722144
0.649306 -0.0685618
0.604167 -0.0677871
0.670139 -0.0680162
0.697917 -0.070803
0.697917 -0.0722037
0.697917 -0.068334
0.708333 -0.0648851
0.732639 -0.0654666
0.680556 -0.0639412
0.684028 -0.062081
0.725694 -0.0606496
0.736111 -0.0607602
0.722222 -0.0598163
0.756944 -0.0593063
0.791667 -0.0570191
0.829861 -0.0554533
0.809028 -0.0563218
0.822917 -0.057031
0.78125 -0.0579657
0.767361 -0.0576342
0.729167 -0.0566611
0.798611 -0.056871
0.826389 -0.057406
0.84375 -0.0582282
0.850694 -0.0587985
0.809028 -0.0570536
0.819444 -0.0532865
0.836806 -0.0478686
0.850694 -0.0410729
0.861111 -0.0347026
0.833333 -0.0292617
0.857639 -0.0226209
0.805556 -0.0173212
0.805556 -0.0147384
0.840278 -0.0142678
0.868056 -0.0134987
0.916667 -0.0144108
0.888889 -0.0135989
0.850694 -0.00871649
0.871528 -0.00792112
0.864583 -0.0086411
0.8125 -0.00832147
0.815972 -0.00593474
0.819444 0.000910252
0.819444 0.00555152
0.795139 0.00889414
0.777778 0.0131436
0.753472 0.013751
0.75 0.0125643
0.770833 0.00902194
0.802083 0.0103141
0.840278 0.0117096
0.888889 0.0157254
0.913194 0.0174386
0.920139 0.0197366
0.888889 0.0222348
0.8125 0.0235911
0.84375 0.0272455
0.802083 0.0283669
0.777778 0.0269094
0.763889 0.0257648
0.767361 0.0249953
0.819444 0.0241361
0.8125 0.0267559
0.822917 0.0291582
0.805556 0.0366058
0.805556 0.0448742
0.8125 0.0531608
0.8125 0.059694
0.746528 0.0655307
0.798611 0.0686515
0.784722 0.0710526
0.788194 0.0689714
0.767361 0.0669314
0.763889 0.0652324
0.826389 0.064448
0.8125 0.0669671
0.819444 0.0710004
0.84375 0.0763681
0.8125 0.0801913
0.78125 0.081426
0.826389 0.0872458
0.760417 0.0882655
0.777778 0.0853422
0.819444 0.081578
0.857639 0.0758335
0.836806 0.0733327
0.802083 0.0687944
0.833333 0.0656808
0.777778 0.0603988
0.802083 0.0550452
0.822917 0.0485965
0.84375 0.0383727
0.878472 0.0330126
0.840278 0.0296706
0.833333 0.0304345
0.850694 0.0301318
0.850694 0.0286393
0.829861 0.0302342
0.826389 0.0321231
0.833333 0.0323929
0.836806 0.0266306
0.868056 0.0211984
0.84375 0.0160952
0.822917 0.0166454
0.802083 0.0221929
0.815972 0.023988
0.815972 0.0295233
0.857639 0.032843
0.857639 0.0362968
0.829861 0.0379449
0.850694 0.043916
0.829861 0.0479595
0.815972 0.0521497
0.847222 0.0567271
0.795139 0.0592169
0.798611 0.0582144
0.770833 0.0573909
0.791667 0.0532487
0.802083 0.0484989
0.850694 0.0463501
0.847222 0.0441167
0.822917 0.0405334
0.819444 0.0427435
0.8125 0.0447501
0.795139 0.0445483
0.833333 0.039435
0.847222 0.0336663
0.861111 0.0320384
0.892361 0.0329783
0.878472 0.037154
0.885417 0.0400312
0.871528 0.0400007
0.881944 0.0390798
0.895833 0.0403359
0.868056 0.0382436
0.875 0.0405301
0.861111 0.0419712
0.861111 0.0433982
0.881944 0.0465731
0.857639 0.0471323
0.871528 0.0474955
0.916667 0.0437583
0.888889 0.0419094
0.871528 0.0419204
0.875 0.0421839
0.854167 0.0406035
0.864583 0.0428397
0.84375 0.0458302
0.861111 0.0463738
0.857639 0.0501489
0.854167 0.0540618
0.84375 0.0600839
0.722222 0.0685177
0.711806 0.07417
0.711806 0.0780827
0.777778 0.077957
0.791667 0.0762381
0.815972 0.0757947
0.819444 0.0769231
0.760417 0.0756304
0.770833 0.0744231
0.791667 0.0745945
0.756944 0.0738776
0.805556 0.0741714
0.819444 0.0707194
0.840278 0.0710225
0.836806 0.0682042
0.881944 0.0619306
0.909722 0.0571244
0.909722 0.0511653
0.913194 0.0460225
0.909722 0.0448737
0.916667 0.04086
0.892361 0.0369199
0.885417 0.0362679
0.878472 0.0374596
0.899306 0.038919
0.888889 0.042412
0.864583 0.0490734
0.864583 0.0516369
0.861111 0.0557167
0.809028 0.0633643
0.864583 0.0673617
0.864583 0.0739362
0.875 0.0824329
0.864583 0.0867109
0.888889 0.0877306
0.878472 0.0862781
0.913194 0.0834337
0.934028 0.0808873
0.895833 0.0815294
0.895833 0.0837258
0.888889 0.0850324
0.881944 0.081598
0.868056 0.0746321
0.888889 0.0673723
0.888889 0.0588758
0.888889 0.051192
0.854167 0.0425707
0.868056 0.0367728
0.892361 0.0350292
0.850694 0.0317002
0.854167 0.0272317
0.864583 0.0227893
0.854167 0.0174025
0.809028 0.0113444
0.868056 0.00672475
0.868056 0.000529565
0.881944 -0.00725111
0.909722 -0.011344
0.892361 -0.0136526
0.916667 -0.0165925
0.895833 -0.0203806
0.868056 -0.0215154
0.854167 -0.025727
0.868056 -0.0300354
0.829861 -0.03424
0.822917 -0.0345592
0.788194 -0.0332289
0.791667 -0.0345943
0.777778 -0.0344007
0.763889 -0.0357129
0.784722 -0.0410141
0.826389 -0.0449088
0.815972 -0.0459645
0.798611 -0.0483281
0.829861 -0.0491553
0.861111 -0.0462287
0.871528 -0.0443699
0.822917 -0.0439141
0.798611 -0.0403822
0.815972 -0.035259
0.84375 -0.0313652
0.854167 -0.0291782
0.836806 -0.0300536
0.833333 -0.0251519
0.819444 -0.0225319
0.802083 -0.0199597
0.732639 -0.0166392
0.815972 -0.0137431
0.8125 -0.00987464
0.864583 -0.00538964
0.927083 -0.000507956
0.940972 0.00146589
0.920139 0.00237925
0.885417 0.00232479
0.885417 0.0035408
0.90625 0.00655318
0.923611 0.00923759
0.916667 0.00866622
0.916667 0.00663666
0.923611 0.00108877
0.923611 -0.00431185
0.940972 -0.00886228
0.909722 -0.0152771
0.885417 -0.0220067
0.836806 -0.0285959
0.84375 -0.0340783
0.881944 -0.0384909
0.857639 -0.0434283
0.84375 -0.0431668
0.795139 -0.0433752
0.8125 -0.0454192
0.840278 -0.0473979
0.819444 -0.0512117
0.756944 -0.0534935
0.819444 -0.0544615
0.836806 -0.050856
0.864583 -0.0456664
0.805556 -0.0342817
0.815972 -0.0250937
0.784722 -0.0170609
0.850694 -0.0139458
0.881944 -0.0116765
0.868056 -0.0103428
0.857639 -0.0109745
0.836806 -0.00934469
0.857639 -0.00919969
0.847222 -0.00925294
0.871528 -0.0123005
0.861111 -0.0183332
0.878472 -0.0256415
0.916667 -0.0341603
0.899306 -0.0427122
0.90625 -0.0497991
0.878472 -0.0542862
0.854167 -0.0602906
0.875 -0.0648618
0.84375 -0.0687635
0.871528 -0.0750638
0.895833 -0.0780554
0.895833 -0.0803942
0.90625 -0.0848455
0.868056 -0.0824712
0.881944 -0.0810156
0.895833 -0.0738578
0.857639 -0.0702199
0.84375 -0.0677157
0.829861 -0.06763
0.850694 -0.0620099
0.815972 -0.0566436
0.795139 -0.0543909
0.815972 -0.0543504
0.822917 -0.0508377
0.826389 -0.0486084
0.777778 -0.0443858
0.815972 -0.0433259
0.805556 -0.0446387
0.850694 -0.0481778
0.854167 -0.0504117
0.840278 -0.0495695
0.802083 -0.0521017
0.805556 -0.0531862
0.795139 -0.0573849
0.802083 -0.060644
0.795139 -0.0632195
0.746528 -0.0664227
0.697917 -0.0662665
0.708333 -0.0620185
0.760417 -0.0553271
0.715278 -0.0514306
0.725694 -0.0467314
0.743056 -0.0428778
0.725694 -0.042339
0.777778 -0.0391279
0.770833 -0.0365302
0.784722 -0.0324606
0.756944 -0.0336807
0.805556 -0.0318679
0.798611 -0.0330704
0.8125 -0.0360837
0.819444 -0.0403458
0.829861 -0.0456362
0.829861 -0.0493529
0.861111 -0.0484884
0.854167 -0.0489458
0.822917 -0.050345
0.826389 -0.0568076
0.798611 -0.0630433
0.763889 -0.0655689
0.777778 -0.0676593
0.770833 -0.0738261
0.78125 -0.0793861
0.795139 -0.0814339
0.822917 -0.0832594
0.857639 -0.0842949
0.878472 -0.0856138
0.923611 -0.086373
0.916667 -0.0897321
0.892361 -0.0930909
0.899306 -0.0992607
0.920139 -0.10791
0.84375 -0.112418
0.861111 -0.115194
0.847222 -0.119143
0.871528 -0.123319
0.875 -0.123616
0.881944 -0.121163
0.8125 -0.12265
0.850694 -0.122228
0.833333 -0.122191
0.833333 -0.122039
0.850694 -0.121043
0.875 -0.119386
0.909722 -0.11882
0.892361 -0.118172
0.927083 -0.114368
0.916667 -0.109129
0.90625 -0.108315
0.875 -0.108898
0.871528 -0.109024
0.84375 -0.10639
0.822917 -0.109247
0.836806 -0.110265
0.854167 -0.109982
0.854167 -0.108427
0.836806 -0.10625
0.861111 -0.103895
0.871528 -0.105705
0.829861 -0.102531
0.791667 -0.0990813
0.802083 -0.0922636
0.798611 -0.0891027
0.788194 -0.0868769
0.753472 -0.0830322
0.756944 -0.0785248
0.8125 -0.0758031
0.791667 -0.0741526
0.777778 -0.0739231
0.802083 -0.0730311
0.777778 -0.068768
0.819444 -0.0693828
0.84375 -0.0695432
0.847222 -0.0710515
0.920139 -0.0726845
0.899306 -0.0756062
0.868056 -0.0761424
0.909722 -0.0749684
0.916667 -0.0792886
0.881944 -0.0834845
0.881944 -0.0838727
0.854167 -0.083591
0.805556 -0.0778303
0.784722 -0.0725079
0.732639 -0.0686312
0.736111 -0.0656013
0.743056 -0.061093
0.756944 -0.0598939
0.784722 -0.0615489
0.736111 -0.0617013
0.736111 -0.0615953
0.697917 -0.0615529
0.743056 -0.0596873
0.774306 -0.0555509
0.822917 -0.0495456
0.791667 -0.0468294
0.850694 -0.0477642
0.871528 -0.0501398
0.854167 -0.05012
0.84375 -0.0517792
0.850694 -0.0579289
0.857639 -0.0651804
0.878472 -0.0715297
0.892361 -0.0824849
0.875 -0.0897605
0.881944 -0.0922719
0.864583 -0.0916007
0.875 -0.086445
0.840278 -0.0834029
0.774306 -0.0766853
0.805556 -0.0713407
0.784722 -0.0622986
0.802083 -0.0570002
0.78125 -0.0508257
0.829861 -0.0501012
0.854167 -0.0529386
0.878472 -0.0519294
0.857639 -0.0519232
0.854167 -0.0538846
0.857639 -0.05932
0.881944 -0.0611997
0.881944 -0.0606212
0.840278 -0.0623228
0.833333 -0.0697368
0.854167 -0.0808494
0.871528 -0.0854578
0.875 -0.0901013
0.857639 -0.0969023
0.833333 -0.106814
0.854167 -0.115137
0.798611 -0.123263
0.798611 -0.126119
0.833333 -0.122577
0.822917 -0.12407
0.788194 -0.125873
0.795139 -0.127514
0.805556 -0.127449
0.8125 -0.12922
0.84375 -0.130889
0.829861 -0.128307
0.788194 -0.128347
0.756944 -0.130729
0.760417 -0.130554
0.826389 -0.134635
0.857639 -0.133554
0.850694 -0.129538
0.861111 -0.124889
0.833333 -0.125284
0.875 -0.129144
0.916667 -0.133298
0.857639 -0.132001
0.850694 -0.130667
0.854167 -0.126928
0.861111 -0.12781
0.857639 -0.123668
0.840278 -0.12134
0.864583 -0.117679
0.881944 -0.118048
0.881944 -0.118582
0.913194 -0.118589
0.920139 -0.116437
0.899306 -0.113681
0.885417 -0.110169
0.902778 -0.109667
0.871528 -0.107538
0.920139 -0.109809
0.916667 -0.111496
0.909722 -0.110197
0.864583 -0.109159
0.854167 -0.107889
0.850694 -0.10439
0.861111 -0.101641
0.902778 -0.0973788
0.881944 -0.0941925
0.847222 -0.0947496
0.857639 -0.0994544
0.850694 -0.102411
0.850694 -0.105863
0.850694 -0.106231
0.833333 -0.105719
0.864583 -0.106485
0.888889 -0.105931
0.885417 -0.106262
0.899306 -0.105267
0.892361 -0.105796
0.909722 -0.105678
0.885417 -0.10487
0.875 -0.103588
0.857639 -0.102431
0.857639 -0.101134
0.84375 -0.0990323
0.829861 -0.0983578
0.854167 -0.0970041
0.833333 -0.0981467
0.774306 -0.0983643
0.770833 -0.0969535
0.788194 -0.0911435
0.774306 -0.0851576
0.725694 -0.0820392
0.729167 -0.0781565
0.725694 -0.0758924
0.708333 -0.0713201
0.746528 -0.0742746
0.774306 -0.0779225
0.756944 -0.0727693
0.763889 -0.0690593
0.697917 -0.0628262
0.652778 -0.0564759
0.677083 -0.0543659
0.684028 -0.057171
0.75 -0.0604323
0.777778 -0.0609979
0.760417 -0.0614211
0.736111 -0.058973
0.725694 -0.0593404
0.753472 -0.0595418
0.729167 -0.0596523
0.729167 -0.0580383
0.736111 -0.0531589
0.71875 -0.0462877
0.722222 -0.0421002
0.701389 -0.0424569
0.649306 -0.0447484
0.618056 -0.0403636
0.649306 -0.0361039
0.65625 -0.0272528
0.663194 -0.0187363
0.652778 -0.0104637
0.680556 -0.000638693
0.746528 0.0108287
0.75 0.0224613
0.8125 0.0319693
0.8125 0.0390528
0.78125 0.0490151
0.822917 0.051946
0.861111 0.0533254
0.847222 0.0534182
0.847222 0.0531724
0.861111 0.0564919
0.864583 0.0600307
0.864583 0.0618475
0.826389 0.0574213
0.854167 0.0564647
0.90625 0.0535404
0.875 0.0511532
0.871528 0.0447109
0.854167 0.0380985
0.892361 0.0314604
0.798611 0.0296163
0.784722 0.0248188
0.756944 0.0234376
0.784722 0.0209303
0.8125 0.0182687
0.868056 0.0195744
0.826389 0.0230577
0.805556 0.0222907
0.791667 0.0214614
0.805556 0.023184
0.802083 0.0252438
0.809028 0.0299255
0.784722 0.0303295
0.784722 0.030408
0.777778 0.0308704
0.784722 0.0288229
0.805556 0.0245064
0.819444 0.0222012
0.829861 0.0220005
0.826389 0.0257113
0.815972 0.0245455
0.822917 0.0201321
0.829861 0.0154661
0.805556 0.0122918
0.875 0.0101194
0.850694 0.0101268
0.836806 0.00688969
0.868056 0.00356923
0.857639 -0.000344583
0.892361 -0.00720811
0.895833 -0.0141749
0.899306 -0.0192087
0.836806 -0.0192733
0.871528 -0.0215532
0.864583 -0.0170833
0.822917 -0.00969669
0.822917 -0.00524661
0.84375 0.00107738
0.829861 0.0081396
0.802083 0.0141418
0.822917 0.016522
0.826389 0.0185536
0.881944 0.0218904
0.875 0.0214397
0.840278 0.0205214
0.850694 0.0168634
0.868056 0.0105981
0.878472 0.00901025
0.850694 0.00675599
0.861111 -0.00111435
0.826389 -0.00752876
0.809028 -0.0151145
0.746528 -0.0213016
0.729167 -0.0300599
0.71875 -0.0358736
0.715278 -0.039435
0.802083 -0.0422197
0.822917 -0.0453613
0.798611 -0.0526965
0.819444 -0.0598447
0.84375 -0.0723247
0.84375 -0.0798487
0.864583 -0.0827567
0.861111 -0.0809747
0.819444 -0.0793206
0.777778 -0.0744829
0.774306 -0.0687002
0.829861 -0.0640111
0.826389 -0.0626459
0.826389 -0.0569827
0.798611 -0.0582302
0.829861 -0.052504
0.850694 -0.0478858
0.826389 -0.0425023
0.84375 -0.0362969
0.805556 -0.025761
0.815972 -0.0135277
0.788194 0.00209212
0.795139 0.0141668
0.767361 0.0216421
0.815972 0.027288
0.788194 0.0244921
0.770833 0.0227176
0.770833 0.0230265
0.788194 0.0233648
0.805556 0.0270634
0.791667 0.0295761
0.75 0.0330527
0.694444 0.0345963
0.6875 0.0348386
0.638889 0.0277858
0.65625 0.0225459
0.586806 0.0182349
0.600694 0.0162895
0.604167 0.00927033
0.565972 0.00447559
0.569444 -0.0022196
0.527778 -0.0073889
0.475694 -0.00836182
0.465278 -0.0116382
0.4375 -0.019478
0.496528 -0.0218293
0.517361 -0.0205366
0.576389 -0.0160868
0.548611 -0.0121304
0.538194 -0.008583
0.541667 -0.00686347
0.5 -0.00513085
0.513889 -0.00982153
0.527778 -0.00524684
0.555556 -0.00322472
0.600694 -0.00413141
0.579861 0.00134797
0.552083 0.00663608
0.597222 0.0153945
0.638889 0.0186272
0.760417 0.0228557
0.770833 0.0264108
0.777778 0.0311495
0.770833 0.0311745
0.798611 0.0289738
0.774306 0.029245
0.795139 0.0264681
0.777778 0.0278826
0.777778 0.0269214
0.798611 0.0269001
0.815972 0.0270929
0.774306 0.0260385
0.826389 0.0244585
0.777778 0.0178838
0.777778 0.0127012
0.819444 0.00980467
0.802083 0.00765189
0.777778 0.00843971
0.753472 0.00866725
0.795139 0.00828448
0.763889 0.00987813
0.75 0.00899218
0.756944 0.00719084
0.753472 0.00421528
0.774306 0.00312872
0.777778 -7.151e-06
0.795139 -0.00268559
0.770833 -0.00213093
0.805556 -0.00132376
0.864583 -0.00287613
0.854167 -0.00508549
0.847222 -0.0109626
0.850694 -0.0208357
0.857639 -0.0246369
0.850694 -0.0283709
0.881944 -0.0329314
0.885417 -0.0422039
0.892361 -0.0451774
0.878472 -0.0406918
0.888889 -0.0353894
0.90625 -0.0305669
0.871528 -0.0305795
0.899306 -0.0334391
0.909722 -0.0374036
0.899306 -0.0388143
0.864583 -0.0377807
0.878472 -0.0324163
0.892361 -0.0307107
0.923611 -0.0314405
0.920139 -0.0327239
0.934028 -0.0303506
0.909722 -0.0309309
0.875 -0.0334167
0.885417 -0.030781
0.875 -0.0267953
0.850694 -0.0224489
0.871528 -0.0198826
0.854167 -0.0174124
0.819444 -0.0139291
0.815972 -0.00847636
0.822917 -0.00281073
0.878472 0.00088485
0.864583 0.00326142
0.868056 0.00567321
0.815972 0.00889278
0.8125 0.0101305
0.840278 0.0076122
0.847222 0.00398971
0.822917 -0.000526378
0.805556 -0.0017534
0.756944 -0.00337782
0.802083 -0.00610806
0.819444 -0.0099315
0.802083 -0.015415
0.791667 -0.018989
0.746528 -0.0255741
0.774306 -0.033869
0.809028 -0.0396006
0.805556 -0.044564
0.774306 -0.0448563
0.75 -0.0431421
0.732639 -0.0367111
0.739583 -0.0379775
0.788194 -0.0356796
0.791667 -0.0330541
0.861111 -0.0273828
0.861111 -0.0234979
0.84375 -0.0224638
0.822917 -0.0195669
0.763889 -0.021066
0.770833 -0.0216227
0.729167 -0.0245451
0.732639 -0.0242714
0.722222 -0.0203139
0.732639 -0.00988808
0.753472 -0.00599999
0.753472 -0.000558145
0.71875 -0.0034171
0.697917 -0.00820704
0.680556 -0.0139125
0.659722 -0.0170455
0.638889 -0.0206846
0.611111 -0.0212751
0.649306 -0.024741
0.649306 -0.0241303
0.666667 -0.0215167
0.65625 -0.0211604
0.65625 -0.0231678
0.642361 -0.0254841
0.690972 -0.0236237
0.65625 -0.0224545
0.725694 -0.0160049
0.704861 -0.00607554
0.746528 0.00278252
0.729167 0.00721595
0.701389 0.0140021
0.732639 0.0180107
0.729167 0.0223036
0.777778 0.0225168
0.802083 0.0233754
0.822917 0.0214343
0.802083 0.0198594
0.809028 0.0144886
0.78125 0.00994099
0.822917 0.00703862
0.788194 0.00450867
0.815972 -0.00351613
0.840278 -0.00673036
0.84375 -0.00805629
0.815972 -0.00319802
0.861111 0.00365896
0.878472 0.00336428
0.888889 0.0131357
0.916667 0.0221808
0.895833 0.0261099
0.868056 0.0334143
0.927083 0.0361511
0.920139 0.0350247
0.916667 0.0338269
0.934028 0.0343235
0.923611 0.037097
0.940972 0.0396983
0.947917 0.0415434
0.930556 0.0440827
0.9375 0.0450794
0.958333 0.047791
0.954861 0.0474233
0.9375 0.0466306
0.930556 0.0499413
0.920139 0.050378
0.913194 0.0571254
0.913194 0.065983
0.927083 0.0769655
0.923611 0.0859476
0.9375 0.0938935
0.944444 0.0978632
0.9375 0.100572
0.940972 0.106424
0.916667 0.113886
0.944444 0.120564
0.930556 0.129858
0.951389 0.13481
0.913194 0.143544
0.909722 0.151463
0.871528 0.162473
0.927083 0.170443
0.885417 0.174787
0.868056 0.17961
0.892361 0.179788
0.913194 0.181943
0.881944 0.179847
0.861111 0.176496
0.881944 0.175131
0.888889 0.176327
0.885417 0.179112
0.868056 0.187376
0.888889 0.193583
0.899306 0.193771
0.909722 0.189892
0.892361 0.188477
0.909722 0.191065
0.913194 0.194321
0.875 0.203401
0.885417 0.205809
0.857639 0.205225
0.836806 0.201622
0.836806 0.200619
0.826389 0.196745
0.854167 0.191981
0.836806 0.186862
0.847222 0.183319
0.822917 0.182832
0.767361 0.176606
0.822917 0.167165
0.78125 0.159799
0.739583 0.155875
0.784722 0.155397
0.788194 0.153003
0.840278 0.152405
0.829861 0.155972
0.902778 0.159076
0.861111 0.157881
0.871528 0.154891
0.871528 0.149536
0.861111 0.149363
0.868056 0.14691
0.878472 0.144588
0.888889 0.141717
0.854167 0.136976
0.850694 0.133682
0.829861 0.130437
0.819444 0.129235
0.8125 0.12671
0.8125 0.121999
0.871528 0.117799
0.902778 0.112724
0.878472 0.108687
0.875 0.110152
0.892361 0.107905
0.881944 0.104385
0.861111 0.102688
0.892361 0.0995079
0.892361 0.0953602
0.854167 0.0889532
0.857639 0.0781322
0.871528 0.0699942
0.878472 0.0614
0.892361 0.0523191
0.885417 0.0465032
0.833333 0.0437161
0.871528 0.0416008
0.895833 0.0355279
0.871528 0.0302458
0.895833 0.0242645
0.878472 0.0213811
0.840278 0.0210958
0.809028 0.0201339
0.788194 0.0185271
0.802083 0.0156723
0.840278 0.0160301
0.798611 0.0186465
0.8125 0.0211048
0.746528 0.0185396
0.770833 0.0172323
0.715278 0.0163312
0.715278 0.0156323
0.725694 0.0149701
0.711806 0.00860652
0.753472 0.00355494
0.784722 -0.00401185
0.836806 -0.0143842
0.840278 -0.0188339
0.850694 -0.0224659
0.840278 -0.0272343
0.788194 -0.0319211
0.850694 -0.0358214
0.788194 -0.0441527
0.711806 -0.0585096
0.677083 -0.0707239
0.704861 -0.0828519
0.71875 -0.0933434
0.708333 -0.102781
0.697917 -0.107764
0.680556 -0.114727
0.715278 -0.117935
0.736111 -0.117913
0.715278 -0.116486
0.802083 -0.11187
0.777778 -0.10424
0.770833 -0.0954383
0.708333 -0.0875332
0.767361 -0.0832509
0.75 -0.0824541
0.822917 -0.0853413
0.847222 -0.0892279
0.854167 -0.0887909
0.881944 -0.0878227
0.857639 -0.0863623
0.857639 -0.0904021
0.899306 -0.0935913
0.899306 -0.103614
0.878472 -0.110453
0.909722 -0.118545
0.934028 -0.127956
0.90625 -0.133836
0.909722 -0.139259
0.940972 -0.145931
0.888889 -0.153583
0.892361 -0.15736
0.923611 -0.159531
0.940972 -0.157777
0.895833 -0.159409
0.885417 -0.156765
0.829861 -0.155417
0.809028 -0.15281
0.826389 -0.156785
0.829861 -0.160034
0.829861 -0.162877
0.805556 -0.16378
0.809028 -0.161629
0.774306 -0.160324
0.798611 -0.161028
0.815972 -0.160621
0.826389 -0.155603
0.829861 -0.152014
0.836806 -0.152366
0.833333 -0.144706
0.84375 -0.136497
0.802083 -0.131612
0.788194 -0.122293
0.829861 -0.113502
0.885417 -0.112111
0.909722 -0.112902
0.916667 -0.117517
0.847222 -0.120462
0.875 -0.120875
0.878472 -0.118097
0.878472 -0.116388
0.913194 -0.116885
0.916667 -0.111438
0.916667 -0.106157
0.927083 -0.106936
0.916667 -0.106302
0.881944 -0.103616
0.868056 -0.104577
0.878472 -0.105811
0.868056 -0.104471
0.875 -0.10167
0.909722 -0.104049
0.927083 -0.103846
0.90625 -0.10559
0.899306 -0.108097
0.90625 -0.107051
0.920139 -0.102501
0.916667 -0.0996435
0.881944 -0.0906756
0.875 -0.0829679
0.868056 -0.0752594
0.840278 -0.0655275
0.836806 -0.0595932
0.815972 -0.0600517
0.826389 -0.059177
0.868056 -0.0552152
0.802083 -0.0511189
0.822917 -0.0428245
0.868056 -0.0322557
0.875 -0.024476
0.871528 -0.0208903
0.90625 -0.0199106
0.909722 -0.0178526
0.923611 -0.0180518
0.934028 -0.0166573
0.934028 -0.0159325
0.940972 -0.0124844
0.916667 -0.00627619
0.871528 0.00140226
0.878472 0.00749248
0.84375 0.0135666
0.822917 0.0170505
0.788194 0.0180068
0.798611 0.0215841
0.861111 0.0272974
0.868056 0.0333221
0.809028 0.0418689
0.861111 0.0448653
0.878472 0.0485263
0.871528 0.0540661
0.822917 0.0614034
0.850694 0.0664969
0.819444 0.0699315
0.826389 0.074653
0.822917 0.0810252
0.819444 0.0826912
0.847222 0.0857844
0.857639 0.0871971
0.861111 0.0897506
0.878472 0.0920118
0.868056 0.0970515
0.871528 0.0994359
0.861111 0.10438
0.847222 0.105786
0.850694 0.108749
0.878472 0.108904
0.923611 0.110668
0.916667 0.113817
0.916667 0.11615
0.9375 0.119419
0.899306 0.116685
0.875 0.112872
0.84375 0.111683
0.861111 0.112307
0.875 0.111512
0.833333 0.110768
0.854167 0.113968
0.822917 0.116337
0.861111 0.115519
0.864583 0.119077
0.878472 0.120566
0.875 0.120867
0.885417 0.116601
0.881944 0.115612
0.899306 0.119359
0.868056 0.121898
0.857639 0.122047
0.847222 0.121222
0.868056 0.123629
0.847222 0.126281
0.833333 0.126007
0.868056 0.125925
0.885417 0.129531
0.857639 0.137846
0.836806 0.143555
0.864583 0.143461
0.836806 0.137833
0.840278 0.132683
0.822917 0.126191
0.840278 0.118709
0.8125 0.106518
0.8125 0.0967984
0.847222 0.0936309
0.815972 0.0953368
0.822917 0.0934042
0.784722 0.0981349
0.809028 0.0985929
0.791667 0.0985596
0.770833 0.099366
0.760417 0.0977236
0.829861 0.0942978
0.871528 0.0913938
0.878472 0.0889799
0.871528 0.0801308
0.836806 0.0730322
0.829861 0.0703158
0.809028 0.0629335
0.809028 0.0542394
0.777778 0.0504998
0.770833 0.0453433
0.798611 0.0455805
0.788194 0.0448961
0.826389 0.0400498
0.802083 0.0325414
0.767361 0.0278852
0.78125 0.0278426
0.770833 0.0287356
0.763889 0.0297677
0.798611 0.0317548
0.864583 0.0409478
0.861111 0.0428271
0.826389 0.0484424
0.815972 0.0560297
0.864583 0.0679462
0.875 0.078236
0.857639 0.0821201
0.829861 0.0802889
0.819444 0.0800481
0.840278 0.077242
0.798611 0.0758288
0.795139 0.0808044
0.802083 0.0774888
0.861111 0.0676333
0.836806 0.059676
0.857639 0.0573921
0.847222 0.053102
0.861111 0.0512402
0.878472 0.049235
0.826389 0.0439887
0.822917 0.0384275
0.798611 0.0332276
0.802083 0.0260861
0.815972 0.0182194
0.777778 0.01131
0.836806 0.00386217
0.885417 -0.00297178
0.868056 -0.00587058
0.857639 -0.00507146
0.871528 -0.00369457
0.864583 -0.00316962
0.881944 -0.0053926
0.833333 -0.00797828
0.836806 -0.0091939
0.8125 -0.00946072
0.756944 -0.0135673
0.850694 -0.0191236
0.861111 -0.0274936
0.861111 -0.0381869
0.868056 -0.0466748
0.868056 -0.0518729
0.84375 -0.0570241
0.833333 -0.066866
0.847222 -0.0702505
0.822917 -0.0750309
0.822917 -0.0859724
0.826389 -0.0970158
0.774306 -0.107995
0.788194 -0.118949
0.763889 -0.129996
0.732639 -0.14075
0.659722 -0.14561
0.684028 -0.150721
0.611111 -0.155586
0.690972 -0.160737
0.715278 -0.16645
0.704861 -0.165929
0.753472 -0.166032
0.71875 -0.168253
0.6875 -0.176411
0.701389 -0.177669
0.697917 -0.182547
0.75 -0.178866
0.697917 -0.176217
0.652778 -0.168687
0.71875 -0.165197
0.732639 -0.160436
0.680556 -0.151273
0.670139 -0.14342
0.697917 -0.134002
0.732639 -0.126564
0.8125 -0.112734
0.739583 -0.100691
0.774306 -0.0891805
0.788194 -0.0776029
0.836806 -0.06784
0.819444 -0.0583692
0.822917 -0.0497858
0.8125 -0.0447889
0.791667 -0.0407931
0.788194 -0.0410097
0.767361 -0.0431793
0.75 -0.0459305
0.760417 -0.0524713
0.784722 -0.0597946
0.704861 -0.0692549
0.760417 -0.0775839
0.71875 -0.0889462
0.701389 -0.0934399
0.711806 -0.0955043
0.697917 -0.101664
0.697917 -0.103275
0.715278 -0.104668
0.746528 -0.10861
0.746528 -0.110455
0.763889 -0.109742
0.715278 -0.108712
0.704861 -0.108025
0.704861 -0.103169
0.722222 -0.0977968
0.71875 -0.097713
0.711806 -0.0974975
0.701389 -0.0967876
0.725694 -0.0983531
0.715278 -0.104682
0.704861 -0.110301
0.71875 -0.117759
0.767361 -0.124391
0.788194 -0.133473
0.809028 -0.139636
0.774306 -0.139298
0.802083 -0.140185
0.815972 -0.133597
0.840278 -0.127266
0.875 -0.121001
0.854167 -0.115957
0.854167 -0.110176
0.895833 -0.104939
0.878472 -0.104091
0.847222 -0.102464
0.802083 -0.101784
0.774306 -0.100086
0.75 -0.0985131
0.756944 -0.0914156
0.777778 -0.0909374
0.746528 -0.0909786
0.770833 -0.0896499
0.809028 -0.0888266
0.805556 -0.0895311
0.819444 -0.087314
0.819444 -0.0809826
0.847222 -0.0736212
0.847222 -0.0672685
0.861111 -0.0625218
0.836806 -0.0552581
0.826389 -0.0514383
0.871528 -0.0436027
0.864583 -0.0405042
0.899306 -0.0417423
0.847222 -0.0417268
0.854167 -0.0391308
0.836806 -0.0327403
0.875 -0.03023
0.885417 -0.0262661
0.909722 -0.0276662
0.895833 -0.0283392
0.861111 -0.027268
0.885417 -0.0276879
0.871528 -0.0222628
0.899306 -0.0130186
0.888889 -0.00276303
0.836806 0.00552876
0.809028 0.0132009
0.767361 0.0164018
0.739583 0.0181648
0.802083 0.017016
0.8125 0.0199562
0.847222 0.0225731
0.805556 0.0258699
0.84375 0.0272342
0.878472 0.0275507
0.902778 0.0270889
0.868056 0.0291954
0.864583 0.0286071
0.854167 0.025417
0.895833 0.0256012
0.864583 0.0310049
0.84375 0.0319152
0.885417 0.0349518
0.899306 0.0348442
0.885417 0.0360169
0.868056 0.0343538
0.892361 0.0359453
0.885417 0.0362656
0.861111 0.038482
0.850694 0.0373708
0.895833 0.0364314
0.892361 0.0386001
0.888889 0.0340008
0.861111 0.0306794
0.878472 0.026508
0.854167 0.020556
0.770833 0.0141407
0.774306 0.0101888
0.722222 0.00900082
0.739583 0.00253692
0.756944 -0.00319589
0.777778 -0.00733707
0.78125 -0.0149768
0.822917 -0.0188618
0.881944 -0.0209356
0.840278 -0.0221558
0.8125 -0.0202885
0.715278 -0.0162923
0.756944 -0.0137576
0.791667 -0.013728
0.795139 -0.0143691
0.822917 -0.0158018
0.763889 -0.0224224
0.75 -0.0278704
0.739583 -0.032622
0.8125 -0.0384721
0.809028 -0.0403376
0.829861 -0.0461179
0.829861 -0.055729
0.809028 -0.0619304
0.770833 -0.0654046
0.784722 -0.0626548
0.8125 -0.0579422
0.864583 -0.0581667
0.836806 -0.0575614
0.8125 -0.0608571
0.739583 -0.0657302
0.8125 -0.0671026
0.8125 -0.0679794
0.829861 -0.0688705
0.753472 -0.0653484
0.736111 -0.0642626
0.722222 -0.0587385
0.722222 -0.0549567
0.722222 -0.0467897
0.697917 -0.0406486
0.673611 -0.0335955
0.694444 -0.0254303
0.65625 -0.0132731
0.611111 -0.000776116
0.645833 0.00858007
0.645833 0.0220515
0.65625 0.0312998
0.684028 0.0417187
0.701389 0.0446671
0.690972 0.046554
0.725694 0.0459
0.736111 0.0425905
0.774306 0.0398137
0.75 0.037946
0.770833 0.0340241
0.829861 0.0312875
0.777778 0.027577
0.795139 0.0253176
0.770833 0.022959
0.875 0.0210304
0.885417 0.0223486
0.850694 0.0231765
0.829861 0.0249779
0.788194 0.0201774
0.809028 0.0164492
0.829861 0.0140728
0.826389 0.0129589
0.774306 0.0147816
0.805556 0.0144105
0.819444 0.0156877
0.770833 0.016796
0.791667 0.0182482
0.809028 0.0185652
0.826389 0.0196886
0.753472 0.0228495
0.729167 0.025258
0.725694 0.0276578
0.743056 0.0291274
0.736111 0.0331481
0.739583 0.0387532
0.743056 0.043024
0.739583 0.0452139
0.777778 0.0507291
0.809028 0.0505145
0.791667 0.0478065
0.760417 0.0453248
0.805556 0.0410188
0.840278 0.032842
0.805556 0.0286602
0.836806 0.0255958
0.763889 0.0186279
0.75 0.00802476
0.767361 -0.00202313
0.756944 -0.0136206
0.6875 -0.0255361
0.694444 -0.0310367
0.694444 -0.040656
0.715278 -0.053003
0.770833 -0.0618823
0.763889 -0.0599182
0.725694 -0.056718
0.732639 -0.0488894
0.736111 -0.0400469
0.704861 -0.0332771
0.659722 -0.022766
0.6875 -0.00967511
0.652778 -0.00257169
0.729167 0.00428309
0.715278 0.0120451
0.677083 0.020212
0.701389 0.0274392
0.722222 0.0353329
0.798611 0.0415877
0.8125 0.0484535
0.861111 0.052939
0.836806 0.0611344
0.836806 0.0677941
0.840278 0.0679041
0.822917 0.0693455
0.805556 0.0728042
0.815972 0.0797187
0.833333 0.0834347
0.864583 0.0812136
0.833333 0.0738634
0.840278 0.0757836
0.840278 0.0781834
0.857639 0.0847703
0.881944 0.0883934
0.871528 0.089049
0.840278 0.0835585
0.819444 0.0842071
0.809028 0.0830329
0.760417 0.0790616
0.777778 0.0807518
0.729167 0.0830132
0.795139 0.083909
0.805556 0.0909613
0.840278 0.0910102
0.84375 0.0948873
0.826389 0.0980016
0.840278 0.0957666
0.868056 0.0906419
0.854167 0.0788031
0.836806 0.0689345
0.881944 0.0581483
0.899306 0.0481743
0.90625 0.0405862
0.878472 0.034875
0.878472 0.026077
0.854167 0.0184794
0.854167 0.00644328
0.850694 -0.00915068
0.798611 -0.0314372
0.75 -0.0535319
0.760417 -0.0715994
0.756944 -0.0788961
0.753472 -0.0840435
0.704861 -0.0920408
0.684028 -0.0993216
0.680556 -0.104657
0.607639 -0.109408
0.586806 -0.110164
0.506944 -0.117662
0.486111 -0.120693
0.517361 -0.12191
0.586806 -0.121269
0.586806 -0.119835
0.583333 -0.116964
0.565972 -0.11456
0.565972 -0.110207
0.534722 -0.105905
0.520833 -0.0957799
0.510417 -0.0904282
0.475694 -0.082324
0.538194 -0.0739413
0.545139 -0.0693132
0.569444 -0.0663425
0.586806 -0.0638412
0.690972 -0.0580662
0.690972 -0.0534894
0.708333 -0.0523468
0.725694 -0.050707
0.722222 -0.055743
0.677083 -0.0564583
0.739583 -0.0577019
0.694444 -0.0563007
0.6875 -0.0579936
0.708333 -0.0640292
0.711806 -0.0631716
0.649306 -0.0650827
0.635417 -0.0666964
0.663194 -0.0691954
0.673611 -0.0725412
0.694444 -0.0785866
0.701389 -0.0849015
0.795139 -0.082261
0.815972 -0.0771871
0.861111 -0.0740568
0.819444 -0.070241
0.833333 -0.070057
0.840278 -0.0701435
0.746528 -0.071839
0.777778 -0.0778258
0.78125 -0.0847475
0.833333 -0.0939362
0.815972 -0.0962018
0.84375 -0.0985609
0.899306 -0.0993522
0.861111 -0.101982
0.864583 -0.107384
0.850694 -0.104119
0.864583 -0.105117
0.875 -0.107258
0.854167 -0.107192
0.864583 -0.110256
0.836806 -0.109586
0.805556 -0.109171
0.836806 -0.106634
0.836806 -0.104408
0.819444 -0.10306
0.868056 -0.0979595
0.850694 -0.0918876
0.881944 -0.0868808
0.913194 -0.0791164
0.913194 -0.0661443
0.923611 -0.0548474
0.916667 -0.0388563
0.836806 -0.0275818
0.861111 -0.0182691
0.798611 -0.00572064
0.788194 0.00747066
0.760417 0.0171043
0.798611 0.0187723
0.788194 0.0249044
0.798611 0.0258507
0.774306 0.0247112
0.802083 0.0266258
0.815972 0.0273425
0.829861 0.02867
0.868056 0.0279459
0.847222 0.0344717
0.90625 0.0447993
0.857639 0.0518363
0.854167 0.0583388
0.899306 0.0638188
0.899306 0.068782
0.871528 0.0705134
0.875 0.0749515
0.892361 0.0831369
0.913194 0.0933176
0.916667 0.105801
0.90625 0.119347
0.923611 0.12987
0.888889 0.138123
0.895833 0.143922
0.899306 0.152037
0.90625 0.156821
0.892361 0.170898
0.888889 0.180755
0.909722 0.183074
0.888889 0.189905
0.902778 0.195003
0.9375 0.193747
0.920139 0.185321
0.909722 0.179309
0.878472 0.170256
0.885417 0.163036
0.840278 0.157245
0.819444 0.148413
0.809028 0.141843
0.784722 0.135313
0.788194 0.132016
0.836806 0.129508
0.840278 0.133827
0.805556 0.141003
0.770833 0.147385
0.777778 0.158134
0.763889 0.16332
0.802083 0.158231
0.84375 0.164202
0.850694 0.172331
0.829861 0.182012
0.840278 0.191089
0.795139 0.205818
0.798611 0.21386
0.770833 0.215696
0.802083 0.215922
0.829861 0.208994
0.805556 0.202183
0.847222 0.196044
0.868056 0.193947
0.875 0.195721
0.868056 0.195743
0.861111 0.195586
0.871528 0.19391
0.892361 0.192371
0.878472 0.196684
0.909722 0.192971
0.920139 0.189639
0.909722 0.180755
0.927083 0.172312
0.927083 0.164094
0.916667 0.153581
0.927083 0.14132
0.892361 0.130577
0.90625 0.118846
0.857639 0.10741
0.850694 0.0918197
0.822917 0.0768436
0.836806 0.0656851
0.847222 0.0506809
0.833333 0.0380478
0.822917 0.0325728
0.822917 0.0259717
0.833333 0.0166649
0.815972 0.014517
0.784722 0.0142829
0.770833 0.0212173
0.760417 0.025101
0.739583 0.0254877
0.71875 0.0299588
0.739583 0.0292883
0.756944 0.0338292
0.743056 0.0302357
0.75 0.0305802
0.746528 0.0247723
0.732639 0.0196925
0.697917 0.0134775
0.694444 0.00877912
0.729167 0.00560093
0.725694 0.0132674
0.815972 0.0202191
0.784722 0.0234261
0.788194 0.0210081
0.760417 0.0169992
0.743056 0.0146986
0.722222 0.00938275
0.725694 -0.00379783
0.715278 -0.0140678
0.746528 -0.0239372
0.743056 -0.0324536
0.736111 -0.034901
0.708333 -0.0426363
0.670139 -0.050405
0.649306 -0.058825
0.621528 -0.0685325
0.614583 -0.0697088
0.590278 -0.0779028
0.663194 -0.0799911
0.607639 -0.0883108
0.590278 -0.09294
0.635417 -0.0979915
0.611111 -0.100806
0.659722 -0.10157
0.645833 -0.104588
0.666667 -0.110209
0.680556 -0.117123
0.697917 -0.119643
0.732639 -0.121341
0.756944 -0.123456
0.711806 -0.124198
0.774306 -0.123366
0.756944 -0.120594
0.708333 -0.122701
0.75 -0.125801
0.736111 -0.127061
0.739583 -0.13062
0.725694 -0.130053
0.753472 -0.135093
0.701389 -0.139301
0.760417 -0.14317
0.736111 -0.147396
0.6875 -0.152922
0.65625 -0.153878
0.680556 -0.154925
0.673611 -0.15704
0.708333 -0.159505
0.680556 -0.165234
0.697917 -0.168086
0.670139 -0.172544
0.663194 -0.174403
0.631944 -0.169036
0.583333 -0.161221
0.583333 -0.15296
0.638889 -0.139977
0.572917 -0.126
0.604167 -0.106998
0.625 -0.0861525
0.684028 -0.0661081
0.711806 -0.0479112
0.697917 -0.0336677
0.704861 -0.0226876
0.770833 -0.0171355
0.784722 -0.0119768
0.753472 -0.0160818
0.784722 -0.0140073
0.805556 -0.00845045
0.854167 -0.00301284
0.809028 0.00201899
0.819444 0.00592052
0.802083 0.0102938
0.8125 0.0131548
0.784722 0.0184579
0.791667 0.0203986
0.774306 0.0145406
0.809028 0.0145916
0.8125 0.0168213
0.805556 0.0203692
0.819444 0.0242541
0.809028 0.0321033
0.805556 0.04131
0.819444 0.0443238
0.822917 0.04733
0.895833 0.0428108
0.878472 0.0384353
0.888889 0.0324725
0.857639 0.0256534
0.822917 0.0223468
0.847222 0.012372
0.836806 0.00196534
0.836806 -0.00457775
0.809028 -0.00767436
0.819444 -0.00871298
0.861111 -0.0125379
0.892361 -0.010177
0.913194 -0.0113011
0.934028 -0.0160017
0.934028 -0.0231911
0.934028 -0.0260572
0.826389 -0.0315492
0.795139 -0.0329133
0.809028 -0.0318968
0.75 -0.0288147
0.788194 -0.0255502
0.736111 -0.0181268
0.770833 -0.0138575
0.809028 -0.00430087
0.774306 0.00706529
0.819444 0.0154005
0.833333 0.0266495
0.788194 0.0306403
0.850694 0.0327215
0.847222 0.0348059
0.868056 0.0336654
0.770833 0.0369598
0.836806 0.0386251
0.850694 0.0449814
0.868056 0.0461589
0.878472 0.0518082
0.923611 0.0489273
0.916667 0.0456921
0.895833 0.0474657
0.899306 0.0474271
0.888889 0.049032
0.871528 0.0533494
0.881944 0.0525817
0.878472 0.0504353
0.878472 0.0455923
0.84375 0.0398428
0.809028 0.0350003
0.857639 0.0274774
0.840278 0.0213408
0.871528 0.0173141
0.850694 0.0165272
0.84375 0.0163352
0.854167 0.0197018
0.854167 0.0178813
0.833333 0.0171574
0.791667 0.0172943
0.822917 0.0147093
0.864583 0.0157697
0.788194 0.0133908
0.822917 0.00796948
0.809028 0.00345974
0.871528 0.00186887
0.833333 0.00682666
0.819444 0.00935085
0.829861 0.00730547
0.847222 -0.000382175
0.833333 -0.00732198
0.805556 -0.0158298
0.826389 -0.0130594
0.802083 -0.0164797
0.854167 -0.0248102
0.791667 -0.0290544
0.822917 -0.0309548
0.850694 -0.0312409
0.861111 -0.0291878
0.833333 -0.0340137
0.871528 -0.0320322
0.854167 -0.0319116
0.854167 -0.032374
0.836806 -0.03997
0.875 -0.0405975
0.895833 -0.036153
0.868056 -0.0248727
0.871528 -0.0143591
0.864583 -0.0141861
0.850694 -0.00964507
0.833333 -0.0078542
0.888889 -0.00303188
0.902778 -0.000563356
0.888889 0.00250243
0.902778 0.00620094
0.895833 0.00336048
0.895833 -0.00557492
0.902778 -0.0135056
0.90625 -0.0148342
0.84375 -0.0122451
0.864583 -0.00533901
0.833333 -0.000909552
0.854167 -0.000870162
0.854167 -0.00164913
0.868056 -0.00333289
0.871528 -0.00521846
0.861111 -0.00086047
0.84375 0.00216368
0.805556 0.00915556
0.809028 0.0156396
0.767361 0.0160478
0.746528 0.017462
0.78125 0.0175901
0.795139 0.0181924
0.6875 0.0222815
0.6875 0.022131
0.722222 0.024384
0.71875 0.0204084
0.809028 0.0185712
0.770833 0.0176658
0.743056 0.0198565
0.739583 0.0206196
0.774306 0.024802
0.770833 0.0329676
0.760417 0.0448008
0.819444 0.0469959
0.826389 0.050393
0.836806 0.0511071
0.767361 0.0540679
0.770833 0.058882
0.802083 0.0555679
0.815972 0.0563082
0.795139 0.0581161
0.774306 0.0607892
0.798611 0.0696728
0.8125 0.0728143
0.809028 0.0756314
0.878472 0.0775399
0.878472 0.0785541
0.864583 0.0746777
0.829861 0.0648745
0.84375 0.0637804
0.809028 0.0640802
0.8125 0.0668603
0.798611 0.0621599
0.854167 0.068704
0.826389 0.0807879
0.84375 0.0875427
0.822917 0.0948783
0.826389 0.103801
0.822917 0.101982
0.822917 0.102278
0.847222 0.103407
0.850694 0.101896
0.868056 0.102549
0.875 0.102315
0.864583 0.103868
0.878472 0.097766
0.899306 0.0989436
0.916667 0.0986292
0.930556 0.0935593
0.913194 0.0971004
0.913194 0.0950977
0.881944 0.0928324
0.854167 0.0891283
0.854167 0.087823
0.854167 0.0884289
0.854167 0.0877747
0.836806 0.0910897
0.84375 0.0905012
0.875 0.0832288
0.857639 0.0768236
0.892361 0.0638339
0.885417 0.046542
0.881944 0.0348141
0.878472 0.0238947
0.892361 0.0114174
0.868056 0.00168211
0.798611 -0.00478577
0.8125 -0.00778107
0.805556 -0.0110763
0.798611 -0.0216961
0.857639 -0.0309731
0.836806 -0.0398278
0.840278 -0.0430728
0.847222 -0.0442056
0.840278 -0.0448773
0.829861 -0.0443915
0.791667 -0.0427731
0.798611 -0.0462631
0.833333 -0.0427445
0.833333 -0.0387276
0.864583 -0.0388157
0.840278 -0.0334046
0.868056 -0.0226455
0.854167 -0.0201725
0.861111 -0.0189422
0.850694 -0.0228891
0.864583 -0.0239166
0.885417 -0.0236194
0.878472 -0.0175255
0.84375 -0.00791855
0.815972 -0.00245286
0.822917 0.00120644
0.805556 -0.00293879
0.8125 -0.0105267
0.819444 -0.0147091
0.868056 -0.023302
0.885417 -0.0244056
0.888889 -0.0288461
0.913194 -0.0298034
0.888889 -0.0276526
0.90625 -0.0214366
0.881944 -0.021339
0.847222 -0.0185348
0.822917 -0.0143259
0.833333 -0.00874483
0.829861 -0.00819933
0.767361 -0.0125934
0.826389 -0.0239119
0.798611 -0.0258991
0.760417 -0.0318254
0.736111 -0.0339237
0.71875 -0.0287115
0.708333 -0.0225892
0.767361 -0.0228646
0.697917 -0.0200366
0.708333 -0.0208426
0.770833 -0.0219415
0.760417 -0.0269846
0.788194 -0.0322381
0.829861 -0.0408081
0.871528 -0.0498952
0.871528 -0.0558787
0.885417 -0.0620621
0.892361 -0.0654105
0.885417 -0.0655573
0.875 -0.0616411
0.885417 -0.0612028
0.822917 -0.0610666
0.840278 -0.0636598
0.850694 -0.0760901
0.84375 -0.0916265
0.763889 -0.102825
0.788194 -0.113197
0.822917 -0.126496
0.791667 -0.131933
0.822917 -0.137893
0.802083 -0.14047
0.767361 -0.13889
0.722222 -0.138917
0.770833 -0.138951
0.774306 -0.145107
0.777778 -0.147252
0.788194 -0.149295
0.802083 -0.149356
0.8125 -0.13937
0.756944 -0.123537
0.784722 -0.104019
0.791667 -0.0883162
0.770833 -0.084923
0.784722 -0.0881953
0.756944 -0.093524
0.753472 -0.0995497
0.767361 -0.102615
0.805556 -0.0988575
0.854167 -0.098211
0.895833 -0.0934391
0.888889 -0.0777638
0.850694 -0.0679796
0.822917 -0.0570243
0.826389 -0.043267
0.798611 -0.0361713
0.829861 -0.0348415
0.746528 -0.0345622
0.770833 -0.028849
0.8125 -0.0250301
0.847222 -0.0202553
0.822917 -0.00705817
0.833333 0.00361717
0.753472 0.0176228
0.729167 0.0208076
0.767361 0.0235506
0.725694 0.0290576
0.71875 0.0323435
0.753472 0.0315381
0.777778 0.0287358
0.784722 0.023161
0.822917 0.0208698
0.84375 0.0191248
0.791667 0.016203
0.760417 0.0104452
0.770833 0.00444281
0.833333 -0.00148971
0.833333 -0.000728142
0.836806 -0.000245623
0.871528 -0.00168947
0.930556 -0.00521024
0.927083 -0.00938274
0.923611 -0.00711639
0.875 -0.00149801
0.861111 0.00134895
0.857639 0.00349777
0.84375 0.0132714
0.840278 0.0260257
0.864583 0.0325369
0.854167 0.0354304
0.895833 0.0398601
0.878472 0.0458036
0.84375 0.0552698
0.84375 0.061078
0.815972 0.0685882
0.829861 0.0718352
0.78125 0.0728731
0.809028 0.0828735
0.836806 0.0912476
0.829861 0.0982814
0.871528 0.0998187
0.850694 0.105471
0.895833 0.106458
0.875 0.112046
0.895833 0.114285
0.902778 0.107178
0.854167 0.107293
0.809028 0.111148
0.819444 0.116568
0.840278 0.122772
0.854167 0.129848
0.8125 0.140674
0.833333 0.142357
0.819444 0.142354
0.840278 0.135102
0.815972 0.128657
0.84375 0.118563
0.805556 0.11972
0.815972 0.124816
0.850694 0.124245
0.840278 0.12288
0.822917 0.12188
0.815972 0.127832
0.78125 0.135294
0.711806 0.142945
0.756944 0.157437
0.756944 0.169641
0.774306 0.175229
0.795139 0.178421
0.854167 0.182216
0.84375 0.180141
0.809028 0.181182
0.795139 0.189635
0.819444 0.19579
0.798611 0.194307
0.805556 0.194365
0.850694 0.18961
0.836806 0.184961
0.833333 0.182562
0.840278 0.187577
0.840278 0.186694
0.784722 0.187029
0.8125 0.196134
0.833333 0.199496
0.802083 0.205189
0.826389 0.205744
0.809028 0.208051
0.802083 0.217505
0.774306 0.228574
0.798611 0.236186
0.788194 0.242274
0.798611 0.249489
0.805556 0.257736
0.802083 0.258019
0.822917 0.258683
0.802083 0.265766
0.802083 0.268705
0.826389 0.271035
0.819444 0.272241
0.840278 0.267735
0.8125 0.258014
0.833333 0.244231
0.840278 0.227802
0.8125 0.214557
0.840278 0.19745
0.840278 0.174047
0.802083 0.158242
0.784722 0.135881
0.78125 0.116958
0.795139 0.103186
0.798611 0.0971558
0.857639 0.0839787
0.8125 0.0832347
0.774306 0.0757816
0.697917 0.0705455
0.736111 0.0571563
0.673611 0.0503374
0.684028 0.0359063
0.704861 0.0283242
0.729167 0.0231077
0.652778 0.0179237
0.673611 0.0130688
0.635417 0.0173285
0.701389 0.0165292
0.690972 0.0203581
0.673611 0.0195279
0.684028 0.0169337
0.746528 0.0197538
0.78125 0.0224647
0.798611 0.0260884
0.815972 0.0252349
0.802083 0.0230131
0.78125 0.0226814
0.822917 0.0162581
0.840278 0.010063
0.861111 0.0095755
0.899306 0.0138901
0.868056 0.0151311
0.850694 0.0177328
0.854167 0.0125107
0.861111 0.00230404
0.854167 -0.0101295
0.861111 -0.0198311
0.847222 -0.0239192
0.829861 -0.020343
0.840278 -0.0220811
0.875 -0.0285833
0.864583 -0.030295
0.871528 -0.0272191
0.815972 -0.0176078
0.795139 -0.00997187
0.822917 0.00292779
0.875 0.00552178
0.878472 0.0126294
0.836806 0.0132677
0.840278 0.0070835
0.864583 -0.00467828
0.833333 -0.0189535
0.815972 -0.0258553
0.8125 -0.0341841
0.836806 -0.046376
0.829861 -0.0574181
0.888889 -0.0665216
0.847222 -0.0753394
0.875 -0.083621
0.847222 -0.0909888
0.819444 -0.100686
0.836806 -0.104193
0.836806 -0.106499
0.836806 -0.11112
0.833333 -0.110732
0.871528 -0.106257
0.868056 -0.0995406
0.850694 -0.0888658
0.84375 -0.0836315
0.871528 -0.0757555
0.868056 -0.0720278
0.875 -0.0765891
0.854167 -0.0836061
0.840278 -0.0980265
0.878472 -0.111773
0.892361 -0.122072
0.833333 -0.132867
0.829861 -0.14705
0.829861 -0.160032
0.857639 -0.16544
0.840278 -0.171283
0.854167 -0.175152
0.913194 -0.181258
0.913194 -0.185761
0.881944 -0.183984
0.875 -0.179919
0.90625 -0.180125
0.899306 -0.179957
0.888889 -0.177646
0.857639 -0.17439
0.836806 -0.172036
0.861111 -0.168771
0.815972 -0.159317
0.767361 -0.152444
0.743056 -0.145959
0.784722 -0.148482
0.829861 -0.156144
0.850694 -0.160049
0.836806 -0.160288
0.868056 -0.166238
0.802083 -0.163323
0.770833 -0.164475
0.756944 -0.163527
0.743056 -0.176079
0.777778 -0.184093
0.819444 -0.201944
0.795139 -0.211061
0.826389 -0.216789
0.788194 -0.225029
0.736111 -0.224631
0.791667 -0.227012
0.784722 -0.22713
0.784722 -0.221291
0.736111 -0.224826
0.722222 -0.213572
0.71875 -0.206093
0.736111 -0.191607
0.722222 -0.174915
0.763889 -0.161721
0.784722 -0.150392
0.788194 -0.151425
0.798611 -0.149501
0.729167 -0.153376
0.746528 -0.15887
0.756944 -0.164176
0.746528 -0.17993
0.743056 -0.188057
0.753472 -0.197189
0.788194 -0.205698
0.791667 -0.212157
0.78125 -0.220588
0.760417 -0.220396
0.753472 -0.22021
0.763889 -0.215369
0.75 -0.207805
0.777778 -0.197512
0.763889 -0.185201
0.788194 -0.175741
0.760417 -0.170594
0.753472 -0.164578
0.777778 -0.150761
0.75 -0.140183
0.753472 -0.129045
0.75 -0.112332
0.694444 -0.0971525
0.677083 -0.0778811
0.715278 -0.0640206
0.763889 -0.050935
0.743056 -0.0536081
0.774306 -0.052437
0.861111 -0.0528924
0.871528 -0.0525892
0.9375 -0.048791
0.930556 -0.042589
0.923611 -0.0338229
0.920139 -0.0307876
0.892361 -0.0295946
0.805556 -0.0336686
0.829861 -0.0385781
0.833333 -0.0422185
0.767361 -0.0484445
0.777778 -0.0445646
0.809028 -0.0485767
0.802083 -0.0493409
0.78125 -0.0465123
0.739583 -0.0416661
0.6875 -0.041939
0.677083 -0.0441059
0.659722 -0.0560927
0.666667 -0.0673857
0.684028 -0.0750221
0.704861 -0.076288
0.736111 -0.078884
0.71875 -0.079802
0.774306 -0.0745898
0.847222 -0.0777439
0.815972 -0.0836327
0.760417 -0.0852238
0.760417 -0.0888735
0.743056 -0.0947359
0.829861 -0.0959566
0.802083 -0.0929595
0.798611 -0.0929855
0.809028 -0.0901992
0.822917 -0.0894265
0.861111 -0.0913925
0.795139 -0.0861324
0.784722 -0.0751846
0.784722 -0.0643694
0.756944 -0.0565145
0.763889 -0.0552679
0.774306 -0.0465591
0.791667 -0.0381282
0.770833 -0.0312284
0.777778 -0.0302318
0.822917 -0.0201803
0.798611 -0.0159064
0.777778 -0.0116509
0.815972 -0.00705281
0.871528 -0.00398678
0.850694 0.00593146
0.847222 0.00910022
0.881944 0.0150148
0.888889 0.0205167
0.871528 0.0286821
0.875 0.0352023
0.868056 0.0402525
0.871528 0.0368477
0.850694 0.025724
0.819444 0.0164201
0.881944 0.00935672
0.840278 -0.000496695
0.857639 -0.00763175
0.857639 -0.0200444
0.854167 -0.0348061
0.822917 -0.0495081
0.809028 -0.0617042
0.802083 -0.0688207
0.75 -0.0696373
0.777778 -0.0669846
0.798611 -0.0627239
0.798611 -0.0516227
0.777778 -0.0475986
0.753472 -0.0414299
0.802083 -0.0371096
0.822917 -0.0441805
0.840278 -0.0508477
0.847222 -0.0548148
0.847222 -0.0540486
0.836806 -0.0514112
0.854167 -0.0525649
0.854167 -0.0518052
0.868056 -0.0517361
0.854167 -0.0433435
0.833333 -0.0345301
0.836806 -0.0329437
0.850694 -0.035894
0.885417 -0.0379349
0.909722 -0.0397558
0.878472 -0.0362259
0.875 -0.0286935
0.881944 -0.0267616
0.923611 -0.0335327
0.868056 -0.0439328
0.871528 -0.0560807
0.791667 -0.0625063
0.788194 -0.0740532
0.833333 -0.0767712
0.774306 -0.0745554
0.805556 -0.0787366
0.795139 -0.0849557
0.795139 -0.0890976
0.826389 -0.0980269
0.809028 -0.109362
0.791667 -0.122566
0.777778 -0.131765
0.798611 -0.145554
0.736111 -0.145608
0.767361 -0.150047
0.763889 -0.152149
0.788194 -0.157528
0.78125 -0.170327
0.753472 -0.172824
0.708333 -0.165789
0.708333 -0.16578
0.670139 -0.160435
0.645833 -0.154763
0.659722 -0.145656
0.638889 -0.139597
0.673611 -0.135616
0.704861 -0.131027
0.75 -0.126345
0.739583 -0.120933
0.736111 -0.117991
0.725694 -0.112371
0.708333 -0.117108
0.763889 -0.112491
0.770833 -0.107854
0.770833 -0.105202
0.725694 -0.0990655
0.75 -0.0992211
0.805556 -0.108512
0.784722 -0.122197
0.833333 -0.134589
0.850694 -0.147657
0.899306 -0.165456
0.930556 -0.181594
0.902778 -0.191685
0.878472 -0.196203
0.868056 -0.193402
0.857639 -0.194463
0.805556 -0.20218
0.791667 -0.204018
0.8125 -0.203389
0.763889 -0.207818
0.822917 -0.213938
0.847222 -0.214384
0.875 -0.222626
0.892361 -0.223871
0.836806 -0.224414
0.836806 -0.226774
0.829861 -0.241906
0.833333 -0.23988
0.802083 -0.225912
0.746528 -0.221507
0.795139 -0.222492
0.836806 -0.226817
0.847222 -0.22974
0.802083 -0.24
0.840278 -0.253188
0.847222 -0.261359
0.881944 -0.274667
0.902778 -0.28399
0.902778 -0.299319
0.871528 -0.30882
0.857639 -0.317091
0.819444 -0.326596
0.784722 -0.330326
0.777778 -0.329215
0.743056 -0.319686
0.670139 -0.323164
0.6875 -0.327505
0.631944 -0.325052
0.5625 -0.324643
0.611111 -0.304486
0.701389 -0.284523
0.739583 -0.264009
0.690972 -0.248225
0.704861 -0.229856
0.673611 -0.207338
0.684028 -0.195326
0.711806 -0.189976
0.75 -0.181585
0.871528 -0.174199
0.868056 -0.169974
0.84375 -0.164672
0.826389 -0.160639
0.861111 -0.154747
0.875 -0.13699
0.84375 -0.119284
0.84375 -0.100348
0.840278 -0.0768838
0.78125 -0.0616778
0.850694 -0.0488582
0.868056 -0.038062
0.847222 -0.0249377
0.840278 -0.0225
0.847222 -0.0214716
0.857639 -0.0130718
0.854167 -0.00836826
0.850694 -0.00661463
0.795139 -3.73634e-05
0.777778 0.00430341
0.805556 0.00504627
0.763889 0.0116113
0.722222 0.0151732
0.756944 0.0132338
0.795139 0.0215915
0.756944 0.031099
0.788194 0.033657
0.78125 0.0354992
0.791667 0.0233423
0.777778 0.00946235
0.826389 -0.00804891
0.840278 -0.0215085
0.756944 -0.0296584
0.739583 -0.0389204
0.756944 -0.0406122
0.777778 -0.0473578
0.784722 -0.0545399
0.802083 -0.0523961
0.815972 -0.0563056
0.857639 -0.0555029
0.850694 -0.0551216
0.885417 -0.0487303
0.840278 -0.0342071
0.822917 -0.0159568
0.840278 -0.00839719
0.84375 0.00665519
0.857639 0.0103876
0.788194 0.00886156
0.802083 0.00718054
0.763889 -0.0031974
0.840278 -0.0147347
0.840278 -0.0247893
0.881944 -0.0358359
0.850694 -0.046782
0.90625 -0.0544172
0.84375 -0.055134
0.840278 -0.0557047
0.788194 -0.052031
0.732639 -0.0438569
0.704861 -0.0304304
0.725694 -0.0122018
0.694444 0.000239035
0.690972 0.0229104
0.65625 0.0468193
0.673611 0.066645
0.708333 0.0853989
0.65625 0.0944426
0.604167 0.0989076
0.628472 0.0975841
0.65625 0.0870969
0.711806 0.0782946
0.753472 0.0645188
0.729167 0.0554599
0.756944 0.0374582
0.791667 0.0240536
0.777778 0.0159793
0.809028 0.00674911
0.770833 -0.00131267
0.680556 -0.0110713
0.680556 -0.0182457
0.666667 -0.0161052
0.652778 -0.0194024
0.65625 -0.0180103
0.680556 -0.0252579
0.684028 -0.0313584
0.701389 -0.0372716
0.621528 -0.0490541
0.586806 -0.0624855
0.628472 -0.0861954
0.659722 -0.104994
0.677083 -0.121986
0.71875 -0.131132
0.774306 -0.135578
0.795139 -0.139103
0.795139 -0.157894
0.829861 -0.162038
0.809028 -0.156269
0.802083 -0.156275
0.861111 -0.156342
0.822917 -0.140647
0.864583 -0.129771
0.826389 -0.117202
0.791667 -0.103227
0.857639 -0.0963276
0.854167 -0.096042
0.861111 -0.0861358
0.84375 -0.0736387
0.8125 -0.0695089
0.809028 -0.0636863
0.829861 -0.050118
0.840278 -0.0433408
0.822917 -0.0271123
0.819444 -0.0172413
0.84375 -0.00536135
0.857639 0.000384273
0.850694 0.0163585
0.885417 0.0237546
0.899306 0.0283312
0.878472 0.0331735
0.902778 0.040958
0.885417 0.0529934
0.864583 0.0531274
0.878472 0.0581395
0.850694 0.0565458
0.861111 0.0519897
0.871528 0.0515199
0.881944 0.0567687
0.878472 0.0699002
0.927083 0.0807123
0.878472 0.0970105
0.888889 0.100178
0.878472 0.103992
0.868056 0.107853
0.850694 0.109726
0.833333 0.12853
0.84375 0.143013
0.836806 0.159844
0.833333 0.170236
0.798611 0.178047
0.854167 0.178167
0.881944 0.185057
0.888889 0.182234
0.836806 0.184332
0.84375 0.180604
0.822917 0.175482
0.84375 0.177715
0.84375 0.185077
0.777778 0.187937
0.805556 0.194336
0.8125 0.194801
0.805556 0.198859
0.8125 0.205915
0.802083 0.20469
0.829861 0.200981
0.854167 0.197297
0.861111 0.196935
0.868056 0.206845
0.878472 0.203134
0.892361 0.206994
0.927083 0.20978
0.920139 0.222837
0.902778 0.231553
0.892361 0.241814
0.909722 0.262801
0.923611 0.281138
0.902778 0.304254
0.892361 0.327044
0.899306 0.349012
0.895833 0.366539
0.888889 0.393908
0.802083 0.413998
0.788194 0.437081
0.802083 0.461497
0.826389 0.484315
0.788194 0.511208
0.805556 0.534875
0.798611 0.55872
0.833333 0.576605
0.854167 0.577861
0.815972 0.585261
0.8125 0.599938
0.802083 0.614509
0.829861 0.624085
0.774306 0.631111
0.784722 0.636398
0.802083 0.643082
0.784722 0.64013
0.760417 0.641652
0.746528 0.629235
0.652778 0.619337
0.663194 0.618278
0.673611 0.619881
0.611111 0.607021
0.576389 0.601142
0.579861 0.580673
0.569444 0.559777
0.559028 0.546115
0.520833 0.538277
0.565972 0.525138
0.475694 0.516268
0.496528 0.494144
0.475694 0.478104
0.465278 0.449374
0.513889 0.4341
0.465278 0.430587
0.5625 0.430564
0.618056 0.423928
0.600694 0.417786
0.642361 0.410937
0.649306 0.401824
0.684028 0.400139
0.697917 0.40828
0.743056 0.420253
0.704861 0.437886
0.6875 0.449406
0.631944 0.473664
0.590278 0.489043
0.548611 0.505216
0.482639 0.523937
0.493056 0.537228
0.538194 0.545841
0.489583 0.556933
0.545139 0.571509
0.5 0.568421
0.559028 0.558997
0.572917 0.554083
0.548611 0.548203
0.534722 0.547731
0.472222 0.549407
0.524306 0.540932
0.510417 0.534038
0.430556 0.518532
0.475694 0.500183
0.447917 0.481807
0.454861 0.469468
0.395833 0.464942
0.399306 0.468936
0.399306 0.462876
0.427083 0.454403
0.395833 0.444015
0.354167 0.422977
0.381944 0.400283
0.295139 0.373147
0.364583 0.337719
0.392361 0.312891
0.427083 0.275653
0.4375 0.245088
0.472222 0.218671
0.465278 0.194491
0.503472 0.178263
0.555556 0.162312
0.559028 0.145662
0.513889 0.130719
0.513889 0.115948
0.552083 0.0982296
0.576389 0.0889712
0.534722 0.0807789
0.572917 0.0666094
0.569444 0.0499089
0.579861 0.028233
0.600694 0.0169991
0.604167 0.000189453
0.576389 -0.0211685
0.59375 -0.0326915
0.649306 -0.0561546
0.638889 -0.0802274
0.635417 -0.0942877
0.621528 -0.102078
0.621528 -0.108496
0.65625 -0.115425
0.670139 -0.111585
0.611111 -0.110866
0.597222 -0.117736
0.645833 -0.128288
0.642361 -0.135012
0.694444 -0.141226
0.684028 -0.148572
0.666667 -0.150393
0.645833 -0.158408
0.659722 -0.179895
0.638889 -0.186218
0.673611 -0.192841
0.666667 -0.197677
0.625 -0.191881
0.621528 -0.182049
0.628472 -0.176509
0.638889 -0.162481
0.611111 -0.153209
0.614583 -0.145265
0.697917 -0.145084
0.697917 -0.143842
0.694444 -0.133737
0.642361 -0.126572
0.690972 -0.111992
0.701389 -0.0943908
0.736111 -0.0898358
0.78125 -0.0775486
0.767361 -0.0637918
0.722222 -0.0533102
0.767361 -0.0450982
0.795139 -0.0398679
0.777778 -0.0294286
0.819444 -0.0375405
0.84375 -0.0379109
0.836806 -0.04162
0.791667 -0.0394342
0.798611 -0.0325645
0.743056 -0.0244571
0.770833 -0.0181801
0.8125 -0.0159577
0.829861 -0.0171399
0.819444 -0.0111889
0.815972 -0.0231927
0.84375 -0.0378911
0.875 -0.0437876
0.847222 -0.0445494
0.878472 -0.0545637
0.854167 -0.0633696
0.829861 -0.0717612
0.840278 -0.0817938
0.878472 -0.0936037
0.847222 -0.100701
0.822917 -0.0998411
0.847222 -0.104436
0.857639 -0.0962552
0.847222 -0.079226
0.902778 -0.0567199
0.940972 -0.0342888
0.899306 -0.0289657
0.961806 -0.0291194
0.923611 -0.0325567
0.885417 -0.0377901
0.916667 -0.038951
0.888889 -0.0350547
0.90625 -0.035687
0.892361 -0.0314797
0.909722 -0.0269083
0.930556 -0.0251706
0.920139 -0.0202119
0.875 -0.0252259
0.854167 -0.0286447
0.836806 -0.0218239
0.861111 -0.0323328
0.875 -0.0464643
0.875 -0.0723251
0.878472 -0.0899135
0.888889 -0.104221
0.857639 -0.114351
0.815972 -0.113938
0.809028 -0.110476
0.805556 -0.110409
0.819444 -0.0955229
0.798611 -0.088548
0.729167 -0.0939343
0.784722 -0.0852053
0.788194 -0.0845727
0.774306 -0.0733643
0.822917 -0.0638429
0.767361 -0.0555911
0.777778 -0.0528879
0.791667 -0.0494369
0.784722 -0.038364
0.805556 -0.0300416
0.857639 -0.0326234
0.847222 -0.0366513
0.868056 -0.0459168
0.868056 -0.0557113
0.888889 -0.0583671
0.826389 -0.0664796
0.8125 -0.072856
0.753472 -0.0667521
0.78125 -0.063207
0.819444 -0.0540075
0.802083 -0.055999
0.826389 -0.0596377
0.861111 -0.0720539
0.861111 -0.0729049
0.857639 -0.0824954
0.826389 -0.0809405
0.90625 -0.0854202
0.923611 -0.0932673
0.881944 -0.100439
0.864583 -0.10245
0.90625 -0.108655
0.836806 -0.111552
0.878472 -0.093054
0.822917 -0.0667395
0.84375 -0.0530243
0.822917 -0.0428861
0.857639 -0.0347713
0.826389 -0.0328703
0.836806 -0.029695
0.847222 -0.0153865
0.78125 0.0047105
0.770833 0.0257641
0.770833 0.0471335
0.788194 0.0654668
0.8125 0.0719086
0.822917 0.0671037
0.784722 0.0558091
0.84375 0.0318586
0.854167 0.0173893
0.864583 0.00244199
0.888889 -0.0143438
0.864583 -0.0347651
0.857639 -0.0513056
0.861111 -0.064158
0.888889 -0.062704
0.888889 -0.0548302
0.826389 -0.0574442
0.736111 -0.0643401
0.694444 -0.0691286
0.711806 -0.079445
0.680556 -0.084787
0.729167 -0.11178
0.767361 -0.143232
0.760417 -0.162046
0.798611 -0.194229
0.822917 -0.214181
0.815972 -0.232136
0.854167 -0.257084
0.875 -0.289522
0.895833 -0.340845
0.895833 -0.3882
0.864583 -0.418038
0.881944 -0.452525
0.850694 -0.464842
0.836806 -0.468257
0.8125 -0.475964
0.763889 -0.476605
0.767361 -0.4664
0.802083 -0.45483
0.78125 -0.454674
0.791667 -0.452607
0.833333 -0.448968
0.815972 -0.445564
0.84375 -0.446799
0.84375 -0.429127
0.836806 -0.411658
0.857639 -0.391174
0.84375 -0.361815
0.802083 -0.329412
0.829861 -0.29628
0.791667 -0.276369
0.784722 -0.269642
0.777778 -0.249948
0.8125 -0.232939
0.8125 -0.217856
0.829861 -0.213632
0.8125 -0.21997
0.819444 -0.205277
0.829861 -0.193768
0.840278 -0.186165
0.826389 -0.174488
0.840278 -0.171267
0.864583 -0.169778
0.871528 -0.161283
0.847222 -0.152225
0.854167 -0.149072
0.871528 -0.145686
0.847222 -0.130247
0.840278 -0.111125
0.798611 -0.0970702
0.767361 -0.0967965
0.753472 -0.0917524
0.788194 -0.093798
0.805556 -0.0951072
0.840278 -0.104049
0.850694 -0.112997
0.885417 -0.133648
0.902778 -0.152448
0.895833 -0.156409
0.895833 -0.163512
0.881944 -0.168084
0.840278 -0.187987
0.815972 -0.214073
0.829861 -0.247557
0.868056 -0.279035
0.899306 -0.288305
0.916667 -0.30527
0.899306 -0.330266
0.864583 -0.353885
0.840278 -0.351827
0.822917 -0.345059
0.777778 -0.347511
0.791667 -0.352905
0.805556 -0.342968
0.822917 -0.334294
0.798611 -0.326653
0.784722 -0.312388
0.739583 -0.303525
0.822917 -0.302172
0.847222 -0.293318
0.888889 -0.297028
0.875 -0.279047
0.840278 -0.25282
0.847222 -0.225024
0.763889 -0.185289
0.75 -0.146728
0.746528 -0.117545
0.777778 -0.105403
0.819444 -0.0957137
0.788194 -0.0796455
0.770833 -0.0952087
0.822917 -0.0855571
0.791667 -0.0780712
0.809028 -0.0803525
0.815972 -0.0817686
0.75 -0.074114
0.729167 -0.0657669
0.736111 -0.0661934
0.71875 -0.0601084
0.732639 -0.0360716
0.736111 -0.0272704
0.71875 -0.00999004
0.677083 -0.00217392
0.673611 0.00160928
0.753472 0.00369342
0.743056 0.0131741
0.711806 0.00716931
0.6875 0.0100217
0.743056 0.00651831
0.791667 -0.0127541
0.826389 -0.0362546
0.802083 -0.0617297
0.795139 -0.0793425
0.84375 -0.106511
0.871528 -0.128689
0.854167 -0.145684
0.868056 -0.178393
0.909722 -0.192173
0.923611 -0.189381
0.895833 -0.207435
0.881944 -0.219897
0.84375 -0.238508
0.857639 -0.242384
0.854167 -0.246068
0.84375 -0.228308
0.847222 -0.221546
0.875 -0.197004
0.885417 -0.189239
0.833333 -0.182284
0.826389 -0.180266
0.78125 -0.180706
0.826389 -0.188008
0.822917 -0.195769
0.868056 -0.202209
0.916667 -0.204462
0.892361 -0.210931
0.857639 -0.203502
0.857639 -0.199136
0.8125 -0.189212
0.788194 -0.179764
0.795139 -0.182005
0.78125 -0.186081
0.795139 -0.204811
0.784722 -0.21635
0.722222 -0.23178
0.809028 -0.265079
0.739583 -0.278964
0.704861 -0.290236
0.71875 -0.29902
0.708333 -0.313243
0.760417 -0.31927
0.739583 -0.326136
0.715278 -0.328833
0.711806 -0.325194
0.711806 -0.319926
0.690972 -0.31485
0.663194 -0.319042
0.670139 -0.331903
0.694444 -0.34001
0.732639 -0.333007
0.670139 -0.351481
0.694444 -0.368562
0.708333 -0.377091
0.722222 -0.387584
0.756944 -0.41203
0.798611 -0.429411
0.78125 -0.456202
0.788194 -0.491646
0.84375 -0.527296
0.8125 -0.544214
0.815972 -0.535532
0.767361 -0.535141
0.826389 -0.530509
0.829861 -0.526727
0.878472 -0.54188
0.888889 -0.551085
0.868056 -0.561489
0.868056 -0.563999
0.850694 -0.560305
0.899306 -0.567768
0.916667 -0.593892
0.850694 -0.614632
0.861111 -0.626623
0.857639 -0.634004
0.902778 -0.632054
0.909722 -0.601633
0.902778 -0.592498
0.895833 -0.582046
0.899306 -0.562849
0.913194 -0.552719
0.916667 -0.546147
0.947917 -0.530947
0.958333 -0.503508
0.923611 -0.478134
0.885417 -0.437257
0.885417 -0.406097
0.885417 -0.385773
0.875 -0.370482
0.854167 -0.357909
0.857639 -0.36056
0.868056 -0.370944
0.875 -0.398248
0.902778 -0.398297
0.899306 -0.406171
0.885417 -0.4242
0.840278 -0.434237
0.833333 -0.427246
0.815972 -0.434068
0.805556 -0.422422
0.822917 -0.430579
0.805556 -0.431613
0.826389 -0.449544
0.809028 -0.449306
0.805556 -0.455906
0.784722 -0.457841
0.784722 -0.453757
0.777778 -0.438114
0.763889 -0.414123
0.722222 -0.35648
0.708333 -0.296497
0.715278 -0.25858
0.708333 -0.267015
0.697917 -0.243575
0.777778 -0.252875
0.791667 -0.278624
0.784722 -0.294434
0.802083 -0.308757
0.864583 -0.330261
0.878472 -0.359502
0.892361 -0.348901
0.850694 -0.347919
0.850694 -0.375512
0.8125 -0.372102
0.777778 -0.386364
0.822917 -0.413287
0.847222 -0.426037
0.850694 -0.462178
0.847222 -0.490772
0.847222 -0.555521
0.850694 -0.590588
0.78125 -0.633515
0.760417 -0.674809
0.746528 -0.6839
0.798611 -0.703637
0.850694 -0.748843
0.850694 -0.768104
0.795139 -0.797329
0.78125 -0.820458
0.815972 -0.859578
0.788194 -0.872103
0.829861 -0.85656
0.826389 -0.844152
0.829861 -0.822212
0.847222 -0.760714
0.861111 -0.729992
0.840278 -0.701533
0.815972 -0.658289
0.826389 -0.660537
0.878472 -0.617506
0.805556 -0.591001
0.836806 -0.559278
0.826389 -0.500069
0.753472 -0.432311
0.802083 -0.376079
0.798611 -0.311561
0.802083 -0.251623
0.756944 -0.235868
0.770833 -0.179479
0.84375 -0.167111
0.8125 -0.119517
0.798611 -0.0835485
0.826389 -0.0119023
0.791667 0.0780424
0.756944 0.149282
0.71875 0.224553
0.694444 0.294056
0.722222 0.30953
0.684028 0.333991
0.666667 0.340595
0.704861 0.301816
0.715278 0.285988
0.715278 0.252821
0.774306 0.208724
0.774306 0.124362
0.770833 0.0902208
0.71875 0.00863995
0.722222 -0.0841957
0.732639 -0.126658
0.701389 -0.181763
0.65625 -0.222987
0.677083 -0.224704
0.732639 -0.199871
0.722222 -0.224483
0.760417 -0.253475
0.756944 -0.230491
0.746528 -0.27667
0.732639 -0.302153
0.690972 -0.256829
0.760417 -0.165586
0.753472 -0.115705
0.777778 0.0011789
0.770833 0.130564
0.770833 0.214297
0.805556 0.330622
0.777778 0.439614
0.753472 0.477148
0.788194 0.554031
0.78125 0.682975
0.725694 0.739989
0.774306 0.821987
0.770833 0.937644
0.71875 0.996405
0.736111 0.982059
0.729167 0.982753
0.611111 0.995304
0.65625 0.943297
0.701389 0.7931
0.670139 0.727396
0.638889 0.627626
0.659722 0.460658
0.666667 0.359848
0.628472 0.283261
0.663194 0.133159
0.611111 0.0204606
0.576389 -0.0938627
0.565972 -0.100771
0.5 -0.13663
0.503472 -0.0830844
0.506944 -0.0328582
0.524306 0.0600717
0.475694 0.077421
0.423611 0.0770091
0.486111 0.0265079
0.465278 0.0394997
0.427083 0.0410727
0.479167 -0.00640851
0.548611 -0.00742805
0.489583 0
