1 -0.998559 2.45481e-05
1.1 -0.996936 3.82459e-05
1.2 -0.994207 5.9356e-05
1.3 -0.990058 7.29962e-05
1.4 -0.983937 0.000101787
1.5 -0.975538 0.000114439
1.6 -0.963762 0.000180471
1.7 -0.948664 0.00024569
1.8 -0.929502 0.000288573
1.9 -0.904754 0.000357222
2 -0.872678 0.000429469
2.1 -0.830798 0.000502201
2.2 -0.773681 0.00072248
2.3 -0.670584 0.00200124
2.4 -0.601955 0.000611761
2.5 -0.552626 0.000528276
2.6 -0.513836 0.000514024
2.7 -0.481861 0.000577151
2.8 -0.454757 0.000491935
2.9 -0.429877 0.000511306
3 -0.40832 0.000462226
3.1 -0.389327 0.000485333
3.2 -0.37298 0.000403009
3.3 -0.357124 0.000475613
3.4 -0.342839 0.000514831
3.5 -0.33045 0.000443211
3.6 -0.317521 0.000372076
3.7 -0.307269 0.000415283
3.8 -0.296785 0.000377445
3.9 -0.287271 0.000417818
4 -0.278565 0.000383146
4.1 -0.270542 0.000478077
4.2 -0.262705 0.000435875
4.3 -0.255653 0.000423624
4.4 -0.248127 0.000382795
4.5 -0.241937 0.00037473
4.6 -0.235787 0.000370408
4.7 -0.229931 0.000334444
4.8 -0.224666 0.00035345
4.9 -0.219181 0.000371115
5 -0.213966 0.000366605
