0.898438 1
0.875 0.969279
0.9375 0.940717
0.90625 0.916289
0.890625 0.893775
0.890625 0.873396
0.859375 0.852979
0.851562 0.833784
0.804688 0.814945
0.796875 0.79553
0.78125 0.777202
0.796875 0.762115
0.789062 0.748896
0.796875 0.73525
0.835938 0.721805
0.8125 0.70897
0.882812 0.69763
0.84375 0.687032
0.945312 0.67689
0.921875 0.666548
0.898438 0.657421
0.828125 0.647249
0.859375 0.637005
0.796875 0.628356
0.773438 0.619556
0.734375 0.611073
0.671875 0.604568
0.640625 0.597762
0.640625 0.591657
0.664062 0.586187
0.742188 0.580734
0.820312 0.574245
0.78125 0.567967
0.71875 0.561888
0.828125 0.557512
0.851562 0.553832
0.820312 0.550102
0.8125 0.546003
0.734375 0.541904
0.789062 0.538137
0.820312 0.535252
0.78125 0.532864
0.882812 0.531083
0.882812 0.528477
0.890625 0.525373
0.882812 0.520501
0.921875 0.515304
0.960938 0.510806
0.945312 0.507591
0.851562 0.503836
0.859375 0.500751
0.875 0.498287
0.867188 0.495987
0.867188 0.492501
0.90625 0.488979
0.898438 0.485451
0.867188 0.483029
0.820312 0.479951
0.78125 0.476133
0.875 0.472694
0.84375 0.468092
0.828125 0.463921
0.679688 0.460043
0.703125 0.45727
0.6875 0.455425
0.6875 0.454504
0.6875 0.45093
0.75 0.445172
0.78125 0.440072
0.734375 0.435609
0.78125 0.432205
0.726562 0.428039
0.640625 0.423452
0.664062 0.420135
0.640625 0.417151
0.632812 0.413682
0.75 0.408315
0.757812 0.402546
0.765625 0.397692
0.789062 0.3937
0.851562 0.390341
0.8125 0.386237
0.820312 0.383943
0.789062 0.381781
0.78125 0.380093
0.796875 0.37901
0.796875 0.377516
0.796875 0.377129
0.773438 0.375468
0.804688 0.373454
0.851562 0.371629
0.851562 0.369815
0.796875 0.367623
0.875 0.364462
0.898438 0.361551
0.882812 0.358527
0.898438 0.354368
0.914062 0.350192
0.859375 0.345994
0.796875 0.34201
0.820312 0.338194
0.820312 0.335207
0.765625 0.33197
0.8125 0.330495
0.78125 0.328507
0.765625 0.324589
0.773438 0.319353
0.796875 0.316108
0.757812 0.314494
0.6875 0.312387
0.695312 0.310269
0.742188 0.308795
0.664062 0.30588
0.617188 0.30314
0.648438 0.300741
0.65625 0.29867
0.578125 0.297126
0.609375 0.294555
0.53125 0.291252
0.476562 0.2881
0.390625 0.284762
0.4375 0.282986
0.453125 0.280001
0.546875 0.276801
0.609375 0.272075
0.5625 0.268105
0.53125 0.264169
0.59375 0.261154
0.617188 0.257173
0.546875 0.25396
0.554688 0.250581
0.648438 0.24787
0.6875 0.243649
0.75 0.239711
0.75 0.235388
0.78125 0.231343
0.757812 0.227697
0.773438 0.225551
0.820312 0.223331
0.804688 0.221739
0.804688 0.219636
0.734375 0.216626
0.726562 0.213832
0.703125 0.212241
0.75 0.20992
0.78125 0.206621
0.773438 0.204405
0.851562 0.203627
0.796875 0.203325
0.796875 0.202247
0.75 0.200385
0.820312 0.199424
0.75 0.199639
0.796875 0.200039
0.867188 0.200588
0.859375 0.19964
0.851562 0.197962
0.84375 0.195065
0.875 0.192965
0.882812 0.191364
0.851562 0.188895
0.8125 0.185995
0.835938 0.182348
0.820312 0.179601
0.789062 0.176306
0.773438 0.173414
0.757812 0.172179
0.78125 0.171105
0.773438 0.169782
0.734375 0.169245
0.695312 0.168141
0.75 0.166313
0.671875 0.16436
0.640625 0.162132
0.789062 0.159965
0.726562 0.157316
0.75 0.15453
0.6875 0.151709
0.695312 0.148842
0.726562 0.146053
0.828125 0.141497
0.890625 0.137604
0.914062 0.133778
0.875 0.129439
0.828125 0.12408
0.796875 0.118803
0.875 0.114398
0.8125 0.111296
0.84375 0.107276
0.75 0.103323
0.882812 0.10029
0.882812 0.0952505
0.851562 0.0906866
0.820312 0.0855997
0.84375 0.0807978
0.796875 0.0772378
0.734375 0.074943
0.671875 0.0714186
0.726562 0.0683973
0.742188 0.0666558
0.640625 0.0663966
0.6875 0.0661303
0.75 0.0661499
0.710938 0.0652065
0.703125 0.0644162
0.640625 0.0645396
0.6875 0.063817
0.695312 0.0627303
0.671875 0.062048
0.65625 0.0617108
0.601562 0.0606498
0.5625 0.0595833
0.507812 0.0583543
0.453125 0.0575917
0.476562 0.055891
0.460938 0.0545407
0.460938 0.0530829
0.382812 0.0529401
0.40625 0.0537191
0.5 0.0563247
0.554688 0.0574232
0.570312 0.0579657
0.617188 0.0596393
0.601562 0.0600791
0.648438 0.0602007
0.679688 0.0609904
0.710938 0.061766
0.671875 0.0611796
0.679688 0.0608777
0.726562 0.0611665
0.75 0.0611753
0.765625 0.0599464
0.867188 0.0595058
0.828125 0.0582069
0.851562 0.0568245
0.859375 0.0559126
0.867188 0.0541569
0.867188 0.0526884
0.867188 0.0495039
0.828125 0.0465021
0.84375 0.0446657
0.773438 0.0434038
0.734375 0.0423697
0.789062 0.0406186
0.804688 0.0407277
0.804688 0.0392378
0.851562 0.0359839
0.804688 0.0330757
0.726562 0.0307079
0.695312 0.0261775
0.75 0.0200124
0.757812 0.0156452
0.71875 0.012036
0.6875 0.00745202
0.71875 0.00218368
0.734375 -0.00259816
0.78125 -0.00560717
0.765625 -0.00894818
0.695312 -0.0133774
0.65625 -0.0163755
0.664062 -0.0174696
0.679688 -0.0180418
0.609375 -0.0188929
0.625 -0.0188449
0.632812 -0.0182718
0.640625 -0.0182314
0.648438 -0.021564
0.632812 -0.0259602
0.6875 -0.0289667
0.65625 -0.0315266
0.640625 -0.0328962
0.679688 -0.0342904
0.710938 -0.0359471
0.6875 -0.0397549
0.640625 -0.0423212
0.703125 -0.0442883
0.609375 -0.0472868
0.609375 -0.0486183
0.617188 -0.0504033
0.617188 -0.0511684
0.601562 -0.0523092
0.640625 -0.0528169
0.648438 -0.0526913
0.679688 -0.0526138
0.648438 -0.0528732
0.59375 -0.0522253
0.640625 -0.0524667
0.585938 -0.0528757
0.554688 -0.0536677
0.609375 -0.0539181
0.632812 -0.0542109
0.617188 -0.052858
0.53125 -0.0520882
0.648438 -0.0506094
0.578125 -0.0493856
0.632812 -0.0471222
0.601562 -0.0458881
0.59375 -0.0453407
0.59375 -0.045033
0.570312 -0.0463184
0.570312 -0.0464706
0.453125 -0.0483409
0.507812 -0.0495489
0.414062 -0.0517251
0.367188 -0.0541726
0.34375 -0.0554765
0.265625 -0.0568543
0.304688 -0.0579245
0.289062 -0.0593735
0.328125 -0.0610023
0.25 -0.0643987
0.257812 -0.0676713
0.304688 -0.0700773
0.3125 -0.0712157
0.375 -0.0719078
0.359375 -0.0724414
0.351562 -0.0733649
0.390625 -0.0743132
0.359375 -0.0750688
0.390625 -0.0766124
0.34375 -0.0767242
0.460938 -0.0764311
0.523438 -0.07602
0.507812 -0.0765999
0.5 -0.0777247
0.507812 -0.0796446
0.507812 -0.0812788
0.507812 -0.0843719
0.585938 -0.0886094
0.601562 -0.0928499
0.679688 -0.0970749
0.640625 -0.100036
0.632812 -0.10226
0.5625 -0.104272
0.640625 -0.105421
0.609375 -0.107306
0.53125 -0.108587
0.59375 -0.109832
0.640625 -0.110425
0.59375 -0.112343
0.6875 -0.113744
0.648438 -0.116515
0.765625 -0.119785
0.835938 -0.124064
0.835938 -0.128572
0.867188 -0.132646
0.929688 -0.137481
0.882812 -0.141469
0.851562 -0.143572
0.796875 -0.145598
0.796875 -0.148212
0.820312 -0.149391
0.835938 -0.150307
0.851562 -0.150683
0.90625 -0.150972
0.882812 -0.152157
0.8125 -0.151899
0.789062 -0.152635
0.773438 -0.152451
0.859375 -0.152188
0.835938 -0.15342
0.867188 -0.154764
0.835938 -0.157147
0.828125 -0.160003
0.804688 -0.161194
0.867188 -0.162432
0.90625 -0.164374
0.875 -0.167216
0.9375 -0.169243
0.945312 -0.172729
0.945312 -0.176486
0.851562 -0.179378
0.820312 -0.182213
0.765625 -0.183428
0.710938 -0.185096
0.640625 -0.187239
0.65625 -0.189995
0.601562 -0.191834
0.585938 -0.192257
0.5625 -0.191406
0.640625 -0.191077
0.570312 -0.191906
0.609375 -0.192341
0.625 -0.192287
0.5625 -0.192161
0.578125 -0.191767
0.695312 -0.191387
0.71875 -0.191369
0.742188 -0.190774
0.71875 -0.188698
0.734375 -0.186909
0.742188 -0.184665
0.609375 -0.183248
0.734375 -0.181992
0.765625 -0.181309
0.726562 -0.179846
0.71875 -0.177486
0.679688 -0.175616
0.742188 -0.174177
0.773438 -0.173268
0.664062 -0.172668
0.640625 -0.170947
0.554688 -0.167822
0.65625 -0.164604
0.765625 -0.161876
0.835938 -0.159345
0.828125 -0.157426
0.835938 -0.15531
0.789062 -0.15215
0.765625 -0.149398
0.820312 -0.146305
0.78125 -0.142905
0.703125 -0.139185
0.71875 -0.135769
0.734375 -0.134135
0.75 -0.132308
0.695312 -0.129819
0.59375 -0.126904
0.5625 -0.122746
0.617188 -0.118083
0.65625 -0.113838
0.679688 -0.111444
0.6875 -0.109333
0.570312 -0.106061
0.609375 -0.101941
0.601562 -0.0981781
0.546875 -0.0943541
0.507812 -0.0912267
0.53125 -0.0885694
0.4375 -0.0855166
0.4375 -0.0828129
0.367188 -0.0793467
0.257812 -0.0748826
0.242188 -0.0715505
0.257812 -0.0683481
0.304688 -0.0653293
0.398438 -0.0631987
0.296875 -0.0618907
0.390625 -0.0600546
0.351562 -0.0580197
0.335938 -0.0553508
0.390625 -0.0526523
0.460938 -0.0495469
0.445312 -0.046974
0.453125 -0.0470847
0.4375 -0.0466137
0.507812 -0.0461614
0.546875 -0.0465956
0.5625 -0.0480312
0.554688 -0.0484484
0.507812 -0.0484162
0.453125 -0.0483146
0.398438 -0.0479631
0.507812 -0.0466237
0.617188 -0.0461104
0.648438 -0.0454204
0.664062 -0.0443347
0.648438 -0.0440259
0.679688 -0.0421414
0.6875 -0.0410171
0.710938 -0.0394679
0.734375 -0.0371623
0.6875 -0.0353464
0.804688 -0.0338775
0.78125 -0.0326924
0.828125 -0.0315913
0.84375 -0.030821
0.796875 -0.0300617
0.703125 -0.0294494
0.59375 -0.0288297
0.648438 -0.0280399
0.726562 -0.028506
0.804688 -0.0274285
0.882812 -0.0254623
0.882812 -0.023825
0.882812 -0.0226799
0.914062 -0.0207704
0.914062 -0.0190781
0.859375 -0.0183458
0.867188 -0.0185292
0.875 -0.019246
0.8125 -0.0187706
0.710938 -0.0198574
0.71875 -0.0207341
0.75 -0.0216289
0.78125 -0.0240463
0.695312 -0.0266682
0.625 -0.0287195
0.546875 -0.0310649
0.601562 -0.0330666
0.578125 -0.0347223
0.648438 -0.0368599
0.632812 -0.038723
0.617188 -0.0415232
0.546875 -0.0432991
0.648438 -0.0446194
0.578125 -0.044026
0.5625 -0.0432097
0.625 -0.0422512
0.679688 -0.0419
0.75 -0.0407699
0.835938 -0.0401555
0.796875 -0.0383192
0.867188 -0.0379045
0.859375 -0.0364945
0.859375 -0.0334163
0.78125 -0.0323808
0.695312 -0.0297862
0.710938 -0.025599
0.601562 -0.0222423
0.601562 -0.018758
0.640625 -0.0162796
0.789062 -0.0136343
0.773438 -0.0126437
0.703125 -0.0124255
0.78125 -0.0129704
0.734375 -0.0113539
0.789062 -0.0101143
0.851562 -0.00958164
0.882812 -0.0102082
0.875 -0.0110227
0.921875 -0.0116887
0.898438 -0.0115118
0.867188 -0.0117436
0.882812 -0.0113903
0.875 -0.0108024
0.914062 -0.00841633
0.867188 -0.0065149
0.859375 -0.00371811
0.828125 -0.00064013
0.828125 0.000949239
0.796875 0.00156344
0.820312 0.00186045
0.726562 0.00194106
0.757812 0.00248685
0.773438 0.00273733
0.796875 0.00189648
0.773438 0.00122964
0.695312 0.000746383
0.617188 -6.18765e-05
0.664062 0.000599616
0.5 0.000826186
0.632812 0.00201069
0.703125 0.00285063
0.773438 0.00311201
0.789062 0.00304021
0.734375 0.00160949
0.75 -0.00088457
0.75 -0.00319826
0.679688 -0.0057278
0.585938 -0.00686081
0.601562 -0.00883552
0.53125 -0.0103717
0.476562 -0.0116733
0.40625 -0.013039
0.3125 -0.0137524
0.265625 -0.0135531
0.257812 -0.0128723
0.328125 -0.0130623
0.382812 -0.01282
0.34375 -0.0116327
0.304688 -0.00909084
0.242188 -0.00773971
0.289062 -0.00699446
0.304688 -0.00485515
0.3125 -0.00297431
0.242188 -0.000577592
0.21875 0.00257961
0.1875 0.00511005
0.328125 0.0082838
0.34375 0.0135454
0.28125 0.0176186
0.328125 0.0209674
0.351562 0.0237102
0.320312 0.025122
0.421875 0.0271486
0.445312 0.0270021
0.507812 0.0278999
0.617188 0.0295912
0.578125 0.0307967
0.640625 0.0317691
0.539062 0.0316782
0.578125 0.0322559
0.609375 0.0331369
0.671875 0.0339077
0.625 0.0342717
0.679688 0.0336409
0.78125 0.0339506
0.796875 0.0336755
0.796875 0.0337149
0.75 0.0338328
0.828125 0.0334974
0.726562 0.0324218
0.726562 0.0310075
0.703125 0.0297529
0.671875 0.0299633
0.765625 0.0301382
0.703125 0.0294307
0.6875 0.0286385
0.765625 0.0292166
0.695312 0.0306712
0.648438 0.0320929
0.664062 0.0338859
0.476562 0.0353653
0.507812 0.0347549
0.5625 0.0349513
0.671875 0.0348535
0.601562 0.0341843
0.492188 0.0355303
0.648438 0.0381008
0.6875 0.0401915
0.617188 0.0416878
0.6875 0.0421877
0.703125 0.0420072
0.679688 0.041215
0.679688 0.0417901
0.609375 0.0428913
0.648438 0.0453223
0.679688 0.0471905
0.773438 0.0483449
0.851562 0.0489582
0.804688 0.0515245
0.742188 0.0538836
0.765625 0.0566182
0.726562 0.0578219
0.710938 0.0589488
0.804688 0.05899
0.828125 0.0600639
0.804688 0.0617059
0.882812 0.0627992
0.773438 0.0638761
0.835938 0.0663637
0.851562 0.0671633
0.859375 0.0695478
0.851562 0.0726168
0.9375 0.0762363
0.929688 0.0796394
0.867188 0.0825909
0.789062 0.0861449
0.679688 0.0898916
0.6875 0.0942755
0.671875 0.0984348
0.789062 0.102542
0.882812 0.105867
0.890625 0.108803
0.875 0.111767
0.835938 0.112875
0.921875 0.113148
0.875 0.11555
0.859375 0.118371
0.921875 0.121552
0.898438 0.125531
0.921875 0.129333
0.90625 0.13321
0.84375 0.138088
0.890625 0.14281
0.921875 0.147695
0.867188 0.151562
0.867188 0.154555
0.859375 0.15741
0.828125 0.16028
0.828125 0.163468
0.898438 0.16627
0.914062 0.168718
0.882812 0.170611
0.796875 0.174669
0.6875 0.178694
0.703125 0.181149
0.6875 0.183353
0.679688 0.183781
0.742188 0.184304
0.820312 0.186476
0.804688 0.187371
0.859375 0.188795
0.851562 0.19034
0.875 0.19165
0.8125 0.191969
0.78125 0.193632
0.820312 0.194027
0.8125 0.194269
0.773438 0.192902
0.796875 0.192111
0.828125 0.193177
0.78125 0.195498
0.835938 0.196244
0.820312 0.196277
0.835938 0.195643
0.804688 0.196279
0.90625 0.196904
0.875 0.197137
0.859375 0.197465
0.789062 0.197649
0.84375 0.199082
0.75 0.201072
0.679688 0.200651
0.65625 0.199529
0.664062 0.199734
0.710938 0.200191
0.640625 0.200907
0.671875 0.201478
0.703125 0.202379
0.734375 0.200918
0.75 0.198909
0.8125 0.19786
0.851562 0.196438
0.828125 0.194991
0.789062 0.194431
0.789062 0.192624
0.875 0.190016
0.851562 0.186717
0.882812 0.183205
0.90625 0.18196
0.921875 0.179999
0.890625 0.180046
0.835938 0.180447
0.804688 0.18009
0.835938 0.180267
0.867188 0.180541
0.914062 0.182806
0.882812 0.186158
0.773438 0.189427
0.75 0.191776
0.75 0.193834
0.695312 0.194047
0.742188 0.195201
0.757812 0.196796
0.640625 0.199551
0.726562 0.202613
0.757812 0.204901
0.789062 0.207009
0.835938 0.209783
0.921875 0.212974
0.859375 0.214562
0.828125 0.215438
0.8125 0.216069
0.765625 0.214822
0.828125 0.213408
0.8125 0.212862
0.75 0.212714
0.78125 0.213236
0.75 0.214977
0.648438 0.216645
0.695312 0.218185
0.703125 0.216945
0.71875 0.21526
0.773438 0.214304
0.6875 0.212762
0.695312 0.210019
0.6875 0.209582
0.8125 0.209157
0.789062 0.209705
0.804688 0.210308
0.773438 0.209915
0.820312 0.210178
0.820312 0.208838
0.898438 0.2067
0.828125 0.204884
0.757812 0.204201
0.664062 0.202794
0.632812 0.201359
0.648438 0.198956
0.632812 0.196641
0.726562 0.19498
0.804688 0.193239
0.828125 0.191541
0.851562 0.189814
0.867188 0.186877
0.828125 0.185109
0.820312 0.182083
0.851562 0.178723
0.859375 0.176521
0.742188 0.175275
0.765625 0.174393
0.78125 0.172364
0.796875 0.169659
0.789062 0.16694
0.804688 0.162892
0.796875 0.160866
0.867188 0.157463
0.90625 0.15395
0.882812 0.149535
0.851562 0.143736
0.820312 0.139475
0.757812 0.135139
0.804688 0.130135
0.796875 0.126478
0.703125 0.122617
0.632812 0.118886
0.710938 0.115852
0.804688 0.112738
0.75 0.111151
0.65625 0.109698
0.648438 0.109457
0.632812 0.109561
0.453125 0.109364
0.492188 0.107953
0.5 0.10656
0.507812 0.106853
0.46875 0.107487
0.4375 0.107501
0.515625 0.108465
0.5625 0.108398
0.507812 0.10911
0.414062 0.110527
0.523438 0.111042
0.53125 0.110744
0.523438 0.109531
0.664062 0.108549
0.679688 0.108944
0.617188 0.109533
0.695312 0.109564
0.726562 0.108928
0.734375 0.108634
0.726562 0.107764
0.75 0.107954
0.835938 0.108118
0.789062 0.108395
0.703125 0.108856
0.671875 0.108837
0.734375 0.107986
0.742188 0.105539
0.757812 0.105133
0.804688 0.105484
0.773438 0.104002
0.796875 0.102984
0.6875 0.102061
0.726562 0.100926
0.71875 0.101347
0.601562 0.101199
0.671875 0.101633
0.6875 0.101876
0.710938 0.101236
0.796875 0.100705
0.773438 0.0995107
0.859375 0.0986096
0.796875 0.0978942
0.765625 0.0975553
0.726562 0.0964715
0.773438 0.0946224
0.835938 0.0931813
0.875 0.0920522
0.820312 0.0913876
0.765625 0.0904917
0.773438 0.0903755
0.8125 0.0907036
0.8125 0.0909419
0.773438 0.0900919
0.867188 0.0904856
0.851562 0.0918202
0.828125 0.0922197
0.789062 0.0929393
0.757812 0.0928739
0.703125 0.0927753
0.648438 0.0922877
0.703125 0.0912259
0.710938 0.090856
0.71875 0.0898937
0.695312 0.0883805
0.710938 0.0875108
0.703125 0.087171
0.695312 0.0867132
0.648438 0.0858653
0.570312 0.0853571
0.476562 0.0857448
0.539062 0.0842276
0.539062 0.0834985
0.546875 0.0841661
0.570312 0.0857303
0.539062 0.0871006
0.484375 0.0888293
0.546875 0.0898994
0.585938 0.0898933
0.539062 0.0887712
0.421875 0.0882039
0.523438 0.0888738
0.515625 0.0910491
0.507812 0.0925266
0.484375 0.0919459
0.476562 0.0919356
0.5 0.0913738
0.625 0.0906435
0.546875 0.0895876
0.640625 0.0890054
0.617188 0.0894297
0.679688 0.0895111
0.734375 0.0899098
0.679688 0.0911101
0.726562 0.0918787
0.6875 0.0929744
0.679688 0.094233
0.609375 0.0954426
0.671875 0.0962322
0.625 0.0984502
0.476562 0.102185
0.515625 0.104569
0.5 0.105687
0.53125 0.106057
0.585938 0.10631
0.578125 0.108479
0.609375 0.10942
0.5625 0.110514
0.460938 0.111737
0.546875 0.112449
0.507812 0.113818
0.59375 0.115613
0.546875 0.116629
0.585938 0.117607
0.585938 0.118346
0.671875 0.117693
0.617188 0.118164
0.609375 0.119481
0.632812 0.119791
0.671875 0.117888
0.59375 0.115134
0.585938 0.113628
0.625 0.113723
0.546875 0.114154
0.585938 0.114554
0.578125 0.11675
0.671875 0.120129
0.679688 0.122248
0.625 0.123203
0.539062 0.124033
0.65625 0.126204
0.648438 0.127047
0.617188 0.127317
0.648438 0.127732
0.726562 0.128447
0.742188 0.130017
0.671875 0.129854
0.6875 0.127742
0.671875 0.126851
0.625 0.125402
0.703125 0.123659
0.71875 0.123151
0.8125 0.123307
0.835938 0.12224
0.820312 0.121012
0.867188 0.120113
0.757812 0.12004
0.835938 0.120753
0.789062 0.121722
0.8125 0.121074
0.828125 0.120558
0.757812 0.119361
0.734375 0.117967
0.757812 0.11667
0.765625 0.114047
0.664062 0.111956
0.640625 0.109311
0.695312 0.106948
0.632812 0.105291
0.59375 0.103976
0.695312 0.103263
0.671875 0.100751
0.703125 0.098402
0.742188 0.0967095
0.695312 0.0955376
0.757812 0.0945577
0.6875 0.0944401
0.625 0.0941211
0.632812 0.096157
0.617188 0.0983821
0.695312 0.100712
0.632812 0.103323
0.671875 0.105542
0.648438 0.1063
0.671875 0.106651
0.625 0.107249
0.664062 0.107849
0.59375 0.110326
0.6875 0.111893
0.703125 0.113326
0.679688 0.113154
0.757812 0.112576
0.765625 0.111967
0.75 0.111289
0.703125 0.110372
0.78125 0.109235
0.796875 0.107424
0.78125 0.106005
0.8125 0.104376
0.796875 0.103559
0.875 0.103242
0.867188 0.103088
0.859375 0.102364
0.890625 0.100426
0.882812 0.0965796
0.851562 0.094428
0.90625 0.0923827
0.867188 0.0909469
0.914062 0.0896062
0.851562 0.0885496
0.882812 0.0879626
0.859375 0.0866208
0.84375 0.0839875
0.8125 0.0810654
0.828125 0.0785046
0.835938 0.0766149
0.835938 0.0750107
0.804688 0.0727022
0.789062 0.0696518
0.742188 0.0681347
0.6875 0.065318
0.664062 0.0615798
0.671875 0.0570403
0.648438 0.0519271
0.625 0.0472156
0.578125 0.0423015
0.570312 0.0372108
0.601562 0.0314313
0.601562 0.025711
0.476562 0.0204627
0.414062 0.0170461
0.3125 0.015102
0.421875 0.0127135
0.351562 0.00916941
0.484375 0.00372654
0.539062 -0.00257918
0.4375 -0.00670668
0.492188 -0.0104217
0.546875 -0.015155
0.570312 -0.018258
0.546875 -0.0236205
0.546875 -0.030463
0.515625 -0.0383647
0.59375 -0.0453206
0.554688 -0.051755
0.53125 -0.056733
0.507812 -0.0616201
0.445312 -0.0667724
0.46875 -0.0703575
0.34375 -0.0742863
0.335938 -0.0772785
0.421875 -0.0787493
0.5 -0.0809686
0.460938 -0.0827795
0.476562 -0.0836896
0.414062 -0.0827194
0.460938 -0.081128
0.429688 -0.0800506
0.429688 -0.0799128
0.375 -0.0784446
0.3125 -0.0776206
0.304688 -0.0770884
0.34375 -0.0762023
0.351562 -0.075492
0.359375 -0.0749476
0.414062 -0.0748496
0.492188 -0.0776133
0.53125 -0.0810129
0.492188 -0.0843115
0.523438 -0.0880616
0.742188 -0.0913679
0.773438 -0.0939003
0.78125 -0.0946434
0.851562 -0.0945479
0.820312 -0.0939998
0.84375 -0.0944
0.890625 -0.0944607
0.828125 -0.0961463
0.804688 -0.0985863
0.742188 -0.0990065
0.789062 -0.0992679
0.820312 -0.0987163
0.789062 -0.0987689
0.773438 -0.0993095
0.726562 -0.100763
0.578125 -0.102902
0.554688 -0.104036
0.414062 -0.105479
0.28125 -0.10555
0.25 -0.105859
0.335938 -0.105663
0.265625 -0.10343
0.226562 -0.101807
0.351562 -0.100937
0.304688 -0.100122
0.328125 -0.100868
0.265625 -0.101496
0.257812 -0.101875
0.25 -0.103044
0.1875 -0.103836
0.296875 -0.104112
0.203125 -0.105402
0.289062 -0.106869
0.320312 -0.108534
0.28125 -0.109689
0.28125 -0.110665
0.203125 -0.11312
0.226562 -0.116507
0.234375 -0.119845
0.242188 -0.121609
0.320312 -0.121726
0.351562 -0.121254
0.398438 -0.119134
0.429688 -0.119127
0.390625 -0.118375
0.320312 -0.118511
0.335938 -0.117863
0.359375 -0.117336
0.375 -0.115149
0.398438 -0.115201
0.359375 -0.116602
0.226562 -0.118204
0.109375 -0.119474
0.0390625 -0.120556
0.117188 -0.121392
0.164062 -0.123345
0.203125 -0.127264
0.25 -0.131217
0.21875 -0.133829
0.210938 -0.136955
0.140625 -0.137736
0.148438 -0.140149
0.171875 -0.141246
0.132812 -0.144187
0.234375 -0.147188
0.28125 -0.149666
0.375 -0.152942
0.359375 -0.156319
0.257812 -0.159699
0.210938 -0.163279
0.140625 -0.165984
0.148438 -0.167933
0.140625 -0.169172
0.140625 -0.170015
0.1875 -0.171531
0.234375 -0.173444
0.320312 -0.175928
0.34375 -0.177118
0.453125 -0.176863
0.453125 -0.175064
0.367188 -0.173219
0.367188 -0.172793
0.359375 -0.171583
0.328125 -0.171795
0.390625 -0.172313
0.328125 -0.173682
0.359375 -0.173686
0.414062 -0.173121
0.429688 -0.171983
0.398438 -0.171504
0.414062 -0.170039
0.398438 -0.168453
0.390625 -0.16713
0.414062 -0.165518
0.398438 -0.164879
0.453125 -0.164972
0.5 -0.164071
0.414062 -0.164507
0.421875 -0.162339
0.375 -0.160528
0.390625 -0.15997
0.320312 -0.158533
0.351562 -0.157595
0.453125 -0.156145
0.4375 -0.153881
0.398438 -0.151267
0.429688 -0.150615
0.484375 -0.149787
0.539062 -0.146674
0.539062 -0.144497
0.492188 -0.142196
0.351562 -0.141199
0.304688 -0.140974
0.195312 -0.13971
0.289062 -0.137939
0.242188 -0.136367
0.210938 -0.134628
0.140625 -0.133621
0.195312 -0.13239
0.3125 -0.131196
0.320312 -0.131025
0.335938 -0.130447
0.320312 -0.131051
0.320312 -0.132193
0.242188 -0.133661
0.210938 -0.13626
0.296875 -0.138965
0.34375 -0.14226
0.296875 -0.145051
0.273438 -0.147368
0.226562 -0.149326
0.1875 -0.150925
0.101562 -0.152721
0.0234375 -0.156085
0.101562 -0.158762
0.0625 -0.162397
0.03125 -0.165335
0.0078125 -0.168442
0.101562 -0.171038
0.15625 -0.173729
0.203125 -0.176451
0.210938 -0.180797
0.0859375 -0.184553
0.0625 -0.188207
0.195312 -0.192337
0.265625 -0.19552
0.242188 -0.198761
0.25 -0.200084
0.203125 -0.199836
0.367188 -0.200262
0.382812 -0.20011
0.484375 -0.200268
0.601562 -0.199741
0.671875 -0.198713
0.65625 -0.197398
0.65625 -0.195063
0.59375 -0.192483
0.523438 -0.18965
0.515625 -0.187917
0.460938 -0.18548
0.546875 -0.184131
0.632812 -0.182793
0.703125 -0.181891
0.617188 -0.181171
0.609375 -0.18124
0.570312 -0.17998
0.632812 -0.181413
0.65625 -0.18388
0.65625 -0.186196
0.695312 -0.188872
0.648438 -0.190936
0.664062 -0.193106
0.671875 -0.195653
0.640625 -0.196285
0.609375 -0.195723
0.671875 -0.196021
0.640625 -0.197516
0.65625 -0.199813
0.625 -0.201414
0.507812 -0.202421
0.523438 -0.204082
0.523438 -0.203555
0.609375 -0.204046
0.554688 -0.203764
0.460938 -0.203604
0.484375 -0.204849
0.390625 -0.207343
0.46875 -0.20859
0.5 -0.209093
0.515625 -0.209164
0.546875 -0.208579
0.46875 -0.206721
0.5 -0.206754
0.703125 -0.209016
0.710938 -0.212333
0.8125 -0.21483
0.789062 -0.217645
0.773438 -0.219079
0.679688 -0.221356
0.71875 -0.22324
0.679688 -0.225518
0.695312 -0.227603
0.664062 -0.228535
0.65625 -0.229704
0.679688 -0.228757
0.773438 -0.228371
0.671875 -0.229183
0.617188 -0.229232
0.570312 -0.229421
0.625 -0.228891
0.734375 -0.230029
0.78125 -0.22976
0.84375 -0.230033
0.914062 -0.227508
0.890625 -0.224395
0.828125 -0.221799
0.882812 -0.222001
0.914062 -0.222676
0.90625 -0.221329
0.859375 -0.220843
0.898438 -0.220203
0.84375 -0.219363
0.859375 -0.2182
0.859375 -0.217469
0.828125 -0.216724
0.773438 -0.217156
0.789062 -0.216357
0.734375 -0.215596
0.6875 -0.21596
0.632812 -0.216214
0.734375 -0.215332
0.734375 -0.212966
0.695312 -0.21247
0.6875 -0.210827
0.734375 -0.209309
0.820312 -0.208674
0.875 -0.209649
0.867188 -0.211595
0.859375 -0.214341
0.859375 -0.217865
0.859375 -0.221005
0.859375 -0.222479
0.875 -0.224491
0.828125 -0.227115
0.835938 -0.231015
0.78125 -0.23447
0.796875 -0.235815
0.851562 -0.237834
0.796875 -0.23879
0.828125 -0.237669
0.890625 -0.237507
0.820312 -0.239175
0.804688 -0.241235
0.828125 -0.241276
0.828125 -0.241432
0.78125 -0.241129
0.796875 -0.242106
0.789062 -0.242678
0.703125 -0.24409
0.742188 -0.24425
0.648438 -0.245188
0.703125 -0.244753
0.78125 -0.245465
0.773438 -0.246818
0.851562 -0.248845
0.890625 -0.251803
0.890625 -0.254529
0.945312 -0.256588
0.929688 -0.258151
0.929688 -0.259452
0.875 -0.261305
0.820312 -0.26341
0.828125 -0.265042
0.898438 -0.266247
0.875 -0.266936
0.867188 -0.266923
0.859375 -0.266599
0.867188 -0.265199
0.835938 -0.264136
0.804688 -0.26287
0.851562 -0.263121
0.867188 -0.26429
0.835938 -0.265008
0.875 -0.264252
0.789062 -0.264446
0.796875 -0.263955
0.84375 -0.26271
0.835938 -0.262162
0.75 -0.262881
0.789062 -0.262455
0.75 -0.26258
0.703125 -0.26149
0.734375 -0.261117
0.710938 -0.261956
0.648438 -0.264567
0.710938 -0.263608
0.632812 -0.263515
0.617188 -0.26466
0.703125 -0.266078
0.804688 -0.267168
0.773438 -0.269041
0.742188 -0.271984
0.757812 -0.275566
0.765625 -0.278683
0.757812 -0.281383
0.804688 -0.282754
0.765625 -0.284318
0.820312 -0.284246
0.859375 -0.283529
0.875 -0.282862
0.84375 -0.28259
0.8125 -0.280713
0.789062 -0.279505
0.828125 -0.277009
0.875 -0.274444
0.820312 -0.272451
0.835938 -0.270201
0.820312 -0.268487
0.796875 -0.265632
0.828125 -0.263725
0.898438 -0.262465
0.859375 -0.261743
0.867188 -0.260916
0.851562 -0.259954
0.8125 -0.258739
0.820312 -0.257841
0.8125 -0.256996
0.6875 -0.254043
0.75 -0.250681
0.8125 -0.247266
0.820312 -0.244771
0.789062 -0.242855
0.78125 -0.241445
0.789062 -0.240866
0.765625 -0.238425
0.773438 -0.234493
0.820312 -0.230822
0.820312 -0.228233
0.804688 -0.226307
0.773438 -0.223232
0.773438 -0.218862
0.789062 -0.216196
0.851562 -0.21314
0.828125 -0.208355
0.757812 -0.202384
0.75 -0.196826
0.75 -0.192484
0.695312 -0.188443
0.726562 -0.184626
0.648438 -0.18222
0.664062 -0.179149
0.742188 -0.175159
0.640625 -0.171369
0.65625 -0.16754
0.679688 -0.165786
0.742188 -0.164324
0.773438 -0.161917
0.804688 -0.161373
0.8125 -0.16089
0.789062 -0.160505
0.671875 -0.159167
0.695312 -0.157464
0.773438 -0.155648
0.742188 -0.156099
0.796875 -0.155916
0.828125 -0.154831
0.804688 -0.153324
0.851562 -0.151987
0.828125 -0.151337
0.78125 -0.151034
0.773438 -0.151188
0.859375 -0.151794
0.867188 -0.1522
0.703125 -0.152547
0.789062 -0.151259
0.8125 -0.150963
0.765625 -0.151193
0.8125 -0.150172
0.773438 -0.149384
0.78125 -0.149557
0.84375 -0.147271
0.804688 -0.144496
0.820312 -0.140492
0.796875 -0.137639
0.882812 -0.13494
0.859375 -0.133742
0.867188 -0.131459
0.835938 -0.128371
0.859375 -0.12738
0.828125 -0.127048
0.835938 -0.126944
0.84375 -0.127065
0.820312 -0.126359
0.820312 -0.123745
0.828125 -0.121312
0.8125 -0.119348
0.875 -0.116875
0.84375 -0.115199
0.828125 -0.113512
0.78125 -0.113407
0.859375 -0.111309
0.898438 -0.108504
0.859375 -0.106508
0.890625 -0.103839
0.84375 -0.101354
0.820312 -0.0988802
0.804688 -0.0967031
0.75 -0.0951597
0.671875 -0.0933586
0.671875 -0.0918735
0.757812 -0.0904306
0.726562 -0.0888766
0.703125 -0.0873311
0.71875 -0.0862546
0.742188 -0.0842632
0.65625 -0.0829085
0.695312 -0.07973
0.695312 -0.0760066
0.6875 -0.0713087
0.695312 -0.065795
0.75 -0.0627139
0.757812 -0.0618404
0.734375 -0.0586362
0.6875 -0.0554827
0.742188 -0.0541655
0.734375 -0.0524016
0.734375 -0.0500726
0.65625 -0.0463832
0.53125 -0.043501
0.546875 -0.0420968
0.585938 -0.0396734
0.554688 -0.0380845
0.65625 -0.0354606
0.648438 -0.033293
0.632812 -0.0318055
0.601562 -0.0307055
0.710938 -0.0282089
0.742188 -0.0262596
0.757812 -0.0247131
0.671875 -0.0240997
0.632812 -0.0240656
0.585938 -0.0247846
0.617188 -0.0267003
0.59375 -0.0274913
0.601562 -0.0276957
0.648438 -0.026644
0.664062 -0.0246534
0.703125 -0.0221242
0.601562 -0.0192004
0.539062 -0.0164635
0.507812 -0.0137946
0.335938 -0.0114212
0.414062 -0.00645426
0.414062 0.000334566
0.492188 0.00585364
0.40625 0.00965331
0.367188 0.0147432
0.421875 0.0189699
0.445312 0.0226889
0.515625 0.0265863
0.5 0.0292099
0.492188 0.0330858
0.554688 0.0361936
0.460938 0.0385991
0.375 0.0402609
0.234375 0.0420413
0.265625 0.0435941
0.421875 0.0461399
0.367188 0.0476582
0.390625 0.0494986
0.414062 0.052181
0.382812 0.0534291
0.34375 0.0551588
0.351562 0.0556137
0.382812 0.0579069
0.492188 0.0615328
0.59375 0.064154
0.546875 0.0667964
0.578125 0.0692833
0.65625 0.0707141
0.703125 0.069382
0.648438 0.0695761
0.546875 0.0722647
0.484375 0.0760267
0.5625 0.0792972
0.507812 0.0830831
0.507812 0.0838599
0.507812 0.08518
0.609375 0.0881468
0.546875 0.0915006
0.570312 0.0951951
0.460938 0.0979313
0.476562 0.0990231
0.476562 0.0995085
0.414062 0.0998819
0.46875 0.100139
0.484375 0.100456
0.4375 0.101697
0.359375 0.103265
0.453125 0.1065
0.46875 0.109489
0.515625 0.113338
0.578125 0.118041
0.5 0.121333
0.546875 0.124086
0.546875 0.127777
0.476562 0.131505
0.5 0.1366
0.585938 0.141184
0.648438 0.144995
0.65625 0.14998
0.6875 0.154984
0.601562 0.16007
0.617188 0.165466
0.601562 0.172111
0.648438 0.178058
0.460938 0.183389
0.367188 0.189341
0.320312 0.196336
0.367188 0.204448
0.320312 0.212637
0.34375 0.220338
0.421875 0.228059
0.375 0.234579
0.460938 0.240081
0.484375 0.244514
0.460938 0.249043
0.53125 0.25358
0.507812 0.257165
0.570312 0.259494
0.617188 0.261062
0.640625 0.262687
0.664062 0.264243
0.664062 0.265694
0.640625 0.266761
0.671875 0.266367
0.664062 0.265517
0.726562 0.264244
0.742188 0.262156
0.5625 0.259358
0.523438 0.259304
0.453125 0.260682
0.4375 0.260012
0.460938 0.25773
0.445312 0.255326
0.476562 0.251729
0.554688 0.248112
0.476562 0.244394
0.453125 0.243869
0.460938 0.24426
0.414062 0.24603
0.421875 0.246208
0.359375 0.246261
0.414062 0.247512
0.421875 0.248418
0.460938 0.248926
0.351562 0.251684
0.335938 0.254545
0.453125 0.256875
0.5 0.25848
0.390625 0.260185
0.4375 0.262105
0.335938 0.263221
0.289062 0.264572
0.320312 0.26734
0.320312 0.26943
0.40625 0.272941
0.46875 0.274999
0.554688 0.275981
0.515625 0.277472
0.59375 0.280665
0.648438 0.284863
0.679688 0.288747
0.773438 0.291545
0.742188 0.295227
0.679688 0.298993
0.765625 0.303104
0.796875 0.307681
0.734375 0.311549
0.742188 0.316508
0.75 0.320367
0.765625 0.321129
0.75 0.322226
0.757812 0.323019
0.765625 0.323541
0.757812 0.32416
0.734375 0.325541
0.757812 0.325948
0.773438 0.326318
0.710938 0.324561
0.8125 0.321995
0.734375 0.31858
0.726562 0.316128
0.648438 0.313164
0.609375 0.308947
0.664062 0.305621
0.664062 0.302229
0.679688 0.299449
0.570312 0.298199
0.515625 0.297506
0.523438 0.29699
0.5625 0.29447
0.5 0.293699
0.515625 0.292195
0.421875 0.292031
0.460938 0.291176
0.507812 0.291546
0.5625 0.292792
0.585938 0.292992
0.640625 0.291559
0.617188 0.289385
0.585938 0.286152
0.578125 0.282955
0.695312 0.279826
0.75 0.275199
0.6875 0.271865
0.703125 0.268173
0.695312 0.266086
0.742188 0.262986
0.765625 0.258851
0.789062 0.255628
0.789062 0.252485
0.796875 0.249987
0.851562 0.249742
0.867188 0.249035
0.890625 0.247775
0.851562 0.247133
0.859375 0.246198
0.875 0.244694
0.867188 0.242502
0.867188 0.241682
0.835938 0.240251
0.765625 0.23765
0.734375 0.234746
0.625 0.231309
0.6875 0.226728
0.671875 0.219962
0.75 0.21445
0.703125 0.211016
0.671875 0.208348
0.6875 0.205627
0.703125 0.203919
0.742188 0.201874
0.734375 0.201461
0.6875 0.200837
0.617188 0.200142
0.617188 0.198466
0.632812 0.195169
0.726562 0.191112
0.671875 0.188242
0.585938 0.184093
0.671875 0.180243
0.695312 0.176186
0.703125 0.17187
0.734375 0.168102
0.726562 0.164102
0.828125 0.157643
0.835938 0.152535
0.8125 0.14822
0.867188 0.14329
0.875 0.139063
0.851562 0.136045
0.851562 0.132429
0.875 0.129771
0.789062 0.127857
0.84375 0.127155
0.882812 0.127068
0.921875 0.126603
0.90625 0.125766
0.859375 0.126148
0.804688 0.126019
0.796875 0.127015
0.78125 0.128785
0.765625 0.130574
0.804688 0.130923
0.710938 0.133557
0.703125 0.133238
0.789062 0.130419
0.867188 0.129324
0.828125 0.127045
0.796875 0.124986
0.757812 0.123813
0.734375 0.123655
0.703125 0.124286
0.757812 0.123379
0.742188 0.122017
0.765625 0.119041
0.75 0.116623
0.65625 0.114372
0.648438 0.115156
0.640625 0.114491
0.648438 0.113156
0.5 0.111484
0.390625 0.111402
0.429688 0.109664
0.515625 0.106276
0.523438 0.104305
0.539062 0.102307
0.617188 0.0995609
0.664062 0.0958207
0.695312 0.0916759
0.6875 0.0889779
0.71875 0.0871657
0.710938 0.0855802
0.710938 0.0844736
0.796875 0.081892
0.796875 0.0781176
0.851562 0.0744015
0.828125 0.0692911
0.859375 0.0645643
0.867188 0.0604852
0.851562 0.0550699
0.789062 0.04881
0.65625 0.0421714
0.632812 0.0365455
0.648438 0.0323194
0.5 0.0275906
0.515625 0.0213712
0.484375 0.0150441
0.46875 0.0115325
0.460938 0.00652651
0.390625 0.00240636
0.429688 -0.00237713
0.476562 -0.00632757
0.507812 -0.010135
0.546875 -0.0142815
0.554688 -0.0199649
0.640625 -0.0247359
0.695312 -0.0305227
0.578125 -0.0353327
0.625 -0.0398725
0.5625 -0.0437076
0.664062 -0.0465505
0.75 -0.0504717
0.679688 -0.0539992
0.578125 -0.0572634
0.65625 -0.0602918
0.625 -0.065526
0.601562 -0.0691378
0.609375 -0.0745798
0.640625 -0.0799044
0.726562 -0.0848227
0.703125 -0.0891465
0.625 -0.0950242
0.601562 -0.101794
0.632812 -0.107884
0.703125 -0.11097
0.625 -0.113439
0.6875 -0.114948
0.679688 -0.116522
0.609375 -0.118231
0.578125 -0.120449
0.625 -0.12402
0.648438 -0.126216
0.617188 -0.126634
0.5 -0.125701
0.515625 -0.125813
0.507812 -0.127115
0.5625 -0.127265
0.523438 -0.126137
0.671875 -0.123852
0.765625 -0.122781
0.773438 -0.123154
0.734375 -0.122639
0.757812 -0.122478
0.78125 -0.124851
0.820312 -0.126298
0.898438 -0.127711
0.835938 -0.130511
0.820312 -0.134664
0.796875 -0.140373
0.773438 -0.146013
0.835938 -0.150709
0.835938 -0.155221
0.8125 -0.160695
0.757812 -0.165438
0.742188 -0.167412
0.765625 -0.171504
0.78125 -0.175858
0.734375 -0.179368
0.703125 -0.181495
0.640625 -0.183198
0.710938 -0.187765
0.703125 -0.192131
0.601562 -0.195643
0.632812 -0.199536
0.554688 -0.20204
0.4375 -0.205203
0.382812 -0.206856
0.382812 -0.208869
0.375 -0.211588
0.335938 -0.214588
0.210938 -0.21701
0.265625 -0.218694
0.203125 -0.219337
0.132812 -0.221311
0.0546875 -0.22234
0.0546875 -0.221452
0.0390625 -0.220715
0.03125 -0.22064
0.015625 -0.223348
0.015625 -0.223702
0.015625 -0.224848
0.015625 -0.227988
0.0078125 -0.230858
0 -0.232851
0.0703125 -0.235347
0.0625 -0.237366
0.0234375 -0.239877
0.046875 -0.241723
0.148438 -0.245739
0.125 -0.250555
0.140625 -0.253638
0.117188 -0.255663
0.132812 -0.257631
0.140625 -0.259927
0.132812 -0.263071
0.15625 -0.265619
0.203125 -0.270182
0.1875 -0.274379
0.195312 -0.277015
0.125 -0.27889
0.09375 -0.280283
0.09375 -0.281001
0.03125 -0.281628
0.03125 -0.281879
0.015625 -0.282797
0.132812 -0.283775
0.171875 -0.285117
0.1875 -0.28779
0.171875 -0.291212
0.195312 -0.295256
0.25 -0.297357
0.359375 -0.298385
0.320312 -0.301227
0.359375 -0.303798
0.320312 -0.306338
0.390625 -0.308853
0.375 -0.312548
0.335938 -0.315755
0.351562 -0.317934
0.359375 -0.319361
0.171875 -0.320605
0.164062 -0.319117
0.25 -0.316622
0.3125 -0.315064
0.289062 -0.312994
0.34375 -0.30965
0.320312 -0.308324
0.34375 -0.306959
0.25 -0.304876
0.289062 -0.303186
0.296875 -0.299937
0.4375 -0.296708
0.382812 -0.294555
0.414062 -0.293051
0.40625 -0.289648
0.390625 -0.286657
0.382812 -0.281542
0.4375 -0.277866
0.515625 -0.277522
0.609375 -0.275908
0.640625 -0.274979
0.601562 -0.274771
0.671875 -0.274427
0.695312 -0.275691
0.695312 -0.278549
0.703125 -0.281793
0.671875 -0.285659
0.710938 -0.289792
0.625 -0.294559
0.695312 -0.298942
0.695312 -0.3029
0.734375 -0.307174
0.679688 -0.311137
0.609375 -0.316325
0.570312 -0.321939
0.546875 -0.327706
0.59375 -0.333624
0.585938 -0.337391
0.570312 -0.341422
0.585938 -0.344677
0.539062 -0.346717
0.53125 -0.349984
0.5 -0.353452
0.453125 -0.356221
0.53125 -0.35812
0.5 -0.361041
0.523438 -0.363207
0.601562 -0.364895
0.421875 -0.366736
0.390625 -0.368083
0.390625 -0.369427
0.421875 -0.372493
0.28125 -0.375328
0.3125 -0.375971
0.460938 -0.377629
0.546875 -0.376642
0.554688 -0.375106
0.5 -0.376637
0.46875 -0.378714
0.554688 -0.379982
0.484375 -0.38015
0.515625 -0.381321
0.5625 -0.382229
0.460938 -0.385983
0.4375 -0.39037
0.46875 -0.394109
0.476562 -0.396921
0.59375 -0.398997
0.5625 -0.400586
0.539062 -0.40192
0.578125 -0.400793
0.5625 -0.399526
0.53125 -0.399483
0.59375 -0.398549
0.492188 -0.399212
0.507812 -0.399468
0.515625 -0.400416
0.421875 -0.401952
0.382812 -0.402249
0.40625 -0.402486
0.460938 -0.403798
0.515625 -0.404515
0.539062 -0.403074
0.539062 -0.403486
0.601562 -0.404988
0.539062 -0.405682
0.484375 -0.406326
0.484375 -0.406935
0.578125 -0.40529
0.609375 -0.4046
0.640625 -0.403375
0.664062 -0.403503
0.625 -0.402865
0.632812 -0.402481
0.5 -0.401409
0.460938 -0.401448
0.421875 -0.399212
0.445312 -0.398753
0.484375 -0.398254
0.554688 -0.398477
0.523438 -0.400311
0.53125 -0.402374
0.53125 -0.404552
0.546875 -0.406931
0.539062 -0.410121
0.523438 -0.41218
0.59375 -0.413764
0.5625 -0.415506
0.578125 -0.417148
0.554688 -0.417094
0.609375 -0.417982
0.523438 -0.417995
0.632812 -0.418099
0.5625 -0.417762
0.5 -0.416208
0.445312 -0.414756
0.460938 -0.414223
0.328125 -0.414805
0.265625 -0.414881
0.21875 -0.413825
0.203125 -0.412973
0.09375 -0.413116
0.09375 -0.411552
0.015625 -0.410234
0.101562 -0.408207
0.15625 -0.405812
0.21875 -0.402323
0.234375 -0.400463
0.195312 -0.399442
0.242188 -0.399056
0.257812 -0.39884
0.21875 -0.400761
0.15625 -0.402503
0.1875 -0.403498
0.242188 -0.404597
0.148438 -0.405727
0.203125 -0.405894
0.09375 -0.404874
0.164062 -0.403547
0.1875 -0.402051
0.171875 -0.400114
0.1875 -0.397189
0.171875 -0.39082
0.164062 -0.387024
0.125 -0.38367
0.101562 -0.379492
0.164062 -0.375376
0.296875 -0.370778
0.234375 -0.368297
0.171875 -0.366579
0.21875 -0.364386
0.195312 -0.363833
0.03125 -0.363548
0.140625 -0.361591
0.179688 -0.36029
0.3125 -0.358991
0.289062 -0.358071
0.21875 -0.357698
0.242188 -0.356666
0.132812 -0.356364
0.171875 -0.355016
0.226562 -0.353222
0.375 -0.353578
0.289062 -0.355243
0.328125 -0.35532
0.367188 -0.354747
0.265625 -0.35419
0.203125 -0.353578
0.289062 -0.35229
0.171875 -0.350558
0.125 -0.348829
0.164062 -0.345551
0.125 -0.343281
0.210938 -0.342533
0.226562 -0.342406
0.15625 -0.340665
0.0703125 -0.338714
0.078125 -0.335206
0.0078125 -0.333124
0.0703125 -0.333592
0 -0.335431
0.0546875 -0.335318
0.0390625 -0.335321
0.0078125 -0.332924
0.03125 -0.331555
0.109375 -0.329925
0.109375 -0.328289
0.15625 -0.328977
0.109375 -0.329908
0.101562 -0.32927
0.179688 -0.327825
0.203125 -0.32654
0.21875 -0.326302
0.09375 -0.327746
0.0703125 -0.327598
0.0546875 -0.326742
0.015625 -0.32632
0.09375 -0.325191
0.0546875 -0.323017
0.0234375 -0.320055
0.0625 -0.318353
0.0078125 -0.314685
0.0390625 -0.309267
0.179688 -0.303188
0.179688 -0.297648
0.257812 -0.294141
0.390625 -0.293116
0.53125 -0.290565
0.46875 -0.287501
0.578125 -0.286999
0.453125 -0.287827
0.375 -0.287694
0.382812 -0.286753
0.34375 -0.28657
0.328125 -0.287571
0.335938 -0.287345
0.3125 -0.28446
0.382812 -0.283545
0.234375 -0.285045
0.179688 -0.286614
0.304688 -0.287289
0.359375 -0.287854
0.351562 -0.289112
0.390625 -0.291723
0.320312 -0.294071
0.257812 -0.294289
0.257812 -0.29399
0.320312 -0.293527
0.351562 -0.294634
0.421875 -0.294908
0.484375 -0.295429
0.460938 -0.297448
0.375 -0.30052
0.304688 -0.30401
0.335938 -0.305939
0.210938 -0.307314
0.28125 -0.308037
0.320312 -0.30879
0.429688 -0.307931
0.5625 -0.306971
0.421875 -0.306554
0.4375 -0.306092
0.40625 -0.303021
0.554688 -0.299804
0.484375 -0.297018
0.4375 -0.294635
0.507812 -0.292023
0.59375 -0.289
0.703125 -0.28419
0.679688 -0.277716
0.609375 -0.272794
0.742188 -0.266188
0.703125 -0.262033
0.65625 -0.257959
0.476562 -0.2541
0.5 -0.250582
0.609375 -0.24684
0.640625 -0.242866
0.625 -0.239339
0.664062 -0.236654
0.570312 -0.233472
0.632812 -0.232477
0.679688 -0.230301
0.71875 -0.229892
0.757812 -0.229492
0.75 -0.22743
0.625 -0.226696
0.640625 -0.222124
0.671875 -0.218533
0.75 -0.21616
0.726562 -0.21321
0.679688 -0.211535
0.585938 -0.210922
0.640625 -0.209509
0.59375 -0.210913
0.460938 -0.2127
0.460938 -0.213965
0.445312 -0.215497
0.453125 -0.21578
0.4375 -0.215595
0.53125 -0.214455
0.46875 -0.21228
0.3125 -0.210724
0.382812 -0.211485
0.4375 -0.214194
0.328125 -0.215001
0.351562 -0.214637
0.398438 -0.215643
0.375 -0.216464
0.375 -0.217871
0.382812 -0.217735
0.414062 -0.215974
0.476562 -0.214977
0.460938 -0.213572
0.46875 -0.210384
0.5 -0.207324
0.429688 -0.20539
0.359375 -0.201735
0.242188 -0.198951
0.304688 -0.195873
0.257812 -0.192514
0.257812 -0.188582
0.28125 -0.184131
0.304688 -0.180502
0.296875 -0.176402
0.320312 -0.171702
0.304688 -0.166964
0.320312 -0.160738
0.28125 -0.153681
0.335938 -0.146852
0.273438 -0.140868
0.257812 -0.133982
0.3125 -0.1258
0.382812 -0.11909
0.375 -0.110656
0.367188 -0.100894
0.4375 -0.0936646
0.445312 -0.0863115
0.539062 -0.080303
0.578125 -0.0740745
0.578125 -0.0690886
0.679688 -0.06688
0.703125 -0.0663817
0.640625 -0.0662724
0.609375 -0.0642393
0.695312 -0.0609525
0.640625 -0.0576117
0.65625 -0.0554778
0.6875 -0.0545867
0.640625 -0.0543152
0.601562 -0.0538466
0.578125 -0.0532933
0.609375 -0.051393
0.664062 -0.0501604
0.734375 -0.0501457
0.773438 -0.0485421
0.78125 -0.0465128
0.820312 -0.0446046
0.828125 -0.0427468
0.796875 -0.0419501
0.796875 -0.0433082
0.789062 -0.0441613
0.71875 -0.0436396
0.703125 -0.0426131
0.71875 -0.0422061
0.742188 -0.0399855
0.78125 -0.0389423
0.804688 -0.0378466
0.796875 -0.0369159
0.859375 -0.0362071
0.859375 -0.0356272
0.929688 -0.0333678
0.921875 -0.0317593
0.9375 -0.0297416
0.921875 -0.0283356
0.890625 -0.0266882
0.90625 -0.0243672
0.835938 -0.0232369
0.75 -0.0232269
0.726562 -0.0228888
0.726562 -0.021767
0.742188 -0.0201607
0.84375 -0.0196757
0.773438 -0.0202688
0.78125 -0.0202853
0.8125 -0.0201617
0.804688 -0.0223598
0.859375 -0.0253109
0.828125 -0.027942
0.804688 -0.0306993
0.8125 -0.0330334
0.765625 -0.0341684
0.75 -0.0349172
0.78125 -0.0335902
0.796875 -0.0319325
0.8125 -0.0308731
0.835938 -0.0299062
0.875 -0.0288986
0.851562 -0.028025
0.84375 -0.0260396
0.851562 -0.0240711
0.804688 -0.0216984
0.835938 -0.0208675
0.71875 -0.0207034
0.710938 -0.0200867
0.75 -0.0194359
0.648438 -0.0206253
0.679688 -0.0224164
0.6875 -0.0240909
0.5625 -0.02444
0.570312 -0.0244455
0.632812 -0.0239052
0.601562 -0.0230347
0.640625 -0.0243285
0.5625 -0.0242724
0.546875 -0.0257033
0.554688 -0.0272972
0.585938 -0.0291206
0.617188 -0.0296376
0.554688 -0.028498
0.609375 -0.0288994
0.5625 -0.0308454
0.554688 -0.0317517
0.492188 -0.0326084
0.359375 -0.033401
0.304688 -0.0335819
0.289062 -0.0337124
0.289062 -0.0341139
0.289062 -0.0322562
0.429688 -0.0319831
0.632812 -0.0325117
0.710938 -0.0328849
0.742188 -0.032327
0.703125 -0.0318604
0.625 -0.0313402
0.65625 -0.0319979
0.648438 -0.0324144
0.671875 -0.0344949
0.648438 -0.0360487
0.59375 -0.0374306
0.554688 -0.0367939
0.492188 -0.0344878
0.523438 -0.032705
0.445312 -0.0314679
0.539062 -0.0313357
0.554688 -0.0305646
0.53125 -0.0286455
0.5 -0.0250922
0.515625 -0.0231628
0.492188 -0.0214619
0.546875 -0.0182478
0.507812 -0.0168487
0.453125 -0.0190764
0.429688 -0.0187112
0.40625 -0.0160232
0.398438 -0.0119153
0.414062 -0.00786123
0.3125 -0.00542842
0.3125 -0.00336787
0.351562 -0.00104091
0.460938 0.000591613
0.40625 0.00117943
0.484375 0.00158252
0.5 0.00345022
0.453125 0.00501625
0.46875 0.00442279
0.554688 0.00466864
0.59375 0.0051934
0.65625 0.00561693
0.65625 0.006649
0.679688 0.00951747
0.726562 0.0119373
0.757812 0.0152321
0.765625 0.0162707
0.726562 0.0174251
0.6875 0.0205123
0.601562 0.0221517
0.640625 0.0246429
0.632812 0.025838
0.671875 0.0262249
0.664062 0.0277027
0.734375 0.026891
0.734375 0.0243085
0.710938 0.0240599
0.703125 0.0277331
0.695312 0.0283051
0.75 0.0284315
0.75 0.0294241
0.789062 0.030858
0.828125 0.0312491
0.84375 0.0317366
0.8125 0.0306719
0.789062 0.028264
0.765625 0.0275
0.703125 0.0272061
0.75 0.0273881
0.882812 0.0249437
0.835938 0.020924
0.773438 0.0202116
0.726562 0.019505
0.742188 0.0196973
0.804688 0.0190724
0.804688 0.0180034
0.78125 0.0180992
0.671875 0.0199662
0.648438 0.020301
0.710938 0.0219235
0.765625 0.0248175
0.804688 0.0267022
0.835938 0.0265424
0.820312 0.0271967
0.71875 0.0275603
0.703125 0.0290565
0.6875 0.0286542
0.726562 0.0270499
0.6875 0.0268551
0.78125 0.0277929
0.8125 0.0284435
0.78125 0.0280937
0.8125 0.0286338
0.78125 0.0291751
0.734375 0.0288125
0.734375 0.0297461
0.8125 0.0296966
0.875 0.0303768
0.828125 0.0305769
0.867188 0.028848
0.867188 0.0292615
0.851562 0.0289273
0.835938 0.0275167
0.84375 0.0252943
0.820312 0.0231471
0.757812 0.0224148
0.8125 0.021311
0.828125 0.0205875
0.867188 0.0192812
0.882812 0.0195048
0.851562 0.0201973
0.765625 0.0196743
0.695312 0.0189802
0.734375 0.0164292
0.757812 0.013798
0.664062 0.012443
0.695312 0.0114378
0.679688 0.00909717
0.710938 0.00726018
0.695312 0.00492751
0.695312 0.00342893
0.671875 0.0019786
0.671875 -0.00132316
0.710938 -0.0036964
0.632812 -0.0070212
0.6875 -0.00905954
0.640625 -0.00980297
0.726562 -0.00969402
0.804688 -0.0109183
0.828125 -0.0156911
0.90625 -0.0194695
0.914062 -0.0248246
0.929688 -0.0283667
0.898438 -0.0311062
0.90625 -0.0355611
0.882812 -0.03891
0.867188 -0.0411505
0.882812 -0.0439139
0.914062 -0.0484365
0.929688 -0.0528915
0.929688 -0.0567354
0.890625 -0.0609806
0.84375 -0.0632929
0.773438 -0.0650822
0.851562 -0.0655498
0.875 -0.0650852
0.84375 -0.0662984
0.882812 -0.0677784
0.78125 -0.0675153
0.789062 -0.0659247
0.796875 -0.0661589
0.804688 -0.0618502
0.742188 -0.0587596
0.703125 -0.0542643
0.75 -0.0501577
0.734375 -0.0452755
0.804688 -0.0405799
0.789062 -0.0355372
0.820312 -0.032307
0.84375 -0.0301461
0.867188 -0.0301105
0.898438 -0.033205
0.875 -0.0367279
0.90625 -0.0397404
0.890625 -0.0440457
0.90625 -0.0486637
0.929688 -0.0539124
0.9375 -0.059533
0.898438 -0.0619808
0.882812 -0.0644075
0.828125 -0.0665913
0.804688 -0.0685934
0.71875 -0.0692643
0.679688 -0.0715472
0.671875 -0.0731751
0.742188 -0.0728145
0.789062 -0.0710077
0.679688 -0.0691252
0.710938 -0.0702568
0.773438 -0.0730353
0.742188 -0.0745362
0.78125 -0.0754116
0.78125 -0.0749689
0.765625 -0.0738628
0.765625 -0.073033
0.71875 -0.0727047
0.703125 -0.0708192
0.601562 -0.0673851
0.515625 -0.0655354
0.539062 -0.0640489
0.546875 -0.0617789
0.59375 -0.0588774
0.546875 -0.0549374
0.554688 -0.0507707
0.585938 -0.0447449
0.53125 -0.0406142
0.507812 -0.0376325
0.601562 -0.0354747
0.578125 -0.0330185
0.46875 -0.0312108
0.515625 -0.0269019
0.53125 -0.0229965
0.515625 -0.0196175
0.59375 -0.0165115
0.578125 -0.0146446
0.554688 -0.0143076
0.53125 -0.0121831
0.5 -0.00976909
0.570312 -0.00716923
0.539062 -0.00430989
0.5625 0.000220079
0.632812 0.00499145
0.734375 0.00914176
0.703125 0.0102152
0.632812 0.0102187
0.59375 0.00919275
0.585938 0.00802473
0.59375 0.00608279
0.585938 0.00340365
0.625 0.00278659
0.570312 0.00391935
0.515625 0.00368214
0.445312 0.00180458
0.484375 0.000419647
0.429688 5.47223e-05
0.398438 -0.00185603
0.242188 -0.00173365
0.273438 -0.000982195
0.234375 -0.000454768
0.320312 0.000580795
0.34375 0.000203511
0.296875 0.00089396
0.296875 0.00174431
0.234375 0.00235715
0.296875 0.001635
0.375 0.000216323
0.34375 -0.00411495
0.304688 -0.00943934
0.328125 -0.013751
0.328125 -0.0178644
0.34375 -0.0211262
0.351562 -0.0247659
0.429688 -0.027815
0.375 -0.0289543
0.351562 -0.0301906
0.328125 -0.031082
0.304688 -0.0308495
0.242188 -0.0303519
0.320312 -0.0303457
0.28125 -0.0283051
0.289062 -0.0253671
0.320312 -0.0231708
0.351562 -0.0213451
0.359375 -0.018445
0.375 -0.0162073
0.5 -0.0158247
0.414062 -0.0154644
0.328125 -0.0161203
0.359375 -0.0174441
0.390625 -0.0192243
0.382812 -0.0224036
0.335938 -0.0250875
0.320312 -0.0256673
0.414062 -0.0259891
0.367188 -0.0253005
0.414062 -0.0249848
0.46875 -0.0236363
0.445312 -0.0230375
0.460938 -0.0215639
0.5 -0.0191605
0.523438 -0.0176674
0.460938 -0.0150467
0.507812 -0.0104893
0.367188 -0.00671925
0.414062 -0.00186239
0.40625 0.000843818
0.328125 0.00454059
0.398438 0.00743865
0.375 0.0108029
0.296875 0.0141755
0.1875 0.0168216
0.21875 0.0187626
0.304688 0.0182871
0.257812 0.0163921
0.320312 0.0151011
0.164062 0.0117702
0.179688 0.00876917
0.171875 0.00478222
0.148438 -0.00300176
0.15625 -0.0125451
0.117188 -0.0227784
0.101562 -0.031599
0.03125 -0.0362876
0.0234375 -0.041595
0 -0.0464868
0.0546875 -0.0532463
0.0859375 -0.0608271
0.101562 -0.0691464
0.171875 -0.0772136
0.21875 -0.0845643
0.34375 -0.0915911
0.351562 -0.10181
0.40625 -0.112766
0.351562 -0.122507
0.320312 -0.131218
0.289062 -0.137225
0.265625 -0.142175
0.171875 -0.146609
0.21875 -0.150318
0.28125 -0.154829
0.296875 -0.158215
0.25 -0.161395
0.0859375 -0.166206
0.0703125 -0.170584
0.0703125 -0.171302
0.078125 -0.17081
0.109375 -0.169946
0.0703125 -0.170872
0.09375 -0.172388
0.117188 -0.174605
0.0546875 -0.17469
0.0390625 -0.175019
0.179688 -0.175104
0.273438 -0.174917
0.179688 -0.174102
0.132812 -0.172852
0.140625 -0.172974
0.273438 -0.171449
0.351562 -0.171296
0.414062 -0.170493
0.328125 -0.168552
0.320312 -0.16537
0.328125 -0.164258
0.210938 -0.163145
0.25 -0.161986
0.195312 -0.161578
0.101562 -0.159725
0.164062 -0.157735
0.203125 -0.155167
0.320312 -0.153376
0.398438 -0.151532
0.445312 -0.149148
0.429688 -0.14615
0.375 -0.144701
0.320312 -0.145035
0.367188 -0.144917
0.375 -0.143719
0.3125 -0.143808
0.242188 -0.143765
0.125 -0.143573
0.1875 -0.142166
0.015625 -0.140066
0.109375 -0.139416
0.148438 -0.139114
0.273438 -0.138854
0.226562 -0.14047
0.0625 -0.142571
0.101562 -0.145142
0.21875 -0.148346
0.25 -0.152088
0.226562 -0.154581
0.3125 -0.156329
0.273438 -0.158248
0.304688 -0.161512
0.3125 -0.164285
0.242188 -0.164665
0.328125 -0.164701
0.429688 -0.167018
0.40625 -0.168608
0.390625 -0.172168
0.382812 -0.173613
0.328125 -0.173334
0.296875 -0.171753
0.3125 -0.170433
0.335938 -0.16805
0.367188 -0.164695
0.304688 -0.159711
0.210938 -0.155046
0.21875 -0.151596
0.257812 -0.147532
0.304688 -0.146029
0.1875 -0.144224
0.234375 -0.140791
0.257812 -0.139255
0.242188 -0.138703
0.296875 -0.138353
0.320312 -0.137164
0.242188 -0.135536
0.304688 -0.136044
0.335938 -0.13836
0.460938 -0.140762
0.445312 -0.144419
0.4375 -0.149187
0.40625 -0.152851
0.484375 -0.155883
0.460938 -0.157516
0.421875 -0.160052
0.476562 -0.16157
0.453125 -0.164973
0.328125 -0.170145
0.304688 -0.17389
0.164062 -0.177665
0.242188 -0.18091
0.328125 -0.185869
0.351562 -0.192362
0.335938 -0.195323
0.203125 -0.197911
0.25 -0.198741
0.195312 -0.200992
0.148438 -0.202795
0.0859375 -0.203393
0.132812 -0.206907
0.09375 -0.208118
0.0234375 -0.208845
0.0625 -0.210405
0.0703125 -0.211965
0.0546875 -0.212293
0.015625 -0.210551
0.015625 -0.208298
0.148438 -0.20376
0.234375 -0.198817
0.226562 -0.193641
0.21875 -0.188964
0.242188 -0.186019
0.179688 -0.185758
0.273438 -0.183873
0.28125 -0.181455
0.34375 -0.1791
0.304688 -0.175851
0.125 -0.174467
0.0390625 -0.172374
0.140625 -0.169323
0.1875 -0.167284
0.28125 -0.164171
0.367188 -0.161004
0.304688 -0.157688
0.132812 -0.153139
0 -0.149599
0.0390625 -0.146722
0 -0.144507
0.015625 -0.140934
0.046875 -0.136397
0.015625 -0.132361
0.03125 -0.131443
0.109375 -0.133375
0.101562 -0.13545
0.015625 -0.137346
0.0390625 -0.138283
0.03125 -0.140187
0.046875 -0.141373
0.0078125 -0.14518
0.09375 -0.147736
0.125 -0.14889
0.171875 -0.151302
0.164062 -0.151725
0.25 -0.153261
0.3125 -0.155674
0.398438 -0.158385
0.367188 -0.16138
0.3125 -0.166713
0.164062 -0.171546
0.148438 -0.175674
0.242188 -0.179442
0.164062 -0.180711
0.179688 -0.181524
0.164062 -0.18325
0.03125 -0.184064
0.09375 -0.188119
0.117188 -0.191522
0.015625 -0.193045
0.046875 -0.193938
0.046875 -0.194141
0.015625 -0.19513
0.0859375 -0.196107
0.046875 -0.196944
0.046875 -0.196528
0.0390625 -0.195288
0 -0.193411
0.03125 -0.192734
0.0390625 -0.191991
0.0546875 -0.190225
0.03125 -0.189726
0.078125 -0.18932
0.03125 -0.185569
0.0078125 -0.181287
0.0546875 -0.177033
0.03125 -0.174637
0.0703125 -0.172666
0.03125 -0.172822
0.015625 -0.171778
0.0078125 -0.170334
0.0546875 -0.16855
0.0234375 -0.165611
0.078125 -0.162843
0.0234375 -0.160562
0.03125 -0.1551
0.015625 -0.149208
0.015625 -0.142563
0.015625 -0.137495
0.0234375 -0.132729
0.0546875 -0.127797
0.0703125 -0.122242
0.148438 -0.116853
0.140625 -0.110959
0.0703125 -0.105526
0.0078125 -0.100299
0.132812 -0.0982669
0.15625 -0.0979643
0.125 -0.0974327
0.132812 -0.0963559
0.140625 -0.0935297
0.0703125 -0.0919554
0.0078125 -0.0916884
0.015625 -0.0899549
0.0390625 -0.0890618
0.0625 -0.0879416
0.03125 -0.0857678
0.0625 -0.0829637
0.0234375 -0.08197
0.078125 -0.0804996
0.0625 -0.0786559
0.015625 -0.0769535
0.046875 -0.0758701
0.101562 -0.0748838
0.203125 -0.0744186
0.164062 -0.0740224
0.140625 -0.0729371
0.0703125 -0.0711615
0.09375 -0.070548
0.03125 -0.0693598
0 -0.0692922
0.132812 -0.0694375
0.0859375 -0.0706648
0.101562 -0.0714355
0.15625 -0.0732529
0.109375 -0.0757712
0.09375 -0.0784609
0.132812 -0.0806399
0.109375 -0.082734
0 -0.0860246
0.046875 -0.0871474
0.0078125 -0.0867009
0.0078125 -0.0882353
0.0703125 -0.0895522
0.0703125 -0.0910301
0.0625 -0.0941107
0.0703125 -0.0959855
0.0859375 -0.0976777
0.03125 -0.0966291
0.078125 -0.0924729
0.0703125 -0.0899118
0.101562 -0.0874193
0.148438 -0.0850963
0.132812 -0.08075
0.109375 -0.0786973
0.25 -0.0784243
0.273438 -0.0771698
0.1875 -0.0786676
0.226562 -0.0787618
0.0859375 -0.0793655
0.0390625 -0.0810396
0.0546875 -0.0811984
0.03125 -0.0785264
0.101562 -0.0773616
0.117188 -0.0773512
0.101562 -0.0776059
0.132812 -0.0777698
0.132812 -0.0778921
0.171875 -0.0772359
0.140625 -0.0757812
0.0625 -0.0755862
0.015625 -0.0746893
0.179688 -0.0739524
0.242188 -0.0725604
0.257812 -0.0695822
0.367188 -0.0668048
0.53125 -0.0629405
0.476562 -0.0609348
0.5 -0.0587186
0.460938 -0.0557697
0.59375 -0.0540219
0.6875 -0.0536991
0.539062 -0.0544339
0.578125 -0.0542754
0.585938 -0.054169
0.570312 -0.0528759
0.460938 -0.0533583
0.484375 -0.0507503
0.421875 -0.0483913
0.398438 -0.0465036
0.359375 -0.043358
0.273438 -0.0389796
0.3125 -0.035192
0.390625 -0.0333606
0.4375 -0.0301849
0.414062 -0.0265281
0.539062 -0.0238752
0.570312 -0.0234377
0.648438 -0.0227645
0.640625 -0.0234465
0.640625 -0.0253098
0.71875 -0.0261141
0.789062 -0.0263627
0.765625 -0.0261059
0.765625 -0.0282675
0.765625 -0.0297682
0.796875 -0.0313464
0.859375 -0.0324874
0.867188 -0.0345178
0.820312 -0.0367708
0.796875 -0.0390971
0.921875 -0.0408498
0.90625 -0.04209
0.875 -0.0427275
0.898438 -0.0426751
0.828125 -0.0435628
0.890625 -0.0431773
0.898438 -0.0440574
0.875 -0.0423946
0.859375 -0.0403128
0.898438 -0.0411007
0.851562 -0.041388
0.8125 -0.0425946
0.75 -0.0439167
0.789062 -0.0446791
0.796875 -0.0463361
0.820312 -0.0484105
0.851562 -0.0502807
0.796875 -0.0535053
0.820312 -0.057996
0.859375 -0.0624671
0.828125 -0.0677477
0.867188 -0.0690372
0.851562 -0.0693632
0.875 -0.0698403
0.890625 -0.0690069
0.851562 -0.0695287
0.890625 -0.0697939
0.898438 -0.0684403
0.851562 -0.0683567
0.898438 -0.0693585
0.882812 -0.0687456
0.820312 -0.0674773
0.742188 -0.0665264
0.757812 -0.0681121
0.757812 -0.0690627
0.703125 -0.0708364
0.617188 -0.0707317
0.6875 -0.0730733
0.679688 -0.0760753
0.734375 -0.078289
0.695312 -0.0803677
0.625 -0.0820488
0.492188 -0.0805948
0.523438 -0.0783092
0.523438 -0.0794428
0.5625 -0.081571
0.570312 -0.0826036
0.507812 -0.0839398
0.484375 -0.0853592
0.5625 -0.0865817
0.601562 -0.0876547
0.554688 -0.0899072
0.6875 -0.0905535
0.6875 -0.0918234
0.671875 -0.0919939
0.695312 -0.0929163
0.75 -0.0929955
0.8125 -0.0935846
0.828125 -0.0950984
0.882812 -0.094733
0.796875 -0.0955071
0.757812 -0.0949906
0.765625 -0.0957302
0.789062 -0.0968626
0.828125 -0.0973596
0.851562 -0.0979577
0.804688 -0.0999522
0.78125 -0.101854
0.8125 -0.103334
0.828125 -0.103781
0.867188 -0.104682
0.882812 -0.105959
0.828125 -0.107265
0.75 -0.107768
0.84375 -0.106797
0.867188 -0.108418
0.851562 -0.112682
0.796875 -0.114375
0.8125 -0.11494
0.84375 -0.117238
0.820312 -0.117162
0.882812 -0.11704
0.914062 -0.116346
0.851562 -0.116741
0.90625 -0.116052
0.921875 -0.116228
0.945312 -0.116008
0.882812 -0.115201
0.929688 -0.114558
0.960938 -0.113662
0.914062 -0.111565
0.929688 -0.109617
0.929688 -0.10886
0.875 -0.109613
0.835938 -0.109628
0.914062 -0.109078
0.90625 -0.108855
0.890625 -0.107605
0.835938 -0.107105
0.789062 -0.105122
0.75 -0.101837
0.765625 -0.0987746
0.78125 -0.0968121
0.773438 -0.0968421
0.742188 -0.0963387
0.6875 -0.0945748
0.632812 -0.0930986
0.515625 -0.0915482
0.492188 -0.0894587
0.578125 -0.0877574
0.648438 -0.0882376
0.6875 -0.0896287
0.632812 -0.0896869
0.71875 -0.0895746
0.703125 -0.0899364
0.671875 -0.0897192
0.625 -0.0872777
0.632812 -0.0852104
0.640625 -0.0807823
0.585938 -0.0782303
0.59375 -0.078038
0.6875 -0.0779209
0.585938 -0.0784673
0.5 -0.0787395
0.65625 -0.0784245
0.742188 -0.0779505
0.804688 -0.0776295
0.71875 -0.077696
0.734375 -0.0800023
0.71875 -0.0831758
0.695312 -0.0855548
0.742188 -0.0865443
0.71875 -0.0862285
0.617188 -0.088187
0.710938 -0.0882223
0.726562 -0.0890617
0.75 -0.091688
0.804688 -0.0967165
0.757812 -0.0996469
0.820312 -0.0998711
0.804688 -0.10041
0.882812 -0.102531
0.8125 -0.105726
0.742188 -0.108169
0.835938 -0.110417
0.820312 -0.110097
0.828125 -0.110222
0.890625 -0.109071
0.90625 -0.108958
0.859375 -0.108081
0.90625 -0.103895
0.8125 -0.101188
0.828125 -0.099891
0.789062 -0.0969873
0.84375 -0.0954655
0.898438 -0.0926675
0.804688 -0.0931227
0.820312 -0.0923581
0.773438 -0.0941883
0.828125 -0.0937652
0.835938 -0.0921425
0.820312 -0.0912461
0.867188 -0.0904306
0.796875 -0.0917093
0.828125 -0.0935935
0.765625 -0.0941242
0.78125 -0.0957177
0.8125 -0.0969101
0.78125 -0.0982974
0.765625 -0.0989387
0.859375 -0.0989537
0.859375 -0.0990312
0.765625 -0.0987887
0.726562 -0.0967214
0.820312 -0.0926329
0.820312 -0.0899743
0.796875 -0.0882125
0.835938 -0.0857324
0.851562 -0.0853577
0.828125 -0.0846329
0.75 -0.0836707
0.78125 -0.0827187
0.757812 -0.0810946
0.78125 -0.0772122
0.71875 -0.0735792
0.765625 -0.0694135
0.710938 -0.064383
0.671875 -0.0585162
0.65625 -0.0544658
0.742188 -0.0510184
0.828125 -0.0478587
0.859375 -0.0452119
0.84375 -0.0403122
0.789062 -0.0377057
0.710938 -0.0352979
0.84375 -0.0317663
0.84375 -0.0287059
0.828125 -0.0242357
0.789062 -0.020732
0.78125 -0.0159755
0.65625 -0.00981538
0.625 -0.00387027
0.65625 0.00143179
0.640625 0.00817163
0.570312 0.0120998
0.617188 0.0164076
0.648438 0.0214227
0.632812 0.02598
0.648438 0.0297793
0.640625 0.0323164
0.585938 0.0352512
0.671875 0.0392561
0.773438 0.0424847
0.804688 0.0451458
0.796875 0.0472905
0.8125 0.049996
0.835938 0.0504614
0.789062 0.0512323
0.867188 0.0520057
0.882812 0.0528564
0.921875 0.0533272
0.945312 0.0537733
0.960938 0.0519114
0.898438 0.0482901
0.859375 0.045614
0.828125 0.0456377
0.828125 0.0468089
0.828125 0.0467957
0.773438 0.0466323
0.898438 0.047439
0.914062 0.0487484
0.867188 0.0496304
0.820312 0.0492233
0.851562 0.0484166
0.796875 0.0469302
0.84375 0.0448901
0.804688 0.0413381
0.8125 0.0397471
0.773438 0.0383666
0.78125 0.0377375
0.796875 0.0384201
0.742188 0.0367261
0.789062 0.0380662
0.703125 0.0397857
0.742188 0.042696
0.773438 0.0454877
0.796875 0.0457545
0.796875 0.0450875
0.796875 0.0463343
0.78125 0.0483649
0.765625 0.047355
0.796875 0.0458308
0.78125 0.045496
0.75 0.0478102
0.726562 0.0501072
0.734375 0.0543508
0.710938 0.0595831
0.703125 0.0622733
0.726562 0.0650606
0.71875 0.0680242
0.8125 0.0693236
0.84375 0.070792
0.875 0.0708955
0.867188 0.0693448
0.882812 0.0706486
0.90625 0.073089
0.882812 0.0748899
0.875 0.0778378
0.859375 0.0793172
0.835938 0.0829321
0.75 0.0869149
0.710938 0.0908949
0.726562 0.0956432
0.75 0.100956
0.726562 0.104873
0.65625 0.106896
0.609375 0.109019
0.640625 0.110811
0.609375 0.113318
0.671875 0.115227
0.679688 0.114579
0.679688 0.112899
0.601562 0.112279
0.59375 0.111855
0.585938 0.112273
0.640625 0.113924
0.65625 0.117124
0.78125 0.121376
0.695312 0.12376
0.789062 0.124685
0.8125 0.125556
0.835938 0.127576
0.765625 0.131815
0.796875 0.134948
0.851562 0.138064
0.859375 0.141273
0.867188 0.145983
0.828125 0.150426
0.84375 0.154211
0.796875 0.158359
0.859375 0.159496
0.859375 0.161785
0.890625 0.160951
0.875 0.159934
0.867188 0.157858
0.8125 0.158266
0.8125 0.15993
0.859375 0.159828
0.867188 0.160267
0.835938 0.16157
0.867188 0.16266
0.851562 0.163763
0.789062 0.166363
0.734375 0.171142
0.789062 0.175549
0.773438 0.179345
0.867188 0.183349
0.820312 0.1875
0.765625 0.19117
0.71875 0.194816
0.734375 0.196682
0.78125 0.199041
0.796875 0.201716
0.8125 0.202454
0.789062 0.202507
0.78125 0.20141
0.796875 0.200292
0.796875 0.199313
0.84375 0.199086
0.851562 0.201749
0.859375 0.202385
0.835938 0.203329
0.851562 0.205147
0.8125 0.205343
0.8125 0.209445
0.78125 0.213595
0.765625 0.216757
0.6875 0.221095
0.695312 0.225919
0.65625 0.230631
0.632812 0.233701
0.664062 0.237225
0.53125 0.240157
0.5 0.244238
0.375 0.247947
0.453125 0.248824
0.570312 0.251797
0.46875 0.25352
0.492188 0.254065
0.5625 0.253332
0.554688 0.253723
0.523438 0.254349
0.492188 0.254161
0.554688 0.252921
0.664062 0.249942
0.742188 0.247533
0.804688 0.246985
0.828125 0.245565
0.828125 0.243795
0.882812 0.241708
0.875 0.24004
0.898438 0.238567
0.890625 0.23743
0.796875 0.234618
0.84375 0.234754
0.882812 0.234987
0.851562 0.235222
0.859375 0.233756
0.757812 0.231132
0.742188 0.228647
0.789062 0.226049
0.734375 0.222158
0.6875 0.218502
0.835938 0.214461
0.890625 0.210154
0.828125 0.206619
0.796875 0.205243
0.835938 0.203537
0.914062 0.200266
0.867188 0.195929
0.765625 0.192096
0.835938 0.187491
0.835938 0.182011
0.820312 0.178732
0.828125 0.175392
0.78125 0.17332
0.8125 0.172133
0.875 0.171463
0.796875 0.172336
0.773438 0.171366
0.796875 0.169345
0.742188 0.166582
0.789062 0.164612
0.84375 0.16214
0.765625 0.159498
0.890625 0.15819
0.882812 0.158376
0.914062 0.15804
0.875 0.156508
0.851562 0.15349
0.796875 0.150122
0.742188 0.147611
0.804688 0.147836
0.789062 0.150928
0.765625 0.154803
0.757812 0.157974
0.789062 0.159194
0.8125 0.160903
0.828125 0.163917
0.835938 0.1678
0.75 0.173795
0.828125 0.17776
0.796875 0.179548
0.796875 0.183599
0.804688 0.187213
0.742188 0.187422
0.820312 0.188276
0.796875 0.185774
0.828125 0.184371
0.828125 0.180061
0.867188 0.174512
0.84375 0.171479
0.765625 0.168827
0.820312 0.162973
0.851562 0.158583
0.820312 0.156782
0.742188 0.156931
0.765625 0.157983
0.734375 0.156189
0.75 0.151811
0.78125 0.147134
0.742188 0.140901
0.867188 0.136924
0.828125 0.131458
0.789062 0.128129
0.773438 0.122352
0.828125 0.116865
0.890625 0.109419
0.804688 0.102172
0.859375 0.0965528
0.835938 0.0942015
0.820312 0.0917992
0.773438 0.0892672
0.828125 0.0869379
0.8125 0.0846812
0.671875 0.0842285
0.773438 0.0827406
0.796875 0.0790325
0.765625 0.0785047
0.726562 0.0750888
0.78125 0.0732656
0.71875 0.0723811
0.804688 0.0708185
0.828125 0.0693607
0.78125 0.0674225
0.742188 0.0650476
0.820312 0.0630414
0.875 0.0603417
0.898438 0.0571058
0.9375 0.0559541
0.859375 0.0562709
0.828125 0.0563151
0.882812 0.0571882
0.875 0.0561355
0.898438 0.0551412
0.8125 0.0536933
0.828125 0.0532606
0.820312 0.0527869
0.804688 0.0559095
0.828125 0.0599425
0.835938 0.0617474
0.765625 0.062546
0.726562 0.0623251
0.804688 0.0645103
0.757812 0.0675725
0.867188 0.0716198
0.804688 0.0751684
0.84375 0.0782687
0.867188 0.0784558
0.84375 0.0774617
0.867188 0.0772441
0.875 0.0760768
0.882812 0.0752455
0.875 0.0738267
0.828125 0.0716282
0.84375 0.0694238
0.78125 0.0671187
0.789062 0.0637779
0.820312 0.0607073
0.851562 0.0594323
0.84375 0.0561114
0.84375 0.0537491
0.820312 0.0522744
0.867188 0.0512829
0.804688 0.050224
0.851562 0.0483456
0.84375 0.0462759
0.804688 0.0467345
0.757812 0.0428043
0.78125 0.0413164
0.804688 0.0376656
0.828125 0.035596
0.820312 0.0343842
0.796875 0.0313303
0.78125 0.0288026
0.882812 0.0257772
0.867188 0.021499
0.898438 0.0178995
0.882812 0.0155557
0.828125 0.0155164
0.84375 0.0160984
0.882812 0.0153174
0.882812 0.0144574
0.882812 0.0139451
0.796875 0.013779
0.851562 0.013564
0.882812 0.0122021
0.898438 0.0132808
0.75 0.0156746
0.820312 0.0174074
0.84375 0.0199859
0.796875 0.0204949
0.835938 0.0185594
0.789062 0.0160423
0.65625 0.0145091
0.601562 0.0129771
0.5 0.00981327
0.617188 0.00586391
0.6875 0.00234831
0.820312 -0.000780968
0.734375 -0.00332681
0.695312 -0.00760501
0.65625 -0.0138498
0.664062 -0.0203
0.570312 -0.0269638
0.578125 -0.0337033
0.578125 -0.0401801
0.578125 -0.0454168
0.578125 -0.0513665
0.585938 -0.0556039
0.515625 -0.0583722
0.523438 -0.0609565
0.539062 -0.0646787
0.609375 -0.0663716
0.632812 -0.0651234
0.695312 -0.0664926
0.78125 -0.0709732
0.84375 -0.0742012
0.78125 -0.0764971
0.789062 -0.079798
0.84375 -0.0836188
0.8125 -0.0857104
0.796875 -0.0881882
0.8125 -0.0902981
0.828125 -0.0933592
0.84375 -0.0983732
0.867188 -0.101286
0.84375 -0.103036
0.796875 -0.105486
0.710938 -0.108697
0.71875 -0.11118
0.757812 -0.112236
0.703125 -0.11381
0.679688 -0.113991
0.820312 -0.111414
0.914062 -0.10776
0.867188 -0.103013
0.84375 -0.0967418
0.8125 -0.0922022
0.78125 -0.0857635
0.765625 -0.0806648
0.734375 -0.0748212
0.835938 -0.0704712
0.796875 -0.0681917
0.867188 -0.0661822
0.882812 -0.0665383
0.867188 -0.0666093
0.875 -0.066788
0.890625 -0.0678484
0.828125 -0.0653578
0.898438 -0.0604827
0.90625 -0.0537863
0.828125 -0.0472292
0.882812 -0.0399842
0.828125 -0.0350613
0.835938 -0.0301154
0.882812 -0.0242209
0.921875 -0.018423
0.851562 -0.013973
0.804688 -0.0114371
0.84375 -0.0106792
0.90625 -0.0120561
0.867188 -0.0122749
0.773438 -0.011799
0.8125 -0.00983678
0.789062 -0.00949274
0.75 -0.0102228
0.734375 -0.0119441
0.742188 -0.014949
0.703125 -0.0173262
0.664062 -0.0193364
0.773438 -0.0246633
0.773438 -0.0317196
0.75 -0.0398143
0.75 -0.0461938
0.71875 -0.0493181
0.65625 -0.0538433
0.65625 -0.0577374
0.601562 -0.0611615
0.625 -0.0639502
0.78125 -0.0687616
0.8125 -0.0743802
0.835938 -0.0788716
0.804688 -0.0807201
0.75 -0.0826853
0.78125 -0.0848824
0.820312 -0.0867342
0.765625 -0.0885219
0.796875 -0.0882211
0.742188 -0.0889571
0.75 -0.0897737
0.640625 -0.0912853
0.65625 -0.0931894
0.609375 -0.0920462
0.6875 -0.0889157
0.726562 -0.0871843
0.710938 -0.0854294
0.710938 -0.0848647
0.648438 -0.0834851
0.601562 -0.0806165
0.71875 -0.0773381
0.757812 -0.074565
0.742188 -0.0699655
0.695312 -0.0654827
0.726562 -0.0607432
0.6875 -0.0545576
0.703125 -0.0483265
0.796875 -0.0452611
0.703125 -0.0413503
0.742188 -0.0373389
0.632812 -0.0347611
0.585938 -0.0312415
0.632812 -0.0302044
0.554688 -0.0295434
0.59375 -0.0276328
0.570312 -0.0246689
0.539062 -0.022127
0.5 -0.0196824
0.46875 -0.0185537
0.429688 -0.017876
0.539062 -0.0174557
0.546875 -0.018282
0.53125 -0.0204044
0.578125 -0.0245941
0.664062 -0.0322316
0.679688 -0.0381973
0.71875 -0.0437246
0.671875 -0.0487466
0.6875 -0.0513425
0.71875 -0.0544211
0.796875 -0.0562543
0.84375 -0.0574362
0.851562 -0.0604084
0.851562 -0.064997
0.84375 -0.0695699
0.84375 -0.073772
0.851562 -0.079805
0.859375 -0.0851476
0.867188 -0.0903319
0.898438 -0.0951122
0.828125 -0.0982411
0.742188 -0.100234
0.71875 -0.10323
0.742188 -0.103764
0.757812 -0.107379
0.75 -0.110025
0.75 -0.112463
0.765625 -0.113131
0.804688 -0.114745
0.796875 -0.115633
0.828125 -0.116234
0.835938 -0.118423
0.859375 -0.120256
0.820312 -0.119797
0.765625 -0.116358
0.734375 -0.114973
0.742188 -0.11594
0.773438 -0.118144
0.773438 -0.118044
0.71875 -0.117405
0.65625 -0.118807
0.578125 -0.123271
0.679688 -0.129454
0.671875 -0.137464
0.648438 -0.143664
0.609375 -0.148953
0.632812 -0.150765
0.601562 -0.151518
0.601562 -0.152843
0.59375 -0.155395
0.59375 -0.15687
0.5625 -0.15862
0.539062 -0.159761
0.609375 -0.158648
0.625 -0.155385
0.71875 -0.150947
0.742188 -0.150697
0.8125 -0.153062
0.78125 -0.154779
0.734375 -0.155232
0.679688 -0.154337
0.679688 -0.154153
0.679688 -0.155574
0.609375 -0.157489
0.625 -0.158749
0.6875 -0.157076
0.65625 -0.154051
0.523438 -0.152939
0.53125 -0.152396
0.601562 -0.153817
0.726562 -0.154499
0.773438 -0.155456
0.765625 -0.155939
0.835938 -0.152922
0.820312 -0.149838
0.820312 -0.145648
0.804688 -0.14392
0.898438 -0.140722
0.875 -0.140833
0.84375 -0.140596
0.765625 -0.137741
0.804688 -0.137431
0.898438 -0.138687
0.820312 -0.139778
0.859375 -0.140621
0.820312 -0.141655
0.804688 -0.142458
0.8125 -0.142294
0.84375 -0.143885
0.796875 -0.145144
0.828125 -0.144569
0.8125 -0.143544
0.773438 -0.143438
0.78125 -0.144156
0.757812 -0.14473
0.765625 -0.143877
0.851562 -0.145108
0.84375 -0.145851
0.765625 -0.145028
0.734375 -0.144062
0.703125 -0.144104
0.742188 -0.143009
0.796875 -0.143189
0.773438 -0.141186
0.742188 -0.140572
0.726562 -0.139765
0.65625 -0.139014
0.671875 -0.137601
0.648438 -0.134725
0.65625 -0.130292
0.617188 -0.125891
0.59375 -0.121024
0.65625 -0.114121
0.734375 -0.109762
0.828125 -0.105667
0.820312 -0.105429
0.78125 -0.104929
0.710938 -0.102493
0.609375 -0.0989959
0.546875 -0.0912882
0.523438 -0.0829965
0.40625 -0.0773757
0.367188 -0.0715071
0.398438 -0.0668338
0.5625 -0.0623172
0.609375 -0.060165
0.609375 -0.0574539
0.664062 -0.0574984
0.664062 -0.0569138
0.609375 -0.0605517
0.585938 -0.0644516
0.515625 -0.0677103
0.5 -0.0721584
0.5 -0.0779377
0.40625 -0.0819694
0.390625 -0.086311
0.390625 -0.0926459
0.226562 -0.10019
0.273438 -0.107873
0.21875 -0.115442
0.195312 -0.121982
0.28125 -0.128206
0.359375 -0.134314
0.398438 -0.138939
0.445312 -0.146178
0.421875 -0.151787
0.421875 -0.159068
0.40625 -0.166799
0.429688 -0.174156
0.4375 -0.178547
0.390625 -0.182097
0.375 -0.184405
0.3125 -0.186035
0.28125 -0.191308
0.3125 -0.194441
0.3125 -0.194983
0.320312 -0.194418
0.382812 -0.194606
0.4375 -0.19571
0.453125 -0.195692
0.390625 -0.193759
0.210938 -0.191659
0.335938 -0.189795
0.382812 -0.186273
0.445312 -0.181214
0.46875 -0.173901
0.476562 -0.165671
0.578125 -0.158006
0.5625 -0.147294
0.570312 -0.140076
0.625 -0.131891
0.632812 -0.125937
0.59375 -0.124028
0.59375 -0.121986
0.710938 -0.121805
0.632812 -0.1206
0.578125 -0.120549
0.617188 -0.119018
0.617188 -0.11871
0.609375 -0.119358
0.59375 -0.119711
0.648438 -0.118512
0.820312 -0.119269
0.765625 -0.120716
0.71875 -0.121652
0.757812 -0.124691
0.734375 -0.127539
0.8125 -0.130064
0.726562 -0.131515
0.75 -0.133794
0.757812 -0.139223
0.703125 -0.145119
0.671875 -0.148829
0.710938 -0.150407
0.703125 -0.153381
0.65625 -0.155
0.625 -0.154443
0.585938 -0.157093
0.53125 -0.158556
0.570312 -0.159557
0.5 -0.160493
0.585938 -0.161731
0.648438 -0.163673
0.539062 -0.165097
0.429688 -0.165482
0.390625 -0.165643
0.421875 -0.164705
0.414062 -0.164112
0.40625 -0.162593
0.351562 -0.164379
0.289062 -0.165052
0.21875 -0.165006
0.304688 -0.164401
0.429688 -0.163452
0.445312 -0.16346
0.523438 -0.162158
0.53125 -0.160195
0.554688 -0.15611
0.5625 -0.152958
0.617188 -0.149211
0.742188 -0.14542
0.773438 -0.140583
0.835938 -0.134967
0.78125 -0.128287
0.789062 -0.122541
0.8125 -0.117702
0.859375 -0.112842
0.726562 -0.106022
0.703125 -0.0988814
0.820312 -0.090712
0.875 -0.0838778
0.882812 -0.078569
0.921875 -0.0729584
0.867188 -0.0683876
0.828125 -0.0593322
0.859375 -0.051208
0.859375 -0.0428136
0.851562 -0.0367847
0.898438 -0.0297327
0.90625 -0.0234892
0.921875 -0.0191831
0.929688 -0.0130622
0.960938 -0.00719124
0.90625 -0.00178304
0.8125 0.00224408
0.820312 0.00609291
0.78125 0.00717342
0.726562 0.00873498
0.757812 0.0083014
0.726562 0.00714367
0.625 0.00377638
0.570312 -0.000514871
0.578125 -0.00415254
0.453125 -0.00790025
0.46875 -0.00985277
0.484375 -0.00882219
0.375 -0.00994965
0.492188 -0.00777346
0.507812 -0.00678874
0.546875 -0.00393253
0.539062 -0.00424708
0.601562 -0.00502923
0.5625 -0.0042944
0.601562 -0.00322966
0.554688 0.000898385
0.5625 0.00566278
0.679688 0.00850452
0.765625 0.00952382
0.75 0.0104322
0.867188 0.0102724
0.820312 0.0085521
0.796875 0.00775867
0.757812 0.00555041
0.804688 0.00399117
0.742188 0.0018418
0.765625 -8.90967e-05
0.757812 0.000274721
0.703125 -2.39569e-06
0.734375 0.000940028
0.820312 0.00158911
0.789062 -2.17059e-05
0.828125 -0.00340475
0.804688 -0.00403905
0.765625 -0.00307126
0.773438 -0.00331381
0.828125 -0.00106098
0.75 -0.00104228
0.703125 0.00181938
0.664062 0.00507936
0.78125 0.00657422
0.820312 0.00900686
0.789062 0.012155
0.804688 0.0152595
0.796875 0.0177272
0.726562 0.017888
0.742188 0.0211283
0.710938 0.0241208
0.640625 0.0287613
0.6875 0.0326207
0.71875 0.0396708
0.710938 0.0498097
0.679688 0.0569972
0.726562 0.0659277
0.726562 0.0758821
0.648438 0.0834023
0.640625 0.0891467
0.632812 0.0939976
0.679688 0.0985127
0.804688 0.103365
0.773438 0.106594
0.796875 0.109174
0.796875 0.109667
0.820312 0.109329
0.84375 0.105165
0.765625 0.10128
0.695312 0.0954733
0.796875 0.087893
0.75 0.0805075
0.679688 0.0741933
0.664062 0.0687574
0.742188 0.0622716
0.695312 0.0562548
0.742188 0.0523941
0.828125 0.0485812
0.851562 0.0415937
0.851562 0.0379171
0.828125 0.0354977
0.765625 0.0338603
0.703125 0.0292933
0.789062 0.0261474
0.867188 0.023733
0.84375 0.0194825
0.78125 0.0128915
0.710938 0.00530696
0.609375 0.000867736
0.601562 2.28941e-05
0.617188 -0.000933441
0.703125 -0.00195829
0.679688 -0.00297528
0.71875 -0.000381822
0.703125 0.00191205
0.6875 0.00400376
0.726562 0.00681406
0.742188 0.00985107
0.765625 0.0140695
0.828125 0.0167247
0.789062 0.0177765
0.757812 0.0193395
0.765625 0.0220945
0.78125 0.0244226
0.765625 0.0273745
0.804688 0.0289203
0.796875 0.0307923
0.789062 0.027267
0.757812 0.0238733
0.8125 0.0219402
0.835938 0.0199917
0.867188 0.0210012
0.804688 0.0176355
0.765625 0.0128656
0.8125 0.00979015
0.789062 0.00782613
0.820312 0.00653927
0.679688 0.0052222
0.640625 0.00208175
0.71875 -0.00114153
0.695312 -0.0033796
0.710938 -0.00502279
0.679688 -0.0066351
0.703125 -0.00555678
0.773438 -0.00311055
0.742188 -0.000149682
0.710938 0.00379619
0.765625 0.0050541
0.773438 0.00750165
0.828125 0.0123566
0.773438 0.013666
0.75 0.0156554
0.757812 0.0187928
0.726562 0.021551
0.757812 0.0235895
0.734375 0.0230691
0.75 0.0230166
0.78125 0.0232466
0.820312 0.0206067
0.789062 0.0159796
0.734375 0.0128074
0.75 0.013593
0.734375 0.0143477
0.804688 0.0159542
0.8125 0.0173309
0.859375 0.0186837
0.851562 0.0208512
0.78125 0.0236056
0.804688 0.028454
0.796875 0.0333016
0.898438 0.0369787
0.953125 0.0397551
0.929688 0.0432795
0.9375 0.0470623
0.882812 0.0499978
0.859375 0.0526285
0.757812 0.054063
0.804688 0.0559977
0.820312 0.0597424
0.796875 0.0636148
0.78125 0.0692234
0.765625 0.0720041
0.75 0.0752586
0.835938 0.0818767
0.898438 0.0848693
0.890625 0.088257
0.898438 0.0929715
0.835938 0.0967303
0.820312 0.101342
0.773438 0.10402
0.835938 0.107308
0.867188 0.110763
0.75 0.112648
0.695312 0.118713
0.578125 0.124913
0.570312 0.131182
0.6875 0.134912
0.632812 0.13696
0.664062 0.137565
0.6875 0.138016
0.632812 0.138358
0.703125 0.137517
0.703125 0.137374
0.757812 0.136691
0.757812 0.135364
0.71875 0.135512
0.671875 0.136741
0.6875 0.136149
0.617188 0.135724
0.648438 0.135797
0.515625 0.136348
0.484375 0.136693
0.523438 0.135247
0.546875 0.136263
0.617188 0.136249
0.625 0.134574
0.648438 0.132107
0.726562 0.132438
0.59375 0.129205
0.726562 0.126563
0.734375 0.123567
0.664062 0.12073
0.679688 0.121008
0.710938 0.118407
0.84375 0.111979
0.90625 0.107665
0.84375 0.104833
0.875 0.102856
0.882812 0.101427
0.796875 0.0978547
0.84375 0.0927952
0.765625 0.0901482
0.765625 0.0862802
0.820312 0.0830338
0.867188 0.0809794
0.90625 0.0783608
0.882812 0.0758014
0.890625 0.0730776
0.898438 0.0725441
0.859375 0.0697302
0.875 0.0683313
0.875 0.0659132
0.875 0.0693757
0.890625 0.072191
0.945312 0.0730002
0.914062 0.0741957
0.828125 0.074065
0.804688 0.0739023
0.859375 0.0740267
0.914062 0.0727494
0.828125 0.071278
0.867188 0.0660964
0.828125 0.0622037
0.828125 0.0623343
0.867188 0.0594416
0.796875 0.0566558
0.828125 0.0521507
0.898438 0.0504426
0.835938 0.0480515
0.835938 0.043446
0.867188 0.0392256
0.828125 0.0371381
0.8125 0.0363434
0.882812 0.0341512
0.867188 0.0313346
0.875 0.0279934
0.78125 0.0220133
0.75 0.015343
0.851562 0.00738642
0.875 -0.00166196
0.867188 -0.0090586
0.820312 -0.0148145
0.8125 -0.0188529
0.804688 -0.021152
0.828125 -0.0253758
0.671875 -0.0300609
0.710938 -0.0336839
0.796875 -0.0367937
0.757812 -0.0385626
0.742188 -0.0411598
0.726562 -0.0423955
0.71875 -0.0457023
0.796875 -0.0460599
0.734375 -0.0445945
0.695312 -0.040148
0.765625 -0.0367974
0.765625 -0.0360592
0.726562 -0.0327232
0.773438 -0.0283132
0.78125 -0.023669
0.8125 -0.0201362
0.875 -0.0139116
0.859375 -0.00889601
0.78125 -0.00484746
0.75 -0.00241949
0.703125 -0.00129336
0.742188 0.00234679
0.867188 0.00407316
0.820312 0.00781599
0.789062 0.0104128
0.796875 0.0143802
0.8125 0.0212834
0.78125 0.0259648
0.742188 0.0294365
0.695312 0.0325336
0.765625 0.0357858
0.773438 0.0390375
0.804688 0.0388255
0.804688 0.037374
0.835938 0.0378848
0.859375 0.0367024
0.78125 0.0318843
0.789062 0.0282983
0.828125 0.0264674
0.851562 0.0248695
0.820312 0.0229417
0.804688 0.0192432
0.710938 0.0170422
0.679688 0.0183486
0.71875 0.0196359
0.726562 0.0206425
0.640625 0.0220688
0.601562 0.026412
0.53125 0.0321845
0.539062 0.0386655
0.539062 0.0438932
0.460938 0.0504278
0.445312 0.0559663
0.507812 0.0632969
0.507812 0.0717939
0.523438 0.0808856
0.5625 0.0869482
0.484375 0.0934031
0.570312 0.098435
0.546875 0.101331
0.570312 0.104093
0.554688 0.106768
0.453125 0.109647
0.53125 0.112417
0.539062 0.115837
0.539062 0.118766
0.476562 0.121644
0.492188 0.124189
0.539062 0.124221
0.578125 0.124133
0.625 0.127043
0.617188 0.129474
0.617188 0.130575
0.640625 0.134867
0.578125 0.139134
0.65625 0.142333
0.648438 0.144524
0.710938 0.143168
0.75 0.143175
0.757812 0.139317
0.695312 0.13277
0.671875 0.124676
0.757812 0.120092
0.765625 0.11537
0.773438 0.107268
0.835938 0.101068
0.8125 0.0941639
0.8125 0.0873186
0.679688 0.0781565
0.6875 0.0729935
0.671875 0.0706111
0.757812 0.0682977
0.757812 0.063825
0.710938 0.059058
0.734375 0.058839
0.664062 0.0549005
0.71875 0.0502637
0.695312 0.0428835
0.726562 0.0346905
0.734375 0.0280574
0.710938 0.0237571
0.78125 0.0186188
0.78125 0.0129616
0.820312 0.00995623
0.820312 0.00459624
0.742188 -0.00183823
0.765625 -0.00496755
0.789062 -0.00702526
0.84375 -0.00804068
0.8125 -0.00941077
0.875 -0.00851773
0.90625 -0.00775408
0.84375 -0.00884016
0.78125 -0.010812
0.804688 -0.0164435
0.789062 -0.022938
0.78125 -0.0300721
0.742188 -0.0354281
0.734375 -0.0378576
0.703125 -0.0406286
0.710938 -0.0414727
0.820312 -0.0446947
0.765625 -0.0462042
0.742188 -0.0462036
0.890625 -0.0449638
0.882812 -0.0454947
0.898438 -0.0461632
0.804688 -0.0466762
0.664062 -0.048679
0.6875 -0.0518766
0.726562 -0.051805
0.695312 -0.0513288
0.640625 -0.0521788
0.796875 -0.053057
0.875 -0.0577162
0.820312 -0.0609955
0.710938 -0.0610874
0.765625 -0.0618983
0.796875 -0.0586992
0.71875 -0.0556634
0.59375 -0.0494369
0.609375 -0.0434605
0.578125 -0.039498
0.65625 -0.0365843
0.671875 -0.0355485
0.6875 -0.0357257
0.75 -0.0342259
0.765625 -0.027956
0.796875 -0.0238443
0.8125 -0.022642
0.734375 -0.0195068
0.820312 -0.0173638
0.757812 -0.0124636
0.765625 -0.00888433
0.796875 -0.00803134
0.84375 -0.00971457
0.835938 -0.0119407
0.710938 -0.0140839
0.742188 -0.0161106
0.75 -0.021967
0.75 -0.0230057
0.757812 -0.0257106
0.765625 -0.0288606
0.765625 -0.0317056
0.757812 -0.0327603
0.6875 -0.0316222
0.601562 -0.03372
0.679688 -0.0344067
0.625 -0.0358284
0.539062 -0.0362558
0.601562 -0.0382289
0.578125 -0.0442101
0.695312 -0.0502233
0.632812 -0.0589372
0.679688 -0.067943
0.578125 -0.0767205
0.554688 -0.083837
0.507812 -0.0922541
0.539062 -0.0984474
0.492188 -0.106243
0.476562 -0.110579
0.617188 -0.114852
0.679688 -0.119926
0.65625 -0.119972
0.53125 -0.120341
0.5625 -0.12045
0.5625 -0.120995
0.492188 -0.118224
0.554688 -0.115916
0.539062 -0.117026
0.507812 -0.117569
0.507812 -0.117388
0.4375 -0.117347
0.53125 -0.115295
0.46875 -0.113301
0.429688 -0.109506
0.398438 -0.108932
0.40625 -0.105638
0.40625 -0.103176
0.40625 -0.100594
0.507812 -0.0974501
0.578125 -0.0934999
0.625 -0.0908643
0.648438 -0.0872873
0.65625 -0.0838275
0.5625 -0.0809614
0.523438 -0.0793499
0.59375 -0.0757529
0.640625 -0.0737249
0.664062 -0.0714057
0.617188 -0.068261
0.65625 -0.069114
0.726562 -0.0711314
0.710938 -0.0725864
0.71875 -0.076481
0.734375 -0.0762425
0.679688 -0.0774895
0.679688 -0.0790833
0.742188 -0.0828711
0.679688 -0.0891633
0.679688 -0.095643
0.695312 -0.101244
0.648438 -0.106636
0.671875 -0.110839
0.710938 -0.112052
0.757812 -0.118361
0.664062 -0.125824
0.648438 -0.129833
0.664062 -0.13321
0.640625 -0.132594
0.578125 -0.13232
0.507812 -0.129502
0.46875 -0.127804
0.523438 -0.125926
0.476562 -0.124097
0.453125 -0.120008
0.46875 -0.113834
0.507812 -0.108945
0.53125 -0.103829
0.484375 -0.0989606
0.421875 -0.0923664
0.421875 -0.0886156
0.382812 -0.0835815
0.375 -0.0799552
0.328125 -0.0749718
0.382812 -0.0655539
0.421875 -0.0563907
0.515625 -0.0460768
0.507812 -0.0382419
0.476562 -0.0293336
0.625 -0.0191846
0.648438 -0.0129208
0.609375 -0.00690432
0.585938 -6.63433e-05
0.648438 0.00532914
0.671875 0.0046615
0.742188 0.00446137
0.679688 0.00493768
0.703125 0.00157283
0.570312 -0.00255493
0.484375 -0.00544293
0.484375 -0.00913748
0.484375 -0.00969828
0.515625 -0.0113034
0.640625 -0.0180839
0.71875 -0.0234539
0.734375 -0.0322292
0.695312 -0.0399347
0.6875 -0.0495956
0.796875 -0.0613009
0.726562 -0.0738934
0.789062 -0.0861366
0.71875 -0.0952088
0.664062 -0.102473
0.585938 -0.111297
0.671875 -0.11932
0.695312 -0.125118
0.71875 -0.130513
0.734375 -0.134128
0.585938 -0.13536
0.578125 -0.135026
0.601562 -0.136282
0.59375 -0.138535
0.601562 -0.141416
0.671875 -0.142224
0.695312 -0.145727
0.65625 -0.146682
0.625 -0.147788
0.625 -0.152894
0.640625 -0.158648
0.625 -0.164399
0.585938 -0.168744
0.59375 -0.171642
0.53125 -0.175578
0.53125 -0.178318
0.398438 -0.180898
0.382812 -0.179403
0.304688 -0.179416
0.359375 -0.179837
0.375 -0.180496
0.367188 -0.181963
0.429688 -0.184797
0.507812 -0.189355
0.5625 -0.192461
0.664062 -0.192315
0.632812 -0.19358
0.59375 -0.195481
0.601562 -0.192902
0.546875 -0.190353
0.492188 -0.188339
0.5 -0.181803
0.4375 -0.17573
0.40625 -0.171359
0.34375 -0.168378
0.296875 -0.166038
0.390625 -0.16347
0.429688 -0.162084
0.445312 -0.164467
0.445312 -0.164618
0.453125 -0.165746
0.453125 -0.16756
0.46875 -0.167245
0.484375 -0.164842
0.460938 -0.160487
0.546875 -0.155129
0.414062 -0.153509
0.453125 -0.149989
0.375 -0.1461
0.4375 -0.145205
0.601562 -0.146175
0.679688 -0.147779
0.570312 -0.146592
0.546875 -0.142297
0.507812 -0.144832
0.554688 -0.147053
0.609375 -0.148904
0.601562 -0.147529
0.515625 -0.144769
0.445312 -0.13991
0.421875 -0.134083
0.382812 -0.132091
0.445312 -0.131363
0.429688 -0.131249
0.453125 -0.129322
0.460938 -0.13175
0.414062 -0.137062
0.398438 -0.138755
0.390625 -0.137791
0.398438 -0.136217
0.398438 -0.138163
0.359375 -0.136719
0.328125 -0.135307
0.34375 -0.132152
0.265625 -0.132918
0.40625 -0.132071
0.539062 -0.128577
0.585938 -0.130028
0.640625 -0.13085
0.59375 -0.132543
0.578125 -0.134543
0.507812 -0.13905
0.367188 -0.142273
0.289062 -0.143502
0.210938 -0.144826
0.3125 -0.144748
0.109375 -0.148648
0.148438 -0.149056
0.03125 -0.148654
0.0390625 -0.147607
0.0859375 -0.144531
0.015625 -0.142344
0.0234375 -0.137287
0.0234375 -0.131247
0.046875 -0.12399
0.117188 -0.119848
0.101562 -0.113643
0.0078125 -0.107172
0.117188 -0.101286
0.179688 -0.0959413
0.164062 -0.0899933
0.125 -0.0863044
0.132812 -0.0834994
0.0703125 -0.0756438
0 -0.0688
0.03125 -0.0606589
0.101562 -0.0538057
0.195312 -0.0492533
0.242188 -0.044984
0.164062 -0.0398951
0.1875 -0.0310139
0.265625 -0.0259005
0.273438 -0.0188427
0.28125 -0.0113573
0.382812 -0.0072463
0.4375 -0.00270985
0.460938 -0.00112378
0.5 0.000396327
0.515625 0.00269287
0.578125 0.00705448
0.546875 0.0132156
0.585938 0.0193062
0.59375 0.0255067
0.515625 0.0300031
0.53125 0.0346702
0.585938 0.0326694
0.59375 0.0302075
0.5625 0.0308774
0.4375 0.0290016
0.5625 0.0281408
0.632812 0.0231091
0.578125 0.0171259
0.585938 0.0140589
0.570312 0.013639
0.585938 0.0170081
0.570312 0.0192351
0.5625 0.0221045
0.59375 0.0265623
0.59375 0.0294394
0.5625 0.0322418
0.734375 0.038553
0.796875 0.0441552
0.789062 0.048251
0.773438 0.0497671
0.804688 0.0542394
0.859375 0.0544346
0.859375 0.052812
0.859375 0.0485501
0.796875 0.0438684
0.789062 0.0414237
0.726562 0.041654
0.65625 0.0393542
0.765625 0.0363527
0.734375 0.0344599
0.710938 0.0300807
0.820312 0.0267745
0.8125 0.0240245
0.757812 0.024973
0.859375 0.0236798
0.914062 0.0196409
0.875 0.0164076
0.90625 0.0129866
0.875 0.00805232
0.835938 0.00311993
0.875 -0.000558583
0.875 -0.00330818
0.890625 -0.0103746
0.914062 -0.0171832
0.890625 -0.0222912
0.875 -0.0277371
0.84375 -0.0299695
0.84375 -0.0303807
0.828125 -0.0306159
0.773438 -0.0307316
0.796875 -0.0298129
0.75 -0.0326946
0.75 -0.0334721
0.757812 -0.0383136
0.734375 -0.0416744
0.78125 -0.0454868
0.828125 -0.0495501
0.8125 -0.0530666
0.710938 -0.0563847
0.71875 -0.054677
0.695312 -0.0554121
0.632812 -0.0544681
0.609375 -0.0555087
0.679688 -0.0576056
0.671875 -0.0557625
0.546875 -0.0549095
0.632812 -0.0501071
0.640625 -0.0446208
0.632812 -0.042571
0.679688 -0.0420187
0.734375 -0.0458554
0.757812 -0.0459717
0.726562 -0.0482463
0.75 -0.045663
0.664062 -0.0426598
0.664062 -0.0396518
0.671875 -0.0339974
0.757812 -0.0296544
0.71875 -0.0246511
0.734375 -0.0200159
0.757812 -0.0182188
0.835938 -0.019965
0.78125 -0.0185938
0.804688 -0.0145975
0.820312 -0.0101039
0.828125 -0.00887235
0.796875 -0.00494392
0.8125 0.00107334
0.75 0.00466076
0.703125 0.0100032
0.757812 0.0148547
0.71875 0.022085
0.796875 0.0329299
0.789062 0.0409748
0.789062 0.0484241
0.84375 0.0568599
0.929688 0.0639538
0.929688 0.0700128
0.90625 0.0751257
0.929688 0.0782168
0.953125 0.0768871
0.90625 0.0738571
0.859375 0.0690439
0.859375 0.0691664
0.84375 0.0685622
0.820312 0.0660283
0.820312 0.0623139
0.757812 0.0630924
0.804688 0.0654704
0.75 0.0637813
0.78125 0.0651424
0.804688 0.068247
0.695312 0.0690625
0.734375 0.0695455
0.78125 0.0662507
0.890625 0.0632219
0.882812 0.0578387
0.789062 0.0519371
0.773438 0.0480743
0.8125 0.0442446
0.773438 0.0348093
0.71875 0.0232789
0.679688 0.0129569
0.734375 0.00843258
0.617188 0.00549782
0.5 0.0060558
0.585938 0.0069543
0.570312 0.00572247
0.648438 0.00667142
0.671875 0.00941562
0.804688 0.0107646
0.875 0.010925
0.867188 0.00849425
0.804688 0.00447607
0.789062 0.00319188
0.867188 0.000486581
0.78125 -0.00123722
0.828125 -0.00374917
0.8125 -0.00819599
0.703125 -0.00860371
0.625 -0.00812472
0.585938 -0.00763938
0.523438 -0.00318942
0.5625 0.000361775
0.6875 0.00423552
0.679688 0.00203192
0.648438 -0.000436903
0.703125 -0.00392696
0.71875 -0.00775707
0.71875 -0.0114264
0.796875 -0.0146668
0.867188 -0.0160265
0.84375 -0.0180699
0.882812 -0.0190378
0.875 -0.0216771
0.859375 -0.0239124
0.851562 -0.0243374
0.820312 -0.0239839
0.867188 -0.025374
0.796875 -0.0269324
0.804688 -0.0294457
0.664062 -0.0344436
0.664062 -0.0337052
0.6875 -0.0313298
0.757812 -0.027524
0.757812 -0.0290902
0.710938 -0.0289816
0.671875 -0.0293296
0.664062 -0.0271554
0.632812 -0.0239586
0.570312 -0.0227293
0.671875 -0.0219648
0.6875 -0.0198422
0.726562 -0.018508
0.734375 -0.0180727
0.742188 -0.0163506
0.804688 -0.0157017
0.835938 -0.0133083
0.828125 -0.0123194
0.875 -0.0127572
0.890625 -0.0136182
0.875 -0.0154563
0.859375 -0.0177825
0.859375 -0.0196475
0.914062 -0.0177197
0.90625 -0.0149776
0.890625 -0.0146708
0.882812 -0.0102786
0.90625 -0.00108591
0.84375 0.00745135
0.851562 0.0172938
0.875 0.0252696
0.835938 0.0300791
0.914062 0.0357438
0.890625 0.0396208
0.890625 0.0434633
0.84375 0.0476057
0.867188 0.0482761
0.898438 0.0528501
0.882812 0.0555368
0.875 0.0625073
0.898438 0.0676078
0.90625 0.0712785
0.875 0.0709706
0.890625 0.0675368
0.859375 0.0646311
0.828125 0.0585657
0.804688 0.0503767
0.867188 0.046005
0.8125 0.0354338
0.796875 0.0296213
0.875 0.0246786
0.921875 0.0146867
0.914062 0.00591579
0.875 -0.00293681
0.914062 -0.00944712
0.921875 -0.0153435
0.84375 -0.0211435
0.78125 -0.0222577
0.789062 -0.0251989
0.882812 -0.0253902
0.796875 -0.0295087
0.835938 -0.0297789
0.890625 -0.0294365
0.828125 -0.031432
0.835938 -0.032337
0.8125 -0.0317725
0.828125 -0.0280772
0.757812 -0.0236502
0.726562 -0.0231218
0.679688 -0.0210287
0.640625 -0.0153285
0.679688 -0.00564996
0.710938 0.00383294
0.671875 0.00981414
0.640625 0.0107684
0.617188 0.0115436
0.585938 0.0141052
0.640625 0.0201027
0.601562 0.0263028
0.65625 0.0296576
0.578125 0.0303217
0.710938 0.0345611
0.710938 0.0332037
0.65625 0.0309879
0.726562 0.0318154
0.71875 0.0306205
0.78125 0.0312139
0.804688 0.0291816
0.765625 0.0274042
0.78125 0.0262904
0.734375 0.0232512
0.757812 0.0207857
0.796875 0.0191141
0.835938 0.0169495
0.867188 0.00891604
0.8125 0.00410566
0.882812 -0.00118728
0.90625 -0.00565109
0.921875 -0.011417
0.914062 -0.0233532
0.890625 -0.029067
0.828125 -0.0301167
0.859375 -0.0328426
0.859375 -0.0370514
0.789062 -0.0375996
0.78125 -0.0367968
0.835938 -0.0394614
0.796875 -0.0421
0.859375 -0.0430455
0.882812 -0.0430914
0.820312 -0.0446076
0.867188 -0.0453734
0.898438 -0.0432578
0.914062 -0.0437117
0.960938 -0.0410937
0.945312 -0.0404885
0.90625 -0.0355403
0.9375 -0.028781
0.945312 -0.0226911
0.890625 -0.0201759
0.929688 -0.016115
0.929688 -0.0108081
0.921875 -0.0103001
0.945312 -0.0132039
0.859375 -0.011548
0.8125 -0.00606603
0.875 -0.00184093
0.882812 0.00302304
0.796875 0.00748909
0.765625 0.0129008
0.796875 0.0137265
0.75 0.01326
0.8125 0.014416
0.742188 0.015069
0.742188 0.0192169
0.671875 0.0221173
0.703125 0.026617
0.789062 0.031932
0.773438 0.0324915
0.75 0.030151
0.8125 0.0285137
0.804688 0.0260049
0.765625 0.0271149
0.71875 0.0227337
0.703125 0.0200065
0.734375 0.0170005
0.671875 0.0108502
0.632812 0.0130755
0.609375 0.0119538
0.625 0.0100845
0.625 0.0103513
0.625 0.00819294
0.65625 0.00432334
0.578125 -0.0014306
0.546875 -0.0059688
0.515625 -0.0110587
0.59375 -0.0153282
0.609375 -0.0188253
0.6875 -0.0188102
0.65625 -0.0209832
0.539062 -0.0255907
0.554688 -0.0280332
0.546875 -0.0292229
0.664062 -0.0269683
0.71875 -0.0247751
0.765625 -0.0248014
0.828125 -0.0269166
0.757812 -0.0258201
0.8125 -0.0197722
0.835938 -0.0159815
0.796875 -0.00581884
0.820312 0.0040777
0.8125 0.00981044
0.851562 0.0131096
0.835938 0.0155569
0.789062 0.018063
0.726562 0.0203562
0.734375 0.0213682
0.796875 0.0249118
0.8125 0.0274891
0.726562 0.0306166
0.765625 0.0361059
0.773438 0.0390961
0.773438 0.0405608
0.804688 0.0418432
0.734375 0.0397376
0.710938 0.0329239
0.703125 0.0254036
0.742188 0.0169668
0.875 0.00440421
0.867188 -0.00895436
0.828125 -0.0194261
0.78125 -0.0280758
0.78125 -0.033831
0.828125 -0.0381049
0.851562 -0.042731
0.875 -0.0453631
0.867188 -0.0509467
0.9375 -0.0514518
0.875 -0.0581904
0.851562 -0.0650604
0.773438 -0.0679837
0.757812 -0.072968
0.820312 -0.0758236
0.851562 -0.0722592
0.867188 -0.0665765
0.78125 -0.0652717
0.773438 -0.0634152
0.742188 -0.0611835
0.679688 -0.0644902
0.703125 -0.0685728
0.710938 -0.0708435
0.734375 -0.0669956
0.648438 -0.0589478
0.648438 -0.0512724
0.710938 -0.0417892
0.679688 -0.032488
0.617188 -0.016368
0.71875 -0.000443816
0.742188 0.00370739
0.75 2.49758e-05
0.796875 0.00338355
0.75 0.00157952
0.742188 -0.00111671
0.703125 0.00596111
0.796875 0.0142471
0.804688 0.0150259
0.8125 0.0226759
0.796875 0.0340549
0.828125 0.0445131
0.859375 0.0480575
0.867188 0.0500488
0.804688 0.0478567
0.90625 0.0438495
0.851562 0.0384555
0.898438 0.027696
0.890625 0.0133069
0.835938 0.00486394
0.859375 0.000889515
0.835938 -0.00632348
0.914062 -0.011578
0.859375 -0.0141143
0.757812 -0.0158988
0.828125 -0.0174001
0.75 -0.0187591
0.71875 -0.0182001
0.632812 -0.0231455
0.632812 -0.0246902
0.6875 -0.0196365
0.726562 -0.0181389
0.695312 -0.0212195
0.609375 -0.0207866
0.695312 -0.0216274
0.765625 -0.0265918
0.742188 -0.0274996
0.6875 -0.0210398
0.609375 -0.0139099
0.492188 -0.00866007
0.507812 -0.00381403
0.601562 0.00252563
0.625 0.0114165
0.671875 0.020614
0.632812 0.0272886
0.71875 0.0304554
0.765625 0.0317215
0.78125 0.0311149
0.78125 0.0229934
0.8125 0.0155133
0.8125 0.0116311
0.8125 0.00333476
0.671875 -0.0132389
0.6875 -0.0166594
0.757812 -0.0173962
0.804688 -0.0167643
0.828125 -0.0172265
0.828125 -0.0141219
0.859375 -0.00314095
0.820312 0.000486415
0.875 0.00408616
0.890625 0.00423179
0.898438 0.000867015
0.875 0.00283832
0.835938 -0.00179091
0.84375 -0.00809153
0.8125 -0.00990133
0.8125 -0.00505982
0.804688 -0.00658765
0.78125 -0.008855
0.734375 -0.00700999
0.664062 -0.00172244
0.5625 0.00273822
0.617188 0.0151002
0.695312 0.025062
0.664062 0.0378717
0.664062 0.0411803
0.710938 0.0399079
0.742188 0.0434046
0.71875 0.0421521
0.742188 0.0384598
0.796875 0.0216939
0.789062 0.00677806
0.75 0.00170328
0.75 0.00356769
0.796875 -0.00177507
0.773438 -0.00767502
0.820312 -0.00447117
0.726562 -0.00646255
0.773438 -0.00746251
0.796875 -0.013081
0.796875 -0.0138247
0.882812 -0.0157716
0.953125 -0.0197193
0.9375 -0.0292866
0.960938 -0.0360978
0.929688 -0.034199
0.921875 -0.0367172
0.90625 -0.0360624
0.796875 -0.0249631
0.828125 -0.015533
0.859375 -0.00618228
0.820312 0.00306418
0.820312 0.0164916
0.8125 0.0264183
0.851562 0.0258227
0.84375 0.0182925
0.859375 0.0195085
0.773438 0.0255559
0.757812 0.0338392
0.789062 0.0295015
0.757812 0.025845
0.765625 0.0347825
0.71875 0.0343657
0.8125 0.0372125
0.851562 0.0326197
0.796875 0.024341
0.796875 0.0197334
0.8125 0.0153329
0.8125 0.0145689
0.851562 0.0197625
0.882812 0.0238011
0.828125 0.0257649
0.875 0.03791
0.90625 0.0436258
0.875 0.0519872
0.859375 0.0468275
0.90625 0.043345
0.914062 0.0359507
0.820312 0.0317709
0.789062 0.0220482
0.789062 0.0134442
0.6875 0.00760616
0.703125 -0.00522842
0.796875 -0.0113004
0.765625 -0.0240577
0.75 -0.0242125
0.671875 -0.0266983
0.703125 -0.0239245
0.773438 -0.0185422
0.71875 -0.0154534
0.695312 0.00432209
0.609375 0.0149891
0.710938 0.0289255
0.757812 0.0303129
0.773438 0.0249489
0.78125 0.0190978
0.78125 0.00844718
0.8125 -0.00250241
0.789062 -0.00287303
0.734375 -0.00479346
0.710938 -0.000811592
0.6875 0
0.6875 0
