0.671875 1
0.664062 0.968947
0.726562 0.940527
0.664062 0.914344
0.65625 0.891694
0.710938 0.871623
0.757812 0.852438
0.804688 0.833793
0.828125 0.816786
0.734375 0.799245
0.75 0.782115
0.703125 0.765309
0.734375 0.748627
0.648438 0.733215
0.710938 0.718612
0.671875 0.703991
0.679688 0.689955
0.742188 0.675227
0.671875 0.659826
0.726562 0.645671
0.671875 0.6322
0.726562 0.618503
0.773438 0.604844
0.773438 0.592531
0.773438 0.580123
0.820312 0.56867
0.78125 0.55786
0.851562 0.547835
0.84375 0.538218
0.90625 0.526939
0.898438 0.51632
0.929688 0.505498
0.90625 0.495039
0.90625 0.485029
0.90625 0.474123
0.898438 0.464104
0.828125 0.453206
0.796875 0.443676
0.851562 0.43404
0.867188 0.42531
0.84375 0.416792
0.90625 0.407656
0.875 0.398894
0.84375 0.389932
0.84375 0.381094
0.859375 0.37103
0.851562 0.363095
0.90625 0.354852
0.875 0.347879
0.882812 0.34155
0.859375 0.333898
0.875 0.327952
0.742188 0.322236
0.71875 0.31624
0.726562 0.309951
0.71875 0.301605
0.695312 0.293136
0.710938 0.285335
0.710938 0.276155
0.671875 0.267956
0.570312 0.259812
0.617188 0.250098
0.710938 0.240782
0.679688 0.232422
0.664062 0.223689
0.632812 0.21508
0.5625 0.20662
0.421875 0.198492
0.359375 0.190042
0.34375 0.182125
0.34375 0.173261
0.375 0.166453
0.375 0.161172
0.414062 0.155477
0.460938 0.149362
0.40625 0.142081
0.367188 0.133195
0.289062 0.124349
0.234375 0.117289
0.1875 0.110834
0.164062 0.105144
0.242188 0.0993981
0.257812 0.0934652
0.203125 0.0890538
0.21875 0.0836246
0.164062 0.0783164
0.179688 0.0733654
0.15625 0.0688278
0.171875 0.0644913
0.132812 0.0601897
0.21875 0.0558935
0.375 0.052181
0.359375 0.0487986
0.429688 0.0458809
0.382812 0.0443256
0.351562 0.0438177
0.273438 0.0433126
0.3125 0.0431043
0.429688 0.0429486
0.390625 0.0442447
0.375 0.0444598
0.414062 0.0437433
0.46875 0.0443794
0.445312 0.0447469
0.398438 0.0443879
0.359375 0.0442552
0.359375 0.0454946
0.460938 0.0458737
0.421875 0.0469293
0.382812 0.048604
0.40625 0.049712
0.265625 0.0499662
0.28125 0.0498282
0.234375 0.0504161
0.148438 0.0495018
0.125 0.0487882
0.117188 0.0474966
0 0.047458
0.148438 0.0474213
0.195312 0.0466676
0.203125 0.0461253
0.226562 0.0466555
0.148438 0.0473156
0.0703125 0.0473757
0.03125 0.047319
0.0390625 0.0479706
0.03125 0.0478017
0.03125 0.0487183
0.117188 0.0479523
0.03125 0.0477521
0.148438 0.0466056
0.15625 0.0465337
0.1875 0.0459221
0.15625 0.0456268
0.1875 0.0441253
0.1875 0.0423425
0.0859375 0.0402393
0.0390625 0.0386119
0.015625 0.0374727
0.0703125 0.0354856
0.101562 0.0317975
0.0234375 0.0284216
0.0703125 0.0234589
0.0546875 0.0184401
0.0703125 0.0144334
0.0390625 0.0108516
0.0234375 0.00641079
0.0234375 0.00330224
0.0859375 0.00119934
0.0546875 0.000611924
0.078125 0.000266817
0.0078125 -0.000837535
0.0703125 -0.00237817
0.109375 -0.00374541
0.0390625 -0.00602576
0.0859375 -0.00977197
0.148438 -0.0114191
0.164062 -0.0139453
0.15625 -0.0148154
0.125 -0.0169752
0.15625 -0.0185655
0.234375 -0.0200331
0.15625 -0.0209036
0.125 -0.0228836
0.0703125 -0.0236514
0.148438 -0.0261174
0.234375 -0.0267337
0.398438 -0.0279029
0.40625 -0.0315785
0.445312 -0.0353019
0.390625 -0.0383018
0.421875 -0.0408399
0.554688 -0.0432771
0.53125 -0.0452646
0.546875 -0.0470295
0.515625 -0.0485388
0.476562 -0.0504503
0.46875 -0.0515124
0.445312 -0.0520968
0.507812 -0.0535982
0.546875 -0.0552791
0.664062 -0.0560631
0.726562 -0.0566858
0.6875 -0.0584307
0.695312 -0.0601533
0.695312 -0.0623921
0.601562 -0.0635502
0.632812 -0.0646465
0.625 -0.0647299
0.664062 -0.0651811
0.632812 -0.0642572
0.59375 -0.0636797
0.59375 -0.0631255
0.664062 -0.0636005
0.734375 -0.0639353
0.773438 -0.0640359
0.851562 -0.0643686
0.789062 -0.0652556
0.789062 -0.0680287
0.828125 -0.0704776
0.804688 -0.0737325
0.835938 -0.076076
0.804688 -0.0779361
0.796875 -0.0800463
0.6875 -0.082081
0.695312 -0.0839609
0.71875 -0.085075
0.78125 -0.0862798
0.757812 -0.0862928
0.78125 -0.0883428
0.835938 -0.0890053
0.820312 -0.089974
0.875 -0.0910897
0.875 -0.0920264
0.835938 -0.0939258
0.828125 -0.0938111
0.820312 -0.0929732
0.773438 -0.0916627
0.734375 -0.0911774
0.734375 -0.0908643
0.765625 -0.0914976
0.71875 -0.0898914
0.710938 -0.089988
0.671875 -0.0893367
0.671875 -0.0889324
0.710938 -0.089529
0.71875 -0.09066
0.679688 -0.0917972
0.679688 -0.0914532
0.671875 -0.0910004
0.71875 -0.0900506
0.6875 -0.0901128
0.710938 -0.090575
0.796875 -0.0921356
0.835938 -0.0936606
0.828125 -0.0958164
0.867188 -0.0968017
0.898438 -0.0967754
0.835938 -0.0962861
0.820312 -0.0962215
0.8125 -0.0970733
0.835938 -0.0969882
0.882812 -0.0980241
0.945312 -0.10018
0.921875 -0.101401
0.921875 -0.100968
0.859375 -0.100947
0.882812 -0.100792
0.859375 -0.100725
0.859375 -0.100832
0.890625 -0.100261
0.890625 -0.100022
0.9375 -0.099996
0.921875 -0.101159
0.890625 -0.101662
0.828125 -0.102389
0.898438 -0.102308
0.867188 -0.104469
0.78125 -0.106543
0.796875 -0.107291
0.875 -0.106779
0.867188 -0.10774
0.875 -0.1076
0.851562 -0.108407
0.742188 -0.109625
0.765625 -0.11065
0.8125 -0.11035
0.78125 -0.110859
0.804688 -0.112138
0.804688 -0.113519
0.835938 -0.113618
0.828125 -0.114179
0.859375 -0.114302
0.835938 -0.114996
0.789062 -0.116092
0.75 -0.11763
0.757812 -0.117777
0.796875 -0.11841
0.804688 -0.118846
0.789062 -0.118771
0.835938 -0.117873
0.851562 -0.117401
0.90625 -0.118898
0.859375 -0.119054
0.789062 -0.119287
0.789062 -0.12016
0.796875 -0.120708
0.851562 -0.12165
0.851562 -0.121806
0.851562 -0.121487
0.851562 -0.120065
0.78125 -0.118933
0.78125 -0.118604
0.820312 -0.117178
0.890625 -0.116694
0.859375 -0.115552
0.890625 -0.113611
0.8125 -0.110031
0.898438 -0.106464
0.804688 -0.101824
0.78125 -0.0977456
0.726562 -0.0953603
0.796875 -0.0949082
0.804688 -0.0947573
0.71875 -0.0934496
0.796875 -0.0917188
0.796875 -0.091386
0.796875 -0.0907512
0.804688 -0.0904622
0.828125 -0.0900756
0.773438 -0.0903976
0.84375 -0.0910982
0.835938 -0.0916008
0.820312 -0.0907449
0.789062 -0.0896337
0.75 -0.0878048
0.71875 -0.0860442
0.742188 -0.0841762
0.734375 -0.0831102
0.703125 -0.082358
0.695312 -0.0824653
0.71875 -0.0834708
0.742188 -0.0829288
0.828125 -0.0828075
0.859375 -0.0828947
0.804688 -0.0840589
0.765625 -0.0838639
0.710938 -0.0831411
0.726562 -0.0814309
0.796875 -0.0786529
0.820312 -0.0761442
0.828125 -0.0742673
0.773438 -0.0727878
0.703125 -0.0720162
0.773438 -0.0704431
0.765625 -0.0685879
0.851562 -0.0667721
0.882812 -0.0649067
0.828125 -0.0627059
0.867188 -0.0597219
0.875 -0.0568993
0.921875 -0.0545024
0.929688 -0.0525175
0.921875 -0.0511476
0.90625 -0.0490377
0.890625 -0.0467179
0.851562 -0.0439067
0.890625 -0.0431859
0.84375 -0.0417763
0.851562 -0.0400264
0.789062 -0.037284
0.8125 -0.0343969
0.859375 -0.0303139
0.78125 -0.0275145
0.757812 -0.0238407
0.664062 -0.0195908
0.617188 -0.01402
0.664062 -0.00890036
0.640625 -0.00439128
0.671875 0.000128324
0.726562 0.0028132
0.796875 0.00490783
0.804688 0.00795374
0.898438 0.00886265
0.898438 0.00960746
0.890625 0.00932842
0.867188 0.00913384
0.84375 0.00914852
0.835938 0.010332
0.796875 0.012679
0.828125 0.0148782
0.835938 0.0156576
0.773438 0.0168803
0.820312 0.0188554
0.789062 0.020504
0.726562 0.0217507
0.617188 0.0234712
0.617188 0.0243315
0.625 0.0251571
0.726562 0.0246613
0.734375 0.0235918
0.632812 0.024769
0.492188 0.0250004
0.453125 0.0256139
0.429688 0.0247154
0.382812 0.0216391
0.453125 0.02038
0.476562 0.0205946
0.429688 0.0216344
0.523438 0.0221186
0.625 0.0218161
0.6875 0.0210737
0.734375 0.0214067
0.8125 0.0219417
0.75 0.0218779
0.773438 0.0216694
0.773438 0.0216339
0.71875 0.0217069
0.8125 0.0227601
0.8125 0.0239754
0.851562 0.0236559
0.828125 0.0243452
0.8125 0.024161
0.804688 0.0249071
0.8125 0.0262162
0.78125 0.0281516
0.804688 0.0296045
0.757812 0.0303778
0.796875 0.0290824
0.8125 0.0272962
0.71875 0.0243383
0.773438 0.0224602
0.773438 0.0218622
0.796875 0.0209513
0.765625 0.0197586
0.710938 0.0182733
0.773438 0.0167373
0.765625 0.0140233
0.742188 0.0129062
0.664062 0.0122253
0.648438 0.010906
0.671875 0.00968608
0.601562 0.00697651
0.710938 0.00392306
0.632812 0.00189698
0.703125 0.000347497
0.695312 -0.000985456
0.671875 -0.00112859
0.609375 -0.00164374
0.59375 -0.00183154
0.609375 -0.00204548
0.554688 -0.00275139
0.546875 -0.00316151
0.734375 -0.00398809
0.835938 -0.00501254
0.898438 -0.00728511
0.828125 -0.010201
0.796875 -0.013934
0.8125 -0.0173699
0.859375 -0.0215201
0.867188 -0.0233409
0.859375 -0.0229498
0.78125 -0.022726
0.742188 -0.0237908
0.734375 -0.0249523
0.71875 -0.0262729
0.71875 -0.0286353
0.796875 -0.0304129
0.789062 -0.0334188
0.742188 -0.0364273
0.695312 -0.0381251
0.75 -0.0383246
0.78125 -0.0388733
0.828125 -0.0392617
0.835938 -0.0408102
0.789062 -0.042467
0.851562 -0.0432862
0.742188 -0.0455349
0.695312 -0.0473557
0.65625 -0.0499536
0.671875 -0.0526159
0.703125 -0.0553798
0.8125 -0.0582674
0.867188 -0.0618893
0.890625 -0.0652744
0.921875 -0.0701099
0.835938 -0.0752359
0.835938 -0.0771764
0.835938 -0.0777322
0.914062 -0.0791074
0.835938 -0.0820252
0.84375 -0.0830234
0.828125 -0.0850938
0.828125 -0.0865143
0.8125 -0.0903405
0.804688 -0.0926933
0.671875 -0.0963452
0.640625 -0.0996455
0.632812 -0.102047
0.695312 -0.103891
0.734375 -0.104547
0.703125 -0.105235
0.703125 -0.106056
0.648438 -0.107264
0.703125 -0.10787
0.585938 -0.107327
0.546875 -0.106077
0.546875 -0.103468
0.554688 -0.10148
0.445312 -0.100483
0.484375 -0.099315
0.46875 -0.0981298
0.484375 -0.0963278
0.460938 -0.0945942
0.546875 -0.0925794
0.5625 -0.0910269
0.59375 -0.0895197
0.742188 -0.0890584
0.742188 -0.0866025
0.789062 -0.084001
0.726562 -0.0814785
0.703125 -0.0766163
0.6875 -0.0723557
0.648438 -0.0697581
0.617188 -0.0671389
0.546875 -0.0648992
0.601562 -0.0623573
0.617188 -0.060807
0.523438 -0.0589427
0.4375 -0.0578617
0.382812 -0.0559568
0.414062 -0.0545659
0.507812 -0.0555335
0.585938 -0.0566541
0.601562 -0.0577704
0.6875 -0.0578289
0.640625 -0.0586722
0.671875 -0.0598324
0.679688 -0.0605133
0.726562 -0.0610544
0.625 -0.0615831
0.609375 -0.0609884
0.617188 -0.0610854
0.671875 -0.0617738
0.617188 -0.062679
0.71875 -0.0648618
0.78125 -0.0664294
0.804688 -0.067298
0.835938 -0.0674341
0.851562 -0.0670045
0.875 -0.0668509
0.929688 -0.0665068
0.929688 -0.0654365
0.835938 -0.063969
0.820312 -0.0613146
0.765625 -0.0595189
0.765625 -0.0587818
0.71875 -0.0580869
0.71875 -0.0568501
0.828125 -0.0560831
0.84375 -0.0547025
0.828125 -0.0536288
0.851562 -0.0524965
0.875 -0.0505119
0.867188 -0.048206
0.828125 -0.0467722
0.757812 -0.04662
0.828125 -0.0459745
0.78125 -0.044585
0.773438 -0.0436393
0.84375 -0.0408603
0.914062 -0.038218
0.914062 -0.0366217
0.929688 -0.0347703
0.820312 -0.0329543
0.859375 -0.0315617
0.851562 -0.0305273
0.8125 -0.0297828
0.773438 -0.0294359
0.710938 -0.0275462
0.726562 -0.0252494
0.695312 -0.0234604
0.820312 -0.022267
0.859375 -0.0206577
0.8125 -0.0182654
0.75 -0.0147613
0.710938 -0.0130716
0.726562 -0.0112967
0.828125 -0.0117916
0.765625 -0.0137436
0.828125 -0.0143967
0.867188 -0.0146899
0.90625 -0.0143833
0.90625 -0.0138439
0.921875 -0.0134736
0.921875 -0.0130797
0.914062 -0.0123388
0.859375 -0.012674
0.828125 -0.0140273
0.890625 -0.0165227
0.890625 -0.0175492
0.796875 -0.0183761
0.804688 -0.0190497
0.875 -0.0194372
0.867188 -0.0189363
0.820312 -0.0195392
0.882812 -0.01959
0.898438 -0.0211129
0.914062 -0.0226328
0.914062 -0.0239801
0.914062 -0.0241691
0.90625 -0.0227373
0.9375 -0.0214415
0.960938 -0.0201978
0.914062 -0.0184929
0.875 -0.0155695
0.867188 -0.0134956
0.953125 -0.0129734
0.90625 -0.0131448
0.90625 -0.0144289
0.859375 -0.0155699
0.84375 -0.0170892
0.796875 -0.0190294
0.859375 -0.0203347
0.882812 -0.021549
0.875 -0.0228576
0.929688 -0.0246152
0.882812 -0.0270665
0.890625 -0.0293719
0.859375 -0.0317316
0.84375 -0.034515
0.835938 -0.0375039
0.804688 -0.0396544
0.851562 -0.0421359
0.835938 -0.0442983
0.84375 -0.0482097
0.859375 -0.050427
0.882812 -0.052086
0.859375 -0.0541447
0.835938 -0.0566463
0.804688 -0.058559
0.71875 -0.0610711
0.742188 -0.0619694
0.695312 -0.0638033
0.695312 -0.065457
0.757812 -0.0671174
0.734375 -0.0695306
0.703125 -0.071964
0.648438 -0.0738501
0.671875 -0.0744928
0.71875 -0.0745569
0.664062 -0.0758597
0.726562 -0.0776583
0.664062 -0.0785281
0.648438 -0.0805189
0.679688 -0.0805204
0.703125 -0.0806195
0.796875 -0.0805098
0.773438 -0.0807232
0.734375 -0.0804898
0.804688 -0.0807412
0.828125 -0.0826044
0.773438 -0.0836402
0.890625 -0.0838478
0.9375 -0.0845107
0.890625 -0.0849204
0.945312 -0.0842086
0.898438 -0.0821883
0.898438 -0.079865
0.851562 -0.0763627
0.835938 -0.0725614
0.882812 -0.0696939
0.890625 -0.0678307
0.867188 -0.0645726
0.929688 -0.0618085
0.921875 -0.0603358
0.875 -0.0597463
0.882812 -0.0596591
0.921875 -0.0589176
0.914062 -0.0575433
0.914062 -0.0551073
0.882812 -0.0523845
0.875 -0.0520279
0.898438 -0.0510417
0.828125 -0.0518014
0.820312 -0.0525624
0.835938 -0.0523342
0.828125 -0.0519626
0.875 -0.0500306
0.828125 -0.0461978
0.789062 -0.0443421
0.828125 -0.0431904
0.757812 -0.0423144
0.71875 -0.0412579
0.664062 -0.0390646
0.6875 -0.0373041
0.59375 -0.0348713
0.585938 -0.0341284
0.726562 -0.0340386
0.734375 -0.0330808
0.726562 -0.0338734
0.851562 -0.0351455
0.929688 -0.0360857
0.9375 -0.0366424
0.929688 -0.0381733
0.921875 -0.0401778
0.867188 -0.0411709
0.804688 -0.0422066
0.765625 -0.0424506
0.84375 -0.041184
0.890625 -0.0407423
0.757812 -0.039975
0.742188 -0.0393028
0.773438 -0.039086
0.789062 -0.0385674
0.820312 -0.0395996
0.867188 -0.0392601
0.914062 -0.0385141
0.875 -0.0384118
0.828125 -0.0384745
0.757812 -0.0393162
0.757812 -0.0381147
0.75 -0.0356985
0.867188 -0.0320913
0.820312 -0.0278379
0.882812 -0.0227863
0.9375 -0.0194712
0.859375 -0.0168533
0.851562 -0.0147567
0.773438 -0.012872
0.71875 -0.0115133
0.671875 -0.0102546
0.695312 -0.0077381
0.726562 -0.00460817
0.71875 -0.00230868
0.640625 -0.000984157
0.71875 -0.0012235
0.796875 -0.00176525
0.867188 -0.000790056
0.84375 -0.00157452
0.914062 -0.00182116
0.921875 -0.00364007
0.867188 -0.00589628
0.898438 -0.00570643
0.84375 -0.00502362
0.882812 -0.00338707
0.820312 -0.0015046
0.789062 -0.000543559
0.742188 0.000821535
0.695312 0.00240593
0.734375 0.00237957
0.734375 0.00210891
0.710938 0.0035536
0.554688 0.00591388
0.65625 0.00865178
0.773438 0.0100981
0.78125 0.0106662
0.742188 0.0108262
0.796875 0.0108467
0.742188 0.0111594
0.78125 0.0121179
0.757812 0.0129865
0.671875 0.0159889
0.625 0.0181556
0.617188 0.0179384
0.679688 0.0187612
0.625 0.0196814
0.671875 0.0198754
0.679688 0.019903
0.71875 0.0195217
0.796875 0.0191495
0.796875 0.0202635
0.789062 0.0207801
0.867188 0.0202407
0.820312 0.0187323
0.796875 0.017201
0.84375 0.0166676
0.851562 0.0181872
0.789062 0.0200395
0.695312 0.0194703
0.609375 0.0190006
0.554688 0.0194058
0.492188 0.0200567
0.578125 0.0210172
0.625 0.0230511
0.664062 0.0234931
0.617188 0.0248804
0.664062 0.0258054
0.632812 0.0273574
0.648438 0.0300302
0.6875 0.0300998
0.757812 0.0291599
0.796875 0.0287355
0.8125 0.0290586
0.757812 0.0288776
0.804688 0.0287848
0.773438 0.0285861
0.773438 0.0287498
0.734375 0.0284328
0.703125 0.0269891
0.617188 0.0249812
0.617188 0.0228438
0.570312 0.0217545
0.554688 0.0207793
0.570312 0.020713
0.59375 0.0205024
0.453125 0.0214769
0.5625 0.0223267
0.5 0.0228618
0.445312 0.0234758
0.539062 0.0233229
0.539062 0.0247076
0.640625 0.026252
0.710938 0.0274378
0.695312 0.0296637
0.71875 0.0307629
0.789062 0.0312045
0.789062 0.0307381
0.796875 0.0288645
0.851562 0.0276905
0.789062 0.0265165
0.898438 0.0260129
0.851562 0.0255058
0.867188 0.0260838
0.960938 0.0266252
0.914062 0.0292615
0.882812 0.0325281
0.914062 0.0348094
0.929688 0.0372729
0.945312 0.0388514
0.921875 0.0396408
0.859375 0.0405308
0.828125 0.0419259
0.828125 0.0445718
0.867188 0.0473431
0.851562 0.0501016
0.851562 0.0519264
0.914062 0.0528731
0.914062 0.0527457
0.851562 0.0524645
0.859375 0.0531012
0.84375 0.0542594
0.8125 0.0537304
0.820312 0.0531852
0.882812 0.0526768
0.867188 0.0518726
0.8125 0.0518559
0.828125 0.0506071
0.773438 0.0492568
0.648438 0.0470478
0.640625 0.0438901
0.648438 0.0392648
0.679688 0.0358483
0.6875 0.0327646
0.640625 0.0297092
0.578125 0.0266462
0.5 0.0228717
0.539062 0.020065
0.554688 0.0159761
0.570312 0.0115221
0.546875 0.007946
0.5625 0.00541101
0.679688 0.00365879
0.710938 0.00375192
0.6875 0.00209911
0.757812 0.000757109
0.765625 0.000857048
0.828125 0.00149633
0.890625 0.00166917
0.914062 0.00170346
0.898438 0.00272239
0.90625 0.0042579
0.9375 0.00489407
0.921875 0.00319716
0.90625 0.0012179
0.9375 -0.00226975
0.90625 -0.00505636
0.851562 -0.00722075
0.84375 -0.010087
0.929688 -0.0118476
0.945312 -0.0129833
0.929688 -0.0159907
0.9375 -0.0179809
0.859375 -0.0189214
0.867188 -0.0191544
0.867188 -0.0192051
0.804688 -0.0182478
0.765625 -0.0173393
0.78125 -0.0155569
0.796875 -0.0144923
0.789062 -0.0125545
0.710938 -0.011977
0.71875 -0.0119154
0.742188 -0.0117996
0.679688 -0.0113386
0.609375 -0.0116253
0.695312 -0.0111529
0.726562 -0.0107396
0.796875 -0.0118965
0.882812 -0.0124283
0.859375 -0.0126191
0.890625 -0.0125389
0.875 -0.0124272
0.882812 -0.0136391
0.828125 -0.0152998
0.90625 -0.0168599
0.882812 -0.0190396
0.898438 -0.0216208
0.835938 -0.025238
0.890625 -0.0279182
0.890625 -0.0317901
0.867188 -0.0352546
0.914062 -0.0399712
0.796875 -0.0453545
0.828125 -0.0512812
0.757812 -0.0563481
0.867188 -0.0600836
0.914062 -0.0641684
0.890625 -0.0696376
0.898438 -0.0745726
0.851562 -0.0776279
0.796875 -0.0806236
0.84375 -0.0822766
0.820312 -0.0857567
0.867188 -0.0892816
0.84375 -0.0917598
0.859375 -0.0935451
0.820312 -0.09679
0.84375 -0.0984475
0.835938 -0.0999125
0.867188 -0.101875
0.773438 -0.1049
0.84375 -0.109417
0.796875 -0.112518
0.90625 -0.116107
0.867188 -0.118955
0.90625 -0.120541
0.835938 -0.122073
0.804688 -0.125164
0.8125 -0.128651
0.8125 -0.131908
0.757812 -0.134497
0.65625 -0.135754
0.601562 -0.137583
0.601562 -0.139342
0.703125 -0.142174
0.765625 -0.144004
0.765625 -0.147205
0.734375 -0.150185
0.710938 -0.153153
0.625 -0.155391
0.679688 -0.156341
0.5625 -0.157227
0.585938 -0.158729
0.601562 -0.160343
0.648438 -0.163322
0.585938 -0.165258
0.53125 -0.167596
0.554688 -0.170688
0.484375 -0.174479
0.390625 -0.177834
0.515625 -0.181453
0.476562 -0.183102
0.492188 -0.183844
0.5625 -0.186019
0.59375 -0.18788
0.625 -0.188191
0.492188 -0.18992
0.625 -0.191939
0.671875 -0.191586
0.710938 -0.190395
0.765625 -0.189173
0.734375 -0.188114
0.734375 -0.186639
0.679688 -0.184537
0.703125 -0.183489
0.71875 -0.184072
0.71875 -0.18411
0.671875 -0.185885
0.734375 -0.1873
0.710938 -0.186221
0.78125 -0.185271
0.71875 -0.18429
0.726562 -0.183237
0.734375 -0.182867
0.796875 -0.18168
0.859375 -0.180546
0.882812 -0.179358
0.929688 -0.178454
0.945312 -0.177574
0.859375 -0.176798
0.820312 -0.17625
0.867188 -0.176808
0.804688 -0.176716
0.75 -0.177562
0.75 -0.177207
0.703125 -0.174196
0.695312 -0.171447
0.703125 -0.169621
0.6875 -0.167893
0.703125 -0.165852
0.664062 -0.16305
0.65625 -0.160435
0.695312 -0.160353
0.734375 -0.159507
0.703125 -0.158605
0.78125 -0.157729
0.828125 -0.156876
0.835938 -0.155565
0.804688 -0.155505
0.929688 -0.156214
0.898438 -0.156799
0.875 -0.156328
0.84375 -0.155085
0.84375 -0.154983
0.898438 -0.155344
0.875 -0.155971
0.710938 -0.155977
0.804688 -0.156502
0.875 -0.156489
0.914062 -0.157807
0.9375 -0.158395
0.914062 -0.158153
0.90625 -0.158145
0.953125 -0.157982
0.960938 -0.157075
0.929688 -0.155427
0.882812 -0.15363
0.898438 -0.152753
0.890625 -0.150611
0.875 -0.147047
0.820312 -0.143808
0.796875 -0.141606
0.835938 -0.139627
0.898438 -0.138037
0.851562 -0.13879
0.828125 -0.13968
0.835938 -0.13955
0.90625 -0.13769
0.9375 -0.135639
0.9375 -0.134957
0.914062 -0.13461
0.90625 -0.133831
0.859375 -0.133867
0.859375 -0.132633
0.859375 -0.129654
0.828125 -0.126982
0.796875 -0.12523
0.78125 -0.124084
0.851562 -0.121469
0.882812 -0.120444
0.921875 -0.120118
0.9375 -0.119484
0.945312 -0.119022
0.9375 -0.118659
0.90625 -0.117446
0.867188 -0.115807
0.84375 -0.114093
0.835938 -0.112659
0.882812 -0.111284
0.851562 -0.110252
0.859375 -0.107746
0.828125 -0.103752
0.789062 -0.102171
0.828125 -0.0997586
0.757812 -0.097403
0.640625 -0.0956679
0.742188 -0.0944067
0.773438 -0.0949401
0.8125 -0.0948019
0.882812 -0.0942846
0.875 -0.0945004
0.835938 -0.0947033
0.789062 -0.0943145
0.8125 -0.0935726
0.78125 -0.0928091
0.8125 -0.093853
0.71875 -0.0960542
0.773438 -0.0981439
0.742188 -0.0973969
0.710938 -0.0970379
0.679688 -0.0973754
0.742188 -0.0971866
0.75 -0.0977302
0.78125 -0.0970952
0.734375 -0.0940088
0.75 -0.0921322
0.734375 -0.089371
0.703125 -0.0877063
0.664062 -0.0854918
0.640625 -0.0834174
0.664062 -0.0825341
0.679688 -0.0812727
0.695312 -0.0803829
0.695312 -0.0799522
0.6875 -0.0780466
0.65625 -0.0761712
0.734375 -0.0739897
0.75 -0.0722654
0.757812 -0.0713338
0.710938 -0.0694819
0.703125 -0.0680989
0.734375 -0.0648299
0.757812 -0.0636671
0.75 -0.0628378
0.703125 -0.0621958
0.78125 -0.0616569
0.828125 -0.0623298
0.84375 -0.0623615
0.859375 -0.0630274
0.835938 -0.0629905
0.890625 -0.0624482
0.914062 -0.0621894
0.921875 -0.0619299
0.914062 -0.0614069
0.898438 -0.0615086
0.804688 -0.0621567
0.875 -0.0629469
0.890625 -0.0615421
0.84375 -0.0615606
0.835938 -0.0636408
0.882812 -0.0652016
0.9375 -0.0668983
0.953125 -0.0690644
0.953125 -0.0705335
0.945312 -0.0707827
0.890625 -0.0716176
0.875 -0.0714485
0.914062 -0.0719137
0.953125 -0.0740299
0.921875 -0.0746483
0.851562 -0.0771099
0.882812 -0.0793007
0.851562 -0.082232
0.828125 -0.0847312
0.804688 -0.0877602
0.851562 -0.089029
0.914062 -0.0906711
0.9375 -0.0913844
0.960938 -0.0924506
0.929688 -0.0926369
0.914062 -0.0911685
0.867188 -0.0918049
0.867188 -0.0936387
0.921875 -0.0943306
0.882812 -0.0950078
0.875 -0.0956429
0.875 -0.0988419
0.820312 -0.100503
0.765625 -0.102388
0.664062 -0.104205
0.734375 -0.105573
0.726562 -0.106845
0.75 -0.107885
0.703125 -0.109156
0.804688 -0.110791
0.867188 -0.112602
0.898438 -0.114529
0.898438 -0.115677
0.882812 -0.11646
0.84375 -0.118205
0.851562 -0.119612
0.835938 -0.122212
0.890625 -0.124795
0.898438 -0.126976
0.882812 -0.128231
0.898438 -0.129886
0.90625 -0.130093
0.9375 -0.12986
0.929688 -0.129292
0.859375 -0.129254
0.75 -0.128087
0.757812 -0.127209
0.773438 -0.125639
0.796875 -0.124032
0.695312 -0.123368
0.664062 -0.121994
0.75 -0.120952
0.757812 -0.12067
0.695312 -0.121013
0.726562 -0.1203
0.710938 -0.118577
0.75 -0.116664
0.679688 -0.115432
0.65625 -0.114442
0.625 -0.113138
0.664062 -0.112026
0.664062 -0.110774
0.742188 -0.108564
0.695312 -0.108121
0.703125 -0.106304
0.601562 -0.103281
0.625 -0.100201
0.65625 -0.0974877
0.632812 -0.0962124
0.5625 -0.0959691
0.65625 -0.0945376
0.671875 -0.0923505
0.726562 -0.0893428
0.71875 -0.0866822
0.796875 -0.0856943
0.804688 -0.084135
0.820312 -0.0825766
0.84375 -0.0794459
0.789062 -0.076511
0.757812 -0.0738419
0.757812 -0.0717336
0.765625 -0.0698928
0.765625 -0.0672685
0.742188 -0.064014
0.71875 -0.0622084
0.703125 -0.0612007
0.617188 -0.059529
0.578125 -0.0564563
0.453125 -0.0538545
0.5 -0.0498504
0.5 -0.0476375
0.4375 -0.0458728
0.46875 -0.0451904
0.507812 -0.0436375
0.585938 -0.0418223
0.585938 -0.0401323
0.5625 -0.037704
0.453125 -0.0339605
0.5 -0.0305587
0.5 -0.0258265
0.5 -0.0216963
0.546875 -0.0179984
0.515625 -0.0148465
0.523438 -0.0108791
0.46875 -0.00647903
0.492188 -0.00241137
0.476562 0.000318701
0.4375 0.00415508
0.460938 0.00668051
0.398438 0.0107435
0.484375 0.0140779
0.453125 0.0169919
0.476562 0.0203335
0.484375 0.02316
0.585938 0.0268852
0.695312 0.0301727
0.742188 0.0318395
0.664062 0.0334
0.617188 0.0331518
0.617188 0.0333001
0.789062 0.0347458
0.734375 0.0375302
0.75 0.039182
0.757812 0.0407288
0.867188 0.0410988
0.804688 0.0427613
0.828125 0.0438947
0.773438 0.0454649
0.75 0.046895
0.710938 0.0508096
0.757812 0.0545748
0.8125 0.0588296
0.796875 0.0618635
0.8125 0.0650687
0.835938 0.0660967
0.820312 0.0671344
0.851562 0.0672733
0.835938 0.0697306
0.898438 0.0724397
0.851562 0.0732498
0.867188 0.0746207
0.859375 0.0764201
0.882812 0.0791632
0.929688 0.0831582
0.851562 0.0865999
0.835938 0.0897291
0.78125 0.0931993
0.6875 0.0953696
0.695312 0.0967632
0.71875 0.0992001
0.6875 0.101981
0.703125 0.104732
0.765625 0.106826
0.757812 0.108549
0.875 0.109615
0.890625 0.110493
0.90625 0.112959
0.875 0.11393
0.875 0.114455
0.859375 0.115321
0.875 0.114953
0.960938 0.114494
0.960938 0.116135
0.914062 0.11866
0.890625 0.122119
0.921875 0.123444
0.929688 0.1262
0.921875 0.127068
0.9375 0.126583
0.867188 0.125027
0.882812 0.122797
0.890625 0.12153
0.898438 0.122079
0.914062 0.12217
0.929688 0.121824
0.882812 0.11931
0.859375 0.116854
0.820312 0.114181
0.796875 0.112537
0.796875 0.111566
0.835938 0.110363
0.820312 0.107824
0.796875 0.106961
0.78125 0.105893
0.671875 0.105031
0.78125 0.102686
0.773438 0.1024
0.75 0.101958
0.664062 0.100487
0.703125 0.0977436
0.710938 0.0945221
0.773438 0.0916526
0.742188 0.0905367
0.75 0.0892155
0.695312 0.0888506
0.648438 0.0897534
0.617188 0.0900005
0.664062 0.0889975
0.648438 0.0870111
0.625 0.0842766
0.625 0.0815013
0.585938 0.0787758
0.632812 0.0768285
0.6875 0.076748
0.5625 0.0798332
0.539062 0.0835294
0.453125 0.0863576
0.484375 0.0863012
0.46875 0.0851434
0.476562 0.0844146
0.476562 0.0836717
0.421875 0.081147
0.375 0.0791806
0.40625 0.0772654
0.429688 0.0736606
0.414062 0.070365
0.429688 0.068285
0.476562 0.0669078
0.523438 0.066728
0.523438 0.064679
0.390625 0.0637381
0.34375 0.0632703
0.140625 0.0608673
0.179688 0.0591078
0.140625 0.0573406
0.210938 0.0533556
0.195312 0.0491347
0.265625 0.0442977
0.375 0.0397264
0.367188 0.0359446
0.273438 0.0316795
0.226562 0.027775
0.140625 0.0253015
0.1875 0.0231151
0.25 0.021253
0.296875 0.0186708
0.28125 0.0172294
0.242188 0.014901
0.320312 0.0119147
0.414062 0.00867182
0.335938 0.00384454
0.40625 -0.00153147
0.421875 -0.00699557
0.4375 -0.0121827
0.546875 -0.0171488
0.59375 -0.0228939
0.578125 -0.0278059
0.59375 -0.0324706
0.609375 -0.0369866
0.664062 -0.0425473
0.679688 -0.0478378
0.703125 -0.0539719
0.71875 -0.0592639
0.695312 -0.0637412
0.742188 -0.0683838
0.757812 -0.0723781
0.726562 -0.0762101
0.679688 -0.0806172
0.625 -0.0818555
0.6875 -0.0830201
0.695312 -0.0848866
0.742188 -0.0865121
0.765625 -0.0868746
0.710938 -0.0859793
0.726562 -0.0830098
0.734375 -0.0805074
0.742188 -0.0794973
0.796875 -0.0788685
0.796875 -0.0790527
0.726562 -0.0784915
0.726562 -0.0773856
0.742188 -0.077414
0.703125 -0.0781119
0.625 -0.0793613
0.632812 -0.078799
0.601562 -0.075977
0.601562 -0.0743683
0.609375 -0.0724931
0.601562 -0.0691328
0.601562 -0.0677232
0.6875 -0.0672286
0.59375 -0.0657606
0.710938 -0.0645206
0.75 -0.0622614
0.75 -0.0623023
0.804688 -0.0617354
0.796875 -0.0629908
0.875 -0.0626319
0.890625 -0.0608617
0.8125 -0.0583552
0.851562 -0.0558374
0.890625 -0.0528884
0.898438 -0.0503512
0.90625 -0.048876
0.859375 -0.0478252
0.898438 -0.0462012
0.898438 -0.0455742
0.898438 -0.0440498
0.898438 -0.0432035
0.929688 -0.040615
0.890625 -0.0389836
0.921875 -0.0361334
0.890625 -0.0336103
0.828125 -0.0311088
0.820312 -0.0280568
0.765625 -0.023556
0.804688 -0.0200268
0.804688 -0.0165322
0.890625 -0.013891
0.84375 -0.0127591
0.828125 -0.0134288
0.828125 -0.0129212
0.835938 -0.0110856
0.820312 -0.00951377
0.796875 -0.00975988
0.828125 -0.00925581
0.796875 -0.00822387
0.820312 -0.00629492
0.789062 -0.00377794
0.773438 -0.000792308
0.835938 0.00163506
0.765625 0.00361737
0.773438 0.00375594
0.648438 0.00288339
0.585938 0.00125227
0.578125 -0.00117538
0.617188 -0.00247745
0.65625 -0.00325301
0.59375 -0.00453626
0.648438 -0.00430191
0.601562 -0.0043699
0.53125 -0.0042298
0.46875 -0.00254276
0.320312 -0.00152898
0.515625 -0.000414797
0.445312 -0.000688184
0.4375 -0.000952532
0.40625 -0.00048769
0.429688 0.000556367
0.40625 0.00149411
0.515625 0.00227202
0.546875 0.00373411
0.539062 0.00643365
0.507812 0.00774201
0.445312 0.00806754
0.4375 0.00820099
0.421875 0.00824503
0.390625 0.00904218
0.429688 0.0110152
0.5 0.0135597
0.492188 0.0157995
0.539062 0.0171659
0.429688 0.0176275
0.484375 0.0164316
0.546875 0.0163967
0.65625 0.0152943
0.632812 0.0143771
0.679688 0.0132961
0.671875 0.0112823
0.671875 0.0103367
0.648438 0.00929235
0.648438 0.0103061
0.625 0.0118311
0.59375 0.0132434
0.71875 0.0136953
0.71875 0.0138059
0.726562 0.0142231
0.757812 0.0140016
0.820312 0.0141123
0.820312 0.0158298
0.78125 0.0191311
0.804688 0.0207597
0.875 0.0205746
0.867188 0.0195643
0.867188 0.0204542
0.820312 0.0217068
0.859375 0.0230946
0.898438 0.0261441
0.859375 0.0287546
0.835938 0.030734
0.773438 0.0331662
0.710938 0.0334952
0.726562 0.030694
0.765625 0.0283221
0.78125 0.0252925
0.710938 0.0212953
0.742188 0.0168359
0.765625 0.0142115
0.757812 0.0112054
0.804688 0.00727787
0.851562 0.00267549
0.726562 -7.723e-05
0.796875 -0.00329215
0.820312 -0.00485559
0.867188 -0.00594086
0.90625 -0.0074023
0.820312 -0.00807073
0.804688 -0.00841618
0.742188 -0.0110073
0.695312 -0.0155187
0.742188 -0.0185303
0.8125 -0.0216025
0.84375 -0.0253249
0.890625 -0.0283258
0.796875 -0.0302172
0.835938 -0.0311104
0.796875 -0.0321655
0.78125 -0.0330939
0.78125 -0.0329915
0.78125 -0.0324074
0.765625 -0.0337005
0.75 -0.0332812
0.757812 -0.0338731
0.703125 -0.0352078
0.695312 -0.0355853
0.710938 -0.0350747
0.8125 -0.032049
0.804688 -0.0290775
0.851562 -0.0275379
0.851562 -0.0257539
0.820312 -0.0220635
0.851562 -0.0177928
0.8125 -0.0118888
0.78125 -0.00596421
0.851562 -0.00130943
0.820312 0.00219847
0.765625 0.0060792
0.8125 0.0102251
0.789062 0.0121765
0.828125 0.0162739
0.867188 0.0203204
0.867188 0.0247306
0.859375 0.0286233
0.859375 0.0311127
0.78125 0.0324592
0.84375 0.0338846
0.773438 0.0376617
0.757812 0.0394753
0.804688 0.0411471
0.796875 0.0426592
0.78125 0.0436294
0.828125 0.043756
0.898438 0.0453057
0.882812 0.0461645
0.867188 0.0478257
0.882812 0.0486337
0.890625 0.0495382
0.789062 0.049881
0.78125 0.0498146
0.820312 0.0511824
0.773438 0.0507403
0.84375 0.0509996
0.828125 0.0510985
0.789062 0.0505749
0.796875 0.0513945
0.796875 0.0540071
0.765625 0.0549955
0.835938 0.0571051
0.820312 0.0588992
0.851562 0.061735
0.875 0.0662144
0.90625 0.0706048
0.898438 0.0717253
0.898438 0.072997
0.90625 0.0739627
0.898438 0.0763022
0.898438 0.079082
0.835938 0.0819468
0.773438 0.0845366
0.765625 0.0869031
0.75 0.0886864
0.8125 0.0926861
0.835938 0.0972867
0.828125 0.100387
0.835938 0.10203
0.898438 0.101369
0.898438 0.099364
0.898438 0.0981332
0.90625 0.0972043
0.820312 0.0975254
0.828125 0.0986695
0.867188 0.0971045
0.859375 0.0962015
0.8125 0.0965651
0.84375 0.0982585
0.882812 0.0995414
0.882812 0.101953
0.851562 0.105701
0.828125 0.110342
0.835938 0.114019
0.875 0.116927
0.851562 0.118991
0.875 0.118148
0.84375 0.120213
0.828125 0.123213
0.851562 0.127
0.867188 0.132093
0.734375 0.135953
0.773438 0.138714
0.765625 0.140468
0.835938 0.142746
0.890625 0.144587
0.9375 0.146437
0.9375 0.149453
0.890625 0.152521
0.890625 0.155584
0.851562 0.158241
0.789062 0.15952
0.78125 0.161531
0.804688 0.161552
0.84375 0.161725
0.84375 0.161431
0.867188 0.16264
0.882812 0.162057
0.875 0.162693
0.90625 0.163793
0.914062 0.163285
0.835938 0.161601
0.828125 0.160167
0.851562 0.159764
0.742188 0.159264
0.773438 0.158942
0.859375 0.157772
0.789062 0.157614
0.828125 0.156911
0.765625 0.155495
0.734375 0.155304
0.757812 0.153769
0.742188 0.153018
0.78125 0.153058
0.835938 0.151717
0.929688 0.151957
0.875 0.150084
0.875 0.150197
0.78125 0.150104
0.804688 0.149482
0.875 0.149689
0.898438 0.14983
0.882812 0.147753
0.84375 0.144178
0.742188 0.141297
0.703125 0.138043
0.773438 0.135463
0.75 0.132562
0.78125 0.131458
0.84375 0.130906
0.882812 0.129692
0.875 0.126637
0.867188 0.122701
0.898438 0.119697
0.9375 0.117671
0.898438 0.115259
0.945312 0.11158
0.90625 0.1093
0.875 0.108337
0.851562 0.106041
0.828125 0.102985
0.78125 0.100693
0.742188 0.10067
0.84375 0.101083
0.796875 0.101265
0.757812 0.101254
0.710938 0.101422
0.78125 0.101136
0.765625 0.0991409
0.765625 0.0984403
0.75 0.0971743
0.804688 0.096452
0.859375 0.0943322
0.882812 0.0929434
0.867188 0.0912454
0.890625 0.0897081
0.867188 0.0879603
0.929688 0.0871871
0.882812 0.0855461
0.9375 0.0836531
0.890625 0.0818203
0.875 0.0798614
0.859375 0.0769601
0.890625 0.0728583
0.875 0.0699365
0.851562 0.0656735
0.804688 0.0613072
0.8125 0.059275
0.835938 0.0558021
0.851562 0.053314
0.851562 0.0513285
0.851562 0.0490518
0.820312 0.0474237
0.789062 0.0444763
0.828125 0.0407252
0.804688 0.0370589
0.804688 0.0341062
0.765625 0.0324007
0.765625 0.0315461
0.742188 0.0289966
0.703125 0.0259184
0.679688 0.0231318
0.734375 0.0202803
0.71875 0.0177261
0.710938 0.0146803
0.726562 0.0122596
0.796875 0.0105687
0.828125 0.00645536
0.859375 0.00243193
0.84375 -0.000911054
0.804688 -0.0033962
0.84375 -0.00611068
0.828125 -0.00858634
0.75 -0.0110151
0.695312 -0.014293
0.710938 -0.0184492
0.71875 -0.022655
0.742188 -0.0274139
0.734375 -0.0329539
0.679688 -0.0378465
0.710938 -0.0428849
0.757812 -0.0456417
0.773438 -0.0474089
0.765625 -0.049195
0.703125 -0.0519141
0.75 -0.0538992
0.804688 -0.0555064
0.765625 -0.0581839
0.890625 -0.0605366
0.796875 -0.0628373
0.796875 -0.0656912
0.804688 -0.0677327
0.851562 -0.0680778
0.773438 -0.0691352
0.882812 -0.0717722
0.875 -0.0757365
0.9375 -0.0770663
0.953125 -0.0788364
0.90625 -0.0792674
0.867188 -0.0810598
0.890625 -0.0839888
0.804688 -0.0847216
0.835938 -0.0858829
0.859375 -0.0849238
0.851562 -0.0840729
0.820312 -0.0840461
0.890625 -0.0836316
0.8125 -0.0846532
0.90625 -0.087065
0.898438 -0.0890309
0.882812 -0.0911093
0.875 -0.0925604
0.859375 -0.0939698
0.8125 -0.0948118
0.8125 -0.0938204
0.695312 -0.0933175
0.625 -0.0928082
0.664062 -0.0920592
0.726562 -0.0918687
0.695312 -0.0909944
0.6875 -0.0910149
0.671875 -0.0903348
0.726562 -0.0908512
0.640625 -0.0910939
0.671875 -0.0902031
0.703125 -0.0887855
0.65625 -0.087255
0.632812 -0.0859504
0.601562 -0.0837199
0.679688 -0.0802398
0.632812 -0.0755894
0.625 -0.0725613
0.6875 -0.068931
0.664062 -0.0653529
0.671875 -0.0633037
0.671875 -0.0617892
0.710938 -0.060157
0.71875 -0.0589982
0.78125 -0.0580965
0.78125 -0.0572867
0.71875 -0.0569485
0.679688 -0.0543506
0.59375 -0.0509893
0.601562 -0.0489049
0.625 -0.0467585
0.664062 -0.0442367
0.648438 -0.0411503
0.609375 -0.038321
0.5625 -0.037224
0.5625 -0.0348495
0.640625 -0.0349588
0.59375 -0.0336985
0.617188 -0.0324464
0.617188 -0.0298259
0.570312 -0.0261805
0.5625 -0.0246162
0.570312 -0.0221176
0.585938 -0.0183345
0.601562 -0.0147417
0.640625 -0.0116363
0.65625 -0.00637768
0.617188 -0.000945668
0.578125 0.00501597
0.632812 0.0094396
0.59375 0.0118719
0.679688 0.0128233
0.59375 0.0145966
0.578125 0.014779
0.625 0.015122
0.6875 0.0165676
0.757812 0.0184606
0.6875 0.0212209
0.710938 0.0250331
0.710938 0.027405
0.726562 0.0297543
0.789062 0.0324043
0.757812 0.0344615
0.757812 0.0361863
0.789062 0.0364339
0.78125 0.036312
0.851562 0.0371461
0.882812 0.0397825
0.828125 0.0414821
0.835938 0.0439802
0.804688 0.045349
0.789062 0.0472088
0.78125 0.0498581
0.828125 0.0536648
0.789062 0.0586856
0.726562 0.0645121
0.617188 0.0708805
0.617188 0.0777775
0.625 0.0850214
0.632812 0.0908553
0.601562 0.0961771
0.625 0.100441
0.609375 0.102927
0.554688 0.104209
0.71875 0.10597
0.601562 0.106661
0.664062 0.107137
0.617188 0.106889
0.671875 0.10675
0.695312 0.108756
0.726562 0.112081
0.703125 0.113866
0.710938 0.115131
0.71875 0.116523
0.6875 0.116722
0.664062 0.115928
0.679688 0.115
0.695312 0.115091
0.664062 0.114659
0.671875 0.114458
0.679688 0.113518
0.59375 0.11147
0.664062 0.109187
0.742188 0.108092
0.710938 0.10567
0.8125 0.102682
0.851562 0.100716
0.914062 0.100708
0.835938 0.100602
0.796875 0.101275
0.789062 0.101232
0.765625 0.10202
0.828125 0.102423
0.804688 0.103011
0.804688 0.103779
0.765625 0.105653
0.75 0.105711
0.757812 0.105563
0.757812 0.106807
0.75 0.107216
0.804688 0.110179
0.804688 0.112323
0.804688 0.113301
0.84375 0.113435
0.828125 0.113481
0.8125 0.113345
0.796875 0.114666
0.71875 0.115728
0.710938 0.116115
0.726562 0.116765
0.640625 0.1166
0.625 0.116887
0.648438 0.11789
0.65625 0.118935
0.632812 0.120338
0.65625 0.120742
0.65625 0.121404
0.578125 0.120606
0.570312 0.121176
0.578125 0.12096
0.648438 0.119546
0.695312 0.1185
0.671875 0.116773
0.578125 0.116222
0.570312 0.114253
0.539062 0.112037
0.578125 0.110954
0.609375 0.107399
0.570312 0.103551
0.492188 0.101359
0.515625 0.100864
0.523438 0.103071
0.523438 0.104416
0.515625 0.105012
0.4375 0.105262
0.4375 0.10416
0.507812 0.101402
0.429688 0.099635
0.320312 0.0966422
0.421875 0.095039
0.554688 0.0918254
0.570312 0.0871169
0.515625 0.0842898
0.453125 0.0822856
0.484375 0.0806585
0.5 0.0765669
0.476562 0.0717886
0.429688 0.0675214
0.351562 0.0627196
0.390625 0.0579563
0.367188 0.0527158
0.382812 0.0470606
0.34375 0.0426614
0.257812 0.0384103
0.226562 0.0349621
0.210938 0.0333958
0.3125 0.0314655
0.257812 0.0299515
0.320312 0.0286466
0.304688 0.0279043
0.304688 0.0280357
0.28125 0.0260309
0.359375 0.0247065
0.4375 0.0219458
0.492188 0.0192617
0.5625 0.0164882
0.625 0.0145776
0.53125 0.0100356
0.515625 0.00496837
0.59375 -0.000195065
0.601562 -0.00443493
0.640625 -0.00713598
0.546875 -0.00872022
0.421875 -0.00852573
0.367188 -0.0090592
0.265625 -0.0101595
0.195312 -0.0130244
0.203125 -0.0138544
0.140625 -0.0138808
0.28125 -0.0130231
0.351562 -0.0125034
0.304688 -0.0130838
0.40625 -0.0139531
0.382812 -0.0153949
0.335938 -0.0185426
0.296875 -0.0202871
0.148438 -0.0194719
0.140625 -0.0174327
0.09375 -0.0129142
0.117188 -0.0109464
0.015625 -0.00925681
0.015625 -0.00947868
0.0546875 -0.0110578
0.117188 -0.0109908
0.0859375 -0.0106477
0.125 -0.0109982
0.0703125 -0.0115698
0.0859375 -0.0112402
0.109375 -0.0122677
0.140625 -0.013016
0.0859375 -0.0149434
0.132812 -0.0165276
0.15625 -0.0185745
0.109375 -0.020061
0.164062 -0.022123
0.0859375 -0.0232421
0.0546875 -0.022724
0.015625 -0.0238358
0.0859375 -0.0251234
0.109375 -0.0270167
0.125 -0.029721
0.109375 -0.0331123
0.078125 -0.0380795
0.0234375 -0.0431121
0.109375 -0.047202
0.09375 -0.049949
0.0625 -0.0528921
0.0078125 -0.0567636
0.0625 -0.0610979
0.03125 -0.0644295
0.015625 -0.0682839
0.0703125 -0.0710587
0.125 -0.0735098
0.0625 -0.0765943
0.15625 -0.0803759
0.210938 -0.0844355
0.21875 -0.0870858
0.1875 -0.0893007
0.25 -0.0911776
0.203125 -0.0933076
0.109375 -0.0962246
0.0859375 -0.0985499
0.078125 -0.0991261
0.0078125 -0.0988724
0.078125 -0.100317
0.179688 -0.103489
0.28125 -0.106248
0.40625 -0.10651
0.273438 -0.10897
0.257812 -0.111856
0.25 -0.11569
0.273438 -0.118961
0.273438 -0.121204
0.265625 -0.123722
0.328125 -0.127019
0.3125 -0.128672
0.25 -0.132943
0.242188 -0.134965
0.1875 -0.135169
0.078125 -0.13629
0.03125 -0.137611
0.046875 -0.139687
0.1875 -0.14273
0.210938 -0.146735
0.265625 -0.150366
0.15625 -0.152307
0.15625 -0.15301
0.179688 -0.155341
0.164062 -0.156221
0.21875 -0.157071
0.265625 -0.158125
0.273438 -0.159089
0.273438 -0.158876
0.21875 -0.160997
0.125 -0.164551
0.0625 -0.167917
0.078125 -0.170311
0.132812 -0.172106
0.132812 -0.170894
0.03125 -0.170635
0.015625 -0.169383
0.0078125 -0.167564
0.0078125 -0.165852
0.0078125 -0.165175
0.0546875 -0.165351
0.0234375 -0.165895
0.109375 -0.164472
0.0390625 -0.160085
0.015625 -0.15763
0.242188 -0.155001
0.132812 -0.152414
0.171875 -0.14984
0.210938 -0.145771
0.273438 -0.139778
0.304688 -0.136632
0.296875 -0.134085
0.28125 -0.131161
0.28125 -0.12773
0.242188 -0.123304
0.289062 -0.118196
0.359375 -0.11289
0.351562 -0.10793
0.351562 -0.104177
0.421875 -0.100795
0.539062 -0.0990624
0.492188 -0.0961931
0.382812 -0.0919665
0.4375 -0.0886691
0.523438 -0.0865107
0.515625 -0.0833384
0.554688 -0.0789892
0.609375 -0.0742708
0.5 -0.0705768
0.53125 -0.0657577
0.5 -0.0607608
0.445312 -0.0559548
0.414062 -0.0520942
0.414062 -0.0491089
0.34375 -0.0453624
0.25 -0.0423817
0.367188 -0.0374249
0.367188 -0.0307639
0.34375 -0.0238862
0.320312 -0.0190885
0.289062 -0.0160865
0.25 -0.0142076
0.304688 -0.0117446
0.257812 -0.00882904
0.375 -0.00791462
0.359375 -0.00805961
0.273438 -0.0070707
0.265625 -0.00613192
0.320312 -0.00528107
0.226562 -0.00487848
0.320312 -0.00596374
0.3125 -0.00669024
0.265625 -0.0059835
0.304688 -0.00645699
0.34375 -0.00592013
0.195312 -0.0046517
0.25 -0.00364855
0.304688 -0.00156583
0.359375 -6.81883e-05
0.414062 0.00171542
0.390625 0.00294251
0.453125 0.00232759
0.523438 0.00280435
0.429688 0.0020815
0.421875 0.000180055
0.4375 -0.000183729
0.414062 0.00014833
0.46875 0.00139464
0.382812 0.00212075
0.539062 0.00259611
0.578125 0.00253239
0.695312 -0.000157604
0.71875 -0.0026438
0.734375 -0.00293006
0.75 -0.00178099
0.789062 -0.00190699
0.773438 -0.00130383
0.796875 -0.000396527
0.78125 0.00165582
0.84375 0.00284445
0.859375 0.00401391
0.898438 0.00644316
0.859375 0.00824121
0.804688 0.0112856
0.820312 0.0137147
0.867188 0.0158766
0.898438 0.0190448
0.84375 0.0228716
0.875 0.0243514
0.890625 0.0273063
0.914062 0.0304826
0.898438 0.0327253
0.867188 0.0338104
0.898438 0.0339599
0.929688 0.0352463
0.90625 0.0379506
0.882812 0.0407239
0.828125 0.0434917
0.851562 0.0456047
0.914062 0.0459281
0.820312 0.0468429
0.789062 0.0453892
0.820312 0.0455702
0.828125 0.0473765
0.929688 0.0479922
0.945312 0.0470373
0.835938 0.0456947
0.796875 0.0432335
0.875 0.040316
0.835938 0.0379494
0.8125 0.036074
0.820312 0.0355292
0.835938 0.0355206
0.882812 0.0343416
0.859375 0.0325942
0.835938 0.0296463
0.859375 0.0266797
0.789062 0.0223379
0.84375 0.0188472
0.90625 0.0153738
0.882812 0.0135055
0.867188 0.0125422
0.890625 0.0116395
0.898438 0.0104606
0.914062 0.00890326
0.90625 0.00951903
0.90625 0.00977734
0.929688 0.010834
0.875 0.0122161
0.90625 0.0128508
0.914062 0.0138279
0.875 0.0163446
0.929688 0.0160085
0.945312 0.0161257
0.9375 0.014235
0.898438 0.0149376
0.914062 0.0166342
0.90625 0.0185387
0.984375 0.019152
0.953125 0.0193371
0.921875 0.0217848
0.90625 0.0229496
0.90625 0.0249705
0.859375 0.0255291
0.859375 0.0274252
0.828125 0.0284323
0.851562 0.0294112
0.882812 0.0295175
0.898438 0.0295125
0.898438 0.0287463
0.875 0.0290956
0.898438 0.0277098
0.84375 0.029111
0.820312 0.0293108
0.796875 0.0303253
0.820312 0.0319812
0.796875 0.0364797
0.835938 0.038045
0.804688 0.0396902
0.820312 0.0395937
0.835938 0.0372271
0.84375 0.0347804
0.859375 0.030935
0.84375 0.0272111
0.8125 0.0228803
0.796875 0.0203043
0.757812 0.0186032
0.640625 0.015727
0.648438 0.0118045
0.726562 0.00794925
0.75 0.00469543
0.8125 0.00160899
0.773438 -0.000325304
0.710938 -0.002926
0.65625 -0.00551255
0.625 -0.00812685
0.59375 -0.0101994
0.664062 -0.0110011
0.632812 -0.0134147
0.664062 -0.0160278
0.664062 -0.019733
0.703125 -0.0217869
0.726562 -0.0220256
0.617188 -0.0209166
0.570312 -0.0201835
0.585938 -0.0201681
0.671875 -0.0191311
0.640625 -0.0183958
0.617188 -0.0188908
0.609375 -0.0206807
0.757812 -0.0223511
0.820312 -0.0221576
0.820312 -0.022203
0.835938 -0.0208081
0.828125 -0.0192
0.828125 -0.0180325
0.8125 -0.0159359
0.757812 -0.0125328
0.75 -0.0105374
0.796875 -0.00784325
0.773438 -0.0043997
0.84375 -0.00226356
0.820312 -0.00191393
0.882812 -0.00170497
0.875 -0.000585428
0.8125 0.0020016
0.835938 0.00387142
0.78125 0.00424781
0.84375 0.0032326
0.867188 0.00366363
0.90625 0.00443531
0.835938 0.00450243
0.914062 0.00436643
0.875 0.00472384
0.820312 0.00580117
0.804688 0.00793665
0.679688 0.0102384
0.664062 0.00951108
0.789062 0.00757147
0.757812 0.00664984
0.765625 0.00692439
0.726562 0.00769216
0.664062 0.00875061
0.78125 0.00875371
0.765625 0.00651489
0.765625 0.00496457
0.773438 0.00410314
0.703125 0.00461151
0.78125 0.00595447
0.757812 0.00753855
0.867188 0.00927278
0.859375 0.0112123
0.835938 0.0113601
0.851562 0.0124982
0.84375 0.0132041
0.835938 0.0137862
0.8125 0.0144521
0.875 0.0152385
0.835938 0.0159226
0.765625 0.0161914
0.796875 0.01726
0.8125 0.0198477
0.8125 0.0217029
0.726562 0.0251711
0.664062 0.0272398
0.59375 0.0283054
0.578125 0.0296081
0.578125 0.031414
0.664062 0.0329944
0.703125 0.0354802
0.726562 0.0382457
0.648438 0.0400374
0.734375 0.0419001
0.78125 0.0433478
0.78125 0.0466513
0.828125 0.0495902
0.882812 0.0521777
0.859375 0.0557907
0.835938 0.0586367
0.859375 0.0619671
0.828125 0.0644877
0.90625 0.0659575
0.820312 0.0674828
0.796875 0.0698769
0.804688 0.07233
0.8125 0.0751259
0.78125 0.0767699
0.757812 0.0765255
0.703125 0.0757918
0.648438 0.0765725
0.648438 0.0771821
0.703125 0.0773082
0.710938 0.0764378
0.601562 0.0765381
0.664062 0.0772806
0.578125 0.0766166
0.53125 0.0773421
0.609375 0.0765629
0.625 0.0768417
0.546875 0.0767783
0.515625 0.0763788
0.523438 0.0758399
0.578125 0.0746254
0.554688 0.0721992
0.648438 0.0692019
0.617188 0.0666636
0.78125 0.0648025
0.773438 0.061871
0.78125 0.0590915
0.710938 0.0581448
0.679688 0.0568068
0.609375 0.0548166
0.601562 0.0516497
0.640625 0.0510334
0.671875 0.0503069
0.625 0.0490359
0.703125 0.0462745
0.664062 0.0443176
0.71875 0.0423619
0.6875 0.039022
0.726562 0.0329967
0.765625 0.0274563
0.75 0.0225882
0.804688 0.0199719
0.8125 0.0192816
0.757812 0.0169999
0.71875 0.0145069
0.75 0.0125636
0.640625 0.00912869
0.679688 0.00391115
0.585938 -5.58168e-05
0.578125 -0.00338886
0.578125 -0.0079499
0.664062 -0.0106597
0.632812 -0.0144072
0.585938 -0.015676
0.585938 -0.0179648
0.601562 -0.0210193
0.523438 -0.0245072
0.453125 -0.0250552
0.539062 -0.0252919
0.46875 -0.0258845
0.414062 -0.0261855
0.375 -0.0294055
0.445312 -0.0330804
0.5 -0.0356291
0.5 -0.0363736
0.539062 -0.037232
0.59375 -0.0371323
0.625 -0.0372696
0.65625 -0.0374112
0.570312 -0.0404146
0.515625 -0.0415469
0.554688 -0.0416055
0.632812 -0.0411951
0.5625 -0.0422843
0.476562 -0.0436503
0.507812 -0.0466534
0.484375 -0.0486276
0.570312 -0.0498177
0.65625 -0.0522127
0.632812 -0.0532614
0.515625 -0.0548322
0.476562 -0.0567659
0.414062 -0.0568874
0.359375 -0.0581452
0.351562 -0.0581652
0.296875 -0.0591709
0.296875 -0.0603649
0.367188 -0.0605205
0.351562 -0.0598435
0.320312 -0.0598973
0.179688 -0.0596017
0.164062 -0.0603359
0.171875 -0.0627169
0.257812 -0.0672198
0.34375 -0.0700373
0.382812 -0.0716473
0.226562 -0.0725948
0.210938 -0.0743927
0.109375 -0.075565
0.265625 -0.0767292
0.265625 -0.0781386
0.28125 -0.0824136
0.304688 -0.0855662
0.21875 -0.0889489
0.179688 -0.0909633
0.265625 -0.0895527
0.367188 -0.0860695
0.289062 -0.0835164
0.328125 -0.0811923
0.390625 -0.0787453
0.421875 -0.07657
0.375 -0.0740861
0.34375 -0.0718404
0.328125 -0.0709106
0.304688 -0.0664298
0.351562 -0.0640904
0.421875 -0.0619122
0.460938 -0.0611484
0.492188 -0.0609459
0.453125 -0.0614016
0.460938 -0.0624797
0.554688 -0.0649669
0.5625 -0.0667673
0.640625 -0.0686736
0.710938 -0.0705257
0.664062 -0.0687609
0.734375 -0.0666484
0.820312 -0.0652986
0.765625 -0.0638955
0.71875 -0.0625389
0.65625 -0.0633753
0.695312 -0.062788
0.695312 -0.0619942
0.710938 -0.0613946
0.734375 -0.0603636
0.742188 -0.0600424
0.78125 -0.0612086
0.726562 -0.0632567
0.8125 -0.0637083
0.851562 -0.0653917
0.8125 -0.0673406
0.8125 -0.069982
0.820312 -0.0711453
0.773438 -0.0734035
0.789062 -0.0752135
0.828125 -0.0775565
0.859375 -0.0784213
0.828125 -0.0806035
0.867188 -0.0814428
0.851562 -0.0839881
0.867188 -0.0872986
0.929688 -0.0884701
0.90625 -0.0884243
0.890625 -0.0874406
0.898438 -0.0863326
0.890625 -0.0864709
0.882812 -0.0866663
0.851562 -0.0865514
0.796875 -0.088378
0.820312 -0.089051
0.796875 -0.0908786
0.867188 -0.0963819
0.804688 -0.100305
0.804688 -0.104338
0.757812 -0.107835
0.78125 -0.111451
0.734375 -0.114005
0.789062 -0.116051
0.78125 -0.114938
0.78125 -0.116036
0.789062 -0.11771
0.804688 -0.118149
0.804688 -0.120302
0.726562 -0.119749
0.710938 -0.118665
0.710938 -0.116242
0.84375 -0.112862
0.796875 -0.111587
0.851562 -0.110965
0.804688 -0.111145
0.835938 -0.110886
0.921875 -0.109376
0.945312 -0.108162
0.890625 -0.106362
0.898438 -0.105936
0.835938 -0.105
0.84375 -0.10502
0.929688 -0.103256
0.867188 -0.104298
0.890625 -0.104221
0.882812 -0.103698
0.914062 -0.103354
0.914062 -0.102721
0.890625 -0.100518
0.921875 -0.0971222
0.84375 -0.0931344
0.78125 -0.0904863
0.757812 -0.0865179
0.742188 -0.0826553
0.78125 -0.0796861
0.78125 -0.0768339
0.757812 -0.0748588
0.71875 -0.072957
0.664062 -0.0715002
0.671875 -0.0710014
0.710938 -0.0689285
0.71875 -0.0664155
0.820312 -0.0645876
0.835938 -0.0630699
0.804688 -0.0616574
0.898438 -0.0609835
0.859375 -0.059465
0.867188 -0.0589481
0.78125 -0.0578937
0.820312 -0.0558969
0.765625 -0.0541727
0.8125 -0.0542855
0.828125 -0.053696
0.828125 -0.0545966
0.820312 -0.0556049
0.78125 -0.0553879
0.820312 -0.0567857
0.8125 -0.0582539
0.695312 -0.0595746
0.601562 -0.0605302
0.53125 -0.059401
0.585938 -0.0601161
0.664062 -0.0608345
0.625 -0.0613698
0.578125 -0.0623809
0.570312 -0.0644447
0.546875 -0.0659678
0.585938 -0.0677787
0.648438 -0.0684561
0.65625 -0.0699584
0.664062 -0.0706958
0.585938 -0.0714179
0.554688 -0.0700848
0.609375 -0.069293
0.585938 -0.0683414
0.679688 -0.0675988
0.828125 -0.0668802
0.882812 -0.0657435
0.84375 -0.0662921
0.859375 -0.066571
0.84375 -0.0674058
0.84375 -0.0687919
0.75 -0.0706801
0.859375 -0.0707236
0.867188 -0.0684718
0.84375 -0.0664463
0.828125 -0.0645893
0.710938 -0.0609925
0.695312 -0.0592186
0.734375 -0.0571831
0.734375 -0.0558013
0.742188 -0.053292
0.703125 -0.0529044
0.71875 -0.0532411
0.804688 -0.0530702
0.773438 -0.0543918
0.804688 -0.0563425
0.78125 -0.0585249
0.765625 -0.0626245
0.828125 -0.0662785
0.875 -0.0661153
0.898438 -0.0641036
0.929688 -0.0633466
0.929688 -0.062628
0.945312 -0.0623324
0.914062 -0.0612527
0.929688 -0.0630738
0.84375 -0.0657213
0.820312 -0.0691925
0.835938 -0.071818
0.796875 -0.0756137
0.765625 -0.0788417
0.828125 -0.0816758
0.820312 -0.0845817
0.8125 -0.0861992
0.765625 -0.0868217
0.726562 -0.0879497
0.6875 -0.0906795
0.757812 -0.0943269
0.820312 -0.0988833
0.867188 -0.101281
0.828125 -0.105217
0.820312 -0.107719
0.773438 -0.110898
0.765625 -0.114329
0.828125 -0.118157
0.8125 -0.122743
0.851562 -0.123904
0.820312 -0.12446
0.875 -0.126116
0.828125 -0.126649
0.921875 -0.125952
0.90625 -0.124646
0.859375 -0.121653
0.851562 -0.121155
0.820312 -0.122136
0.851562 -0.123889
0.859375 -0.124931
0.835938 -0.125768
0.851562 -0.125551
0.875 -0.124887
0.8125 -0.126896
0.828125 -0.128707
0.789062 -0.128127
0.820312 -0.126629
0.84375 -0.125496
0.796875 -0.125362
0.84375 -0.124054
0.867188 -0.122106
0.742188 -0.121412
0.78125 -0.122301
0.789062 -0.12357
0.875 -0.12563
0.914062 -0.126839
0.914062 -0.128037
0.90625 -0.128381
0.921875 -0.128965
0.859375 -0.131331
0.890625 -0.135663
0.867188 -0.138643
0.898438 -0.141554
0.898438 -0.143858
0.921875 -0.146213
0.890625 -0.147105
0.921875 -0.148833
0.882812 -0.150273
0.9375 -0.150744
0.914062 -0.151063
0.859375 -0.151099
0.875 -0.149788
0.875 -0.14705
0.84375 -0.143643
0.71875 -0.138912
0.75 -0.135447
0.78125 -0.13367
0.78125 -0.134321
0.71875 -0.133043
0.75 -0.130674
0.765625 -0.129816
0.8125 -0.127432
0.78125 -0.126671
0.65625 -0.124375
0.679688 -0.122612
0.757812 -0.118628
0.796875 -0.114603
0.75 -0.108984
0.78125 -0.103736
0.828125 -0.0994306
0.789062 -0.0979753
0.71875 -0.0988452
0.765625 -0.102439
0.6875 -0.103149
0.78125 -0.105164
0.765625 -0.107599
0.726562 -0.11121
0.867188 -0.116156
0.945312 -0.121403
0.984375 -0.126023
0.953125 -0.129358
0.9375 -0.12944
0.890625 -0.126594
0.804688 -0.125137
0.765625 -0.123081
0.742188 -0.121115
0.65625 -0.11877
0.578125 -0.116521
0.648438 -0.113122
0.757812 -0.107414
0.828125 -0.10181
0.78125 -0.0976512
0.828125 -0.0943836
0.835938 -0.0905186
0.820312 -0.0852195
0.875 -0.0816396
0.890625 -0.0780392
0.898438 -0.0747852
0.890625 -0.0704733
0.921875 -0.069221
0.90625 -0.0681682
0.921875 -0.066109
0.867188 -0.0646967
0.929688 -0.0632207
0.90625 -0.0640262
0.898438 -0.06294
0.8125 -0.0621684
0.734375 -0.0615462
0.828125 -0.06348
0.835938 -0.065015
0.8125 -0.0667437
0.84375 -0.0682607
0.875 -0.0692058
0.820312 -0.0723747
0.804688 -0.0768622
0.796875 -0.0807945
0.789062 -0.0838193
0.867188 -0.0854
0.851562 -0.0869767
0.828125 -0.091091
0.742188 -0.0960386
0.835938 -0.101041
0.84375 -0.105487
0.828125 -0.110318
0.820312 -0.114324
0.882812 -0.118331
0.875 -0.121375
0.882812 -0.123417
0.890625 -0.125849
0.882812 -0.128123
0.851562 -0.131317
0.90625 -0.134464
0.96875 -0.138423
0.929688 -0.141059
0.9375 -0.143885
0.890625 -0.146591
0.851562 -0.150214
0.851562 -0.154398
0.828125 -0.157743
0.96875 -0.158704
0.945312 -0.156177
0.953125 -0.154195
0.953125 -0.150192
0.929688 -0.145087
0.953125 -0.141993
0.976562 -0.13909
0.921875 -0.136306
0.90625 -0.132347
0.882812 -0.132677
0.90625 -0.132328
0.835938 -0.133168
0.789062 -0.1334
0.820312 -0.134418
0.773438 -0.134108
0.859375 -0.13207
0.882812 -0.130247
0.875 -0.13004
0.84375 -0.13293
0.78125 -0.135889
0.757812 -0.139686
0.710938 -0.142149
0.734375 -0.143191
0.679688 -0.144252
0.625 -0.142441
0.65625 -0.139865
0.554688 -0.135996
0.539062 -0.133289
0.5 -0.130814
0.546875 -0.130428
0.507812 -0.131826
0.453125 -0.133864
0.453125 -0.136194
0.460938 -0.138231
0.4375 -0.141459
0.4375 -0.146156
0.4375 -0.151008
0.429688 -0.155718
0.4375 -0.160293
0.445312 -0.165225
0.453125 -0.17085
0.554688 -0.177448
0.484375 -0.185132
0.453125 -0.191603
0.429688 -0.1965
0.453125 -0.201325
0.5625 -0.207236
0.5 -0.212941
0.484375 -0.216128
0.421875 -0.219865
0.445312 -0.221935
0.460938 -0.22399
0.5625 -0.224775
0.523438 -0.22416
0.570312 -0.223479
0.601562 -0.222311
0.53125 -0.22061
0.578125 -0.220066
0.570312 -0.219081
0.578125 -0.219997
0.5625 -0.223051
0.53125 -0.223223
0.4375 -0.223075
0.453125 -0.223357
0.515625 -0.220274
0.578125 -0.216289
0.625 -0.211436
0.601562 -0.204367
0.5625 -0.198728
0.546875 -0.192914
0.523438 -0.18981
0.601562 -0.186815
0.601562 -0.184911
0.648438 -0.181405
0.664062 -0.178463
0.625 -0.176201
0.695312 -0.171383
0.6875 -0.166955
0.695312 -0.162269
0.703125 -0.156353
0.632812 -0.150549
0.53125 -0.144695
0.53125 -0.136398
0.578125 -0.131749
0.53125 -0.127218
0.601562 -0.125677
0.5625 -0.124477
0.5625 -0.123269
0.539062 -0.121974
0.523438 -0.119888
0.476562 -0.118922
0.523438 -0.119247
0.546875 -0.11954
0.554688 -0.119552
0.554688 -0.120442
0.453125 -0.12113
0.414062 -0.119617
0.382812 -0.119135
0.367188 -0.118648
0.375 -0.116345
0.382812 -0.114135
0.375 -0.113411
0.367188 -0.112645
0.492188 -0.111903
0.453125 -0.109693
0.492188 -0.108227
0.484375 -0.105706
0.515625 -0.101405
0.515625 -0.0971632
0.53125 -0.0943709
0.554688 -0.0880126
0.507812 -0.0799492
0.5 -0.071403
0.507812 -0.0618878
0.46875 -0.0540827
0.515625 -0.0464611
0.476562 -0.0414563
0.570312 -0.0357511
0.640625 -0.0284948
0.578125 -0.0216093
0.570312 -0.0161052
0.554688 -0.00743548
0.476562 0.00054459
0.484375 0.00907117
0.546875 0.0173814
0.585938 0.0263731
0.570312 0.0347836
0.609375 0.0437266
0.640625 0.0525825
0.710938 0.058163
0.695312 0.0659381
0.757812 0.0730591
0.757812 0.079951
0.773438 0.0871955
0.671875 0.0937489
0.6875 0.100161
0.765625 0.10513
0.765625 0.113854
0.820312 0.120503
0.859375 0.127692
0.890625 0.13346
0.820312 0.140778
0.796875 0.146542
0.835938 0.150118
0.78125 0.152786
0.773438 0.156692
0.820312 0.159722
0.851562 0.16407
0.90625 0.168532
0.90625 0.17289
0.914062 0.176851
0.890625 0.180234
0.90625 0.184789
0.890625 0.191835
0.882812 0.199855
0.867188 0.204815
0.890625 0.208497
0.828125 0.210768
0.882812 0.213942
0.882812 0.215324
0.890625 0.216889
0.875 0.21736
0.851562 0.219549
0.773438 0.219661
0.765625 0.21782
0.65625 0.217719
0.703125 0.21793
0.695312 0.218154
0.6875 0.219459
0.757812 0.217188
0.6875 0.215105
0.664062 0.211566
0.710938 0.208697
0.703125 0.204314
0.789062 0.201977
0.804688 0.198762
0.867188 0.196188
0.875 0.193283
0.804688 0.190963
0.804688 0.19192
0.789062 0.193964
0.710938 0.194923
0.703125 0.195437
0.679688 0.19243
0.695312 0.189065
0.632812 0.186753
0.679688 0.187635
0.75 0.189769
0.78125 0.193165
0.84375 0.198442
0.804688 0.203756
0.820312 0.209229
0.804688 0.213729
0.742188 0.217389
0.796875 0.219678
0.84375 0.224278
0.75 0.230019
0.804688 0.234638
0.757812 0.238791
0.726562 0.24217
0.8125 0.245196
0.859375 0.247506
0.820312 0.249535
0.78125 0.250405
0.765625 0.250761
0.710938 0.252823
0.742188 0.257287
0.804688 0.262317
0.6875 0.267217
0.71875 0.271485
0.703125 0.275533
0.6875 0.279619
0.71875 0.282044
0.757812 0.282557
0.71875 0.284549
0.710938 0.287819
0.726562 0.291105
0.773438 0.294529
0.726562 0.297782
0.734375 0.299937
0.789062 0.302264
0.726562 0.304386
0.6875 0.307963
0.703125 0.309426
0.726562 0.30829
0.757812 0.307386
0.726562 0.306896
0.710938 0.310596
0.789062 0.315907
0.804688 0.318496
0.796875 0.318853
0.78125 0.319156
0.820312 0.319414
0.757812 0.321316
0.710938 0.32228
0.671875 0.32458
0.625 0.328641
0.632812 0.330235
0.632812 0.329003
0.710938 0.325795
0.8125 0.321973
0.757812 0.32014
0.734375 0.318759
0.75 0.318297
0.757812 0.317709
0.835938 0.319733
0.84375 0.321343
0.820312 0.31994
0.820312 0.320328
0.875 0.322233
0.882812 0.324075
0.945312 0.326604
0.929688 0.33041
0.960938 0.334883
0.945312 0.336954
0.890625 0.338263
0.890625 0.339292
0.875 0.339513
0.929688 0.338634
0.835938 0.33755
0.859375 0.336685
0.867188 0.335473
0.8125 0.334878
0.875 0.333831
0.867188 0.333175
0.867188 0.332652
0.828125 0.334055
0.882812 0.334978
0.820312 0.335125
0.804688 0.333513
0.726562 0.331513
0.765625 0.331297
0.75 0.331522
0.820312 0.328943
0.804688 0.327656
0.726562 0.32498
0.703125 0.32168
0.632812 0.316881
0.710938 0.312722
0.765625 0.309849
0.78125 0.309105
0.804688 0.306935
0.8125 0.305261
0.875 0.301017
0.90625 0.296383
0.804688 0.291934
0.828125 0.289402
0.789062 0.285947
0.726562 0.282761
0.8125 0.279219
0.796875 0.2757
0.773438 0.271643
0.835938 0.266751
0.820312 0.2588
0.8125 0.24991
0.703125 0.242071
0.65625 0.232272
0.703125 0.221685
0.664062 0.210348
0.726562 0.197594
0.835938 0.185455
0.796875 0.174686
0.78125 0.163403
0.867188 0.152731
0.90625 0.142629
0.859375 0.135065
0.914062 0.12688
0.859375 0.119434
0.867188 0.111848
0.851562 0.103236
0.867188 0.0949203
0.851562 0.0852185
0.8125 0.0760741
0.773438 0.0643953
0.773438 0.055752
0.804688 0.0470714
0.78125 0.0421983
0.828125 0.0362589
0.710938 0.0317404
0.6875 0.0284518
0.6875 0.0250734
0.695312 0.0212765
0.78125 0.0151359
0.804688 0.009557
0.835938 0.00619284
0.78125 0.00315821
0.851562 0.00119217
0.875 -0.00149367
0.859375 -0.00286779
0.828125 -0.00377181
0.859375 -0.00333085
0.890625 -0.00392404
0.84375 -0.00292416
0.890625 -0.00287362
0.875 -0.0023666
0.90625 -0.00450379
0.890625 -0.00651761
0.851562 -0.0105806
0.828125 -0.0118333
0.734375 -0.0123511
0.742188 -0.0127583
0.726562 -0.0138143
0.695312 -0.0168575
0.671875 -0.0195569
0.617188 -0.0222598
0.625 -0.0254273
0.734375 -0.0279136
0.710938 -0.0305618
0.65625 -0.03445
0.664062 -0.0357233
0.601562 -0.0391086
0.671875 -0.0448539
0.695312 -0.0488321
0.609375 -0.0512493
0.59375 -0.050027
0.648438 -0.0488137
0.617188 -0.0487032
0.609375 -0.0496925
0.664062 -0.0511029
0.671875 -0.0525762
0.5625 -0.0525822
0.53125 -0.0532736
0.585938 -0.0536123
0.6875 -0.0541323
0.703125 -0.0562666
0.6875 -0.0571919
0.640625 -0.0568496
0.664062 -0.0564482
0.625 -0.0546509
0.59375 -0.0518492
0.671875 -0.0472813
0.71875 -0.0440876
0.75 -0.0413874
0.632812 -0.0373023
0.5625 -0.0330258
0.546875 -0.0308361
0.539062 -0.0297763
0.578125 -0.0269855
0.695312 -0.022689
0.609375 -0.0189091
0.59375 -0.0152541
0.601562 -0.00919384
0.625 -0.00499058
0.554688 0.000983189
0.554688 0.0111727
0.5625 0.0221132
0.578125 0.0328359
0.5625 0.0420043
0.507812 0.0489651
0.546875 0.0567322
0.546875 0.0612384
0.617188 0.0664637
0.515625 0.0714534
0.570312 0.0766072
0.570312 0.081829
0.648438 0.0863209
0.632812 0.0891076
0.632812 0.0910253
0.617188 0.0950544
0.65625 0.0993988
0.601562 0.10462
0.5625 0.111692
0.53125 0.117852
0.65625 0.124992
0.539062 0.133296
0.453125 0.141418
0.429688 0.146391
0.476562 0.153713
0.515625 0.161224
0.453125 0.168502
0.5 0.174844
0.546875 0.180202
0.546875 0.185362
0.53125 0.189512
0.53125 0.194246
0.5625 0.200247
0.632812 0.202876
0.65625 0.202541
0.695312 0.202015
0.710938 0.203648
0.679688 0.204908
0.632812 0.206407
0.601562 0.207667
0.625 0.208081
0.726562 0.208671
0.742188 0.208498
0.710938 0.208445
0.710938 0.206429
0.773438 0.204428
0.742188 0.202836
0.8125 0.202255
0.757812 0.199721
0.773438 0.197431
0.8125 0.195495
0.703125 0.191544
0.773438 0.189468
0.789062 0.18843
0.757812 0.186888
0.734375 0.186849
0.671875 0.185668
0.648438 0.184971
0.65625 0.187265
0.726562 0.188138
0.8125 0.188292
0.78125 0.186719
0.65625 0.18527
0.617188 0.181884
0.710938 0.177445
0.703125 0.173455
0.6875 0.169405
0.695312 0.165879
0.765625 0.162174
0.773438 0.15833
0.742188 0.155918
0.757812 0.154674
0.632812 0.152706
0.648438 0.151931
0.710938 0.150542
0.671875 0.150704
0.65625 0.152013
0.6875 0.153011
0.75 0.155276
0.84375 0.154644
0.789062 0.152982
0.78125 0.151761
0.742188 0.149858
0.8125 0.146958
0.835938 0.144901
0.820312 0.142157
0.820312 0.14004
0.875 0.138146
0.859375 0.135781
0.757812 0.132781
0.757812 0.130015
0.820312 0.127876
0.859375 0.122468
0.882812 0.12057
0.90625 0.117457
0.921875 0.113593
0.960938 0.111439
0.90625 0.109905
0.882812 0.108351
0.882812 0.106454
0.890625 0.106409
0.828125 0.104293
0.835938 0.0985059
0.835938 0.0911752
0.828125 0.0843371
0.8125 0.0785885
0.765625 0.0710978
0.828125 0.0622994
0.867188 0.0538104
0.835938 0.0464835
0.859375 0.0388287
0.78125 0.0299434
0.796875 0.021159
0.78125 0.0125757
0.78125 0.00845507
0.71875 0.00414722
0.757812 -0.000693969
0.765625 -0.00715691
0.742188 -0.0156417
0.84375 -0.0236087
0.890625 -0.0330444
0.820312 -0.0422905
0.851562 -0.0517755
0.882812 -0.0598135
0.875 -0.0667508
0.875 -0.0716962
0.835938 -0.0773533
0.828125 -0.0806582
0.796875 -0.0818856
0.765625 -0.0829703
0.75 -0.0824542
0.765625 -0.0835599
0.78125 -0.0841179
0.820312 -0.0832377
0.828125 -0.0832834
0.867188 -0.0806526
0.84375 -0.078096
0.703125 -0.0750545
0.757812 -0.0734312
0.773438 -0.0716496
0.875 -0.0714854
0.875 -0.0713148
0.84375 -0.071936
0.890625 -0.0719712
0.859375 -0.0703432
0.875 -0.0695534
0.882812 -0.0711201
0.890625 -0.074144
0.929688 -0.0789712
0.9375 -0.0830754
0.929688 -0.085545
0.882812 -0.0896096
0.890625 -0.0918455
0.851562 -0.0912272
0.726562 -0.0908976
0.695312 -0.0907853
0.734375 -0.0920195
0.75 -0.0949631
0.671875 -0.096958
0.625 -0.0981596
0.617188 -0.0991982
0.546875 -0.0997607
0.460938 -0.102646
0.484375 -0.104668
0.507812 -0.107249
0.476562 -0.109766
0.445312 -0.113641
0.382812 -0.118169
0.429688 -0.120581
0.46875 -0.121724
0.460938 -0.126508
0.484375 -0.129907
0.539062 -0.131844
0.554688 -0.135254
0.523438 -0.137911
0.539062 -0.142518
0.484375 -0.147109
0.453125 -0.150493
0.445312 -0.154598
0.34375 -0.158638
0.367188 -0.16098
0.414062 -0.162439
0.40625 -0.164483
0.46875 -0.165369
0.375 -0.163137
0.382812 -0.159131
0.335938 -0.154876
0.320312 -0.151607
0.304688 -0.147073
0.3125 -0.141726
0.257812 -0.135559
0.296875 -0.130946
0.414062 -0.128289
0.453125 -0.128619
0.382812 -0.131232
0.265625 -0.132842
0.273438 -0.133671
0.414062 -0.132174
0.4375 -0.130118
0.53125 -0.126508
0.5625 -0.121472
0.625 -0.116272
0.515625 -0.113123
0.585938 -0.109856
0.523438 -0.107841
0.601562 -0.105425
0.625 -0.103103
0.671875 -0.100948
0.59375 -0.0979564
0.507812 -0.0941701
0.554688 -0.0920819
0.46875 -0.092414
0.453125 -0.0926497
0.515625 -0.0930712
0.554688 -0.0934293
0.570312 -0.0942085
0.601562 -0.0931918
0.546875 -0.0916989
0.625 -0.0881805
0.539062 -0.0841796
0.492188 -0.0784864
0.429688 -0.0739377
0.453125 -0.0664903
0.414062 -0.0592283
0.429688 -0.0546839
0.429688 -0.0512293
0.445312 -0.0480195
0.554688 -0.0444959
0.617188 -0.0391979
0.648438 -0.0345668
0.640625 -0.0301929
0.726562 -0.0252612
0.6875 -0.0194738
0.71875 -0.0142697
0.679688 -0.00822826
0.703125 -0.00429121
0.703125 0.000372191
0.671875 0.00476595
0.75 0.00978679
0.765625 0.0151019
0.757812 0.0210571
0.734375 0.0284046
0.734375 0.0340082
0.679688 0.039676
0.625 0.0436272
0.585938 0.0463866
0.617188 0.0485798
0.554688 0.0495462
0.554688 0.0509322
0.609375 0.0529835
0.609375 0.0565805
0.671875 0.05853
0.695312 0.0621422
0.671875 0.0653318
0.679688 0.0656953
0.695312 0.0663138
0.703125 0.0672099
0.695312 0.0704995
0.703125 0.0739886
0.726562 0.0768991
0.6875 0.0799351
0.648438 0.0823496
0.65625 0.0828079
0.703125 0.0836746
0.703125 0.0831614
0.773438 0.082937
0.835938 0.0845059
0.78125 0.0849998
0.765625 0.0840235
0.773438 0.0798704
0.75 0.0744681
0.742188 0.0707495
0.867188 0.0679358
0.890625 0.066052
0.921875 0.0653231
0.914062 0.0631876
0.898438 0.060073
0.835938 0.0570621
0.78125 0.0550218
0.765625 0.0524067
0.757812 0.0482596
0.78125 0.0492438
0.796875 0.0498766
0.773438 0.0498701
0.828125 0.0499164
0.78125 0.0499022
0.820312 0.0510166
0.835938 0.0524375
0.828125 0.05257
0.828125 0.0520929
0.890625 0.0526658
0.78125 0.0559067
0.773438 0.0616632
0.75 0.0654332
0.742188 0.0692719
0.6875 0.0735244
0.726562 0.0758669
0.789062 0.0781293
0.71875 0.0785842
0.734375 0.0770238
0.734375 0.0754429
0.726562 0.0751187
0.703125 0.0734752
0.710938 0.0722366
0.773438 0.0699906
0.664062 0.0682718
0.59375 0.0670912
0.65625 0.0633231
0.703125 0.057981
0.695312 0.0565904
0.664062 0.0546107
0.695312 0.0508787
0.632812 0.0484213
0.726562 0.0434024
0.703125 0.0401026
0.703125 0.0382993
0.820312 0.0360672
0.820312 0.034789
0.804688 0.033661
0.757812 0.0336481
0.773438 0.0348484
0.773438 0.0368426
0.757812 0.0370454
0.734375 0.0362557
0.71875 0.033235
0.78125 0.0330922
0.828125 0.0353958
0.804688 0.0372875
0.820312 0.0370519
0.835938 0.0335544
0.8125 0.0302259
0.734375 0.0294338
0.765625 0.0278373
0.679688 0.0268708
0.640625 0.0275465
0.625 0.0287414
0.609375 0.0309714
0.609375 0.0325587
0.703125 0.0353518
0.71875 0.038945
0.773438 0.0442109
0.84375 0.0489097
0.921875 0.0518937
0.90625 0.0515591
0.882812 0.0501321
0.867188 0.0492107
0.773438 0.0468539
0.820312 0.0484259
0.8125 0.0501089
0.742188 0.0500914
0.84375 0.0508992
0.867188 0.0519484
0.875 0.054129
0.882812 0.0565777
0.882812 0.0593895
0.867188 0.0620198
0.804688 0.0653591
0.835938 0.0702908
0.804688 0.0756387
0.796875 0.0823807
0.773438 0.0894054
0.710938 0.0954186
0.703125 0.100007
0.679688 0.104129
0.742188 0.109307
0.703125 0.114894
0.625 0.119304
0.59375 0.124314
0.664062 0.130193
0.671875 0.136479
0.695312 0.142066
0.757812 0.146614
0.820312 0.148763
0.773438 0.149889
0.710938 0.150513
0.640625 0.152299
0.664062 0.154533
0.609375 0.157688
0.65625 0.158039
0.523438 0.159499
0.429688 0.161628
0.382812 0.161957
0.320312 0.163103
0.34375 0.162714
0.359375 0.164198
0.335938 0.16738
0.242188 0.1681
0.179688 0.170707
0.179688 0.170903
0.25 0.171948
0.203125 0.175477
0.242188 0.178804
0.28125 0.18231
0.242188 0.186501
0.148438 0.192443
0.140625 0.197044
0.257812 0.200257
0.28125 0.204083
0.3125 0.208037
0.359375 0.214016
0.304688 0.221843
0.164062 0.228506
0.328125 0.236066
0.390625 0.244968
0.3125 0.254262
0.375 0.261139
0.304688 0.265753
0.273438 0.27029
0.171875 0.273373
0.0625 0.273324
0.109375 0.273404
0.03125 0.273069
0.0078125 0.273294
0.101562 0.271656
0.0703125 0.273016
0.0625 0.275797
0.171875 0.278747
0.125 0.283104
0.0703125 0.286634
0.132812 0.292027
0.078125 0.298543
0.109375 0.300706
0.257812 0.302769
0.257812 0.302659
0.289062 0.302195
0.398438 0.304451
0.53125 0.304412
0.460938 0.305006
0.523438 0.303491
0.601562 0.302099
0.625 0.300582
0.65625 0.300871
0.546875 0.302645
0.59375 0.30701
0.59375 0.312064
0.679688 0.312648
0.632812 0.312225
0.609375 0.311486
0.617188 0.309068
0.617188 0.309268
0.609375 0.309298
0.6875 0.309365
0.71875 0.310161
0.757812 0.310801
0.703125 0.310977
0.742188 0.313777
0.757812 0.316221
0.75 0.317974
0.75 0.31917
0.679688 0.320123
0.71875 0.322317
0.75 0.32437
0.796875 0.32424
0.789062 0.325497
0.796875 0.327461
0.804688 0.327822
0.78125 0.328719
0.78125 0.332759
0.78125 0.337588
0.84375 0.345535
0.75 0.352728
0.757812 0.358238
0.703125 0.363709
0.710938 0.365554
0.5625 0.366025
0.46875 0.368672
0.546875 0.368873
0.625 0.367947
0.65625 0.366633
0.6875 0.36586
0.679688 0.365101
0.671875 0.364707
0.703125 0.364604
0.757812 0.362672
0.726562 0.362849
0.71875 0.363328
0.71875 0.362667
0.6875 0.359659
0.648438 0.357555
0.6875 0.354354
0.679688 0.350212
0.640625 0.345844
0.65625 0.341468
0.679688 0.33469
0.710938 0.328551
0.648438 0.319223
0.617188 0.312079
0.523438 0.305538
0.570312 0.298187
0.6875 0.291432
0.757812 0.285253
0.765625 0.275975
0.773438 0.269926
0.757812 0.265164
0.820312 0.260535
0.875 0.252449
0.867188 0.242382
0.851562 0.233823
0.828125 0.225452
0.898438 0.21623
0.882812 0.20765
0.929688 0.197496
0.929688 0.189398
0.945312 0.182004
0.914062 0.17366
0.921875 0.166318
0.898438 0.160683
0.898438 0.153138
0.898438 0.143725
0.890625 0.134468
0.90625 0.124646
0.875 0.113083
0.84375 0.101414
0.820312 0.0924387
0.734375 0.0862513
0.734375 0.0788292
0.6875 0.0718709
0.632812 0.0659514
0.476562 0.0594674
0.382812 0.0526638
0.257812 0.0468224
0.234375 0.0416063
0.21875 0.0384868
0.289062 0.035153
0.234375 0.0323784
0.1875 0.0292282
0.195312 0.026008
0.179688 0.0222293
0.109375 0.01738
0.15625 0.0118339
0.046875 0.00576985
0.0625 0.00226006
0.0546875 -0.00226965
0.0390625 -0.00482558
0.179688 -0.00934247
0.242188 -0.0162008
0.15625 -0.024068
0.296875 -0.0302761
0.273438 -0.0350655
0.382812 -0.0402427
0.414062 -0.0469557
0.382812 -0.0532289
0.34375 -0.056533
0.3125 -0.060518
0.320312 -0.0652748
0.171875 -0.0718047
0.195312 -0.0781676
0.25 -0.0822124
0.273438 -0.0856494
0.21875 -0.0889599
0.21875 -0.093314
0.210938 -0.0975756
0.34375 -0.100299
0.351562 -0.103593
0.390625 -0.108417
0.515625 -0.116378
0.507812 -0.120657
0.421875 -0.124017
0.375 -0.124603
0.453125 -0.125614
0.375 -0.127743
0.328125 -0.126428
0.328125 -0.126111
0.328125 -0.125982
0.414062 -0.126717
0.335938 -0.124538
0.3125 -0.121519
0.21875 -0.119099
0.03125 -0.118025
0.0546875 -0.117998
0.0859375 -0.117499
0.179688 -0.11755
0.25 -0.116714
0.296875 -0.113245
0.28125 -0.10792
0.382812 -0.103187
0.265625 -0.102596
0.3125 -0.103004
0.34375 -0.10183
0.359375 -0.100335
0.445312 -0.099529
0.492188 -0.0978632
0.421875 -0.0948258
0.382812 -0.0920842
0.460938 -0.0917394
0.507812 -0.0906841
0.414062 -0.0859024
0.382812 -0.0817829
0.382812 -0.0803383
0.414062 -0.0803449
0.539062 -0.0811539
0.53125 -0.0799102
0.554688 -0.077507
0.523438 -0.0739746
0.59375 -0.0704207
0.578125 -0.0663751
0.539062 -0.0617224
0.648438 -0.0568822
0.609375 -0.0528759
0.601562 -0.0515469
0.65625 -0.0516548
0.703125 -0.0505819
0.78125 -0.0460556
0.695312 -0.0414403
0.71875 -0.0391777
0.695312 -0.0383955
0.664062 -0.0337977
0.570312 -0.028993
0.601562 -0.0264808
0.609375 -0.0236871
0.640625 -0.0229686
0.671875 -0.0213703
0.664062 -0.0180267
0.695312 -0.0149347
0.734375 -0.0111212
0.742188 -0.00567073
0.742188 -0.00272635
0.671875 -0.00102978
0.734375 -0.00165264
0.773438 -0.00225671
0.84375 -0.00145944
0.796875 0.00370127
0.6875 0.00884273
0.664062 0.0123905
0.679688 0.0127469
0.679688 0.0176784
0.671875 0.0185607
0.679688 0.0189222
0.710938 0.0185184
0.734375 0.0162065
0.695312 0.0114334
0.695312 0.0112976
0.773438 0.0133413
0.75 0.0151133
0.804688 0.0145504
0.84375 0.0137332
0.804688 0.0146098
0.828125 0.0139751
0.804688 0.0127584
0.828125 0.0131716
0.890625 0.0107696
0.929688 0.0118208
0.9375 0.0110675
0.804688 0.00931729
0.765625 0.00746476
0.789062 0.00131712
0.820312 -0.00342264
0.828125 -0.00917235
0.796875 -0.0142777
0.742188 -0.0172632
0.757812 -0.0200846
0.765625 -0.0215418
0.8125 -0.0247006
0.828125 -0.0229511
0.851562 -0.0234944
0.8125 -0.022792
0.875 -0.0188666
0.90625 -0.017582
0.914062 -0.0173999
0.945312 -0.0176558
0.953125 -0.0181791
0.945312 -0.0166262
0.914062 -0.0174665
0.867188 -0.0188999
0.914062 -0.0198376
0.90625 -0.0178987
0.90625 -0.0154303
0.90625 -0.0117827
0.929688 -0.0121735
0.9375 -0.0148873
0.859375 -0.0163547
0.851562 -0.0168104
0.90625 -0.0193583
0.90625 -0.0241157
0.898438 -0.0267624
0.882812 -0.0298263
0.929688 -0.0304224
0.976562 -0.0341383
0.953125 -0.038018
0.898438 -0.0442067
0.90625 -0.0514474
0.890625 -0.0584507
0.8125 -0.0655025
0.773438 -0.0741334
0.890625 -0.083936
0.882812 -0.0923754
0.90625 -0.100348
0.960938 -0.106817
0.976562 -0.112907
0.96875 -0.120697
0.898438 -0.12447
0.875 -0.130013
0.820312 -0.133153
0.84375 -0.134289
0.882812 -0.137399
0.851562 -0.136869
0.828125 -0.137578
0.882812 -0.138068
0.828125 -0.138077
0.78125 -0.137324
0.875 -0.132388
0.898438 -0.127995
0.875 -0.125288
0.820312 -0.122224
0.804688 -0.121137
0.820312 -0.11793
0.8125 -0.119337
0.875 -0.123503
0.875 -0.13053
0.914062 -0.137092
0.914062 -0.142627
0.875 -0.148
0.8125 -0.152535
0.78125 -0.154585
0.773438 -0.156985
0.828125 -0.157296
0.820312 -0.156539
0.84375 -0.159
0.90625 -0.166226
0.90625 -0.171372
0.882812 -0.173748
0.859375 -0.175952
0.90625 -0.178412
0.929688 -0.181555
0.859375 -0.183994
0.789062 -0.183802
0.773438 -0.186874
0.84375 -0.191103
0.820312 -0.196824
0.835938 -0.200607
0.84375 -0.202475
0.90625 -0.203919
0.914062 -0.205113
0.921875 -0.20801
0.898438 -0.20869
0.867188 -0.206984
0.867188 -0.209986
0.929688 -0.214348
0.898438 -0.219922
0.890625 -0.221578
0.90625 -0.223179
0.945312 -0.22363
0.921875 -0.222003
0.90625 -0.222264
0.945312 -0.223776
0.90625 -0.225393
0.820312 -0.225442
0.859375 -0.22586
0.890625 -0.225992
0.882812 -0.226477
0.851562 -0.228121
0.820312 -0.228856
0.882812 -0.2298
0.859375 -0.233798
0.867188 -0.236284
0.828125 -0.237215
0.8125 -0.237434
0.835938 -0.239217
0.765625 -0.241616
0.78125 -0.243692
0.804688 -0.245281
0.804688 -0.246721
0.835938 -0.243758
0.867188 -0.239835
0.867188 -0.234851
0.875 -0.231703
0.875 -0.224357
0.882812 -0.219916
0.898438 -0.219816
0.851562 -0.219222
0.875 -0.221029
0.867188 -0.222837
0.796875 -0.225171
0.765625 -0.225297
0.835938 -0.224176
0.84375 -0.222796
0.875 -0.219148
0.804688 -0.217972
0.835938 -0.216531
0.78125 -0.21693
0.796875 -0.219514
0.84375 -0.222357
0.789062 -0.224649
0.820312 -0.224079
0.804688 -0.223773
0.8125 -0.22222
0.734375 -0.219705
0.640625 -0.220321
0.5625 -0.219442
0.585938 -0.216555
0.648438 -0.211695
0.632812 -0.206549
0.5 -0.202762
0.507812 -0.200743
0.570312 -0.197609
0.5625 -0.19715
0.679688 -0.195759
0.679688 -0.196057
0.734375 -0.196725
0.773438 -0.194956
0.765625 -0.195057
0.726562 -0.193461
0.648438 -0.194028
0.71875 -0.189026
0.773438 -0.180726
0.78125 -0.173364
0.804688 -0.165558
0.875 -0.159627
0.859375 -0.15402
0.875 -0.149751
0.859375 -0.146195
0.867188 -0.141401
0.875 -0.142762
0.90625 -0.143853
0.875 -0.145606
0.914062 -0.143164
0.867188 -0.138797
0.820312 -0.131975
0.914062 -0.126634
0.84375 -0.120979
0.8125 -0.115736
0.75 -0.112379
0.6875 -0.111734
0.75 -0.107001
0.679688 -0.101874
0.757812 -0.0961805
0.765625 -0.0920346
0.789062 -0.0865256
0.789062 -0.0833241
0.726562 -0.0807093
0.625 -0.0790211
0.609375 -0.0758682
0.648438 -0.0699016
0.734375 -0.0628189
0.757812 -0.0558088
0.8125 -0.0511465
0.773438 -0.0465149
0.804688 -0.0443846
0.796875 -0.0378803
0.765625 -0.0307991
0.851562 -0.0248384
0.851562 -0.0196016
0.851562 -0.0139445
0.890625 -0.0108606
0.8125 -0.0064394
0.789062 -0.00389132
0.828125 0.000365446
0.742188 0.00436223
0.765625 0.00692061
0.804688 0.00878546
0.84375 0.00897135
0.882812 0.00919345
0.867188 0.0123183
0.875 0.012917
0.875 0.0123341
0.867188 0.0108243
0.921875 0.0095256
0.929688 0.0131959
0.90625 0.0177037
0.914062 0.0215206
0.90625 0.0258129
0.921875 0.0292926
0.882812 0.0330892
0.867188 0.0351987
0.867188 0.0376523
0.8125 0.0394699
0.789062 0.0410836
0.851562 0.0407534
0.90625 0.0410716
0.929688 0.0421969
0.90625 0.0434778
0.914062 0.0438904
0.890625 0.0442538
0.867188 0.0467211
0.921875 0.0480192
0.859375 0.0508722
0.914062 0.0522552
0.9375 0.0564807
0.898438 0.0608703
0.890625 0.0665724
0.851562 0.07123
0.875 0.0755354
0.882812 0.0775084
0.90625 0.0780651
0.867188 0.0771265
0.898438 0.0755271
0.84375 0.0693093
0.882812 0.068029
0.875 0.0673375
0.914062 0.0651148
0.859375 0.059971
0.84375 0.0580632
0.875 0.0584946
0.90625 0.0605591
0.914062 0.0609387
0.867188 0.0625008
0.828125 0.0643698
0.898438 0.0638405
0.945312 0.0634489
0.929688 0.0588355
0.84375 0.051979
0.84375 0.0498079
0.890625 0.0471872
0.84375 0.0451016
0.90625 0.0427517
0.875 0.0432481
0.851562 0.0452692
0.78125 0.0450361
0.804688 0.0441551
0.828125 0.0436914
0.882812 0.0420023
0.914062 0.0412169
0.953125 0.0389957
0.929688 0.040372
0.84375 0.0432429
0.890625 0.0463123
0.835938 0.0444147
0.859375 0.0440387
0.90625 0.040452
0.90625 0.0337665
0.929688 0.0264357
0.929688 0.0188032
0.898438 0.0126344
0.90625 0.00696974
0.84375 0.0011847
0.804688 -0.00731378
0.796875 -0.0148708
0.796875 -0.0238271
0.796875 -0.0313314
0.789062 -0.0403366
0.789062 -0.0484576
0.835938 -0.0549643
0.828125 -0.0585159
0.851562 -0.063103
0.835938 -0.0663668
0.828125 -0.0715332
0.828125 -0.0800666
0.820312 -0.0869488
0.75 -0.0922559
0.789062 -0.101563
0.898438 -0.113171
0.898438 -0.125053
0.898438 -0.132944
0.914062 -0.142191
0.890625 -0.146141
0.882812 -0.147322
0.882812 -0.148916
0.929688 -0.148267
0.90625 -0.145399
0.898438 -0.144128
0.882812 -0.144682
0.859375 -0.145204
0.828125 -0.146728
0.796875 -0.149679
0.726562 -0.151203
0.6875 -0.149141
0.734375 -0.146227
0.820312 -0.144741
0.796875 -0.144446
0.84375 -0.150035
0.789062 -0.153926
0.820312 -0.155244
0.8125 -0.156311
0.765625 -0.158667
0.773438 -0.160541
0.796875 -0.160204
0.8125 -0.157684
0.84375 -0.151482
0.796875 -0.145994
0.726562 -0.142106
0.75 -0.137318
0.585938 -0.133221
0.617188 -0.132795
0.664062 -0.130595
0.601562 -0.127728
0.5625 -0.125206
0.554688 -0.12545
0.609375 -0.125853
0.6875 -0.126962
0.679688 -0.12772
0.65625 -0.12794
0.546875 -0.127613
0.570312 -0.128758
0.515625 -0.131317
0.453125 -0.132439
0.421875 -0.134607
0.375 -0.135702
0.414062 -0.138245
0.445312 -0.144474
0.453125 -0.149775
0.453125 -0.155773
0.445312 -0.160697
0.4375 -0.166203
0.546875 -0.168647
0.523438 -0.169854
0.476562 -0.169126
0.507812 -0.164647
0.507812 -0.161489
0.53125 -0.155212
0.5625 -0.153335
0.554688 -0.149643
0.617188 -0.145762
0.625 -0.137302
0.515625 -0.130874
0.515625 -0.125566
0.609375 -0.123064
0.65625 -0.124682
0.695312 -0.125989
0.765625 -0.12855
0.75 -0.132592
0.8125 -0.13289
0.789062 -0.133689
0.820312 -0.135469
0.851562 -0.139211
0.84375 -0.141514
0.90625 -0.141307
0.898438 -0.140686
0.890625 -0.141306
0.875 -0.139679
0.921875 -0.137505
0.796875 -0.133312
0.789062 -0.131372
0.796875 -0.124478
0.828125 -0.119138
0.875 -0.113448
0.78125 -0.109549
0.742188 -0.107135
0.742188 -0.0999757
0.78125 -0.0926617
0.8125 -0.0863922
0.859375 -0.076396
0.820312 -0.0668894
0.828125 -0.0585964
0.851562 -0.0536039
0.828125 -0.049002
0.820312 -0.0423523
0.75 -0.0357272
0.804688 -0.0318221
0.8125 -0.0276512
0.804688 -0.0232728
0.796875 -0.0206548
0.726562 -0.0191254
0.726562 -0.0156022
0.632812 -0.0108325
0.632812 -0.00839479
0.679688 -0.00533384
0.8125 -0.00369397
0.828125 0.000132138
0.773438 0.00309197
0.804688 0.00504434
0.796875 0.00321825
0.835938 0.000785595
0.757812 -0.00326407
0.796875 -0.0107141
0.796875 -0.0158241
0.796875 -0.0129917
0.734375 -0.0070618
0.789062 -0.00322511
0.867188 0.000261499
0.859375 0.00406396
0.851562 0.00245362
0.84375 -0.00105481
0.882812 -0.000564492
0.828125 -0.000381109
0.71875 -0.00171017
0.742188 -0.00307933
0.84375 -0.00319771
0.828125 -0.00515695
0.742188 -0.00282976
0.734375 0.000168722
0.78125 0.0052958
0.757812 0.0147434
0.71875 0.021214
0.671875 0.0301217
0.757812 0.0361666
0.710938 0.0421361
0.726562 0.0476722
0.742188 0.0516641
0.703125 0.0543787
0.671875 0.0552983
0.6875 0.0525125
0.703125 0.0489728
0.726562 0.0480867
0.703125 0.047232
0.679688 0.050273
0.726562 0.0483141
0.679688 0.0446514
0.59375 0.0439857
0.617188 0.0405134
0.65625 0.0400751
0.726562 0.0387738
0.6875 0.0341969
0.703125 0.028554
0.742188 0.0213568
0.757812 0.0152364
0.726562 0.00544947
0.773438 -0.00185095
0.757812 -0.00902953
0.6875 -0.0131676
0.648438 -0.0192461
0.65625 -0.0285922
0.609375 -0.0382496
0.625 -0.0451758
0.601562 -0.0517514
0.546875 -0.0551066
0.695312 -0.0588732
0.757812 -0.0610174
0.820312 -0.0613595
0.703125 -0.0547519
0.734375 -0.0474408
0.726562 -0.0403748
0.664062 -0.0331583
0.710938 -0.0239918
0.757812 -0.0181798
0.796875 -0.0176404
0.835938 -0.0185933
0.835938 -0.0184053
0.820312 -0.0205936
0.84375 -0.0203987
0.84375 -0.0194988
0.828125 -0.0186856
0.875 -0.0214688
0.828125 -0.0220254
0.859375 -0.0207533
0.820312 -0.0155338
0.8125 -0.00877981
0.78125 0.00152322
0.71875 0.00766505
0.757812 0.0108103
0.796875 0.0126204
0.875 0.0169066
0.78125 0.017885
0.78125 0.0187303
0.820312 0.0185408
0.835938 0.0143646
0.8125 0.00754869
0.734375 3.80784e-05
0.726562 -0.00675881
0.742188 -0.0093077
0.726562 -0.0151138
0.796875 -0.0218755
0.796875 -0.0286293
0.78125 -0.0330269
0.804688 -0.0356516
0.789062 -0.0398727
0.820312 -0.0445911
0.8125 -0.0486859
0.804688 -0.0489728
0.796875 -0.0522286
0.84375 -0.0583042
0.875 -0.0681849
0.882812 -0.0776606
0.796875 -0.0877016
0.820312 -0.0939431
0.804688 -0.101287
0.890625 -0.10704
0.84375 -0.109986
0.890625 -0.110046
0.890625 -0.110599
0.914062 -0.112698
0.921875 -0.111957
0.875 -0.110828
0.867188 -0.108491
0.804688 -0.108289
0.796875 -0.111233
0.875 -0.111885
0.78125 -0.108864
0.695312 -0.109683
0.804688 -0.110908
0.828125 -0.110777
0.875 -0.115005
0.90625 -0.121186
0.898438 -0.126521
0.929688 -0.130886
0.914062 -0.13335
0.929688 -0.13515
0.835938 -0.133317
0.867188 -0.12562
0.882812 -0.119475
0.898438 -0.118457
0.898438 -0.115264
0.828125 -0.117738
0.703125 -0.115452
0.710938 -0.11211
0.71875 -0.10866
0.75 -0.104184
0.789062 -0.100445
0.804688 -0.0952065
0.765625 -0.0914756
0.773438 -0.0872165
0.773438 -0.0865965
0.835938 -0.0884108
0.84375 -0.0896707
0.703125 -0.0871316
0.710938 -0.086481
0.695312 -0.089788
0.695312 -0.0933092
0.703125 -0.0965847
0.59375 -0.0963649
0.640625 -0.0932769
0.65625 -0.0895076
0.617188 -0.0876761
0.585938 -0.090867
0.570312 -0.0946475
0.625 -0.0987025
0.601562 -0.109087
0.609375 -0.121472
0.609375 -0.134687
0.554688 -0.146094
0.476562 -0.15946
0.445312 -0.165618
0.4375 -0.164807
0.5 -0.161523
0.476562 -0.162037
0.398438 -0.161933
0.382812 -0.162557
0.320312 -0.161981
0.3125 -0.160541
0.382812 -0.159465
0.484375 -0.158686
0.5625 -0.154698
0.515625 -0.152827
0.546875 -0.147905
0.5 -0.138726
0.617188 -0.133968
0.59375 -0.127793
0.578125 -0.12473
0.585938 -0.120095
0.609375 -0.113842
0.648438 -0.111034
0.640625 -0.11298
0.695312 -0.11466
0.828125 -0.119962
0.789062 -0.122786
0.828125 -0.125606
0.765625 -0.121502
0.703125 -0.119638
0.625 -0.117164
0.648438 -0.119856
0.695312 -0.11996
0.734375 -0.119684
0.820312 -0.120811
0.8125 -0.122945
0.828125 -0.125343
0.835938 -0.12768
0.851562 -0.128871
0.796875 -0.12913
0.835938 -0.128285
0.835938 -0.130801
0.75 -0.135315
0.773438 -0.138684
0.796875 -0.135048
0.820312 -0.131385
0.84375 -0.128321
0.875 -0.129071
0.898438 -0.134121
0.820312 -0.142895
0.773438 -0.150994
0.8125 -0.160608
0.828125 -0.171863
0.84375 -0.179575
0.773438 -0.18764
0.710938 -0.19687
0.65625 -0.203283
0.703125 -0.205658
0.679688 -0.207903
0.734375 -0.21068
0.695312 -0.210813
0.640625 -0.20827
0.726562 -0.210939
0.71875 -0.21337
0.742188 -0.21616
0.671875 -0.213886
0.664062 -0.212292
0.71875 -0.210131
0.742188 -0.207765
0.820312 -0.199917
0.78125 -0.19023
0.757812 -0.183916
0.757812 -0.174606
0.742188 -0.167148
0.765625 -0.164012
0.796875 -0.162552
0.703125 -0.163738
0.679688 -0.161503
0.695312 -0.15851
0.765625 -0.151545
0.789062 -0.148462
0.828125 -0.141713
0.726562 -0.138692
0.75 -0.132813
0.679688 -0.125878
0.710938 -0.121068
0.75 -0.116226
0.703125 -0.112048
0.65625 -0.107015
0.671875 -0.101612
0.585938 -0.0963066
0.648438 -0.0975345
0.71875 -0.0993869
0.664062 -0.0989826
0.601562 -0.101568
0.546875 -0.103323
0.453125 -0.105146
0.429688 -0.106115
0.5 -0.107085
0.539062 -0.115251
0.59375 -0.119554
0.539062 -0.119899
0.523438 -0.117172
0.554688 -0.112652
0.59375 -0.103522
0.5 -0.0969423
0.460938 -0.0883015
0.507812 -0.0822248
0.632812 -0.0788901
0.570312 -0.0768078
0.554688 -0.0794222
0.632812 -0.0789512
0.6875 -0.0783906
0.65625 -0.0749228
0.695312 -0.0690572
0.765625 -0.0670416
0.726562 -0.0711438
0.742188 -0.0831551
0.75 -0.0902599
0.828125 -0.0956152
0.867188 -0.0969932
0.84375 -0.0988971
0.84375 -0.103726
0.804688 -0.107322
0.828125 -0.11417
0.820312 -0.121297
0.710938 -0.132973
0.671875 -0.148471
0.742188 -0.16517
0.742188 -0.179087
0.726562 -0.194621
0.773438 -0.204506
0.78125 -0.212384
0.710938 -0.219005
0.804688 -0.227921
0.710938 -0.237701
0.679688 -0.245506
0.648438 -0.250018
0.703125 -0.257178
0.773438 -0.259506
0.734375 -0.262485
0.757812 -0.262469
0.765625 -0.261107
0.773438 -0.258341
0.757812 -0.253291
0.726562 -0.246138
0.695312 -0.244358
0.710938 -0.241835
0.664062 -0.243785
0.703125 -0.245857
0.679688 -0.248492
0.578125 -0.252332
0.609375 -0.255872
0.703125 -0.258985
0.773438 -0.263935
0.765625 -0.268992
0.742188 -0.276547
0.65625 -0.279216
0.585938 -0.283806
0.59375 -0.291336
0.664062 -0.299337
0.59375 -0.304963
0.601562 -0.314105
0.585938 -0.318224
0.679688 -0.320054
0.703125 -0.323961
0.796875 -0.326977
0.726562 -0.327755
0.710938 -0.329226
0.796875 -0.326934
0.765625 -0.325387
0.757812 -0.322668
0.859375 -0.316656
0.835938 -0.312414
0.8125 -0.308189
0.75 -0.301341
0.765625 -0.297497
0.78125 -0.292002
0.851562 -0.286144
0.890625 -0.278663
0.835938 -0.279646
0.828125 -0.281056
0.796875 -0.281334
0.789062 -0.286278
0.71875 -0.292392
0.765625 -0.299102
0.710938 -0.305975
0.664062 -0.314434
0.726562 -0.323129
0.679688 -0.334428
0.648438 -0.348964
0.648438 -0.360526
0.640625 -0.364876
0.617188 -0.367225
0.578125 -0.366201
0.578125 -0.363997
0.578125 -0.360179
0.585938 -0.357123
0.484375 -0.356663
0.5 -0.357663
0.617188 -0.357526
0.53125 -0.356218
0.570312 -0.352499
0.640625 -0.347186
0.609375 -0.339553
0.65625 -0.332111
0.726562 -0.321103
0.765625 -0.309187
0.710938 -0.306655
0.6875 -0.302928
0.617188 -0.298767
0.570312 -0.289454
0.460938 -0.281943
0.539062 -0.278123
0.71875 -0.277074
0.625 -0.281151
0.703125 -0.288018
0.726562 -0.298927
0.75 -0.307123
0.84375 -0.311228
0.8125 -0.311032
0.765625 -0.317955
0.8125 -0.319833
0.828125 -0.317747
0.8125 -0.320012
0.75 -0.32264
0.71875 -0.326745
0.742188 -0.331257
0.820312 -0.335367
0.929688 -0.342203
0.890625 -0.353553
0.898438 -0.359061
0.867188 -0.360138
0.828125 -0.362238
0.914062 -0.367929
0.773438 -0.37109
0.75 -0.373935
0.75 -0.375267
0.84375 -0.37778
0.84375 -0.37702
0.789062 -0.374167
0.835938 -0.366475
0.921875 -0.360707
0.921875 -0.359946
0.9375 -0.368089
0.929688 -0.379334
0.90625 -0.389256
0.914062 -0.395703
0.921875 -0.404203
0.867188 -0.410466
0.804688 -0.418974
0.851562 -0.427753
0.789062 -0.440548
0.773438 -0.452163
0.765625 -0.471381
0.773438 -0.484386
0.71875 -0.496442
0.773438 -0.509818
0.773438 -0.519938
0.75 -0.528858
0.734375 -0.536811
0.789062 -0.550291
0.796875 -0.560561
0.84375 -0.568214
0.828125 -0.573421
0.898438 -0.574148
0.890625 -0.573794
0.914062 -0.571108
0.90625 -0.572337
0.890625 -0.572903
0.882812 -0.574922
0.851562 -0.574929
0.8125 -0.568125
0.875 -0.557813
0.890625 -0.553909
0.859375 -0.548291
0.882812 -0.54445
0.851562 -0.537932
0.882812 -0.531898
0.875 -0.532465
0.929688 -0.530662
0.914062 -0.529688
0.945312 -0.529823
0.929688 -0.532035
0.914062 -0.537015
0.9375 -0.542399
0.90625 -0.553685
0.921875 -0.570015
0.914062 -0.592471
0.945312 -0.614512
0.890625 -0.639908
0.90625 -0.667806
0.914062 -0.685911
0.835938 -0.701201
0.859375 -0.711463
0.820312 -0.719746
0.789062 -0.726251
0.859375 -0.731312
0.859375 -0.74289
0.820312 -0.753802
0.867188 -0.767327
0.851562 -0.778684
0.835938 -0.782193
0.859375 -0.785212
0.851562 -0.785211
0.867188 -0.782173
0.851562 -0.774956
0.828125 -0.773313
0.734375 -0.7669
0.6875 -0.756907
0.75 -0.748548
0.734375 -0.739077
0.726562 -0.735982
0.671875 -0.732522
0.78125 -0.73344
0.742188 -0.738311
0.804688 -0.744927
0.859375 -0.753866
0.898438 -0.763745
0.929688 -0.77465
0.867188 -0.790474
0.929688 -0.808744
0.929688 -0.820563
0.921875 -0.830234
0.953125 -0.830758
0.914062 -0.834622
0.929688 -0.83653
0.851562 -0.840995
0.820312 -0.842726
0.765625 -0.847015
0.773438 -0.856447
0.671875 -0.861281
0.710938 -0.864636
0.679688 -0.864376
0.6875 -0.859961
0.773438 -0.85395
0.851562 -0.851945
0.804688 -0.852325
0.8125 -0.857716
0.828125 -0.862649
0.875 -0.869851
0.84375 -0.879375
0.820312 -0.885299
0.78125 -0.889847
0.757812 -0.892943
0.726562 -0.889238
0.773438 -0.884057
0.796875 -0.886321
0.789062 -0.895113
0.75 -0.901705
0.734375 -0.901645
0.804688 -0.89405
0.75 -0.890702
0.8125 -0.885123
0.859375 -0.887203
0.78125 -0.894165
0.773438 -0.901157
0.78125 -0.912228
0.796875 -0.923256
0.859375 -0.936254
0.90625 -0.942491
0.914062 -0.953158
0.867188 -0.963094
0.898438 -0.968907
0.835938 -0.974467
0.796875 -0.974951
0.8125 -0.983868
0.828125 -0.994644
0.90625 -1.00164
0.828125 -1.00956
0.875 -1.01231
0.890625 -1.01659
0.820312 -1.02496
0.75 -1.02519
0.703125 -1.022
0.75 -1.02332
0.804688 -1.02448
0.835938 -1.0166
0.773438 -1.00688
0.804688 -1.00332
0.867188 -0.995828
0.851562 -0.996874
0.890625 -0.999005
0.914062 -1.00089
0.96875 -1.00312
0.960938 -1.00098
0.929688 -0.995225
0.976562 -0.996178
0.992188 -0.995842
0.976562 -0.998925
0.9375 -1.00075
0.90625 -0.999529
0.921875 -1.00067
0.90625 -0.996374
0.890625 -0.993765
0.890625 -0.99724
0.867188 -1.00445
0.867188 -1.00944
0.789062 -1.01927
0.757812 -1.02649
0.8125 -1.03117
0.867188 -1.0371
0.867188 -1.03306
0.835938 -1.02528
0.820312 -1.0144
0.820312 -1.00268
0.789062 -0.989732
0.742188 -0.980258
0.835938 -0.978488
0.867188 -0.978005
0.84375 -0.972523
0.835938 -0.962908
0.851562 -0.958233
0.84375 -0.947318
0.789062 -0.929775
0.820312 -0.909373
0.859375 -0.891291
0.835938 -0.872896
0.851562 -0.857898
0.890625 -0.831683
0.859375 -0.805747
0.859375 -0.785304
0.835938 -0.762892
0.757812 -0.736512
0.796875 -0.704544
0.75 -0.671422
0.773438 -0.636538
0.820312 -0.603198
0.75 -0.570524
0.78125 -0.539827
0.8125 -0.504416
0.78125 -0.463192
0.820312 -0.421916
0.78125 -0.377903
0.859375 -0.335194
0.820312 -0.299583
0.8125 -0.258217
0.71875 -0.212576
0.804688 -0.164346
0.890625 -0.118103
0.882812 -0.0717786
0.835938 -0.0288649
0.804688 0.0161154
0.742188 0.0641182
0.789062 0.113569
0.859375 0.162194
0.804688 0.211739
0.835938 0.258463
0.859375 0.301177
0.851562 0.33954
0.8125 0.38122
0.773438 0.425862
0.742188 0.472065
0.8125 0.513814
0.835938 0.554436
0.867188 0.592036
0.914062 0.62766
0.914062 0.657043
0.882812 0.685998
0.921875 0.718607
0.882812 0.759081
0.914062 0.798638
0.898438 0.834564
0.90625 0.866401
0.84375 0.905758
0.828125 0.942029
0.8125 0.976001
0.835938 0.998208
0.84375 1.02238
0.820312 1.04709
0.765625 1.06954
0.664062 1.09227
0.632812 1.11494
0.59375 1.14307
0.554688 1.17017
0.523438 1.18831
0.632812 1.21437
0.648438 1.23879
0.6875 1.26254
0.765625 1.27817
0.75 1.29087
0.84375 1.29761
0.804688 1.29792
0.796875 1.3029
0.867188 1.30839
0.882812 1.31608
0.890625 1.32525
0.859375 1.33472
0.890625 1.34162
0.851562 1.34226
0.859375 1.34558
0.84375 1.35334
0.773438 1.3643
0.890625 1.38433
0.867188 1.39796
0.9375 1.41247
0.90625 1.41588
0.804688 1.42443
0.804688 1.43636
0.789062 1.44856
0.828125 1.46493
0.765625 1.48765
0.75 1.51844
0.726562 1.54673
0.710938 1.58153
0.710938 1.6118
0.648438 1.64235
0.6875 1.66719
0.679688 1.68507
0.75 1.70845
0.726562 1.72887
0.679688 1.74896
0.765625 1.76749
0.789062 1.78435
0.851562 1.80289
0.820312 1.81985
0.8125 1.822
0.789062 1.81694
0.90625 1.81819
0.867188 1.80702
0.898438 1.7953
0.851562 1.77246
0.84375 1.74652
0.867188 1.7233
0.890625 1.70208
0.90625 1.67525
0.882812 1.64896
0.90625 1.62327
0.929688 1.59433
0.890625 1.56202
0.820312 1.52881
0.78125 1.49127
0.765625 1.45474
0.664062 1.41437
0.664062 1.37622
0.679688 1.34078
0.664062 1.3073
0.664062 1.27894
0.710938 1.25565
0.703125 1.23428
0.625 1.2015
0.625 1.17292
0.59375 1.13742
0.570312 1.09865
0.546875 1.06336
0.664062 1.02997
0.75 0.998957
0.8125 0.951181
0.78125 0.899578
0.8125 0.839244
0.804688 0.772739
0.8125 0.703886
0.835938 0.635648
0.804688 0.571111
0.84375 0.5012
0.84375 0.448392
0.84375 0.383705
0.75 0.325781
0.75 0.267967
0.765625 0.20871
0.828125 0.149365
0.820312 0.0930649
0.835938 0.0273192
0.84375 -0.0253691
0.796875 -0.0688298
0.78125 -0.105753
0.757812 -0.13709
0.820312 -0.163979
0.828125 -0.192977
0.828125 -0.211163
0.8125 -0.239031
0.78125 -0.259357
0.789062 -0.275772
0.796875 -0.291842
0.726562 -0.293067
0.726562 -0.29472
0.789062 -0.298975
0.734375 -0.306689
0.742188 -0.3017
0.640625 -0.296546
0.71875 -0.290906
0.640625 -0.272028
0.515625 -0.245047
0.40625 -0.210961
0.367188 -0.181515
0.265625 -0.151074
0.328125 -0.122803
0.3125 -0.111997
0.367188 -0.0980614
0.289062 -0.0828617
0.304688 -0.068407
0.257812 -0.0514497
0.25 -0.0267497
0.25 -0.00113792
0.1875 0.0341676
0.125 0.0656286
0.179688 0.0903335
0.109375 0.106092
0.101562 0.120764
0.0234375 0.129853
0.0390625 0.143417
0.0078125 0.15906
0.046875 0.180154
0.015625 0.192791
0.0234375 0.201428
0.0078125 0.202934
0.0234375 0.195424
0.0078125 0.179641
0.0625 0.170829
0.015625 0.174425
0.046875 0.189641
0.0078125 0.206888
0.0703125 0.222308
0.0859375 0.229461
0.0859375 0.238779
0.03125 0.243186
0.0546875 0.234779
0.046875 0.226337
0.078125 0.211432
0.0390625 0.193295
0.0390625 0.16031
0.09375 0.123351
0.195312 0.0776256
0.234375 0.0380804
0.203125 0.00903454
0.164062 -0.00319112
0.140625 -0.0122748
0.1875 -0.0248353
0.140625 -0.0420052
0.117188 -0.0413449
0.0625 -0.0672824
0.0234375 -0.0762805
0 -0.0988936
0.101562 -0.117854
0.132812 -0.122184
0.0234375 -0.118054
0.046875 -0.132905
0.164062 -0.142786
0.140625 -0.143095
0.132812 -0.163884
0.203125 -0.18286
0.28125 -0.187804
0.265625 -0.19625
0.335938 -0.189053
0.320312 -0.180664
0.40625 -0.166624
0.5 -0.140844
0.484375 -0.136619
0.570312 -0.117801
0.460938 -0.0926139
0.421875 -0.0660323
0.429688 -0.0222077
0.390625 0.0108591
0.382812 0.0229025
0.367188 0.0296971
0.273438 0.0264756
0.234375 0.00400679
0.195312 0.00229055
0.265625 -0.0187973
0.328125 -0.0145122
0.40625 -0.000576198
0.296875 -0.00382005
0.320312 -0.0268109
0.28125 -0.0647734
0.171875 -0.0778902
0.148438 -0.0765314
0.125 -0.0543789
0.203125 -0.0584844
0.234375 -0.0383837
0.15625 -0.0149649
0.0546875 -0.00811602
0.0234375 0.0022126
0.0078125 0.00735761
0.0234375 -0.00992834
0.0390625 0.00177292
0 0
