0.46875 1
0.421875 0.962456
0.429688 0.929419
0.484375 0.898572
0.484375 0.871654
0.382812 0.846459
0.546875 0.821696
0.507812 0.796634
0.398438 0.773539
0.421875 0.750644
0.429688 0.729002
0.398438 0.708427
0.328125 0.686969
0.25 0.665372
0.257812 0.644626
0.21875 0.623124
0.179688 0.600857
0.046875 0.577849
0.0078125 0.554885
0.0703125 0.532465
0.164062 0.510458
0.28125 0.489338
0.304688 0.470079
0.375 0.451188
0.367188 0.434437
0.359375 0.419347
0.359375 0.404914
0.421875 0.389734
0.390625 0.37357
0.359375 0.359263
0.351562 0.345751
0.28125 0.331692
0.289062 0.319399
0.304688 0.306397
0.367188 0.295328
0.3125 0.286557
0.351562 0.277977
0.367188 0.26988
0.429688 0.261392
0.4375 0.252915
0.4375 0.245113
0.539062 0.239169
0.429688 0.233297
0.492188 0.227889
0.554688 0.22208
0.570312 0.215927
0.554688 0.210008
0.601562 0.204761
0.53125 0.200487
0.546875 0.194267
0.523438 0.18721
0.585938 0.182628
0.585938 0.179358
0.554688 0.175767
0.546875 0.171641
0.585938 0.16669
0.539062 0.162786
0.445312 0.157856
0.5625 0.151655
0.664062 0.145354
0.625 0.139116
0.726562 0.134249
0.71875 0.128167
0.726562 0.122459
0.664062 0.114952
0.6875 0.107689
0.75 0.102308
0.6875 0.0963299
0.648438 0.0909088
0.632812 0.083485
0.695312 0.07547
0.617188 0.0688196
0.6875 0.0634465
0.75 0.0593558
0.773438 0.056229
0.773438 0.0526755
0.828125 0.0490319
0.8125 0.0453198
0.828125 0.0410254
0.820312 0.0376246
0.8125 0.0328113
0.820312 0.0267298
0.789062 0.0213828
0.710938 0.0129643
0.703125 0.00617412
0.734375 -0.00103312
0.765625 -0.00587859
0.84375 -0.00802571
0.90625 -0.00855606
0.953125 -0.00933666
0.921875 -0.010579
0.90625 -0.0110314
0.867188 -0.0113682
0.835938 -0.0106196
0.757812 -0.0121573
0.710938 -0.0128737
0.8125 -0.0138466
0.773438 -0.0144627
0.703125 -0.0152875
0.703125 -0.0158509
0.679688 -0.0178683
0.734375 -0.0189962
0.765625 -0.0208692
0.773438 -0.0234534
0.828125 -0.025154
0.8125 -0.0268534
0.773438 -0.0292808
0.757812 -0.0323773
0.734375 -0.036333
0.734375 -0.0411605
0.640625 -0.0472408
0.601562 -0.0519275
0.554688 -0.05601
0.507812 -0.0585769
0.601562 -0.0600597
0.632812 -0.0641051
0.625 -0.068334
0.59375 -0.0703731
0.492188 -0.0717019
0.539062 -0.0733386
0.578125 -0.0746543
0.546875 -0.0765483
0.492188 -0.0782787
0.46875 -0.0796392
0.460938 -0.0805081
0.492188 -0.0827132
0.507812 -0.0841001
0.484375 -0.0842596
0.554688 -0.0844093
0.640625 -0.0833294
0.578125 -0.0820476
0.601562 -0.0810713
0.546875 -0.0796484
0.554688 -0.0779197
0.492188 -0.074326
0.492188 -0.0704529
0.5625 -0.0681226
0.53125 -0.0643828
0.59375 -0.0613428
0.554688 -0.0595105
0.703125 -0.057596
0.734375 -0.0545475
0.6875 -0.0505983
0.632812 -0.0469879
0.71875 -0.0426395
0.679688 -0.0390274
0.773438 -0.034439
0.757812 -0.0294924
0.710938 -0.0231226
0.71875 -0.0150734
0.757812 -0.00420002
0.8125 0.00530696
0.789062 0.0128344
0.742188 0.0184757
0.734375 0.0255871
0.726562 0.0303762
0.765625 0.0339216
0.78125 0.0382937
0.726562 0.0424008
0.71875 0.0475834
0.671875 0.0507149
0.726562 0.0545084
0.640625 0.058715
0.578125 0.0623323
0.570312 0.0658099
0.648438 0.0683829
0.625 0.0706992
0.578125 0.074571
0.601562 0.0768964
0.648438 0.0794462
0.679688 0.0829013
0.671875 0.0837008
0.648438 0.0849008
0.65625 0.0881231
0.617188 0.0900968
0.578125 0.0931387
0.492188 0.09539
0.53125 0.0976151
0.59375 0.10029
0.609375 0.102541
0.585938 0.103581
0.625 0.105521
0.640625 0.105825
0.648438 0.108545
0.554688 0.109132
0.609375 0.108596
0.6875 0.108211
0.6875 0.106381
0.632812 0.103536
0.6875 0.0997606
0.648438 0.0964025
0.625 0.0935669
0.6875 0.0897013
0.773438 0.0849269
0.859375 0.0817899
0.804688 0.0798899
0.890625 0.0774996
0.875 0.0751887
0.898438 0.0715282
0.859375 0.0659655
0.851562 0.0619859
0.859375 0.0578388
0.773438 0.054675
0.773438 0.0514398
0.765625 0.0475493
0.734375 0.0449001
0.796875 0.0439756
0.78125 0.043554
0.664062 0.0440224
0.703125 0.0454081
0.710938 0.0486737
0.757812 0.0515513
0.765625 0.055294
0.78125 0.0584851
0.726562 0.0609044
0.75 0.0643925
0.78125 0.068232
0.796875 0.0717136
0.78125 0.074575
0.789062 0.0775536
0.742188 0.0801162
0.632812 0.0830344
0.585938 0.0845336
0.609375 0.0855204
0.671875 0.0850438
0.703125 0.0873179
0.75 0.0923029
0.78125 0.097386
0.78125 0.101572
0.703125 0.106112
0.703125 0.109843
0.664062 0.112263
0.671875 0.115224
0.734375 0.116821
0.742188 0.117958
0.765625 0.119082
0.75 0.119604
0.75 0.118993
0.828125 0.118036
0.84375 0.118655
0.867188 0.118509
0.921875 0.118772
0.851562 0.118146
0.875 0.117334
0.921875 0.115732
0.859375 0.11331
0.835938 0.110557
0.75 0.107238
0.765625 0.104083
0.75 0.101084
0.765625 0.0986554
0.710938 0.0962688
0.734375 0.0937054
0.726562 0.0906759
0.835938 0.0885153
0.898438 0.0864422
0.898438 0.0842556
0.835938 0.0837646
0.875 0.0819961
0.742188 0.0802325
0.726562 0.0767006
0.757812 0.0732463
0.734375 0.0702606
0.703125 0.0672061
0.664062 0.0655954
0.648438 0.063947
0.5625 0.0616014
0.585938 0.0591134
0.554688 0.0571468
0.5625 0.0565238
0.539062 0.0550281
0.5625 0.0519021
0.570312 0.0476706
0.609375 0.0439508
0.585938 0.0417281
0.726562 0.0377337
0.742188 0.0347331
0.789062 0.0303181
0.585938 0.0271265
0.648438 0.0238625
0.570312 0.0196282
0.625 0.0156208
0.59375 0.01075
0.4375 0.00704628
0.515625 0.00401467
0.648438 -0.000171354
0.632812 -0.00434647
0.75 -0.00624844
0.734375 -0.0067489
0.75 -0.00794278
0.796875 -0.00945218
0.84375 -0.0119708
0.90625 -0.015363
0.898438 -0.0193388
0.84375 -0.0234227
0.890625 -0.0281492
0.835938 -0.0314306
0.796875 -0.0323585
0.867188 -0.0324722
0.875 -0.0332345
0.890625 -0.0345853
0.890625 -0.0351988
0.875 -0.0354689
0.875 -0.0354737
0.859375 -0.035081
0.875 -0.035625
0.890625 -0.0355509
0.882812 -0.0360735
0.898438 -0.0361847
0.882812 -0.0357926
0.875 -0.0364521
0.890625 -0.0379116
0.875 -0.0385949
0.859375 -0.0400813
0.773438 -0.0395213
0.757812 -0.0384437
0.742188 -0.0381734
0.71875 -0.0390045
0.609375 -0.038275
0.648438 -0.039003
0.710938 -0.0401417
0.78125 -0.0398453
0.796875 -0.0390144
0.84375 -0.0401757
0.875 -0.0431516
0.828125 -0.0457453
0.828125 -0.0478819
0.835938 -0.0476698
0.875 -0.0470423
0.921875 -0.0456869
0.851562 -0.0443186
0.867188 -0.0440352
0.898438 -0.044089
0.914062 -0.0444146
0.859375 -0.0448119
0.804688 -0.0455107
0.851562 -0.0452297
0.851562 -0.0456185
0.851562 -0.0471077
0.851562 -0.0497572
0.875 -0.0516143
0.804688 -0.0525166
0.8125 -0.0531721
0.820312 -0.0557246
0.796875 -0.0566632
0.820312 -0.0576905
0.773438 -0.0586494
0.820312 -0.059459
0.84375 -0.0608268
0.8125 -0.0643738
0.898438 -0.0666982
0.921875 -0.069081
0.914062 -0.0711485
0.859375 -0.0736784
0.882812 -0.0771872
0.78125 -0.0809822
0.804688 -0.0843554
0.84375 -0.0855971
0.898438 -0.0877124
0.882812 -0.0886998
0.882812 -0.0884592
0.898438 -0.0883573
0.875 -0.0892285
0.882812 -0.0891582
0.90625 -0.0888389
0.90625 -0.0874993
0.882812 -0.0855271
0.851562 -0.0842201
0.84375 -0.0841162
0.828125 -0.0842776
0.882812 -0.0825109
0.867188 -0.0807137
0.796875 -0.0809738
0.828125 -0.0808326
0.835938 -0.0816133
0.867188 -0.0835189
0.890625 -0.084537
0.890625 -0.0851825
0.882812 -0.0848315
0.835938 -0.0840072
0.84375 -0.0820749
0.867188 -0.0798521
0.828125 -0.0779067
0.882812 -0.0746779
0.859375 -0.070366
0.796875 -0.0667266
0.773438 -0.0635359
0.757812 -0.0613889
0.773438 -0.059779
0.75 -0.057205
0.75 -0.0549
0.820312 -0.0507806
0.757812 -0.046675
0.835938 -0.0440128
0.828125 -0.0407855
0.898438 -0.0360422
0.921875 -0.0316296
0.867188 -0.0264699
0.84375 -0.0213741
0.796875 -0.0169995
0.742188 -0.0124236
0.632812 -0.00850054
0.523438 -0.004257
0.546875 0.000820752
0.679688 0.00540815
0.632812 0.00866021
0.710938 0.0111519
0.773438 0.0140222
0.882812 0.0171457
0.929688 0.0199752
0.960938 0.0227787
0.984375 0.0247136
0.898438 0.0258868
0.859375 0.0266155
0.867188 0.0272572
0.820312 0.0281798
0.8125 0.0295132
0.734375 0.0295343
0.6875 0.0276508
0.804688 0.0257842
0.851562 0.0250756
0.796875 0.0240368
0.796875 0.0239708
0.75 0.0239581
0.835938 0.0236883
0.851562 0.0227315
0.78125 0.0221803
0.8125 0.0225619
0.828125 0.0242089
0.757812 0.0249648
0.765625 0.0218961
0.765625 0.0188778
0.84375 0.0167227
0.8125 0.0161412
0.835938 0.0159953
0.789062 0.015682
0.851562 0.0148294
0.851562 0.014463
0.875 0.0148835
0.882812 0.0153829
0.859375 0.0152827
0.84375 0.0135969
0.90625 0.013723
0.851562 0.014149
0.898438 0.0141052
0.828125 0.013787
0.820312 0.0116859
0.84375 0.00791001
0.804688 0.00551094
0.789062 0.0045449
0.789062 0.00280461
0.78125 4.52099e-05
0.757812 -0.00224906
0.65625 -0.00349197
0.671875 -0.00338357
0.609375 -0.00368279
0.617188 -0.00416765
0.515625 -0.00361489
0.570312 -0.00364864
0.5 -0.00214951
0.585938 0.000499169
0.570312 0.00127985
0.625 0.0014648
0.710938 0.00164247
0.695312 0.00194087
0.757812 0.0030938
0.679688 0.0039064
0.671875 0.00478555
0.679688 0.00353051
0.773438 0.00246657
0.773438 3.82986e-05
0.765625 -0.000404421
0.742188 -0.000584288
0.710938 -0.00294326
0.640625 -0.0069152
0.671875 -0.0113507
0.804688 -0.0144262
0.742188 -0.0171205
0.765625 -0.0203937
0.703125 -0.0226022
0.601562 -0.0234855
0.59375 -0.0255933
0.625 -0.025237
0.59375 -0.0251531
0.609375 -0.0243492
0.695312 -0.0236383
0.757812 -0.0227504
0.710938 -0.0220222
0.609375 -0.0229819
0.585938 -0.0262734
0.585938 -0.0280567
0.625 -0.0307116
0.65625 -0.0321441
0.65625 -0.0338057
0.835938 -0.0351341
0.859375 -0.0363051
0.882812 -0.0366876
0.8125 -0.0341534
0.875 -0.0326517
0.835938 -0.0331373
0.859375 -0.034463
0.804688 -0.0340545
0.890625 -0.0345208
0.90625 -0.0353277
0.914062 -0.0366452
0.867188 -0.0376539
0.890625 -0.0399038
0.914062 -0.0423301
0.953125 -0.043774
0.914062 -0.0457315
0.914062 -0.0497871
0.921875 -0.0528403
0.929688 -0.0559631
0.914062 -0.0587543
0.90625 -0.0611495
0.875 -0.0628009
0.898438 -0.0648517
0.859375 -0.0637218
0.953125 -0.0647162
0.882812 -0.0656512
0.867188 -0.0665126
0.898438 -0.0675508
0.867188 -0.0687485
0.796875 -0.0699173
0.820312 -0.0718507
0.820312 -0.072896
0.835938 -0.0748742
0.820312 -0.0752397
0.789062 -0.0738071
0.71875 -0.0737664
0.648438 -0.0740758
0.625 -0.0756704
0.5625 -0.0770199
0.625 -0.0754158
0.664062 -0.074706
0.625 -0.0728838
0.445312 -0.0717879
0.453125 -0.0718662
0.578125 -0.0714021
0.601562 -0.0696556
0.59375 -0.0680643
0.5625 -0.0663708
0.640625 -0.0622491
0.6875 -0.0587536
0.710938 -0.0552496
0.703125 -0.0543412
0.6875 -0.0529539
0.617188 -0.0523988
0.65625 -0.05008
0.757812 -0.0458243
0.679688 -0.0445958
0.585938 -0.0434596
0.671875 -0.0428477
0.671875 -0.0426952
0.671875 -0.0417547
0.625 -0.0410364
0.710938 -0.0413846
0.617188 -0.038547
0.789062 -0.0360454
0.6875 -0.0341479
0.726562 -0.0325859
0.8125 -0.0296578
0.796875 -0.0270061
0.695312 -0.0232345
0.742188 -0.0197328
0.789062 -0.0168678
0.859375 -0.012163
0.851562 -0.00839274
0.804688 -0.00337903
0.828125 0.00148719
0.875 0.00531305
0.851562 0.00910337
0.84375 0.011537
0.789062 0.0135144
0.882812 0.0164297
0.835938 0.0204784
0.875 0.0236725
0.84375 0.026512
0.851562 0.0296765
0.8125 0.0328825
0.851562 0.0345926
0.84375 0.0360783
0.804688 0.0369025
0.835938 0.0376515
0.867188 0.0371265
0.804688 0.0376222
0.859375 0.0389539
0.828125 0.0411143
0.804688 0.0414157
0.835938 0.040103
0.851562 0.0406186
0.882812 0.0401064
0.9375 0.0399213
0.945312 0.0395535
0.898438 0.0383438
0.921875 0.0352444
0.890625 0.0335707
0.90625 0.0319081
0.90625 0.0299657
0.835938 0.0263829
0.804688 0.0225935
0.875 0.0184549
0.851562 0.0130138
0.84375 0.00797657
0.859375 0.00324342
0.835938 -0.000930211
0.796875 -0.00614614
0.8125 -0.00996063
0.734375 -0.0155526
0.734375 -0.0211527
0.773438 -0.0262763
0.710938 -0.0310642
0.632812 -0.0358465
0.671875 -0.0409249
0.773438 -0.0458276
0.765625 -0.0513798
0.828125 -0.0558108
0.8125 -0.058345
0.78125 -0.0599527
0.726562 -0.0610796
0.757812 -0.0629477
0.734375 -0.0629041
0.75 -0.0608523
0.734375 -0.0591682
0.679688 -0.0578249
0.6875 -0.0562302
0.679688 -0.0541329
0.710938 -0.0516469
0.75 -0.0507893
0.757812 -0.0498995
0.8125 -0.0480483
0.742188 -0.0454478
0.765625 -0.0454342
0.859375 -0.0453379
0.851562 -0.0436843
0.851562 -0.0424181
0.84375 -0.0405374
0.859375 -0.0390006
0.859375 -0.0380812
0.84375 -0.0370047
0.851562 -0.0354699
0.835938 -0.0322261
0.828125 -0.0288042
0.820312 -0.0272895
0.757812 -0.0261251
0.851562 -0.0268571
0.765625 -0.0270147
0.664062 -0.0255092
0.703125 -0.0243708
0.71875 -0.0242853
0.710938 -0.0250084
0.679688 -0.026089
0.695312 -0.0280983
0.695312 -0.0313053
0.640625 -0.0332863
0.703125 -0.0335921
0.742188 -0.0323962
0.78125 -0.0313188
0.78125 -0.0317727
0.695312 -0.0324255
0.664062 -0.0342786
0.6875 -0.0382257
0.664062 -0.0424507
0.726562 -0.0459912
0.757812 -0.0504286
0.695312 -0.053597
0.789062 -0.057318
0.789062 -0.0608072
0.773438 -0.0623912
0.765625 -0.063253
0.789062 -0.0645966
0.820312 -0.0645559
0.804688 -0.0658603
0.820312 -0.0685331
0.765625 -0.0694138
0.742188 -0.0702033
0.671875 -0.070942
0.671875 -0.071539
0.617188 -0.071523
0.65625 -0.0715356
0.710938 -0.0724174
0.742188 -0.0744202
0.664062 -0.0725483
0.6875 -0.0708051
0.765625 -0.0682254
0.71875 -0.0653655
0.632812 -0.0629605
0.578125 -0.0604836
0.539062 -0.0597378
0.515625 -0.0591118
0.515625 -0.0593581
0.398438 -0.0607885
0.445312 -0.0616354
0.554688 -0.0627605
0.515625 -0.0640011
0.546875 -0.063464
0.609375 -0.0642521
0.585938 -0.0642035
0.578125 -0.0638952
0.710938 -0.064089
0.679688 -0.0631501
0.726562 -0.0612046
0.765625 -0.0611684
0.679688 -0.0600062
0.765625 -0.0613129
0.710938 -0.0620946
0.640625 -0.0637758
0.78125 -0.0652017
0.742188 -0.0681766
0.703125 -0.0711014
0.695312 -0.0741491
0.632812 -0.0786899
0.585938 -0.082441
0.617188 -0.0868504
0.640625 -0.0892609
0.671875 -0.0913459
0.640625 -0.0919019
0.640625 -0.0930346
0.679688 -0.0952836
0.664062 -0.0973616
0.617188 -0.099917
0.625 -0.101443
0.695312 -0.10249
0.6875 -0.103429
0.695312 -0.102801
0.71875 -0.100769
0.664062 -0.0989494
0.679688 -0.0958495
0.664062 -0.092835
0.570312 -0.0893953
0.578125 -0.0849907
0.59375 -0.0802708
0.585938 -0.075848
0.5625 -0.0695656
0.59375 -0.0642387
0.578125 -0.0576907
0.609375 -0.0508979
0.6875 -0.0433732
0.679688 -0.0362013
0.742188 -0.030558
0.734375 -0.0261024
0.78125 -0.0214758
0.84375 -0.0171333
0.78125 -0.0127783
0.851562 -0.00565567
0.8125 -9.63112e-05
0.882812 0.00606877
0.835938 0.0117247
0.882812 0.0179682
0.875 0.0239128
0.882812 0.0294064
0.804688 0.0360581
0.757812 0.0408334
0.78125 0.0441772
0.765625 0.0464106
0.820312 0.050741
0.835938 0.0566259
0.84375 0.0603787
0.828125 0.0636914
0.828125 0.0640692
0.742188 0.0648689
0.84375 0.0665527
0.828125 0.0690965
0.84375 0.0726054
0.859375 0.0779526
0.867188 0.0825
0.789062 0.0868134
0.835938 0.0905322
0.851562 0.0926096
0.875 0.0933049
0.859375 0.0932137
0.867188 0.0956485
0.851562 0.0964938
0.796875 0.0986139
0.78125 0.0987893
0.671875 0.100152
0.640625 0.102549
0.5625 0.106074
0.609375 0.107831
0.703125 0.10911
0.773438 0.109447
0.734375 0.108821
0.632812 0.111013
0.515625 0.111988
0.476562 0.11434
0.414062 0.116306
0.367188 0.116361
0.304688 0.117345
0.367188 0.119861
0.171875 0.123481
0.164062 0.126398
0.203125 0.128405
0.203125 0.130599
0.171875 0.131363
0.210938 0.132537
0.164062 0.13309
0.28125 0.13368
0.1875 0.134298
0.1875 0.134064
0.195312 0.134489
0.289062 0.135318
0.28125 0.137686
0.3125 0.140887
0.257812 0.143032
0.25 0.146523
0.265625 0.149428
0.289062 0.153165
0.351562 0.157367
0.351562 0.161115
0.328125 0.16619
0.335938 0.167089
0.3125 0.169226
0.304688 0.170179
0.289062 0.170369
0.304688 0.1689
0.257812 0.167513
0.414062 0.164473
0.390625 0.160631
0.5625 0.155424
0.46875 0.151521
0.429688 0.147107
0.375 0.141929
0.304688 0.13507
0.242188 0.128752
0.265625 0.124661
0.226562 0.121539
0.289062 0.119792
0.179688 0.117163
0.195312 0.113264
0.0703125 0.108542
0.0859375 0.105253
0.125 0.100356
0.125 0.095603
0.195312 0.0909191
0.171875 0.0856763
0.132812 0.0777973
0.171875 0.0701225
0.273438 0.0624964
0.289062 0.0550909
0.296875 0.0494856
0.132812 0.0440392
0.09375 0.0393812
0.078125 0.0323287
0.234375 0.0270494
0.203125 0.0231219
0.304688 0.0193254
0.289062 0.0155158
0.226562 0.00875868
0.28125 0.00213443
0.320312 -0.00561666
0.328125 -0.0143167
0.289062 -0.0205499
0.296875 -0.0268051
0.40625 -0.0313695
0.382812 -0.0353904
0.429688 -0.037435
0.4375 -0.0396441
0.453125 -0.04216
0.429688 -0.0433421
0.414062 -0.0434321
0.421875 -0.0436653
0.359375 -0.044627
0.421875 -0.0461281
0.367188 -0.045937
0.484375 -0.0467277
0.421875 -0.0466921
0.328125 -0.0457964
0.453125 -0.0451921
0.421875 -0.0445667
0.390625 -0.0423086
0.445312 -0.0410074
0.429688 -0.0405861
0.453125 -0.0413762
0.492188 -0.0425727
0.4375 -0.0451644
0.632812 -0.0476405
0.609375 -0.0490799
0.6875 -0.0523148
0.75 -0.0556059
0.765625 -0.0593379
0.796875 -0.062323
0.820312 -0.0648827
0.882812 -0.0675825
0.890625 -0.0702977
0.8125 -0.0719621
0.882812 -0.0717877
0.890625 -0.0734123
0.859375 -0.0743612
0.921875 -0.0743556
0.875 -0.0742059
0.820312 -0.0756566
0.804688 -0.0775029
0.851562 -0.079426
0.773438 -0.0811447
0.773438 -0.0820453
0.757812 -0.08129
0.835938 -0.0806365
0.851562 -0.0803267
0.835938 -0.0808843
0.859375 -0.0818283
0.875 -0.0787782
0.84375 -0.0743692
0.734375 -0.0696083
0.632812 -0.0661486
0.703125 -0.0633352
0.640625 -0.0603264
0.726562 -0.0573415
0.757812 -0.0552152
0.8125 -0.0524695
0.84375 -0.0494953
0.914062 -0.0472228
0.914062 -0.0453713
0.960938 -0.0413389
0.90625 -0.0393934
0.929688 -0.0365451
0.914062 -0.034027
0.835938 -0.0304985
0.78125 -0.0265589
0.6875 -0.0227946
0.6875 -0.0207504
0.640625 -0.0173659
0.6875 -0.0158723
0.710938 -0.0148226
0.875 -0.0143234
0.835938 -0.0159317
0.789062 -0.0165219
0.835938 -0.0155788
0.71875 -0.0147427
0.695312 -0.0149029
0.695312 -0.0156158
0.6875 -0.0167841
0.65625 -0.0183054
0.640625 -0.0191676
0.679688 -0.020898
0.648438 -0.0204981
0.671875 -0.021725
0.726562 -0.0235673
0.742188 -0.0258701
0.625 -0.0290231
0.546875 -0.031715
0.601562 -0.0354764
0.625 -0.0393103
0.679688 -0.0443522
0.578125 -0.0493878
0.625 -0.054494
0.65625 -0.0592498
0.625 -0.0635167
0.695312 -0.0679648
0.703125 -0.0739987
0.695312 -0.0800408
0.828125 -0.086842
0.890625 -0.0921496
0.890625 -0.0958287
0.8125 -0.0984513
0.835938 -0.10245
0.84375 -0.106124
0.8125 -0.108227
0.8125 -0.107989
0.84375 -0.108818
0.851562 -0.109159
0.773438 -0.109661
0.78125 -0.110487
0.828125 -0.109975
0.835938 -0.108706
0.84375 -0.105285
0.90625 -0.103306
0.859375 -0.101283
0.828125 -0.0990636
0.820312 -0.0960091
0.796875 -0.0924906
0.796875 -0.0884739
0.742188 -0.0840339
0.789062 -0.0819243
0.664062 -0.0794948
0.640625 -0.0762985
0.625 -0.0729308
0.578125 -0.0696826
0.59375 -0.0645628
0.632812 -0.0595338
0.515625 -0.0548365
0.59375 -0.0504632
0.695312 -0.0468362
0.664062 -0.0435992
0.695312 -0.0382496
0.671875 -0.0337113
0.710938 -0.028812
0.71875 -0.0243628
0.820312 -0.0217961
0.875 -0.0209299
0.84375 -0.0207546
0.828125 -0.0209174
0.875 -0.0203456
0.835938 -0.0183334
0.859375 -0.0167082
0.84375 -0.0155905
0.820312 -0.0150358
0.773438 -0.0147155
0.703125 -0.0134818
0.757812 -0.0124118
0.796875 -0.0112505
0.796875 -0.0107514
0.757812 -0.0129021
0.695312 -0.0164134
0.601562 -0.0182011
0.679688 -0.0198983
0.6875 -0.021663
0.625 -0.0234067
0.703125 -0.0237822
0.6875 -0.023973
0.65625 -0.024296
0.507812 -0.0263806
0.640625 -0.0309768
0.640625 -0.0377122
0.671875 -0.0447143
0.765625 -0.0502583
0.789062 -0.0538157
0.8125 -0.0566761
0.75 -0.0603669
0.632812 -0.06491
0.578125 -0.0702722
0.492188 -0.0733602
0.484375 -0.07703
0.507812 -0.0796131
0.539062 -0.0823651
0.445312 -0.086546
0.421875 -0.0879849
0.304688 -0.0898712
0.195312 -0.0930803
0.148438 -0.0970862
0.335938 -0.101364
0.304688 -0.10448
0.28125 -0.106475
0.203125 -0.108238
0.210938 -0.108834
0.265625 -0.107503
0.210938 -0.106256
0.15625 -0.104802
0.304688 -0.103792
0.335938 -0.103735
0.328125 -0.10194
0.289062 -0.102867
0.265625 -0.102157
0.351562 -0.101324
0.390625 -0.100671
0.4375 -0.0991719
0.421875 -0.0984349
0.421875 -0.095845
0.492188 -0.0934089
0.507812 -0.0920609
0.515625 -0.0916953
0.484375 -0.0900223
0.515625 -0.0872473
0.515625 -0.0838781
0.429688 -0.0798279
0.351562 -0.0777351
0.429688 -0.0750072
0.523438 -0.0723929
0.4375 -0.0699744
0.421875 -0.0681743
0.492188 -0.0667544
0.515625 -0.0644055
0.640625 -0.0624761
0.554688 -0.0603673
0.554688 -0.0587148
0.664062 -0.058552
0.664062 -0.0597398
0.71875 -0.0582577
0.820312 -0.0562608
0.765625 -0.0551584
0.789062 -0.0559313
0.78125 -0.05547
0.796875 -0.0541855
0.804688 -0.0525863
0.773438 -0.0520465
0.851562 -0.0537581
0.890625 -0.057199
0.78125 -0.0592176
0.765625 -0.0621737
0.851562 -0.0641871
0.890625 -0.0644682
0.875 -0.0644234
0.796875 -0.0641258
0.796875 -0.0650491
0.890625 -0.0666963
0.90625 -0.0681764
0.914062 -0.0672149
0.875 -0.0656004
0.8125 -0.063466
0.796875 -0.0613272
0.773438 -0.0608453
0.742188 -0.0604664
0.796875 -0.0621555
0.734375 -0.0639476
0.796875 -0.0688562
0.773438 -0.0742188
0.78125 -0.0781425
0.804688 -0.0810956
0.835938 -0.0842659
0.851562 -0.0847099
0.710938 -0.085359
0.828125 -0.0863015
0.78125 -0.0868284
0.828125 -0.0867183
0.796875 -0.0866781
0.804688 -0.0853737
0.648438 -0.0854466
0.671875 -0.0867075
0.734375 -0.0886437
0.78125 -0.0891408
0.828125 -0.0911435
0.78125 -0.0942929
0.804688 -0.0967481
0.859375 -0.0995129
0.890625 -0.100203
0.890625 -0.099086
0.953125 -0.0961879
0.90625 -0.0949627
0.875 -0.0930874
0.929688 -0.0892626
0.851562 -0.0883123
0.773438 -0.0883839
0.757812 -0.0882278
0.804688 -0.0886529
0.8125 -0.090513
0.789062 -0.0907095
0.8125 -0.0927633
0.742188 -0.0954915
0.71875 -0.0987432
0.742188 -0.102014
0.78125 -0.1026
0.78125 -0.103208
0.6875 -0.102289
0.679688 -0.104038
0.703125 -0.105282
0.695312 -0.105293
0.757812 -0.104591
0.710938 -0.103885
0.695312 -0.103017
0.75 -0.104016
0.804688 -0.103797
0.796875 -0.103502
0.765625 -0.105089
0.828125 -0.104478
0.859375 -0.104652
0.773438 -0.103225
0.804688 -0.102827
0.859375 -0.103018
0.851562 -0.102404
0.757812 -0.102899
0.773438 -0.101975
0.75 -0.101411
0.820312 -0.101462
0.796875 -0.101309
0.875 -0.100025
0.859375 -0.0980754
0.78125 -0.0945509
0.703125 -0.0930235
0.71875 -0.0931209
0.859375 -0.0937534
0.851562 -0.0927919
0.914062 -0.0916865
0.859375 -0.0913287
0.851562 -0.0892166
0.835938 -0.0879396
0.789062 -0.0845451
0.859375 -0.0827084
0.84375 -0.0811944
0.867188 -0.0793801
0.867188 -0.0773725
0.84375 -0.0762079
0.875 -0.0737882
0.898438 -0.0722724
0.890625 -0.0705386
0.90625 -0.0698729
0.796875 -0.0673366
0.765625 -0.065497
0.820312 -0.0630399
0.8125 -0.0603755
0.75 -0.0602613
0.726562 -0.059973
0.664062 -0.059457
0.671875 -0.0597638
0.734375 -0.0607527
0.75 -0.0625165
0.75 -0.0626736
0.710938 -0.0600118
0.734375 -0.0571328
0.789062 -0.0548577
0.84375 -0.0535406
0.75 -0.0539567
0.84375 -0.0529869
0.84375 -0.0514088
0.835938 -0.0494856
0.875 -0.0474411
0.742188 -0.0462542
0.773438 -0.0457203
0.820312 -0.0450812
0.796875 -0.0443662
0.84375 -0.0447295
0.875 -0.0454389
0.867188 -0.0463661
0.789062 -0.0463236
0.8125 -0.0481159
0.851562 -0.0500304
0.90625 -0.0534758
0.84375 -0.0557584
0.820312 -0.0575218
0.8125 -0.0595711
0.765625 -0.0622315
0.828125 -0.0655658
0.78125 -0.0656258
0.828125 -0.0657717
0.859375 -0.0652135
0.84375 -0.0644845
0.8125 -0.0649599
0.796875 -0.0653773
0.796875 -0.0647983
0.789062 -0.0635851
0.757812 -0.0611563
0.78125 -0.057911
0.789062 -0.0544408
0.851562 -0.050782
0.820312 -0.0472854
0.882812 -0.0448365
0.929688 -0.0448064
0.890625 -0.0451806
0.976562 -0.0449515
0.921875 -0.0445128
0.875 -0.0426889
0.859375 -0.0401045
0.757812 -0.0374456
0.703125 -0.0356598
0.726562 -0.033067
0.773438 -0.0302574
0.773438 -0.0282607
0.757812 -0.0247664
0.726562 -0.0199902
0.726562 -0.0167136
0.703125 -0.0124814
0.703125 -0.0103656
0.695312 -0.00995208
0.765625 -0.0108296
0.8125 -0.0135955
0.859375 -0.0160198
0.882812 -0.0171987
0.898438 -0.0197957
0.851562 -0.0225413
0.820312 -0.0257451
0.804688 -0.0272051
0.78125 -0.0285996
0.75 -0.0305276
0.796875 -0.0335714
0.875 -0.0386481
0.875 -0.041323
0.867188 -0.0441857
0.867188 -0.0463384
0.898438 -0.0500814
0.867188 -0.0555782
0.828125 -0.0624357
0.835938 -0.0693055
0.84375 -0.0784448
0.859375 -0.0861814
0.914062 -0.0939784
0.859375 -0.101067
0.875 -0.106666
0.867188 -0.110277
0.859375 -0.11542
0.867188 -0.119424
0.890625 -0.122909
0.8125 -0.12356
0.742188 -0.12575
0.71875 -0.127904
0.8125 -0.130628
0.804688 -0.131603
0.71875 -0.131456
0.75 -0.131647
0.8125 -0.129901
0.796875 -0.129456
0.835938 -0.131243
0.757812 -0.132104
0.898438 -0.134251
0.851562 -0.136129
0.828125 -0.137786
0.789062 -0.139073
0.820312 -0.140297
0.796875 -0.141751
0.84375 -0.143537
0.757812 -0.14422
0.773438 -0.144466
0.703125 -0.143991
0.640625 -0.145094
0.695312 -0.146017
0.664062 -0.147378
0.710938 -0.147995
0.671875 -0.148308
0.726562 -0.148284
0.703125 -0.148491
0.703125 -0.148768
0.65625 -0.147834
0.640625 -0.144849
0.664062 -0.144025
0.625 -0.142085
0.632812 -0.141806
0.648438 -0.142844
0.78125 -0.144295
0.851562 -0.144536
0.835938 -0.144849
0.8125 -0.144764
0.84375 -0.144231
0.867188 -0.142472
0.851562 -0.141101
0.8125 -0.142488
0.835938 -0.142667
0.875 -0.141408
0.898438 -0.137832
0.914062 -0.135059
0.882812 -0.132942
0.867188 -0.12992
0.820312 -0.127824
0.726562 -0.126647
0.75 -0.127648
0.773438 -0.129786
0.765625 -0.132854
0.773438 -0.136372
0.78125 -0.137766
0.804688 -0.138226
0.796875 -0.138304
0.804688 -0.137584
0.820312 -0.138331
0.78125 -0.137434
0.726562 -0.135649
0.710938 -0.132835
0.671875 -0.129688
0.671875 -0.128603
0.664062 -0.126768
0.726562 -0.126529
0.734375 -0.126761
0.71875 -0.125713
0.75 -0.125388
0.65625 -0.124723
0.617188 -0.125317
0.65625 -0.12533
0.617188 -0.126105
0.601562 -0.125667
0.617188 -0.125801
0.765625 -0.126008
0.78125 -0.124709
0.851562 -0.122755
0.828125 -0.123565
0.859375 -0.124716
0.898438 -0.125079
0.882812 -0.125391
0.820312 -0.124918
0.835938 -0.124344
0.890625 -0.123134
0.820312 -0.121855
0.804688 -0.119801
0.867188 -0.117732
0.882812 -0.117632
0.835938 -0.117964
0.84375 -0.116245
0.851562 -0.113963
0.804688 -0.112644
0.820312 -0.112043
0.765625 -0.111821
0.789062 -0.111204
0.828125 -0.11078
0.898438 -0.111703
0.890625 -0.111518
0.835938 -0.111677
0.851562 -0.110257
0.820312 -0.108887
0.695312 -0.105615
0.726562 -0.100644
0.71875 -0.0946146
0.789062 -0.0872446
0.734375 -0.0812255
0.734375 -0.0767553
0.648438 -0.0711075
0.757812 -0.0675547
0.773438 -0.0620828
0.796875 -0.0558614
0.875 -0.0517075
0.90625 -0.0482492
0.890625 -0.0461802
0.882812 -0.0417957
0.851562 -0.0373291
0.851562 -0.0318481
0.773438 -0.0282505
0.734375 -0.0253922
0.71875 -0.0237412
0.679688 -0.0220277
0.59375 -0.0178736
0.585938 -0.0128724
0.617188 -0.00719994
0.570312 -0.0016059
0.53125 0.00251535
0.5625 0.00491644
0.523438 0.0082718
0.578125 0.0119918
0.539062 0.0162121
0.5625 0.0189611
0.585938 0.0221666
0.59375 0.0255291
0.648438 0.028392
0.71875 0.0302553
0.757812 0.0327198
0.695312 0.0387821
0.75 0.0447411
0.796875 0.0493427
0.84375 0.0511521
0.828125 0.0516575
0.78125 0.0519984
0.71875 0.0528105
0.804688 0.0534394
0.820312 0.0513264
0.875 0.0486381
0.898438 0.0454026
0.9375 0.0425936
0.882812 0.0410221
0.757812 0.03881
0.804688 0.0350198
0.859375 0.0299417
0.851562 0.0262684
0.867188 0.0245344
0.890625 0.0203307
0.867188 0.0161371
0.859375 0.010084
0.859375 0.00427923
0.898438 -0.00192524
0.867188 -0.00799155
0.867188 -0.0116051
0.890625 -0.0160679
0.78125 -0.0181851
0.835938 -0.0196221
0.882812 -0.0226829
0.773438 -0.025247
0.8125 -0.0287648
0.757812 -0.0326403
0.710938 -0.0369246
0.75 -0.0407212
0.796875 -0.0470968
0.8125 -0.0520842
0.804688 -0.0588884
0.8125 -0.0657257
0.773438 -0.0736036
0.695312 -0.0807893
0.804688 -0.0903792
0.882812 -0.0994843
0.882812 -0.107294
0.921875 -0.115166
0.890625 -0.119434
0.890625 -0.124278
0.921875 -0.126543
0.890625 -0.129165
0.882812 -0.131691
0.875 -0.133413
0.804688 -0.138281
0.851562 -0.143543
0.890625 -0.149208
0.851562 -0.153092
0.875 -0.156552
0.867188 -0.15954
0.898438 -0.162144
0.898438 -0.164979
0.867188 -0.16557
0.898438 -0.1675
0.882812 -0.168464
0.929688 -0.168506
0.90625 -0.168852
0.90625 -0.168683
0.921875 -0.16756
0.929688 -0.165713
0.851562 -0.165488
0.851562 -0.164529
0.890625 -0.163694
0.820312 -0.161685
0.820312 -0.160524
0.890625 -0.160154
0.828125 -0.159427
0.875 -0.157328
0.835938 -0.156122
0.773438 -0.153527
0.820312 -0.150893
0.835938 -0.146759
0.859375 -0.143643
0.90625 -0.139629
0.84375 -0.135804
0.804688 -0.132174
0.804688 -0.128145
0.789062 -0.124707
0.765625 -0.120942
0.804688 -0.117013
0.773438 -0.113762
0.773438 -0.109533
0.796875 -0.103922
0.8125 -0.100093
0.84375 -0.0971213
0.804688 -0.0956743
0.828125 -0.0917257
0.867188 -0.0872658
0.882812 -0.0851618
0.84375 -0.083275
0.898438 -0.0822541
0.9375 -0.0813969
0.921875 -0.081585
0.914062 -0.0818651
0.9375 -0.0836286
0.945312 -0.0848484
0.9375 -0.086117
0.867188 -0.086712
0.859375 -0.0893909
0.835938 -0.090549
0.875 -0.0920083
0.835938 -0.094521
0.90625 -0.0958895
0.890625 -0.0967284
0.882812 -0.098094
0.875 -0.101002
0.835938 -0.102774
0.828125 -0.104211
0.804688 -0.105441
0.835938 -0.107477
0.882812 -0.109243
0.820312 -0.110781
0.828125 -0.113597
0.851562 -0.116648
0.890625 -0.118348
0.859375 -0.119374
0.835938 -0.118793
0.835938 -0.119526
0.742188 -0.119139
0.828125 -0.118778
0.828125 -0.116881
0.835938 -0.114909
0.890625 -0.112399
0.835938 -0.111421
0.851562 -0.110333
0.84375 -0.10871
0.726562 -0.106329
0.765625 -0.105083
0.726562 -0.10335
0.679688 -0.101644
0.734375 -0.0986322
0.804688 -0.0924463
0.851562 -0.0879291
0.921875 -0.0839615
0.804688 -0.0787265
0.75 -0.0723614
0.75 -0.0668089
0.75 -0.0616785
0.71875 -0.0549129
0.695312 -0.0492636
0.734375 -0.0419914
0.710938 -0.0361173
0.726562 -0.0299184
0.65625 -0.0239386
0.671875 -0.0186187
0.617188 -0.0115968
0.625 -0.0043943
0.65625 0.00333077
0.609375 0.0115467
0.625 0.0197358
0.570312 0.0269651
0.648438 0.0337238
0.6875 0.0404388
0.648438 0.0454553
0.570312 0.0504061
0.601562 0.0566191
0.570312 0.0636794
0.492188 0.0696242
0.539062 0.0761161
0.5 0.0810432
0.5625 0.0855849
0.679688 0.0907374
0.671875 0.0957867
0.664062 0.0996468
0.570312 0.104806
0.585938 0.111289
0.5 0.115454
0.578125 0.119442
0.640625 0.122069
0.625 0.123794
0.601562 0.128784
0.609375 0.133351
0.648438 0.137186
0.6875 0.141666
0.71875 0.146063
0.65625 0.151224
0.617188 0.154659
0.609375 0.158211
0.609375 0.164142
0.617188 0.16984
0.570312 0.1746
0.59375 0.177588
0.617188 0.179123
0.59375 0.18189
0.59375 0.185659
0.601562 0.188162
0.640625 0.189755
0.679688 0.192344
0.625 0.195875
0.648438 0.201059
0.585938 0.20641
0.492188 0.210773
0.40625 0.214316
0.40625 0.214994
0.375 0.215287
0.390625 0.215448
0.382812 0.215607
0.335938 0.214754
0.265625 0.211662
0.289062 0.207094
0.328125 0.204042
0.398438 0.200055
0.398438 0.195404
0.445312 0.191096
0.367188 0.185414
0.304688 0.17986
0.335938 0.173517
0.3125 0.165862
0.242188 0.161629
0.171875 0.157903
0.117188 0.154328
0.09375 0.150957
0.1875 0.146388
0.1875 0.141756
0.21875 0.135698
0.148438 0.129206
0.109375 0.122727
0.15625 0.118803
0.234375 0.114341
0.226562 0.108051
0.25 0.101414
0.289062 0.0968998
0.242188 0.0956496
0.242188 0.0960817
0.382812 0.0981808
0.34375 0.0983389
0.390625 0.0981432
0.335938 0.0979482
0.484375 0.0977664
0.5625 0.096298
0.5625 0.0958456
0.546875 0.0954835
0.53125 0.0950078
0.515625 0.0949644
0.632812 0.094936
0.6875 0.0946259
0.78125 0.0957438
0.796875 0.0979271
0.78125 0.100194
0.882812 0.103112
0.882812 0.105715
0.820312 0.108004
0.820312 0.108075
0.78125 0.106773
0.859375 0.105028
0.84375 0.104247
0.796875 0.101978
0.742188 0.0990141
0.710938 0.0948492
0.703125 0.0919165
0.703125 0.0890013
0.78125 0.0846227
0.773438 0.0806757
0.796875 0.0756153
0.757812 0.0718341
0.75 0.0671395
0.703125 0.0623862
0.671875 0.0577432
0.703125 0.0529514
0.648438 0.050826
0.65625 0.0488423
0.648438 0.046615
0.578125 0.0461703
0.546875 0.0435657
0.5625 0.0418362
0.539062 0.040888
0.65625 0.0426723
0.726562 0.0438123
0.65625 0.0429692
0.6875 0.0419087
0.710938 0.0412359
0.78125 0.0413013
0.796875 0.042517
0.789062 0.0424193
0.773438 0.0408567
0.875 0.0396617
0.898438 0.0364448
0.945312 0.0334806
0.90625 0.0304711
0.921875 0.027888
0.945312 0.0252294
0.890625 0.0230322
0.851562 0.0214091
0.875 0.0183086
0.820312 0.0177538
0.851562 0.0168335
0.851562 0.0160103
0.851562 0.0131802
0.898438 0.00944865
0.882812 0.00743546
0.820312 0.00544922
0.703125 0.00356287
0.773438 0.00300018
0.742188 0.000156026
0.632812 -0.00258692
0.679688 -0.00406153
0.671875 -0.00577914
0.65625 -0.00679579
0.648438 -0.00807078
0.648438 -0.0102821
0.65625 -0.0107691
0.632812 -0.0094753
0.578125 -0.00784808
0.578125 -0.00804257
0.390625 -0.00853249
0.367188 -0.0108736
0.421875 -0.0156472
0.460938 -0.0195992
0.445312 -0.0224879
0.335938 -0.0254947
0.3125 -0.028968
0.335938 -0.0332634
0.40625 -0.037877
0.484375 -0.0434012
0.421875 -0.0513485
0.382812 -0.0600523
0.320312 -0.0667188
0.398438 -0.0741301
0.367188 -0.0786873
0.40625 -0.0826106
0.289062 -0.0891022
0.328125 -0.0948894
0.335938 -0.101376
0.304688 -0.106991
0.242188 -0.113574
0.3125 -0.119004
0.375 -0.123619
0.507812 -0.129941
0.648438 -0.134281
0.648438 -0.13546
0.617188 -0.135475
0.601562 -0.134031
0.710938 -0.131679
0.710938 -0.129618
0.796875 -0.12934
0.804688 -0.129048
0.6875 -0.128824
0.617188 -0.128525
0.609375 -0.127513
0.648438 -0.125916
0.648438 -0.125371
0.703125 -0.124236
0.726562 -0.125998
0.78125 -0.125192
0.734375 -0.127482
0.789062 -0.130258
0.851562 -0.133473
0.828125 -0.135263
0.804688 -0.13448
0.804688 -0.134677
0.765625 -0.134399
0.726562 -0.132416
0.804688 -0.132316
0.828125 -0.132581
0.898438 -0.133849
0.820312 -0.134825
0.773438 -0.135867
0.710938 -0.136714
0.773438 -0.13556
0.742188 -0.135192
0.703125 -0.134171
0.601562 -0.132973
0.671875 -0.131383
0.625 -0.130369
0.695312 -0.130719
0.671875 -0.128972
0.617188 -0.127974
0.476562 -0.128639
0.4375 -0.127629
0.40625 -0.127187
0.34375 -0.126172
0.398438 -0.128634
0.476562 -0.131649
0.484375 -0.132864
0.5 -0.131578
0.460938 -0.12906
0.523438 -0.12576
0.554688 -0.122143
0.554688 -0.119782
0.5625 -0.118748
0.515625 -0.116338
0.492188 -0.115212
0.492188 -0.115396
0.53125 -0.115432
0.492188 -0.112978
0.46875 -0.111233
0.375 -0.108755
0.40625 -0.108933
0.492188 -0.107916
0.59375 -0.106763
0.664062 -0.106317
0.640625 -0.105519
0.625 -0.103862
0.546875 -0.103459
0.53125 -0.102296
0.570312 -0.102064
0.53125 -0.101806
0.539062 -0.101241
0.570312 -0.0992837
0.554688 -0.0970489
0.585938 -0.0914259
0.625 -0.087214
0.71875 -0.0841792
0.71875 -0.0801856
0.757812 -0.0772916
0.742188 -0.0732638
0.804688 -0.0675102
0.835938 -0.0636398
0.835938 -0.0607622
0.828125 -0.0566778
0.835938 -0.0502953
0.859375 -0.043375
0.867188 -0.0361384
0.820312 -0.0313168
0.828125 -0.0257756
0.859375 -0.0204579
0.8125 -0.0166249
0.867188 -0.0140819
0.9375 -0.00993661
0.921875 -0.00693697
0.914062 -0.00372983
0.90625 0.000526756
0.929688 0.00468036
0.898438 0.00936375
0.953125 0.0144667
0.859375 0.0194049
0.835938 0.0256871
0.78125 0.0299184
0.734375 0.0346289
0.703125 0.0398113
0.773438 0.0455763
0.789062 0.0494836
0.75 0.0531691
0.71875 0.0561385
0.703125 0.0603257
0.6875 0.0630137
0.703125 0.06581
0.546875 0.0670942
0.570312 0.0664173
0.5625 0.0665727
0.617188 0.0665542
0.648438 0.0669065
0.703125 0.0671245
0.585938 0.0656369
0.570312 0.0655666
0.523438 0.0658906
0.554688 0.0659318
0.609375 0.0653351
0.585938 0.0646477
0.617188 0.0659505
0.65625 0.0669671
0.710938 0.0677065
0.6875 0.0693584
0.617188 0.0735799
0.585938 0.0790211
0.671875 0.0838164
0.789062 0.0910921
0.882812 0.0977874
0.898438 0.107561
0.875 0.113546
0.84375 0.117648
0.835938 0.119449
0.90625 0.124069
0.84375 0.127685
0.820312 0.130861
0.859375 0.132669
0.867188 0.136121
0.867188 0.141078
0.859375 0.145163
0.851562 0.150179
0.828125 0.153815
0.8125 0.15664
0.820312 0.158388
0.84375 0.160216
0.820312 0.162324
0.726562 0.162418
0.6875 0.161647
0.71875 0.158449
0.710938 0.153995
0.8125 0.1512
0.804688 0.151867
0.820312 0.151594
0.859375 0.155651
0.882812 0.160064
0.835938 0.162439
0.890625 0.163805
0.835938 0.162662
0.859375 0.161371
0.734375 0.161583
0.6875 0.159617
0.695312 0.157431
0.6875 0.154672
0.6875 0.151286
0.757812 0.148756
0.757812 0.146694
0.78125 0.142409
0.859375 0.136933
0.921875 0.131624
0.921875 0.127996
0.953125 0.123691
0.875 0.119771
0.820312 0.114036
0.835938 0.109649
0.875 0.103246
0.828125 0.0966177
0.859375 0.0897344
0.882812 0.0810493
0.882812 0.0732889
0.890625 0.0635691
0.898438 0.0561641
0.90625 0.0509616
0.898438 0.0470911
0.898438 0.0448855
0.851562 0.0405853
0.851562 0.0362206
0.882812 0.0322142
0.859375 0.0272358
0.734375 0.0229402
0.75 0.0194289
0.710938 0.0164489
0.625 0.0153766
0.640625 0.0121687
0.75 0.0101177
0.765625 0.00766061
0.820312 0.00505225
0.875 0.00192111
0.882812 0.00134672
0.929688 -0.000336758
0.851562 -0.00142502
0.867188 -0.00381022
0.914062 -0.00478403
0.859375 -0.00333594
0.914062 -0.00303147
0.84375 -0.00379669
0.804688 -0.00667827
0.835938 -0.00838855
0.84375 -0.00825085
0.851562 -0.0103192
0.898438 -0.0104859
0.875 -0.0110891
0.84375 -0.011692
0.875 -0.0129954
0.875 -0.0144252
0.8125 -0.0157608
0.84375 -0.0168125
0.8125 -0.0186388
0.773438 -0.0180734
0.820312 -0.0179177
0.820312 -0.014703
0.835938 -0.0119829
0.820312 -0.00891839
0.859375 -0.00594679
0.789062 -0.00549727
0.71875 -0.00154333
0.710938 0.00183047
0.71875 0.00718476
0.78125 0.0124635
0.726562 0.0185279
0.640625 0.024036
0.632812 0.0295057
0.640625 0.0373032
0.546875 0.0458863
0.546875 0.0539082
0.5625 0.0606541
0.539062 0.0683863
0.515625 0.077724
0.609375 0.0854247
0.546875 0.0918128
0.445312 0.0981237
0.539062 0.103975
0.398438 0.113089
0.53125 0.121973
0.554688 0.131049
0.570312 0.140832
0.617188 0.14971
0.664062 0.15923
0.695312 0.167442
0.742188 0.173393
0.804688 0.17869
0.804688 0.183069
0.742188 0.188865
0.820312 0.194571
0.820312 0.196873
0.765625 0.198427
0.734375 0.201092
0.851562 0.202903
0.8125 0.202398
0.828125 0.203662
0.851562 0.204998
0.867188 0.207575
0.8125 0.208994
0.859375 0.210774
0.875 0.212281
0.835938 0.213401
0.78125 0.213396
0.804688 0.212587
0.828125 0.212964
0.804688 0.211709
0.78125 0.209463
0.804688 0.206544
0.875 0.203281
0.859375 0.201515
0.828125 0.198371
0.859375 0.194285
0.859375 0.190701
0.882812 0.185764
0.859375 0.181516
0.835938 0.180184
0.742188 0.178544
0.695312 0.17901
0.679688 0.178991
0.6875 0.178518
0.625 0.179467
0.539062 0.181257
0.460938 0.181648
0.367188 0.18128
0.390625 0.180169
0.460938 0.178295
0.421875 0.17695
0.484375 0.173978
0.421875 0.17264
0.4375 0.169749
0.390625 0.165954
0.414062 0.162345
0.4375 0.158237
0.476562 0.155249
0.476562 0.15264
0.429688 0.150707
0.46875 0.149323
0.445312 0.14662
0.40625 0.143842
0.382812 0.141993
0.453125 0.142142
0.492188 0.141069
0.546875 0.138824
0.546875 0.133994
0.609375 0.129415
0.632812 0.126196
0.664062 0.123999
0.640625 0.123738
0.695312 0.122047
0.6875 0.120667
0.789062 0.118378
0.789062 0.116151
0.8125 0.114241
0.867188 0.111911
0.828125 0.109922
0.851562 0.109815
0.765625 0.109362
0.742188 0.109197
0.6875 0.1103
0.734375 0.109517
0.757812 0.109954
0.820312 0.110568
0.796875 0.109939
0.804688 0.110753
0.851562 0.107305
0.8125 0.103515
0.757812 0.0975861
0.734375 0.0911395
0.710938 0.0834143
0.75 0.0745429
0.703125 0.0668947
0.75 0.0606408
0.773438 0.0557803
0.71875 0.051865
0.789062 0.0462594
0.71875 0.040982
0.765625 0.0369339
0.804688 0.0333277
0.851562 0.0283241
0.710938 0.0228628
0.71875 0.0173807
0.75 0.0123593
0.796875 0.0105599
0.757812 0.00841771
0.835938 0.00437748
0.835938 0.00199922
0.820312 -0.00111447
0.8125 -0.00111291
0.796875 -0.00395103
0.796875 -0.00817692
0.835938 -0.0128843
0.890625 -0.0170175
0.882812 -0.0206806
0.765625 -0.0239181
0.789062 -0.0290487
0.78125 -0.0349293
0.757812 -0.0399946
0.773438 -0.0427472
0.765625 -0.0443822
0.765625 -0.0456072
0.726562 -0.0480765
0.8125 -0.0489627
0.75 -0.0497216
0.75 -0.049639
0.835938 -0.051983
0.84375 -0.0545216
0.84375 -0.0560558
0.867188 -0.0587676
0.820312 -0.0603553
0.882812 -0.0610147
0.875 -0.06259
0.84375 -0.0651648
0.796875 -0.0663731
0.90625 -0.0674862
0.945312 -0.0680883
0.859375 -0.06919
0.875 -0.0699739
0.882812 -0.0701938
0.90625 -0.0681122
0.867188 -0.0646999
0.90625 -0.0616593
0.898438 -0.0604249
0.921875 -0.0610983
0.828125 -0.061482
0.835938 -0.0608009
0.828125 -0.0609121
0.851562 -0.0591485
0.820312 -0.0593085
0.796875 -0.0591864
0.789062 -0.0582605
0.882812 -0.0578553
0.9375 -0.0574509
0.960938 -0.0571363
0.882812 -0.0570342
0.859375 -0.0573124
0.851562 -0.0568176
0.796875 -0.0541968
0.875 -0.0515641
0.820312 -0.0465486
0.773438 -0.0423677
0.796875 -0.037365
0.867188 -0.0335537
0.867188 -0.0294876
0.882812 -0.0276417
0.890625 -0.0252439
0.882812 -0.0229493
0.890625 -0.0206156
0.9375 -0.0168137
0.90625 -0.0146071
0.882812 -0.0106612
0.898438 -0.00671683
0.9375 -0.00199011
0.945312 0.00250618
0.9375 0.00813542
0.914062 0.0164736
0.851562 0.0249069
0.820312 0.0315222
0.8125 0.0377131
0.820312 0.0416396
0.820312 0.0452269
0.8125 0.0494672
0.828125 0.0524728
0.796875 0.0546057
0.726562 0.0541197
0.78125 0.0539893
0.804688 0.0576279
0.8125 0.0610678
0.742188 0.0650715
0.765625 0.0668633
0.804688 0.0688199
0.804688 0.0706651
0.890625 0.071176
0.835938 0.0729091
0.8125 0.0731243
0.78125 0.0737783
0.773438 0.0734622
0.867188 0.0742966
0.78125 0.0761325
0.789062 0.075129
0.828125 0.0736908
0.8125 0.0736371
0.835938 0.0728819
0.78125 0.0727314
0.898438 0.0707321
0.8125 0.0679749
0.867188 0.0667393
0.882812 0.0645956
0.914062 0.0644227
0.914062 0.0653142
0.914062 0.0630489
0.851562 0.0601626
0.867188 0.0575645
0.882812 0.0537433
0.859375 0.049094
0.867188 0.0433122
0.859375 0.0382024
0.867188 0.0343835
0.851562 0.0315545
0.742188 0.0306671
0.765625 0.0302343
0.6875 0.0287621
0.640625 0.0283346
0.710938 0.028845
0.734375 0.0291243
0.679688 0.029548
0.703125 0.0287647
0.695312 0.028921
0.609375 0.0288469
0.640625 0.0283296
0.640625 0.027732
0.546875 0.0256845
0.523438 0.0255076
0.5 0.0232203
0.492188 0.0208488
0.523438 0.0197939
0.601562 0.0194257
0.648438 0.0191816
0.5625 0.0227707
0.5625 0.0255345
0.617188 0.0264566
0.65625 0.0255476
0.695312 0.0251358
0.609375 0.0245363
0.585938 0.0247961
0.601562 0.024973
0.648438 0.025933
0.578125 0.0242684
0.617188 0.0234402
0.796875 0.0236223
0.84375 0.0229462
0.78125 0.0236441
0.734375 0.0242752
0.757812 0.0250053
0.875 0.0251028
0.914062 0.0247228
0.898438 0.0265518
0.851562 0.0280765
0.804688 0.0296143
0.859375 0.029559
0.929688 0.0303597
0.90625 0.0297287
0.875 0.0291001
0.835938 0.0304289
0.898438 0.0323844
0.890625 0.0323422
0.867188 0.0310839
0.84375 0.0305492
0.835938 0.0294074
0.90625 0.0276409
0.828125 0.0252075
0.820312 0.0219189
0.796875 0.0182952
0.703125 0.0171835
0.726562 0.0145023
0.703125 0.0121591
0.789062 0.0110065
0.710938 0.00852571
0.648438 0.0056331
0.71875 0.00370393
0.796875 0.000713129
0.804688 -0.00256123
0.710938 -0.00630707
0.773438 -0.0107362
0.757812 -0.0145439
0.828125 -0.0202116
0.820312 -0.0246827
0.773438 -0.02784
0.804688 -0.0292678
0.796875 -0.0282695
0.851562 -0.0263605
0.875 -0.0255988
0.875 -0.0267421
0.867188 -0.0285529
0.882812 -0.0300986
0.921875 -0.031884
0.882812 -0.0330531
0.890625 -0.0346134
0.890625 -0.0360663
0.890625 -0.037269
0.859375 -0.036881
0.898438 -0.0349042
0.914062 -0.0345903
0.921875 -0.0335179
0.921875 -0.032122
0.945312 -0.0304595
0.90625 -0.0287037
0.9375 -0.0274039
0.90625 -0.0266925
0.867188 -0.0256995
0.828125 -0.0248528
0.929688 -0.0217832
0.882812 -0.0143572
0.875 -0.0101898
0.835938 -0.00711895
0.8125 -0.00280727
0.703125 0.00207217
0.804688 0.00616763
0.796875 0.00991737
0.703125 0.0120341
0.6875 0.0151317
0.585938 0.016132
0.625 0.0173967
0.570312 0.0184506
0.539062 0.019415
0.523438 0.021953
0.601562 0.0236882
0.65625 0.0287225
0.640625 0.0334233
0.6875 0.0372129
0.671875 0.0389945
0.734375 0.0389131
0.664062 0.0379847
0.679688 0.0354118
0.71875 0.0309061
0.710938 0.0257724
0.773438 0.0215772
0.875 0.0208953
0.890625 0.0203257
0.890625 0.0166596
0.890625 0.0125418
0.84375 0.00764679
0.867188 0.002658
0.84375 -0.00293676
0.796875 -0.00899055
0.671875 -0.0162565
0.617188 -0.0237891
0.671875 -0.0312896
0.695312 -0.0386288
0.796875 -0.0450651
0.796875 -0.0525138
0.8125 -0.0577457
0.804688 -0.0609146
0.84375 -0.0649928
0.84375 -0.0673815
0.75 -0.0690401
0.835938 -0.0683214
0.726562 -0.0679777
0.71875 -0.0694943
0.710938 -0.0713505
0.734375 -0.0718756
0.742188 -0.0726676
0.726562 -0.0723085
0.789062 -0.0719221
0.820312 -0.0734923
0.757812 -0.0764318
0.695312 -0.0808589
0.648438 -0.0829048
0.734375 -0.0829395
0.742188 -0.0810911
0.726562 -0.0789406
0.71875 -0.0794492
0.6875 -0.0778038
0.710938 -0.0746561
0.59375 -0.0728779
0.648438 -0.0714132
0.625 -0.0700102
0.6875 -0.0700356
0.671875 -0.0708336
0.65625 -0.0731887
0.554688 -0.0741689
0.640625 -0.0731161
0.59375 -0.0714173
0.53125 -0.0696107
0.546875 -0.0665809
0.632812 -0.0652973
0.554688 -0.0628402
0.570312 -0.0627542
0.585938 -0.0632928
0.554688 -0.0642404
0.625 -0.0649485
0.445312 -0.0660684
0.414062 -0.0668104
0.429688 -0.0678765
0.421875 -0.0678152
0.40625 -0.0663407
0.445312 -0.0623061
0.53125 -0.0596638
0.46875 -0.0572638
0.546875 -0.05601
0.507812 -0.0565936
0.429688 -0.0564713
0.414062 -0.058099
0.429688 -0.0603638
0.414062 -0.0612557
0.5625 -0.0591109
0.515625 -0.0571759
0.5625 -0.0542837
0.554688 -0.0515953
0.609375 -0.048762
0.625 -0.04186
0.679688 -0.0347671
0.617188 -0.0295677
0.617188 -0.0236836
0.648438 -0.0194427
0.648438 -0.0169773
0.671875 -0.0127073
0.71875 -0.00966602
0.640625 -0.00629933
0.65625 -0.00533581
0.6875 -0.00254906
0.640625 0.000320624
0.632812 0.00552847
0.460938 0.00821162
0.445312 0.010227
0.484375 0.0111122
0.476562 0.0150977
0.507812 0.0211013
0.515625 0.0266301
0.460938 0.0316322
0.390625 0.0365822
0.46875 0.0421354
0.390625 0.045988
0.445312 0.05045
0.4375 0.0529756
0.382812 0.0535192
0.390625 0.0557331
0.484375 0.0585811
0.578125 0.0597471
0.460938 0.0634599
0.429688 0.0658134
0.390625 0.066928
0.359375 0.0683886
0.507812 0.0682164
0.460938 0.0679708
0.414062 0.0679758
0.40625 0.0655758
0.40625 0.0648929
0.3125 0.0659515
0.335938 0.0687941
0.328125 0.0720187
0.25 0.0752574
0.25 0.0791769
0.226562 0.0810341
0.132812 0.0822299
0.148438 0.0831801
0.101562 0.0828456
0.21875 0.0836223
0.257812 0.0845947
0.101562 0.0861158
0.117188 0.0857688
0.164062 0.0853325
0.1875 0.0875197
0.335938 0.0910792
0.328125 0.094537
0.390625 0.0975467
0.390625 0.100702
0.296875 0.103336
0.203125 0.103309
0.28125 0.104505
0.296875 0.107271
0.382812 0.109702
0.4375 0.109259
0.453125 0.108468
0.554688 0.110305
0.53125 0.113922
0.554688 0.118728
0.609375 0.123447
0.625 0.126999
0.609375 0.131893
0.625 0.136212
0.617188 0.138971
0.4375 0.140469
0.4375 0.141066
0.429688 0.143018
0.546875 0.146236
0.679688 0.150501
0.6875 0.156213
0.75 0.161695
0.773438 0.167324
0.835938 0.174082
0.804688 0.17809
0.734375 0.183696
0.765625 0.188375
0.773438 0.191904
0.757812 0.196426
0.742188 0.201469
0.6875 0.206891
0.734375 0.208838
0.765625 0.209177
0.75 0.208058
0.757812 0.20638
0.703125 0.203339
0.734375 0.199506
0.796875 0.197442
0.71875 0.194575
0.75 0.193831
0.75 0.191812
0.671875 0.18695
0.710938 0.179773
0.710938 0.173618
0.703125 0.165915
0.671875 0.157895
0.671875 0.15046
0.679688 0.140777
0.679688 0.131207
0.734375 0.121377
0.757812 0.111493
0.742188 0.101527
0.875 0.0918425
0.890625 0.083175
0.882812 0.0737671
0.914062 0.0657367
0.945312 0.0580907
0.882812 0.0508825
0.890625 0.0435373
0.820312 0.035302
0.789062 0.0267521
0.789062 0.0195546
0.773438 0.0121911
0.804688 0.00534318
0.851562 -0.00181987
0.804688 -0.00833429
0.875 -0.0141182
0.84375 -0.0172804
0.789062 -0.0210216
0.796875 -0.0252783
0.78125 -0.0290686
0.796875 -0.0316888
0.84375 -0.0327405
0.859375 -0.0346148
0.867188 -0.0372597
0.890625 -0.0384374
0.835938 -0.0370563
0.78125 -0.0358749
0.742188 -0.035254
0.625 -0.0335976
0.601562 -0.0305317
0.625 -0.0273251
0.734375 -0.0275209
0.664062 -0.028082
0.71875 -0.0287391
0.742188 -0.0319824
0.757812 -0.0362201
0.726562 -0.0389772
0.71875 -0.0427984
0.796875 -0.04547
0.75 -0.0484172
0.710938 -0.0493735
0.765625 -0.0498803
0.625 -0.050292
0.578125 -0.0500676
0.570312 -0.0506111
0.609375 -0.0521562
0.5625 -0.0510489
0.429688 -0.0495501
0.507812 -0.0498889
0.515625 -0.0524582
0.59375 -0.0559102
0.648438 -0.0563578
0.71875 -0.0552138
0.710938 -0.0518471
0.765625 -0.0504548
0.75 -0.0500919
0.757812 -0.0485267
0.757812 -0.0503073
0.765625 -0.0543723
0.71875 -0.0582211
0.742188 -0.0623198
0.726562 -0.0667543
0.6875 -0.0691607
0.6875 -0.0727254
0.609375 -0.0764328
0.703125 -0.0794841
0.757812 -0.0822861
0.8125 -0.0824766
0.84375 -0.0840368
0.890625 -0.0833384
0.851562 -0.0787124
0.851562 -0.0743636
0.867188 -0.0731765
0.820312 -0.0686249
0.882812 -0.0665821
0.898438 -0.0661683
0.882812 -0.0646924
0.90625 -0.0630922
0.914062 -0.058108
0.882812 -0.0565989
0.875 -0.0571425
0.851562 -0.0562321
0.890625 -0.0553737
0.898438 -0.0552122
0.9375 -0.0548092
0.898438 -0.0529882
0.820312 -0.0504423
0.859375 -0.0491397
0.78125 -0.0482111
0.835938 -0.0506193
0.820312 -0.05415
0.710938 -0.0580678
0.6875 -0.0600786
0.726562 -0.0628524
0.820312 -0.0658601
0.835938 -0.069543
0.796875 -0.0726449
0.75 -0.0787583
0.890625 -0.0858566
0.859375 -0.0914585
0.859375 -0.0965906
0.882812 -0.101716
0.890625 -0.106724
0.8125 -0.109766
0.84375 -0.115042
0.84375 -0.123025
0.84375 -0.128947
0.851562 -0.1343
0.882812 -0.136385
0.914062 -0.136345
0.96875 -0.137436
0.90625 -0.14233
0.9375 -0.144309
0.90625 -0.142541
0.890625 -0.143909
0.898438 -0.142827
0.804688 -0.143754
0.820312 -0.143973
0.84375 -0.142627
0.859375 -0.140267
0.828125 -0.138433
0.773438 -0.134248
0.757812 -0.131301
0.804688 -0.127738
0.78125 -0.123986
0.695312 -0.118923
0.742188 -0.115192
0.679688 -0.11264
0.757812 -0.109758
0.765625 -0.104476
0.828125 -0.0985675
0.898438 -0.0929521
0.890625 -0.0859496
0.875 -0.0810113
0.84375 -0.0736409
0.890625 -0.0670749
0.914062 -0.0617616
0.9375 -0.0583181
0.851562 -0.0563044
0.804688 -0.0525417
0.789062 -0.0495774
0.742188 -0.0486738
0.757812 -0.0460473
0.835938 -0.0450095
0.875 -0.0417812
0.898438 -0.0404344
0.921875 -0.0394343
0.882812 -0.0388589
0.875 -0.0371722
0.828125 -0.0359481
0.859375 -0.0318106
0.835938 -0.030022
0.882812 -0.0315648
0.851562 -0.0344175
0.835938 -0.0358465
0.828125 -0.0357208
0.867188 -0.0348398
0.875 -0.0340898
0.90625 -0.0354036
0.960938 -0.0398845
0.90625 -0.0446542
0.945312 -0.0477531
0.929688 -0.0493399
0.851562 -0.0541236
0.859375 -0.058836
0.859375 -0.0650434
0.859375 -0.0692083
0.859375 -0.0755097
0.835938 -0.0799204
0.796875 -0.0842802
0.796875 -0.0868649
0.820312 -0.087219
0.828125 -0.0869741
0.835938 -0.0876099
0.84375 -0.08533
0.828125 -0.0857275
0.828125 -0.0861954
0.820312 -0.085546
0.914062 -0.0845113
0.875 -0.0862438
0.9375 -0.0860596
0.898438 -0.0844297
0.804688 -0.0829862
0.804688 -0.0811456
0.695312 -0.0779906
0.78125 -0.0766167
0.75 -0.0757291
0.789062 -0.0751664
0.789062 -0.0718301
0.75 -0.0684278
0.796875 -0.0655365
0.804688 -0.0633309
0.765625 -0.0598346
0.71875 -0.0559621
0.695312 -0.0538054
0.773438 -0.053008
0.710938 -0.0536954
0.734375 -0.054293
0.773438 -0.0536972
0.8125 -0.0516884
0.828125 -0.0490116
0.734375 -0.0470411
0.804688 -0.0455589
0.84375 -0.0452135
0.882812 -0.0469323
0.828125 -0.0458735
0.835938 -0.0440133
0.867188 -0.0420901
0.796875 -0.0381872
0.789062 -0.0348365
0.71875 -0.0292043
0.734375 -0.0239851
0.679688 -0.022414
0.65625 -0.019072
0.640625 -0.0148359
0.632812 -0.0118172
0.578125 -0.00748227
0.609375 -0.00609371
0.578125 -0.00480105
0.578125 -0.00609332
0.578125 -0.00819034
0.53125 -0.00919922
0.625 -0.00950036
0.59375 -0.00703924
0.570312 -0.00617207
0.585938 -0.00594619
0.523438 -0.00594046
0.460938 -0.00586986
0.460938 -0.0090066
0.492188 -0.00808707
0.46875 -0.00853518
0.40625 -0.00945334
0.421875 -0.0103547
0.515625 -0.0137164
0.421875 -0.0193228
0.492188 -0.0262609
0.390625 -0.0331464
0.476562 -0.0342237
0.5625 -0.0365
0.585938 -0.039965
0.539062 -0.0431444
0.5 -0.0457513
0.460938 -0.0493035
0.429688 -0.0521882
0.53125 -0.0581847
0.445312 -0.0647473
0.515625 -0.0724356
0.5625 -0.0805233
0.59375 -0.0868704
0.679688 -0.0929097
0.734375 -0.0961835
0.742188 -0.100215
0.648438 -0.105982
0.648438 -0.109817
0.710938 -0.114114
0.695312 -0.119547
0.640625 -0.123915
0.640625 -0.128096
0.648438 -0.131797
0.585938 -0.131959
0.648438 -0.134554
0.695312 -0.137237
0.65625 -0.139953
0.765625 -0.141375
0.65625 -0.145131
0.71875 -0.149908
0.695312 -0.154974
0.78125 -0.157064
0.765625 -0.158718
0.71875 -0.157699
0.71875 -0.157757
0.664062 -0.156734
0.632812 -0.156507
0.617188 -0.155026
0.640625 -0.155071
0.5625 -0.154832
0.609375 -0.151937
0.554688 -0.14992
0.507812 -0.146816
0.523438 -0.140157
0.53125 -0.134125
0.601562 -0.129036
0.585938 -0.123096
0.617188 -0.115599
0.546875 -0.108383
0.554688 -0.10005
0.648438 -0.0927365
0.664062 -0.0844795
0.710938 -0.0762603
0.625 -0.0671085
0.671875 -0.0602393
0.671875 -0.0515385
0.75 -0.0430489
0.765625 -0.0351218
0.742188 -0.0284588
0.71875 -0.0219272
0.742188 -0.0143327
0.679688 -0.00279947
0.640625 0.0103854
0.65625 0.0240957
0.617188 0.0377538
0.554688 0.0476579
0.5625 0.0549007
0.539062 0.0617304
0.570312 0.0693989
0.554688 0.0755197
0.554688 0.0810254
0.578125 0.0869874
0.515625 0.0928276
0.5 0.0965267
0.554688 0.100293
0.570312 0.104552
0.5 0.110203
0.453125 0.116356
0.328125 0.122427
0.359375 0.128074
0.351562 0.134948
0.3125 0.14076
0.226562 0.145577
0.203125 0.150059
0.390625 0.153171
0.390625 0.155778
0.453125 0.159746
0.375 0.160271
0.351562 0.158849
0.3125 0.156626
0.34375 0.152264
0.21875 0.150742
0.34375 0.147542
0.453125 0.143548
0.4375 0.139669
0.460938 0.137836
0.390625 0.137006
0.328125 0.134527
0.304688 0.131506
0.234375 0.1273
0.132812 0.123041
0.132812 0.118825
0.109375 0.114195
0.0390625 0.107827
0.046875 0.10386
0.0390625 0.0979896
0.0390625 0.0926508
0.109375 0.0871426
0.117188 0.0818216
0.132812 0.0739433
0.234375 0.0653116
0.21875 0.0580576
0.15625 0.051588
0.226562 0.0449796
0.132812 0.0376247
0.0546875 0.0316
0.101562 0.0276082
0.0859375 0.0223553
0.179688 0.0154176
0.25 0.0112451
0.289062 0.00703507
0.273438 0.0023196
0.335938 0.000348711
0.351562 -0.00324165
0.273438 -0.00524675
0.28125 -0.00719887
0.328125 -0.00964813
0.421875 -0.0124005
0.414062 -0.0168969
0.546875 -0.0210669
0.484375 -0.0245568
0.539062 -0.0259005
0.632812 -0.0232946
0.640625 -0.0210719
0.617188 -0.0177309
0.601562 -0.0161726
0.609375 -0.0125689
0.671875 -0.00613572
0.664062 -0.00108946
0.6875 0.00321145
0.757812 0.00788174
0.773438 0.0155818
0.789062 0.0241382
0.820312 0.0312621
0.78125 0.0401778
0.742188 0.0449666
0.796875 0.0462087
0.835938 0.0476917
0.914062 0.0488937
0.945312 0.0528045
0.867188 0.0568446
0.882812 0.0608852
0.914062 0.063204
0.882812 0.065212
0.945312 0.0659665
0.921875 0.0676491
0.945312 0.0667844
0.84375 0.0663669
0.859375 0.0680754
0.765625 0.0677276
0.851562 0.0673352
0.796875 0.0670778
0.734375 0.065025
0.6875 0.0609499
0.664062 0.0575245
0.742188 0.0538939
0.8125 0.0500065
0.875 0.0456104
0.945312 0.0396662
0.828125 0.0317847
0.796875 0.0259077
0.828125 0.0212728
0.851562 0.0138309
0.8125 0.00542007
0.796875 -0.00339141
0.796875 -0.0128896
0.875 -0.0214632
0.867188 -0.0303271
0.835938 -0.0393635
0.75 -0.0496799
0.835938 -0.0593574
0.921875 -0.0690783
0.859375 -0.0773685
0.84375 -0.0883526
0.859375 -0.0993443
0.867188 -0.104942
0.835938 -0.110898
0.84375 -0.118228
0.84375 -0.12226
0.828125 -0.128945
0.78125 -0.136433
0.773438 -0.1444
0.773438 -0.151749
0.796875 -0.157068
0.828125 -0.16112
0.859375 -0.163537
0.8125 -0.165215
0.828125 -0.166768
0.796875 -0.168154
0.859375 -0.16784
0.859375 -0.168503
0.835938 -0.168605
0.835938 -0.168818
0.890625 -0.170147
0.867188 -0.171501
0.867188 -0.173148
0.898438 -0.173318
0.851562 -0.172636
0.867188 -0.172283
0.84375 -0.173269
0.851562 -0.173855
0.914062 -0.174536
0.914062 -0.17312
0.953125 -0.170338
0.9375 -0.16676
0.929688 -0.164053
0.914062 -0.161611
0.945312 -0.159216
0.898438 -0.15532
0.882812 -0.149413
0.890625 -0.143374
0.890625 -0.138379
0.851562 -0.135043
0.859375 -0.130296
0.882812 -0.126943
0.851562 -0.123617
0.804688 -0.119039
0.679688 -0.115102
0.71875 -0.114515
0.78125 -0.110919
0.742188 -0.106826
0.757812 -0.100837
0.773438 -0.0959675
0.726562 -0.0903955
0.6875 -0.0826015
0.664062 -0.0767929
0.59375 -0.071054
0.671875 -0.0642656
0.601562 -0.0613038
0.570312 -0.056903
0.679688 -0.0523785
0.6875 -0.0497458
0.6875 -0.0471694
0.734375 -0.0435726
0.78125 -0.0410242
0.757812 -0.0390198
0.820312 -0.0349539
0.875 -0.0300715
0.867188 -0.0239824
0.859375 -0.0187828
0.835938 -0.0129319
0.898438 -0.00799676
0.859375 -0.00369584
0.789062 0.000635371
0.773438 0.00362811
0.695312 0.00650006
0.601562 0.00987178
0.570312 0.00977
0.617188 0.00760221
0.65625 0.00699894
0.648438 0.00500612
0.640625 0.00147585
0.5625 -0.00161421
0.570312 -0.00245861
0.414062 -0.00365751
0.390625 -0.00860527
0.429688 -0.0123301
0.476562 -0.017039
0.367188 -0.0224439
0.25 -0.0300998
0.25 -0.03827
0.210938 -0.0461903
0.21875 -0.0553501
0.210938 -0.0642374
0.1875 -0.0687958
0.195312 -0.0722078
0.0546875 -0.0774946
0.101562 -0.0796217
0.1875 -0.0812679
0.101562 -0.0814132
0.179688 -0.0818865
0.125 -0.0815564
0.15625 -0.082865
0.171875 -0.0832411
0.25 -0.0834585
0.304688 -0.0827591
0.304688 -0.0822026
0.265625 -0.0803139
0.273438 -0.0773052
0.296875 -0.0761513
0.296875 -0.0749744
0.289062 -0.0742262
0.351562 -0.0745445
0.460938 -0.0731238
0.429688 -0.0689881
0.359375 -0.0639452
0.46875 -0.0612412
0.429688 -0.0605176
0.328125 -0.061099
0.367188 -0.0582122
0.328125 -0.0539597
0.328125 -0.049082
0.507812 -0.0420535
0.476562 -0.0336348
0.625 -0.0285616
0.640625 -0.0230756
0.578125 -0.0200316
0.609375 -0.0189973
0.617188 -0.0186652
0.53125 -0.0188323
0.570312 -0.0167357
0.585938 -0.0119276
0.601562 -0.00767329
0.492188 -0.00148262
0.460938 0.00414714
0.5 0.00876967
0.46875 0.012847
0.546875 0.0172606
0.523438 0.0221884
0.59375 0.0255556
0.640625 0.0275403
0.617188 0.0304313
0.609375 0.0346312
0.695312 0.0383489
0.765625 0.044332
0.726562 0.0497456
0.640625 0.0546338
0.59375 0.0595324
0.75 0.0630902
0.757812 0.0688375
0.859375 0.0772741
0.828125 0.0811879
0.765625 0.087511
0.8125 0.0908814
0.789062 0.0962628
0.695312 0.100966
0.65625 0.106954
0.664062 0.113865
0.640625 0.117668
0.671875 0.122521
0.734375 0.128436
0.804688 0.132219
0.734375 0.134937
0.789062 0.137673
0.734375 0.139214
0.757812 0.138813
0.851562 0.139645
0.84375 0.137006
0.851562 0.137778
0.851562 0.1343
0.882812 0.133276
0.773438 0.132642
0.773438 0.133857
0.773438 0.136363
0.742188 0.139651
0.78125 0.142702
0.8125 0.142408
0.75 0.140532
0.703125 0.136932
0.773438 0.136457
0.742188 0.133749
0.6875 0.130492
0.703125 0.124881
0.734375 0.118964
0.757812 0.115178
0.75 0.113951
0.820312 0.112053
0.78125 0.109965
0.882812 0.105732
0.890625 0.103118
0.851562 0.102084
0.875 0.100815
0.90625 0.0973266
0.898438 0.0912889
0.851562 0.0865433
0.867188 0.0826896
0.867188 0.0784917
0.890625 0.076003
0.90625 0.0761215
0.90625 0.0770519
0.835938 0.0800319
0.875 0.0837294
0.859375 0.087955
0.8125 0.0905039
0.875 0.0925758
0.773438 0.0959531
0.757812 0.101934
0.71875 0.10559
0.710938 0.108345
0.742188 0.108882
0.6875 0.11017
0.78125 0.111063
0.859375 0.113909
0.90625 0.119448
0.867188 0.124381
0.867188 0.129502
0.820312 0.130767
0.835938 0.129739
0.8125 0.128465
0.8125 0.124624
0.789062 0.120719
0.867188 0.121021
0.914062 0.119874
0.898438 0.115357
0.890625 0.111623
0.851562 0.106543
0.875 0.101015
0.898438 0.0986602
0.84375 0.0952283
0.804688 0.0928918
0.84375 0.090869
0.929688 0.0884282
0.945312 0.0844856
0.921875 0.0797908
0.929688 0.0744459
0.859375 0.0685147
0.90625 0.0614493
0.875 0.0558393
0.898438 0.0514077
0.804688 0.0448654
0.804688 0.0374804
0.882812 0.0283252
0.890625 0.0203395
0.945312 0.013226
0.960938 0.00813312
0.914062 0.00431587
0.890625 -0.00198332
0.914062 -0.00930803
0.929688 -0.0145379
0.867188 -0.019864
0.882812 -0.0264572
0.773438 -0.0313775
0.859375 -0.0359787
0.804688 -0.0403597
0.828125 -0.0461339
0.835938 -0.0516944
0.882812 -0.0562824
0.851562 -0.0600154
0.851562 -0.062206
0.859375 -0.0633178
0.84375 -0.0661395
0.90625 -0.0675954
0.882812 -0.0671968
0.960938 -0.0664274
0.921875 -0.066633
0.835938 -0.0700371
0.859375 -0.0728623
0.882812 -0.074867
0.898438 -0.0791107
0.953125 -0.0817703
0.945312 -0.085235
0.890625 -0.0919699
0.929688 -0.0972183
0.929688 -0.10021
0.890625 -0.100023
0.835938 -0.102161
0.84375 -0.102381
0.882812 -0.105852
0.867188 -0.105805
0.859375 -0.106346
0.890625 -0.105793
0.835938 -0.105187
0.820312 -0.104627
0.796875 -0.105583
0.8125 -0.104159
0.773438 -0.103433
0.820312 -0.102204
0.804688 -0.0978429
0.742188 -0.093353
0.757812 -0.0884368
0.820312 -0.0856936
0.78125 -0.0816638
0.789062 -0.0758844
0.765625 -0.0735847
0.835938 -0.0720381
0.90625 -0.0700531
0.796875 -0.0663728
0.828125 -0.0622553
0.765625 -0.0548892
0.75 -0.0475409
0.796875 -0.0421186
0.804688 -0.0351583
0.75 -0.0301555
0.726562 -0.0243567
0.796875 -0.0188015
0.726562 -0.0128375
0.710938 -0.00416926
0.804688 0.00340438
0.84375 0.0110986
0.8125 0.0210602
0.8125 0.0337828
0.929688 0.0472877
0.898438 0.0594497
0.8125 0.0685228
0.90625 0.0813729
0.914062 0.0910934
0.898438 0.0979683
0.914062 0.102844
0.898438 0.104369
0.890625 0.105112
0.914062 0.106787
0.9375 0.105426
0.9375 0.1013
0.882812 0.0985521
0.867188 0.0971211
0.851562 0.0982093
0.8125 0.0983202
0.851562 0.102017
0.835938 0.105857
0.804688 0.109291
0.734375 0.113561
0.765625 0.116968
0.78125 0.118898
0.765625 0.120351
0.742188 0.119431
0.71875 0.118595
0.8125 0.116384
0.835938 0.117013
0.867188 0.119458
0.890625 0.12117
0.90625 0.123879
0.898438 0.128155
0.929688 0.133721
0.953125 0.140472
0.882812 0.148972
0.820312 0.156045
0.75 0.158336
0.6875 0.160114
0.625 0.161337
0.539062 0.166655
0.5625 0.1681
0.578125 0.169204
0.554688 0.170988
0.640625 0.170704
0.546875 0.169174
0.59375 0.169421
0.601562 0.172152
0.4375 0.174215
0.367188 0.175757
0.390625 0.17452
0.265625 0.173509
0.351562 0.172372
0.367188 0.173877
0.351562 0.175529
0.382812 0.179989
0.304688 0.186977
0.203125 0.194266
0.125 0.201141
0.15625 0.208822
0.140625 0.212788
0.0859375 0.217428
0.148438 0.223013
0.273438 0.229111
0.335938 0.232112
0.351562 0.231514
0.320312 0.232375
0.335938 0.233018
0.226562 0.232002
0.375 0.229374
0.5 0.226567
0.539062 0.224974
0.546875 0.223132
0.484375 0.222989
0.546875 0.221033
0.546875 0.218124
0.5 0.214207
0.554688 0.21003
0.515625 0.205623
0.601562 0.203489
0.585938 0.204426
0.546875 0.205724
0.554688 0.206145
0.539062 0.206657
0.640625 0.205941
0.578125 0.202418
0.570312 0.196994
0.585938 0.19013
0.507812 0.183637
0.546875 0.177622
0.5625 0.170523
0.617188 0.165661
0.710938 0.158988
0.695312 0.153152
0.726562 0.147236
0.765625 0.144212
0.804688 0.14041
0.757812 0.137695
0.796875 0.133388
0.78125 0.126082
0.742188 0.118474
0.75 0.108308
0.804688 0.10013
0.867188 0.0902867
0.84375 0.0833496
0.773438 0.0740929
0.8125 0.0616071
0.820312 0.0512715
0.851562 0.0413123
0.945312 0.0309157
0.921875 0.0199512
0.898438 0.0108416
0.796875 0.00237222
0.859375 -0.00796262
0.726562 -0.0209363
0.710938 -0.0302623
0.710938 -0.0400968
0.671875 -0.0449106
0.734375 -0.0510152
0.671875 -0.0570524
0.664062 -0.062885
0.679688 -0.0668526
0.796875 -0.0718484
0.757812 -0.0771013
0.804688 -0.08248
0.890625 -0.087435
0.84375 -0.0931793
0.828125 -0.099987
0.804688 -0.105412
0.765625 -0.111667
0.773438 -0.116886
0.789062 -0.121612
0.820312 -0.123731
0.742188 -0.123433
0.742188 -0.121142
0.679688 -0.116566
0.710938 -0.111082
0.710938 -0.107615
0.78125 -0.107336
0.71875 -0.105745
0.695312 -0.103738
0.734375 -0.102882
0.828125 -0.098858
0.8125 -0.0983103
0.820312 -0.102048
0.820312 -0.104639
0.820312 -0.108717
0.8125 -0.110867
0.804688 -0.112114
0.875 -0.116537
0.851562 -0.119196
0.898438 -0.121322
0.867188 -0.121569
0.84375 -0.121859
0.859375 -0.121941
0.890625 -0.120346
0.929688 -0.114039
0.914062 -0.110454
0.914062 -0.109104
0.914062 -0.109824
0.867188 -0.109021
0.890625 -0.107627
0.898438 -0.106406
0.78125 -0.104352
0.875 -0.104511
0.8125 -0.103654
0.757812 -0.103536
0.757812 -0.104077
0.773438 -0.106692
0.820312 -0.108692
0.828125 -0.108307
0.820312 -0.109078
0.859375 -0.109172
0.90625 -0.10783
0.890625 -0.108539
0.84375 -0.106185
0.929688 -0.105165
0.929688 -0.104009
0.945312 -0.103772
0.953125 -0.104426
0.9375 -0.106575
0.890625 -0.108751
0.820312 -0.110441
0.828125 -0.111289
0.859375 -0.112166
0.851562 -0.111346
0.90625 -0.113251
0.921875 -0.112637
0.9375 -0.116319
0.976562 -0.117979
0.945312 -0.118535
0.960938 -0.119013
0.929688 -0.119535
0.945312 -0.117457
0.875 -0.114269
0.875 -0.113215
0.8125 -0.112232
0.8125 -0.109146
0.789062 -0.10924
0.828125 -0.108348
0.789062 -0.110511
0.8125 -0.110361
0.796875 -0.111533
0.804688 -0.116149
0.820312 -0.119604
0.898438 -0.121472
0.945312 -0.127202
0.882812 -0.132899
0.828125 -0.139015
0.84375 -0.143298
0.820312 -0.149207
0.859375 -0.155937
0.875 -0.161958
0.898438 -0.166411
0.890625 -0.169406
0.914062 -0.17156
0.828125 -0.17046
0.8125 -0.172253
0.804688 -0.173521
0.773438 -0.172875
0.726562 -0.174364
0.773438 -0.177246
0.789062 -0.178821
0.859375 -0.181398
0.84375 -0.180751
0.804688 -0.181953
0.796875 -0.180731
0.796875 -0.183502
0.859375 -0.19118
0.789062 -0.199638
0.875 -0.207436
0.921875 -0.211203
0.945312 -0.212198
0.9375 -0.213161
0.898438 -0.209956
0.875 -0.20525
0.851562 -0.201809
0.804688 -0.198845
0.804688 -0.195361
0.796875 -0.194112
0.75 -0.189607
0.734375 -0.183002
0.71875 -0.178381
0.71875 -0.174699
0.742188 -0.172665
0.828125 -0.171647
0.898438 -0.169054
0.882812 -0.170294
0.851562 -0.171391
0.875 -0.171421
0.914062 -0.168599
0.820312 -0.16368
0.859375 -0.161134
0.867188 -0.156983
0.835938 -0.152959
0.828125 -0.152866
0.765625 -0.152966
0.867188 -0.15078
0.84375 -0.146175
0.859375 -0.139014
0.859375 -0.134162
0.851562 -0.128312
0.859375 -0.121271
0.898438 -0.116145
0.882812 -0.112511
0.921875 -0.1107
0.882812 -0.108899
0.875 -0.107334
0.859375 -0.106007
0.882812 -0.10319
0.875 -0.102147
0.875 -0.099814
0.8125 -0.0971816
0.820312 -0.0950195
0.796875 -0.0917175
0.789062 -0.0856748
0.773438 -0.0835982
0.765625 -0.0856168
0.703125 -0.0881059
0.75 -0.0891195
0.664062 -0.0871013
0.6875 -0.0895158
0.820312 -0.0948285
0.789062 -0.098703
0.734375 -0.102087
0.648438 -0.106033
0.78125 -0.109315
0.84375 -0.110864
0.804688 -0.115548
0.78125 -0.116856
0.8125 -0.116511
0.757812 -0.116904
0.828125 -0.115318
0.898438 -0.114824
0.945312 -0.113436
0.84375 -0.111454
0.921875 -0.111704
0.84375 -0.11063
0.890625 -0.107271
0.882812 -0.105443
0.882812 -0.102529
0.867188 -0.100763
0.929688 -0.0979609
0.867188 -0.0995864
0.859375 -0.101233
0.828125 -0.102718
0.835938 -0.101602
0.828125 -0.100128
0.882812 -0.100379
0.851562 -0.0993231
0.867188 -0.0973169
0.84375 -0.0975587
0.828125 -0.0980463
0.875 -0.0986995
0.867188 -0.0983916
0.796875 -0.0997647
0.875 -0.0995091
0.851562 -0.100198
0.796875 -0.101432
0.851562 -0.101515
0.835938 -0.0995384
0.867188 -0.0980584
0.835938 -0.096067
0.835938 -0.0936171
0.851562 -0.0914076
0.804688 -0.0900808
0.78125 -0.0928174
0.773438 -0.0936047
0.804688 -0.0926929
0.796875 -0.0959186
0.804688 -0.0987969
0.757812 -0.100538
0.710938 -0.100429
0.710938 -0.099193
0.773438 -0.0969774
0.859375 -0.0923147
0.828125 -0.0901444
0.742188 -0.0848004
0.703125 -0.077323
0.742188 -0.0697405
0.765625 -0.0633112
0.789062 -0.0549023
0.8125 -0.05031
0.828125 -0.0438438
0.742188 -0.0372631
0.835938 -0.0329404
0.90625 -0.0296523
0.867188 -0.0290617
0.882812 -0.0290334
0.898438 -0.0259022
0.890625 -0.0242619
0.867188 -0.0253572
0.84375 -0.0230821
0.898438 -0.0192306
0.84375 -0.0163091
0.851562 -0.0135439
0.828125 -0.0162109
0.804688 -0.019945
0.695312 -0.0234482
0.6875 -0.0281081
0.75 -0.0293886
0.726562 -0.0311264
0.8125 -0.0317105
0.851562 -0.0285559
0.859375 -0.0208478
0.84375 -0.0126053
0.851562 -0.00716198
0.851562 -0.00135276
0.882812 0.00550539
0.820312 0.0106343
0.804688 0.015699
0.8125 0.0213065
0.828125 0.0239123
0.804688 0.0261787
0.859375 0.0252815
0.898438 0.0236056
0.9375 0.0242578
0.929688 0.0265144
0.875 0.0280842
0.828125 0.028357
0.804688 0.0237991
0.679688 0.0195123
0.757812 0.0136697
0.835938 0.0100831
0.859375 0.00484686
0.765625 0.00115242
0.734375 -0.00312038
0.742188 -0.00533294
0.742188 -0.00725824
0.710938 -0.00557931
0.742188 -0.00505967
0.742188 -0.00718267
0.710938 -0.00748504
0.773438 -0.0061534
0.765625 -0.000898214
0.726562 0.00623994
0.648438 0.0114146
0.71875 0.0145757
0.6875 0.0129559
0.75 0.0144936
0.773438 0.0157203
0.859375 0.0196915
0.75 0.0231653
0.671875 0.0270391
0.59375 0.030492
0.609375 0.0334734
0.554688 0.0366703
0.546875 0.0377185
0.429688 0.0409154
0.507812 0.0447108
0.460938 0.0492586
0.53125 0.0494427
0.515625 0.0505955
0.539062 0.0505021
0.617188 0.0502632
0.78125 0.048036
0.8125 0.0474638
0.8125 0.0441263
0.851562 0.0414559
0.867188 0.0407964
0.875 0.0416005
0.898438 0.044116
0.835938 0.0476246
0.773438 0.0522959
0.757812 0.0560531
0.8125 0.0575342
0.804688 0.0584946
0.796875 0.0607302
0.78125 0.058811
0.734375 0.058183
0.726562 0.0540715
0.859375 0.0470435
0.789062 0.0439244
0.898438 0.0415754
0.90625 0.0420009
0.953125 0.039703
0.929688 0.0337252
0.84375 0.0289031
0.789062 0.0250875
0.734375 0.0218522
0.820312 0.0205505
0.726562 0.0201801
0.726562 0.0168902
0.734375 0.0126193
0.757812 0.00900247
0.8125 0.00414124
0.804688 -0.000800183
0.851562 -0.0102361
0.835938 -0.0192561
0.828125 -0.0268916
0.851562 -0.034176
0.796875 -0.0400712
0.8125 -0.0458167
0.789062 -0.0547252
0.820312 -0.0638587
0.890625 -0.0707812
0.875 -0.0770229
0.867188 -0.0807482
0.835938 -0.0881466
0.773438 -0.0963448
0.765625 -0.108483
0.796875 -0.120613
0.804688 -0.131014
0.882812 -0.142324
0.804688 -0.149051
0.765625 -0.157387
0.789062 -0.164823
0.804688 -0.173501
0.828125 -0.181819
0.882812 -0.189952
0.898438 -0.197436
0.875 -0.206223
0.84375 -0.212291
0.859375 -0.216789
0.9375 -0.223284
0.953125 -0.226903
0.929688 -0.229171
0.898438 -0.233315
0.9375 -0.237493
0.890625 -0.242123
0.8125 -0.252803
0.820312 -0.25847
0.828125 -0.263865
0.851562 -0.2673
0.921875 -0.269763
0.867188 -0.271504
0.835938 -0.274485
0.804688 -0.276385
0.828125 -0.278379
0.78125 -0.278046
0.726562 -0.27822
0.71875 -0.277034
0.726562 -0.274548
0.78125 -0.269945
0.734375 -0.2668
0.742188 -0.261411
0.765625 -0.260444
0.703125 -0.259411
0.765625 -0.259011
0.804688 -0.258984
0.835938 -0.256598
0.828125 -0.254837
0.8125 -0.251606
0.882812 -0.248764
0.867188 -0.247408
0.828125 -0.245686
0.828125 -0.244771
0.867188 -0.241952
0.875 -0.238711
0.859375 -0.237069
0.882812 -0.240975
0.828125 -0.244986
0.734375 -0.249429
0.773438 -0.251087
0.804688 -0.251951
0.84375 -0.250492
0.890625 -0.249048
0.875 -0.247835
0.820312 -0.246472
0.851562 -0.240663
0.828125 -0.235659
0.84375 -0.231611
0.867188 -0.227622
0.890625 -0.222372
0.804688 -0.220327
0.8125 -0.217075
0.828125 -0.214247
0.820312 -0.20939
0.851562 -0.205968
0.890625 -0.206743
0.9375 -0.204832
0.914062 -0.203636
0.890625 -0.202759
0.851562 -0.200696
0.867188 -0.200272
0.898438 -0.198682
0.890625 -0.201282
0.875 -0.201906
0.851562 -0.201867
0.851562 -0.202149
0.75 -0.201307
0.851562 -0.199031
0.890625 -0.198566
0.867188 -0.197834
0.835938 -0.201146
0.8125 -0.202217
0.8125 -0.204125
0.835938 -0.20609
0.8125 -0.210327
0.859375 -0.210416
0.8125 -0.207885
0.84375 -0.201407
0.851562 -0.196277
0.804688 -0.191165
0.789062 -0.186854
0.835938 -0.186189
0.867188 -0.185486
0.820312 -0.18295
0.679688 -0.180404
0.539062 -0.178292
0.632812 -0.175947
0.75 -0.175362
0.78125 -0.176069
0.8125 -0.176575
0.890625 -0.16992
0.804688 -0.163587
0.835938 -0.162422
0.898438 -0.162368
0.890625 -0.161358
0.9375 -0.160072
0.90625 -0.155772
0.9375 -0.153172
0.90625 -0.150021
0.890625 -0.147318
0.914062 -0.144996
0.882812 -0.138705
0.90625 -0.131441
0.914062 -0.123727
0.890625 -0.114721
0.8125 -0.106403
0.890625 -0.0966917
0.890625 -0.0830517
0.875 -0.0691177
0.867188 -0.0544179
0.929688 -0.039251
0.9375 -0.0273217
0.960938 -0.0133274
0.929688 -0.0015674
0.90625 0.00825072
0.90625 0.0183111
0.898438 0.0282516
0.945312 0.0389563
0.890625 0.0485068
0.835938 0.0547674
0.734375 0.0616912
0.804688 0.0719461
0.8125 0.0813701
0.851562 0.0892504
0.851562 0.0942734
0.859375 0.102309
0.8125 0.106934
0.671875 0.112
0.640625 0.113543
0.617188 0.111988
0.648438 0.111157
0.695312 0.113724
0.703125 0.120631
0.695312 0.129985
0.765625 0.138029
0.820312 0.143586
0.875 0.147922
0.820312 0.150986
0.820312 0.151225
0.90625 0.1509
0.882812 0.14919
0.882812 0.144427
0.929688 0.139698
0.914062 0.135193
0.820312 0.129109
0.820312 0.126573
0.828125 0.124642
0.882812 0.119496
0.851562 0.118616
0.9375 0.115391
0.9375 0.113319
0.890625 0.112996
0.859375 0.114398
0.765625 0.115418
0.773438 0.114451
0.875 0.118202
0.84375 0.125452
0.914062 0.130579
0.851562 0.139697
0.820312 0.148574
0.875 0.154639
0.859375 0.165062
0.8125 0.175192
0.804688 0.183472
0.789062 0.191234
0.796875 0.199818
0.867188 0.207551
0.835938 0.21641
0.875 0.228422
0.921875 0.24135
0.90625 0.255362
0.898438 0.265752
0.929688 0.276993
0.953125 0.290731
0.890625 0.300819
0.78125 0.310145
0.859375 0.319216
0.875 0.324714
0.890625 0.331139
0.851562 0.339191
0.820312 0.348792
0.75 0.359214
0.742188 0.364816
0.789062 0.370036
0.804688 0.373421
0.820312 0.379036
0.84375 0.384902
0.84375 0.392839
0.84375 0.402584
0.8125 0.40636
0.773438 0.408587
0.71875 0.40709
0.8125 0.405888
0.820312 0.40055
0.859375 0.395576
0.84375 0.390819
0.796875 0.391028
0.828125 0.383897
0.8125 0.376253
0.78125 0.366049
0.84375 0.356962
0.8125 0.344157
0.8125 0.331265
0.882812 0.319876
0.90625 0.309229
0.851562 0.30131
0.773438 0.293149
0.75 0.284098
0.765625 0.274242
0.726562 0.265052
0.664062 0.257133
0.75 0.249453
0.773438 0.240653
0.75 0.231633
0.765625 0.219847
0.789062 0.206538
0.765625 0.189738
0.789062 0.175531
0.710938 0.160895
0.65625 0.146113
0.640625 0.131132
0.664062 0.117289
0.71875 0.103647
0.65625 0.0871321
0.671875 0.0728723
0.617188 0.0560616
0.695312 0.0416815
0.742188 0.0225861
0.726562 0.00446801
0.679688 -0.0157992
0.671875 -0.0336509
0.703125 -0.0523164
0.679688 -0.0663913
0.578125 -0.082528
0.5625 -0.0932602
0.5 -0.106353
0.445312 -0.118319
0.484375 -0.132001
0.53125 -0.148691
0.578125 -0.164546
0.523438 -0.176664
0.5 -0.189556
0.578125 -0.202709
0.539062 -0.21851
0.453125 -0.232802
0.453125 -0.245697
0.492188 -0.262174
0.5625 -0.277678
0.6875 -0.290955
0.6875 -0.300332
0.65625 -0.306218
0.671875 -0.314783
0.695312 -0.318942
0.648438 -0.323744
0.6875 -0.328312
0.710938 -0.33286
0.734375 -0.335888
0.703125 -0.334639
0.765625 -0.333935
0.6875 -0.332205
0.679688 -0.327016
0.679688 -0.319166
0.710938 -0.310174
0.796875 -0.297924
0.828125 -0.282585
0.921875 -0.268277
0.898438 -0.254193
0.890625 -0.238112
0.820312 -0.22412
0.875 -0.212054
0.742188 -0.202729
0.773438 -0.193235
0.742188 -0.183813
0.789062 -0.180287
0.789062 -0.175362
0.796875 -0.166312
0.710938 -0.160703
0.875 -0.156692
0.890625 -0.149673
0.90625 -0.147162
0.859375 -0.146986
0.820312 -0.146492
0.796875 -0.142801
0.78125 -0.140274
0.859375 -0.138088
0.796875 -0.135154
0.75 -0.131408
0.757812 -0.125023
0.835938 -0.117809
0.859375 -0.10864
0.875 -0.102263
0.835938 -0.097705
0.859375 -0.0937302
0.859375 -0.0872245
0.820312 -0.0828395
0.875 -0.0797866
0.890625 -0.0736792
0.953125 -0.0701147
0.9375 -0.0681084
0.851562 -0.0648745
0.835938 -0.058898
0.789062 -0.0589655
0.734375 -0.0566147
0.828125 -0.0535422
0.835938 -0.0492127
0.898438 -0.0438311
0.953125 -0.0392824
0.9375 -0.0369046
0.929688 -0.0309058
0.90625 -0.0242157
0.859375 -0.0151121
0.921875 -0.0120405
0.9375 -0.00745424
0.945312 0.00131183
0.9375 0.00724354
0.90625 0.0134301
0.929688 0.0183791
0.828125 0.02034
0.828125 0.0266722
0.9375 0.0364703
0.914062 0.0492901
0.84375 0.0624638
0.835938 0.069939
0.867188 0.0810293
0.820312 0.0927691
0.804688 0.10143
0.8125 0.112479
0.828125 0.11965
0.789062 0.127599
0.804688 0.136102
0.8125 0.146266
0.789062 0.156638
0.804688 0.167722
0.796875 0.178807
0.8125 0.188356
0.8125 0.196721
0.765625 0.205599
0.742188 0.21318
0.6875 0.22232
0.601562 0.230668
0.625 0.240962
0.695312 0.249459
0.78125 0.258557
0.679688 0.264799
0.71875 0.273805
0.6875 0.277708
0.765625 0.28011
0.703125 0.285443
0.8125 0.292754
0.75 0.301851
0.703125 0.311301
0.664062 0.319531
0.695312 0.327794
0.710938 0.334871
0.710938 0.338786
0.734375 0.342097
0.773438 0.345681
0.796875 0.349567
0.78125 0.354944
0.804688 0.364057
0.65625 0.371721
0.75 0.380806
0.796875 0.389464
0.742188 0.399607
0.679688 0.410876
0.734375 0.422061
0.835938 0.432694
0.820312 0.444573
0.867188 0.451051
0.914062 0.457904
0.929688 0.46248
0.890625 0.471892
0.859375 0.483231
0.835938 0.494643
0.828125 0.503756
0.78125 0.516279
0.757812 0.526453
0.734375 0.533127
0.78125 0.538799
0.804688 0.541429
0.820312 0.537213
0.8125 0.531836
0.710938 0.523885
0.765625 0.510915
0.6875 0.498957
0.765625 0.484151
0.773438 0.470199
0.757812 0.460306
0.773438 0.450354
0.734375 0.446147
0.710938 0.439951
0.765625 0.433928
0.6875 0.427373
0.632812 0.42058
0.679688 0.414365
0.585938 0.408018
0.617188 0.397356
0.523438 0.38299
0.492188 0.368338
0.476562 0.353104
0.507812 0.338928
0.515625 0.326221
0.507812 0.309163
0.46875 0.290388
0.5 0.268309
0.5625 0.250391
0.578125 0.232431
0.640625 0.216424
0.625 0.20132
0.664062 0.18648
0.664062 0.17463
0.703125 0.157632
0.710938 0.141239
0.6875 0.121625
0.648438 0.102971
0.71875 0.0866175
0.78125 0.0676217
0.78125 0.0513839
0.742188 0.0431909
0.835938 0.0366225
0.820312 0.0326967
0.820312 0.024754
0.789062 0.0170581
0.796875 0.0119871
0.78125 0.00899424
0.835938 0.0055539
0.875 0.00580436
0.882812 0.0106247
0.867188 0.0137377
0.867188 0.0117131
0.875 0.00925884
0.882812 0.00709639
0.882812 0.0096176
0.875 0.01405
0.914062 0.0135776
0.921875 0.015155
0.859375 0.0202577
0.914062 0.0275859
0.914062 0.0385807
0.875 0.0462147
0.835938 0.0583519
0.867188 0.0600465
0.804688 0.0645208
0.851562 0.0661627
0.851562 0.0666445
0.757812 0.0654221
0.828125 0.0629606
0.8125 0.0654914
0.867188 0.0718136
0.882812 0.0749983
0.835938 0.0761727
0.726562 0.0746799
0.695312 0.0676428
0.632812 0.0580444
0.65625 0.048732
0.570312 0.0452599
0.585938 0.0379778
0.546875 0.035043
0.460938 0.0336099
0.453125 0.0254656
0.484375 0.0120895
0.601562 0.0017829
0.640625 -0.00764578
0.632812 -0.0140365
0.65625 -0.0162085
0.71875 -0.0226037
0.523438 -0.0267007
0.609375 -0.031524
0.640625 -0.0371626
0.734375 -0.0408354
0.851562 -0.0428149
0.898438 -0.0440637
0.78125 -0.0466152
0.835938 -0.0548224
0.914062 -0.064917
0.914062 -0.0683228
0.898438 -0.0741984
0.835938 -0.0828511
0.78125 -0.0922591
0.757812 -0.0991799
0.75 -0.103145
0.765625 -0.111703
0.804688 -0.118428
0.8125 -0.122464
0.789062 -0.118617
0.828125 -0.115851
0.867188 -0.113339
0.921875 -0.111308
0.914062 -0.105927
0.890625 -0.0991804
0.882812 -0.0952006
0.890625 -0.0898765
0.898438 -0.0863883
0.8125 -0.0796377
0.859375 -0.0721283
0.859375 -0.0634118
0.90625 -0.0560386
0.875 -0.0521714
0.890625 -0.0444233
0.96875 -0.0396435
0.867188 -0.0351971
0.875 -0.0330841
0.835938 -0.0250259
0.851562 -0.0186314
0.789062 -0.00964835
0.742188 -0.00283486
0.640625 0.00876058
0.65625 0.0209811
0.601562 0.0311421
0.65625 0.0400219
0.632812 0.0519684
0.539062 0.0582842
0.523438 0.0633593
0.601562 0.0689081
0.507812 0.0755092
0.429688 0.0776258
0.601562 0.0763389
0.617188 0.0729544
0.59375 0.0707656
0.59375 0.0691147
0.601562 0.0632353
0.640625 0.0546925
0.695312 0.0501345
0.75 0.0466701
0.726562 0.049389
0.765625 0.0518906
0.703125 0.0538366
0.71875 0.0541283
0.617188 0.0583942
0.664062 0.0647088
0.671875 0.0690985
0.71875 0.0667599
0.804688 0.064034
0.78125 0.0599296
0.773438 0.0574979
0.726562 0.0553473
0.75 0.0518181
0.734375 0.0487432
0.796875 0.0481684
0.835938 0.0429322
0.851562 0.0371751
0.867188 0.0331546
0.867188 0.0272053
0.851562 0.0232848
0.84375 0.0172282
0.828125 0.0120003
0.84375 0.00645337
0.875 -0.00172685
0.867188 -0.0143964
0.859375 -0.0293039
0.867188 -0.0417685
0.890625 -0.0524998
0.859375 -0.0578342
0.828125 -0.0663491
0.828125 -0.0697996
0.796875 -0.0744768
0.710938 -0.0780582
0.75 -0.0830011
0.765625 -0.0936909
0.804688 -0.100804
0.796875 -0.110761
0.804688 -0.124441
0.710938 -0.134106
0.6875 -0.145654
0.671875 -0.162567
0.726562 -0.176332
0.757812 -0.189749
0.726562 -0.205272
0.71875 -0.217289
0.6875 -0.227974
0.6875 -0.233849
0.71875 -0.240356
0.664062 -0.243076
0.6875 -0.247041
0.679688 -0.253863
0.65625 -0.264483
0.640625 -0.273383
0.664062 -0.278062
0.726562 -0.276824
0.765625 -0.277533
0.804688 -0.282996
0.742188 -0.286226
0.625 -0.286553
0.5625 -0.281951
0.65625 -0.277877
0.710938 -0.276018
0.71875 -0.267843
0.664062 -0.265778
0.734375 -0.268093
0.804688 -0.267575
0.820312 -0.260145
0.742188 -0.254395
0.726562 -0.246614
0.78125 -0.235337
0.710938 -0.220026
0.757812 -0.208452
0.671875 -0.202388
0.773438 -0.195192
0.851562 -0.187522
0.8125 -0.178148
0.882812 -0.168433
0.875 -0.156264
0.773438 -0.1467
0.710938 -0.138826
0.71875 -0.133375
0.765625 -0.125534
0.882812 -0.117801
0.914062 -0.108968
0.898438 -0.0973199
0.890625 -0.0889173
0.828125 -0.0820991
0.84375 -0.0828961
0.804688 -0.0858584
0.8125 -0.0863861
0.679688 -0.0871079
0.734375 -0.088526
0.78125 -0.0909195
0.867188 -0.0936916
0.851562 -0.090979
0.820312 -0.0866233
0.835938 -0.086501
0.898438 -0.083003
0.914062 -0.0834448
0.796875 -0.0850599
0.773438 -0.0872015
0.789062 -0.0903092
0.6875 -0.0959916
0.671875 -0.103275
0.632812 -0.108073
0.59375 -0.116761
0.601562 -0.121416
0.632812 -0.126725
0.648438 -0.134122
0.601562 -0.138371
0.71875 -0.143955
0.703125 -0.147807
0.664062 -0.150629
0.617188 -0.153783
0.625 -0.155145
0.695312 -0.152731
0.6875 -0.148344
0.625 -0.145271
0.59375 -0.143296
0.507812 -0.142416
0.585938 -0.143847
0.648438 -0.146277
0.726562 -0.145844
0.65625 -0.147872
0.570312 -0.150394
0.601562 -0.155027
0.640625 -0.156944
0.664062 -0.157089
0.65625 -0.155266
0.664062 -0.155419
0.71875 -0.158111
0.695312 -0.16418
0.632812 -0.168975
0.570312 -0.177392
0.554688 -0.180389
0.585938 -0.188193
0.664062 -0.192562
0.671875 -0.193968
0.609375 -0.196905
0.539062 -0.204673
0.546875 -0.215834
0.53125 -0.220065
0.609375 -0.223696
0.570312 -0.226365
0.5625 -0.23079
0.507812 -0.236733
0.429688 -0.238909
0.421875 -0.244893
0.34375 -0.249685
0.34375 -0.25528
0.414062 -0.255721
0.4375 -0.257149
0.492188 -0.251222
0.554688 -0.244569
0.59375 -0.234797
0.570312 -0.2227
0.53125 -0.210355
0.515625 -0.196273
0.609375 -0.182583
0.664062 -0.171855
0.617188 -0.157096
0.726562 -0.148707
0.765625 -0.141415
0.796875 -0.133553
0.835938 -0.124763
0.867188 -0.113109
0.835938 -0.0986212
0.867188 -0.0868514
0.882812 -0.0776755
0.8125 -0.0659224
0.8125 -0.0568283
0.757812 -0.0492704
0.726562 -0.0428701
0.8125 -0.0310875
0.75 -0.017546
0.820312 -0.0087027
0.796875 -0.00356328
0.820312 0.0035056
0.851562 0.0109475
0.90625 0.0187126
0.96875 0.027901
0.953125 0.0447314
0.914062 0.0556666
0.882812 0.0706943
0.84375 0.0814786
0.867188 0.0918265
0.835938 0.0973178
0.820312 0.0949984
0.773438 0.094199
0.773438 0.0899807
0.789062 0.0883999
0.78125 0.0822066
0.703125 0.0805128
0.695312 0.076968
0.742188 0.074113
0.757812 0.0705839
0.710938 0.06854
0.625 0.0675823
0.539062 0.0644192
0.4375 0.0603402
0.492188 0.0603524
0.476562 0.0562906
0.453125 0.0509647
0.46875 0.0440425
0.40625 0.042057
0.40625 0.040946
0.507812 0.0378316
0.40625 0.0344678
0.46875 0.0381723
0.367188 0.0403642
0.414062 0.0410965
0.476562 0.044397
0.414062 0.0545504
0.351562 0.0600568
0.28125 0.066168
0.25 0.0705409
0.28125 0.0709493
0.25 0.0683164
0.296875 0.0659036
0.367188 0.0589264
0.351562 0.0492874
0.25 0.0412481
0.242188 0.0312409
0.234375 0.0201475
0.414062 0.0102829
0.4375 0.00382379
0.476562 -0.00196578
0.414062 -0.00563268
0.523438 -0.0157152
0.5 -0.0306563
0.539062 -0.0476857
0.421875 -0.0625079
0.421875 -0.074868
0.546875 -0.0866174
0.554688 -0.100965
0.570312 -0.110143
0.671875 -0.120752
0.695312 -0.131061
0.671875 -0.142218
0.578125 -0.153908
0.476562 -0.165509
0.460938 -0.176931
0.507812 -0.1927
0.445312 -0.207616
0.414062 -0.22542
0.359375 -0.240005
0.351562 -0.250486
0.390625 -0.262937
0.484375 -0.26488
0.585938 -0.264648
0.53125 -0.268698
0.640625 -0.271552
0.65625 -0.27067
0.648438 -0.273688
0.59375 -0.274978
0.625 -0.283466
0.703125 -0.287845
0.632812 -0.293492
0.632812 -0.301972
0.601562 -0.309038
0.664062 -0.314444
0.664062 -0.318626
0.820312 -0.316198
0.84375 -0.308375
0.828125 -0.301701
0.734375 -0.297227
0.773438 -0.2987
0.859375 -0.306089
0.875 -0.308401
0.84375 -0.312957
0.773438 -0.315152
0.78125 -0.320928
0.804688 -0.325625
0.765625 -0.335656
0.835938 -0.339512
0.75 -0.345968
0.742188 -0.352702
0.820312 -0.368136
0.835938 -0.381645
0.84375 -0.393317
0.796875 -0.397682
0.78125 -0.406158
0.867188 -0.414698
0.757812 -0.421422
0.703125 -0.434699
0.726562 -0.448794
0.71875 -0.458803
0.789062 -0.460362
0.75 -0.45991
0.796875 -0.461884
0.851562 -0.464055
0.84375 -0.465091
0.804688 -0.463935
0.875 -0.46271
0.882812 -0.464353
0.890625 -0.469762
0.921875 -0.476105
0.921875 -0.484556
0.90625 -0.489528
0.898438 -0.497776
0.78125 -0.498374
0.75 -0.50005
0.78125 -0.505211
0.789062 -0.507463
0.8125 -0.512912
0.757812 -0.519955
0.664062 -0.526478
0.65625 -0.530835
0.570312 -0.533539
0.664062 -0.536414
0.648438 -0.538571
0.671875 -0.536567
0.71875 -0.528754
0.726562 -0.521323
0.71875 -0.511062
0.765625 -0.49977
0.78125 -0.487545
0.796875 -0.475343
0.820312 -0.463252
0.75 -0.45342
0.742188 -0.447472
0.804688 -0.44818
0.796875 -0.449322
0.875 -0.451775
0.898438 -0.456183
0.929688 -0.461625
0.914062 -0.465232
0.882812 -0.466663
0.882812 -0.469092
0.820312 -0.468322
0.859375 -0.46582
0.875 -0.463934
0.8125 -0.465198
0.765625 -0.464958
0.773438 -0.465861
0.796875 -0.462496
0.773438 -0.456148
0.8125 -0.44749
0.8125 -0.436154
0.804688 -0.427234
0.765625 -0.422413
0.828125 -0.417926
0.835938 -0.412284
0.875 -0.403378
0.820312 -0.396481
0.789062 -0.391422
0.757812 -0.386873
0.78125 -0.380155
0.796875 -0.367244
0.734375 -0.361061
0.773438 -0.351479
0.75 -0.336827
0.773438 -0.318911
0.796875 -0.302237
0.765625 -0.287414
0.742188 -0.273842
0.875 -0.258247
0.835938 -0.240746
0.835938 -0.221917
0.820312 -0.209498
0.796875 -0.199295
0.804688 -0.196142
0.851562 -0.190118
0.851562 -0.17934
0.875 -0.171345
0.84375 -0.167896
0.835938 -0.166859
0.859375 -0.168919
0.898438 -0.166403
0.882812 -0.164518
0.875 -0.162389
0.953125 -0.158325
0.929688 -0.156657
0.898438 -0.150736
0.851562 -0.150716
0.773438 -0.151261
0.695312 -0.152877
0.695312 -0.167496
0.640625 -0.177421
0.710938 -0.192488
0.71875 -0.205677
0.742188 -0.223138
0.773438 -0.238767
0.734375 -0.248174
0.671875 -0.258135
0.6875 -0.270476
0.6875 -0.282635
0.625 -0.29447
0.53125 -0.300817
0.578125 -0.311574
0.570312 -0.326567
0.539062 -0.343423
0.585938 -0.356376
0.523438 -0.369203
0.53125 -0.38644
0.53125 -0.399476
0.5625 -0.412278
0.523438 -0.426296
0.46875 -0.440212
0.546875 -0.442975
0.5 -0.435938
0.4375 -0.430851
0.375 -0.427149
0.375 -0.415444
0.398438 -0.412102
0.335938 -0.41009
0.335938 -0.403039
0.3125 -0.39058
0.179688 -0.381756
0.25 -0.385508
0.40625 -0.387232
0.507812 -0.378482
0.625 -0.371379
0.648438 -0.362907
0.695312 -0.350483
0.742188 -0.335441
0.75 -0.318401
0.710938 -0.302196
0.765625 -0.276811
0.851562 -0.247366
0.820312 -0.221303
0.875 -0.200612
0.921875 -0.179731
0.929688 -0.158684
0.921875 -0.142446
0.914062 -0.125722
0.882812 -0.10758
0.921875 -0.0898924
0.84375 -0.0703981
0.914062 -0.0480369
0.890625 -0.028659
0.875 -0.00652023
0.851562 0.0126612
0.789062 0.0265156
0.796875 0.0351387
0.773438 0.0428642
0.71875 0.0501741
0.6875 0.058587
0.609375 0.0663632
0.578125 0.0793912
0.554688 0.0904782
0.515625 0.100598
0.539062 0.105936
0.5625 0.11561
0.625 0.120625
0.640625 0.134681
0.679688 0.143154
0.726562 0.151683
0.71875 0.152754
0.703125 0.155281
0.640625 0.155457
0.5625 0.154082
0.65625 0.15427
0.710938 0.156419
0.640625 0.158495
0.679688 0.163395
0.625 0.170019
0.476562 0.18243
0.5 0.191883
0.507812 0.196481
0.539062 0.192659
0.523438 0.189321
0.453125 0.185822
0.367188 0.177782
0.203125 0.166397
0.242188 0.149593
0.304688 0.13986
0.3125 0.123281
0.359375 0.113219
0.382812 0.0988514
0.484375 0.0851515
0.351562 0.0760456
0.304688 0.0579018
0.257812 0.0362451
0.21875 0.0125702
0.203125 -0.00907104
0.140625 -0.0278986
0.210938 -0.04023
0.046875 -0.0574431
0.015625 -0.0759988
0.0625 -0.0962789
0.101562 -0.114356
0.179688 -0.123824
0.195312 -0.130477
0.171875 -0.135898
0.140625 -0.148095
0.171875 -0.162966
0.171875 -0.180774
0.164062 -0.194995
0.226562 -0.20556
0.328125 -0.224672
0.328125 -0.245295
0.421875 -0.256358
0.4375 -0.261408
0.429688 -0.259013
0.375 -0.257091
0.351562 -0.260908
0.25 -0.25526
0.289062 -0.251074
0.257812 -0.250587
0.34375 -0.252673
0.242188 -0.251864
0.1875 -0.255318
0.15625 -0.253904
0.359375 -0.254709
0.367188 -0.245648
0.382812 -0.232977
0.429688 -0.22247
0.570312 -0.215493
0.773438 -0.206074
0.820312 -0.193588
0.84375 -0.180956
0.851562 -0.1729
0.898438 -0.159904
0.914062 -0.145939
0.875 -0.128136
0.882812 -0.118538
0.945312 -0.114656
0.90625 -0.114019
0.898438 -0.119847
0.929688 -0.126026
0.859375 -0.130405
0.875 -0.129345
0.828125 -0.130361
0.835938 -0.135048
0.851562 -0.144301
0.828125 -0.149367
0.84375 -0.159971
0.898438 -0.175309
0.820312 -0.185988
0.71875 -0.197034
0.65625 -0.211176
0.695312 -0.229765
0.679688 -0.246965
0.664062 -0.262605
0.617188 -0.278183
0.695312 -0.297936
0.609375 -0.318062
0.679688 -0.331972
0.734375 -0.349986
0.609375 -0.368686
0.609375 -0.3854
0.539062 -0.397312
0.515625 -0.40587
0.664062 -0.42082
0.671875 -0.432604
0.632812 -0.442299
0.6875 -0.453407
0.71875 -0.472263
0.796875 -0.495796
0.804688 -0.512839
0.789062 -0.531713
0.742188 -0.540934
0.679688 -0.547636
0.78125 -0.554923
0.78125 -0.561042
0.765625 -0.574088
0.796875 -0.582609
0.851562 -0.596043
0.84375 -0.603648
0.835938 -0.607064
0.820312 -0.607981
0.789062 -0.613956
0.742188 -0.615339
0.757812 -0.614764
0.710938 -0.613614
0.734375 -0.608584
0.710938 -0.603071
0.671875 -0.609285
0.742188 -0.616813
0.8125 -0.612507
0.804688 -0.607997
0.828125 -0.605915
0.875 -0.611132
0.882812 -0.612818
0.890625 -0.618958
0.929688 -0.622206
0.898438 -0.631698
0.882812 -0.62669
0.867188 -0.617363
0.914062 -0.604159
0.914062 -0.582928
0.882812 -0.558343
0.84375 -0.529382
0.742188 -0.512738
0.804688 -0.500386
0.796875 -0.498786
0.789062 -0.491918
0.789062 -0.493412
0.789062 -0.4923
0.765625 -0.483967
0.804688 -0.467916
0.78125 -0.454207
0.820312 -0.445039
0.820312 -0.431181
0.757812 -0.411569
0.703125 -0.389681
0.789062 -0.360726
0.757812 -0.328818
0.757812 -0.294203
0.726562 -0.275629
0.703125 -0.258257
0.695312 -0.242709
0.703125 -0.230565
0.804688 -0.219583
0.78125 -0.203747
0.78125 -0.177719
0.648438 -0.155254
0.773438 -0.134391
0.734375 -0.119906
0.6875 -0.107102
0.679688 -0.0903026
0.703125 -0.0756917
0.710938 -0.0728159
0.648438 -0.0774489
0.664062 -0.0718231
0.570312 -0.066537
0.46875 -0.05877
0.429688 -0.0533757
0.46875 -0.0461735
0.476562 -0.0256457
0.367188 0.00181251
0.382812 0.0265781
0.421875 0.0553729
0.4375 0.0787774
0.4375 0.104247
0.398438 0.116565
0.40625 0.113348
0.421875 0.106209
0.4375 0.0995958
0.476562 0.109541
0.40625 0.110205
0.34375 0.127901
0.335938 0.134983
0.3125 0.152027
0.296875 0.175652
0.328125 0.220795
0.265625 0.25564
0.179688 0.288479
0.171875 0.314631
0.195312 0.349517
0.15625 0.392316
0.0859375 0.434871
0.015625 0.480789
0.0390625 0.513574
0.09375 0.548656
0.179688 0.594855
0.125 0.65388
0.09375 0.706854
0.0859375 0.75515
0.132812 0.800279
0.21875 0.843759
0.265625 0.888549
0.289062 0.933524
0.171875 0.971666
0.195312 1.00894
0.125 1.04553
0.148438 1.09671
0.132812 1.13678
0.179688 1.17534
0.148438 1.22989
0.140625 1.29224
0.203125 1.35456
0.226562 1.41187
0.226562 1.45672
0.1875 1.50292
0.078125 1.51631
0.0703125 1.52359
0.117188 1.51931
0.179688 1.51441
0.195312 1.50498
0.296875 1.51051
0.265625 1.52867
0.203125 1.55114
0.117188 1.57819
0.109375 1.59415
0.15625 1.60378
0.15625 1.61379
0.132812 1.61207
0.0859375 1.59984
0.101562 1.60999
0.117188 1.61674
0.0078125 1.59856
0.015625 1.5719
0.0625 1.549
0.046875 1.5311
0.046875 1.50152
0.171875 1.47907
0.304688 1.46816
0.171875 1.46933
0.164062 1.45066
0.148438 1.42913
0.0859375 1.39435
0.09375 1.34172
0.0078125 1.26583
0.0546875 1.18999
0.117188 1.13087
0.09375 1.07675
0.03125 1.0379
0.03125 0.984824
0.0234375 0.95486
0.015625 0.923203
0.0625 0.906417
0.03125 0.880396
0.101562 0.848975
0.0546875 0.817381
0.0390625 0.792583
0.015625 0.746115
0.0859375 0.684657
0.046875 0.625719
0.0390625 0.570081
0 0.514089
0.171875 0.455938
0.273438 0.383578
0.296875 0.304095
0.203125 0.223573
0.265625 0.161155
0.1875 0.11335
0.195312 0.083882
0.109375 0.0447168
0.078125 0.0237812
0.0859375 -0.00670994
0.078125 -0.0407781
0.148438 -0.0388643
0.195312 -0.0443947
0.195312 -0.0291172
0.273438 -0.0109863
0.359375 0.00981329
0.359375 0.0299909
0.351562 0.04931
0.414062 0.0500301
0.398438 0.0445729
0.539062 0.0270183
0.585938 0.00355607
0.671875 -0.0372768
0.703125 -0.0809742
0.703125 -0.0982742
0.679688 -0.109513
0.601562 -0.123254
0.679688 -0.142662
0.71875 -0.134043
0.734375 -0.135324
0.726562 -0.134235
0.75 -0.144171
0.757812 -0.162623
0.640625 -0.172872
0.625 -0.169666
0.617188 -0.153484
0.632812 -0.137141
0.609375 -0.110385
0.640625 -0.0740972
0.710938 -0.0388347
0.828125 -0.0101126
0.882812 -0.00496283
0.867188 -0.0127435
0.804688 0.0064895
0.828125 0.0226048
0.828125 0.027262
0.8125 0.0321977
0.828125 0.0144273
0.742188 0.0233416
0.828125 0.0317886
0.851562 0.00238009
0.875 -0.000678534
0.921875 -0.00477777
0.875 -0.00286613
0.867188 0.0231606
0.882812 -0.0277605
0.835938 0.005816
0.804688 0.0146563
0.835938 -0.00820754
0.789062 -0.0210685
0.90625 0.0238844
0.8125 0
0.8125 0
