0.695312 1
0.648438 0.958026
0.5625 0.916925
0.539062 0.877917
0.53125 0.842401
0.585938 0.807811
0.546875 0.774203
0.492188 0.742366
0.59375 0.711846
0.640625 0.683538
0.671875 0.657148
0.6875 0.631209
0.679688 0.607258
0.617188 0.583637
0.492188 0.561828
0.453125 0.541169
0.445312 0.518884
0.507812 0.495946
0.40625 0.474231
0.335938 0.452638
0.476562 0.430671
0.476562 0.409766
0.421875 0.389914
0.242188 0.369866
0.28125 0.349976
0.265625 0.330845
0.3125 0.312709
0.359375 0.295619
0.390625 0.280446
0.335938 0.266389
0.445312 0.251691
0.539062 0.238421
0.492188 0.225998
0.476562 0.214369
0.445312 0.202162
0.460938 0.189626
0.46875 0.177126
0.421875 0.16497
0.445312 0.152261
0.523438 0.139596
0.507812 0.128267
0.414062 0.116711
0.523438 0.105885
0.648438 0.096105
0.640625 0.0877
0.59375 0.0795483
0.554688 0.0714827
0.601562 0.064025
0.570312 0.0562062
0.585938 0.0488588
0.585938 0.041237
0.609375 0.0345507
0.71875 0.0286016
0.796875 0.0212311
0.796875 0.0120552
0.695312 0.00217736
0.703125 -0.00710317
0.742188 -0.0171793
0.726562 -0.0296788
0.6875 -0.0417042
0.71875 -0.0530224
0.789062 -0.0635064
0.695312 -0.0728299
0.703125 -0.079484
0.71875 -0.0843087
0.71875 -0.0903301
0.742188 -0.0955203
0.757812 -0.101556
0.6875 -0.106885
0.671875 -0.113237
0.734375 -0.119037
0.664062 -0.126053
0.65625 -0.133505
0.648438 -0.13892
0.601562 -0.145586
0.546875 -0.150791
0.609375 -0.156266
0.46875 -0.160726
0.539062 -0.16644
0.570312 -0.170861
0.570312 -0.175373
0.515625 -0.180898
0.429688 -0.18544
0.453125 -0.188838
0.5 -0.189701
0.476562 -0.18774
0.484375 -0.186612
0.421875 -0.184715
0.453125 -0.182609
0.476562 -0.1796
0.46875 -0.177394
0.453125 -0.174217
0.460938 -0.171122
0.414062 -0.166186
0.40625 -0.160723
0.40625 -0.153751
0.539062 -0.148971
0.617188 -0.143043
0.65625 -0.136895
0.75 -0.130539
0.695312 -0.124235
0.703125 -0.117254
0.710938 -0.109249
0.75 -0.1029
0.65625 -0.0970213
0.625 -0.0898789
0.78125 -0.0837149
0.742188 -0.0781888
0.757812 -0.073651
0.71875 -0.0691935
0.710938 -0.0657806
0.742188 -0.0635738
0.78125 -0.0593299
0.703125 -0.0545899
0.703125 -0.0510542
0.671875 -0.0480577
0.734375 -0.0466289
0.796875 -0.0436646
0.703125 -0.0413122
0.710938 -0.040028
0.742188 -0.0371526
0.773438 -0.0358131
0.734375 -0.033679
0.679688 -0.0308714
0.640625 -0.0265062
0.648438 -0.0217229
0.695312 -0.018349
0.703125 -0.0162686
0.523438 -0.0148298
0.609375 -0.0117624
0.695312 -0.00875867
0.710938 -0.00634477
0.75 -0.00265878
0.703125 0.000824828
0.679688 0.00388237
0.6875 0.00587588
0.703125 0.00791759
0.671875 0.00874611
0.640625 0.00899103
0.632812 0.00944909
0.640625 0.00787979
0.695312 0.00698283
0.6875 0.00841932
0.695312 0.0090427
0.679688 0.0104809
0.71875 0.0112599
0.765625 0.0123871
0.804688 0.0118788
0.859375 0.0121765
0.828125 0.0117899
0.757812 0.0116994
0.726562 0.0119313
0.703125 0.0156922
0.671875 0.0192027
0.585938 0.0234697
0.617188 0.0273513
0.5625 0.0311938
0.445312 0.0338894
0.484375 0.0349906
0.5 0.0346016
0.484375 0.0317749
0.476562 0.0310743
0.4375 0.0296192
0.5 0.0291943
0.59375 0.0287537
0.609375 0.0283592
0.609375 0.0289374
0.640625 0.0308799
0.617188 0.0334118
0.617188 0.0350536
0.515625 0.0384513
0.421875 0.0415647
0.484375 0.0447911
0.484375 0.0478393
0.617188 0.0490665
0.40625 0.0492303
0.5 0.0486974
0.492188 0.0488702
0.46875 0.046168
0.53125 0.0435519
0.476562 0.041666
0.46875 0.0389563
0.539062 0.0367604
0.539062 0.0354282
0.507812 0.0337067
0.625 0.0320447
0.726562 0.0310675
0.695312 0.0306838
0.6875 0.0314371
0.6875 0.031516
0.726562 0.0304954
0.765625 0.0304957
0.84375 0.0293974
0.867188 0.0278046
0.875 0.026917
0.835938 0.0245135
0.84375 0.0211112
0.710938 0.0172086
0.710938 0.0147817
0.75 0.01032
0.695312 0.00486954
0.75 -0.000908694
0.6875 -0.00423713
0.734375 -0.00739667
0.734375 -0.0109579
0.757812 -0.0127301
0.820312 -0.013049
0.84375 -0.0139977
0.914062 -0.0142547
0.875 -0.0141988
0.84375 -0.0133133
0.789062 -0.0139851
0.804688 -0.0162069
0.617188 -0.0171757
0.65625 -0.0180909
0.609375 -0.018427
0.585938 -0.0185781
0.539062 -0.0203665
0.570312 -0.0205314
0.492188 -0.021112
0.515625 -0.0217994
0.570312 -0.0221391
0.617188 -0.0222662
0.609375 -0.0225246
0.609375 -0.0240983
0.554688 -0.0261914
0.6875 -0.028165
0.695312 -0.0292395
0.710938 -0.0296429
0.773438 -0.0301036
0.679688 -0.0337043
0.601562 -0.0356162
0.617188 -0.0383756
0.664062 -0.0425684
0.59375 -0.0451498
0.632812 -0.0483315
0.648438 -0.051118
0.804688 -0.0550489
0.789062 -0.0570338
0.804688 -0.0593339
0.78125 -0.061856
0.703125 -0.0637785
0.671875 -0.0659349
0.632812 -0.0685035
0.648438 -0.0705435
0.648438 -0.0742398
0.65625 -0.0776147
0.664062 -0.0810118
0.710938 -0.0848065
0.664062 -0.0877733
0.640625 -0.0875288
0.65625 -0.0862928
0.664062 -0.084198
0.742188 -0.0806417
0.734375 -0.0783833
0.710938 -0.0786162
0.671875 -0.0785086
0.6875 -0.0781953
0.757812 -0.0770128
0.734375 -0.0755408
0.710938 -0.0745927
0.71875 -0.073729
0.789062 -0.0708103
0.804688 -0.0697486
0.742188 -0.069028
0.820312 -0.0668266
0.796875 -0.067427
0.851562 -0.0697083
0.867188 -0.0729909
0.804688 -0.0751711
0.75 -0.0769275
0.679688 -0.0809665
0.53125 -0.0847463
0.578125 -0.0902953
0.59375 -0.0973956
0.625 -0.103361
0.734375 -0.109018
0.6875 -0.115371
0.6875 -0.120078
0.703125 -0.125521
0.671875 -0.128586
0.578125 -0.130472
0.65625 -0.131348
0.71875 -0.130679
0.703125 -0.127323
0.710938 -0.123095
0.78125 -0.1186
0.773438 -0.112935
0.710938 -0.107104
0.8125 -0.102689
0.75 -0.0978703
0.695312 -0.0929817
0.6875 -0.0875813
0.640625 -0.0801932
0.75 -0.0727233
0.773438 -0.0665633
0.789062 -0.0614168
0.796875 -0.0561163
0.8125 -0.0500017
0.867188 -0.0437166
0.8125 -0.0364269
0.78125 -0.0291884
0.671875 -0.0221703
0.757812 -0.016254
0.851562 -0.00915805
0.90625 -0.00132591
0.84375 0.00444523
0.820312 0.00942572
0.835938 0.0146385
0.796875 0.0208683
0.789062 0.0268752
0.734375 0.0333043
0.710938 0.0369512
0.679688 0.0390271
0.773438 0.0404451
0.648438 0.0429217
0.601562 0.0431267
0.585938 0.0459023
0.46875 0.0481335
0.398438 0.0508937
0.34375 0.0521887
0.382812 0.0523059
0.359375 0.0514035
0.382812 0.0496058
0.453125 0.0466179
0.4375 0.043254
0.515625 0.0405582
0.398438 0.0399123
0.367188 0.038967
0.351562 0.0377929
0.375 0.0359515
0.421875 0.034818
0.390625 0.0317946
0.46875 0.0296498
0.375 0.0259671
0.375 0.0188848
0.3125 0.0122102
0.351562 0.0063793
0.351562 0.00252777
0.421875 -0.00281027
0.476562 -0.00828802
0.476562 -0.0124047
0.5 -0.0173509
0.53125 -0.0236644
0.554688 -0.0308802
0.601562 -0.0374377
0.742188 -0.043599
0.65625 -0.0479619
0.625 -0.0521554
0.609375 -0.0556416
0.632812 -0.0593364
0.632812 -0.0633952
0.578125 -0.0664564
0.609375 -0.0691647
0.632812 -0.0723319
0.59375 -0.0732562
0.625 -0.0743927
0.523438 -0.0766039
0.585938 -0.0796417
0.609375 -0.0851639
0.601562 -0.0888812
0.71875 -0.0927648
0.84375 -0.0966923
0.859375 -0.100371
0.726562 -0.102772
0.75 -0.105862
0.726562 -0.109133
0.742188 -0.110544
0.75 -0.111236
0.742188 -0.113447
0.726562 -0.114074
0.75 -0.113979
0.78125 -0.114278
0.8125 -0.115478
0.84375 -0.117145
0.8125 -0.119615
0.742188 -0.123584
0.757812 -0.12806
0.765625 -0.128775
0.820312 -0.126946
0.742188 -0.126431
0.757812 -0.126106
0.734375 -0.125274
0.671875 -0.122851
0.703125 -0.119658
0.648438 -0.11668
0.5625 -0.113027
0.476562 -0.110562
0.328125 -0.110357
0.140625 -0.111658
0.03125 -0.113324
0.046875 -0.118312
0.09375 -0.123291
0.0078125 -0.127333
0.0234375 -0.129171
0.101562 -0.129243
0.09375 -0.128146
0.117188 -0.12751
0.117188 -0.127447
0.164062 -0.12706
0.273438 -0.127399
0.398438 -0.127866
0.414062 -0.128972
0.460938 -0.129941
0.3125 -0.131134
0.34375 -0.132021
0.34375 -0.132405
0.34375 -0.132247
0.414062 -0.129921
0.40625 -0.127678
0.484375 -0.12618
0.5 -0.122992
0.539062 -0.12172
0.3125 -0.122881
0.1875 -0.124549
0.117188 -0.124136
0.15625 -0.12627
0.234375 -0.12776
0.195312 -0.129109
0.28125 -0.129174
0.242188 -0.128685
0.296875 -0.127828
0.265625 -0.125876
0.21875 -0.121727
0.21875 -0.118628
0.1875 -0.115376
0.265625 -0.112435
0.234375 -0.106976
0.210938 -0.101492
0.164062 -0.0975702
0.140625 -0.0936177
0.226562 -0.0910322
0.296875 -0.0866021
0.289062 -0.0823686
0.367188 -0.0769858
0.414062 -0.073113
0.445312 -0.0691429
0.453125 -0.0657272
0.40625 -0.0605646
0.5625 -0.055446
0.578125 -0.0514293
0.617188 -0.0480669
0.65625 -0.0442847
0.601562 -0.038085
0.640625 -0.0312917
0.65625 -0.0245286
0.679688 -0.0182459
0.71875 -0.0132824
0.796875 -0.00891999
0.789062 -0.00404058
0.734375 5.267e-05
0.820312 0.00349602
0.789062 0.00680822
0.757812 0.0106004
0.851562 0.0135841
0.90625 0.0173356
0.875 0.0212357
0.867188 0.0260671
0.804688 0.0305495
0.765625 0.0346945
0.835938 0.040782
0.921875 0.0474456
0.898438 0.0529584
0.890625 0.0587852
0.882812 0.0632352
0.820312 0.0663579
0.867188 0.0702008
0.835938 0.076614
0.84375 0.0796977
0.84375 0.0819917
0.828125 0.0826217
0.765625 0.0829961
0.757812 0.0840458
0.773438 0.0865048
0.789062 0.0906108
0.828125 0.0951978
0.84375 0.0999335
0.804688 0.103027
0.78125 0.107403
0.75 0.11078
0.726562 0.115054
0.601562 0.11853
0.554688 0.122734
0.578125 0.128308
0.46875 0.132498
0.578125 0.139078
0.5625 0.145119
0.578125 0.150264
0.570312 0.155272
0.460938 0.160438
0.375 0.165074
0.40625 0.17047
0.429688 0.172406
0.390625 0.174092
0.453125 0.175675
0.40625 0.176832
0.382812 0.178531
0.421875 0.179399
0.453125 0.178261
0.5 0.176889
0.625 0.176363
0.695312 0.176862
0.734375 0.174965
0.679688 0.173256
0.617188 0.17345
0.640625 0.170704
0.703125 0.167327
0.796875 0.165788
0.742188 0.163849
0.679688 0.16227
0.640625 0.159851
0.710938 0.157479
0.65625 0.15271
0.570312 0.148791
0.601562 0.145739
0.625 0.142183
0.59375 0.139321
0.578125 0.135392
0.625 0.130153
0.640625 0.126048
0.640625 0.121731
0.742188 0.117522
0.695312 0.115369
0.585938 0.114262
0.5625 0.113903
0.625 0.113885
0.609375 0.113324
0.65625 0.111991
0.679688 0.110595
0.710938 0.108005
0.671875 0.104871
0.65625 0.101858
0.703125 0.0978326
0.710938 0.0916016
0.664062 0.0821769
0.609375 0.0723416
0.484375 0.063063
0.367188 0.053664
0.25 0.0445301
0.273438 0.0347008
0.25 0.0269297
0.328125 0.0188066
0.25 0.0118592
0.195312 0.00539474
0.15625 -0.000572116
0.234375 -0.00693962
0.273438 -0.0131981
0.296875 -0.0186356
0.3125 -0.0231476
0.390625 -0.0270922
0.453125 -0.0316313
0.382812 -0.034559
0.398438 -0.0362224
0.484375 -0.0367589
0.546875 -0.0383356
0.578125 -0.0408348
0.5625 -0.0420073
0.546875 -0.0422864
0.5625 -0.0435117
0.539062 -0.0448323
0.46875 -0.0461658
0.421875 -0.04859
0.351562 -0.0486268
0.40625 -0.0491534
0.453125 -0.0511585
0.460938 -0.0519947
0.367188 -0.0513286
0.453125 -0.0502898
0.507812 -0.0477952
0.546875 -0.0462553
0.625 -0.0450391
0.65625 -0.0467951
0.734375 -0.047923
0.703125 -0.0496613
0.726562 -0.0515126
0.78125 -0.0537448
0.78125 -0.0564445
0.6875 -0.0586156
0.671875 -0.0599559
0.757812 -0.0617767
0.804688 -0.0617122
0.851562 -0.0621802
0.882812 -0.0613612
0.898438 -0.0607605
0.890625 -0.058998
0.859375 -0.0570871
0.828125 -0.0534842
0.84375 -0.0521472
0.828125 -0.0523591
0.84375 -0.0517932
0.851562 -0.0502664
0.890625 -0.0459384
0.78125 -0.0399421
0.78125 -0.0311425
0.882812 -0.0243243
0.882812 -0.0186599
0.867188 -0.0134761
0.882812 -0.00842857
0.890625 -0.00386905
0.789062 0.000977583
0.796875 0.00776549
0.882812 0.0165058
0.789062 0.0259736
0.664062 0.0332825
0.648438 0.0382065
0.710938 0.042429
0.71875 0.0468939
0.734375 0.0500524
0.695312 0.0550583
0.664062 0.0605158
0.617188 0.0622641
0.65625 0.0647051
0.726562 0.0664593
0.789062 0.0687057
0.742188 0.0714535
0.640625 0.0740235
0.65625 0.0775988
0.625 0.0807148
0.671875 0.0853684
0.695312 0.0904087
0.71875 0.0927077
0.742188 0.0946327
0.65625 0.0959848
0.59375 0.0965945
0.640625 0.0969595
0.664062 0.0971604
0.84375 0.0992925
0.882812 0.100158
0.890625 0.100603
0.867188 0.0996959
0.90625 0.0991877
0.9375 0.0974779
0.890625 0.0958061
0.867188 0.0959889
0.828125 0.0973152
0.8125 0.0981526
0.789062 0.0975779
0.859375 0.0988305
0.929688 0.101261
0.921875 0.103641
0.882812 0.1047
0.890625 0.104141
0.789062 0.104364
0.8125 0.107035
0.84375 0.109826
0.859375 0.110641
0.8125 0.11052
0.789062 0.108713
0.765625 0.106733
0.804688 0.106327
0.859375 0.107194
0.75 0.107802
0.789062 0.107194
0.726562 0.105441
0.71875 0.105117
0.789062 0.106301
0.789062 0.107761
0.828125 0.110714
0.84375 0.113581
0.828125 0.119378
0.804688 0.122158
0.8125 0.126911
0.835938 0.132347
0.828125 0.136464
0.695312 0.140827
0.75 0.146168
0.734375 0.149512
0.695312 0.151778
0.65625 0.153481
0.632812 0.155341
0.695312 0.154721
0.71875 0.151862
0.71875 0.148793
0.75 0.144304
0.59375 0.140486
0.59375 0.136867
0.65625 0.130861
0.65625 0.126133
0.648438 0.122886
0.679688 0.12065
0.578125 0.119156
0.609375 0.117999
0.546875 0.114404
0.46875 0.11188
0.414062 0.107153
0.398438 0.10215
0.40625 0.0952643
0.359375 0.0879932
0.390625 0.081585
0.429688 0.0754845
0.53125 0.0720847
0.46875 0.0678078
0.570312 0.0628893
0.601562 0.0581028
0.585938 0.0536255
0.710938 0.0499219
0.765625 0.0471734
0.742188 0.0435696
0.742188 0.0410053
0.773438 0.0396058
0.75 0.0363505
0.6875 0.0347181
0.617188 0.0300472
0.578125 0.0253157
0.585938 0.0204408
0.640625 0.0158018
0.539062 0.0120982
0.5625 0.00821888
0.492188 0.0045829
0.429688 0.00159844
0.375 -0.000625957
0.34375 -0.0033074
0.257812 -0.00661841
0.195312 -0.0105718
0.296875 -0.0130745
0.335938 -0.014996
0.28125 -0.0159895
0.195312 -0.0168218
0.21875 -0.0182605
0.25 -0.0217472
0.148438 -0.0257763
0.0546875 -0.0304072
0.09375 -0.0355162
0.1875 -0.0423621
0.0234375 -0.0509938
0.0703125 -0.059307
0.0625 -0.0652013
0.09375 -0.0699256
0.0625 -0.0740786
0.101562 -0.0780079
0.132812 -0.0810122
0.101562 -0.0836005
0.0703125 -0.0862036
0.0703125 -0.0907413
0.101562 -0.0970803
0.0078125 -0.102902
0.101562 -0.107517
0.0234375 -0.113307
0.125 -0.117279
0.1875 -0.119501
0.289062 -0.123305
0.351562 -0.128661
0.429688 -0.134737
0.492188 -0.139834
0.523438 -0.145131
0.523438 -0.148909
0.484375 -0.153256
0.421875 -0.156943
0.40625 -0.15947
0.523438 -0.160598
0.632812 -0.160173
0.6875 -0.158484
0.71875 -0.155874
0.734375 -0.153868
0.734375 -0.150901
0.640625 -0.148987
0.640625 -0.148595
0.609375 -0.150002
0.640625 -0.149736
0.6875 -0.15021
0.710938 -0.149035
0.734375 -0.145779
0.695312 -0.142375
0.742188 -0.140718
0.75 -0.139687
0.8125 -0.138332
0.835938 -0.136552
0.8125 -0.133866
0.71875 -0.132267
0.804688 -0.130032
0.773438 -0.12935
0.882812 -0.12803
0.804688 -0.127003
0.796875 -0.125112
0.804688 -0.124028
0.828125 -0.121274
0.757812 -0.119099
0.765625 -0.118038
0.726562 -0.117487
0.796875 -0.116692
0.8125 -0.115802
0.742188 -0.112863
0.820312 -0.111026
0.71875 -0.1094
0.65625 -0.10412
0.6875 -0.0983699
0.710938 -0.0943546
0.773438 -0.0910458
0.773438 -0.0868699
0.757812 -0.0834661
0.78125 -0.0809869
0.78125 -0.0791387
0.71875 -0.0786622
0.75 -0.0772585
0.796875 -0.0735899
0.820312 -0.0692918
0.851562 -0.0641819
0.898438 -0.0610503
0.851562 -0.056836
0.867188 -0.0542788
0.789062 -0.0522972
0.71875 -0.0511253
0.789062 -0.0509338
0.695312 -0.0506283
0.742188 -0.0514694
0.640625 -0.0513038
0.6875 -0.0508356
0.828125 -0.0500036
0.78125 -0.0477509
0.796875 -0.0466677
0.695312 -0.045297
0.5625 -0.0429807
0.695312 -0.041074
0.726562 -0.0386213
0.773438 -0.0369514
0.765625 -0.0343569
0.851562 -0.027075
0.851562 -0.0204586
0.8125 -0.012562
0.828125 -0.00600556
0.820312 0.00157942
0.84375 0.00839331
0.796875 0.0163371
0.789062 0.0245965
0.703125 0.033674
0.695312 0.041032
0.679688 0.0474104
0.554688 0.054741
0.59375 0.0609451
0.617188 0.0677567
0.75 0.0716375
0.75 0.0757386
0.6875 0.0783513
0.710938 0.078431
0.632812 0.0776761
0.59375 0.0768641
0.554688 0.0779183
0.585938 0.0784406
0.539062 0.079498
0.546875 0.0788914
0.460938 0.0784128
0.4375 0.0775386
0.382812 0.0767681
0.296875 0.0743314
0.242188 0.07058
0.210938 0.0673977
0.257812 0.0638878
0.328125 0.0598011
0.320312 0.0562774
0.445312 0.0490805
0.382812 0.0407091
0.375 0.0313152
0.453125 0.0195786
0.5 0.0103629
0.5 0.00159295
0.445312 -0.00604563
0.390625 -0.0122482
0.539062 -0.0162094
0.539062 -0.020869
0.476562 -0.026928
0.539062 -0.0328332
0.4375 -0.0402619
0.46875 -0.044347
0.40625 -0.0468021
0.453125 -0.0478735
0.429688 -0.0493083
0.453125 -0.0521387
0.492188 -0.0536189
0.429688 -0.0563306
0.445312 -0.0592766
0.46875 -0.060912
0.484375 -0.0615937
0.523438 -0.0590392
0.664062 -0.0567716
0.5625 -0.0538445
0.601562 -0.0503254
0.679688 -0.0481993
0.65625 -0.0468028
0.640625 -0.0467698
0.640625 -0.0459438
0.578125 -0.0441558
0.632812 -0.0443269
0.632812 -0.046744
0.585938 -0.0480152
0.742188 -0.0484414
0.757812 -0.048403
0.78125 -0.0484642
0.773438 -0.046374
0.78125 -0.0440032
0.796875 -0.0419852
0.8125 -0.0424466
0.796875 -0.0420675
0.835938 -0.0448972
0.726562 -0.0448373
0.78125 -0.046149
0.703125 -0.0466097
0.742188 -0.0469501
0.78125 -0.0478561
0.742188 -0.0498086
0.757812 -0.0535463
0.75 -0.0557903
0.8125 -0.0583382
0.78125 -0.0602929
0.875 -0.0591512
0.882812 -0.0587279
0.914062 -0.0584147
0.914062 -0.0591644
0.875 -0.0596867
0.90625 -0.0585968
0.882812 -0.0587894
0.921875 -0.0590984
0.914062 -0.0582909
0.929688 -0.0580514
0.859375 -0.0567754
0.859375 -0.0555601
0.875 -0.0529291
0.796875 -0.0532672
0.835938 -0.0545971
0.875 -0.0567561
0.851562 -0.0583234
0.84375 -0.060349
0.726562 -0.0617594
0.679688 -0.0628843
0.570312 -0.0608711
0.609375 -0.0582869
0.570312 -0.0564424
0.5625 -0.0556447
0.5625 -0.052004
0.65625 -0.0475693
0.65625 -0.0425312
0.679688 -0.0364537
0.648438 -0.031009
0.726562 -0.0257654
0.8125 -0.0210097
0.859375 -0.0169652
0.898438 -0.0135532
0.84375 -0.00994513
0.804688 -0.00546234
0.835938 -0.00325498
0.828125 -0.00220688
0.875 -0.00118349
0.890625 -0.000430925
0.796875 0.000628988
0.757812 0.00283319
0.671875 0.00378489
0.671875 0.00511706
0.59375 0.00489374
0.59375 0.00421551
0.65625 0.00339043
0.625 0.00319152
0.632812 0.00272632
0.546875 0.0028374
0.601562 0.00347712
0.382812 0.0039236
0.429688 0.002638
0.492188 0.00122475
0.335938 8.00623e-05
0.242188 -0.00192608
0.273438 -0.00421963
0.25 -0.00945182
0.210938 -0.014096
0.226562 -0.0173673
0.398438 -0.0208811
0.375 -0.0248549
0.421875 -0.0287144
0.460938 -0.0310776
0.460938 -0.0336791
0.460938 -0.0365096
0.523438 -0.0380107
0.507812 -0.0394245
0.546875 -0.0420877
0.367188 -0.045149
0.3125 -0.0487739
0.34375 -0.0517659
0.367188 -0.0536213
0.375 -0.0555531
0.28125 -0.0578074
0.304688 -0.059357
0.1875 -0.062412
0.21875 -0.0646365
0.265625 -0.0646798
0.203125 -0.0631789
0.109375 -0.0614419
0.132812 -0.0582966
0.234375 -0.0574481
0.28125 -0.0564539
0.179688 -0.0561795
0.242188 -0.056159
0.15625 -0.0572416
0.234375 -0.0579979
0.179688 -0.0565008
0.132812 -0.0567041
0.148438 -0.0557662
0.0859375 -0.0543969
0.09375 -0.0511803
0.0703125 -0.0496014
0.109375 -0.0491828
0.140625 -0.0505265
0.0859375 -0.0499506
0.0703125 -0.0477135
0.046875 -0.0437485
0.0390625 -0.0380844
0.015625 -0.0314554
0.0546875 -0.0271675
0.0859375 -0.0224716
0.0859375 -0.0189234
0.1875 -0.0155393
0.0703125 -0.0132813
0.132812 -0.0114094
0.101562 -0.0102796
0.0859375 -0.0113398
0.0625 -0.0136289
0.140625 -0.0157994
0.171875 -0.0168734
0.171875 -0.0183662
0.164062 -0.0199782
0.210938 -0.0213706
0.28125 -0.0212986
0.296875 -0.0196806
0.296875 -0.0196393
0.265625 -0.018496
0.273438 -0.0179024
0.265625 -0.0206279
0.273438 -0.0235387
0.179688 -0.0262419
0.234375 -0.0290869
0.1875 -0.0312384
0.148438 -0.0340416
0.21875 -0.0398405
0.21875 -0.0445546
0.234375 -0.0491975
0.15625 -0.0535619
0.1875 -0.0583135
0.132812 -0.0635059
0.101562 -0.0684567
0.078125 -0.0739687
0.117188 -0.0796979
0.21875 -0.0822798
0.265625 -0.0838854
0.109375 -0.0845269
0.0078125 -0.0849405
0.140625 -0.0846307
0.0234375 -0.0830971
0.0234375 -0.0818078
0.164062 -0.0834378
0.101562 -0.0856246
0.109375 -0.0887012
0 -0.0905826
0.0703125 -0.0904797
0.132812 -0.0896045
0.140625 -0.0886513
0.132812 -0.0866524
0.0703125 -0.0859113
0.09375 -0.0832443
0.0859375 -0.0784888
0.210938 -0.0733557
0.289062 -0.0689468
0.453125 -0.0634757
0.398438 -0.0587786
0.328125 -0.0555311
0.445312 -0.0523592
0.53125 -0.0508373
0.414062 -0.0499148
0.476562 -0.0508899
0.515625 -0.0535439
0.507812 -0.0549297
0.554688 -0.0574921
0.539062 -0.0602388
0.492188 -0.0630646
0.578125 -0.0645813
0.546875 -0.0636631
0.523438 -0.0638694
0.65625 -0.0624855
0.578125 -0.0604218
0.65625 -0.0592401
0.679688 -0.0560491
0.726562 -0.0529332
0.734375 -0.050021
0.75 -0.0466022
0.773438 -0.042254
0.84375 -0.0372088
0.78125 -0.032647
0.835938 -0.0258758
0.835938 -0.0202047
0.757812 -0.0150947
0.71875 -0.0118493
0.71875 -0.0110629
0.75 -0.0118918
0.773438 -0.0104936
0.789062 -0.00754943
0.796875 -0.00554579
0.804688 -0.00272016
0.789062 -0.000833537
0.765625 -0.000370256
0.703125 0.00481917
0.6875 0.0108323
0.578125 0.0176652
0.476562 0.0222626
0.445312 0.0273549
0.414062 0.0319194
0.453125 0.0357253
0.6875 0.0404238
0.78125 0.0445161
0.75 0.0510332
0.695312 0.0571766
0.648438 0.0633252
0.617188 0.0702481
0.5625 0.0775141
0.460938 0.0834376
0.390625 0.0898911
0.34375 0.0952691
0.40625 0.100515
0.421875 0.104308
0.398438 0.109254
0.460938 0.114016
0.546875 0.117573
0.625 0.11902
0.648438 0.120777
0.710938 0.122528
0.75 0.12176
0.734375 0.120127
0.71875 0.116684
0.757812 0.115055
0.726562 0.115224
0.820312 0.116466
0.882812 0.118974
0.9375 0.122515
0.875 0.127638
0.835938 0.131141
0.84375 0.135935
0.914062 0.138425
0.875 0.140128
0.90625 0.141151
0.898438 0.142763
0.796875 0.145448
0.796875 0.149781
0.78125 0.152204
0.757812 0.153902
0.804688 0.15472
0.78125 0.156774
0.851562 0.157473
0.820312 0.159121
0.851562 0.16199
0.875 0.164824
0.875 0.166874
0.851562 0.166574
0.796875 0.166655
0.820312 0.170103
0.84375 0.171863
0.75 0.172699
0.828125 0.173147
0.828125 0.173555
0.804688 0.172535
0.789062 0.168101
0.820312 0.163115
0.773438 0.159027
0.742188 0.155
0.789062 0.151027
0.757812 0.147611
0.6875 0.143771
0.59375 0.139607
0.53125 0.136333
0.578125 0.133963
0.585938 0.131446
0.625 0.128297
0.414062 0.125482
0.367188 0.12168
0.34375 0.116431
0.445312 0.111991
0.515625 0.104171
0.414062 0.0950389
0.46875 0.0884635
0.515625 0.0817385
0.492188 0.0749714
0.515625 0.071249
0.484375 0.0667138
0.5 0.0612714
0.429688 0.0571865
0.40625 0.0529587
0.390625 0.0479775
0.320312 0.0427262
0.359375 0.0381641
0.304688 0.0331445
0.328125 0.027683
0.273438 0.0249794
0.265625 0.0205661
0.359375 0.0185263
0.414062 0.0164583
0.375 0.0155684
0.335938 0.0127841
0.492188 0.0109924
0.5 0.0086059
0.601562 0.00696322
0.601562 0.00436499
0.679688 0.00199537
0.742188 0.0011462
0.765625 0.000702157
0.8125 0.00172348
0.820312 0.00189192
0.726562 0.00222625
0.726562 0.00038561
0.734375 -0.00186716
0.703125 -0.00354564
0.65625 -0.00484116
0.695312 -0.00982636
0.75 -0.0161366
0.78125 -0.0206282
0.789062 -0.0250089
0.734375 -0.0286226
0.742188 -0.0302254
0.75 -0.0333192
0.710938 -0.035289
0.671875 -0.0365966
0.632812 -0.0365384
0.664062 -0.0361276
0.625 -0.0353684
0.625 -0.0365773
0.523438 -0.0395896
0.46875 -0.0422789
0.421875 -0.0466445
0.453125 -0.050267
0.375 -0.053916
0.3125 -0.0589773
0.3125 -0.0641036
0.367188 -0.068727
0.398438 -0.07218
0.367188 -0.0763547
0.375 -0.078407
0.359375 -0.0797767
0.382812 -0.0815865
0.359375 -0.0839277
0.492188 -0.0851508
0.4375 -0.084421
0.492188 -0.0835321
0.328125 -0.0810729
0.484375 -0.077573
0.421875 -0.0745639
0.414062 -0.0722235
0.351562 -0.0703681
0.40625 -0.0712542
0.359375 -0.0728735
0.460938 -0.0751272
0.476562 -0.0760367
0.492188 -0.0742501
0.46875 -0.0721078
0.429688 -0.0699728
0.554688 -0.0695331
0.664062 -0.0677428
0.679688 -0.0647189
0.742188 -0.0605988
0.78125 -0.0591113
0.78125 -0.0574847
0.859375 -0.0543466
0.8125 -0.0506171
0.789062 -0.0479837
0.742188 -0.0475835
0.820312 -0.0469033
0.78125 -0.0470199
0.867188 -0.049173
0.890625 -0.0490748
0.929688 -0.0509075
0.875 -0.0513389
0.71875 -0.0517457
0.710938 -0.0489253
0.734375 -0.0475288
0.796875 -0.0461134
0.804688 -0.0433414
0.75 -0.040742
0.71875 -0.0372643
0.6875 -0.0337074
0.695312 -0.0290989
0.671875 -0.0228265
0.640625 -0.0181303
0.632812 -0.0142148
0.710938 -0.0115728
0.75 -0.0111164
0.78125 -0.0131307
0.75 -0.0146821
0.703125 -0.0165024
0.65625 -0.0179974
0.6875 -0.0195107
0.640625 -0.019505
0.648438 -0.0211712
0.554688 -0.0190943
0.523438 -0.0164392
0.585938 -0.0130608
0.601562 -0.00883054
0.578125 -0.00704006
0.570312 -0.00552933
0.710938 -0.00365534
0.679688 -0.000931719
0.726562 0.00082836
0.765625 0.00247765
0.773438 0.00250828
0.757812 0.00501098
0.75 0.0060497
0.75 0.0075155
0.710938 0.0092109
0.710938 0.0122312
0.75 0.0162642
0.710938 0.0208197
0.757812 0.0257653
0.75 0.0317172
0.765625 0.0388374
0.773438 0.0444526
0.71875 0.0480572
0.757812 0.0497543
0.734375 0.0519354
0.734375 0.0541243
0.726562 0.0567402
0.75 0.0555309
0.804688 0.055214
0.703125 0.0556703
0.679688 0.0581026
0.6875 0.0601411
0.671875 0.0638464
0.8125 0.0656672
0.796875 0.0671293
0.8125 0.0698649
0.75 0.0739106
0.835938 0.0797408
0.898438 0.0851863
0.914062 0.0906614
0.898438 0.0963839
0.851562 0.101881
0.828125 0.106356
0.742188 0.108917
0.742188 0.112008
0.625 0.113081
0.59375 0.113809
0.570312 0.115116
0.5 0.114589
0.53125 0.115998
0.609375 0.117716
0.664062 0.119716
0.65625 0.121153
0.648438 0.123408
0.609375 0.12551
0.585938 0.128793
0.71875 0.130037
0.726562 0.130546
0.609375 0.131527
0.695312 0.134313
0.78125 0.135663
0.898438 0.135652
0.929688 0.134888
0.898438 0.132864
0.773438 0.132604
0.773438 0.133388
0.8125 0.133321
0.8125 0.131647
0.890625 0.13029
0.875 0.12924
0.90625 0.129528
0.890625 0.131254
0.882812 0.13448
0.859375 0.137072
0.84375 0.13964
0.8125 0.141875
0.726562 0.143738
0.804688 0.146861
0.804688 0.151032
0.8125 0.152841
0.789062 0.153109
0.804688 0.151796
0.765625 0.152076
0.75 0.15244
0.742188 0.151501
0.671875 0.153349
0.625 0.156655
0.726562 0.159828
0.6875 0.162874
0.625 0.1644
0.632812 0.164891
0.710938 0.16525
0.710938 0.164705
0.664062 0.164806
0.726562 0.162805
0.632812 0.158863
0.695312 0.156024
0.6875 0.152304
0.75 0.150298
0.78125 0.147094
0.8125 0.142379
0.796875 0.138923
0.8125 0.132946
0.835938 0.12772
0.757812 0.121166
0.757812 0.114018
0.789062 0.10722
0.789062 0.100269
0.820312 0.0945522
0.867188 0.0885783
0.882812 0.0810416
0.789062 0.0716402
0.796875 0.0616906
0.742188 0.0534084
0.773438 0.0480295
0.734375 0.0419834
0.664062 0.0367654
0.664062 0.0331703
0.695312 0.0302336
0.851562 0.0273271
0.867188 0.0225197
0.890625 0.0194229
0.898438 0.0166035
0.929688 0.0143143
0.78125 0.0132639
0.78125 0.011753
0.75 0.0105327
0.773438 0.00961703
0.75 0.00805896
0.757812 0.00665462
0.742188 0.00857937
0.765625 0.0106357
0.789062 0.0129613
0.804688 0.0136102
0.773438 0.0136813
0.835938 0.0145029
0.789062 0.0142102
0.664062 0.0115646
0.65625 0.0051521
0.710938 -0.000128814
0.710938 -0.00514065
0.695312 -0.0100632
0.726562 -0.0133974
0.742188 -0.0166721
0.6875 -0.019284
0.648438 -0.0222254
0.710938 -0.0246633
0.726562 -0.0296114
0.703125 -0.0371795
0.507812 -0.0431459
0.539062 -0.0483312
0.5625 -0.0504056
0.648438 -0.053605
0.664062 -0.0570787
0.632812 -0.0603506
0.59375 -0.0628175
0.5625 -0.0650337
0.585938 -0.0651662
0.609375 -0.0643531
0.5625 -0.0631531
0.578125 -0.0620935
0.59375 -0.0611148
0.554688 -0.0604176
0.507812 -0.060222
0.507812 -0.061422
0.523438 -0.063604
0.554688 -0.0656954
0.546875 -0.0667589
0.539062 -0.0682394
0.554688 -0.0700294
0.585938 -0.0732608
0.4375 -0.0753675
0.546875 -0.0771838
0.5 -0.0766012
0.554688 -0.0741487
0.539062 -0.072436
0.570312 -0.0704036
0.570312 -0.0694462
0.546875 -0.0676387
0.648438 -0.064224
0.6875 -0.0611276
0.609375 -0.0589399
0.585938 -0.0562761
0.648438 -0.0528132
0.6875 -0.0478107
0.757812 -0.0441697
0.804688 -0.0402871
0.789062 -0.0362618
0.8125 -0.0345983
0.84375 -0.0338324
0.726562 -0.0349484
0.71875 -0.0358876
0.664062 -0.0363495
0.640625 -0.0358135
0.617188 -0.0353528
0.726562 -0.0342492
0.617188 -0.0318757
0.617188 -0.0300786
0.671875 -0.0274165
0.6875 -0.0249427
0.679688 -0.0222391
0.585938 -0.0199418
0.585938 -0.0155609
0.609375 -0.0108463
0.679688 -0.00801828
0.75 -0.00383685
0.757812 -0.00105255
0.671875 0.00178673
0.5625 0.00470601
0.632812 0.00640188
0.523438 0.00842274
0.546875 0.0106233
0.546875 0.0132269
0.570312 0.014926
0.59375 0.0192427
0.59375 0.0215774
0.59375 0.0251424
0.570312 0.0271426
0.609375 0.0266455
0.59375 0.0271005
0.585938 0.0263156
0.617188 0.0244681
0.640625 0.0234888
0.601562 0.022363
0.703125 0.0241611
0.65625 0.024444
0.515625 0.0268799
0.476562 0.0291945
0.367188 0.030416
0.414062 0.0339051
0.328125 0.0380566
0.445312 0.0450263
0.390625 0.0525938
0.390625 0.0580156
0.375 0.0621622
0.367188 0.0638027
0.382812 0.0632745
0.367188 0.0612185
0.453125 0.0605304
0.40625 0.060422
0.351562 0.0609098
0.398438 0.0583485
0.429688 0.0566625
0.453125 0.0554321
0.554688 0.0515866
0.585938 0.049272
0.539062 0.0477216
0.507812 0.0473995
0.507812 0.0469212
0.484375 0.0466846
0.390625 0.0468622
0.367188 0.0461992
0.390625 0.045671
0.4375 0.0456226
0.40625 0.0463784
0.382812 0.0480946
0.320312 0.0489925
0.289062 0.0490569
0.335938 0.0463055
0.375 0.045593
0.421875 0.0442835
0.335938 0.0453136
0.304688 0.045846
0.296875 0.0466076
0.265625 0.0477186
0.414062 0.0487968
0.375 0.04868
0.390625 0.049487
0.375 0.0482482
0.398438 0.0484885
0.414062 0.0484754
0.429688 0.0474435
0.335938 0.0473171
0.265625 0.0473552
0.234375 0.0481076
0.203125 0.05077
0.148438 0.0543984
0.265625 0.0564578
0.210938 0.0570649
0.28125 0.0570154
0.289062 0.0591593
0.289062 0.0617647
0.320312 0.0617396
0.390625 0.0616308
0.367188 0.0618676
0.328125 0.0615538
0.359375 0.0605742
0.421875 0.061889
0.398438 0.0632327
0.359375 0.0646981
0.296875 0.0645614
0.3125 0.0666099
0.492188 0.0672091
0.601562 0.0682109
0.625 0.0689238
0.671875 0.067871
0.648438 0.0665992
0.65625 0.0629723
0.632812 0.0592206
0.71875 0.0553496
0.75 0.0527776
0.828125 0.0524053
0.8125 0.0509846
0.890625 0.0516501
0.859375 0.0533669
0.78125 0.0541823
0.789062 0.0575239
0.710938 0.0612772
0.640625 0.0632427
0.65625 0.0648016
0.601562 0.0645343
0.5625 0.0647461
0.515625 0.0660765
0.5 0.0683793
0.476562 0.0682473
0.5625 0.0678434
0.609375 0.06895
0.65625 0.0703232
0.734375 0.0714376
0.742188 0.07442
0.757812 0.0772742
0.71875 0.0782346
0.734375 0.0794609
0.742188 0.0779549
0.851562 0.0758809
0.835938 0.0735208
0.789062 0.0693004
0.796875 0.0657039
0.804688 0.0642411
0.757812 0.0641756
0.742188 0.0659791
0.796875 0.0669481
0.75 0.0676872
0.757812 0.0670431
0.726562 0.066533
0.757812 0.0663208
0.734375 0.064461
0.726562 0.0639904
0.773438 0.0621492
0.8125 0.060204
0.804688 0.0588177
0.757812 0.0577313
0.632812 0.0570583
0.585938 0.0564686
0.625 0.0541412
0.59375 0.052495
0.609375 0.050655
0.53125 0.0476381
0.53125 0.0451443
0.492188 0.0440512
0.523438 0.043203
0.492188 0.0417943
0.546875 0.0403898
0.460938 0.0395235
0.453125 0.0370944
0.429688 0.0373189
0.492188 0.034495
0.382812 0.0296168
0.273438 0.0258024
0.132812 0.0231868
0.0390625 0.0202404
0.0390625 0.0154719
0.0078125 0.0111381
0.0234375 0.00661444
0.0703125 0.00130445
0.0234375 -0.00478452
0.0078125 -0.0121198
0.03125 -0.02194
0.0546875 -0.0301325
0.0625 -0.0373516
0.0859375 -0.0426167
0.132812 -0.0476077
0.179688 -0.0522714
0.148438 -0.0578751
0.15625 -0.063657
0.21875 -0.0667057
0.28125 -0.0679564
0.335938 -0.0698672
0.203125 -0.0713029
0.179688 -0.0728516
0.234375 -0.0736403
0.265625 -0.0728603
0.382812 -0.0734026
0.40625 -0.0721105
0.328125 -0.0713637
0.226562 -0.0686745
0.242188 -0.0643577
0.296875 -0.0600743
0.296875 -0.0561427
0.195312 -0.0518068
0.21875 -0.0476312
0.234375 -0.0455205
0.304688 -0.043093
0.265625 -0.0395794
0.328125 -0.0357594
0.3125 -0.033119
0.234375 -0.0313086
0.234375 -0.0303206
0.273438 -0.0285194
0.375 -0.025611
0.3125 -0.0213911
0.375 -0.0177891
0.398438 -0.0130204
0.445312 -0.00971109
0.4375 -0.00644359
0.484375 -0.00234986
0.359375 0.00156709
0.335938 0.00305183
0.335938 0.00291336
0.382812 0.00172348
0.34375 0.000338724
0.421875 -0.00267357
0.382812 -0.00650802
0.484375 -0.0102753
0.492188 -0.0140856
0.40625 -0.0177941
0.351562 -0.0208816
0.375 -0.0243657
0.289062 -0.0280823
0.359375 -0.0326959
0.523438 -0.0342158
0.515625 -0.0351204
0.578125 -0.0338959
0.65625 -0.0338614
0.632812 -0.0336987
0.6875 -0.0344798
0.539062 -0.0356575
0.554688 -0.0359233
0.53125 -0.035749
0.609375 -0.0347417
0.453125 -0.0328779
0.445312 -0.0315666
0.421875 -0.0302853
0.429688 -0.0299422
0.476562 -0.0293375
0.492188 -0.0272119
0.476562 -0.0251957
0.507812 -0.0201125
0.539062 -0.0153179
0.625 -0.0109697
0.554688 -0.00823071
0.601562 -0.00461473
0.609375 0.00072446
0.703125 0.00509225
0.828125 0.00840154
0.78125 0.00933045
0.710938 0.0070546
0.78125 0.00502813
0.773438 0.0046439
0.789062 0.0054168
0.78125 0.00599149
0.828125 0.00680117
0.734375 0.00843907
0.78125 0.00895879
0.882812 0.00885897
0.914062 0.00737029
0.945312 0.00519646
0.945312 0.00277552
0.90625 0.00225498
0.90625 0.00200498
0.875 0.00103028
0.859375 0.00139918
0.875 0.00131766
0.875 -0.000551451
0.898438 -0.00213652
0.90625 -0.00321819
0.882812 -0.00751359
0.84375 -0.00998474
0.835938 -0.011149
0.773438 -0.0108568
0.734375 -0.00969092
0.734375 -0.0103493
0.757812 -0.013267
0.78125 -0.0154243
0.710938 -0.0160604
0.734375 -0.0151939
0.648438 -0.015039
0.726562 -0.0136534
0.765625 -0.0130282
0.78125 -0.0135621
0.765625 -0.0137941
0.789062 -0.0145455
0.820312 -0.0151914
0.835938 -0.0153838
0.789062 -0.0150434
0.84375 -0.0115154
0.851562 -0.00758165
0.851562 -0.00303192
0.867188 0.00131984
0.835938 0.00725567
0.867188 0.0143031
0.789062 0.0201044
0.78125 0.0261396
0.679688 0.0306316
0.679688 0.0366271
0.703125 0.0412381
0.65625 0.0443129
0.59375 0.0480755
0.679688 0.0519083
0.585938 0.0566853
0.609375 0.0602189
0.695312 0.0605169
0.796875 0.0614576
0.835938 0.0610547
0.84375 0.0608766
0.757812 0.059754
0.773438 0.0556173
0.804688 0.0533213
0.75 0.047749
0.78125 0.0431279
0.84375 0.0388003
0.804688 0.035092
0.84375 0.0314797
0.835938 0.0259624
0.804688 0.0203491
0.773438 0.015317
0.84375 0.0102251
0.859375 0.00759957
0.8125 0.00629825
0.789062 0.0047137
0.859375 0.00169796
0.789062 -0.00323212
0.867188 -0.00882472
0.835938 -0.0121693
0.84375 -0.0179566
0.851562 -0.0202863
0.789062 -0.0239426
0.695312 -0.0259855
0.664062 -0.0267445
0.664062 -0.0270838
0.726562 -0.0284021
0.78125 -0.0295602
0.726562 -0.0288599
0.664062 -0.0283894
0.625 -0.0277504
0.671875 -0.025847
0.703125 -0.0234961
0.703125 -0.0213725
0.742188 -0.0220189
0.734375 -0.0222316
0.796875 -0.0214501
0.828125 -0.0206112
0.835938 -0.0186721
0.859375 -0.0168594
0.851562 -0.0159449
0.789062 -0.0168101
0.867188 -0.0150982
0.921875 -0.0129515
0.914062 -0.0108893
0.898438 -0.00995202
0.859375 -0.00795009
0.914062 -0.00602049
0.882812 -0.00586449
0.804688 -0.00523606
0.851562 -0.00417021
0.890625 -0.00442647
0.84375 -0.00614522
0.84375 -0.00697826
0.851562 -0.00621561
0.890625 -0.00619806
0.75 -0.00683752
0.835938 -0.00987028
0.742188 -0.0120397
0.640625 -0.0134605
0.570312 -0.0139176
0.585938 -0.0159034
0.5625 -0.0183254
0.648438 -0.0210189
0.726562 -0.0252086
0.65625 -0.029438
0.625 -0.0323714
0.632812 -0.0340008
0.703125 -0.0388924
0.671875 -0.0428602
0.671875 -0.0439551
0.773438 -0.0451472
0.804688 -0.0483767
0.773438 -0.0507539
0.765625 -0.0543789
0.757812 -0.0562606
0.796875 -0.0594786
0.820312 -0.0630474
0.789062 -0.063907
0.734375 -0.0629197
0.664062 -0.062641
0.601562 -0.0626165
0.648438 -0.0617946
0.695312 -0.0595825
0.679688 -0.0566315
0.742188 -0.0532213
0.804688 -0.0513412
0.820312 -0.0497049
0.867188 -0.0493378
0.867188 -0.048689
0.890625 -0.0473569
0.84375 -0.0434998
0.851562 -0.039438
0.890625 -0.0346884
0.820312 -0.0320553
0.875 -0.030309
0.835938 -0.026268
0.820312 -0.0250766
0.828125 -0.0234965
0.820312 -0.0233413
0.828125 -0.020811
0.804688 -0.0213751
0.75 -0.0247691
0.640625 -0.025306
0.78125 -0.0268446
0.765625 -0.0298481
0.835938 -0.0315388
0.84375 -0.0326725
0.828125 -0.033674
0.789062 -0.0349694
0.78125 -0.0350043
0.8125 -0.0349619
0.726562 -0.0335174
0.695312 -0.0316582
0.742188 -0.0292465
0.648438 -0.0259664
0.648438 -0.0248528
0.570312 -0.0256277
0.492188 -0.0243419
0.5 -0.0244452
0.492188 -0.0252133
0.515625 -0.0246801
0.53125 -0.0253909
0.546875 -0.0263283
0.59375 -0.0303514
0.601562 -0.0342856
0.585938 -0.0376509
0.617188 -0.0398568
0.679688 -0.042871
0.710938 -0.0475272
0.726562 -0.0503327
0.765625 -0.0507338
0.71875 -0.0549124
0.703125 -0.0589841
0.75 -0.0665847
0.75 -0.0752389
0.65625 -0.0794632
0.546875 -0.0813346
0.507812 -0.0827122
0.570312 -0.0837313
0.664062 -0.0840682
0.546875 -0.082726
0.617188 -0.0796955
0.625 -0.0756369
0.585938 -0.0703514
0.609375 -0.0641368
0.648438 -0.0582186
0.671875 -0.0520244
0.726562 -0.0470929
0.695312 -0.0435211
0.65625 -0.0391201
0.601562 -0.0356426
0.5625 -0.0320475
0.390625 -0.0299742
0.375 -0.0282504
0.476562 -0.0258498
0.460938 -0.0238109
0.484375 -0.0217944
0.460938 -0.0188633
0.523438 -0.0162119
0.5 -0.0118038
0.515625 -0.00759419
0.632812 -0.00426229
0.664062 -0.00139477
0.625 0.00153163
0.617188 0.00335362
0.515625 0.00782432
0.507812 0.0121594
0.414062 0.0161985
0.375 0.0182786
0.398438 0.0199747
0.453125 0.0210531
0.476562 0.0207698
0.476562 0.0203813
0.453125 0.0195348
0.515625 0.0158728
0.617188 0.01265
0.710938 0.00902181
0.703125 0.0064488
0.664062 0.00428104
0.6875 0.00247356
0.757812 0.000249014
0.742188 -0.0034868
0.703125 -0.00566319
0.671875 -0.00485959
0.671875 -0.00218662
0.59375 0.00180872
0.632812 0.00496654
0.625 0.0090886
0.625 0.0150858
0.648438 0.0197386
0.617188 0.022302
0.601562 0.0235237
0.625 0.0221987
0.546875 0.0225418
0.546875 0.0216599
0.5625 0.021658
0.570312 0.018608
0.53125 0.0171099
0.507812 0.0168787
0.515625 0.0186711
0.578125 0.0213629
0.515625 0.0241306
0.539062 0.0266706
0.59375 0.0281622
0.59375 0.0336454
0.710938 0.0386749
0.789062 0.0412334
0.742188 0.0434419
0.695312 0.0451599
0.757812 0.0455317
0.710938 0.0465495
0.75 0.048498
0.742188 0.0541464
0.734375 0.0572697
0.625 0.060669
0.648438 0.0638153
0.625 0.0665856
0.640625 0.0691583
0.59375 0.0731013
0.546875 0.0761709
0.476562 0.0778127
0.507812 0.0779113
0.601562 0.0796093
0.578125 0.0834084
0.554688 0.0862844
0.554688 0.0895596
0.65625 0.0919463
0.71875 0.093386
0.75 0.0935622
0.804688 0.0923097
0.835938 0.0904073
0.84375 0.0900699
0.898438 0.0907338
0.921875 0.0917446
0.898438 0.093645
0.8125 0.0935181
0.804688 0.0919652
0.765625 0.0929615
0.710938 0.0950669
0.726562 0.0957739
0.679688 0.094993
0.585938 0.0945469
0.585938 0.0960496
0.6875 0.0968057
0.703125 0.0963864
0.640625 0.0977123
0.632812 0.0968984
0.625 0.0983785
0.671875 0.0964702
0.601562 0.0956115
0.53125 0.0944117
0.585938 0.0942273
0.632812 0.0947066
0.679688 0.0928315
0.609375 0.0898822
0.65625 0.0875985
0.664062 0.0865702
0.695312 0.0871952
0.726562 0.0881603
0.726562 0.0881284
0.765625 0.0880475
0.789062 0.0847738
0.789062 0.0812728
0.75 0.0776977
0.820312 0.0775774
0.820312 0.0749305
0.75 0.0709539
0.796875 0.0653015
0.726562 0.0609083
0.75 0.0539968
0.703125 0.0454275
0.6875 0.0361844
0.554688 0.0270271
0.585938 0.0183536
0.492188 0.0106646
0.445312 0.00538089
0.476562 0.00160591
0.617188 -0.00203018
0.648438 -0.00592319
0.585938 -0.00830822
0.546875 -0.00923034
0.570312 -0.0118666
0.53125 -0.0142118
0.554688 -0.0150146
0.507812 -0.0139549
0.515625 -0.0140712
0.679688 -0.0139542
0.710938 -0.0124202
0.78125 -0.0109376
0.765625 -0.0107075
0.820312 -0.0118942
0.796875 -0.0120168
0.78125 -0.0127405
0.757812 -0.0149548
0.804688 -0.0155318
0.8125 -0.015003
0.875 -0.0152116
0.890625 -0.0133484
0.835938 -0.0105992
0.875 -0.00949923
0.867188 -0.00618285
0.835938 -0.00505863
0.796875 -0.00399314
0.796875 -0.00326167
0.757812 -0.00194137
0.757812 -0.0011477
0.757812 -0.0025413
0.726562 -0.00803204
0.71875 -0.0143174
0.6875 -0.0186393
0.664062 -0.0225894
0.648438 -0.0262465
0.75 -0.0273365
0.757812 -0.0274355
0.8125 -0.0303894
0.75 -0.0342551
0.6875 -0.042393
0.671875 -0.0493154
0.75 -0.0561776
0.742188 -0.062988
0.75 -0.0694142
0.75 -0.0755245
0.664062 -0.081961
0.65625 -0.0901123
0.5625 -0.0955326
0.53125 -0.105764
0.554688 -0.114083
0.5625 -0.121405
0.539062 -0.125211
0.5 -0.130182
0.453125 -0.136581
0.398438 -0.143999
0.460938 -0.149172
0.453125 -0.151976
0.445312 -0.153423
0.460938 -0.154048
0.5 -0.153818
0.390625 -0.152677
0.375 -0.150471
0.453125 -0.148957
0.34375 -0.148351
0.351562 -0.146797
0.273438 -0.143818
0.203125 -0.139897
0.273438 -0.137197
0.351562 -0.133404
0.382812 -0.131376
0.40625 -0.129834
0.359375 -0.128348
0.304688 -0.124653
0.320312 -0.120197
0.34375 -0.117708
0.320312 -0.114058
0.296875 -0.110841
0.21875 -0.10794
0.21875 -0.10204
0.226562 -0.0968678
0.21875 -0.0921955
0.390625 -0.0884098
0.4375 -0.083436
0.382812 -0.0802865
0.476562 -0.0776885
0.390625 -0.0741361
0.40625 -0.0739055
0.4375 -0.0712457
0.460938 -0.0686819
0.4375 -0.0673589
0.46875 -0.0677934
0.460938 -0.0655208
0.492188 -0.0627211
0.453125 -0.0569334
0.390625 -0.0503635
0.28125 -0.0440009
0.367188 -0.0372425
0.34375 -0.0332232
0.359375 -0.0309818
0.375 -0.028137
0.21875 -0.0246114
0.1875 -0.0201867
0.117188 -0.0173421
0.078125 -0.0140952
0.117188 -0.0108888
0.0703125 -0.00707725
0.125 -0.00206203
0.0703125 0.00236288
0.125 0.0078183
0 0.011417
0.0703125 0.0133513
0.125 0.0158601
0.046875 0.0202216
0.0234375 0.0260682
0.0390625 0.0313544
0.046875 0.0367497
0.0390625 0.0427062
0.03125 0.0502031
0.125 0.0572101
0.234375 0.0610154
0.257812 0.0673116
0.210938 0.0723555
0.289062 0.0777207
0.414062 0.080353
0.296875 0.0832639
0.320312 0.0869502
0.453125 0.0909082
0.445312 0.0984482
0.46875 0.102793
0.4375 0.10806
0.351562 0.114857
0.28125 0.121194
0.351562 0.127023
0.375 0.134987
0.4375 0.141197
0.53125 0.146317
0.5625 0.151927
0.585938 0.15687
0.554688 0.161301
0.640625 0.165917
0.679688 0.169226
0.664062 0.16873
0.695312 0.168503
0.710938 0.167557
0.734375 0.166243
0.585938 0.165136
0.59375 0.164618
0.484375 0.16146
0.46875 0.156505
0.539062 0.151727
0.460938 0.14692
0.523438 0.137728
0.4375 0.127708
0.429688 0.119915
0.578125 0.11221
0.609375 0.104392
0.632812 0.0970635
0.703125 0.0895487
0.65625 0.08021
0.648438 0.0703485
0.570312 0.0600724
0.484375 0.0478348
0.5 0.0368738
0.492188 0.0276672
0.554688 0.0213445
0.554688 0.0131733
0.578125 0.00600328
0.617188 0.000322827
0.671875 -0.0053919
0.6875 -0.0121767
0.609375 -0.0170499
0.59375 -0.0196189
0.632812 -0.0239985
0.710938 -0.0270432
0.804688 -0.0300476
0.703125 -0.033284
0.835938 -0.0355859
0.859375 -0.0399057
0.820312 -0.0430065
0.835938 -0.044874
0.734375 -0.0467626
0.75 -0.0462432
0.765625 -0.0447828
0.632812 -0.0437846
0.648438 -0.0420527
0.601562 -0.0437497
0.617188 -0.0437937
0.578125 -0.0424936
0.710938 -0.0433373
0.765625 -0.0441725
0.789062 -0.0456961
0.84375 -0.0454777
0.8125 -0.0445455
0.851562 -0.0410687
0.859375 -0.0372047
0.882812 -0.0353348
0.875 -0.0339428
0.890625 -0.0317797
0.84375 -0.032104
0.867188 -0.0313069
0.835938 -0.029013
0.859375 -0.0266008
0.867188 -0.0231992
0.890625 -0.0194384
0.890625 -0.0162382
0.804688 -0.0129265
0.703125 -0.0108451
0.640625 -0.00675252
0.703125 -0.00176792
0.59375 0.00180779
0.648438 0.00451229
0.671875 0.00476392
0.570312 0.00532237
0.507812 0.00484728
0.554688 0.00224341
0.609375 0.000515607
0.640625 -0.00257549
0.734375 -0.00455676
0.765625 -0.00763813
0.789062 -0.0104866
0.765625 -0.012256
0.828125 -0.0102533
0.789062 -0.00953839
0.789062 -0.00922643
0.804688 -0.0126675
0.84375 -0.013923
0.835938 -0.0121436
0.726562 -0.0101662
0.664062 -0.0106362
0.671875 -0.00986815
0.671875 -0.0107452
0.640625 -0.0109123
0.601562 -0.0113604
0.664062 -0.0109729
0.625 -0.0108652
0.492188 -0.00982128
0.476562 -0.0106387
0.515625 -0.00996519
0.53125 -0.00678269
0.546875 -0.0026236
0.554688 0.002254
0.554688 0.00712676
0.554688 0.0131633
0.539062 0.0178824
0.648438 0.0207593
0.648438 0.0253349
0.625 0.0285585
0.65625 0.0290273
0.625 0.0286749
0.523438 0.0286809
0.515625 0.0291357
0.546875 0.0299334
0.554688 0.0309778
0.5625 0.0304207
0.625 0.0279212
0.523438 0.025806
0.5625 0.0265326
0.578125 0.0255004
0.4375 0.0227377
0.335938 0.0168274
0.195312 0.0101958
0.140625 0.00531804
0.101562 -0.000441996
0.0234375 -0.00578184
0.078125 -0.00777688
0.171875 -0.0105657
0.179688 -0.0149491
0.203125 -0.0202668
0.15625 -0.022704
0.234375 -0.0231105
0.242188 -0.0252733
0.171875 -0.0270667
0.117188 -0.0307045
0.265625 -0.0317039
0.257812 -0.0317363
0.28125 -0.0307161
0.265625 -0.0292858
0.195312 -0.0309105
0.234375 -0.0309773
0.195312 -0.0309119
0.15625 -0.0280948
0.273438 -0.0255311
0.296875 -0.0249436
0.273438 -0.0262452
0.28125 -0.0324623
0.21875 -0.0378724
0.296875 -0.0432507
0.257812 -0.0475814
0.328125 -0.0512669
0.398438 -0.05244
0.40625 -0.0542171
0.523438 -0.0569291
0.492188 -0.0593508
0.421875 -0.0642745
0.429688 -0.0702071
0.414062 -0.073528
0.46875 -0.0770539
0.351562 -0.0796037
0.289062 -0.0830822
0.273438 -0.0870787
0.3125 -0.091761
0.46875 -0.0972191
0.484375 -0.102196
0.40625 -0.108712
0.351562 -0.112942
0.320312 -0.118125
0.226562 -0.121864
0.15625 -0.126024
0.210938 -0.131153
0.3125 -0.136755
0.328125 -0.141099
0.390625 -0.143569
0.304688 -0.146221
0.40625 -0.149531
0.320312 -0.152739
0.335938 -0.158169
0.320312 -0.161899
0.265625 -0.164707
0.3125 -0.167108
0.390625 -0.170945
0.429688 -0.175524
0.453125 -0.175963
0.554688 -0.173586
0.601562 -0.169955
0.625 -0.168414
0.515625 -0.167251
0.507812 -0.166653
0.476562 -0.163293
0.453125 -0.160229
0.554688 -0.158385
0.507812 -0.157204
0.515625 -0.15685
0.5625 -0.155596
0.632812 -0.154458
0.75 -0.153918
0.773438 -0.154044
0.703125 -0.152576
0.695312 -0.150374
0.679688 -0.145361
0.765625 -0.141944
0.796875 -0.139201
0.765625 -0.137146
0.828125 -0.138729
0.757812 -0.142456
0.789062 -0.146545
0.789062 -0.148707
0.6875 -0.150508
0.75 -0.152141
0.84375 -0.156477
0.835938 -0.162287
0.835938 -0.167501
0.75 -0.172213
0.804688 -0.173887
0.734375 -0.175526
0.757812 -0.178011
0.75 -0.178358
0.726562 -0.177569
0.609375 -0.175682
0.648438 -0.173862
0.640625 -0.173245
0.625 -0.173832
0.703125 -0.174662
0.742188 -0.174703
0.703125 -0.174237
0.640625 -0.176895
0.679688 -0.180621
0.648438 -0.181099
0.710938 -0.182145
0.679688 -0.185506
0.632812 -0.187396
0.679688 -0.188076
0.703125 -0.187891
0.6875 -0.188627
0.71875 -0.187857
0.6875 -0.186502
0.695312 -0.184929
0.703125 -0.183933
0.695312 -0.182156
0.78125 -0.178455
0.726562 -0.176242
0.8125 -0.173859
0.734375 -0.170775
0.765625 -0.167066
0.773438 -0.165644
0.710938 -0.165227
0.710938 -0.161372
0.679688 -0.15758
0.710938 -0.152302
0.75 -0.151625
0.703125 -0.149958
0.757812 -0.148627
0.71875 -0.150317
0.734375 -0.152899
0.851562 -0.153616
0.875 -0.154829
0.867188 -0.155846
0.875 -0.155835
0.851562 -0.154499
0.84375 -0.152221
0.921875 -0.150451
0.90625 -0.145174
0.867188 -0.142637
0.851562 -0.136505
0.90625 -0.132128
0.851562 -0.128789
0.804688 -0.125863
0.765625 -0.123112
0.734375 -0.120409
0.75 -0.118748
0.6875 -0.117926
0.640625 -0.116499
0.578125 -0.116425
0.59375 -0.114684
0.710938 -0.113434
0.765625 -0.113883
0.71875 -0.110073
0.710938 -0.108718
0.703125 -0.108812
0.609375 -0.108857
0.671875 -0.107655
0.585938 -0.106147
0.5 -0.104469
0.515625 -0.100302
0.570312 -0.0942413
0.632812 -0.0898324
0.609375 -0.0849884
0.585938 -0.0784739
0.609375 -0.0708546
0.5625 -0.0636377
0.523438 -0.0566815
0.5625 -0.0531651
0.609375 -0.0458458
0.523438 -0.0392129
0.507812 -0.0319248
0.476562 -0.0266181
0.445312 -0.0193022
0.507812 -0.00938471
0.578125 0.00142108
0.507812 0.0100722
0.671875 0.019729
0.570312 0.0260829
0.507812 0.0349631
0.476562 0.0416795
0.484375 0.0454491
0.546875 0.0512738
0.59375 0.0568876
0.585938 0.064242
0.625 0.069859
0.578125 0.077217
0.570312 0.0836648
0.601562 0.0868234
0.375 0.0909924
0.289062 0.0956157
0.164062 0.100724
0.289062 0.106955
0.335938 0.111694
0.25 0.116789
0.273438 0.119702
0.265625 0.123294
0.3125 0.125427
0.320312 0.127281
0.273438 0.130739
0.234375 0.130611
0.210938 0.129419
0.289062 0.129225
0.195312 0.128978
0.203125 0.130498
0.289062 0.133206
0.398438 0.134774
0.460938 0.137901
0.5 0.139889
0.523438 0.139944
0.523438 0.140175
0.453125 0.136219
0.453125 0.133643
0.507812 0.132418
0.601562 0.132997
0.632812 0.131435
0.546875 0.125669
0.617188 0.119298
0.726562 0.111323
0.828125 0.103889
0.75 0.0969104
0.8125 0.0886454
0.773438 0.0821863
0.734375 0.0750752
0.773438 0.0677222
0.671875 0.0618927
0.640625 0.0582681
0.710938 0.0544421
0.640625 0.0511196
0.515625 0.0478253
0.515625 0.0449043
0.539062 0.0415155
0.476562 0.0361432
0.460938 0.030461
0.46875 0.0238702
0.617188 0.0182571
0.59375 0.0128622
0.429688 0.0090795
0.429688 0.00577742
0.429688 0.00178682
0.421875 -0.00267199
0.398438 -0.00649268
0.445312 -0.00907165
0.4375 -0.00882697
0.429688 -0.0115664
0.53125 -0.0114261
0.585938 -0.0104714
0.585938 -0.00925739
0.539062 -0.00858905
0.515625 -0.00810903
0.59375 -0.00656856
0.632812 -0.00589163
0.625 -0.00101306
0.570312 0.002291
0.46875 0.00353263
0.398438 0.00321905
0.367188 0.00251109
0.390625 0.0010207
0.429688 -0.00126318
0.460938 -0.00581504
0.53125 -0.012086
0.46875 -0.0197865
0.539062 -0.0301848
0.523438 -0.0388503
0.59375 -0.0467807
0.546875 -0.0519896
0.46875 -0.0534226
0.492188 -0.0539379
0.429688 -0.0541947
0.382812 -0.0528613
0.5 -0.0514943
0.390625 -0.0492935
0.320312 -0.0459761
0.265625 -0.0445523
0.273438 -0.0414442
0.289062 -0.0428507
0.320312 -0.0457188
0.398438 -0.0470577
0.351562 -0.04687
0.367188 -0.0445064
0.359375 -0.0420218
0.40625 -0.0384153
0.40625 -0.0334778
0.492188 -0.0289006
0.476562 -0.0259309
0.34375 -0.0247506
0.4375 -0.0250003
0.382812 -0.0246225
0.429688 -0.0243718
0.351562 -0.0230051
0.46875 -0.0224517
0.476562 -0.0245139
0.59375 -0.0239853
0.523438 -0.0215026
0.585938 -0.0199021
0.476562 -0.0153169
0.492188 -0.0144789
0.539062 -0.014831
0.453125 -0.0160479
0.46875 -0.0126047
0.601562 -0.0108857
0.648438 -0.00771796
0.585938 -0.00611523
0.554688 -0.00302314
0.570312 -0.00158321
0.570312 0.00137472
0.625 0.00357501
0.585938 0.00491003
0.625 0.00618118
0.59375 0.00446576
0.632812 -0.00104192
0.570312 -0.0012275
0.664062 -0.00105868
0.71875 -0.000396036
0.75 0.00544922
0.679688 0.0121735
0.765625 0.0175574
0.75 0.0225561
0.726562 0.0253786
0.71875 0.0274593
0.695312 0.0279848
0.617188 0.0287785
0.679688 0.0338969
0.710938 0.0381924
0.773438 0.0417635
0.84375 0.0449086
0.851562 0.0464031
0.828125 0.0503779
0.804688 0.0542612
0.742188 0.061856
0.671875 0.0705327
0.664062 0.0798344
0.773438 0.0904016
0.804688 0.100237
0.882812 0.109549
0.898438 0.119794
0.765625 0.130899
0.703125 0.141207
0.65625 0.151457
0.8125 0.159979
0.726562 0.166362
0.71875 0.172848
0.71875 0.176977
0.695312 0.181374
0.679688 0.188439
0.671875 0.194825
0.671875 0.202257
0.664062 0.210814
0.585938 0.218268
0.625 0.224431
0.609375 0.228334
0.6875 0.233951
0.695312 0.236137
0.726562 0.234655
0.71875 0.232703
0.679688 0.230045
0.765625 0.227567
0.8125 0.223798
0.8125 0.220155
0.75 0.217209
0.8125 0.217683
0.804688 0.217765
0.71875 0.218585
0.695312 0.222655
0.585938 0.225591
0.640625 0.225814
0.640625 0.228647
0.609375 0.233357
0.609375 0.237058
0.65625 0.241847
0.53125 0.244468
0.375 0.244904
0.414062 0.244651
0.421875 0.242659
0.304688 0.240227
0.375 0.236827
0.359375 0.232334
0.34375 0.225248
0.328125 0.220552
0.40625 0.213684
0.429688 0.205447
0.59375 0.199868
0.601562 0.198027
0.539062 0.193787
0.5625 0.192782
0.554688 0.191818
0.515625 0.187865
0.59375 0.185228
0.59375 0.181847
0.546875 0.179305
0.609375 0.17487
0.71875 0.170765
0.710938 0.163363
0.757812 0.156642
0.773438 0.148953
0.757812 0.141603
0.78125 0.13389
0.742188 0.123821
0.742188 0.114097
0.710938 0.107808
0.679688 0.104064
0.65625 0.101425
0.578125 0.0999189
0.617188 0.100622
0.578125 0.101631
0.695312 0.101308
0.734375 0.0962101
0.65625 0.0929546
0.6875 0.091404
0.71875 0.0895171
0.640625 0.0865824
0.59375 0.0843087
0.601562 0.0806196
0.5625 0.0754345
0.484375 0.0699609
0.554688 0.0644879
0.609375 0.0592614
0.632812 0.0527068
0.617188 0.0459862
0.632812 0.0387675
0.664062 0.0317963
0.726562 0.0245728
0.734375 0.0147974
0.789062 0.00317691
0.78125 -0.00673615
0.84375 -0.0170712
0.8125 -0.0269873
0.828125 -0.0370237
0.804688 -0.0468515
0.773438 -0.0550034
0.757812 -0.0652014
0.804688 -0.0727497
0.726562 -0.0842534
0.726562 -0.0949469
0.703125 -0.102164
0.710938 -0.104641
0.710938 -0.104295
0.710938 -0.105123
0.726562 -0.105463
0.78125 -0.104704
0.765625 -0.10492
0.734375 -0.104533
0.78125 -0.103315
0.8125 -0.104983
0.820312 -0.10748
0.789062 -0.111414
0.84375 -0.111304
0.875 -0.113333
0.9375 -0.115919
0.921875 -0.116225
0.90625 -0.116655
0.945312 -0.117876
0.90625 -0.119375
0.851562 -0.120482
0.859375 -0.121
0.820312 -0.119828
0.75 -0.117283
0.726562 -0.11019
0.726562 -0.10224
0.65625 -0.0979354
0.570312 -0.0935884
0.625 -0.0862233
0.617188 -0.0791936
0.679688 -0.0717068
0.742188 -0.0628187
0.710938 -0.0555368
0.71875 -0.0494571
0.765625 -0.0433988
0.796875 -0.036463
0.851562 -0.026553
0.804688 -0.0172877
0.695312 -0.00749546
0.726562 0.00279717
0.679688 0.0134155
0.71875 0.0240414
0.851562 0.0333113
0.789062 0.0435517
0.789062 0.0510942
0.796875 0.0599685
0.859375 0.071263
0.8125 0.0849755
0.804688 0.0976199
0.789062 0.105887
0.820312 0.113034
0.742188 0.120938
0.765625 0.129465
0.78125 0.13305
0.71875 0.135741
0.75 0.140356
0.804688 0.14479
0.8125 0.147151
0.796875 0.147748
0.75 0.149794
0.75 0.151809
0.796875 0.155388
0.742188 0.157195
0.796875 0.160546
0.6875 0.163354
0.617188 0.164842
0.617188 0.166674
0.617188 0.167617
0.632812 0.165825
0.585938 0.165475
0.585938 0.166359
0.585938 0.167881
0.570312 0.168987
0.523438 0.172272
0.539062 0.174244
0.476562 0.177158
0.429688 0.179779
0.398438 0.181438
0.414062 0.185374
0.460938 0.188225
0.445312 0.192177
0.429688 0.198067
0.539062 0.204853
0.632812 0.210863
0.625 0.216712
0.65625 0.218875
0.632812 0.218345
0.695312 0.216206
0.65625 0.216616
0.742188 0.215295
0.8125 0.21193
0.851562 0.2135
0.898438 0.214406
0.867188 0.213226
0.882812 0.21205
0.890625 0.209603
0.867188 0.203742
0.929688 0.19745
0.757812 0.19011
0.71875 0.183735
0.71875 0.178719
0.632812 0.175718
0.59375 0.173065
0.664062 0.171497
0.679688 0.171591
0.710938 0.169355
0.710938 0.166336
0.757812 0.163644
0.804688 0.161187
0.851562 0.15863
0.875 0.157003
0.8125 0.156712
0.859375 0.154846
0.875 0.154666
0.828125 0.153578
0.84375 0.150931
0.789062 0.148279
0.804688 0.144373
0.796875 0.139737
0.835938 0.135291
0.859375 0.13125
0.8125 0.124625
0.867188 0.115797
0.867188 0.104596
0.898438 0.091992
0.929688 0.0812576
0.898438 0.0732753
0.875 0.0642429
0.914062 0.0586447
0.898438 0.0529209
0.859375 0.0462025
0.890625 0.0387829
0.859375 0.0321159
0.875 0.0261977
0.90625 0.0194842
0.921875 0.0135244
0.84375 0.00782732
0.882812 0.00326107
0.875 -0.00200149
0.875 -0.00716873
0.789062 -0.0121397
0.765625 -0.0167732
0.71875 -0.0225692
0.71875 -0.025722
0.710938 -0.0273114
0.796875 -0.0302199
0.84375 -0.0341803
0.828125 -0.0389783
0.835938 -0.0417738
0.851562 -0.0443023
0.820312 -0.0448631
0.796875 -0.0452282
0.820312 -0.0448717
0.742188 -0.0455893
0.828125 -0.04187
0.828125 -0.0378258
0.796875 -0.0341682
0.820312 -0.033322
0.820312 -0.033405
0.765625 -0.0314102
0.773438 -0.0320577
0.742188 -0.0318674
0.703125 -0.0326639
0.742188 -0.0351626
0.757812 -0.0379675
0.773438 -0.0386626
0.734375 -0.039978
0.695312 -0.0460255
0.671875 -0.0523089
0.65625 -0.0575665
0.648438 -0.0629712
0.5625 -0.0704921
0.625 -0.0767371
0.585938 -0.0860118
0.523438 -0.0956325
0.546875 -0.105859
0.53125 -0.118567
0.523438 -0.128678
0.546875 -0.13861
0.40625 -0.146212
0.421875 -0.155163
0.554688 -0.158972
0.6875 -0.164356
0.695312 -0.17098
0.578125 -0.178239
0.570312 -0.186882
0.53125 -0.197297
0.585938 -0.208828
0.617188 -0.220547
0.601562 -0.228882
0.53125 -0.237492
0.507812 -0.245995
0.539062 -0.256537
0.46875 -0.266192
0.445312 -0.27461
0.4375 -0.280586
0.484375 -0.284402
0.484375 -0.287372
0.578125 -0.287432
0.59375 -0.287112
0.570312 -0.284954
0.578125 -0.281979
0.570312 -0.279154
0.578125 -0.274036
0.523438 -0.266591
0.539062 -0.261141
0.546875 -0.25632
0.507812 -0.251356
0.476562 -0.245168
0.554688 -0.239158
0.492188 -0.235264
0.398438 -0.231215
0.398438 -0.224911
0.46875 -0.217816
0.546875 -0.211242
0.585938 -0.203923
0.6875 -0.196847
0.757812 -0.189934
0.78125 -0.185896
0.75 -0.178629
0.828125 -0.169659
0.867188 -0.161829
0.890625 -0.156066
0.835938 -0.148003
0.859375 -0.140424
0.859375 -0.131553
0.804688 -0.12483
0.757812 -0.118274
0.648438 -0.1095
0.78125 -0.101572
0.640625 -0.0932406
0.601562 -0.0843225
0.601562 -0.0786844
0.609375 -0.0760897
0.53125 -0.0715246
0.585938 -0.0665291
0.554688 -0.061772
0.5 -0.0561157
0.390625 -0.0493944
0.359375 -0.0430432
0.382812 -0.0387003
0.375 -0.0320484
0.453125 -0.0265706
0.398438 -0.0231681
0.375 -0.0210027
0.359375 -0.0151548
0.476562 -0.0115553
0.414062 -0.00821281
0.429688 -0.00702556
0.320312 -0.00587202
0.234375 -0.00395522
0.335938 -0.00462419
0.390625 -0.00611266
0.351562 -0.00574575
0.234375 -0.0037473
0.109375 -0.00102885
0.0078125 0.00226297
0.0390625 0.00565153
0.117188 0.00840432
0.25 0.00871204
0.28125 0.010218
0.265625 0.011657
0.3125 0.0139281
0.296875 0.0179426
0.304688 0.0198025
0.28125 0.0200743
0.289062 0.0197366
0.320312 0.0196494
0.359375 0.0227874
0.375 0.0263539
0.375 0.0312177
0.390625 0.0368375
0.335938 0.0424564
0.3125 0.045147
0.414062 0.0454877
0.40625 0.0456241
0.398438 0.0446283
0.421875 0.0455195
0.515625 0.0448144
0.351562 0.0408334
0.375 0.0383516
0.453125 0.0351599
0.507812 0.0319209
0.5625 0.0275806
0.625 0.0223348
0.617188 0.0194289
0.523438 0.016465
0.585938 0.0124228
0.523438 0.0060182
0.46875 0.000890669
0.484375 -0.00197839
0.445312 -0.00591773
0.5625 -0.011331
0.640625 -0.0182903
0.484375 -0.0260022
0.40625 -0.0350815
0.320312 -0.0445846
0.226562 -0.0512675
0.148438 -0.0538036
0.210938 -0.0551981
0.148438 -0.0563493
0.117188 -0.0553503
0.125 -0.0573104
0.101562 -0.0601729
0.132812 -0.0654868
0.140625 -0.0709276
0.195312 -0.0783848
0.296875 -0.0838451
0.34375 -0.0905636
0.34375 -0.0969927
0.289062 -0.104576
0.359375 -0.111131
0.398438 -0.115945
0.382812 -0.117116
0.460938 -0.117133
0.445312 -0.115402
0.578125 -0.116703
0.671875 -0.118789
0.726562 -0.121036
0.742188 -0.125519
0.726562 -0.131792
0.8125 -0.135722
0.875 -0.137925
0.875 -0.140575
0.898438 -0.14267
0.859375 -0.143182
0.875 -0.142443
0.8125 -0.141207
0.765625 -0.140946
0.742188 -0.139173
0.695312 -0.136071
0.726562 -0.133236
0.625 -0.132734
0.625 -0.131994
0.617188 -0.131532
0.648438 -0.128791
0.585938 -0.12542
0.726562 -0.124669
0.804688 -0.123305
0.703125 -0.124785
0.65625 -0.126972
0.710938 -0.127849
0.773438 -0.127368
0.671875 -0.125476
0.648438 -0.12671
0.679688 -0.125973
0.6875 -0.12309
0.765625 -0.116495
0.804688 -0.110962
0.828125 -0.106196
0.789062 -0.0981816
0.875 -0.0920282
0.890625 -0.0834432
0.875 -0.0772174
0.867188 -0.0737591
0.851562 -0.0714188
0.851562 -0.0666251
0.828125 -0.060884
0.851562 -0.055732
0.765625 -0.0512385
0.757812 -0.0507346
0.71875 -0.0485394
0.789062 -0.0471154
0.804688 -0.0444912
0.757812 -0.0401514
0.664062 -0.0343241
0.585938 -0.0288779
0.507812 -0.0222348
0.625 -0.0164532
0.648438 -0.00960646
0.726562 -0.00416304
0.6875 -8.64646e-05
0.71875 0.00580975
0.765625 0.0142861
0.75 0.0233493
0.71875 0.0361622
0.664062 0.0474377
0.695312 0.0605925
0.78125 0.0721833
0.65625 0.0857298
0.695312 0.0973283
0.632812 0.109508
0.601562 0.120206
0.648438 0.13048
0.703125 0.140175
0.710938 0.14523
0.679688 0.147089
0.773438 0.145678
0.757812 0.145314
0.828125 0.143853
0.890625 0.14444
0.90625 0.142865
0.773438 0.142547
0.8125 0.14314
0.8125 0.142561
0.757812 0.142061
0.765625 0.14013
0.789062 0.137372
0.757812 0.137229
0.796875 0.134111
0.734375 0.130618
0.703125 0.128056
0.703125 0.123841
0.773438 0.123997
0.796875 0.121493
0.757812 0.117409
0.8125 0.114558
0.835938 0.113732
0.773438 0.111153
0.8125 0.107502
0.867188 0.103354
0.859375 0.101148
0.8125 0.0999152
0.8125 0.10052
0.773438 0.101833
0.757812 0.100725
0.648438 0.10179
0.71875 0.102385
0.757812 0.10171
0.78125 0.103323
0.757812 0.104185
0.789062 0.106217
0.8125 0.109468
0.8125 0.111622
0.921875 0.114496
0.929688 0.116961
0.898438 0.119138
0.890625 0.122431
0.875 0.126248
0.734375 0.126281
0.671875 0.123249
0.648438 0.120651
0.773438 0.119867
0.734375 0.114014
0.8125 0.107047
0.773438 0.1011
0.75 0.0963853
0.796875 0.0923503
0.757812 0.0897974
0.703125 0.0902747
0.703125 0.0916018
0.710938 0.0912896
0.664062 0.0940565
0.671875 0.101814
0.664062 0.106954
0.6875 0.108995
0.664062 0.10914
0.726562 0.110978
0.671875 0.111403
0.679688 0.110426
0.679688 0.109403
0.75 0.108874
0.78125 0.108209
0.78125 0.106836
0.820312 0.103502
0.804688 0.100465
0.65625 0.0949453
0.773438 0.0892649
0.742188 0.0818196
0.789062 0.0777053
0.765625 0.0723912
0.742188 0.0681451
0.679688 0.0623917
0.6875 0.0561523
0.804688 0.0485032
0.820312 0.0400222
0.804688 0.0295542
0.867188 0.0216632
0.773438 0.0129903
0.796875 0.00553883
0.78125 -0.00456609
0.75 -0.015803
0.601562 -0.0263939
0.632812 -0.0405085
0.578125 -0.0531722
0.515625 -0.065012
0.570312 -0.0726899
0.507812 -0.0800251
0.46875 -0.086199
0.421875 -0.0932702
0.453125 -0.102054
0.46875 -0.110547
0.5625 -0.119058
0.632812 -0.12573
0.5 -0.1313
0.523438 -0.136661
0.59375 -0.14184
0.640625 -0.148843
0.640625 -0.156401
0.617188 -0.160877
0.6875 -0.165425
0.578125 -0.1709
0.585938 -0.174241
0.617188 -0.174186
0.703125 -0.173289
0.648438 -0.171679
0.625 -0.168557
0.625 -0.168373
0.59375 -0.170111
0.609375 -0.170682
0.5625 -0.168709
0.460938 -0.167741
0.445312 -0.167097
0.398438 -0.164545
0.546875 -0.165547
0.570312 -0.167413
0.570312 -0.167575
0.507812 -0.165565
0.4375 -0.162199
0.476562 -0.160017
0.5 -0.160924
0.460938 -0.162619
0.5625 -0.16613
0.601562 -0.167245
0.601562 -0.167486
0.578125 -0.165355
0.648438 -0.16031
0.734375 -0.154787
0.703125 -0.150635
0.625 -0.149574
0.71875 -0.147011
0.671875 -0.14432
0.617188 -0.140872
0.484375 -0.137726
0.585938 -0.134669
0.71875 -0.131667
0.664062 -0.127304
0.695312 -0.12179
0.695312 -0.115626
0.742188 -0.108273
0.796875 -0.0983624
0.875 -0.0884266
0.820312 -0.0749839
0.820312 -0.0637375
0.710938 -0.0493727
0.679688 -0.0376963
0.703125 -0.0273253
0.6875 -0.0160033
0.742188 -0.00633103
0.757812 -0.000261036
0.875 0.0100536
0.867188 0.021129
0.9375 0.0318308
0.953125 0.0400429
0.929688 0.0467772
0.90625 0.0533082
0.898438 0.061763
0.820312 0.0673558
0.8125 0.07507
0.695312 0.085871
0.65625 0.0994276
0.671875 0.115849
0.703125 0.131832
0.65625 0.146237
0.671875 0.157305
0.546875 0.170531
0.554688 0.185161
0.492188 0.196948
0.539062 0.207915
0.421875 0.216645
0.5 0.225857
0.601562 0.234072
0.664062 0.242404
0.796875 0.250419
0.789062 0.258911
0.742188 0.269525
0.671875 0.277938
0.609375 0.285365
0.710938 0.291288
0.742188 0.297116
0.734375 0.300468
0.71875 0.301514
0.625 0.299487
0.539062 0.297699
0.453125 0.300675
0.421875 0.30318
0.484375 0.304022
0.609375 0.307428
0.585938 0.308504
0.578125 0.308808
0.625 0.308807
0.671875 0.306561
0.65625 0.306573
0.617188 0.306403
0.664062 0.306407
0.664062 0.303624
0.617188 0.297189
0.59375 0.294262
0.429688 0.294441
0.53125 0.294091
0.523438 0.294491
0.570312 0.290663
0.601562 0.287446
0.648438 0.284889
0.609375 0.284634
0.664062 0.283274
0.726562 0.279792
0.648438 0.278569
0.65625 0.276611
0.570312 0.279645
0.507812 0.284963
0.507812 0.29074
0.46875 0.293789
0.367188 0.298301
0.351562 0.30039
0.328125 0.301589
0.367188 0.303726
0.390625 0.302179
0.507812 0.298558
0.398438 0.29467
0.445312 0.2906
0.46875 0.289069
0.523438 0.282928
0.578125 0.277968
0.632812 0.274026
0.679688 0.27089
0.710938 0.266321
0.742188 0.261529
0.6875 0.257055
0.75 0.254176
0.765625 0.250177
0.757812 0.245116
0.796875 0.241315
0.773438 0.236624
0.75 0.22823
0.6875 0.216385
0.695312 0.205493
0.671875 0.193753
0.570312 0.182352
0.539062 0.168184
0.539062 0.153316
0.585938 0.139561
0.664062 0.12762
0.695312 0.1135
0.703125 0.103656
0.75 0.0988789
0.6875 0.0957222
0.75 0.0954463
0.734375 0.0920769
0.726562 0.0878551
0.632812 0.0855351
0.710938 0.0863449
0.75 0.0850928
0.703125 0.0816079
0.726562 0.0787185
0.6875 0.0771939
0.640625 0.0789973
0.617188 0.0778452
0.71875 0.0752923
0.757812 0.0680799
0.867188 0.0629453
0.773438 0.0587085
0.789062 0.0510059
0.835938 0.0468106
0.859375 0.042633
0.851562 0.0389761
0.851562 0.0365907
0.890625 0.0374657
0.921875 0.0371924
0.867188 0.0333969
0.90625 0.032711
0.882812 0.0315831
0.84375 0.0255001
0.804688 0.0178086
0.8125 0.0108691
0.796875 0.00363474
0.78125 -0.00362483
0.796875 -0.00893832
0.804688 -0.0140225
0.835938 -0.0205763
0.8125 -0.0242707
0.828125 -0.0293485
0.84375 -0.0325316
0.859375 -0.037316
0.789062 -0.0454144
0.804688 -0.0543213
0.835938 -0.0639779
0.882812 -0.0739857
0.851562 -0.0834135
0.890625 -0.0906549
0.890625 -0.097595
0.90625 -0.106383
0.9375 -0.116515
0.851562 -0.126358
0.789062 -0.130769
0.835938 -0.13244
0.765625 -0.12945
0.804688 -0.1279
0.789062 -0.125817
0.8125 -0.118243
0.875 -0.110585
0.867188 -0.107531
0.820312 -0.104795
0.820312 -0.107115
0.828125 -0.105847
0.804688 -0.103585
0.796875 -0.10536
0.734375 -0.10399
0.742188 -0.102334
0.765625 -0.103969
0.710938 -0.10464
0.820312 -0.106071
0.84375 -0.1072
0.804688 -0.106637
0.867188 -0.105272
0.835938 -0.101041
0.914062 -0.101117
0.875 -0.10329
0.859375 -0.103937
0.875 -0.103194
0.90625 -0.101291
0.921875 -0.0990426
0.898438 -0.0943417
0.804688 -0.0911551
0.804688 -0.0863598
0.796875 -0.0859536
0.695312 -0.0903099
0.773438 -0.0939186
0.773438 -0.100056
0.765625 -0.109507
0.859375 -0.121127
0.835938 -0.12515
0.859375 -0.127536
0.835938 -0.130883
0.859375 -0.134166
0.90625 -0.141435
0.90625 -0.144926
0.84375 -0.150633
0.78125 -0.157678
0.765625 -0.164978
0.828125 -0.169962
0.835938 -0.173107
0.734375 -0.173721
0.78125 -0.174531
0.828125 -0.176918
0.867188 -0.177714
0.804688 -0.178636
0.8125 -0.175831
0.796875 -0.172389
0.78125 -0.17112
0.8125 -0.168477
0.695312 -0.164547
0.710938 -0.159512
0.734375 -0.155299
0.71875 -0.151485
0.640625 -0.146746
0.578125 -0.138977
0.5625 -0.131039
0.671875 -0.121264
0.648438 -0.109081
0.578125 -0.0977846
0.539062 -0.0881432
0.617188 -0.0788902
0.539062 -0.0700969
0.632812 -0.0635244
0.609375 -0.0552505
0.578125 -0.0466804
0.671875 -0.038344
0.703125 -0.0291421
0.78125 -0.0187559
0.773438 -0.00874248
0.796875 0.000929519
0.820312 0.012819
0.804688 0.0229348
0.765625 0.0296864
0.648438 0.0379813
0.59375 0.0447519
0.59375 0.0485102
0.554688 0.0526759
0.515625 0.0554885
0.570312 0.0608311
0.578125 0.0669483
0.46875 0.0691799
0.367188 0.0674973
0.40625 0.0674344
0.476562 0.0681846
0.4375 0.0658649
0.390625 0.0638992
0.367188 0.0630926
0.320312 0.0591634
0.203125 0.055683
0.125 0.0535593
0.0546875 0.0501979
0.0078125 0.0429113
0.125 0.0344932
0.0859375 0.026962
0.0546875 0.0156496
0.132812 0.00466097
0.164062 -0.0101428
0.117188 -0.0283701
0.171875 -0.04357
0.203125 -0.0563087
0.304688 -0.0676752
0.34375 -0.0786511
0.382812 -0.0900684
0.367188 -0.101217
0.445312 -0.11309
0.421875 -0.124432
0.445312 -0.136519
0.375 -0.145568
0.375 -0.152337
0.28125 -0.157745
0.421875 -0.162452
0.414062 -0.167201
0.53125 -0.174806
0.476562 -0.181089
0.453125 -0.18937
0.523438 -0.200139
0.585938 -0.210083
0.585938 -0.216399
0.617188 -0.220213
0.671875 -0.224473
0.625 -0.229677
0.570312 -0.232414
0.65625 -0.231397
0.632812 -0.229979
0.671875 -0.228645
0.632812 -0.227085
0.664062 -0.223994
0.632812 -0.221192
0.5625 -0.223908
0.578125 -0.226379
0.570312 -0.226831
0.632812 -0.22762
0.640625 -0.231809
0.679688 -0.236095
0.609375 -0.236997
0.710938 -0.240511
0.695312 -0.242109
0.664062 -0.243718
0.671875 -0.246746
0.679688 -0.249865
0.6875 -0.25194
0.71875 -0.254957
0.648438 -0.253731
0.71875 -0.252847
0.765625 -0.249475
0.773438 -0.247544
0.773438 -0.251412
0.757812 -0.255489
0.765625 -0.262018
0.671875 -0.267306
0.648438 -0.272049
0.679688 -0.278004
0.695312 -0.28691
0.6875 -0.294354
0.648438 -0.301621
0.726562 -0.302701
0.78125 -0.305653
0.820312 -0.308259
0.765625 -0.30857
0.710938 -0.30654
0.765625 -0.30611
0.78125 -0.307799
0.84375 -0.307298
0.851562 -0.301563
0.875 -0.296532
0.703125 -0.291225
0.71875 -0.287139
0.71875 -0.279961
0.71875 -0.272609
0.71875 -0.266588
0.742188 -0.264393
0.765625 -0.260426
0.835938 -0.253365
0.765625 -0.243744
0.742188 -0.230122
0.71875 -0.216718
0.726562 -0.204361
0.804688 -0.192738
0.78125 -0.17714
0.757812 -0.162784
0.75 -0.150419
0.710938 -0.138898
0.609375 -0.131935
0.53125 -0.121398
0.546875 -0.109734
0.570312 -0.100105
0.5625 -0.0836126
0.601562 -0.065013
0.609375 -0.0447506
0.65625 -0.0249063
0.710938 -0.00372295
0.757812 0.0165719
0.726562 0.0333159
0.671875 0.049579
0.640625 0.0629697
0.625 0.0750612
0.710938 0.0858326
0.679688 0.0979006
0.695312 0.106976
0.742188 0.112187
0.71875 0.114572
0.71875 0.116331
0.6875 0.118922
0.679688 0.120753
0.679688 0.122559
0.726562 0.119621
0.78125 0.113751
0.710938 0.10634
0.6875 0.101029
0.804688 0.0974616
0.726562 0.0938139
0.726562 0.0864704
0.8125 0.0807822
0.789062 0.0774997
0.765625 0.0769464
0.679688 0.0785677
0.75 0.081224
0.695312 0.0811782
0.78125 0.0829495
0.773438 0.0854562
0.726562 0.084405
0.820312 0.0816032
0.851562 0.07636
0.875 0.0718685
0.859375 0.0709776
0.859375 0.0685841
0.921875 0.0681071
0.882812 0.0661467
0.929688 0.0690489
0.90625 0.0741077
0.828125 0.0785084
0.796875 0.0803675
0.695312 0.0842232
0.71875 0.0847757
0.78125 0.0836686
0.773438 0.080556
0.828125 0.0782124
0.828125 0.077642
0.804688 0.0789629
0.773438 0.0815496
0.742188 0.0846642
0.789062 0.0852414
0.71875 0.084903
0.765625 0.0868797
0.773438 0.0892871
0.734375 0.0884495
0.695312 0.0841111
0.695312 0.0839246
0.742188 0.0818728
0.65625 0.0791251
0.570312 0.0694377
0.570312 0.0635055
0.601562 0.0566672
0.609375 0.0484878
0.492188 0.0384305
0.390625 0.0264692
0.429688 0.0156027
0.460938 0.00460625
0.507812 -0.00463243
0.554688 -0.0128588
0.53125 -0.0219845
0.617188 -0.0327898
0.59375 -0.0439253
0.523438 -0.0550162
0.460938 -0.0663725
0.46875 -0.0769518
0.359375 -0.0881217
0.296875 -0.099721
0.140625 -0.110806
0.171875 -0.119508
0.226562 -0.127212
0.320312 -0.137856
0.34375 -0.148111
0.3125 -0.157968
0.320312 -0.166821
0.304688 -0.179387
0.398438 -0.191617
0.429688 -0.204712
0.304688 -0.216454
0.351562 -0.226459
0.367188 -0.237706
0.359375 -0.244442
0.3125 -0.252453
0.296875 -0.257651
0.210938 -0.261112
0.289062 -0.262901
0.3125 -0.260983
0.40625 -0.255382
0.414062 -0.246783
0.445312 -0.24119
0.359375 -0.242212
0.320312 -0.246593
0.3125 -0.247047
0.296875 -0.247362
0.421875 -0.24775
0.390625 -0.245667
0.445312 -0.241647
0.34375 -0.239001
0.398438 -0.233586
0.335938 -0.227493
0.34375 -0.223509
0.359375 -0.216281
0.382812 -0.209262
0.34375 -0.203047
0.335938 -0.198124
0.421875 -0.190015
0.382812 -0.181241
0.242188 -0.17297
0.335938 -0.166552
0.359375 -0.161336
0.40625 -0.157354
0.359375 -0.153989
0.414062 -0.157155
0.390625 -0.159139
0.398438 -0.162305
0.390625 -0.164313
0.507812 -0.164624
0.5 -0.158472
0.484375 -0.152304
0.507812 -0.144072
0.484375 -0.13378
0.40625 -0.121683
0.4375 -0.113659
0.585938 -0.105553
0.554688 -0.0979598
0.445312 -0.09101
0.453125 -0.08578
0.5625 -0.0815493
0.59375 -0.0788701
0.570312 -0.0802685
0.5625 -0.0808829
0.601562 -0.0803185
0.585938 -0.0802864
0.609375 -0.0763621
0.625 -0.0708839
0.578125 -0.0687102
0.585938 -0.0659327
0.6875 -0.0647071
0.65625 -0.0638318
0.65625 -0.0616305
0.664062 -0.0592742
0.664062 -0.0540211
0.578125 -0.0493869
0.640625 -0.0455641
0.625 -0.0405959
0.601562 -0.035462
0.65625 -0.0322541
0.53125 -0.0339272
0.609375 -0.0340053
0.585938 -0.0338663
0.5625 -0.0348949
0.710938 -0.0334361
0.75 -0.0250876
0.789062 -0.0142967
0.851562 0.000539347
0.8125 0.0191943
0.820312 0.0361006
0.828125 0.0479539
0.742188 0.0546112
0.664062 0.060428
0.648438 0.0717948
0.648438 0.0873412
0.789062 0.100749
0.796875 0.112377
0.78125 0.122579
0.851562 0.133671
0.929688 0.143654
0.9375 0.155521
0.90625 0.166419
0.835938 0.172357
0.84375 0.17856
0.820312 0.185054
0.84375 0.192648
0.84375 0.202443
0.804688 0.213309
0.726562 0.219999
0.796875 0.230673
0.796875 0.238519
0.773438 0.24548
0.671875 0.249341
0.703125 0.24736
0.679688 0.246273
0.6875 0.24488
0.59375 0.244599
0.6875 0.246628
0.757812 0.244319
0.75 0.241676
0.664062 0.239741
0.726562 0.235775
0.679688 0.230645
0.679688 0.224086
0.515625 0.215946
0.617188 0.209036
0.609375 0.200473
0.601562 0.193637
0.5 0.186309
0.507812 0.182224
0.484375 0.181765
0.46875 0.176945
0.390625 0.172529
0.492188 0.165398
0.460938 0.162231
0.367188 0.157671
0.257812 0.151796
0.242188 0.144789
0.3125 0.137197
0.257812 0.131751
0.257812 0.126418
0.234375 0.117268
0.289062 0.107158
0.273438 0.101476
0.078125 0.0926255
0.0390625 0.0893065
0.117188 0.0851132
0.0859375 0.0802202
0.0625 0.0758651
0.0078125 0.0709493
0.140625 0.0662193
0.148438 0.0645706
0.101562 0.0636217
0.0546875 0.06367
0.0625 0.0661918
0.0546875 0.0681314
0.0703125 0.0678884
0.0859375 0.0635308
0.179688 0.0626702
0.226562 0.0636851
0.171875 0.0657964
0.25 0.070722
0.296875 0.0743561
0.296875 0.0771684
0.265625 0.0829247
0.382812 0.0851473
0.335938 0.0831923
0.335938 0.0800997
0.257812 0.0750149
0.242188 0.0705709
0.335938 0.0619622
0.304688 0.0541717
0.359375 0.049348
0.375 0.0455027
0.46875 0.0464117
0.578125 0.0445605
0.5625 0.0430173
0.609375 0.0387526
0.53125 0.0325716
0.554688 0.0261706
0.609375 0.0150286
0.460938 -0.000271918
0.390625 -0.0205653
0.320312 -0.038492
0.3125 -0.0515198
0.34375 -0.0638812
0.273438 -0.073859
0.296875 -0.0777081
0.359375 -0.0813693
0.40625 -0.0838346
0.554688 -0.0859494
0.640625 -0.0804243
0.617188 -0.0751825
0.648438 -0.067107
0.492188 -0.0598589
0.445312 -0.0566726
0.445312 -0.0556469
0.398438 -0.0572403
0.4375 -0.0563715
0.539062 -0.0548832
0.570312 -0.0555353
0.5 -0.0540179
0.484375 -0.0513896
0.515625 -0.0500067
0.507812 -0.0522556
0.617188 -0.0552562
0.632812 -0.0549185
0.679688 -0.0535875
0.804688 -0.0520658
0.8125 -0.0478378
0.78125 -0.0445913
0.742188 -0.0388821
0.742188 -0.0349806
0.84375 -0.02885
0.835938 -0.0235194
0.882812 -0.0170668
0.898438 -0.0109106
0.828125 -0.00550848
0.78125 0.000874981
0.789062 0.00659388
0.828125 0.0119413
0.84375 0.0178109
0.75 0.0238911
0.765625 0.0266668
0.828125 0.0332735
0.765625 0.0371524
0.804688 0.0394561
0.820312 0.0445821
0.867188 0.0502732
0.835938 0.0557801
0.882812 0.0609596
0.820312 0.07236
0.796875 0.0798373
0.828125 0.0847859
0.84375 0.0869869
0.804688 0.0887949
0.796875 0.0919329
0.796875 0.0969264
0.835938 0.105684
0.820312 0.111943
0.828125 0.124101
0.820312 0.136712
0.789062 0.148568
0.804688 0.161818
0.71875 0.173287
0.679688 0.186449
0.765625 0.200451
0.726562 0.215621
0.71875 0.229258
0.65625 0.248403
0.617188 0.264865
0.617188 0.279985
0.648438 0.290782
0.640625 0.298652
0.5625 0.305395
0.53125 0.310577
0.46875 0.316533
0.554688 0.322523
0.554688 0.327627
0.5625 0.326675
0.578125 0.323566
0.671875 0.323129
0.8125 0.32443
0.890625 0.325212
0.9375 0.324683
0.804688 0.326243
0.765625 0.326787
0.789062 0.323075
0.796875 0.315848
0.8125 0.310118
0.820312 0.302629
0.796875 0.294502
0.726562 0.286549
0.757812 0.277458
0.679688 0.269394
0.796875 0.261674
0.84375 0.251729
0.851562 0.234825
0.835938 0.217019
0.835938 0.204733
0.90625 0.194004
0.890625 0.184106
0.84375 0.176761
0.898438 0.164619
0.890625 0.157543
0.898438 0.147406
0.867188 0.137224
0.882812 0.131631
0.8125 0.127327
0.851562 0.120255
0.867188 0.113597
0.890625 0.102566
0.820312 0.0933597
0.796875 0.0847438
0.835938 0.0773928
0.765625 0.0722834
0.828125 0.0644035
0.796875 0.0568488
0.867188 0.0511588
0.835938 0.0450962
0.765625 0.0374536
0.757812 0.0300483
0.796875 0.0200489
0.8125 0.0117769
0.859375 0.0085622
0.859375 0.00314336
0.859375 -0.00313443
0.75 -0.00622112
0.851562 -0.0088981
0.765625 -0.00819371
0.851562 -0.00811989
0.859375 -0.00311161
0.84375 -0.00320237
0.773438 -0.00407506
0.765625 -0.00833863
0.835938 -0.0176337
0.71875 -0.0210636
0.773438 -0.025648
0.835938 -0.0338282
0.890625 -0.0417944
0.84375 -0.0506124
0.78125 -0.0594668
0.773438 -0.0645809
0.828125 -0.0699048
0.75 -0.0764954
0.765625 -0.0780527
0.773438 -0.0771357
0.765625 -0.0745147
0.757812 -0.0769167
0.765625 -0.0758603
0.71875 -0.0766238
0.632812 -0.0791953
0.664062 -0.0821248
0.6875 -0.0866813
0.710938 -0.0967472
0.679688 -0.107968
0.671875 -0.117145
0.640625 -0.126616
0.671875 -0.13519
0.640625 -0.145113
0.703125 -0.153583
0.640625 -0.161795
0.59375 -0.169227
0.648438 -0.180955
0.671875 -0.194967
0.570312 -0.205326
0.554688 -0.213627
0.617188 -0.214872
0.65625 -0.21207
0.625 -0.211758
0.59375 -0.21413
0.492188 -0.213981
0.492188 -0.213193
0.453125 -0.211359
0.515625 -0.213362
0.4375 -0.21626
0.359375 -0.222653
0.40625 -0.226873
0.476562 -0.229174
0.421875 -0.226593
0.554688 -0.219337
0.578125 -0.210123
0.546875 -0.201193
0.53125 -0.187315
0.5 -0.175447
0.554688 -0.165336
0.492188 -0.153437
0.398438 -0.139682
0.523438 -0.128556
0.492188 -0.120276
0.507812 -0.110889
0.460938 -0.0989848
0.523438 -0.086516
0.484375 -0.0748556
0.476562 -0.0570243
0.546875 -0.0450915
0.53125 -0.0355809
0.554688 -0.0280729
0.5 -0.0242952
0.421875 -0.0195739
0.304688 -0.0222212
0.21875 -0.0176291
0.210938 -0.0136423
0.351562 -0.0126747
0.375 -0.015688
0.460938 -0.022354
0.359375 -0.0290553
0.390625 -0.0306771
0.429688 -0.036491
0.382812 -0.0388973
0.359375 -0.0386579
0.414062 -0.0384961
0.445312 -0.0325232
0.414062 -0.0277335
0.453125 -0.0249313
0.375 -0.0225421
0.289062 -0.0185634
0.367188 -0.00958229
0.367188 -0.0105943
0.421875 -0.00716568
0.359375 0.00159956
0.421875 0.00722858
0.429688 0.0110831
0.46875 0.00995042
0.445312 0.0124354
0.601562 0.0229323
0.609375 0.0305235
0.609375 0.0378039
0.53125 0.0466179
0.5 0.0560904
0.539062 0.0659127
0.59375 0.0774057
0.585938 0.0850559
0.664062 0.0930305
0.757812 0.0988492
0.710938 0.107102
0.617188 0.11278
0.679688 0.117123
0.671875 0.124935
0.640625 0.132866
0.617188 0.139952
0.59375 0.145801
0.585938 0.14395
0.625 0.14494
0.554688 0.146758
0.492188 0.15042
0.40625 0.157567
0.421875 0.164945
0.523438 0.171634
0.53125 0.176192
0.578125 0.176897
0.710938 0.174285
0.742188 0.169298
0.757812 0.15896
0.765625 0.14856
0.835938 0.132267
0.78125 0.112558
0.804688 0.0995091
0.796875 0.0913737
0.890625 0.080872
0.898438 0.0695989
0.867188 0.0557751
0.835938 0.0425592
0.84375 0.0247376
0.835938 0.00549127
0.804688 -0.0108695
0.8125 -0.0269043
0.757812 -0.0354551
0.820312 -0.0458811
0.789062 -0.0613928
0.796875 -0.0774281
0.804688 -0.0948738
0.867188 -0.114687
0.789062 -0.132867
0.78125 -0.149566
0.765625 -0.169164
0.75 -0.186154
0.710938 -0.201803
0.695312 -0.217824
0.726562 -0.2326
0.78125 -0.246873
0.742188 -0.254921
0.757812 -0.260973
0.796875 -0.264695
0.75 -0.268628
0.710938 -0.267742
0.578125 -0.264385
0.554688 -0.258188
0.578125 -0.250787
0.625 -0.24218
0.601562 -0.238336
0.5625 -0.232562
0.617188 -0.227121
0.75 -0.222845
0.710938 -0.218027
0.6875 -0.213893
0.671875 -0.210124
0.671875 -0.208785
0.710938 -0.207565
0.671875 -0.206555
0.726562 -0.204462
0.757812 -0.195986
0.8125 -0.185984
0.796875 -0.175193
0.820312 -0.15988
0.859375 -0.142951
0.851562 -0.12408
0.765625 -0.108597
0.703125 -0.0954539
0.664062 -0.0837011
0.679688 -0.0775485
0.632812 -0.0724177
0.507812 -0.0698868
0.484375 -0.0664607
0.382812 -0.0612055
0.328125 -0.0608728
0.4375 -0.0594138
0.4375 -0.0565579
0.476562 -0.0507777
0.59375 -0.0445385
0.515625 -0.0417368
0.53125 -0.0423725
0.664062 -0.0470885
0.585938 -0.053717
0.59375 -0.0561323
0.484375 -0.0551647
0.554688 -0.0488607
0.515625 -0.0418064
0.515625 -0.034583
0.5 -0.031896
0.445312 -0.0286819
0.453125 -0.0292295
0.421875 -0.0300151
0.453125 -0.0330885
0.617188 -0.0339856
0.546875 -0.0322501
0.492188 -0.0282772
0.554688 -0.0244868
0.5625 -0.0208765
0.570312 -0.0179042
0.523438 -0.0142323
0.625 -0.00897456
0.703125 -0.00355645
0.578125 0.000274593
0.546875 0.00175807
0.578125 0.00663775
0.578125 0.00926474
0.6875 0.011471
0.679688 0.0108335
0.65625 0.0150677
0.59375 0.0164742
0.515625 0.017253
0.5 0.0152922
0.515625 0.0120005
0.515625 0.00803172
0.429688 0.00819806
0.414062 0.00857869
0.476562 0.00514766
0.515625 -0.000930556
0.507812 -0.00458624
0.515625 -0.00402902
0.546875 -0.0024866
0.5625 -0.00165581
0.523438 0.0040815
0.492188 0.00734382
0.515625 0.0175815
0.546875 0.0216678
0.492188 0.0214443
0.539062 0.0209822
0.578125 0.0234184
0.679688 0.0276765
0.671875 0.0306281
0.601562 0.0317189
0.632812 0.0249793
0.578125 0.0239602
0.570312 0.0236524
0.554688 0.0198382
0.59375 0.0156304
0.546875 0.0128359
0.5 0.0102686
0.578125 0.0101254
0.65625 0.0111623
0.65625 0.0163097
0.664062 0.0296118
0.6875 0.0416693
0.75 0.052078
0.835938 0.0560617
0.8125 0.0597103
0.804688 0.0661444
0.820312 0.0752928
0.765625 0.0824089
0.804688 0.0862985
0.820312 0.0882074
0.789062 0.0912485
0.898438 0.0997379
0.898438 0.112479
0.890625 0.125727
0.859375 0.13681
0.8125 0.145378
0.882812 0.148619
0.882812 0.150653
0.828125 0.154727
0.757812 0.161704
0.648438 0.173274
0.492188 0.183418
0.53125 0.196441
0.601562 0.206038
0.648438 0.2126
0.765625 0.21551
0.734375 0.217324
0.679688 0.211393
0.625 0.203511
0.617188 0.198532
0.695312 0.187751
0.578125 0.179572
0.59375 0.171339
0.671875 0.162585
0.679688 0.150622
0.671875 0.137527
0.617188 0.125483
0.65625 0.115812
0.554688 0.105439
0.5 0.0986228
0.671875 0.0933746
0.625 0.0851987
0.648438 0.0717221
0.640625 0.0574284
0.570312 0.044521
0.539062 0.0312586
0.578125 0.0142116
0.546875 -0.000320464
0.5625 -0.0143762
0.570312 -0.0282073
0.585938 -0.0387493
0.53125 -0.0469107
0.554688 -0.0541176
0.679688 -0.0538602
0.648438 -0.0555599
0.5625 -0.0538367
0.59375 -0.0543996
0.664062 -0.0540301
0.757812 -0.0480288
0.8125 -0.0408229
0.804688 -0.0334979
0.71875 -0.0285403
0.742188 -0.0282237
0.742188 -0.0307105
0.734375 -0.035323
0.765625 -0.0383487
0.703125 -0.040696
0.757812 -0.041645
0.796875 -0.0382188
0.78125 -0.0371035
0.765625 -0.0387041
0.796875 -0.0423833
0.789062 -0.0505403
0.765625 -0.0508203
0.75 -0.0497112
0.65625 -0.0531703
0.640625 -0.057392
0.5625 -0.0542461
0.5625 -0.0471744
0.601562 -0.0387659
0.59375 -0.0288835
0.546875 -0.0238416
0.390625 -0.0249701
0.320312 -0.0278885
0.234375 -0.0295392
0.195312 -0.0342398
0.21875 -0.0390611
0.304688 -0.0430522
0.3125 -0.0496878
0.320312 -0.0575353
0.359375 -0.0662594
0.25 -0.0718834
0.195312 -0.0707099
0.09375 -0.0738119
0.148438 -0.074402
0.125 -0.0793648
0.078125 -0.0855399
0.0078125 -0.0877007
0.0078125 -0.0855128
0.046875 -0.0789335
0.0546875 -0.0682756
0.0234375 -0.0665605
0.0078125 -0.0622953
0.109375 -0.0635186
0.1875 -0.0657503
0.289062 -0.0683535
0.171875 -0.07481
0.101562 -0.0821638
0.03125 -0.0893157
0.015625 -0.0952016
0.0625 -0.106511
0.0546875 -0.120961
0.140625 -0.135264
0.265625 -0.146493
0.40625 -0.151239
0.351562 -0.151264
0.40625 -0.14595
0.429688 -0.137611
0.453125 -0.131879
0.4375 -0.125409
0.414062 -0.111208
0.367188 -0.0970525
0.359375 -0.0862272
0.4375 -0.0821448
0.398438 -0.0755889
0.453125 -0.0701704
0.4375 -0.0702589
0.429688 -0.0667045
0.421875 -0.0600089
0.382812 -0.0515758
0.507812 -0.039836
0.5625 -0.0286298
0.664062 -0.0152771
0.71875 0.00110187
0.703125 0.0171317
0.734375 0.0310955
0.671875 0.0436627
0.78125 0.0569591
0.890625 0.07285
0.851562 0.0887244
0.757812 0.101051
0.796875 0.111769
0.820312 0.120375
0.773438 0.127666
0.796875 0.1352
0.78125 0.137861
0.75 0.139597
0.84375 0.139594
0.765625 0.137182
0.75 0.137598
0.742188 0.1381
0.71875 0.134359
0.71875 0.13306
0.84375 0.138768
0.851562 0.14741
0.773438 0.156403
0.804688 0.162613
0.796875 0.176865
0.84375 0.189927
0.78125 0.20574
0.734375 0.220638
0.726562 0.234745
0.710938 0.247254
0.710938 0.254359
0.734375 0.259538
0.789062 0.263445
0.71875 0.264985
0.828125 0.263296
0.773438 0.26396
0.742188 0.269621
0.835938 0.271689
0.859375 0.274604
0.859375 0.269387
0.84375 0.263877
0.890625 0.255214
0.804688 0.249124
0.820312 0.245578
0.757812 0.246673
0.757812 0.242541
0.742188 0.23796
0.765625 0.228779
0.8125 0.220476
0.773438 0.212242
0.757812 0.204477
0.734375 0.196309
0.71875 0.189013
0.8125 0.181124
0.851562 0.175549
0.898438 0.168695
0.90625 0.162021
0.90625 0.152645
0.859375 0.147079
0.890625 0.137325
0.875 0.133646
0.8125 0.137404
0.789062 0.145534
0.820312 0.15532
0.820312 0.164943
0.84375 0.173038
0.851562 0.178545
0.84375 0.177678
0.820312 0.17328
0.78125 0.162129
0.734375 0.146222
0.695312 0.127853
0.703125 0.106072
0.695312 0.0828507
0.65625 0.0669754
0.734375 0.0553729
0.671875 0.0476468
0.679688 0.0458701
0.75 0.0439965
0.75 0.0386137
0.726562 0.0337031
0.757812 0.0251545
0.742188 0.0149563
0.75 0.000937675
0.734375 -0.00993257
0.742188 -0.02248
0.78125 -0.0451242
0.789062 -0.0713936
0.828125 -0.0998215
0.851562 -0.127996
0.84375 -0.146306
0.859375 -0.163911
0.890625 -0.183432
0.90625 -0.202527
0.875 -0.212974
0.820312 -0.224093
0.84375 -0.234317
0.859375 -0.233715
0.84375 -0.228002
0.84375 -0.2169
0.851562 -0.204925
0.851562 -0.197569
0.8125 -0.192445
0.820312 -0.186267
0.78125 -0.178552
0.703125 -0.170326
0.75 -0.161059
0.773438 -0.156052
0.757812 -0.154602
0.695312 -0.150448
0.664062 -0.148232
0.648438 -0.149265
0.695312 -0.145878
0.6875 -0.139722
0.75 -0.128866
0.796875 -0.114272
0.828125 -0.0983223
0.78125 -0.0793944
0.734375 -0.0643637
0.757812 -0.045536
0.789062 -0.0256981
0.710938 -0.00186622
0.6875 0.0203509
0.703125 0.0370986
0.71875 0.0560112
0.625 0.0680624
0.640625 0.0809913
0.617188 0.0885359
0.617188 0.0925533
0.59375 0.097318
0.625 0.107266
0.625 0.123451
0.671875 0.137284
0.742188 0.156591
0.75 0.179969
0.796875 0.195898
0.820312 0.203695
0.859375 0.211703
0.929688 0.221507
0.890625 0.227981
0.804688 0.23183
0.796875 0.230026
0.773438 0.233577
0.8125 0.241689
0.875 0.251051
0.851562 0.257743
0.835938 0.260807
0.867188 0.257327
0.914062 0.255547
0.835938 0.249575
0.789062 0.237686
0.742188 0.221075
0.6875 0.200144
0.6875 0.188683
0.726562 0.184002
0.8125 0.167982
0.796875 0.149625
0.765625 0.129419
0.789062 0.110591
0.757812 0.0910859
0.75 0.0745264
0.789062 0.0650132
0.773438 0.0542566
0.8125 0.0475098
0.875 0.0394252
0.914062 0.0284889
0.9375 0.0214837
0.882812 0.012158
0.804688 0.000673627
0.710938 -0.00991412
0.789062 -0.0180579
0.742188 -0.0234391
0.640625 -0.0252283
0.703125 -0.0261648
0.78125 -0.0268018
0.859375 -0.0273199
0.890625 -0.0288632
0.953125 -0.0322144
0.9375 -0.0369968
0.90625 -0.0430271
0.898438 -0.0415012
0.914062 -0.0382302
0.867188 -0.0295162
0.890625 -0.0188402
0.859375 -0.00899334
0.867188 -0.00350723
0.773438 -1.08156e-05
0.875 -0.00200646
0.898438 -0.00518413
0.828125 -0.0139258
0.773438 -0.0171378
0.71875 -0.0254006
0.734375 -0.0347195
0.835938 -0.0373642
0.796875 -0.0378118
0.695312 -0.0437247
0.765625 -0.0517682
0.773438 -0.0612089
0.859375 -0.0626605
0.859375 -0.058717
0.90625 -0.0463876
0.9375 -0.0329154
0.90625 -0.0271534
0.867188 -0.0227088
0.828125 -0.019432
0.828125 -0.0144749
0.8125 -0.0123804
0.773438 -0.0108186
0.71875 -0.00747472
0.609375 -0.0112914
0.53125 -0.00921316
0.601562 -0.00679995
0.71875 -0.00444738
0.679688 -0.00710004
0.757812 -0.0060712
0.773438 -0.00786742
0.78125 -0.0110843
0.734375 -0.0168402
0.726562 -0.0196633
0.632812 -0.0143291
0.59375 -0.00619535
0.59375 0.00255079
0.578125 0.0158081
0.539062 0.0255345
0.554688 0.0352031
0.539062 0.0343432
0.554688 0.0335418
0.507812 0.0312423
0.460938 0.0228287
0.476562 0.0204618
0.578125 0.0141154
0.648438 0.0141869
0.664062 0.0153631
0.65625 0.018101
0.640625 0.0299441
0.65625 0.0430428
0.703125 0.0550138
0.664062 0.0750061
0.640625 0.0876689
0.5 0.0978518
0.484375 0.110367
0.492188 0.12397
0.539062 0.139081
0.515625 0.145832
0.515625 0.142386
0.515625 0.137259
0.710938 0.126269
0.742188 0.107516
0.742188 0.0892051
0.6875 0.0688108
0.773438 0.0454545
0.859375 0.0252786
0.890625 0.015096
0.890625 0.00972467
0.960938 0.0069906
0.929688 0.00368319
0.882812 0.00162534
0.882812 -0.00267263
0.898438 -0.00628349
0.929688 -0.00867619
0.90625 -0.0173099
0.914062 -0.0273723
0.875 -0.0407421
0.742188 -0.0517419
0.796875 -0.0622113
0.851562 -0.0804785
0.890625 -0.097858
0.882812 -0.114318
0.867188 -0.125538
0.8125 -0.128076
0.875 -0.135621
0.835938 -0.133602
0.835938 -0.134268
0.898438 -0.132635
0.890625 -0.127258
0.851562 -0.122787
0.851562 -0.112583
0.828125 -0.109224
0.78125 -0.0985129
0.65625 -0.0872549
0.640625 -0.0821886
0.664062 -0.0786602
0.554688 -0.0773277
0.46875 -0.0770205
0.5625 -0.0710549
0.539062 -0.0738551
0.546875 -0.0772708
0.523438 -0.0748592
0.46875 -0.0675378
0.4375 -0.0654153
0.460938 -0.063737
0.5 -0.0645655
0.570312 -0.070049
0.546875 -0.0722742
0.539062 -0.0701429
0.601562 -0.0694157
0.601562 -0.0632668
0.578125 -0.0645615
0.59375 -0.0672782
0.640625 -0.068076
0.695312 -0.070674
0.679688 -0.0704491
0.679688 -0.0688118
0.695312 -0.0772056
0.75 -0.0906203
0.71875 -0.104628
0.757812 -0.115499
0.789062 -0.127446
0.757812 -0.135801
0.742188 -0.145689
0.78125 -0.151661
0.742188 -0.152907
0.78125 -0.160425
0.859375 -0.173016
0.835938 -0.175681
0.8125 -0.175661
0.828125 -0.170974
0.75 -0.170347
0.71875 -0.177897
0.703125 -0.19004
0.6875 -0.197223
0.6875 -0.206373
0.742188 -0.21286
0.664062 -0.224607
0.640625 -0.231183
0.609375 -0.231071
0.578125 -0.229608
0.617188 -0.23134
0.671875 -0.227739
0.632812 -0.216653
0.734375 -0.199587
0.734375 -0.185471
0.789062 -0.176493
0.84375 -0.177223
0.789062 -0.181938
0.820312 -0.190251
0.796875 -0.198761
0.796875 -0.204561
0.820312 -0.209825
0.757812 -0.211135
0.65625 -0.207675
0.734375 -0.209432
0.78125 -0.211146
0.789062 -0.206683
0.8125 -0.195207
0.835938 -0.193229
0.84375 -0.187492
0.828125 -0.18054
0.820312 -0.174854
0.898438 -0.172553
0.90625 -0.172416
0.890625 -0.178221
0.820312 -0.185008
0.757812 -0.194
0.796875 -0.21001
0.828125 -0.210541
0.867188 -0.20818
0.898438 -0.204437
0.875 -0.199431
0.828125 -0.197002
0.859375 -0.197078
0.828125 -0.190997
0.84375 -0.181277
0.828125 -0.162852
0.773438 -0.146315
0.640625 -0.141497
0.59375 -0.145151
0.609375 -0.138498
0.71875 -0.134483
0.78125 -0.123238
0.789062 -0.115143
0.710938 -0.103627
0.703125 -0.101577
0.671875 -0.0769857
0.726562 -0.0473504
0.828125 -0.0256103
0.882812 -0.000884566
0.875 0.019368
0.828125 0.0384792
0.875 0.0534113
0.859375 0.0580175
0.773438 0.0677517
0.773438 0.0741767
0.828125 0.0774561
0.859375 0.0845964
0.789062 0.086052
0.828125 0.0964996
0.84375 0.10062
0.859375 0.0947561
0.804688 0.0955557
0.75 0.0990815
0.78125 0.115032
0.742188 0.119969
0.710938 0.117252
0.695312 0.112595
0.71875 0.116352
0.734375 0.125137
0.648438 0.127748
0.609375 0.117988
0.507812 0.117389
0.546875 0.1233
0.578125 0.118773
0.507812 0.111019
0.5625 0.10862
0.570312 0.0974454
0.507812 0.0913411
0.476562 0.0843767
0.4375 0.0725684
0.578125 0.0620906
0.59375 0.0599209
0.625 0.0472936
0.734375 0.0343402
0.726562 0.0107798
0.726562 -0.00891982
0.71875 -0.0200855
0.671875 -0.0251385
0.578125 -0.0209068
0.664062 -0.0116976
0.59375 0.00806768
0.515625 0.0382626
0.4375 0.0599123
0.382812 0.0722313
0.429688 0.0748982
0.515625 0.0641806
0.507812 0.0470529
0.460938 0.0263263
0.328125 0.0137843
0.375 0.00314571
0.476562 -0.00350401
0.5 -0.00876815
0.53125 -0.0062148
0.601562 0.00364032
0.609375 0.017378
0.554688 0.0279475
0.5625 0.0318588
0.484375 0.0411621
0.476562 0.053366
0.492188 0.0754215
0.492188 0.0872757
0.476562 0.084427
0.53125 0.0878393
0.523438 0.0846182
0.445312 0.0781954
0.507812 0.0585397
0.382812 0.0295532
0.34375 0.00086079
0.335938 -0.0247664
0.367188 -0.0499295
0.460938 -0.0672326
0.539062 -0.0767045
0.570312 -0.0727338
0.53125 -0.07453
0.609375 -0.0713482
0.679688 -0.0768029
0.539062 -0.0999401
0.46875 -0.1108
0.382812 -0.123275
0.328125 -0.166392
0.242188 -0.193594
0.203125 -0.215361
0.1875 -0.22855
0.273438 -0.247245
0.320312 -0.265276
0.375 -0.272214
0.390625 -0.266471
0.421875 -0.25639
0.40625 -0.25686
0.429688 -0.251107
0.398438 -0.236167
0.351562 -0.22429
0.40625 -0.214997
0.351562 -0.205813
0.375 -0.189976
0.421875 -0.166552
0.40625 -0.152232
0.46875 -0.145782
0.523438 -0.143908
0.570312 -0.142408
0.539062 -0.143816
0.398438 -0.137079
0.570312 -0.137227
0.617188 -0.14331
0.679688 -0.126825
0.679688 -0.113558
0.703125 -0.0999615
0.78125 -0.0830463
0.734375 -0.0627068
0.820312 -0.0516301
0.867188 -0.0505046
0.820312 -0.0537607
0.828125 -0.0751957
0.757812 -0.0910815
0.734375 -0.122179
0.710938 -0.151685
0.796875 -0.174534
0.835938 -0.195195
0.804688 -0.218302
0.757812 -0.24225
0.765625 -0.273248
0.742188 -0.29338
0.8125 -0.314741
0.789062 -0.319708
0.8125 -0.333983
0.835938 -0.355196
0.867188 -0.373062
0.929688 -0.37574
0.90625 -0.37311
0.882812 -0.374256
0.898438 -0.399396
0.804688 -0.400742
0.78125 -0.411158
0.8125 -0.413648
0.851562 -0.400087
0.820312 -0.397752
0.695312 -0.398953
0.578125 -0.392474
0.640625 -0.379178
0.765625 -0.373142
0.835938 -0.355911
0.84375 -0.335557
0.765625 -0.31487
0.78125 -0.284245
0.859375 -0.263284
0.820312 -0.23672
0.8125 -0.182997
0.765625 -0.140397
0.789062 -0.114383
0.726562 -0.0965718
0.664062 -0.0559818
0.703125 -0.0239944
0.601562 -0.00336064
0.609375 0.0204757
0.664062 0.0365322
0.609375 0.0469313
0.703125 0.0685483
0.648438 0.0860517
0.648438 0.116757
0.65625 0.143812
0.671875 0.170081
0.664062 0.198436
0.6875 0.231804
0.734375 0.258564
0.734375 0.271432
0.6875 0.265181
0.578125 0.235544
0.609375 0.241232
0.632812 0.257906
0.523438 0.248503
0.515625 0.217801
0.476562 0.195082
0.453125 0.178817
0.453125 0.171287
0.46875 0.15695
0.429688 0.137253
0.4375 0.112879
0.476562 0.130024
0.53125 0.124574
0.5 0.147265
0.5625 0.157793
0.53125 0.138047
0.429688 0.106207
0.382812 0.122521
0.34375 0.132381
0.304688 0.0944006
0.226562 0.040488
0.140625 0.0144372
0.125 -0.00183482
0.242188 -0.0194705
0.242188 -0.0382497
0.28125 -0.0372299
0.3125 -0.0325712
0.296875 -0.0230451
0.320312 0.00641266
0.382812 0.0431665
0.328125 0.0672303
0.335938 0.038378
0.203125 -0.0109843
0.265625 0.0219069
0.171875 0.0149716
0.25 -0.0012631
0.171875 -0.0519589
0.140625 -0.0557975
0.195312 0.0156624
0.296875 0.0318301
0.1875 0
