0.445312 1
0.421875 0.966562
0.390625 0.936353
0.40625 0.90812
0.34375 0.881639
0.289062 0.855485
0.289062 0.831964
0.203125 0.810524
0.21875 0.78956
0.1875 0.768786
0.132812 0.749265
0.171875 0.731526
0.265625 0.713512
0.257812 0.694035
0.15625 0.675295
0.234375 0.658738
0.179688 0.641463
0.210938 0.62506
0.179688 0.60894
0.265625 0.59376
0.289062 0.578872
0.40625 0.564492
0.34375 0.550954
0.398438 0.537844
0.429688 0.523371
0.40625 0.508526
0.414062 0.494256
0.351562 0.480096
0.351562 0.46713
0.453125 0.454728
0.539062 0.443598
0.578125 0.432838
0.578125 0.421385
0.625 0.410265
0.671875 0.399062
0.695312 0.386474
0.578125 0.373785
0.632812 0.360831
0.570312 0.350646
0.59375 0.341218
0.640625 0.33285
0.679688 0.325021
0.664062 0.317119
0.640625 0.308586
0.640625 0.300743
0.609375 0.29121
0.640625 0.281368
0.632812 0.272326
0.648438 0.264941
0.570312 0.257415
0.664062 0.251226
0.617188 0.243719
0.554688 0.236361
0.75 0.229496
0.734375 0.222387
0.765625 0.215532
0.75 0.207898
0.804688 0.200859
0.796875 0.19383
0.859375 0.186954
0.898438 0.179573
0.851562 0.171876
0.835938 0.16397
0.867188 0.156885
0.867188 0.149008
0.867188 0.143054
0.804688 0.135466
0.75 0.127034
0.71875 0.120934
0.679688 0.116076
0.632812 0.111543
0.632812 0.107991
0.539062 0.104678
0.5625 0.0998427
0.601562 0.0959867
0.648438 0.0918078
0.6875 0.088417
0.679688 0.0853222
0.78125 0.0822297
0.765625 0.0780379
0.695312 0.0732065
0.703125 0.0694621
0.75 0.0650625
0.679688 0.061531
0.75 0.0593087
0.65625 0.0558563
0.765625 0.0527109
0.703125 0.0497766
0.703125 0.0484387
0.710938 0.0480188
0.789062 0.0464299
0.828125 0.0451946
0.835938 0.0445594
0.851562 0.043022
0.835938 0.0420858
0.8125 0.040018
0.757812 0.0386876
0.65625 0.0355311
0.742188 0.0336656
0.617188 0.0319532
0.6875 0.0304606
0.757812 0.0304961
0.695312 0.0328934
0.648438 0.0344978
0.695312 0.0354895
0.679688 0.0368321
0.703125 0.0378033
0.703125 0.0392151
0.773438 0.0403101
0.726562 0.0424631
0.765625 0.0448482
0.765625 0.0476593
0.757812 0.0500903
0.671875 0.0527145
0.570312 0.0539381
0.671875 0.0548937
0.570312 0.0554454
0.523438 0.0560743
0.5625 0.0572976
0.570312 0.0586624
0.492188 0.0612167
0.460938 0.0634546
0.296875 0.0666798
0.273438 0.0703642
0.414062 0.0741523
0.570312 0.0769424
0.554688 0.0784438
0.601562 0.0779811
0.632812 0.0771808
0.664062 0.0774319
0.609375 0.0813268
0.59375 0.0838714
0.617188 0.0867613
0.679688 0.090569
0.75 0.0962414
0.757812 0.102738
0.75 0.109692
0.71875 0.114913
0.664062 0.116652
0.585938 0.117477
0.453125 0.117197
0.515625 0.117166
0.585938 0.119637
0.671875 0.121493
0.703125 0.123899
0.648438 0.125992
0.648438 0.128896
0.625 0.132233
0.546875 0.135574
0.523438 0.138969
0.507812 0.141558
0.539062 0.144661
0.414062 0.146646
0.492188 0.147868
0.515625 0.148724
0.460938 0.149447
0.40625 0.150722
0.351562 0.152431
0.3125 0.152024
0.414062 0.150422
0.46875 0.149094
0.484375 0.145357
0.460938 0.140566
0.460938 0.135434
0.429688 0.130925
0.5 0.12792
0.445312 0.125741
0.46875 0.123894
0.445312 0.121106
0.429688 0.115727
0.523438 0.110679
0.617188 0.105681
0.546875 0.100264
0.492188 0.0959506
0.40625 0.0925135
0.28125 0.0903093
0.335938 0.0877426
0.398438 0.0856893
0.5 0.0841587
0.507812 0.0832948
0.484375 0.0844792
0.5625 0.0846068
0.53125 0.0835299
0.53125 0.0812736
0.632812 0.0792809
0.742188 0.0770136
0.757812 0.0729466
0.617188 0.0697119
0.546875 0.0668006
0.578125 0.0622834
0.554688 0.0574277
0.523438 0.0525973
0.421875 0.0477005
0.492188 0.0419276
0.4375 0.03614
0.382812 0.0310906
0.390625 0.0271918
0.328125 0.0219532
0.265625 0.018009
0.21875 0.0142034
0.226562 0.0112461
0.21875 0.00892524
0.273438 0.00838741
0.21875 0.00647817
0.117188 0.00476106
0.21875 0.00330827
0.242188 0.0017221
0.1875 0.000981761
0.109375 0.000773645
0.171875 0.00205828
0.226562 0.00344351
0.242188 0.00374876
0.242188 0.0035606
0.195312 0.00223567
0.15625 0.001914
0.125 0.00116831
0.0859375 -0.000324145
0.210938 -0.00211253
0.15625 -0.00457643
0.171875 -0.00661649
0.0703125 -0.00810811
0.046875 -0.00738383
0.0859375 -0.0054691
0.195312 -0.00555515
0.117188 -0.00533103
0.109375 -0.00388472
0.109375 -0.00351109
0.03125 -0.00482436
0.015625 -0.00449061
0.0078125 -0.00370224
0.0859375 -0.00303417
0.046875 -0.00243673
0.015625 -0.00133648
0.03125 0.000924044
0 0.00290769
0.148438 0.00397553
0.1875 0.00390624
0.195312 0.00438156
0.265625 0.00494675
0.1875 0.00502321
0.234375 0.00714107
0.0859375 0.00842522
0.03125 0.0105069
0.09375 0.0129196
0.125 0.0163693
0.117188 0.0195527
0.140625 0.0221932
0.101562 0.0239904
0.078125 0.0253722
0.117188 0.0276943
0.179688 0.0295835
0.1875 0.0321384
0.1875 0.0351385
0.171875 0.0376569
0.171875 0.039734
0.242188 0.0422009
0.25 0.0457376
0.296875 0.0506421
0.257812 0.0542425
0.226562 0.0603561
0.226562 0.0653531
0.25 0.0711393
0.265625 0.0773401
0.257812 0.0823002
0.195312 0.0856453
0.132812 0.0873858
0.117188 0.0888761
0.210938 0.0893099
0.25 0.0903277
0.28125 0.0921496
0.351562 0.0934036
0.40625 0.0946984
0.484375 0.0974546
0.5625 0.100058
0.585938 0.102462
0.539062 0.102646
0.5625 0.101577
0.414062 0.100116
0.390625 0.096749
0.40625 0.092977
0.40625 0.0891192
0.5 0.0874314
0.523438 0.0861391
0.523438 0.0840418
0.484375 0.0824562
0.609375 0.0813932
0.648438 0.0799047
0.625 0.0807224
0.664062 0.0809471
0.6875 0.0804383
0.703125 0.0800105
0.65625 0.0811801
0.5625 0.0816871
0.59375 0.0835158
0.585938 0.0852316
0.601562 0.0876448
0.617188 0.0914892
0.554688 0.0960401
0.671875 0.0977913
0.65625 0.0988672
0.640625 0.100213
0.65625 0.101053
0.648438 0.101579
0.703125 0.102521
0.726562 0.102849
0.648438 0.102876
0.5625 0.103299
0.679688 0.101969
0.671875 0.101839
0.640625 0.101987
0.59375 0.102723
0.625 0.104449
0.632812 0.106518
0.625 0.108835
0.664062 0.111339
0.617188 0.113314
0.648438 0.117011
0.703125 0.119614
0.734375 0.122436
0.6875 0.125097
0.664062 0.126974
0.65625 0.128128
0.617188 0.130611
0.804688 0.132768
0.773438 0.13598
0.742188 0.138654
0.773438 0.141891
0.734375 0.143982
0.6875 0.146404
0.679688 0.146984
0.671875 0.145295
0.648438 0.144678
0.632812 0.142228
0.726562 0.139164
0.726562 0.136577
0.71875 0.134248
0.773438 0.132649
0.789062 0.131775
0.820312 0.131243
0.851562 0.130932
0.765625 0.130787
0.789062 0.130039
0.796875 0.128392
0.804688 0.125998
0.742188 0.123801
0.65625 0.121666
0.601562 0.119839
0.640625 0.11848
0.570312 0.116329
0.695312 0.114157
0.734375 0.113144
0.835938 0.112064
0.789062 0.111539
0.78125 0.110397
0.820312 0.108064
0.796875 0.10515
0.726562 0.10156
0.695312 0.0974578
0.742188 0.0942261
0.71875 0.0907514
0.765625 0.0863199
0.835938 0.0814102
0.859375 0.0758783
0.796875 0.071429
0.765625 0.0671919
0.671875 0.0624941
0.648438 0.0580455
0.695312 0.0527592
0.710938 0.0486527
0.625 0.0443592
0.507812 0.0398818
0.484375 0.0355586
0.484375 0.0300709
0.484375 0.0242628
0.554688 0.0189625
0.554688 0.0148921
0.5 0.0128825
0.570312 0.0097621
0.539062 0.00750915
0.5625 0.0063798
0.546875 0.00529251
0.5 0.00486301
0.570312 0.00338946
0.609375 0.00232779
0.617188 0.00182791
0.640625 0.00143379
0.570312 0.00250537
0.648438 0.00375798
0.617188 0.00452854
0.609375 0.00568041
0.734375 0.00703654
0.71875 0.00742182
0.773438 0.0073339
0.828125 0.00884927
0.8125 0.00992021
0.867188 0.0115928
0.820312 0.0132548
0.867188 0.0156849
0.78125 0.018532
0.757812 0.0225404
0.726562 0.0268967
0.742188 0.030254
0.671875 0.0341161
0.679688 0.0371757
0.726562 0.0396056
0.804688 0.0395904
0.804688 0.0390061
0.929688 0.0398544
0.851562 0.0417599
0.703125 0.0431829
0.804688 0.0449825
0.828125 0.0466425
0.8125 0.048742
0.828125 0.0507964
0.671875 0.0531358
0.75 0.0543809
0.75 0.0560465
0.835938 0.0578337
0.84375 0.0570017
0.796875 0.0592446
0.71875 0.0598308
0.671875 0.0591663
0.679688 0.058235
0.648438 0.0576142
0.625 0.0571087
0.585938 0.0547259
0.476562 0.0517331
0.453125 0.0493072
0.5 0.0468848
0.335938 0.0439136
0.5 0.0398002
0.515625 0.0383232
0.546875 0.0386027
0.609375 0.0387387
0.65625 0.0380718
0.65625 0.0376914
0.640625 0.0368789
0.5 0.0366145
0.546875 0.0367563
0.585938 0.0375786
0.546875 0.0372224
0.453125 0.0361696
0.328125 0.0358297
0.390625 0.0352274
0.359375 0.0347341
0.304688 0.0343809
0.265625 0.0335162
0.265625 0.0325952
0.257812 0.0315517
0.382812 0.0309537
0.351562 0.0302239
0.351562 0.0288776
0.390625 0.0280166
0.4375 0.0262359
0.484375 0.0240713
0.414062 0.0231749
0.421875 0.0215408
0.46875 0.0194564
0.5 0.0169322
0.617188 0.0143248
0.632812 0.0118126
0.703125 0.00947917
0.695312 0.00814316
0.679688 0.00787772
0.796875 0.00791079
0.78125 0.00767963
0.789062 0.00929343
0.71875 0.0117247
0.6875 0.0141122
0.710938 0.0159131
0.703125 0.0180842
0.648438 0.0208269
0.6875 0.023688
0.671875 0.0297102
0.648438 0.0361889
0.585938 0.0431036
0.554688 0.0498125
0.453125 0.0559053
0.554688 0.0611151
0.640625 0.0661919
0.546875 0.0716871
0.59375 0.0755082
0.71875 0.079494
0.757812 0.081596
0.789062 0.0828401
0.835938 0.0859349
0.851562 0.0879436
0.828125 0.0899388
0.875 0.0918564
0.84375 0.0949655
0.765625 0.0981761
0.703125 0.101373
0.703125 0.105075
0.734375 0.109073
0.71875 0.113072
0.757812 0.113615
0.8125 0.114505
0.71875 0.11651
0.757812 0.116151
0.695312 0.116082
0.742188 0.114814
0.710938 0.112468
0.757812 0.110397
0.765625 0.108108
0.726562 0.106519
0.734375 0.106408
0.75 0.106285
0.640625 0.106668
0.632812 0.10808
0.625 0.108181
0.734375 0.107343
0.742188 0.10724
0.71875 0.106824
0.726562 0.105586
0.804688 0.103997
0.734375 0.104188
0.671875 0.104099
0.734375 0.102826
0.757812 0.102872
0.726562 0.101827
0.851562 0.100263
0.835938 0.0991005
0.835938 0.0973317
0.835938 0.0958129
0.867188 0.0945374
0.882812 0.0934684
0.898438 0.0933567
0.867188 0.0934418
0.820312 0.0935129
0.804688 0.0929679
0.726562 0.0935649
0.679688 0.0957461
0.773438 0.0970458
0.890625 0.0996906
0.890625 0.102267
0.945312 0.104098
0.828125 0.105819
0.8125 0.107699
0.671875 0.109927
0.695312 0.111478
0.648438 0.112045
0.6875 0.113633
0.734375 0.113092
0.804688 0.111204
0.773438 0.109174
0.78125 0.106732
0.789062 0.104169
0.835938 0.102503
0.867188 0.10083
0.90625 0.0989149
0.828125 0.0977979
0.796875 0.0963007
0.828125 0.0953939
0.78125 0.0942053
0.78125 0.092431
0.765625 0.0890157
0.789062 0.0883063
0.835938 0.0877647
0.851562 0.0870711
0.804688 0.088702
0.734375 0.0905642
0.710938 0.0917727
0.601562 0.0946647
0.664062 0.0986724
0.679688 0.101608
0.5625 0.104598
0.523438 0.106081
0.445312 0.105826
0.421875 0.107066
0.421875 0.109441
0.445312 0.111378
0.382812 0.113441
0.375 0.114664
0.226562 0.115777
0.304688 0.118434
0.40625 0.120637
0.375 0.12214
0.328125 0.122533
0.289062 0.122942
0.210938 0.122534
0.0625 0.120584
0.0703125 0.118052
0.0625 0.115992
0.109375 0.113032
0.015625 0.111603
0.046875 0.11038
0.0546875 0.108088
0.0078125 0.105941
0.046875 0.104748
0.0625 0.103125
0.0390625 0.10237
0.015625 0.101129
0.0390625 0.100408
0.0078125 0.0997196
0.0234375 0.096798
0.0625 0.0936436
0.09375 0.0906886
0.0390625 0.0882101
0.117188 0.0855824
0.0859375 0.0845085
0.15625 0.0833196
0.109375 0.0819366
0.25 0.0799542
0.125 0.0789914
0.179688 0.0771317
0.1875 0.0753348
0.242188 0.0729195
0.164062 0.0704608
0.234375 0.0666113
0.3125 0.0634525
0.359375 0.0619998
0.445312 0.0601777
0.484375 0.0579336
0.460938 0.0585197
0.40625 0.0581142
0.40625 0.0574599
0.398438 0.0569489
0.546875 0.0563024
0.539062 0.0543363
0.65625 0.0543408
0.585938 0.0538995
0.679688 0.0534429
0.664062 0.0539548
0.664062 0.0536772
0.640625 0.0544495
0.671875 0.0564848
0.695312 0.0579363
0.710938 0.0589468
0.679688 0.062363
0.640625 0.0652904
0.65625 0.0669371
0.617188 0.068906
0.585938 0.0708854
0.515625 0.0738462
0.515625 0.0754444
0.507812 0.0761935
0.5625 0.0752668
0.617188 0.0756957
0.625 0.075132
0.601562 0.0743633
0.632812 0.0750671
0.625 0.0757583
0.601562 0.0767373
0.671875 0.0772523
0.6875 0.0784012
0.609375 0.0799753
0.59375 0.0808692
0.570312 0.0825343
0.578125 0.0843278
0.53125 0.0860312
0.523438 0.0873083
0.460938 0.0884852
0.46875 0.0900109
0.507812 0.0913695
0.5 0.0936958
0.554688 0.0955079
0.46875 0.0978619
0.476562 0.0990828
0.46875 0.0995431
0.523438 0.0990498
0.585938 0.0976528
0.601562 0.0980167
0.601562 0.0986352
0.5 0.099631
0.5 0.0995343
0.523438 0.0997721
0.46875 0.0993327
0.445312 0.099079
0.453125 0.100103
0.5625 0.0994732
0.523438 0.0979116
0.585938 0.0961388
0.515625 0.0956457
0.507812 0.0951453
0.585938 0.0947197
0.59375 0.0951675
0.726562 0.0954517
0.695312 0.0962907
0.757812 0.0975624
0.710938 0.0982223
0.703125 0.0990717
0.664062 0.0989266
0.6875 0.0996047
0.820312 0.0996033
0.78125 0.101224
0.8125 0.100089
0.789062 0.0973194
0.835938 0.0954908
0.84375 0.0931897
0.875 0.0910429
0.929688 0.0881884
0.84375 0.0857347
0.859375 0.0829814
0.84375 0.0814393
0.882812 0.0785224
0.882812 0.0760088
0.90625 0.0730944
0.867188 0.0685684
0.78125 0.0649168
0.796875 0.0611553
0.71875 0.0559628
0.742188 0.0514484
0.679688 0.0458855
0.632812 0.0395671
0.6875 0.033862
0.65625 0.0289361
0.679688 0.0236993
0.59375 0.0202164
0.601562 0.0167034
0.601562 0.0128463
0.65625 0.00902916
0.703125 0.0050137
0.710938 -0.00020852
0.789062 -0.00476568
0.757812 -0.00962715
0.789062 -0.0132511
0.742188 -0.016997
0.78125 -0.0200624
0.75 -0.0222063
0.710938 -0.0240566
0.617188 -0.0250119
0.5625 -0.0250591
0.523438 -0.0248985
0.53125 -0.0255057
0.476562 -0.0278291
0.484375 -0.0282974
0.53125 -0.0289906
0.578125 -0.0295313
0.59375 -0.0290235
0.429688 -0.0287634
0.46875 -0.0261557
0.453125 -0.0253354
0.476562 -0.0249506
0.648438 -0.0252782
0.609375 -0.0263977
0.640625 -0.028693
0.625 -0.0304073
0.632812 -0.0297578
0.59375 -0.0292165
0.515625 -0.0287212
0.40625 -0.0275251
0.359375 -0.0247635
0.351562 -0.0237197
0.3125 -0.0222842
0.234375 -0.021218
0.15625 -0.0183099
0.210938 -0.0184573
0.296875 -0.017995
0.265625 -0.0183901
0.328125 -0.0177605
0.382812 -0.0173337
0.265625 -0.0175865
0.335938 -0.0169248
0.34375 -0.0141117
0.257812 -0.0126708
0.359375 -0.0109168
0.429688 -0.0103073
0.421875 -0.011348
0.53125 -0.0117526
0.585938 -0.0115632
0.710938 -0.0124618
0.65625 -0.0123475
0.648438 -0.0115241
0.671875 -0.00954473
0.703125 -0.00695005
0.664062 -0.00409377
0.734375 -0.00241537
0.734375 -0.000858654
0.742188 3.71249e-05
0.765625 0.00064337
0.835938 0.00165278
0.820312 0.00268217
0.820312 0.00103812
0.773438 -0.00045985
0.726562 -0.00180411
0.851562 -0.00262194
0.859375 -0.00274232
0.804688 -0.00334498
0.914062 -0.00270739
0.890625 -0.00129247
0.914062 0.00175114
0.921875 0.00291095
0.914062 0.00526412
0.914062 0.00631409
0.914062 0.00673617
0.890625 0.00775223
0.796875 0.0111165
0.71875 0.0154475
0.742188 0.0196292
0.757812 0.0250003
0.75 0.0305659
0.773438 0.0361184
0.773438 0.0387707
0.851562 0.0425422
0.867188 0.0448618
0.882812 0.0468386
0.835938 0.0481337
0.835938 0.049545
0.828125 0.050442
0.773438 0.0504939
0.851562 0.0520721
0.867188 0.0536523
0.765625 0.0554535
0.726562 0.0580388
0.710938 0.0592182
0.671875 0.0601624
0.671875 0.0595765
0.664062 0.0588658
0.679688 0.0573387
0.71875 0.0571664
0.695312 0.0593437
0.742188 0.0594571
0.8125 0.0592921
0.773438 0.0595451
0.765625 0.0602934
0.671875 0.0615993
0.703125 0.0629922
0.59375 0.0644574
0.601562 0.0658665
0.59375 0.0677187
0.609375 0.0696307
0.523438 0.0739909
0.476562 0.0786457
0.445312 0.0822246
0.476562 0.0863722
0.351562 0.0880272
0.4375 0.0870479
0.507812 0.0848812
0.554688 0.0849861
0.5625 0.0851323
0.546875 0.0858577
0.46875 0.0871924
0.460938 0.088404
0.414062 0.0909232
0.359375 0.0939095
0.367188 0.0982844
0.429688 0.103353
0.507812 0.107565
0.4375 0.11198
0.460938 0.117027
0.429688 0.119327
0.4375 0.122755
0.367188 0.124478
0.296875 0.126158
0.125 0.128401
0.203125 0.129047
0.109375 0.128365
0.078125 0.127382
0.0234375 0.125289
0.0859375 0.121869
0 0.118757
0.0234375 0.115817
0.03125 0.113993
0.15625 0.111181
0.171875 0.109236
0.226562 0.106027
0.195312 0.102936
0.21875 0.100336
0.15625 0.0982932
0.101562 0.0943645
0.046875 0.0912785
0.109375 0.0876408
0.0078125 0.083529
0.0625 0.0789956
0.171875 0.0751726
0.195312 0.0729023
0.273438 0.0691863
0.25 0.0654154
0.148438 0.0632609
0.132812 0.0604712
0.234375 0.0560588
0.242188 0.0513136
0.289062 0.0470801
0.289062 0.0450818
0.320312 0.0436458
0.3125 0.0435833
0.171875 0.043714
0.203125 0.0436324
0.359375 0.0434631
0.289062 0.0434729
0.25 0.0438726
0.351562 0.04178
0.25 0.0398021
0.351562 0.0379524
0.429688 0.0373719
0.390625 0.0364968
0.414062 0.0356199
0.40625 0.036518
0.320312 0.0379679
0.398438 0.0394678
0.3125 0.0419494
0.242188 0.0431168
0.296875 0.0457092
0.25 0.0463161
0.289062 0.0478773
0.335938 0.0485077
0.351562 0.0499037
0.28125 0.0521176
0.210938 0.0531477
0.265625 0.0523871
0.25 0.0524193
0.320312 0.0527796
0.4375 0.0540259
0.515625 0.0545772
0.523438 0.0546876
0.476562 0.0547053
0.40625 0.0552635
0.429688 0.0573951
0.398438 0.0586238
0.40625 0.0600267
0.351562 0.0610562
0.289062 0.0605638
0.265625 0.0596076
0.273438 0.0609183
0.28125 0.0608222
0.367188 0.0616689
0.304688 0.0618012
0.203125 0.0626073
0.335938 0.0632034
0.265625 0.064203
0.210938 0.0653814
0.164062 0.0661182
0.148438 0.0660628
0.0859375 0.0648322
0.0859375 0.0650417
0.109375 0.0663699
0.0390625 0.0681398
0.125 0.0688615
0.28125 0.0701644
0.289062 0.071462
0.21875 0.0725074
0.234375 0.0717472
0.226562 0.07225
0.328125 0.0704519
0.351562 0.0691746
0.390625 0.0678515
0.398438 0.0644752
0.398438 0.0614245
0.28125 0.0574838
0.398438 0.0545477
0.429688 0.0516615
0.3125 0.0468606
0.320312 0.0420064
0.242188 0.0372857
0.296875 0.0327062
0.210938 0.0302706
0.140625 0.0281976
0.078125 0.0283746
0.179688 0.0275324
0.15625 0.0271088
0.164062 0.026241
0.320312 0.0259929
0.445312 0.0262222
0.382812 0.0289212
0.492188 0.0312507
0.421875 0.0338047
0.367188 0.0371775
0.265625 0.0407034
0.242188 0.0447231
0.289062 0.0466019
0.28125 0.047257
0.429688 0.0464655
0.390625 0.0435006
0.273438 0.0416956
0.328125 0.0395311
0.320312 0.0365517
0.289062 0.0340129
0.375 0.0325551
0.351562 0.0310257
0.335938 0.0289237
0.28125 0.0278404
0.351562 0.0265433
0.257812 0.0248962
0.351562 0.0236536
0.296875 0.0235498
0.351562 0.0232322
0.390625 0.023379
0.351562 0.0207992
0.367188 0.0216269
0.40625 0.0219843
0.375 0.0227289
0.351562 0.0250171
0.445312 0.026393
0.421875 0.0276938
0.46875 0.0274515
0.492188 0.02762
0.492188 0.0278702
0.507812 0.0275987
0.429688 0.0256412
0.375 0.0253951
0.335938 0.0260706
0.289062 0.0276599
0.273438 0.0300631
0.210938 0.0327234
0.179688 0.0348905
0.296875 0.0352602
0.25 0.0368529
0.148438 0.0379914
0.117188 0.0398593
0.195312 0.0420535
0.242188 0.0433704
0.140625 0.0443854
0.210938 0.0455688
0.164062 0.0453928
0.140625 0.0451221
0.0390625 0.0447473
0.03125 0.0452313
0.117188 0.0447675
0.0859375 0.044017
0.117188 0.0443598
0.0625 0.044443
0.015625 0.0451349
0.0234375 0.046725
0.09375 0.0478025
0.0703125 0.0473864
0.101562 0.0464964
0.09375 0.0438064
0.226562 0.0389263
0.140625 0.0341947
0.0546875 0.0286244
0.101562 0.0247001
0.078125 0.0199664
0.078125 0.0154878
0.09375 0.00949905
0.21875 0.00535864
0.210938 -0.000809817
0.265625 -0.00449802
0.21875 -0.00737477
0.140625 -0.0104458
0.210938 -0.0146458
0.25 -0.0202796
0.21875 -0.0256764
0.179688 -0.029293
0.273438 -0.0311586
0.273438 -0.0324159
0.28125 -0.0324336
0.273438 -0.0317075
0.257812 -0.0327117
0.414062 -0.0355444
0.398438 -0.0373322
0.414062 -0.0394997
0.515625 -0.0426563
0.40625 -0.0454604
0.375 -0.0482517
0.390625 -0.0506356
0.460938 -0.0513018
0.53125 -0.0516519
0.476562 -0.0516577
0.460938 -0.0524065
0.460938 -0.0537332
0.4375 -0.052919
0.453125 -0.0526503
0.5 -0.0507055
0.476562 -0.048956
0.40625 -0.046933
0.453125 -0.0456453
0.515625 -0.04302
0.632812 -0.0388997
0.59375 -0.0349019
0.632812 -0.0313999
0.671875 -0.028917
0.671875 -0.027035
0.625 -0.0250654
0.601562 -0.024128
0.695312 -0.0212906
0.664062 -0.0178068
0.8125 -0.0151794
0.710938 -0.0122641
0.710938 -0.00869385
0.6875 -0.00630703
0.640625 -0.00441483
0.65625 -0.0031761
0.625 -0.00189906
0.546875 -0.00195383
0.554688 -0.00265826
0.492188 -0.00286316
0.507812 -0.00421189
0.546875 -0.00387974
0.554688 -0.00422245
0.492188 -0.00548919
0.4375 -0.00765924
0.414062 -0.0115331
0.390625 -0.0151905
0.4375 -0.0164313
0.3125 -0.0161852
0.4375 -0.0163801
0.515625 -0.0169472
0.429688 -0.0172882
0.554688 -0.0171194
0.585938 -0.0172127
0.578125 -0.0155156
0.625 -0.0131894
0.640625 -0.0100513
0.671875 -0.00720007
0.773438 -0.00378288
0.804688 -0.00165788
0.835938 0.00208301
0.875 0.00464474
0.851562 0.0064752
0.773438 0.00770374
0.789062 0.0105454
0.765625 0.0126922
0.734375 0.0126655
0.6875 0.011032
0.71875 0.0110782
0.679688 0.0102872
0.679688 0.0109983
0.703125 0.013144
0.71875 0.0159059
0.757812 0.0175188
0.703125 0.0183238
0.609375 0.0188498
0.640625 0.0185589
0.710938 0.0177807
0.742188 0.0150131
0.765625 0.0139811
0.828125 0.0129975
0.882812 0.0124184
0.820312 0.0130153
0.875 0.0133867
0.890625 0.0129794
0.882812 0.0109738
0.820312 0.0100205
0.828125 0.00876452
0.875 0.00628913
0.757812 0.00279085
0.703125 -0.000762257
0.703125 -0.00461267
0.820312 -0.0101153
0.828125 -0.0141222
0.820312 -0.0185757
0.789062 -0.0212993
0.734375 -0.0239514
0.726562 -0.0283312
0.609375 -0.0316173
0.554688 -0.0353968
0.570312 -0.0391095
0.484375 -0.0428794
0.445312 -0.0461198
0.460938 -0.0482905
0.421875 -0.0502352
0.296875 -0.0494996
0.328125 -0.0482673
0.3125 -0.0474616
0.3125 -0.0470552
0.257812 -0.0453666
0.28125 -0.0439224
0.335938 -0.043311
0.390625 -0.0434435
0.390625 -0.0420092
0.382812 -0.0402718
0.460938 -0.0382119
0.5 -0.0370522
0.539062 -0.0355798
0.59375 -0.0334508
0.539062 -0.0324053
0.507812 -0.02938
0.429688 -0.0276119
0.367188 -0.0269717
0.4375 -0.0271603
0.390625 -0.0272915
0.398438 -0.0278344
0.390625 -0.0279772
0.351562 -0.0295426
0.429688 -0.0298492
0.492188 -0.0307994
0.484375 -0.0317333
0.484375 -0.0325696
0.476562 -0.0333954
0.53125 -0.0339785
0.570312 -0.0327006
0.523438 -0.0319841
0.570312 -0.0311435
0.570312 -0.0311344
0.546875 -0.0321275
0.578125 -0.0341679
0.546875 -0.037437
0.578125 -0.0401555
0.554688 -0.0422249
0.617188 -0.0443878
0.601562 -0.0457744
0.5625 -0.0453478
0.742188 -0.0450528
0.804688 -0.0452364
0.882812 -0.0441129
0.8125 -0.0436022
0.796875 -0.0446505
0.796875 -0.0458463
0.835938 -0.0454034
0.75 -0.0442164
0.554688 -0.0421542
0.5625 -0.0395527
0.59375 -0.0361451
0.648438 -0.0337782
0.648438 -0.0315524
0.648438 -0.0319989
0.71875 -0.0310132
0.773438 -0.0311544
0.789062 -0.0327436
0.75 -0.0352807
0.78125 -0.0356661
0.726562 -0.0361747
0.671875 -0.0364088
0.71875 -0.036108
0.734375 -0.0334994
0.765625 -0.0330487
0.703125 -0.0346285
0.601562 -0.0370854
0.671875 -0.0394086
0.789062 -0.0425478
0.734375 -0.0447415
0.773438 -0.0462969
0.703125 -0.0489463
0.804688 -0.0517638
0.742188 -0.0540125
0.773438 -0.055727
0.773438 -0.0572497
0.75 -0.0569251
0.773438 -0.0567852
0.789062 -0.0563292
0.804688 -0.0539015
0.789062 -0.0500454
0.78125 -0.0462605
0.75 -0.0428158
0.773438 -0.0394494
0.851562 -0.0351287
0.796875 -0.030794
0.835938 -0.0260347
0.898438 -0.023173
0.84375 -0.0218835
0.820312 -0.0206994
0.875 -0.0204564
0.898438 -0.0186082
0.875 -0.017528
0.726562 -0.0168253
0.765625 -0.0164587
0.8125 -0.0171464
0.835938 -0.0173141
0.796875 -0.0153274
0.851562 -0.0147821
0.8125 -0.0146243
0.820312 -0.0144701
0.84375 -0.0137943
0.867188 -0.0117932
0.859375 -0.0081597
0.875 -0.00388398
0.820312 -0.00165645
0.835938 -0.00312102
0.804688 -0.0037427
0.757812 -0.00419264
0.648438 -0.00536748
0.679688 -0.00867193
0.726562 -0.0123091
0.765625 -0.0137735
0.851562 -0.0143659
0.804688 -0.0133989
0.765625 -0.0128502
0.734375 -0.012595
0.828125 -0.0115569
0.8125 -0.0110037
0.75 -0.0101818
0.71875 -0.00771731
0.679688 -0.00594691
0.742188 -0.00529623
0.75 -0.00562447
0.757812 -0.00726929
0.734375 -0.00930663
0.671875 -0.0112904
0.710938 -0.0118775
0.789062 -0.0145859
0.757812 -0.0176343
0.671875 -0.0186787
0.703125 -0.0195747
0.617188 -0.0203416
0.6875 -0.0219819
0.757812 -0.0221048
0.78125 -0.0219174
0.703125 -0.0205649
0.671875 -0.0199447
0.59375 -0.0184626
0.554688 -0.0181348
0.554688 -0.0197516
0.617188 -0.0229226
0.65625 -0.0250079
0.734375 -0.0260358
0.601562 -0.0276383
0.6875 -0.0281799
0.742188 -0.0289376
0.789062 -0.0302783
0.8125 -0.0324749
0.859375 -0.0338255
0.867188 -0.0373915
0.835938 -0.0423549
0.773438 -0.0492113
0.726562 -0.0543056
0.703125 -0.0590065
0.671875 -0.0629168
0.757812 -0.0650577
0.796875 -0.0657495
0.867188 -0.0675253
0.882812 -0.0701071
0.835938 -0.0735441
0.882812 -0.0766095
0.898438 -0.078662
0.90625 -0.0815262
0.851562 -0.084913
0.796875 -0.0858211
0.796875 -0.0869556
0.796875 -0.0898407
0.765625 -0.090454
0.820312 -0.0897346
0.828125 -0.0880251
0.890625 -0.0866828
0.914062 -0.0850287
0.84375 -0.0837137
0.78125 -0.0822655
0.796875 -0.0793294
0.710938 -0.0767179
0.804688 -0.0721304
0.867188 -0.0686376
0.828125 -0.0672892
0.734375 -0.0647262
0.710938 -0.0610389
0.789062 -0.0576662
0.703125 -0.0543777
0.679688 -0.0531262
0.601562 -0.0530657
0.539062 -0.0528692
0.5625 -0.0523038
0.554688 -0.0495968
0.625 -0.0459233
0.648438 -0.0415246
0.664062 -0.0383299
0.585938 -0.033079
0.515625 -0.0274055
0.609375 -0.0225687
0.625 -0.017931
0.59375 -0.0138541
0.609375 -0.011023
0.632812 -0.00840796
0.617188 -0.00570169
0.625 -0.00492373
0.640625 -0.00565351
0.671875 -0.0071146
0.6875 -0.0085085
0.671875 -0.0110402
0.648438 -0.0151298
0.671875 -0.0173562
0.617188 -0.0201787
0.609375 -0.0211606
0.734375 -0.0231687
0.835938 -0.025276
0.820312 -0.0262377
0.804688 -0.0283978
0.765625 -0.0308399
0.742188 -0.0343303
0.671875 -0.0373328
0.679688 -0.0396694
0.679688 -0.0423463
0.609375 -0.0453651
0.601562 -0.0469303
0.625 -0.0497884
0.59375 -0.0506465
0.523438 -0.0520474
0.59375 -0.0536425
0.585938 -0.056226
0.617188 -0.0593549
0.523438 -0.0609565
0.539062 -0.0625699
0.484375 -0.0630463
0.492188 -0.0641144
0.585938 -0.0654782
0.59375 -0.0652466
0.5625 -0.0660817
0.570312 -0.0675027
0.648438 -0.0676929
0.703125 -0.0688287
0.6875 -0.0695803
0.671875 -0.0703692
0.6875 -0.0704943
0.671875 -0.0691244
0.765625 -0.0677323
0.820312 -0.0675933
0.804688 -0.0687069
0.789062 -0.0695052
0.78125 -0.0712614
0.8125 -0.0738442
0.726562 -0.0776251
0.742188 -0.0816925
0.820312 -0.0865429
0.84375 -0.0917801
0.867188 -0.0968037
0.765625 -0.100553
0.71875 -0.105073
0.757812 -0.10989
0.742188 -0.113876
0.695312 -0.120031
0.695312 -0.125958
0.679688 -0.132335
0.695312 -0.137615
0.703125 -0.141823
0.679688 -0.147839
0.617188 -0.152491
0.570312 -0.156066
0.609375 -0.159918
0.554688 -0.162253
0.570312 -0.163879
0.554688 -0.165642
0.578125 -0.168035
0.625 -0.171201
0.59375 -0.172985
0.695312 -0.175204
0.671875 -0.177204
0.695312 -0.176643
0.773438 -0.175068
0.734375 -0.173043
0.640625 -0.171324
0.648438 -0.170704
0.679688 -0.170574
0.679688 -0.170193
0.601562 -0.168741
0.710938 -0.167895
0.75 -0.165078
0.757812 -0.16092
0.726562 -0.158378
0.71875 -0.157261
0.710938 -0.155874
0.742188 -0.155546
0.734375 -0.156618
0.78125 -0.156668
0.765625 -0.157813
0.734375 -0.159594
0.742188 -0.162853
0.71875 -0.164813
0.671875 -0.165702
0.679688 -0.16731
0.640625 -0.16723
0.6875 -0.16711
0.5625 -0.164025
0.484375 -0.161401
0.554688 -0.160452
0.554688 -0.160085
0.523438 -0.160616
0.65625 -0.161257
0.75 -0.161363
0.71875 -0.16047
0.734375 -0.158549
0.703125 -0.155888
0.710938 -0.151253
0.765625 -0.147752
0.84375 -0.145522
0.78125 -0.144076
0.734375 -0.142755
0.78125 -0.140132
0.757812 -0.137926
0.742188 -0.135721
0.757812 -0.135895
0.773438 -0.13473
0.8125 -0.132387
0.796875 -0.129943
0.875 -0.126743
0.859375 -0.12259
0.835938 -0.121337
0.78125 -0.11942
0.742188 -0.118623
0.8125 -0.116271
0.804688 -0.112885
0.820312 -0.108998
0.828125 -0.106803
0.804688 -0.105678
0.867188 -0.10344
0.828125 -0.100519
0.859375 -0.0970299
0.835938 -0.092238
0.726562 -0.0895977
0.695312 -0.0853102
0.609375 -0.0840549
0.507812 -0.0842301
0.492188 -0.082955
0.554688 -0.0813195
0.65625 -0.0809092
0.679688 -0.0823494
0.601562 -0.0829912
0.5625 -0.0827356
0.679688 -0.0823248
0.59375 -0.0815773
0.570312 -0.079955
0.53125 -0.0774818
0.445312 -0.0758825
0.328125 -0.0734459
0.25 -0.0707503
0.140625 -0.0662377
0.109375 -0.0630194
0.0234375 -0.0594222
0.0078125 -0.0535933
0.125 -0.0478895
0.09375 -0.0419638
0.0390625 -0.0372781
0.101562 -0.0321236
0.0078125 -0.0272924
0.0859375 -0.0218904
0.0859375 -0.0160543
0.015625 -0.0107003
0.117188 -0.0056003
0.0625 -0.00217795
0.117188 -0.00137902
0.117188 -0.000192653
0.117188 0.000744994
0.109375 0.00169095
0.09375 0.00191936
0.03125 0.00274059
0.0859375 0.00193021
0.0546875 0.00201617
0.0625 -0.000427229
0.03125 -0.00351026
0.101562 -0.00611251
0.0703125 -0.00681509
0.101562 -0.00527594
0.132812 -0.00208998
0.0390625 0.00203872
0.132812 0.00828013
0.046875 0.0130763
0.015625 0.0165469
0.0546875 0.0194284
0.1875 0.0226661
0.195312 0.025498
0.328125 0.0270496
0.203125 0.0305302
0.242188 0.0314957
0.28125 0.0335851
0.257812 0.0355091
0.117188 0.037091
0.046875 0.0419242
0.132812 0.0479454
0.164062 0.0517779
0.25 0.0569436
0.3125 0.0617455
0.257812 0.0648379
0.273438 0.0671162
0.34375 0.067595
0.359375 0.0681361
0.4375 0.0689807
0.4375 0.0713196
0.335938 0.0740706
0.210938 0.0769585
0.125 0.0784828
0.140625 0.0803966
0.15625 0.0820952
0.148438 0.0836762
0.148438 0.0862035
0.203125 0.0900383
0.242188 0.0938369
0.203125 0.0969529
0.273438 0.0979892
0.265625 0.0990157
0.226562 0.0974757
0.125 0.0955287
0.210938 0.0934488
0.289062 0.0921168
0.367188 0.0918986
0.3125 0.0922225
0.375 0.0911649
0.4375 0.0901232
0.507812 0.0882294
0.523438 0.0866122
0.570312 0.0858481
0.5625 0.0840421
0.429688 0.079754
0.414062 0.0749995
0.453125 0.0711825
0.40625 0.066576
0.421875 0.0632612
0.4375 0.0618336
0.53125 0.0630005
0.554688 0.065035
0.640625 0.0664739
0.5625 0.0670258
0.601562 0.0680685
0.5 0.0687416
0.460938 0.0673233
0.570312 0.0665282
0.453125 0.0660866
0.539062 0.0648837
0.5 0.0634363
0.4375 0.0628915
0.445312 0.0639339
0.5 0.0652181
0.5 0.0672153
0.53125 0.0673745
0.382812 0.0655809
0.320312 0.0650693
0.34375 0.0650939
0.507812 0.0642866
0.359375 0.0649802
0.382812 0.0643979
0.460938 0.0642879
0.507812 0.0647946
0.5 0.066005
0.546875 0.0676445
0.523438 0.0695491
0.539062 0.0705948
0.476562 0.0715331
0.476562 0.0717856
0.523438 0.0724784
0.5625 0.072051
0.648438 0.0723516
0.609375 0.0716704
0.609375 0.0706712
0.71875 0.0678868
0.695312 0.0674703
0.648438 0.0685087
0.726562 0.067444
0.703125 0.0657931
0.695312 0.0632846
0.679688 0.0618117
0.640625 0.0601268
0.679688 0.0570992
0.734375 0.0523937
0.734375 0.0449956
0.765625 0.037402
0.828125 0.0297452
0.851562 0.0229185
0.84375 0.0151989
0.828125 0.00673771
0.914062 -0.00102087
0.890625 -0.00694256
0.84375 -0.0122634
0.765625 -0.015494
0.890625 -0.0195172
0.875 -0.0244577
0.835938 -0.0275808
0.789062 -0.0299703
0.742188 -0.0321812
0.773438 -0.0350916
0.8125 -0.0368981
0.765625 -0.0372593
0.851562 -0.0383898
0.820312 -0.0398738
0.804688 -0.0416845
0.875 -0.0425988
0.851562 -0.0430185
0.859375 -0.0437359
0.757812 -0.043674
0.851562 -0.0416139
0.828125 -0.0388327
0.835938 -0.0356701
0.8125 -0.0323484
0.765625 -0.0287249
0.734375 -0.0248206
0.703125 -0.0203357
0.695312 -0.0167911
0.71875 -0.0145354
0.796875 -0.0124614
0.773438 -0.0086109
0.757812 -0.00466785
0.75 -0.00128609
0.734375 0.000983863
0.734375 0.0040461
0.734375 0.00597098
0.65625 0.00789594
0.679688 0.0112587
0.59375 0.0136011
0.53125 0.0173415
0.664062 0.0189625
0.609375 0.0190496
0.6875 0.018608
0.726562 0.017085
0.75 0.0157121
0.734375 0.0158837
0.59375 0.0165538
0.617188 0.0159197
0.648438 0.0149316
0.648438 0.0129093
0.539062 0.00977179
0.53125 0.00714639
0.398438 0.0047488
0.445312 0.00450348
0.421875 0.00518437
0.5 0.00661238
0.4375 0.00830001
0.492188 0.00989047
0.484375 0.0110761
0.476562 0.0125484
0.484375 0.0164998
0.59375 0.019751
0.554688 0.0242791
0.617188 0.0284619
0.53125 0.0322995
0.460938 0.0358293
0.546875 0.0383574
0.515625 0.0409107
0.578125 0.0410487
0.492188 0.0392242
0.429688 0.0376347
0.4375 0.0348396
0.445312 0.0328963
0.359375 0.0306215
0.367188 0.0283444
0.523438 0.0264661
0.476562 0.0255443
0.414062 0.0249256
0.359375 0.025503
0.421875 0.0260547
0.445312 0.0267853
0.25 0.0280743
0.3125 0.0280504
0.414062 0.0267086
0.304688 0.0233079
0.4375 0.0210036
0.429688 0.0169718
0.5 0.011283
0.578125 0.00669572
0.445312 0.00376118
0.476562 -0.00116349
0.460938 -0.00813092
0.5 -0.0134961
0.4375 -0.0187785
0.453125 -0.0226267
0.460938 -0.0266072
0.476562 -0.0296194
0.578125 -0.0317587
0.65625 -0.0337398
0.703125 -0.0346761
0.703125 -0.0341342
0.765625 -0.0334775
0.773438 -0.033933
0.71875 -0.0351145
0.710938 -0.0394691
0.71875 -0.0438713
0.765625 -0.0488119
0.820312 -0.0546474
0.859375 -0.0587625
0.867188 -0.0622628
0.875 -0.0661173
0.867188 -0.067852
0.8125 -0.0669387
0.765625 -0.0657983
0.75 -0.0641592
0.65625 -0.0622838
0.757812 -0.0612859
0.765625 -0.0603835
0.851562 -0.0606688
0.820312 -0.0615103
0.78125 -0.0637335
0.796875 -0.065911
0.796875 -0.0673332
0.90625 -0.0671205
0.890625 -0.0689686
0.851562 -0.0695209
0.835938 -0.0723305
0.8125 -0.075322
0.78125 -0.0789095
0.757812 -0.080965
0.625 -0.0827343
0.71875 -0.0825815
0.75 -0.0837204
0.8125 -0.0862883
0.757812 -0.0887137
0.71875 -0.0900409
0.671875 -0.0937229
0.710938 -0.0980292
0.710938 -0.101238
0.679688 -0.103503
0.734375 -0.10622
0.703125 -0.108372
0.671875 -0.110179
0.601562 -0.111587
0.609375 -0.11031
0.617188 -0.108174
0.632812 -0.106385
0.5625 -0.104996
0.570312 -0.10311
0.617188 -0.102465
0.648438 -0.100602
0.710938 -0.101237
0.789062 -0.103102
0.742188 -0.104322
0.742188 -0.10551
0.757812 -0.106391
0.71875 -0.105566
0.671875 -0.105672
0.671875 -0.106579
0.664062 -0.107549
0.71875 -0.107848
0.742188 -0.107218
0.742188 -0.10639
0.710938 -0.104891
0.710938 -0.103964
0.734375 -0.10331
0.765625 -0.101066
0.851562 -0.0980958
0.835938 -0.0947738
0.820312 -0.0911701
0.789062 -0.0863796
0.796875 -0.0820143
0.703125 -0.0756789
0.75 -0.0711441
0.773438 -0.0656626
0.8125 -0.0614584
0.835938 -0.0561662
0.757812 -0.0525064
0.679688 -0.0498757
0.679688 -0.0477674
0.671875 -0.0451483
0.671875 -0.0437748
0.695312 -0.0436209
0.710938 -0.0430354
0.539062 -0.0430875
0.445312 -0.0439403
0.289062 -0.0454585
0.273438 -0.0463162
0.320312 -0.0457834
0.28125 -0.0466877
0.289062 -0.0475805
0.265625 -0.0480942
0.234375 -0.0473649
0.257812 -0.0466296
0.304688 -0.0458639
0.1875 -0.0445861
0.148438 -0.0436692
0.117188 -0.0426968
0.203125 -0.0436204
0.101562 -0.0458537
0.0078125 -0.0505712
0.117188 -0.0517752
0.078125 -0.0519776
0.0078125 -0.0544278
0.0234375 -0.0554743
0.0859375 -0.0576962
0.015625 -0.0595632
0.0859375 -0.0611983
0.03125 -0.0626177
0.0390625 -0.0645555
0.171875 -0.0656049
0.195312 -0.0674822
0.203125 -0.0694568
0.273438 -0.070829
0.382812 -0.0698566
0.507812 -0.0677522
0.53125 -0.0661163
0.476562 -0.0673211
0.476562 -0.0675536
0.445312 -0.0682382
0.40625 -0.0693571
0.421875 -0.0711194
0.328125 -0.0712346
0.367188 -0.0697067
0.484375 -0.0678515
0.476562 -0.0641411
0.484375 -0.0599209
0.59375 -0.0542685
0.625 -0.0485131
0.617188 -0.0429236
0.539062 -0.0389764
0.5625 -0.0340814
0.578125 -0.0277506
0.453125 -0.0212649
0.53125 -0.01538
0.476562 -0.00993418
0.492188 -0.00295977
0.4375 0.00454318
0.492188 0.0121891
0.492188 0.017707
0.546875 0.0230591
0.515625 0.0279925
0.5 0.0336178
0.484375 0.0374602
0.460938 0.0397918
0.523438 0.0407299
0.5625 0.0405722
0.585938 0.040197
0.585938 0.0405953
0.59375 0.0423137
0.585938 0.0432656
0.679688 0.0451871
0.601562 0.0480916
0.546875 0.0509245
0.632812 0.0529249
0.539062 0.0547293
0.570312 0.0539813
0.640625 0.0517267
0.6875 0.0490412
0.757812 0.0469946
0.867188 0.0438991
0.8125 0.0390983
0.773438 0.0327426
0.742188 0.026636
0.671875 0.0225274
0.726562 0.0198698
0.726562 0.0181848
0.71875 0.0184727
0.609375 0.0189993
0.617188 0.017629
0.695312 0.0160119
0.71875 0.0143032
0.75 0.0115298
0.710938 0.00942633
0.726562 0.00706549
0.671875 0.00549513
0.632812 0.00399266
0.664062 0.00248917
0.6875 -0.000721963
0.679688 -0.00391901
0.664062 -0.00738673
0.632812 -0.011571
0.640625 -0.0164615
0.59375 -0.0210492
0.6875 -0.0254079
0.742188 -0.0293204
0.765625 -0.0332732
0.6875 -0.036218
0.75 -0.038773
0.757812 -0.0409165
0.679688 -0.0420589
0.71875 -0.0428075
0.796875 -0.0435537
0.742188 -0.042335
0.78125 -0.0434436
0.78125 -0.0454046
0.71875 -0.0465441
0.820312 -0.0479677
0.773438 -0.0498604
0.640625 -0.0515741
0.664062 -0.0524044
0.734375 -0.0551981
0.648438 -0.0587307
0.71875 -0.0619355
0.71875 -0.0649615
0.664062 -0.0675584
0.648438 -0.0700782
0.59375 -0.0723735
0.539062 -0.0752392
0.53125 -0.0773097
0.46875 -0.0799723
0.507812 -0.0812086
0.453125 -0.0834638
0.484375 -0.0849527
0.492188 -0.0867848
0.382812 -0.0873944
0.4375 -0.0875077
0.484375 -0.0879179
0.507812 -0.0883621
0.546875 -0.0905192
0.695312 -0.0927362
0.65625 -0.0932693
0.632812 -0.0953787
0.570312 -0.0960534
0.492188 -0.097266
0.53125 -0.0990423
0.578125 -0.101488
0.65625 -0.103688
0.679688 -0.105248
0.664062 -0.105522
0.640625 -0.105514
0.625 -0.105572
0.65625 -0.105007
0.726562 -0.10379
0.75 -0.103003
0.71875 -0.103089
0.65625 -0.102412
0.742188 -0.103521
0.875 -0.10417
0.90625 -0.106768
0.882812 -0.109645
0.898438 -0.112158
0.890625 -0.114659
0.867188 -0.117999
0.882812 -0.121787
0.882812 -0.122868
0.765625 -0.124992
0.625 -0.126257
0.625 -0.126041
0.625 -0.125683
0.703125 -0.12542
0.78125 -0.126024
0.8125 -0.127073
0.804688 -0.128167
0.890625 -0.130124
0.898438 -0.132683
0.789062 -0.134477
0.804688 -0.134888
0.851562 -0.136083
0.84375 -0.137542
0.804688 -0.139371
0.726562 -0.140043
0.8125 -0.141169
0.898438 -0.141274
0.898438 -0.141409
0.851562 -0.141874
0.789062 -0.143994
0.8125 -0.144946
0.796875 -0.145606
0.851562 -0.146444
0.859375 -0.14732
0.851562 -0.146361
0.828125 -0.146657
0.859375 -0.148567
0.90625 -0.149592
0.851562 -0.148819
0.8125 -0.148708
0.851562 -0.146715
0.84375 -0.143238
0.859375 -0.13996
0.804688 -0.136737
0.867188 -0.134927
0.84375 -0.132129
0.875 -0.129421
0.789062 -0.125228
0.804688 -0.122804
0.820312 -0.117928
0.742188 -0.114957
0.742188 -0.114091
0.796875 -0.112077
0.789062 -0.108502
0.804688 -0.102743
0.789062 -0.0970449
0.75 -0.0924012
0.6875 -0.0864135
0.773438 -0.0813191
0.640625 -0.0794874
0.679688 -0.0773089
0.6875 -0.0745588
0.703125 -0.074026
0.75 -0.0744146
0.804688 -0.0742027
0.851562 -0.0729865
0.875 -0.0704161
0.867188 -0.0692925
0.835938 -0.0668164
0.8125 -0.063661
0.773438 -0.0610655
0.773438 -0.0583709
0.78125 -0.05411
0.75 -0.0483755
0.726562 -0.0434178
0.609375 -0.0390932
0.65625 -0.0363009
0.671875 -0.0348759
0.679688 -0.0349267
0.648438 -0.0344907
0.648438 -0.0332005
0.65625 -0.0314845
0.617188 -0.0304364
0.515625 -0.0273305
0.671875 -0.023964
0.796875 -0.0211305
0.789062 -0.0193717
0.804688 -0.018398
0.765625 -0.0151787
0.804688 -0.0115447
0.84375 -0.00895323
0.804688 -0.00447928
0.789062 -0.00235494
0.765625 -0.0022703
0.679688 -0.00276607
0.734375 -0.00327961
0.632812 -0.00235267
0.679688 -0.00250485
0.640625 -0.00242785
0.71875 -0.000779917
0.734375 0.0022357
0.679688 0.00353725
0.734375 0.00436113
0.773438 0.00457924
0.726562 0.00611367
0.695312 0.00736067
0.75 0.00977633
0.796875 0.0125729
0.773438 0.0169059
0.8125 0.0196071
0.796875 0.0217263
0.859375 0.0244735
0.851562 0.0278561
0.765625 0.029349
0.765625 0.0306644
0.710938 0.0309676
0.71875 0.0320561
0.757812 0.0334191
0.789062 0.0339954
0.75 0.036455
0.757812 0.0390871
0.734375 0.0433011
0.726562 0.0471762
0.664062 0.0502779
0.648438 0.0520569
0.65625 0.0526325
0.726562 0.0520334
0.75 0.0499812
0.789062 0.0469321
0.773438 0.0427369
0.695312 0.040817
0.742188 0.0371168
0.734375 0.0347622
0.757812 0.0319567
0.6875 0.030529
0.65625 0.0282287
0.664062 0.0267043
0.515625 0.0223343
0.5 0.0185458
0.554688 0.0146175
0.65625 0.0117999
0.703125 0.0111987
0.632812 0.0122995
0.648438 0.0140301
0.578125 0.0152645
0.570312 0.0159404
0.554688 0.0145691
0.570312 0.015722
0.59375 0.0154068
0.625 0.0143318
0.757812 0.0131795
0.757812 0.0117782
0.75 0.0123164
0.695312 0.0128391
0.648438 0.013506
0.609375 0.0132096
0.671875 0.010818
0.632812 0.00727502
0.695312 0.00310949
0.742188 -0.00206921
0.671875 -0.0057605
0.570312 -0.010437
0.664062 -0.0129353
0.679688 -0.0158402
0.570312 -0.0167371
0.570312 -0.0153656
0.546875 -0.0143265
0.554688 -0.0143512
0.492188 -0.0129544
0.53125 -0.0129245
0.5625 -0.013427
0.484375 -0.0141357
0.460938 -0.0146797
0.539062 -0.0165959
0.554688 -0.019184
0.640625 -0.0208161
0.71875 -0.020824
0.765625 -0.0193703
0.6875 -0.0194678
0.648438 -0.0215878
0.617188 -0.0218811
0.625 -0.0234983
0.75 -0.0256384
0.710938 -0.0278432
0.789062 -0.0294258
0.835938 -0.0331049
0.890625 -0.0385554
0.859375 -0.0434365
0.867188 -0.0470638
0.890625 -0.0531638
0.851562 -0.0599231
0.851562 -0.0638691
0.796875 -0.066957
0.71875 -0.0701723
0.664062 -0.0733561
0.640625 -0.0756945
0.609375 -0.0776591
0.648438 -0.0787953
0.640625 -0.0799732
0.601562 -0.0823846
0.59375 -0.0861736
0.59375 -0.090526
0.65625 -0.0955018
0.6875 -0.100713
0.742188 -0.103251
0.796875 -0.105453
0.71875 -0.1067
0.734375 -0.109448
0.648438 -0.110722
0.6875 -0.111023
0.695312 -0.111577
0.765625 -0.111725
0.820312 -0.113198
0.726562 -0.115518
0.65625 -0.116662
0.664062 -0.116269
0.75 -0.117213
0.757812 -0.119275
0.742188 -0.120026
0.75 -0.120068
0.804688 -0.119707
0.820312 -0.11971
0.804688 -0.12083
0.78125 -0.119119
0.75 -0.116925
0.671875 -0.115298
0.726562 -0.112904
0.648438 -0.110906
0.710938 -0.108123
0.6875 -0.106868
0.734375 -0.104444
0.75 -0.101888
0.742188 -0.0992772
0.710938 -0.0961495
0.671875 -0.0934577
0.695312 -0.0913033
0.78125 -0.0880328
0.75 -0.08417
0.703125 -0.0795683
0.765625 -0.0748098
0.671875 -0.0708125
0.640625 -0.0665961
0.632812 -0.0629129
0.625 -0.0593108
0.539062 -0.0585282
0.632812 -0.056512
0.554688 -0.0546742
0.546875 -0.0539999
0.625 -0.0546156
0.625 -0.0553314
0.578125 -0.05679
0.65625 -0.0592083
0.75 -0.0614342
0.734375 -0.0630074
0.757812 -0.0628832
0.773438 -0.0645093
0.726562 -0.0613687
0.710938 -0.058686
0.757812 -0.054563
0.835938 -0.051283
0.882812 -0.0475303
0.867188 -0.0477519
0.804688 -0.0499463
0.851562 -0.0550779
0.84375 -0.0586679
0.820312 -0.0624464
0.820312 -0.0651116
0.84375 -0.068208
0.882812 -0.0680639
0.84375 -0.0680548
0.851562 -0.0682947
0.882812 -0.0668604
0.820312 -0.0656681
0.859375 -0.0663669
0.851562 -0.0688956
0.773438 -0.0718974
0.71875 -0.0745546
0.734375 -0.0763052
0.765625 -0.0796842
0.742188 -0.082222
0.734375 -0.0844817
0.679688 -0.0844669
0.734375 -0.0855356
0.734375 -0.0861466
0.703125 -0.0883014
0.789062 -0.0917022
0.789062 -0.0963965
0.773438 -0.100092
0.703125 -0.104247
0.671875 -0.108047
0.65625 -0.110688
0.640625 -0.115677
0.632812 -0.120396
0.695312 -0.124814
0.78125 -0.130033
0.8125 -0.135214
0.820312 -0.139805
0.710938 -0.142785
0.757812 -0.14497
0.8125 -0.147983
0.789062 -0.151241
0.835938 -0.153599
0.867188 -0.153653
0.84375 -0.155267
0.75 -0.155444
0.773438 -0.15352
0.773438 -0.154534
0.773438 -0.15495
0.789062 -0.156088
0.757812 -0.156969
0.71875 -0.157987
0.734375 -0.159119
0.703125 -0.160651
0.726562 -0.163202
0.789062 -0.16597
0.757812 -0.168442
0.773438 -0.171444
0.726562 -0.172848
0.6875 -0.174592
0.742188 -0.176173
0.726562 -0.178164
0.78125 -0.180432
0.71875 -0.179749
0.78125 -0.180155
0.757812 -0.181148
0.734375 -0.182416
0.5625 -0.183809
0.523438 -0.185141
0.554688 -0.184687
0.570312 -0.184294
0.585938 -0.180588
0.65625 -0.175344
0.539062 -0.169458
0.539062 -0.166477
0.585938 -0.162204
0.640625 -0.158583
0.703125 -0.156295
0.757812 -0.152615
0.71875 -0.150338
0.75 -0.150634
0.773438 -0.150339
0.75 -0.151477
0.679688 -0.151906
0.71875 -0.151466
0.695312 -0.151549
0.773438 -0.151379
0.820312 -0.151857
0.757812 -0.153265
0.84375 -0.156146
0.734375 -0.161102
0.765625 -0.164656
0.789062 -0.168566
0.664062 -0.171566
0.601562 -0.1751
0.617188 -0.178413
0.679688 -0.180571
0.570312 -0.183594
0.625 -0.187981
0.695312 -0.190987
0.648438 -0.195174
0.695312 -0.199842
0.773438 -0.203884
0.757812 -0.208449
0.765625 -0.212804
0.804688 -0.216166
0.78125 -0.219026
0.789062 -0.223164
0.804688 -0.227398
0.789062 -0.232873
0.835938 -0.240024
0.796875 -0.247235
0.71875 -0.255108
0.671875 -0.260862
0.679688 -0.264324
0.679688 -0.267697
0.6875 -0.271198
0.742188 -0.272224
0.71875 -0.271811
0.71875 -0.272459
0.710938 -0.273936
0.734375 -0.274437
0.648438 -0.274653
0.59375 -0.272626
0.617188 -0.26975
0.648438 -0.266962
0.773438 -0.263451
0.742188 -0.258441
0.796875 -0.254607
0.804688 -0.25057
0.835938 -0.246888
0.835938 -0.24473
0.804688 -0.243708
0.726562 -0.243237
0.75 -0.240551
0.75 -0.239567
0.695312 -0.236189
0.773438 -0.23216
0.84375 -0.229147
0.859375 -0.227409
0.882812 -0.229296
0.921875 -0.231109
0.90625 -0.234462
0.898438 -0.238952
0.890625 -0.242983
0.90625 -0.246124
0.90625 -0.248091
0.882812 -0.251487
0.828125 -0.25458
0.898438 -0.255459
0.914062 -0.256346
0.851562 -0.257196
0.820312 -0.257514
0.859375 -0.257013
0.820312 -0.255654
0.773438 -0.254693
0.75 -0.252982
0.804688 -0.24954
0.820312 -0.24614
0.820312 -0.243092
0.820312 -0.241813
0.828125 -0.239808
0.828125 -0.236844
0.734375 -0.235759
0.703125 -0.23427
0.75 -0.232898
0.804688 -0.232275
0.75 -0.230759
0.773438 -0.227436
0.742188 -0.22538
0.765625 -0.223098
0.820312 -0.220291
0.796875 -0.220489
0.789062 -0.221451
0.796875 -0.221793
0.773438 -0.221353
0.851562 -0.220641
0.820312 -0.218137
0.734375 -0.215897
0.671875 -0.214548
0.726562 -0.212293
0.71875 -0.210834
0.6875 -0.207916
0.726562 -0.206031
0.789062 -0.205165
0.828125 -0.204653
0.828125 -0.205451
0.820312 -0.207719
0.859375 -0.21033
0.820312 -0.211221
0.8125 -0.21346
0.859375 -0.214234
0.84375 -0.217275
0.796875 -0.219722
0.875 -0.221012
0.890625 -0.222251
0.898438 -0.223486
0.929688 -0.224317
0.859375 -0.223273
0.875 -0.222288
0.851562 -0.222212
0.8125 -0.221403
0.734375 -0.220234
0.734375 -0.219127
0.703125 -0.219824
0.703125 -0.21927
0.664062 -0.217763
0.609375 -0.217054
0.554688 -0.214641
0.546875 -0.211369
0.59375 -0.206591
0.710938 -0.200308
0.726562 -0.193658
0.695312 -0.187054
0.804688 -0.180692
0.835938 -0.175443
0.671875 -0.168616
0.671875 -0.163283
0.65625 -0.158179
0.609375 -0.15368
0.703125 -0.148406
0.726562 -0.142759
0.75 -0.137603
0.726562 -0.131784
0.75 -0.127545
0.734375 -0.124541
0.648438 -0.123155
0.640625 -0.119703
0.609375 -0.116595
0.5625 -0.111712
0.46875 -0.10583
0.523438 -0.100985
0.53125 -0.0951119
0.539062 -0.0894515
0.445312 -0.0819606
0.5625 -0.0749555
0.609375 -0.0694182
0.65625 -0.0637873
0.570312 -0.0576663
0.65625 -0.0505928
0.617188 -0.0439654
0.554688 -0.036055
0.601562 -0.0287216
0.671875 -0.0229646
0.601562 -0.0188267
0.5625 -0.0155216
0.53125 -0.0116072
0.414062 -0.0105411
0.328125 -0.00889838
0.445312 -0.00733709
0.5 -0.00656293
0.335938 -0.00670646
0.28125 -0.0068214
0.210938 -0.00602572
0.296875 -0.0064323
0.367188 -0.00910809
0.390625 -0.0106789
0.382812 -0.0127193
0.40625 -0.0162198
0.367188 -0.0197243
0.335938 -0.0217092
0.382812 -0.0212837
0.40625 -0.0223869
0.59375 -0.0242652
0.6875 -0.0230217
0.820312 -0.0225616
0.765625 -0.0244669
0.804688 -0.0273588
0.828125 -0.0312115
0.898438 -0.0324684
0.851562 -0.0346882
0.804688 -0.0365661
0.75 -0.037358
0.726562 -0.0384609
0.71875 -0.0384475
0.726562 -0.038728
0.75 -0.037012
0.804688 -0.038653
0.695312 -0.0435271
0.65625 -0.0500086
0.625 -0.0548252
0.65625 -0.058403
0.71875 -0.0619309
0.710938 -0.0662921
0.609375 -0.0692113
0.617188 -0.074438
0.640625 -0.0805312
0.554688 -0.0846874
0.507812 -0.0863577
0.484375 -0.0906646
0.5 -0.0940376
0.429688 -0.0979655
0.4375 -0.101069
0.421875 -0.103812
0.359375 -0.10647
0.28125 -0.109982
0.328125 -0.114728
0.265625 -0.120801
0.328125 -0.124806
0.367188 -0.126669
0.40625 -0.128284
0.492188 -0.131535
0.546875 -0.137397
0.5625 -0.141662
0.546875 -0.143386
0.539062 -0.14445
0.484375 -0.14478
0.40625 -0.144352
0.398438 -0.143956
0.390625 -0.14224
0.296875 -0.14229
0.304688 -0.143375
0.421875 -0.144306
0.429688 -0.145218
0.453125 -0.143752
0.375 -0.141433
0.414062 -0.139626
0.445312 -0.140405
0.585938 -0.139491
0.5625 -0.138957
0.640625 -0.141046
0.632812 -0.143291
0.601562 -0.143058
0.578125 -0.142608
0.632812 -0.143021
0.648438 -0.143418
0.625 -0.141139
0.632812 -0.138937
0.539062 -0.138394
0.367188 -0.138862
0.40625 -0.140005
0.429688 -0.141156
0.328125 -0.14335
0.34375 -0.145658
0.3125 -0.148869
0.359375 -0.151023
0.40625 -0.151246
0.414062 -0.149352
0.320312 -0.145097
0.414062 -0.142277
0.390625 -0.135614
0.375 -0.128489
0.421875 -0.120616
0.523438 -0.113978
0.46875 -0.109375
0.5 -0.105339
0.546875 -0.101659
0.609375 -0.0977741
0.648438 -0.0932986
0.75 -0.0910801
0.742188 -0.0857444
0.773438 -0.0814761
0.71875 -0.0775729
0.679688 -0.0739004
0.5625 -0.0701932
0.601562 -0.0672092
0.539062 -0.0660917
0.5625 -0.0646699
0.539062 -0.0625582
0.539062 -0.0583853
0.515625 -0.0546037
0.53125 -0.0521019
0.65625 -0.0502793
0.679688 -0.0490758
0.65625 -0.0472928
0.554688 -0.044497
0.53125 -0.0408551
0.492188 -0.0372555
0.34375 -0.0334347
0.34375 -0.0311506
0.375 -0.0300287
0.523438 -0.0280716
0.523438 -0.0257338
0.609375 -0.0253598
0.648438 -0.0236188
0.648438 -0.0227113
0.75 -0.0195464
0.773438 -0.0180371
0.71875 -0.015431
0.679688 -0.0148892
0.71875 -0.0160849
0.765625 -0.017444
0.765625 -0.0203449
0.703125 -0.0227749
0.6875 -0.0254358
0.695312 -0.0258246
0.617188 -0.0286244
0.5 -0.031841
0.546875 -0.0346997
0.492188 -0.0363708
0.484375 -0.0371837
0.539062 -0.0366618
0.609375 -0.0354006
0.53125 -0.0322319
0.46875 -0.0267386
0.382812 -0.020229
0.390625 -0.0154814
0.382812 -0.0118377
0.242188 -0.00651845
0.289062 -0.00506708
0.421875 -0.00334392
0.5 -0.00046885
0.53125 0.00381514
0.570312 0.00752284
0.570312 0.01037
0.53125 0.00932549
0.5625 0.0084064
0.539062 0.00678318
0.59375 0.00565316
0.5625 0.00430406
0.40625 0.00105975
0.515625 -0.00302503
0.539062 -0.00489978
0.492188 -0.00856184
0.5 -0.013493
0.5625 -0.0186788
0.617188 -0.0226338
0.539062 -0.0279191
0.585938 -0.031663
0.640625 -0.0354075
0.75 -0.0403086
0.835938 -0.0455268
0.773438 -0.050843
0.789062 -0.0551626
0.757812 -0.0557072
0.765625 -0.0561155
0.742188 -0.0546826
0.65625 -0.0535958
0.507812 -0.052033
0.554688 -0.0519459
0.59375 -0.0521037
0.570312 -0.0507819
0.65625 -0.0500583
0.71875 -0.0506098
0.664062 -0.0515918
0.6875 -0.0533674
0.765625 -0.0554487
0.773438 -0.0568208
0.820312 -0.0585108
0.867188 -0.0612103
0.773438 -0.064401
0.742188 -0.0682481
0.664062 -0.0731149
0.75 -0.0792806
0.75 -0.0851145
0.75 -0.0914165
0.617188 -0.0970387
0.59375 -0.101719
0.601562 -0.108525
0.484375 -0.115271
0.515625 -0.120662
0.546875 -0.127615
0.539062 -0.133299
0.695312 -0.13856
0.726562 -0.143806
0.679688 -0.148182
0.65625 -0.152436
0.6875 -0.156417
0.742188 -0.159771
0.703125 -0.165086
0.734375 -0.170439
0.703125 -0.175513
0.664062 -0.178518
0.585938 -0.179571
0.539062 -0.181459
0.648438 -0.183235
0.601562 -0.183631
0.617188 -0.184518
0.5 -0.185251
0.59375 -0.188786
0.515625 -0.189572
0.507812 -0.192639
0.398438 -0.195575
0.445312 -0.196705
0.4375 -0.196267
0.460938 -0.192734
0.53125 -0.189654
0.554688 -0.188469
0.40625 -0.186808
0.4375 -0.183462
0.320312 -0.180545
0.335938 -0.1772
0.1875 -0.173159
0.078125 -0.169527
0.101562 -0.166024
0.179688 -0.163194
0.335938 -0.156981
0.398438 -0.148805
0.507812 -0.141047
0.546875 -0.133341
0.5 -0.126804
0.398438 -0.119277
0.453125 -0.113318
0.421875 -0.108639
0.523438 -0.104116
0.476562 -0.0993889
0.460938 -0.0951388
0.375 -0.0925912
0.304688 -0.0914104
0.296875 -0.0874894
0.265625 -0.0850198
0.351562 -0.0862627
0.335938 -0.0859502
0.351562 -0.085443
0.421875 -0.0846789
0.539062 -0.0820306
0.515625 -0.079482
0.421875 -0.0776642
0.390625 -0.0763782
0.414062 -0.0749379
0.445312 -0.0723953
0.492188 -0.0706006
0.5625 -0.0714575
0.601562 -0.0732698
0.609375 -0.0725172
0.578125 -0.0722667
0.640625 -0.0722963
0.523438 -0.0740875
0.460938 -0.0756822
0.390625 -0.0756557
0.382812 -0.0748942
0.382812 -0.0722616
0.34375 -0.0716476
0.28125 -0.0730101
0.296875 -0.0766393
0.203125 -0.0773127
0.21875 -0.0804844
0.1875 -0.0811315
0.203125 -0.0798276
0.234375 -0.0773997
0.210938 -0.0765198
0.265625 -0.0771648
0.3125 -0.0772027
0.226562 -0.0752867
0.273438 -0.0730197
0.203125 -0.0698332
0.3125 -0.0678164
0.390625 -0.0661241
0.484375 -0.0607079
0.53125 -0.0554152
0.484375 -0.0487754
0.429688 -0.0449642
0.414062 -0.0416686
0.335938 -0.0388062
0.328125 -0.0372568
0.445312 -0.0351278
0.492188 -0.0307312
0.429688 -0.0256454
0.367188 -0.0231631
0.46875 -0.0197588
0.5 -0.0168696
0.601562 -0.01273
0.546875 -0.00851951
0.5625 -0.00595234
0.5 -0.00308792
0.578125 -0.000189341
0.546875 0.00195736
0.53125 0.002107
0.4375 0.00316719
0.492188 0.00296988
0.546875 0.00204488
0.507812 0.00212725
0.632812 0.00317824
0.59375 0.00613555
0.5 0.00843978
0.546875 0.0113813
0.585938 0.0120097
0.59375 0.0110985
0.585938 0.00824498
0.5 0.00551356
0.398438 0.0031636
0.34375 0.000388235
0.335938 -0.000549371
0.398438 0.000363332
0.375 -0.00239026
0.34375 -0.00473989
0.265625 -0.00602123
0.296875 -0.00687806
0.304688 -0.00615118
0.359375 -0.00686004
0.335938 -0.00604473
0.4375 -0.00577311
0.40625 -0.00772909
0.460938 -0.00895874
0.515625 -0.00869936
0.523438 -0.00645094
0.59375 -0.00540134
0.5625 -0.00353232
0.570312 -0.00213793
0.546875 -0.00216992
0.601562 -0.00270187
0.632812 -0.00396424
0.570312 -0.00729415
0.648438 -0.00876677
0.546875 -0.0114359
0.71875 -0.0143017
0.65625 -0.018012
0.703125 -0.0220954
0.625 -0.0264803
0.6875 -0.0318691
0.773438 -0.0352014
0.789062 -0.0408891
0.78125 -0.0469578
0.726562 -0.0522688
0.671875 -0.0576931
0.65625 -0.0617226
0.617188 -0.0650978
0.59375 -0.0682244
0.554688 -0.0732149
0.546875 -0.0780788
0.578125 -0.0830315
0.59375 -0.0864254
0.554688 -0.0886829
0.460938 -0.0916611
0.546875 -0.0932489
0.53125 -0.0971412
0.414062 -0.100448
0.460938 -0.105289
0.59375 -0.110067
0.570312 -0.114727
0.4375 -0.118257
0.554688 -0.121353
0.59375 -0.125565
0.65625 -0.129757
0.71875 -0.1347
0.78125 -0.140542
0.882812 -0.145262
0.875 -0.149267
0.867188 -0.15194
0.882812 -0.152375
0.90625 -0.154004
0.929688 -0.156054
0.875 -0.157653
0.875 -0.157653
0.875 -0.157432
0.890625 -0.157521
0.921875 -0.157033
0.882812 -0.156536
0.835938 -0.154289
0.851562 -0.149623
0.84375 -0.143744
0.820312 -0.138557
0.820312 -0.134013
0.890625 -0.130946
0.890625 -0.125605
0.851562 -0.120033
0.84375 -0.114703
0.8125 -0.109509
0.84375 -0.102757
0.898438 -0.0982874
0.882812 -0.0932321
0.875 -0.0847844
0.859375 -0.074911
0.84375 -0.0659789
0.882812 -0.0581437
0.914062 -0.048516
0.9375 -0.0383035
0.898438 -0.0308375
0.898438 -0.0225919
0.867188 -0.0127386
0.851562 -0.00380521
0.859375 0.00391451
0.851562 0.0116285
0.820312 0.0177836
0.765625 0.024169
0.828125 0.0294345
0.835938 0.0356622
0.90625 0.0400581
0.898438 0.0457284
0.875 0.0494006
0.84375 0.0537111
0.84375 0.0584865
0.773438 0.0633511
0.789062 0.0661945
0.757812 0.0694537
0.75 0.071336
0.757812 0.0728529
0.757812 0.0740981
0.734375 0.0749065
0.695312 0.0746497
0.648438 0.0754766
0.617188 0.0755068
0.703125 0.0730781
0.71875 0.0690455
0.75 0.0634425
0.765625 0.0584219
0.804688 0.0550394
0.6875 0.0497771
0.632812 0.0446481
0.734375 0.0381688
0.703125 0.0322023
0.726562 0.027738
0.703125 0.0249793
0.71875 0.023281
0.765625 0.0217748
0.65625 0.0198422
0.671875 0.0175732
0.710938 0.0162435
0.765625 0.0170617
0.835938 0.0177005
0.796875 0.0180691
0.835938 0.0170764
0.867188 0.0150943
0.828125 0.0144705
0.757812 0.0125574
0.804688 0.0101964
0.835938 0.00747914
0.804688 0.00607212
0.71875 0.00534964
0.726562 0.00642519
0.703125 0.00984938
0.6875 0.0122775
0.71875 0.01335
0.75 0.0107176
0.765625 0.00827917
0.78125 0.00613088
0.8125 0.0059741
0.820312 0.00434856
0.78125 0.00216833
0.851562 -0.000484811
0.78125 -0.00319422
0.875 -0.00518386
0.851562 -0.0094559
0.859375 -0.0138207
0.835938 -0.0182064
0.828125 -0.0242043
0.757812 -0.0314356
0.765625 -0.0362436
0.828125 -0.040479
0.804688 -0.043869
0.851562 -0.0459546
0.796875 -0.043794
0.820312 -0.0450314
0.757812 -0.0493984
0.757812 -0.0554632
0.796875 -0.0625639
0.828125 -0.0699006
0.859375 -0.075992
0.859375 -0.0833637
0.828125 -0.0901771
0.859375 -0.0957036
0.789062 -0.102204
0.796875 -0.108875
0.773438 -0.114888
0.75 -0.119425
0.742188 -0.124608
0.710938 -0.130657
0.703125 -0.135828
0.59375 -0.141252
0.703125 -0.146833
0.796875 -0.152272
0.820312 -0.15586
0.757812 -0.160269
0.75 -0.164722
0.703125 -0.168032
0.65625 -0.170491
0.539062 -0.173233
0.570312 -0.176763
0.59375 -0.182062
0.640625 -0.187533
0.765625 -0.192931
0.75 -0.197351
0.726562 -0.200228
0.757812 -0.20156
0.828125 -0.200625
0.828125 -0.200533
0.828125 -0.199534
0.890625 -0.199698
0.867188 -0.199466
0.828125 -0.199908
0.890625 -0.200735
0.828125 -0.198351
0.78125 -0.197282
0.789062 -0.196922
0.8125 -0.198869
0.757812 -0.20091
0.78125 -0.203489
0.789062 -0.206757
0.78125 -0.210729
0.742188 -0.215706
0.757812 -0.218748
0.773438 -0.2213
0.820312 -0.222947
0.71875 -0.224949
0.75 -0.226512
0.734375 -0.229898
0.703125 -0.234498
0.75 -0.237275
0.664062 -0.23863
0.664062 -0.238498
0.6875 -0.239137
0.679688 -0.240548
0.6875 -0.241118
0.710938 -0.240842
0.601562 -0.241052
0.632812 -0.242308
0.617188 -0.244974
0.59375 -0.244974
0.632812 -0.24553
0.617188 -0.245733
0.53125 -0.246196
0.578125 -0.247333
0.6875 -0.24505
0.75 -0.242897
0.59375 -0.238764
0.59375 -0.234226
0.71875 -0.230411
0.648438 -0.226664
0.640625 -0.221687
0.539062 -0.217395
0.546875 -0.212282
0.507812 -0.206549
0.46875 -0.203411
0.414062 -0.199093
0.460938 -0.19311
0.40625 -0.188363
0.304688 -0.181078
0.414062 -0.171803
0.210938 -0.162861
0.359375 -0.155606
0.328125 -0.145983
0.3125 -0.137365
0.257812 -0.127617
0.28125 -0.118916
0.273438 -0.112469
0.429688 -0.107626
0.429688 -0.102826
0.304688 -0.10078
0.421875 -0.0998566
0.453125 -0.0991801
0.359375 -0.0986981
0.296875 -0.0986781
0.296875 -0.102344
0.359375 -0.103347
0.265625 -0.104819
0.15625 -0.104698
0.140625 -0.102224
0.101562 -0.101302
0.0234375 -0.10006
0.0546875 -0.0987776
0.0703125 -0.0955141
0.0859375 -0.0908714
0.1875 -0.0851105
0.125 -0.0792313
0.1875 -0.0757668
0.101562 -0.0742735
0.125 -0.0704157
0.171875 -0.0668163
0.179688 -0.0668012
0.0703125 -0.0670839
0.0234375 -0.069707
0.203125 -0.071341
0.210938 -0.0713302
0.203125 -0.0722353
0.179688 -0.0721237
0.164062 -0.0735305
0.25 -0.0763243
0.226562 -0.0800327
0.382812 -0.0826253
0.367188 -0.0856731
0.28125 -0.0899714
0.164062 -0.0913857
0.171875 -0.0924153
0.148438 -0.0956669
0.242188 -0.0959734
0.21875 -0.0983392
0.25 -0.0990355
0.328125 -0.09944
0.242188 -0.101426
0.132812 -0.101351
0.132812 -0.103175
0.15625 -0.108321
0.210938 -0.114015
0.234375 -0.12116
0.25 -0.125056
0.195312 -0.127629
0.0546875 -0.129403
0.0703125 -0.13125
0.0390625 -0.131164
0.09375 -0.130706
0.0390625 -0.13396
0.0078125 -0.137594
0.0234375 -0.141539
0.09375 -0.144837
0.09375 -0.147233
0.132812 -0.150127
0.25 -0.151795
0.21875 -0.152044
0.210938 -0.154615
0.195312 -0.154346
0.28125 -0.152993
0.257812 -0.148797
0.273438 -0.146567
0.273438 -0.144546
0.265625 -0.14416
0.148438 -0.142655
0.226562 -0.141719
0.21875 -0.138865
0.304688 -0.135057
0.375 -0.130965
0.40625 -0.129376
0.539062 -0.127926
0.546875 -0.126209
0.539062 -0.124201
0.578125 -0.120962
0.570312 -0.117902
0.625 -0.113343
0.539062 -0.105087
0.546875 -0.0952858
0.5625 -0.0857884
0.507812 -0.0776034
0.507812 -0.0707609
0.546875 -0.0622802
0.460938 -0.0550277
0.46875 -0.0472109
0.46875 -0.0411463
0.476562 -0.036162
0.53125 -0.0320605
0.523438 -0.0257269
0.523438 -0.018927
0.523438 -0.0112656
0.585938 -0.00411261
0.570312 0.00260359
0.460938 0.00916209
0.46875 0.0173255
0.367188 0.0262318
0.398438 0.0337889
0.484375 0.0394995
0.5 0.0438733
0.5625 0.0496647
0.578125 0.0539184
0.5625 0.0577703
0.46875 0.0613777
0.445312 0.0657268
0.398438 0.0676991
0.359375 0.0689904
0.226562 0.0675399
0.320312 0.0666638
0.484375 0.0653051
0.421875 0.0652849
0.460938 0.0655123
0.390625 0.065094
0.476562 0.0643178
0.40625 0.0633033
0.375 0.0611649
0.34375 0.0562388
0.320312 0.052412
0.34375 0.0464674
0.195312 0.039662
0.28125 0.0320607
0.484375 0.0228372
0.460938 0.0118708
0.460938 0.000603602
0.554688 -0.00709675
0.539062 -0.0144726
0.671875 -0.0219072
0.734375 -0.0280627
0.703125 -0.0356887
0.679688 -0.0432399
0.75 -0.0492883
0.734375 -0.0522352
0.703125 -0.0562966
0.726562 -0.0607066
0.734375 -0.0653537
0.671875 -0.0702274
0.695312 -0.0756452
0.765625 -0.0779292
0.757812 -0.0794363
0.8125 -0.0782954
0.835938 -0.0784608
0.835938 -0.0782442
0.851562 -0.0757208
0.84375 -0.0735686
0.828125 -0.0687531
0.898438 -0.0653034
0.835938 -0.0596137
0.820312 -0.0556372
0.804688 -0.0526735
0.765625 -0.048381
0.789062 -0.0453124
0.8125 -0.0420771
0.679688 -0.0395599
0.71875 -0.0348866
0.773438 -0.0319978
0.796875 -0.0300369
0.8125 -0.0283593
0.789062 -0.0263594
0.78125 -0.0230599
0.78125 -0.0207128
0.789062 -0.0186906
0.828125 -0.0179451
0.859375 -0.0186779
0.851562 -0.0181974
0.820312 -0.0172625
0.8125 -0.0158198
0.875 -0.018318
0.828125 -0.0196855
0.804688 -0.0205685
0.789062 -0.0195593
0.78125 -0.0166127
0.84375 -0.0149956
0.78125 -0.0151781
0.695312 -0.0140499
0.78125 -0.0130097
0.78125 -0.012728
0.78125 -0.0145106
0.710938 -0.0160701
0.789062 -0.0175434
0.835938 -0.0195966
0.835938 -0.0212316
0.859375 -0.0267656
0.875 -0.0314861
0.867188 -0.0380901
0.859375 -0.0452335
0.90625 -0.0507902
0.84375 -0.0554998
0.804688 -0.0607108
0.796875 -0.0649395
0.65625 -0.0682375
0.804688 -0.0719598
0.679688 -0.0764225
0.703125 -0.0816348
0.625 -0.0849947
0.664062 -0.0868854
0.78125 -0.0904328
0.78125 -0.0935645
0.796875 -0.0965081
0.84375 -0.0972458
0.820312 -0.100042
0.828125 -0.100427
0.820312 -0.10353
0.789062 -0.104458
0.765625 -0.105213
0.859375 -0.105265
0.75 -0.105742
0.78125 -0.107632
0.726562 -0.109845
0.695312 -0.110511
0.703125 -0.113368
0.71875 -0.115907
0.765625 -0.118558
0.734375 -0.122161
0.851562 -0.124167
0.828125 -0.125863
0.75 -0.125818
0.734375 -0.123858
0.710938 -0.121839
0.796875 -0.120211
0.78125 -0.120008
0.804688 -0.120309
0.851562 -0.122186
0.84375 -0.122671
0.867188 -0.122866
0.867188 -0.123598
0.875 -0.122701
0.84375 -0.122913
0.859375 -0.121063
0.851562 -0.118418
0.945312 -0.115533
0.960938 -0.11094
0.9375 -0.106332
0.859375 -0.105976
0.820312 -0.106017
0.859375 -0.103111
0.882812 -0.100204
0.859375 -0.0988753
0.742188 -0.0973795
0.6875 -0.0946746
0.703125 -0.0940487
0.75 -0.094077
0.726562 -0.0922439
0.75 -0.0866002
0.71875 -0.083774
0.703125 -0.0823676
0.75 -0.0798586
0.773438 -0.0760777
0.703125 -0.0724608
0.664062 -0.067474
0.726562 -0.0601479
0.765625 -0.0521125
0.789062 -0.0455451
0.789062 -0.0374699
0.828125 -0.0322277
0.765625 -0.0270142
0.75 -0.0235292
0.75 -0.0215518
0.804688 -0.0187169
0.789062 -0.0153591
0.742188 -0.0131413
0.78125 -0.0118908
0.71875 -0.0104678
0.734375 -0.00986901
0.703125 -0.00732236
0.828125 -0.00491226
0.8125 -0.00518413
0.804688 -0.00512418
0.703125 -0.00473204
0.585938 -0.00502195
0.625 -0.00542072
0.5625 -0.00709427
0.398438 -0.00808662
0.453125 -0.00882154
0.460938 -0.0102606
0.351562 -0.0112122
0.484375 -0.0129993
0.570312 -0.015238
0.601562 -0.0185622
0.632812 -0.0221545
0.703125 -0.0280753
0.679688 -0.0349289
0.695312 -0.040693
0.742188 -0.0451966
0.695312 -0.0511807
0.8125 -0.0534986
0.859375 -0.0558397
0.828125 -0.0588841
0.820312 -0.0629871
0.882812 -0.0652317
0.84375 -0.0691157
0.851562 -0.0713232
0.75 -0.0700951
0.765625 -0.0672369
0.726562 -0.0680361
0.765625 -0.0681179
0.796875 -0.0659679
0.835938 -0.0664374
0.84375 -0.0677155
0.84375 -0.0688257
0.75 -0.0690724
0.820312 -0.0672458
0.820312 -0.0638559
0.84375 -0.059468
0.820312 -0.0560393
0.757812 -0.0525565
0.78125 -0.0486708
0.757812 -0.0445606
0.726562 -0.038496
0.796875 -0.0345682
0.859375 -0.0265479
0.695312 -0.0177822
0.640625 -0.00788114
0.679688 0.00204896
0.65625 0.0114399
0.601562 0.0206766
0.703125 0.0318363
0.625 0.0407517
0.6875 0.0486011
0.695312 0.0540962
0.65625 0.0602115
0.59375 0.0672834
0.507812 0.0758135
0.421875 0.0833769
0.453125 0.0906494
0.539062 0.0970877
0.59375 0.101853
0.5625 0.107223
0.59375 0.112036
0.601562 0.116171
0.5 0.118097
0.46875 0.117744
0.445312 0.116716
0.5 0.11534
0.460938 0.114046
0.351562 0.112174
0.335938 0.109118
0.460938 0.105396
0.5625 0.102144
0.640625 0.0999489
0.609375 0.0977964
0.617188 0.0987121
0.671875 0.0991496
0.6875 0.0985534
0.742188 0.0996533
0.703125 0.100405
0.726562 0.102237
0.671875 0.105517
0.65625 0.105696
0.664062 0.10479
0.578125 0.105327
0.554688 0.105638
0.507812 0.108273
0.476562 0.109807
0.492188 0.110415
0.539062 0.110863
0.625 0.11581
0.742188 0.118312
0.664062 0.118248
0.585938 0.116435
0.625 0.114985
0.5625 0.114056
0.53125 0.11198
0.414062 0.111853
0.3125 0.113335
0.390625 0.111875
0.34375 0.111221
0.359375 0.113721
0.453125 0.115654
0.5625 0.117669
0.601562 0.118796
0.554688 0.120121
0.601562 0.11965
0.65625 0.121591
0.539062 0.119596
0.578125 0.117523
0.578125 0.119585
0.585938 0.12123
0.554688 0.120858
0.671875 0.119386
0.664062 0.116673
0.71875 0.113057
0.703125 0.108039
0.671875 0.102788
0.640625 0.099208
0.59375 0.0979082
0.515625 0.0955835
0.617188 0.0933434
0.695312 0.0922105
0.71875 0.0884627
0.695312 0.0828592
0.609375 0.0782949
0.5625 0.0747753
0.4375 0.0663453
0.46875 0.0596767
0.398438 0.0531335
0.359375 0.0499016
0.539062 0.0460283
0.476562 0.0417444
0.523438 0.0382298
0.625 0.0361622
0.570312 0.0324945
0.609375 0.031264
0.570312 0.0280853
0.585938 0.0234824
0.617188 0.0191609
0.640625 0.0159577
0.71875 0.0125496
0.65625 0.00862572
0.703125 0.00497539
0.742188 0.000385467
0.773438 -0.00318092
0.78125 -0.00604563
0.75 -0.0100684
0.773438 -0.0129822
0.71875 -0.0167797
0.78125 -0.0203692
0.796875 -0.0218085
0.820312 -0.024585
0.765625 -0.0291913
0.710938 -0.0344532
0.820312 -0.0372643
0.742188 -0.0404142
0.835938 -0.0447864
0.765625 -0.0514853
0.65625 -0.0585905
0.648438 -0.066708
0.695312 -0.0718659
0.6875 -0.074166
0.734375 -0.0763177
0.78125 -0.0782611
0.804688 -0.0797696
0.765625 -0.0831545
0.835938 -0.0869518
0.835938 -0.0885558
0.84375 -0.088367
0.820312 -0.0903728
0.734375 -0.093928
0.710938 -0.0973965
0.671875 -0.10332
0.640625 -0.108053
0.710938 -0.112956
0.796875 -0.117079
0.8125 -0.123327
0.726562 -0.128252
0.609375 -0.133236
0.585938 -0.137512
0.601562 -0.142177
0.695312 -0.149589
0.8125 -0.156
0.710938 -0.16187
0.648438 -0.169197
0.765625 -0.173855
0.820312 -0.177841
0.875 -0.182062
0.84375 -0.187044
0.84375 -0.193415
0.851562 -0.198894
0.742188 -0.202145
0.757812 -0.205813
0.695312 -0.209776
0.632812 -0.212073
0.632812 -0.214783
0.648438 -0.21513
0.679688 -0.217911
0.679688 -0.218546
0.609375 -0.221041
0.5625 -0.224297
0.585938 -0.225217
0.578125 -0.225615
0.546875 -0.224614
0.5625 -0.222161
0.632812 -0.218704
0.648438 -0.212596
0.65625 -0.207028
0.78125 -0.203507
0.765625 -0.198544
0.835938 -0.192801
0.84375 -0.184081
0.789062 -0.176897
0.757812 -0.168743
0.742188 -0.158433
0.75 -0.14844
0.835938 -0.137121
0.804688 -0.128323
0.804688 -0.124044
0.796875 -0.117534
0.71875 -0.111279
0.8125 -0.103063
0.796875 -0.0964406
0.765625 -0.0884934
0.625 -0.0820995
0.625 -0.0741016
0.585938 -0.0652226
0.648438 -0.0526604
0.671875 -0.0389109
0.578125 -0.0256193
0.492188 -0.0120299
0.5 0.000228334
0.515625 0.0127207
0.421875 0.0274944
0.375 0.042075
0.367188 0.0564923
0.375 0.0714882
0.320312 0.0876184
0.429688 0.103038
0.460938 0.119485
0.390625 0.136788
0.34375 0.154851
0.359375 0.168648
0.320312 0.183021
0.234375 0.194784
0.273438 0.209752
0.40625 0.224226
0.414062 0.240234
0.4375 0.254085
0.304688 0.267863
0.210938 0.280133
0.28125 0.291195
0.304688 0.297988
0.273438 0.303111
0.226562 0.308488
0.328125 0.31312
0.296875 0.318784
0.15625 0.325921
0.164062 0.330522
0.132812 0.333675
0.0703125 0.3365
0.015625 0.338602
0.09375 0.339479
0.0546875 0.337221
0.0546875 0.336393
0.0859375 0.332671
0.117188 0.330729
0.0703125 0.331296
0.0625 0.332836
0.0390625 0.337037
0.015625 0.336309
0.101562 0.335203
0.132812 0.332331
0.132812 0.328396
0.125 0.321923
0.1875 0.316654
0.320312 0.308942
0.195312 0.302167
0.21875 0.293346
0.171875 0.285097
0.25 0.277179
0.1875 0.271616
0.164062 0.265073
0.304688 0.255611
0.351562 0.247823
0.34375 0.240858
0.328125 0.232274
0.304688 0.221747
0.335938 0.21145
0.25 0.202337
0.164062 0.192889
0.203125 0.183435
0.078125 0.178363
0.0078125 0.172449
0 0.164719
0.015625 0.154119
0.0078125 0.141509
0.015625 0.127067
0.164062 0.115038
0.195312 0.104404
0.242188 0.0983394
0.15625 0.0909043
0.1875 0.0821333
0.09375 0.0714981
0.046875 0.0593232
0.0625 0.0503039
0.0703125 0.0400508
0.046875 0.0318713
0.0078125 0.0242716
0.0390625 0.0170464
0.0859375 0.0109959
0.101562 0.00534825
0.0703125 0.000873746
0.015625 -0.0031875
0.0078125 -0.00671599
0 -0.0111765
0 -0.0175777
0.179688 -0.0242385
0.117188 -0.0291114
0.171875 -0.0349394
0.109375 -0.0397379
0.0859375 -0.0437924
0.0078125 -0.0450919
0.117188 -0.0475852
0.210938 -0.0514478
0.179688 -0.0574314
0.203125 -0.0624416
0.273438 -0.0677828
0.242188 -0.0735627
0.328125 -0.0794076
0.28125 -0.0848394
0.34375 -0.0870419
0.414062 -0.090329
0.382812 -0.0950682
0.34375 -0.101855
0.4375 -0.109378
0.382812 -0.113317
0.351562 -0.118561
0.335938 -0.123375
0.304688 -0.128757
0.398438 -0.134034
0.507812 -0.138339
0.484375 -0.142681
0.507812 -0.145281
0.617188 -0.146561
0.59375 -0.147847
0.554688 -0.143354
0.664062 -0.138679
0.765625 -0.13629
0.835938 -0.134885
0.804688 -0.134057
0.695312 -0.132941
0.75 -0.133717
0.804688 -0.132522
0.820312 -0.130891
0.898438 -0.130327
0.835938 -0.128539
0.835938 -0.128388
0.78125 -0.125457
0.796875 -0.126566
0.773438 -0.129293
0.65625 -0.132872
0.65625 -0.134147
0.679688 -0.133131
0.640625 -0.131372
0.703125 -0.129659
0.71875 -0.12785
0.695312 -0.124469
0.6875 -0.122263
0.695312 -0.119471
0.695312 -0.114846
0.765625 -0.11012
0.8125 -0.105198
0.882812 -0.0959154
0.804688 -0.0871761
0.898438 -0.0804695
0.914062 -0.0749054
0.929688 -0.0666941
0.9375 -0.0578504
0.84375 -0.0466671
0.898438 -0.0336954
0.882812 -0.0214581
0.875 -0.00946102
0.796875 0.00103593
0.78125 0.00991221
0.703125 0.0142961
0.6875 0.0164989
0.773438 0.0181476
0.796875 0.0220637
0.796875 0.027078
0.742188 0.0298468
0.632812 0.0348404
0.71875 0.0371017
0.773438 0.0405229
0.828125 0.0433711
0.796875 0.0457311
0.8125 0.0499627
0.71875 0.0555453
0.703125 0.0610308
0.757812 0.0670185
0.835938 0.0710784
0.835938 0.0725823
0.890625 0.0748701
0.859375 0.0798611
0.8125 0.0850431
0.796875 0.0947194
0.796875 0.104763
0.671875 0.113486
0.734375 0.121287
0.6875 0.126973
0.71875 0.131045
0.648438 0.133024
0.671875 0.132229
0.671875 0.130833
0.695312 0.131051
0.679688 0.132769
0.484375 0.136037
0.484375 0.137567
0.523438 0.138731
0.515625 0.134998
0.5625 0.131244
0.546875 0.127238
0.554688 0.12181
0.609375 0.116863
0.578125 0.111962
0.523438 0.108677
0.585938 0.107189
0.4375 0.104229
0.492188 0.101141
0.476562 0.0986162
0.515625 0.0960408
0.421875 0.0924378
0.492188 0.0864813
0.367188 0.0758337
0.460938 0.061044
0.46875 0.0499
0.5625 0.039574
0.617188 0.0332498
0.546875 0.0294929
0.484375 0.0273039
0.570312 0.0202468
0.554688 0.0135469
0.625 0.00506225
0.640625 -0.00223219
0.65625 -0.00835888
0.554688 -0.0146031
0.585938 -0.0211782
0.578125 -0.0281896
0.570312 -0.035847
0.453125 -0.0415373
0.421875 -0.0465336
0.46875 -0.0535249
0.5 -0.0602994
0.539062 -0.0635831
0.546875 -0.068778
0.4375 -0.0736653
0.460938 -0.0774444
0.523438 -0.078412
0.609375 -0.0793934
0.59375 -0.0802876
0.578125 -0.0832641
0.5 -0.0834408
0.5625 -0.0885453
0.546875 -0.0928176
0.585938 -0.0979008
0.65625 -0.103327
0.648438 -0.109162
0.65625 -0.117133
0.703125 -0.12004
0.679688 -0.123928
0.617188 -0.126497
0.679688 -0.131505
0.679688 -0.133917
0.726562 -0.134748
0.726562 -0.136932
0.570312 -0.137982
0.390625 -0.139455
0.3125 -0.140001
0.40625 -0.139531
0.453125 -0.138711
0.453125 -0.135904
0.40625 -0.13408
0.429688 -0.132801
0.375 -0.132838
0.351562 -0.132824
0.390625 -0.135168
0.382812 -0.13977
0.40625 -0.144954
0.351562 -0.148614
0.21875 -0.151279
0.28125 -0.153277
0.265625 -0.152913
0.25 -0.149584
0.226562 -0.142837
0.335938 -0.133686
0.320312 -0.127845
0.148438 -0.123475
0.171875 -0.118947
0.195312 -0.116417
0.15625 -0.111326
0.21875 -0.106771
0.265625 -0.101208
0.320312 -0.0938815
0.273438 -0.0870529
0.289062 -0.0760848
0.226562 -0.0642563
0.164062 -0.0545357
0.0859375 -0.0463522
0.171875 -0.0413282
0.242188 -0.0367826
0.367188 -0.0319115
0.453125 -0.0282511
0.53125 -0.0273957
0.554688 -0.0273561
0.578125 -0.0236192
0.554688 -0.0241835
0.578125 -0.0231291
0.6875 -0.021845
0.742188 -0.0167556
0.757812 -0.0137324
0.773438 -0.00994981
0.742188 -0.00799131
0.734375 -0.00618019
0.703125 -0.00553143
0.71875 -0.00382304
0.710938 -0.00196028
0.703125 0.000917083
0.6875 0.00575165
0.789062 0.0121601
0.820312 0.0183421
0.773438 0.0246532
0.8125 0.0295763
0.835938 0.0329633
0.789062 0.0377194
0.851562 0.0440395
0.898438 0.0479561
0.851562 0.0501711
0.796875 0.0530977
0.617188 0.0585169
0.601562 0.0636488
0.671875 0.066095
0.617188 0.0696954
0.71875 0.0720704
0.84375 0.0769598
0.867188 0.0801234
0.90625 0.0843145
0.820312 0.0876556
0.820312 0.0896618
0.78125 0.0898808
0.75 0.0918657
0.820312 0.0895366
0.796875 0.0851285
0.835938 0.0816355
0.773438 0.0794042
0.796875 0.0786086
0.828125 0.0758296
0.859375 0.0731619
0.796875 0.069111
0.789062 0.0661759
0.804688 0.0610318
0.695312 0.0573875
0.695312 0.0544554
0.664062 0.055754
0.609375 0.0570113
0.671875 0.0590015
0.679688 0.0602608
0.671875 0.0636283
0.710938 0.0705898
0.757812 0.0771968
0.835938 0.0822477
0.859375 0.084555
0.828125 0.0899845
0.796875 0.0959492
0.78125 0.0995162
0.789062 0.101452
0.828125 0.101704
0.789062 0.100039
0.742188 0.0972001
0.710938 0.0938699
0.570312 0.0913602
0.5 0.0863209
0.414062 0.0809621
0.40625 0.0756201
0.390625 0.072281
0.484375 0.0682956
0.515625 0.0641557
0.429688 0.0613256
0.4375 0.055142
0.539062 0.0520124
0.515625 0.048937
0.539062 0.0466924
0.515625 0.0428669
0.4375 0.0381316
0.445312 0.0351877
0.46875 0.0286779
0.445312 0.0256106
0.304688 0.0252494
0.367188 0.0258795
0.351562 0.0257855
0.351562 0.0230285
0.460938 0.0186514
0.429688 0.0137043
0.492188 0.00517177
0.53125 -0.00308305
0.546875 -0.0116135
0.523438 -0.0147414
0.523438 -0.0152559
0.546875 -0.0193375
0.632812 -0.0199361
0.671875 -0.0220596
0.6875 -0.0217812
0.78125 -0.0243683
0.84375 -0.0254776
0.789062 -0.0307304
0.828125 -0.0338393
0.757812 -0.0374158
0.742188 -0.043186
0.703125 -0.0453325
0.648438 -0.0484923
0.59375 -0.0510001
0.539062 -0.0521476
0.570312 -0.0538756
0.570312 -0.0561534
0.5625 -0.0585635
0.6875 -0.0618203
0.65625 -0.0636744
0.601562 -0.0671969
0.648438 -0.0659209
0.695312 -0.064672
0.75 -0.0614295
0.671875 -0.0557173
0.726562 -0.048984
0.773438 -0.0451747
0.765625 -0.0424381
0.640625 -0.0395736
0.664062 -0.0382468
0.703125 -0.0373009
0.640625 -0.0330847
0.65625 -0.030689
0.726562 -0.0254408
0.6875 -0.019397
0.640625 -0.0115716
0.570312 -0.00324208
0.585938 0.00422612
0.53125 0.00861683
0.5625 0.0117275
0.601562 0.0124508
0.640625 0.0113838
0.507812 0.0119336
0.507812 0.0111384
0.546875 0.0118953
0.539062 0.0122594
0.46875 0.0148383
0.414062 0.0159892
0.476562 0.0207385
0.539062 0.020449
0.609375 0.0199729
0.476562 0.0172466
0.429688 0.0142775
0.375 0.010292
0.296875 0.00942387
0.304688 0.00986675
0.398438 0.012636
0.453125 0.0132048
0.492188 0.0161078
0.515625 0.0201532
0.53125 0.0220057
0.609375 0.0212754
0.601562 0.0204563
0.65625 0.0218399
0.570312 0.0241091
0.640625 0.0250235
0.59375 0.028975
0.570312 0.0334858
0.632812 0.0371305
0.664062 0.0418194
0.65625 0.0449869
0.664062 0.0456112
0.679688 0.045344
0.601562 0.0461308
0.546875 0.0450644
0.640625 0.048876
0.726562 0.054111
0.734375 0.0617345
0.710938 0.0690845
0.75 0.0778222
0.703125 0.0871342
0.734375 0.0964595
0.773438 0.104086
0.828125 0.113043
0.804688 0.123109
0.75 0.129932
0.710938 0.132106
0.640625 0.132863
0.695312 0.134453
0.679688 0.134399
0.695312 0.136014
0.65625 0.134174
0.648438 0.132327
0.78125 0.131662
0.773438 0.126009
0.765625 0.118525
0.789062 0.110487
0.84375 0.105534
0.8125 0.102712
0.820312 0.100843
0.757812 0.103272
0.71875 0.103265
0.679688 0.102428
0.671875 0.103282
0.632812 0.103293
0.554688 0.0997042
0.539062 0.0949197
0.484375 0.0916275
0.476562 0.0903626
0.445312 0.0888002
0.421875 0.0869538
0.429688 0.0872611
0.445312 0.0855025
0.453125 0.0829729
0.492188 0.0799302
0.53125 0.0760082
0.53125 0.0739112
0.585938 0.0732212
0.609375 0.0729082
0.617188 0.0689111
0.585938 0.0665216
0.5625 0.0657307
0.507812 0.062695
0.445312 0.0589233
0.414062 0.0601653
0.492188 0.0646325
0.570312 0.0703109
0.695312 0.0737963
0.734375 0.0793488
0.804688 0.0855115
0.796875 0.085306
0.710938 0.0857572
0.601562 0.0897726
0.5625 0.0946775
0.632812 0.0946034
0.570312 0.0946304
0.453125 0.0942794
0.53125 0.0907345
0.65625 0.0898399
0.664062 0.0880225
0.679688 0.0856223
0.65625 0.083642
0.625 0.0837596
0.585938 0.0839306
0.664062 0.0840833
0.640625 0.0839985
0.648438 0.0794878
0.554688 0.0749862
0.679688 0.0674117
0.65625 0.0595727
0.609375 0.0542823
0.617188 0.0451307
0.601562 0.0330211
0.625 0.0198107
0.539062 0.00505071
0.546875 -0.0101782
0.601562 -0.0233314
0.523438 -0.0353784
0.523438 -0.0498973
0.585938 -0.0636615
0.609375 -0.0763088
0.53125 -0.0861738
0.476562 -0.0963028
0.523438 -0.106307
0.5 -0.118996
0.523438 -0.130687
0.375 -0.146605
0.421875 -0.161135
0.492188 -0.174585
0.46875 -0.186301
0.34375 -0.199466
0.390625 -0.210295
0.242188 -0.21625
0.296875 -0.218464
0.351562 -0.22286
0.453125 -0.22693
0.59375 -0.226587
0.546875 -0.226446
0.570312 -0.224856
0.59375 -0.226691
0.695312 -0.22756
0.648438 -0.230398
0.59375 -0.228794
0.617188 -0.229409
0.65625 -0.228998
0.703125 -0.229836
0.765625 -0.23052
0.6875 -0.230825
0.601562 -0.233452
0.625 -0.239667
0.640625 -0.240798
0.65625 -0.24094
0.710938 -0.240927
0.640625 -0.237543
0.617188 -0.234143
0.679688 -0.230483
0.671875 -0.225017
0.59375 -0.223851
0.65625 -0.226208
0.6875 -0.22644
0.617188 -0.226392
0.570312 -0.222076
0.625 -0.217219
0.601562 -0.212798
0.570312 -0.206781
0.484375 -0.199804
0.445312 -0.192873
0.460938 -0.188567
0.359375 -0.188403
0.375 -0.18794
0.460938 -0.186507
0.46875 -0.183153
0.4375 -0.182037
0.5 -0.177592
0.46875 -0.170313
0.476562 -0.164455
0.421875 -0.15404
0.460938 -0.14221
0.421875 -0.130439
0.46875 -0.116474
0.421875 -0.103093
0.3125 -0.0906263
0.335938 -0.0813251
0.445312 -0.0705685
0.390625 -0.0555201
0.296875 -0.0418093
0.382812 -0.0266832
0.335938 -0.00834753
0.359375 0.0129298
0.34375 0.0289145
0.28125 0.0415527
0.21875 0.0497807
0.195312 0.0519196
0.171875 0.0509681
0.140625 0.0532867
0.101562 0.0577607
0.140625 0.0622426
0.234375 0.0709661
0.210938 0.0790073
0.289062 0.0888394
0.28125 0.0980515
0.320312 0.104942
0.304688 0.110931
0.320312 0.11708
0.328125 0.12315
0.210938 0.12708
0.164062 0.129914
0.1875 0.130888
0.078125 0.131182
0.03125 0.129717
0.0625 0.125349
0.101562 0.123475
0.09375 0.121669
0.0078125 0.120247
0.046875 0.118485
0.0078125 0.112175
0 0.106712
0.0234375 0.101815
0.0625 0.0966607
0.101562 0.0918624
0.046875 0.0845176
0.078125 0.0820529
0.125 0.0791608
0.21875 0.074994
0.195312 0.0734768
0.296875 0.0729729
0.40625 0.071771
0.398438 0.0710589
0.335938 0.0765946
0.382812 0.0832114
0.4375 0.0896958
0.40625 0.0946125
0.445312 0.0979261
0.484375 0.0967151
0.507812 0.0940601
0.648438 0.0875645
0.53125 0.0820881
0.507812 0.0775359
0.585938 0.0733034
0.539062 0.0702985
0.46875 0.0665977
0.507812 0.0645934
0.492188 0.0626851
0.398438 0.0572134
0.414062 0.0557879
0.484375 0.0538918
0.5 0.0517948
0.4375 0.049455
0.421875 0.0492303
0.453125 0.0501936
0.40625 0.0521407
0.40625 0.0523808
0.296875 0.0541874
0.25 0.0566521
0.3125 0.0595018
0.3125 0.0607666
0.21875 0.0572472
0.242188 0.0531
0.320312 0.051631
0.398438 0.0489334
0.359375 0.043893
0.335938 0.0352637
0.265625 0.0289058
0.21875 0.0211247
0.140625 0.0116308
0.28125 0.00134437
0.3125 -0.00888049
0.390625 -0.0185618
0.34375 -0.0256082
0.34375 -0.0337077
0.4375 -0.042948
0.539062 -0.053628
0.5625 -0.064743
0.515625 -0.0731076
0.476562 -0.0824308
0.46875 -0.0893883
0.5 -0.0955099
0.445312 -0.102062
0.445312 -0.108903
0.429688 -0.115462
0.460938 -0.121625
0.484375 -0.128899
0.53125 -0.13592
0.5625 -0.142237
0.546875 -0.147554
0.585938 -0.154907
0.554688 -0.160299
0.601562 -0.162848
0.578125 -0.163126
0.6875 -0.165612
0.65625 -0.164399
0.625 -0.164658
0.65625 -0.161056
0.617188 -0.156654
0.703125 -0.151959
0.757812 -0.148802
0.703125 -0.147287
0.679688 -0.144146
0.625 -0.141567
0.648438 -0.139557
0.671875 -0.134214
0.734375 -0.13005
0.632812 -0.12001
0.632812 -0.114231
0.570312 -0.110888
0.601562 -0.108258
0.515625 -0.107544
0.59375 -0.106772
0.507812 -0.107902
0.570312 -0.107171
0.539062 -0.109422
0.429688 -0.108279
0.4375 -0.105942
0.4375 -0.102005
0.351562 -0.0950637
0.375 -0.0907359
0.296875 -0.0886389
0.375 -0.0880125
0.390625 -0.0831552
0.414062 -0.0792486
0.390625 -0.0752154
0.445312 -0.0715925
0.546875 -0.0628216
0.570312 -0.052753
0.53125 -0.0421125
0.507812 -0.0289231
0.578125 -0.0131236
0.585938 -0.000217959
0.570312 0.0104589
0.484375 0.0145963
0.421875 0.0169661
0.382812 0.0186161
0.3125 0.0184069
0.367188 0.0175806
0.4375 0.0202677
0.4375 0.0241442
0.273438 0.0305005
0.1875 0.0344996
0.140625 0.0405155
0.101562 0.0462372
0.0546875 0.0526979
0.03125 0.0598435
0.0625 0.06693
0.125 0.0720253
0.195312 0.0811058
0.0859375 0.0892163
0.132812 0.0981059
0.140625 0.102422
0.132812 0.110614
0.078125 0.11724
0.171875 0.122793
0.234375 0.124282
0.21875 0.126668
0.234375 0.130994
0.140625 0.136968
0.179688 0.144035
0.195312 0.149384
0.242188 0.153337
0.164062 0.155355
0.25 0.158874
0.25 0.161776
0.367188 0.164544
0.398438 0.161614
0.351562 0.158182
0.257812 0.155599
0.320312 0.152129
0.257812 0.150504
0.210938 0.148291
0.25 0.148192
0.203125 0.148805
0.210938 0.146986
0.195312 0.142992
0.273438 0.132916
0.164062 0.120655
0.273438 0.10536
0.179688 0.0909913
0.3125 0.0774461
0.15625 0.0637324
0.210938 0.0529035
0.34375 0.0438146
0.273438 0.033473
0.351562 0.0209125
0.53125 0.00489509
0.648438 -0.00906693
0.648438 -0.0215007
0.664062 -0.0313559
0.664062 -0.038625
0.695312 -0.0509471
0.703125 -0.0614094
0.710938 -0.071612
0.742188 -0.0766404
0.734375 -0.0808734
0.773438 -0.0819273
0.84375 -0.083631
0.757812 -0.0805423
0.710938 -0.0769366
0.726562 -0.0712588
0.765625 -0.0684727
0.757812 -0.0602037
0.734375 -0.0475258
0.648438 -0.0378977
0.65625 -0.0285533
0.679688 -0.0186903
0.75 -0.00866682
0.773438 -0.00401677
0.851562 0.00205351
0.859375 0.00454486
0.859375 0.00502345
0.789062 0.00383502
0.8125 0.00414956
0.742188 0.00641967
0.734375 0.0122283
0.789062 0.0178679
0.78125 0.0250231
0.867188 0.0289791
0.835938 0.0309119
0.804688 0.0316314
0.75 0.0309765
0.8125 0.0299477
0.828125 0.0313006
0.84375 0.0359396
0.851562 0.0380805
0.734375 0.0339781
0.820312 0.0326913
0.859375 0.0354592
0.851562 0.0406946
0.804688 0.0447853
0.789062 0.0459628
0.789062 0.0472585
0.703125 0.0482793
0.703125 0.0495391
0.648438 0.0484058
0.679688 0.046744
0.65625 0.0466214
0.648438 0.0488498
0.609375 0.0514848
0.71875 0.0543762
0.71875 0.060331
0.710938 0.0683425
0.632812 0.0727165
0.679688 0.0734103
0.609375 0.0728355
0.570312 0.0707103
0.601562 0.066089
0.625 0.0664548
0.507812 0.0625846
0.414062 0.0566792
0.414062 0.0515062
0.320312 0.0455264
0.25 0.0422742
0.226562 0.0369531
0.179688 0.0309401
0.132812 0.0254984
0.03125 0.0197958
0.0078125 0.0130079
0.0625 0.00358469
0.0234375 -0.00388915
0.117188 -0.00755512
0.078125 -0.0106517
0.0234375 -0.0135859
0.109375 -0.0189409
0.234375 -0.021007
0.257812 -0.0155649
0.21875 -0.00772542
0.1875 0.00308184
0.257812 0.00970972
0.0546875 0.0119205
0.0546875 0.010025
0.0625 0.00714635
0.0234375 0.00204689
0.125 0.000256942
0.0859375 -0.00117763
0.0546875 -0.00323286
0.0234375 -0.000228938
0.03125 0.0018336
0 0.00836265
0.0625 0.0164696
0.078125 0.0258025
0.132812 0.0333989
0.046875 0.0406413
0.140625 0.0512968
0.15625 0.0597224
0.078125 0.0648616
0.0234375 0.0682867
0 0.0677852
0.101562 0.0680203
0.109375 0.0685103
0.03125 0.066408
0.0390625 0.0647934
0.125 0.0544733
0.0546875 0.0495232
0.03125 0.0453052
0.0390625 0.0456105
0.0234375 0.0495352
0.0078125 0.0450224
0.03125 0.0400799
0.03125 0.0350817
0.09375 0.0329873
0.0234375 0.027552
0.0859375 0.02401
0.0234375 0.0241086
0.0390625 0.0288371
0.0625 0.0372156
0.140625 0.0459795
0.21875 0.0499158
0.320312 0.0600261
0.226562 0.0682242
0.273438 0.0738698
0.242188 0.0794192
0.296875 0.0843791
0.328125 0.0885864
0.359375 0.0873658
0.476562 0.0825393
0.382812 0.0746555
0.367188 0.0674406
0.3125 0.06259
0.296875 0.0619216
0.28125 0.0604355
0.226562 0.0620058
0.171875 0.0598317
0.195312 0.0528246
0.15625 0.0482761
0.15625 0.0451906
0.15625 0.0487999
0.09375 0.0473408
0.109375 0.0476202
0.09375 0.0540913
0.046875 0.0632164
0.09375 0.0762557
0.109375 0.0836023
0.226562 0.0908755
0.1875 0.0956294
0.289062 0.0984041
0.34375 0.0991984
0.367188 0.101777
0.382812 0.101851
0.367188 0.105283
0.273438 0.108273
0.3125 0.110249
0.445312 0.106539
0.539062 0.103387
0.523438 0.1014
0.601562 0.0973091
0.5625 0.093528
0.53125 0.0894446
0.585938 0.0836536
0.609375 0.0760641
0.476562 0.0728407
0.382812 0.0714033
0.476562 0.0685341
0.476562 0.0712874
0.546875 0.078954
0.484375 0.0912865
0.546875 0.098119
0.398438 0.0998726
0.429688 0.099104
0.429688 0.103177
0.515625 0.105492
0.4375 0.108037
0.429688 0.109724
0.367188 0.113123
0.28125 0.121353
0.25 0.125101
0.273438 0.124115
0.421875 0.118858
0.421875 0.117609
0.429688 0.110013
0.382812 0.10076
0.398438 0.0916386
0.375 0.0874567
0.367188 0.0827941
0.453125 0.0720285
0.554688 0.0621102
0.578125 0.0516671
0.601562 0.0427247
0.53125 0.0387363
0.507812 0.035294
0.492188 0.036434
0.484375 0.0362163
0.460938 0.0320454
0.40625 0.029693
0.46875 0.0298857
0.4375 0.0310891
0.492188 0.0345397
0.476562 0.0356935
0.453125 0.0367246
0.492188 0.0399594
0.53125 0.0419844
0.570312 0.0439108
0.5625 0.0398331
0.53125 0.0355006
0.734375 0.0252838
0.757812 0.0180117
0.734375 0.0149742
0.773438 0.0107632
0.765625 0.0103117
0.820312 0.0057862
0.71875 0.000736825
0.789062 -0.0104451
0.796875 -0.021965
0.734375 -0.0350134
0.71875 -0.0390309
0.59375 -0.045251
0.492188 -0.0485522
0.34375 -0.0540923
0.34375 -0.0589204
0.3125 -0.0638537
0.265625 -0.0705112
0.164062 -0.0756952
0.21875 -0.0867143
0.125 -0.0958737
0.132812 -0.107601
0.164062 -0.117629
0.195312 -0.117496
0.179688 -0.123973
0.132812 -0.126793
0.195312 -0.131907
0.125 -0.13221
0.234375 -0.132505
0.21875 -0.128395
0.21875 -0.131538
0.265625 -0.133667
0.25 -0.133106
0.335938 -0.131815
0.195312 -0.131827
0.195312 -0.127711
0.148438 -0.129359
0.164062 -0.128092
0.171875 -0.123902
0.25 -0.114641
0.265625 -0.101916
0.320312 -0.0985819
0.25 -0.0976723
0 -0.0972225
0 -0.102572
0.0078125 -0.10561
0.078125 -0.116248
0.0234375 -0.118803
0.132812 -0.125903
0.132812 -0.133428
0.132812 -0.140937
0.0703125 -0.146725
0.046875 -0.150382
0.1875 -0.152214
0.0625 -0.159086
0.0234375 -0.167971
0.015625 -0.174481
0.03125 -0.183885
0.015625 -0.189032
0.132812 -0.203143
0.09375 -0.218314
0.0546875 -0.233292
0.117188 -0.2493
0.171875 -0.256788
0.15625 -0.260312
0.0703125 -0.267181
0.265625 -0.277813
0.179688 -0.287126
0.15625 -0.287803
0.148438 -0.292047
0.0859375 -0.296552
0.148438 -0.295239
0.140625 -0.298504
0.210938 -0.295938
0.28125 -0.29833
0.320312 -0.300214
0.28125 -0.301275
0.375 -0.302128
0.320312 -0.300914
0.320312 -0.301275
0.320312 -0.301597
0.265625 -0.300043
0.296875 -0.2982
0.328125 -0.292816
0.265625 -0.290924
0.242188 -0.286885
0.210938 -0.286049
0.296875 -0.281146
0.28125 -0.27484
0.296875 -0.272934
0.3125 -0.269946
0.289062 -0.264293
0.265625 -0.255509
0.257812 -0.245956
0.195312 -0.23792
0.15625 -0.226827
0.078125 -0.218328
0.140625 -0.199602
0.34375 -0.18046
0.359375 -0.162651
0.398438 -0.149219
0.289062 -0.143573
0.257812 -0.138977
0.320312 -0.136721
0.328125 -0.131358
0.359375 -0.124739
0.304688 -0.127898
0.320312 -0.13057
0.3125 -0.132883
0.367188 -0.134183
0.273438 -0.139404
0.34375 -0.143548
0.289062 -0.151416
0.359375 -0.162107
0.398438 -0.17705
0.296875 -0.189447
0.226562 -0.198398
0.25 -0.203538
0.21875 -0.20968
0.265625 -0.216575
0.164062 -0.222561
0.21875 -0.228659
0.3125 -0.231091
0.34375 -0.228638
0.507812 -0.225703
0.515625 -0.226625
0.53125 -0.224728
0.484375 -0.222869
0.476562 -0.214561
0.578125 -0.203165
0.578125 -0.196291
0.617188 -0.184276
0.664062 -0.167222
0.710938 -0.154069
0.742188 -0.144526
0.789062 -0.135135
0.765625 -0.114532
0.742188 -0.0910455
0.648438 -0.0735155
0.570312 -0.0585906
0.484375 -0.0411482
0.5 -0.0214828
0.539062 0.00288646
0.578125 0.0269576
0.5625 0.0435784
0.546875 0.0620973
0.53125 0.0781948
0.5625 0.0868034
0.578125 0.094123
0.53125 0.105554
0.515625 0.12182
0.429688 0.127882
0.5 0.136475
0.4375 0.142667
0.351562 0.151179
0.28125 0.156519
0.28125 0.155342
0.320312 0.14962
0.359375 0.13891
0.359375 0.131564
0.28125 0.129153
0.296875 0.122886
0.273438 0.123917
0.21875 0.132311
0.328125 0.134959
0.296875 0.134188
0.34375 0.128471
0.226562 0.123319
0.21875 0.110635
0.210938 0.100109
0.0390625 0.0957246
0.09375 0.0975684
0.132812 0.104638
0.28125 0.113252
0.296875 0.119766
0.242188 0.136798
0.390625 0.153016
0.460938 0.170607
0.40625 0.187932
0.429688 0.211367
0.242188 0.233404
0.15625 0.256962
0.109375 0.276709
0.195312 0.310085
0.226562 0.333796
0.15625 0.348828
0.28125 0.362393
0.242188 0.375405
0.359375 0.390438
0.398438 0.406367
0.375 0.416521
0.328125 0.422284
0.257812 0.427513
0.234375 0.431547
0.203125 0.43468
0.101562 0.449055
0.1875 0.461633
0.15625 0.472387
0.25 0.479102
0.210938 0.486219
0.210938 0.489686
0.203125 0.501848
0.148438 0.503737
0.1875 0.499528
0.078125 0.496553
0.0859375 0.499438
0.109375 0.495704
0.148438 0.490279
0.0703125 0.47997
0.0703125 0.469089
0.117188 0.456388
0.0703125 0.440358
0.0703125 0.427694
0.078125 0.420818
0.132812 0.408802
0.0859375 0.403614
0.109375 0.393353
0.109375 0.386951
0.15625 0.376094
0.164062 0.362539
0.171875 0.351953
0.148438 0.34341
0.0546875 0.336142
0.0234375 0.317634
0.0390625 0.296762
0.015625 0.278528
0.0546875 0.251627
0.015625 0.229719
0.015625 0.215681
0 0.19677
0.132812 0.184019
0.125 0.172761
0.132812 0.154666
0.125 0.141152
0.226562 0.126994
0.15625 0.119445
0.375 0.1119
0.351562 0.116453
0.429688 0.113747
0.40625 0.118546
0.492188 0.12547
0.53125 0.128994
0.585938 0.126367
0.648438 0.127034
0.671875 0.136709
0.578125 0.149953
0.632812 0.160043
0.601562 0.168967
0.625 0.181615
0.664062 0.193711
0.585938 0.193988
0.632812 0.187685
0.617188 0.175272
0.5625 0.163474
0.601562 0.153883
0.460938 0.136151
0.359375 0.11863
0.273438 0.106295
0.304688 0.0818098
0.265625 0.0542072
0.210938 0.0235334
0.335938 0.00162413
0.320312 -0.0180955
0.179688 -0.0437299
0.179688 -0.0616258
0.234375 -0.0764493
0.234375 -0.0905495
0.226562 -0.10268
0.203125 -0.112727
0.242188 -0.130867
0.4375 -0.157721
0.476562 -0.181316
0.421875 -0.202963
0.40625 -0.219473
0.390625 -0.240287
0.484375 -0.257298
0.429688 -0.275576
0.34375 -0.297684
0.390625 -0.320173
0.4375 -0.338327
0.5 -0.35185
0.570312 -0.369185
0.546875 -0.382798
0.632812 -0.394038
0.640625 -0.407076
0.695312 -0.410974
0.585938 -0.408546
0.648438 -0.402981
0.703125 -0.397474
0.695312 -0.380065
0.757812 -0.361598
0.859375 -0.338122
0.828125 -0.316511
0.835938 -0.293809
0.867188 -0.275831
0.789062 -0.262464
0.789062 -0.250434
0.765625 -0.233472
0.742188 -0.223919
0.757812 -0.21773
0.734375 -0.217902
0.65625 -0.215204
0.710938 -0.207209
0.632812 -0.206175
0.585938 -0.216973
0.429688 -0.230453
0.398438 -0.236942
0.335938 -0.248655
0.445312 -0.264347
0.445312 -0.261948
0.609375 -0.271923
0.625 -0.27078
0.539062 -0.269946
0.554688 -0.27692
0.601562 -0.279804
0.65625 -0.284978
0.632812 -0.290787
0.601562 -0.299712
0.585938 -0.310086
0.460938 -0.315496
0.304688 -0.312582
0.273438 -0.312605
0.28125 -0.306699
0.375 -0.297538
0.367188 -0.287289
0.3125 -0.274225
0.429688 -0.257521
0.453125 -0.236136
0.546875 -0.217346
0.5 -0.199077
0.632812 -0.175083
0.5625 -0.141416
0.578125 -0.104279
0.640625 -0.07705
0.65625 -0.0444029
0.703125 -0.00573953
0.664062 0.020884
0.664062 0.04795
0.59375 0.0744922
0.5625 0.0963749
0.523438 0.12316
0.4375 0.144875
0.328125 0.166738
0.390625 0.192388
0.367188 0.215518
0.296875 0.23308
0.28125 0.24128
0.265625 0.244746
0.25 0.238959
0.265625 0.229693
0.226562 0.215428
0.171875 0.1951
0.203125 0.18784
0.101562 0.17955
0.125 0.162809
0.148438 0.135189
0.25 0.1198
0.28125 0.109863
0.203125 0.0825581
0.1875 0.0523277
0.179688 0.0245392
0.0859375 0.00967953
0.148438 -0.0272626
0.0234375 -0.0604225
0.03125 -0.08529
0.0390625 -0.108225
0.0625 -0.132913
0.078125 -0.146903
0.0625 -0.152764
0.226562 -0.155592
0.179688 -0.158224
0.015625 -0.157168
0.125 -0.156913
0.234375 -0.158387
0.242188 -0.154076
0.179688 -0.153777
0.289062 -0.153266
0.34375 -0.143732
0.367188 -0.149337
0.320312 -0.155189
0.328125 -0.167271
0.359375 -0.176124
0.335938 -0.187365
0.28125 -0.200343
0.265625 -0.22675
0.265625 -0.233464
0.265625 -0.235205
0.335938 -0.229178
0.382812 -0.224536
0.289062 -0.217384
0.335938 -0.202706
0.390625 -0.189208
0.421875 -0.161414
0.445312 -0.136591
0.453125 -0.110589
0.46875 -0.0749744
0.421875 -0.0515465
0.328125 -0.00652886
0.390625 0.0343244
0.375 0.0717491
0.429688 0.108934
0.40625 0.157319
0.460938 0.192909
0.476562 0.231216
0.429688 0.258379
0.335938 0.291996
0.34375 0.326393
0.421875 0.337092
0.390625 0.326856
0.359375 0.32795
0.335938 0.324662
0.351562 0.315614
0.328125 0.298924
0.257812 0.272512
0.21875 0.239233
0.179688 0.225172
0.140625 0.187373
0.0625 0.139433
0.15625 0.0992228
0.09375 0.0564169
0 0.00269957
0.0078125 -0.0266763
0.0703125 -0.0600138
0.015625 -0.0921232
0.09375 -0.103681
0.03125 -0.146668
0 -0.165103
0.109375 -0.151061
0.132812 -0.168986
0.0078125 -0.183218
0.0859375 -0.152981
0.125 -0.128807
0.1875 -0.100612
0.203125 -0.0554504
0.179688 -0.0188153
0.28125 0.0534446
0.445312 0.0775663
0.367188 0.0837036
0.390625 0.109437
0.445312 0.131487
0.507812 0.107274
0.453125 0.0622415
0.421875 0.055843
0.40625 0.0187195
0.273438 0.0134233
0.304688 0.0180319
0.304688 -0.00258678
0.335938 0.021005
0.367188 0.0159402
0.21875 0
