0.205579 1
0.215909 0.991597
0.22314 0.983928
0.238636 0.977055
0.230372 0.970653
0.186983 0.964472
0.172521 0.958111
0.179752 0.951974
0.205579 0.945711
0.200413 0.939402
0.167355 0.933235
0.201446 0.927258
0.231405 0.921481
0.282025 0.915506
0.271694 0.909783
0.25 0.904387
0.251033 0.899008
0.283058 0.893747
0.294421 0.888191
0.279959 0.882574
0.299587 0.877428
0.297521 0.872493
0.295455 0.867105
0.329545 0.86173
0.35124 0.85662
0.342975 0.851334
0.275826 0.846194
0.294421 0.840611
0.31405 0.835094
0.333678 0.829786
0.319215 0.824542
0.331612 0.819561
0.359504 0.814587
0.360537 0.809747
0.387397 0.804785
0.399793 0.800068
0.413223 0.79571
0.411157 0.791301
0.400826 0.786791
0.405992 0.782168
0.419421 0.777745
0.40186 0.773114
0.38843 0.76841
0.411157 0.763612
0.402893 0.758658
0.416322 0.753963
0.426653 0.749172
0.42562 0.744425
0.415289 0.739458
0.382231 0.734661
0.389463 0.729949
0.408058 0.725354
0.390496 0.720386
0.399793 0.715414
0.38843 0.710763
0.397727 0.705971
0.414256 0.701162
0.418388 0.69657
0.416322 0.691804
0.450413 0.686927
0.47624 0.682137
0.459711 0.677782
0.431818 0.673657
0.424587 0.669793
0.434917 0.665609
0.452479 0.661641
0.396694 0.65771
0.395661 0.653444
0.376033 0.649253
0.385331 0.64517
0.378099 0.641154
0.377066 0.637573
0.369835 0.633938
0.332645 0.630513
0.331612 0.62699
0.34814 0.62374
0.332645 0.620305
0.326446 0.616967
0.315083 0.613422
0.295455 0.609788
0.285124 0.606347
0.262397 0.602807
0.272727 0.599087
0.269628 0.595669
0.256198 0.592144
0.27376 0.588687
0.311983 0.585234
0.307851 0.582021
0.311983 0.578872
0.283058 0.575915
0.297521 0.572495
0.298554 0.569632
0.294421 0.567133
0.354339 0.564093
0.370868 0.561209
0.380165 0.558388
0.378099 0.555905
0.344008 0.553324
0.329545 0.550713
0.329545 0.547926
0.318182 0.545102
0.338843 0.542518
0.327479 0.539824
0.318182 0.537128
0.35124 0.534055
0.349174 0.530815
0.349174 0.527554
0.353306 0.524325
0.349174 0.520965
0.356405 0.51764
0.359504 0.514375
0.384298 0.511415
0.370868 0.508265
0.383264 0.504669
0.371901 0.501336
0.338843 0.497963
0.346074 0.494908
0.322314 0.491767
0.332645 0.488478
0.30062 0.484976
0.293388 0.481691
0.30062 0.47874
0.282025 0.475962
0.292355 0.472672
0.265496 0.469094
0.270661 0.465304
0.239669 0.461962
0.22314 0.458633
0.240702 0.455506
0.25 0.452485
0.255165 0.449488
0.23657 0.445985
0.253099 0.442808
0.23657 0.439268
0.286157 0.436147
0.284091 0.432783
0.228306 0.429491
0.233471 0.426526
0.203512 0.423556
0.178719 0.420577
0.188017 0.417404
0.205579 0.414284
0.234504 0.411294
0.232438 0.408706
0.232438 0.40582
0.240702 0.402756
0.282025 0.399687
0.30062 0.396758
0.311983 0.394092
0.277893 0.391781
0.279959 0.389347
0.28719 0.386483
0.285124 0.383903
0.27376 0.381226
0.260331 0.378809
0.261364 0.376497
0.258264 0.374079
0.286157 0.37161
0.326446 0.369373
0.339876 0.367144
0.330579 0.364828
0.325413 0.36241
0.323347 0.360171
0.329545 0.358032
0.309917 0.355629
0.338843 0.353278
0.369835 0.35076
0.355372 0.348424
0.347107 0.345659
0.332645 0.342918
0.317149 0.340097
0.33781 0.337129
0.32438 0.334531
0.342975 0.331634
0.35124 0.329025
0.360537 0.326302
0.381198 0.323862
0.377066 0.322064
0.389463 0.319943
0.424587 0.317727
0.402893 0.31546
0.428719 0.313086
0.405992 0.310753
0.441116 0.308466
0.416322 0.306598
0.393595 0.304294
0.386364 0.301976
0.366736 0.299712
0.333678 0.297244
0.326446 0.295348
0.328512 0.293024
0.322314 0.291027
0.308884 0.289134
0.302686 0.287686
0.247934 0.285922
0.265496 0.283881
0.293388 0.28213
0.303719 0.280679
0.297521 0.279455
0.321281 0.278223
0.315083 0.276998
0.338843 0.275708
0.366736 0.274205
0.387397 0.272852
0.420455 0.271779
0.432851 0.270721
0.393595 0.269331
0.402893 0.268025
0.389463 0.266849
0.382231 0.265408
0.383264 0.264319
0.338843 0.263186
0.339876 0.261891
0.364669 0.26079
0.387397 0.259874
0.414256 0.258488
0.460744 0.257017
0.498967 0.255709
0.471074 0.254638
0.495868 0.253607
0.454545 0.252386
0.478306 0.250842
0.466942 0.249699
0.466942 0.248491
0.44938 0.247235
0.465909 0.246521
0.460744 0.245793
0.452479 0.245089
0.438017 0.244781
0.380165 0.244569
0.375 0.244137
0.375 0.24383
0.366736 0.243478
0.366736 0.24351
0.405992 0.243297
0.450413 0.243732
0.461777 0.243642
0.421488 0.243656
0.413223 0.243765
0.416322 0.243809
0.390496 0.244409
0.385331 0.244799
0.389463 0.245175
0.387397 0.245658
0.41219 0.245996
0.380165 0.246358
0.371901 0.246598
0.357438 0.247009
0.338843 0.247572
0.384298 0.24818
0.409091 0.249141
0.418388 0.250036
0.415289 0.251001
0.443182 0.251716
0.441116 0.252619
0.41219 0.253504
0.418388 0.254122
0.43905 0.254416
0.413223 0.25482
0.430785 0.254907
0.424587 0.254491
0.418388 0.25404
0.429752 0.253861
0.47624 0.253404
0.487603 0.253148
0.509298 0.253014
0.539256 0.253239
0.547521 0.253476
0.56095 0.253547
0.570248 0.253424
0.573347 0.25338
0.547521 0.253121
0.57438 0.252679
0.584711 0.252783
0.578512 0.252788
0.566116 0.252301
0.61157 0.251687
0.603306 0.251159
0.56405 0.250662
0.544421 0.249672
0.548554 0.249475
0.586777 0.249387
0.596074 0.249373
0.600207 0.249626
0.588843 0.24971
0.603306 0.24953
0.595041 0.249338
0.616736 0.249034
0.569215 0.249209
0.605372 0.249742
0.605372 0.25005
0.596074 0.250117
0.580579 0.250352
0.571281 0.250005
0.579545 0.249852
0.559917 0.249643
0.576446 0.249302
0.586777 0.24909
0.605372 0.249049
0.589876 0.248935
0.536157 0.248843
0.555785 0.248516
0.591942 0.248328
0.585744 0.248206
0.582645 0.248051
0.60124 0.247702
0.607438 0.247529
0.620868 0.247277
0.595041 0.246947
0.606405 0.24678
0.603306 0.246199
0.617769 0.245833
0.637397 0.245267
0.620868 0.244895
0.59814 0.244223
0.622934 0.243484
0.635331 0.242729
0.618802 0.241568
0.620868 0.240339
0.667355 0.23922
0.65186 0.238303
0.661157 0.237445
0.649793 0.236557
0.645661 0.23584
0.641529 0.235348
0.628099 0.234874
0.579545 0.234122
0.607438 0.23348
0.589876 0.232568
0.592975 0.231772
0.628099 0.230976
0.610537 0.230078
0.609504 0.229061
0.588843 0.22831
0.583678 0.227712
0.585744 0.226799
0.608471 0.22617
0.631198 0.225573
0.626033 0.224354
0.631198 0.223144
0.613636 0.221694
0.634298 0.220584
0.649793 0.219271
0.630165 0.218099
0.606405 0.216919
0.606405 0.21545
0.615702 0.214134
0.592975 0.212446
0.571281 0.210551
0.603306 0.208549
0.583678 0.206332
0.608471 0.204439
0.602273 0.202229
0.627066 0.200097
0.632231 0.198345
0.589876 0.196528
0.596074 0.194702
0.563017 0.192773
0.569215 0.19089
0.56405 0.189273
0.566116 0.187678
0.610537 0.186419
0.647727 0.184549
0.639463 0.182785
0.628099 0.180605
0.653926 0.178874
0.66219 0.177332
0.657025 0.17562
0.669421 0.173854
0.669421 0.172059
0.666322 0.170776
0.666322 0.16901
0.673554 0.167277
0.670455 0.165574
0.677686 0.163579
0.639463 0.161564
0.607438 0.159699
0.59814 0.157965
0.613636 0.156412
0.606405 0.154761
0.580579 0.152916
0.596074 0.151351
0.607438 0.149849
0.612603 0.148339
0.633264 0.146857
0.65186 0.145518
0.644628 0.144532
0.654959 0.143489
0.670455 0.142723
0.671488 0.141726
0.660124 0.14058
0.621901 0.139315
0.606405 0.138079
0.61157 0.136767
0.637397 0.135643
0.61157 0.133876
0.615702 0.13236
0.610537 0.130863
0.569215 0.129753
0.583678 0.128631
0.566116 0.127596
0.545455 0.12667
0.565083 0.125576
0.571281 0.124681
0.570248 0.123933
0.554752 0.123457
0.566116 0.122705
0.534091 0.121768
0.511364 0.121248
0.474174 0.120562
0.482438 0.119798
0.460744 0.119006
0.480372 0.118324
0.479339 0.117507
0.455579 0.116921
0.440083 0.115853
0.433884 0.114428
0.427686 0.113389
0.433884 0.11231
0.458678 0.11114
0.447314 0.109992
0.46281 0.108801
0.455579 0.107657
0.423554 0.106546
0.444215 0.105891
0.432851 0.104916
0.408058 0.104054
0.411157 0.103784
0.378099 0.103493
0.349174 0.103073
0.369835 0.102726
0.362603 0.102297
0.380165 0.101745
0.384298 0.101033
0.410124 0.100235
0.405992 0.0998106
0.385331 0.0991462
0.383264 0.0982212
0.371901 0.0975739
0.384298 0.0968146
0.404959 0.0962714
0.402893 0.0958058
0.405992 0.0951203
0.38843 0.0945173
0.356405 0.0932541
0.370868 0.0919793
0.367769 0.0909575
0.414256 0.0901687
0.446281 0.0896879
0.438017 0.0888276
0.457645 0.0878558
0.472107 0.0871465
0.429752 0.086609
0.428719 0.0862262
0.429752 0.0857418
0.432851 0.084859
0.480372 0.0835476
0.47624 0.0822426
0.491736 0.0805622
0.503099 0.0789163
0.541322 0.0773205
0.563017 0.0758835
0.556818 0.0744486
0.542355 0.0735503
0.527893 0.0725124
0.521694 0.0716388
0.519628 0.0706767
0.56405 0.0700732
0.569215 0.0694905
0.623967 0.0687765
0.625 0.0679683
0.61157 0.0669662
0.588843 0.0658317
0.603306 0.0647215
0.61157 0.0637531
0.619835 0.0627851
0.589876 0.0622101
0.589876 0.0615858
0.570248 0.0606484
0.592975 0.0593574
0.614669 0.0578633
0.596074 0.0566808
0.561983 0.0557238
0.544421 0.054996
0.548554 0.0543486
0.582645 0.0536279
0.576446 0.0525434
0.578512 0.0517622
0.573347 0.0514436
0.577479 0.0510789
0.585744 0.0509485
0.604339 0.0510868
0.613636 0.0516801
0.608471 0.0520253
0.585744 0.0523282
0.584711 0.0520251
0.570248 0.051977
0.556818 0.0522882
0.497934 0.0517729
0.51343 0.0513602
0.538223 0.0510989
0.521694 0.0507508
0.547521 0.0506388
0.510331 0.0502226
0.516529 0.0496215
0.548554 0.0490719
0.534091 0.0488688
0.491736 0.0481438
0.51343 0.0471427
0.469008 0.0466172
0.441116 0.0463215
0.444215 0.0460177
0.416322 0.0455836
0.405992 0.0455998
0.440083 0.0453809
0.452479 0.0453857
0.460744 0.0455231
0.466942 0.0456138
0.428719 0.0454666
0.418388 0.0448579
0.414256 0.0441753
0.389463 0.0437744
0.392562 0.0430741
0.381198 0.0423502
0.380165 0.0414024
0.416322 0.0406669
0.426653 0.0398853
0.429752 0.0390679
0.405992 0.0383959
0.386364 0.0374573
0.342975 0.0364112
0.338843 0.0353852
0.328512 0.0342579
0.318182 0.0332718
0.325413 0.0321182
0.293388 0.0310294
0.298554 0.0294917
0.306818 0.0281701
0.272727 0.0272777
0.255165 0.0266551
0.219008 0.0258869
0.207645 0.0245101
0.204545 0.0229185
0.229339 0.0215125
0.259298 0.0201485
0.25 0.018676
0.265496 0.0173283
0.245868 0.0159426
0.256198 0.0142096
0.297521 0.0125807
0.270661 0.0111439
0.261364 0.0101063
0.237603 0.00912558
0.244835 0.00820803
0.237603 0.00753728
0.22624 0.00697239
0.259298 0.00638254
0.279959 0.00628921
0.23657 0.00649609
0.229339 0.0069085
0.209711 0.00729041
0.200413 0.00799712
0.178719 0.00871699
0.147727 0.00978573
0.15186 0.0106585
0.178719 0.0121426
0.146694 0.0134118
0.173554 0.0147168
0.142562 0.0162728
0.13843 0.0174207
0.166322 0.0186918
0.147727 0.0194307
0.182851 0.0200351
0.18595 0.0204507
0.194215 0.0209043
0.18905 0.0215036
0.166322 0.021817
0.177686 0.0219167
0.160124 0.0221418
0.198347 0.0227014
0.214876 0.023138
0.200413 0.023532
0.214876 0.023536
0.233471 0.0237444
0.25 0.0242856
0.243802 0.0247693
0.257231 0.0249124
0.255165 0.0251513
0.253099 0.0250318
0.232438 0.0248572
0.245868 0.0249112
0.232438 0.0250014
0.265496 0.0252311
0.26343 0.0255025
0.275826 0.0257199
0.256198 0.0255245
0.225207 0.0258011
0.237603 0.0260677
0.244835 0.026718
0.232438 0.0273755
0.230372 0.0280128
0.205579 0.0286398
0.19938 0.0292057
0.198347 0.0294147
0.213843 0.0299537
0.239669 0.0304617
0.238636 0.0308587
0.280992 0.0311152
0.278926 0.0316859
0.297521 0.0321151
0.282025 0.0323531
0.290289 0.0326294
0.256198 0.0326554
0.27686 0.0326663
0.260331 0.033237
0.267562 0.0337004
0.244835 0.034133
0.224174 0.0346474
0.21281 0.0350517
0.237603 0.0354315
0.246901 0.0357288
0.222107 0.0359674
0.269628 0.0363784
0.260331 0.0363986
0.268595 0.0359044
0.272727 0.0357515
0.26343 0.035867
0.31405 0.0358564
0.340909 0.0359246
0.338843 0.0360402
0.275826 0.0360372
0.278926 0.0362245
0.270661 0.0367134
0.231405 0.037623
0.252066 0.0388263
0.284091 0.0401106
0.319215 0.0414763
0.291322 0.0426694
0.304752 0.0433777
0.277893 0.044241
0.258264 0.0451014
0.256198 0.0459796
0.256198 0.046673
0.246901 0.0480032
0.22314 0.0491753
0.247934 0.0498309
0.227273 0.0503885
0.235537 0.0508921
0.213843 0.0513219
0.220041 0.0518658
0.209711 0.0526946
0.198347 0.0534338
0.217975 0.0536206
0.177686 0.0539579
0.188017 0.054077
0.166322 0.0542051
0.196281 0.0542373
0.21281 0.054128
0.206612 0.0541312
0.166322 0.0545011
0.170455 0.0547308
0.133264 0.0550157
0.119835 0.0550678
0.109504 0.0548921
0.0981405 0.0545983
0.0867769 0.05481
0.100207 0.0550721
0.0960744 0.0552797
0.116736 0.055632
0.102273 0.0558936
0.0599174 0.0566131
0.0433884 0.0573556
0.0413223 0.0577529
0.0495868 0.0579513
0.0991736 0.0579902
0.122934 0.0576778
0.0640496 0.0575355
0.0495868 0.0576054
0.053719 0.0572553
0.0123967 0.0566435
0.0134298 0.0560014
0.0495868 0.055251
0.00103306 0.0550691
0.0268595 0.0549407
0.0113636 0.05445
0.0216942 0.0538559
0.036157 0.0533864
0.0423554 0.0531407
0.0547521 0.0527938
0.0733471 0.0521822
0.052686 0.0517402
0.0268595 0.0514795
0.0475207 0.0512673
0.0692149 0.0509382
0.0878099 0.0509603
0.0950413 0.0511806
0.0857438 0.0509265
0.0940083 0.0503543
0.102273 0.0496101
0.123967 0.0486327
0.170455 0.0476652
0.114669 0.0467409
0.089876 0.046106
0.0557851 0.0453315
0.0847107 0.0441426
0.0661157 0.0427519
0.0661157 0.0413505
0.0154959 0.0405296
0.0237603 0.0395357
0.0444215 0.0383842
0.0578512 0.0377718
0.0795455 0.0372145
0.053719 0.0365791
0.0392562 0.0358017
0.0320248 0.0345618
0.0506198 0.0333964
0.0702479 0.0328533
0.0681818 0.032652
0.0857438 0.0320035
0.0785124 0.0315806
0.0650826 0.0309673
0.0764463 0.0303805
0.0909091 0.0304101
0.10124 0.0306279
0.102273 0.0312663
0.118802 0.0317081
0.127066 0.032245
0.114669 0.0331574
0.176653 0.034166
0.19938 0.035156
0.216942 0.0361176
0.222107 0.0373065
0.233471 0.0388837
0.254132 0.040208
0.23657 0.0413549
0.244835 0.0423454
0.243802 0.0433567
0.241736 0.0443896
0.204545 0.0453067
0.176653 0.0462951
0.149793 0.0473447
0.153926 0.0479545
0.139463 0.0485453
0.119835 0.0493151
0.106405 0.0500671
0.0909091 0.0511889
0.108471 0.0521843
0.109504 0.0531472
0.126033 0.0545194
0.127066 0.0558412
0.143595 0.0567258
0.145661 0.0579866
0.174587 0.0594495
0.182851 0.0606217
0.182851 0.0612627
0.182851 0.0617945
0.195248 0.0623359
0.193182 0.0633876
0.196281 0.0644212
0.231405 0.0653623
0.266529 0.0661682
0.271694 0.0668026
0.285124 0.0673685
0.302686 0.067837
0.297521 0.068322
0.284091 0.0692019
0.297521 0.0702191
0.288223 0.0713647
0.253099 0.072438
0.23657 0.0735382
0.278926 0.074278
0.240702 0.0753687
0.243802 0.0768869
0.265496 0.0785691
0.261364 0.0802744
0.268595 0.0823945
0.243802 0.0844261
0.217975 0.0861204
0.216942 0.0874365
0.200413 0.0888756
0.19938 0.0902581
0.221074 0.0911306
0.192149 0.0915921
0.200413 0.0921355
0.235537 0.0929036
0.225207 0.0932554
0.247934 0.0932572
0.241736 0.0933275
0.297521 0.0934575
0.328512 0.0936652
0.325413 0.0940256
0.31405 0.0947726
0.32438 0.09515
0.302686 0.0956942
0.306818 0.0960059
0.247934 0.0962805
0.27686 0.0965107
0.318182 0.0966674
0.318182 0.0970924
0.293388 0.0975702
0.305785 0.0976285
0.28719 0.0980441
0.291322 0.0981682
0.304752 0.0983343
0.321281 0.0982702
0.316116 0.0982287
0.346074 0.0980727
0.349174 0.0975932
0.336777 0.0972943
0.320248 0.0971969
0.279959 0.0972279
0.280992 0.0972847
0.304752 0.0972789
0.262397 0.0974122
0.231405 0.09809
0.248967 0.0986662
0.284091 0.0995304
0.31405 0.0999393
0.269628 0.100211
0.295455 0.100619
0.296488 0.101261
0.311983 0.101978
0.284091 0.102845
0.237603 0.103561
0.22624 0.103936
0.215909 0.104406
0.243802 0.104808
0.274793 0.105021
0.27376 0.105182
0.28719 0.105267
0.330579 0.105329
0.293388 0.10506
0.286157 0.104449
0.278926 0.104058
0.292355 0.103826
0.332645 0.103419
0.349174 0.103287
0.367769 0.103346
0.394628 0.103534
0.419421 0.103764
0.444215 0.104464
0.452479 0.10454
0.48657 0.104133
0.453512 0.103684
0.444215 0.103144
0.442149 0.102442
0.438017 0.101787
0.451446 0.100564
0.445248 0.0995068
0.424587 0.0985852
0.419421 0.0979033
0.419421 0.0974586
0.442149 0.0970461
0.465909 0.0964139
0.472107 0.095844
0.434917 0.0958936
0.444215 0.0956679
0.404959 0.0957612
0.390496 0.0957304
0.400826 0.0957306
0.394628 0.0958618
0.393595 0.095605
0.454545 0.0954419
0.433884 0.0954655
0.432851 0.0952812
0.402893 0.0948206
0.394628 0.0945545
0.408058 0.0943464
0.407025 0.0940698
0.381198 0.093831
0.385331 0.0936122
0.369835 0.0938469
0.354339 0.0943875
0.345041 0.0943929
0.334711 0.0945429
0.34814 0.0944164
0.355372 0.0944898
0.362603 0.0944619
0.376033 0.0941531
0.344008 0.0940258
0.335744 0.0937347
0.371901 0.0930963
0.379132 0.0927752
0.366736 0.0928289
0.334711 0.0926129
0.352273 0.0919419
0.382231 0.0914478
0.384298 0.090827
0.368802 0.0907021
0.358471 0.0902991
0.354339 0.0892618
0.35124 0.088413
0.328512 0.0875913
0.365702 0.0865893
0.309917 0.0861414
0.313017 0.0857872
0.320248 0.0857379
0.363636 0.0853033
0.325413 0.0844032
0.317149 0.08355
0.345041 0.0830109
0.31095 0.0828652
0.328512 0.0827339
0.365702 0.0828436
0.365702 0.082457
0.380165 0.0818518
0.327479 0.0813063
0.333678 0.0807352
0.354339 0.080279
0.335744 0.079934
0.366736 0.0795704
0.424587 0.0797936
0.427686 0.0800984
0.41219 0.080177
0.400826 0.0805155
0.414256 0.0807812
0.429752 0.0807078
0.453512 0.0808913
0.485537 0.0808851
0.481405 0.0807529
0.461777 0.0807327
0.466942 0.0806419
0.478306 0.0804281
0.444215 0.0805331
0.457645 0.0808193
0.457645 0.0810066
0.444215 0.0809917
0.423554 0.080978
0.42562 0.0807303
0.424587 0.0805385
0.41219 0.0802573
0.404959 0.0798316
0.415289 0.0795023
0.456612 0.0791428
0.493802 0.0788914
0.492769 0.0792864
0.485537 0.0796361
0.506198 0.0799988
0.495868 0.0802932
0.517562 0.0806976
0.541322 0.0812279
0.52376 0.0818159
0.503099 0.0819864
0.517562 0.0821321
0.495868 0.0824758
0.463843 0.0831128
0.441116 0.083212
0.44938 0.0831513
0.47624 0.0832139
0.465909 0.0829359
0.457645 0.0827089
0.451446 0.0828014
0.453512 0.0826505
0.463843 0.0825613
0.460744 0.0822158
0.451446 0.0816531
0.467975 0.0809661
0.446281 0.0804705
0.452479 0.0801913
0.459711 0.0795235
0.446281 0.0790786
0.469008 0.0787238
0.465909 0.0785794
0.459711 0.0778904
0.493802 0.0769128
0.492769 0.0762412
0.485537 0.075666
0.485537 0.0750459
0.471074 0.0747047
0.466942 0.0744818
0.470041 0.0740908
0.491736 0.0737871
0.477273 0.0729495
0.463843 0.0719796
0.456612 0.0712891
0.490702 0.0707669
0.519628 0.0700957
0.535124 0.0696701
0.536157 0.0693723
0.573347 0.0691405
0.570248 0.0692209
0.552686 0.0689215
0.547521 0.0687993
0.522727 0.0680949
0.55062 0.06724
0.559917 0.0667235
0.542355 0.0663095
0.539256 0.0657358
0.576446 0.0650295
0.545455 0.0643333
0.503099 0.0640402
0.478306 0.0633039
0.482438 0.0625496
0.457645 0.0617321
0.465909 0.0610781
0.451446 0.0601327
0.446281 0.0589165
0.455579 0.0574262
0.463843 0.0566394
0.456612 0.055819
0.444215 0.055085
0.43905 0.0541818
0.451446 0.0533421
0.441116 0.0530209
0.424587 0.0526502
0.420455 0.0520657
0.424587 0.0517558
0.400826 0.0510708
0.40186 0.0505525
0.40186 0.0497493
0.356405 0.0492076
0.383264 0.0485728
0.36157 0.0478699
0.306818 0.0467816
0.359504 0.0458904
0.349174 0.045002
0.319215 0.0443952
0.340909 0.043868
0.325413 0.0433965
0.385331 0.0427008
0.308884 0.0420362
0.378099 0.0412639
0.349174 0.0402809
0.317149 0.0395797
0.307851 0.0388104
0.305785 0.0378193
0.323347 0.0367941
0.291322 0.035771
0.306818 0.0351984
0.331612 0.0348197
0.326446 0.0343526
0.355372 0.034369
0.331612 0.0344047
0.345041 0.0342499
0.338843 0.0340253
0.368802 0.0336533
0.338843 0.0329735
0.333678 0.0329005
0.346074 0.0331459
0.339876 0.0331105
0.345041 0.0330128
0.370868 0.0334199
0.372934 0.034011
0.342975 0.0342112
0.357438 0.0342104
0.402893 0.034157
0.428719 0.0341704
0.420455 0.0339466
0.451446 0.0331373
0.440083 0.0327373
0.43905 0.0321484
0.428719 0.0315677
0.42562 0.03062
0.390496 0.0298602
0.373967 0.0288431
0.40186 0.0281205
0.430785 0.027725
0.400826 0.027759
0.390496 0.0277194
0.404959 0.0273257
0.408058 0.0271411
0.393595 0.0266659
0.438017 0.0263488
0.431818 0.0262878
0.438017 0.0261296
0.469008 0.0256157
0.497934 0.0248669
0.516529 0.0240454
0.47624 0.0234225
0.483471 0.0229596
0.472107 0.0224276
0.452479 0.0218677
0.431818 0.0211495
0.441116 0.0207053
0.466942 0.0201619
0.496901 0.0196587
0.51343 0.0193015
0.492769 0.019007
0.493802 0.0190697
0.502066 0.019407
0.489669 0.0194383
0.503099 0.0191396
0.501033 0.0187963
0.488636 0.0187108
0.433884 0.0185035
0.420455 0.0182891
0.424587 0.0179986
0.447314 0.0173984
0.43595 0.0166939
0.456612 0.0154602
0.432851 0.014317
0.441116 0.0134307
0.448347 0.0122872
0.410124 0.0113857
0.393595 0.0101431
0.415289 0.00876378
0.404959 0.00714532
0.372934 0.00625871
0.378099 0.00476469
0.373967 0.00275207
0.371901 0.00108625
0.390496 -0.000547792
0.408058 -0.00219841
0.408058 -0.00418813
0.402893 -0.00605854
0.382231 -0.0075803
0.405992 -0.00957521
0.399793 -0.0117654
0.386364 -0.0140874
0.366736 -0.0160948
0.420455 -0.0181584
0.419421 -0.0201089
0.413223 -0.0220766
0.444215 -0.0238568
0.432851 -0.0255105
0.40186 -0.0272103
0.39876 -0.0293007
0.40186 -0.0315338
0.426653 -0.0336622
0.414256 -0.0362964
0.391529 -0.0388335
0.417355 -0.0413328
0.43905 -0.0433631
0.466942 -0.0454707
0.47624 -0.0480407
0.489669 -0.0504091
0.479339 -0.0528825
0.465909 -0.0558129
0.490702 -0.0584211
0.469008 -0.0606521
0.456612 -0.0629238
0.470041 -0.0654171
0.391529 -0.0678012
0.387397 -0.070276
0.411157 -0.0722465
0.410124 -0.0739614
0.390496 -0.0755463
0.411157 -0.0771199
0.424587 -0.0787292
0.416322 -0.079995
0.391529 -0.0811058
0.346074 -0.0820528
0.36157 -0.0834963
0.363636 -0.0851438
0.363636 -0.0865971
0.396694 -0.0876198
0.415289 -0.0886517
0.413223 -0.0896062
0.42562 -0.0912036
0.426653 -0.0925924
0.419421 -0.0943648
0.427686 -0.0961993
0.420455 -0.0980085
0.465909 -0.0995717
0.461777 -0.10121
0.454545 -0.102321
0.405992 -0.103554
0.369835 -0.105008
0.426653 -0.10637
0.387397 -0.107028
0.347107 -0.107643
0.31405 -0.108186
0.330579 -0.108345
0.336777 -0.108957
0.36157 -0.109605
0.357438 -0.110313
0.345041 -0.110606
0.350207 -0.110587
0.346074 -0.110661
0.383264 -0.111
0.413223 -0.111434
0.377066 -0.111884
0.391529 -0.111986
0.378099 -0.112333
0.369835 -0.112807
0.372934 -0.113363
0.357438 -0.114153
0.403926 -0.114551
0.405992 -0.115287
0.394628 -0.115848
0.394628 -0.115907
0.394628 -0.116159
0.424587 -0.116488
0.420455 -0.116651
0.409091 -0.116615
0.448347 -0.116861
0.433884 -0.117011
0.421488 -0.116624
0.413223 -0.116031
0.430785 -0.115319
0.373967 -0.11466
0.386364 -0.114146
0.355372 -0.113726
0.367769 -0.113154
0.38843 -0.112612
0.339876 -0.112239
0.321281 -0.112104
0.301653 -0.112208
0.283058 -0.112495
0.291322 -0.112607
0.243802 -0.112803
0.237603 -0.113095
0.260331 -0.113917
0.225207 -0.114694
0.200413 -0.114781
0.191116 -0.114419
0.177686 -0.114107
0.166322 -0.113539
0.244835 -0.112717
0.21281 -0.112092
0.203512 -0.111421
0.254132 -0.111337
0.174587 -0.111069
0.202479 -0.110819
0.167355 -0.110594
0.169421 -0.110608
0.164256 -0.11069
0.152893 -0.111339
0.143595 -0.111956
0.159091 -0.112865
0.133264 -0.113581
0.149793 -0.11464
0.18905 -0.116012
0.188017 -0.116859
0.173554 -0.117824
0.17562 -0.119013
0.186983 -0.120537
0.235537 -0.121226
0.275826 -0.121698
0.279959 -0.121649
0.304752 -0.121624
0.283058 -0.121575
0.288223 -0.122144
0.333678 -0.122594
0.366736 -0.122617
0.369835 -0.122484
0.352273 -0.122407
0.303719 -0.122562
0.279959 -0.122562
0.265496 -0.122715
0.305785 -0.122965
0.299587 -0.123155
0.274793 -0.122994
0.234504 -0.122943
0.240702 -0.122866
0.241736 -0.12248
0.253099 -0.122325
0.292355 -0.122153
0.303719 -0.122069
0.308884 -0.12222
0.299587 -0.122234
0.295455 -0.122016
0.307851 -0.12196
0.293388 -0.122059
0.289256 -0.122295
0.264463 -0.122764
0.248967 -0.123083
0.26343 -0.123426
0.290289 -0.123422
0.321281 -0.123639
0.330579 -0.124052
0.32438 -0.124465
0.317149 -0.124962
0.326446 -0.125346
0.34814 -0.125672
0.33781 -0.125956
0.345041 -0.126961
0.33781 -0.127945
0.383264 -0.12928
0.379132 -0.130178
0.40186 -0.130741
0.40186 -0.131018
0.377066 -0.131587
0.410124 -0.132
0.405992 -0.1324
0.386364 -0.132997
0.402893 -0.133585
0.409091 -0.133705
0.390496 -0.133584
0.354339 -0.133974
0.339876 -0.134648
0.36157 -0.135455
0.364669 -0.135869
0.394628 -0.136832
0.366736 -0.137416
0.369835 -0.13819
0.338843 -0.138475
0.299587 -0.139316
0.328512 -0.140207
0.295455 -0.141093
0.318182 -0.141945
0.317149 -0.142658
0.302686 -0.143365
0.265496 -0.143931
0.309917 -0.144028
0.304752 -0.144321
0.303719 -0.14464
0.302686 -0.14517
0.270661 -0.145652
0.265496 -0.146121
0.224174 -0.146926
0.28719 -0.147614
0.280992 -0.148192
0.301653 -0.148848
0.247934 -0.149238
0.27686 -0.149547
0.271694 -0.149434
0.280992 -0.149496
0.221074 -0.149429
0.241736 -0.149637
0.23657 -0.149914
0.272727 -0.149698
0.230372 -0.149181
0.188017 -0.148566
0.18595 -0.147662
0.186983 -0.146632
0.165289 -0.145254
0.166322 -0.144388
0.165289 -0.143946
0.166322 -0.143189
0.167355 -0.143007
0.174587 -0.142977
0.215909 -0.143023
0.247934 -0.143013
0.203512 -0.143434
0.184917 -0.14405
0.168388 -0.144688
0.132231 -0.144599
0.130165 -0.144414
0.105372 -0.144548
0.122934 -0.144366
0.0836777 -0.144047
0.145661 -0.144073
0.143595 -0.143978
0.105372 -0.144048
0.0754132 -0.144235
0.088843 -0.143914
0.100207 -0.143033
0.072314 -0.141845
0.0929752 -0.140757
0.115702 -0.139998
0.117769 -0.139442
0.109504 -0.138688
0.129132 -0.137794
0.115702 -0.136775
0.160124 -0.135624
0.17562 -0.134711
0.161157 -0.134053
0.176653 -0.133788
0.19938 -0.133419
0.166322 -0.133051
0.159091 -0.132404
0.149793 -0.131672
0.145661 -0.130536
0.142562 -0.129363
0.0909091 -0.128333
0.0991736 -0.127672
0.0444215 -0.127162
0.0702479 -0.12716
0.106405 -0.126964
0.127066 -0.126767
0.0940083 -0.126745
0.0971074 -0.126869
0.0619835 -0.127118
0.071281 -0.128327
0.103306 -0.12917
0.146694 -0.129712
0.128099 -0.130311
0.112603 -0.130534
0.121901 -0.131084
0.119835 -0.13243
0.122934 -0.133535
0.160124 -0.134794
0.139463 -0.135891
0.183884 -0.136945
0.220041 -0.137933
0.220041 -0.138955
0.213843 -0.139718
0.225207 -0.140275
0.208678 -0.141149
0.225207 -0.141721
0.243802 -0.14271
0.280992 -0.143414
0.270661 -0.144081
0.265496 -0.14474
0.242769 -0.145435
0.186983 -0.14633
0.229339 -0.147616
0.238636 -0.148652
0.221074 -0.149513
0.202479 -0.150075
0.19938 -0.150646
0.196281 -0.151523
0.168388 -0.151778
0.13843 -0.151763
0.140496 -0.152047
0.131198 -0.153054
0.147727 -0.154023
0.119835 -0.154866
0.145661 -0.155323
0.149793 -0.15614
0.117769 -0.156861
0.0940083 -0.157331
0.112603 -0.15793
0.137397 -0.158814
0.117769 -0.159737
0.123967 -0.160584
0.150826 -0.161049
0.167355 -0.161812
0.158058 -0.162797
0.167355 -0.163872
0.169421 -0.164827
0.165289 -0.165731
0.16219 -0.167078
0.194215 -0.167941
0.171488 -0.168802
0.161157 -0.169919
0.146694 -0.171287
0.117769 -0.172363
0.125 -0.173396
0.116736 -0.174007
0.150826 -0.174958
0.135331 -0.1763
0.155992 -0.17735
0.19938 -0.178762
0.215909 -0.179956
0.23657 -0.180964
0.257231 -0.181876
0.297521 -0.182264
0.296488 -0.182364
0.301653 -0.182655
0.318182 -0.183116
0.340909 -0.183938
0.376033 -0.184835
0.390496 -0.185423
0.391529 -0.186036
0.397727 -0.186658
0.413223 -0.187771
0.417355 -0.189073
0.415289 -0.189648
0.422521 -0.190276
0.450413 -0.190645
0.424587 -0.190747
0.392562 -0.19087
0.386364 -0.191355
0.366736 -0.191366
0.346074 -0.191612
0.340909 -0.192083
0.342975 -0.192837
0.33781 -0.193598
0.36157 -0.194554
0.390496 -0.195158
0.385331 -0.195993
0.39876 -0.197312
0.421488 -0.198689
0.414256 -0.199798
0.368802 -0.200346
0.368802 -0.200991
0.353306 -0.201146
0.347107 -0.200975
0.35124 -0.200926
0.333678 -0.20103
0.369835 -0.201458
0.375 -0.201885
0.366736 -0.20224
0.379132 -0.20273
0.366736 -0.202875
0.402893 -0.203041
0.42562 -0.20341
0.440083 -0.203982
0.442149 -0.20487
0.403926 -0.205297
0.385331 -0.205614
0.365702 -0.205753
0.350207 -0.205602
0.336777 -0.205226
0.359504 -0.20513
0.369835 -0.205086
0.357438 -0.205646
0.383264 -0.206073
0.420455 -0.206794
0.417355 -0.20774
0.411157 -0.20855
0.418388 -0.208835
0.372934 -0.209147
0.357438 -0.209394
0.390496 -0.209398
0.384298 -0.20944
0.396694 -0.209459
0.40186 -0.209866
0.352273 -0.2102
0.353306 -0.210375
0.332645 -0.210514
0.283058 -0.210311
0.251033 -0.210724
0.228306 -0.211522
0.222107 -0.212482
0.193182 -0.213325
0.174587 -0.214323
0.181818 -0.215355
0.190083 -0.216104
0.168388 -0.217153
0.144628 -0.218205
0.181818 -0.21982
0.201446 -0.221526
0.18905 -0.222551
0.145661 -0.22337
0.109504 -0.224413
0.133264 -0.225418
0.105372 -0.226602
0.0702479 -0.227728
0.0826446 -0.22871
0.088843 -0.229745
0.0805785 -0.231284
0.0733471 -0.232626
0.0619835 -0.233936
0.0506198 -0.2357
0.035124 -0.237779
0.00413223 -0.239893
0.0330579 -0.242341
0.00826446 -0.244913
0.0485537 -0.246976
0.0227273 -0.248907
0.00929752 -0.250449
0.00619835 -0.252115
0.00929752 -0.25336
0.00826446 -0.254495
0.00103306 -0.255678
0.0154959 -0.256709
0.0113636 -0.257584
0.035124 -0.258767
0.052686 -0.259692
0.0247934 -0.260711
0.0475207 -0.261238
0.0568182 -0.2619
0.0299587 -0.263037
0.0650826 -0.264468
0.0423554 -0.265533
0.0330579 -0.266407
0.017562 -0.267596
0.0516529 -0.269018
0.0413223 -0.270539
0.00413223 -0.272008
0.0330579 -0.273522
0.00619835 -0.275449
0.00103306 -0.277028
0.0454545 -0.278984
0.0433884 -0.280651
0.0289256 -0.282216
0.0340909 -0.283866
0.00413223 -0.284786
0.00413223 -0.285592
0.053719 -0.286244
0.0330579 -0.286971
0.00929752 -0.287649
0.0299587 -0.288291
0.017562 -0.288973
0.0371901 -0.289808
0.0578512 -0.290452
0.0464876 -0.291043
0.0154959 -0.291652
0.0165289 -0.292538
0.00516529 -0.293425
0.00929752 -0.294632
0.0289256 -0.296169
0.0258264 -0.298017
0.0330579 -0.299725
0.0764463 -0.301335
0.0289256 -0.302991
0.0516529 -0.304768
0.0413223 -0.306183
0.00929752 -0.307226
0.00206612 -0.308398
0.0196281 -0.309646
0.0661157 -0.310832
0.0247934 -0.312414
0.0196281 -0.314107
0.0278926 -0.316116
0.0299587 -0.318103
0.0392562 -0.319605
0.0392562 -0.320984
0.0444215 -0.322974
0.0382231 -0.324951
0.0196281 -0.326571
0.0072314 -0.328522
0.0227273 -0.330805
0.0382231 -0.333095
0.00103306 -0.335463
0.035124 -0.337333
0.0506198 -0.338942
0.0702479 -0.340546
0.053719 -0.341991
0.0402893 -0.343607
0.0433884 -0.345724
0.0309917 -0.347423
0.0413223 -0.349166
0.0692149 -0.350241
0.0557851 -0.350809
0.0805785 -0.351485
0.0650826 -0.352327
0.0413223 -0.353427
0.00413223 -0.355029
0.00619835 -0.35664
0.00206612 -0.357788
0.0433884 -0.358783
0.0702479 -0.359731
0.0423554 -0.360814
0.0733471 -0.361749
0.0444215 -0.362438
0.018595 -0.36315
0.0454545 -0.364182
0.0134298 -0.365161
0.0134298 -0.366035
0.0268595 -0.366701
0.0485537 -0.367458
0.0547521 -0.368407
0.0444215 -0.369493
0.0681818 -0.370921
0.0743802 -0.372323
0.0785124 -0.373395
0.088843 -0.374465
0.089876 -0.37559
0.0785124 -0.376309
0.0578512 -0.377228
0.0268595 -0.378083
0.0392562 -0.378743
0.0681818 -0.379911
0.0464876 -0.38128
0.0309917 -0.382404
0.00929752 -0.383687
0.0144628 -0.384772
0.0227273 -0.38581
0.0320248 -0.386937
0.035124 -0.388204
0.0402893 -0.389409
0.0165289 -0.390474
0.00516529 -0.391514
0.036157 -0.392151
0.0247934 -0.393083
0.0144628 -0.39377
0.0103306 -0.394387
0.0402893 -0.394941
0.0774793 -0.395529
0.0650826 -0.395508
0.0506198 -0.395521
0.0340909 -0.395877
0.0340909 -0.396376
0.0382231 -0.396316
0.035124 -0.396407
0.0433884 -0.396271
0.0454545 -0.396297
0.0247934 -0.396011
0.0371901 -0.395997
0.00413223 -0.396257
0.00516529 -0.396302
0.00929752 -0.396484
0.00516529 -0.396546
0.00309917 -0.396773
0.00826446 -0.397147
0.0144628 -0.397773
0.00103306 -0.398035
0.00309917 -0.39822
0.0330579 -0.398444
0.0165289 -0.398748
0.0392562 -0.398399
0.0103306 -0.39779
0.017562 -0.397765
0.0371901 -0.39759
0.0289256 -0.397305
0.0258264 -0.396784
0.0557851 -0.396626
0.0764463 -0.396945
0.0867769 -0.396713
0.0702479 -0.396658
0.0609504 -0.396591
0.053719 -0.39637
0.053719 -0.396117
0.017562 -0.395561
0.0371901 -0.39523
0.053719 -0.395213
0.118802 -0.394964
0.16219 -0.394422
0.159091 -0.393473
0.171488 -0.392751
0.220041 -0.392004
0.272727 -0.390986
0.238636 -0.390199
0.22314 -0.389685
0.211777 -0.389274
0.214876 -0.388825
0.210744 -0.388355
0.186983 -0.387746
0.190083 -0.386722
0.179752 -0.386226
0.140496 -0.385916
0.128099 -0.385627
0.150826 -0.385435
0.167355 -0.384929
0.171488 -0.384415
0.18905 -0.383474
0.177686 -0.3826
0.196281 -0.381655
0.188017 -0.380705
0.165289 -0.380274
0.163223 -0.380279
0.200413 -0.379874
0.210744 -0.379708
0.161157 -0.379527
0.173554 -0.379563
0.178719 -0.379634
0.193182 -0.37954
0.197314 -0.379536
0.233471 -0.379339
0.248967 -0.378965
0.256198 -0.378322
0.27376 -0.377715
0.316116 -0.376744
0.302686 -0.375555
0.352273 -0.374894
0.33781 -0.374163
0.341942 -0.373214
0.372934 -0.373151
0.357438 -0.373051
0.353306 -0.372887
0.353306 -0.373159
0.339876 -0.373259
0.349174 -0.372774
0.34814 -0.372468
0.341942 -0.372316
0.338843 -0.372256
0.269628 -0.372667
0.269628 -0.373186
0.257231 -0.373463
0.277893 -0.374341
0.293388 -0.374245
0.269628 -0.374047
0.284091 -0.374071
0.303719 -0.373889
0.294421 -0.37411
0.30062 -0.374578
0.282025 -0.374951
0.265496 -0.375077
0.271694 -0.375061
0.258264 -0.374881
0.280992 -0.375056
0.262397 -0.374506
0.306818 -0.373795
0.284091 -0.372655
0.297521 -0.371504
0.277893 -0.370061
0.265496 -0.369155
0.301653 -0.368264
0.27686 -0.367275
0.292355 -0.366393
0.313017 -0.365627
0.31095 -0.364778
0.321281 -0.364386
0.373967 -0.363842
0.371901 -0.363256
0.353306 -0.362937
0.362603 -0.362892
0.360537 -0.362258
0.364669 -0.362239
0.340909 -0.361893
0.366736 -0.361823
0.377066 -0.361497
0.358471 -0.360935
0.365702 -0.360477
0.331612 -0.360227
0.336777 -0.359931
0.32438 -0.359619
0.315083 -0.359239
0.301653 -0.358855
0.288223 -0.358133
0.313017 -0.356971
0.303719 -0.355895
0.327479 -0.355163
0.320248 -0.354147
0.375 -0.353383
0.407025 -0.352898
0.389463 -0.352372
0.416322 -0.352049
0.413223 -0.351384
0.386364 -0.350502
0.367769 -0.34997
0.338843 -0.350016
0.319215 -0.350326
0.332645 -0.350812
0.353306 -0.351231
0.368802 -0.352112
0.318182 -0.353172
0.332645 -0.353728
0.333678 -0.354307
0.331612 -0.355106
0.350207 -0.356144
0.350207 -0.357178
0.35124 -0.357771
0.390496 -0.358392
0.431818 -0.35897
0.443182 -0.358845
0.44938 -0.35903
0.426653 -0.359464
0.451446 -0.360323
0.431818 -0.360995
0.443182 -0.361345
0.455579 -0.361569
0.426653 -0.362061
0.426653 -0.362762
0.454545 -0.36278
0.44938 -0.362463
0.438017 -0.362031
0.385331 -0.36227
0.391529 -0.362463
0.416322 -0.36267
0.397727 -0.362566
0.441116 -0.36226
0.416322 -0.361815
0.405992 -0.361196
0.40186 -0.36127
0.396694 -0.361207
0.396694 -0.36152
0.365702 -0.36127
0.390496 -0.361286
0.420455 -0.361502
0.403926 -0.361547
0.451446 -0.361511
0.430785 -0.36126
0.429752 -0.361406
0.431818 -0.361465
0.430785 -0.361036
0.448347 -0.360985
0.418388 -0.360683
0.39876 -0.360144
0.402893 -0.359332
0.392562 -0.358411
0.427686 -0.357648
0.42562 -0.357584
0.40186 -0.357611
0.432851 -0.357736
0.389463 -0.357943
0.372934 -0.358217
0.397727 -0.358474
0.408058 -0.358367
0.416322 -0.358853
0.427686 -0.359398
0.453512 -0.359412
0.409091 -0.35911
0.436983 -0.35885
0.458678 -0.359078
0.444215 -0.359087
0.442149 -0.358894
0.453512 -0.358865
0.436983 -0.358917
0.41219 -0.358895
0.366736 -0.358489
0.372934 -0.358476
0.387397 -0.359048
0.352273 -0.359391
0.369835 -0.359581
0.346074 -0.359576
0.320248 -0.360016
0.31095 -0.360334
0.290289 -0.360754
0.291322 -0.36097
0.335744 -0.361036
0.321281 -0.361568
0.338843 -0.361631
0.316116 -0.361895
0.303719 -0.362272
0.298554 -0.362456
0.307851 -0.362885
0.323347 -0.362938
0.329545 -0.362696
0.305785 -0.362989
0.304752 -0.36315
0.297521 -0.363094
0.316116 -0.363546
0.335744 -0.364103
0.304752 -0.364476
0.304752 -0.3647
0.295455 -0.364779
0.350207 -0.364769
0.375 -0.364115
0.350207 -0.364053
0.335744 -0.36358
0.319215 -0.363278
0.311983 -0.362583
0.293388 -0.362048
0.285124 -0.361855
0.233471 -0.361893
0.243802 -0.362189
0.230372 -0.36318
0.184917 -0.364498
0.161157 -0.366344
0.157025 -0.367951
0.163223 -0.369675
0.135331 -0.370748
0.0836777 -0.371591
0.0743802 -0.372491
0.0919421 -0.373154
0.0981405 -0.373705
0.132231 -0.374382
0.113636 -0.37531
0.153926 -0.376536
0.135331 -0.37726
0.157025 -0.378404
0.164256 -0.378952
0.179752 -0.379174
0.204545 -0.379266
0.190083 -0.379405
0.170455 -0.379707
0.186983 -0.380168
0.177686 -0.380157
0.160124 -0.38015
0.13843 -0.380443
0.127066 -0.380681
0.0919421 -0.381044
0.0733471 -0.380504
0.0960744 -0.379753
0.0733471 -0.379304
0.072314 -0.37869
0.0950413 -0.37791
0.121901 -0.377683
0.0754132 -0.377404
0.0382231 -0.377446
0.0423554 -0.376926
0.0433884 -0.376281
0.071281 -0.375906
0.0743802 -0.376057
0.0671488 -0.376073
0.104339 -0.375822
0.0681818 -0.37558
0.0619835 -0.375478
0.0960744 -0.375179
0.113636 -0.375062
0.159091 -0.375011
0.149793 -0.37463
0.157025 -0.374137
0.122934 -0.373565
0.119835 -0.372826
0.0950413 -0.371639
0.0929752 -0.370959
0.0805785 -0.369819
0.036157 -0.368371
0.0485537 -0.367636
0.0382231 -0.366774
0.0743802 -0.365651
0.0857438 -0.364191
0.0795455 -0.362935
0.0485537 -0.362056
0.0247934 -0.361735
0.0433884 -0.361766
0.00103306 -0.361919
0.0113636 -0.361634
0.00929752 -0.361919
0.00206612 -0.362209
0.0454545 -0.36237
0.0650826 -0.362206
0.0919421 -0.362138
0.0960744 -0.361737
0.0774793 -0.361077
0.0909091 -0.360482
0.0909091 -0.359877
0.102273 -0.359485
0.103306 -0.359189
0.119835 -0.359093
0.0867769 -0.359208
0.0692149 -0.359176
0.104339 -0.359179
0.105372 -0.35865
0.105372 -0.35854
0.0795455 -0.358694
0.0826446 -0.359292
0.0506198 -0.360055
0.0413223 -0.360568
0.0444215 -0.361045
0.0547521 -0.361197
0.0857438 -0.361501
0.0464876 -0.362475
0.0702479 -0.364088
0.114669 -0.365398
0.0681818 -0.366476
0.0857438 -0.367086
0.127066 -0.367642
0.127066 -0.368059
0.119835 -0.368115
0.131198 -0.368005
0.11157 -0.368238
0.11157 -0.368169
0.119835 -0.367823
0.112603 -0.367417
0.0867769 -0.367107
0.0661157 -0.366978
0.0702479 -0.367021
0.0754132 -0.366943
0.0785124 -0.367361
0.103306 -0.367572
0.0785124 -0.367966
0.112603 -0.368556
0.0661157 -0.368773
0.0547521 -0.369125
0.0836777 -0.369997
0.0867769 -0.370548
0.10124 -0.37097
0.112603 -0.371102
0.114669 -0.371033
0.130165 -0.371289
0.0991736 -0.371497
0.108471 -0.371126
0.106405 -0.370925
0.114669 -0.370563
0.0991736 -0.369996
0.140496 -0.369482
0.13843 -0.36912
0.167355 -0.368591
0.150826 -0.368004
0.149793 -0.367379
0.123967 -0.367128
0.118802 -0.366522
0.136364 -0.36613
0.152893 -0.365942
0.130165 -0.365907
0.171488 -0.365986
0.155992 -0.366058
0.147727 -0.365726
0.119835 -0.36566
0.108471 -0.365022
0.146694 -0.364648
0.117769 -0.363712
0.113636 -0.362688
0.115702 -0.361742
0.136364 -0.360727
0.123967 -0.359593
0.123967 -0.358712
0.132231 -0.358072
0.136364 -0.356958
0.125 -0.35648
0.147727 -0.356397
0.137397 -0.355923
0.0878099 -0.35525
0.0805785 -0.354569
0.0857438 -0.354228
0.0836777 -0.354204
0.125 -0.354263
0.114669 -0.354601
0.053719 -0.354869
0.0278926 -0.355054
0.0216942 -0.355453
0.0258264 -0.355892
0.018595 -0.356594
0.0805785 -0.357226
0.0950413 -0.357749
0.129132 -0.358352
0.0836777 -0.35953
0.10124 -0.360748
0.145661 -0.361651
0.137397 -0.362529
0.134298 -0.363571
0.155992 -0.364948
0.190083 -0.36635
0.209711 -0.367535
0.209711 -0.368643
0.176653 -0.369952
0.174587 -0.371385
0.16219 -0.372613
0.169421 -0.373658
0.159091 -0.374603
0.195248 -0.375639
0.21281 -0.376466
0.227273 -0.377388
0.210744 -0.378361
0.202479 -0.378999
0.229339 -0.379859
0.260331 -0.3802
0.258264 -0.380561
0.25 -0.380925
0.25 -0.381236
0.261364 -0.381334
0.260331 -0.381843
0.280992 -0.382432
0.307851 -0.382854
0.289256 -0.382683
0.280992 -0.382722
0.272727 -0.382865
0.267562 -0.383332
0.31095 -0.383588
0.325413 -0.383357
0.316116 -0.383416
0.325413 -0.383541
0.297521 -0.3838
0.278926 -0.384138
0.318182 -0.383458
0.31405 -0.38259
0.284091 -0.38204
0.277893 -0.381921
0.301653 -0.382089
0.264463 -0.381938
0.238636 -0.381281
0.232438 -0.380998
0.271694 -0.380873
0.253099 -0.380767
0.256198 -0.380737
0.27376 -0.380678
0.21281 -0.380946
0.248967 -0.380943
0.247934 -0.38111
0.253099 -0.381258
0.259298 -0.380656
0.258264 -0.380259
0.278926 -0.379703
0.239669 -0.379037
0.240702 -0.378533
0.214876 -0.37756
0.240702 -0.376721
0.229339 -0.376056
0.197314 -0.375053
0.209711 -0.374164
0.230372 -0.373056
0.224174 -0.371654
0.210744 -0.369802
0.210744 -0.36808
0.208678 -0.366326
0.213843 -0.364554
0.213843 -0.363234
0.242769 -0.361617
0.267562 -0.359241
0.284091 -0.356674
0.322314 -0.354316
0.309917 -0.352036
0.295455 -0.350183
0.291322 -0.347866
0.268595 -0.345542
0.221074 -0.34369
0.243802 -0.342009
0.23657 -0.34017
0.243802 -0.338033
0.260331 -0.336506
0.270661 -0.334566
0.225207 -0.332792
0.230372 -0.331203
0.228306 -0.329517
0.210744 -0.327867
0.208678 -0.325707
0.176653 -0.323558
0.146694 -0.320941
0.0940083 -0.318507
0.0795455 -0.315946
0.105372 -0.31383
0.0826446 -0.312083
0.0547521 -0.310305
0.0371901 -0.30889
0.0475207 -0.307902
0.0258264 -0.306422
0.0309917 -0.304547
0.0340909 -0.302604
0.00103306 -0.300755
0.0216942 -0.299257
0.018595 -0.298136
0.0444215 -0.29694
0.0444215 -0.295716
0.0568182 -0.294501
0.0423554 -0.293239
0.0516529 -0.291701
0.00103306 -0.29035
0.0144628 -0.289273
0.0330579 -0.288107
0.052686 -0.28674
0.0630165 -0.285318
0.0857438 -0.283851
0.0568182 -0.28243
0.0733471 -0.280852
0.0754132 -0.27965
0.0578512 -0.278592
0.0299587 -0.277287
0.0247934 -0.276009
0.0330579 -0.275117
0.071281 -0.274571
0.0599174 -0.273932
0.0423554 -0.272873
0.00103306 -0.272315
0.00929752 -0.272084
0.00929752 -0.272057
0.0247934 -0.271787
0.00103306 -0.271422
0.0144628 -0.271251
0.00929752 -0.271324
0.0216942 -0.272258
0.0444215 -0.273257
0.0123967 -0.273907
0.0268595 -0.274758
0.0154959 -0.275809
0.00206612 -0.277226
0.0227273 -0.278904
0.0661157 -0.280353
0.0268595 -0.281465
0.0340909 -0.282423
0.0289256 -0.283435
0.0599174 -0.285115
0.0547521 -0.286264
0.0475207 -0.28731
0.0516529 -0.288525
0.0578512 -0.290013
0.036157 -0.291422
0.0557851 -0.292884
0.0309917 -0.293997
0.0134298 -0.29499
0.00826446 -0.296681
0.00619835 -0.298876
0.0681818 -0.300766
0.0909091 -0.30279
0.0485537 -0.304002
0.0320248 -0.305134
0.0692149 -0.306891
0.0681818 -0.308321
0.0547521 -0.310278
0.0340909 -0.311719
0.0392562 -0.313204
0.0268595 -0.314798
0.0320248 -0.316259
0.0299587 -0.316978
0.0475207 -0.317637
0.0588843 -0.318902
0.0475207 -0.32016
0.0568182 -0.321262
0.0609504 -0.322455
0.0619835 -0.323825
0.0578512 -0.324575
0.0857438 -0.32542
0.0661157 -0.326211
0.0847107 -0.327091
0.0547521 -0.328144
0.0671488 -0.328543
0.0557851 -0.328862
0.0268595 -0.329431
0.0475207 -0.329429
0.0485537 -0.329441
0.0495868 -0.329683
0.0103306 -0.329916
0.00309917 -0.330463
0.0371901 -0.330539
0.036157 -0.33035
0.0506198 -0.329636
0.0909091 -0.32835
0.108471 -0.327398
0.0971074 -0.327374
0.0588843 -0.327357
0.0599174 -0.326916
0.0423554 -0.32645
0.036157 -0.325922
0.071281 -0.325615
0.0743802 -0.325143
0.0847107 -0.324025
0.089876 -0.323016
0.0795455 -0.321863
0.088843 -0.320949
0.0826446 -0.320174
0.0847107 -0.319423
0.0805785 -0.318099
0.0423554 -0.316831
0.0547521 -0.315577
0.0619835 -0.314093
0.052686 -0.313268
0.0371901 -0.312066
0.0816116 -0.310673
0.0764463 -0.309429
0.0795455 -0.308172
0.0929752 -0.306401
0.0867769 -0.304949
0.0671488 -0.303518
0.0588843 -0.301921
0.0299587 -0.299686
0.0206612 -0.297395
0.0516529 -0.29546
0.0216942 -0.293191
0.017562 -0.29014
0.00516529 -0.287265
0.0123967 -0.284333
0.0289256 -0.281603
0.0495868 -0.278953
0.053719 -0.276712
0.0402893 -0.274033
0.0237603 -0.271186
0.0382231 -0.268287
0.0413223 -0.265489
0.0495868 -0.262411
0.0733471 -0.259203
0.0547521 -0.255466
0.0268595 -0.252001
0.0103306 -0.248869
0.0268595 -0.246354
0.0072314 -0.243129
0.00619835 -0.240129
0.0154959 -0.237155
0.0609504 -0.234299
0.0774793 -0.231196
0.0433884 -0.228519
0.0702479 -0.225691
0.0599174 -0.222865
0.0485537 -0.21999
0.0599174 -0.217029
0.071281 -0.214312
0.0919421 -0.212012
0.106405 -0.209146
0.0836777 -0.206643
0.0702479 -0.204425
0.110537 -0.202773
0.113636 -0.200999
0.123967 -0.199191
0.0774793 -0.197632
0.0764463 -0.196619
0.0774793 -0.195851
0.0640496 -0.195
0.0692149 -0.194079
0.00826446 -0.193553
0.0206612 -0.192977
0.0340909 -0.192555
0.0144628 -0.191935
0.0402893 -0.191157
0.0216942 -0.190316
0.0268595 -0.189475
0.0299587 -0.189197
0.088843 -0.189289
0.131198 -0.18931
0.140496 -0.188984
0.104339 -0.188389
0.123967 -0.188261
0.115702 -0.187933
0.126033 -0.187725
0.152893 -0.187196
0.127066 -0.187014
0.113636 -0.186848
0.14876 -0.186503
0.139463 -0.186515
0.165289 -0.186873
0.154959 -0.187349
0.177686 -0.187199
0.18905 -0.186693
0.194215 -0.186562
0.181818 -0.186535
0.15186 -0.186347
0.125 -0.186372
0.130165 -0.187113
0.174587 -0.18758
0.184917 -0.188006
0.22314 -0.188733
0.238636 -0.189151
0.210744 -0.190028
0.222107 -0.191165
0.203512 -0.192309
0.203512 -0.19296
0.184917 -0.193654
0.193182 -0.194243
0.17562 -0.195024
0.15186 -0.195793
0.211777 -0.19687
0.200413 -0.197663
0.195248 -0.199017
0.205579 -0.200382
0.205579 -0.202305
0.211777 -0.20432
0.18905 -0.206123
0.182851 -0.207939
0.166322 -0.209657
0.196281 -0.211233
0.198347 -0.212944
0.224174 -0.214024
0.274793 -0.215421
0.257231 -0.216974
0.246901 -0.218733
0.259298 -0.220309
0.270661 -0.22183
0.241736 -0.222734
0.209711 -0.223214
0.209711 -0.223913
0.239669 -0.224508
0.224174 -0.224816
0.202479 -0.224945
0.196281 -0.224688
0.174587 -0.224571
0.192149 -0.2249
0.182851 -0.224788
0.177686 -0.224475
0.192149 -0.224328
0.214876 -0.224435
0.214876 -0.224394
0.192149 -0.224545
0.182851 -0.224769
0.159091 -0.22491
0.146694 -0.224978
0.116736 -0.224592
0.0940083 -0.225046
0.112603 -0.225854
0.108471 -0.226688
0.0847107 -0.227674
0.130165 -0.228288
0.0960744 -0.229422
0.10124 -0.230047
0.110537 -0.230395
0.117769 -0.23091
0.089876 -0.231851
0.0795455 -0.231968
0.104339 -0.231625
0.0671488 -0.231084
0.0661157 -0.230148
0.11157 -0.229167
0.0878099 -0.228141
0.0785124 -0.227306
0.0795455 -0.227237
0.0919421 -0.227129
0.0950413 -0.226938
0.071281 -0.226143
0.115702 -0.225516
0.10124 -0.224848
0.123967 -0.224133
0.116736 -0.22271
0.119835 -0.221849
0.150826 -0.220706
0.147727 -0.219461
0.171488 -0.217995
0.164256 -0.216073
0.165289 -0.213828
0.143595 -0.212072
0.136364 -0.210195
0.147727 -0.208666
0.166322 -0.206704
0.155992 -0.20485
0.139463 -0.203381
0.131198 -0.201788
0.146694 -0.200169
0.181818 -0.198456
0.116736 -0.197362
0.0805785 -0.196281
0.0805785 -0.195128
0.0836777 -0.194229
0.0847107 -0.193463
0.052686 -0.193021
0.017562 -0.19265
0.0444215 -0.191629
0.0392562 -0.190358
0.0247934 -0.189372
0.0320248 -0.188413
0.00413223 -0.187939
0.0103306 -0.187589
0 -0.187351
0.0247934 -0.187258
0.0681818 -0.186683
0.0785124 -0.186121
0.102273 -0.185557
0.089876 -0.184861
0.088843 -0.184412
0.072314 -0.18398
0.10124 -0.183453
0.0960744 -0.182651
0.0950413 -0.181414
0.0475207 -0.179956
0.0433884 -0.178723
0.052686 -0.177427
0.0382231 -0.176264
0.0681818 -0.175665
0.0547521 -0.175456
0.0227273 -0.175004
0.0268595 -0.174714
0.0402893 -0.174272
0.0557851 -0.174499
0.0588843 -0.174556
0.0764463 -0.174549
0.0702479 -0.174732
0.112603 -0.175027
0.0981405 -0.175364
0.0826446 -0.17568
0.088843 -0.176555
0.114669 -0.177368
0.100207 -0.178065
0.0733471 -0.179169
0.0919421 -0.180401
0.0816116 -0.181529
0.0764463 -0.182584
0.104339 -0.183861
0.131198 -0.184921
0.121901 -0.186052
0.10124 -0.187252
0.10124 -0.188768
0.120868 -0.190265
0.127066 -0.190804
0.130165 -0.192112
0.137397 -0.193205
0.16219 -0.193796
0.146694 -0.194654
0.102273 -0.195708
0.108471 -0.197366
0.112603 -0.199491
0.144628 -0.200886
0.144628 -0.202242
0.105372 -0.203108
0.110537 -0.203389
0.103306 -0.20357
0.0950413 -0.203645
0.120868 -0.204329
0.103306 -0.204771
0.088843 -0.205528
0.102273 -0.206141
0.0836777 -0.206607
0.121901 -0.207112
0.100207 -0.207421
0.0816116 -0.207445
0.104339 -0.206988
0.0433884 -0.206608
0.0743802 -0.206554
0.0950413 -0.206371
0.139463 -0.20614
0.129132 -0.205816
0.150826 -0.205575
0.153926 -0.205222
0.136364 -0.205378
0.0867769 -0.206131
0.0909091 -0.206201
0.110537 -0.206246
0.102273 -0.206473
0.071281 -0.20702
0.0826446 -0.207888
0.089876 -0.208631
0.126033 -0.209156
0.125 -0.209527
0.123967 -0.209469
0.108471 -0.208966
0.10124 -0.208097
0.115702 -0.207637
0.0909091 -0.207119
0.0909091 -0.206734
0.0960744 -0.205847
0.0588843 -0.20468
0.0413223 -0.203774
0.0568182 -0.202785
0.0578512 -0.201695
0.0464876 -0.201165
0.0299587 -0.200714
0.0878099 -0.200185
0.0568182 -0.199415
0.0630165 -0.199546
0.0268595 -0.199096
0.0557851 -0.19828
0.0816116 -0.197295
0.0929752 -0.196144
0.0764463 -0.194638
0.0867769 -0.192934
0.0774793 -0.19131
0.017562 -0.189724
0.0950413 -0.188769
0.117769 -0.187723
0.122934 -0.186185
0.108471 -0.184435
0.0764463 -0.183281
0.0671488 -0.182013
0.0733471 -0.180538
0.102273 -0.178273
0.135331 -0.17652
0.14876 -0.174274
0.172521 -0.171348
0.147727 -0.168371
0.178719 -0.165764
0.116736 -0.163476
0.108471 -0.160792
0.133264 -0.158356
0.104339 -0.156297
0.0940083 -0.154434
0.0836777 -0.152758
0.0681818 -0.150713
0.0650826 -0.149073
0.0940083 -0.147417
0.0764463 -0.145762
0.0382231 -0.143748
0.00206612 -0.141846
0.0144628 -0.14066
0.0227273 -0.139568
0.0557851 -0.13791
0.0940083 -0.136105
0.107438 -0.133919
0.118802 -0.13195
0.0909091 -0.129581
0.118802 -0.127626
0.131198 -0.125887
0.134298 -0.124276
0.120868 -0.122698
0.131198 -0.120783
0.109504 -0.119198
0.142562 -0.117837
0.119835 -0.116663
0.106405 -0.115339
0.107438 -0.113975
0.136364 -0.112576
0.141529 -0.110707
0.135331 -0.109137
0.118802 -0.10751
0.123967 -0.106273
0.0971074 -0.104407
0.0929752 -0.102508
0.104339 -0.100918
0.113636 -0.0985487
0.104339 -0.0957452
0.131198 -0.093131
0.125 -0.0903394
0.167355 -0.0876882
0.163223 -0.0849693
0.158058 -0.0818587
0.144628 -0.078508
0.195248 -0.0751893
0.188017 -0.0721075
0.170455 -0.0682505
0.155992 -0.0644308
0.150826 -0.0598001
0.133264 -0.0556505
0.115702 -0.0516942
0.118802 -0.0475378
0.116736 -0.04313
0.115702 -0.0387534
0.0795455 -0.0342487
0.088843 -0.030153
0.130165 -0.0259259
0.133264 -0.0220074
0.147727 -0.018378
0.16219 -0.0140244
0.192149 -0.0100547
0.182851 -0.00647001
0.183884 -0.003239
0.195248 6.01246e-06
0.235537 0.00325886
0.257231 0.00632037
0.255165 0.00939306
0.22624 0.0124554
0.239669 0.0152151
0.229339 0.0179937
0.256198 0.0208096
0.227273 0.0234952
0.191116 0.0260439
0.180785 0.0283123
0.174587 0.0306591
0.204545 0.0334618
0.213843 0.0359812
0.197314 0.0382291
0.241736 0.0404372
0.227273 0.0425656
0.239669 0.0447364
0.280992 0.0463139
0.291322 0.0477579
0.303719 0.0483704
0.295455 0.0485339
0.322314 0.0489083
0.288223 0.0497881
0.327479 0.049867
0.326446 0.0500566
0.311983 0.0499577
0.307851 0.0506721
0.333678 0.0516803
0.370868 0.0528255
0.375 0.0538236
0.339876 0.0546906
0.31405 0.055251
0.311983 0.055825
0.331612 0.0562938
0.304752 0.0565891
0.319215 0.0571238
0.357438 0.0575737
0.375 0.0582765
0.366736 0.0584129
0.38843 0.0580086
0.38843 0.0581021
0.397727 0.0580282
0.369835 0.0582782
0.362603 0.0578939
0.356405 0.0575991
0.395661 0.0573726
0.400826 0.0569781
0.394628 0.05695
0.339876 0.0566874
0.339876 0.0565988
0.375 0.0566051
0.391529 0.0566768
0.419421 0.0566109
0.447314 0.0569563
0.456612 0.0573145
0.432851 0.0580225
0.423554 0.0584189
0.442149 0.0591944
0.454545 0.0596275
0.452479 0.0601003
0.459711 0.0602867
0.451446 0.0601418
0.447314 0.0606973
0.456612 0.0615739
0.438017 0.0627784
0.43905 0.0639405
0.436983 0.0649313
0.442149 0.0660952
0.46281 0.0670994
0.446281 0.0680856
0.417355 0.0691169
0.440083 0.0703167
0.403926 0.0712481
0.39876 0.0726262
0.414256 0.0738215
0.369835 0.0752795
0.358471 0.0763291
0.363636 0.0777746
0.383264 0.0784775
0.356405 0.078524
0.390496 0.0793382
0.428719 0.0806452
0.356405 0.0817575
0.363636 0.0825965
0.368802 0.0836528
0.377066 0.0845697
0.375 0.0856748
0.328512 0.0873159
0.323347 0.0889462
0.311983 0.0903232
0.295455 0.0911254
0.290289 0.0919639
0.278926 0.0929356
0.285124 0.094216
0.258264 0.0953192
0.26343 0.0966923
0.26343 0.0983039
0.292355 0.100626
0.279959 0.103053
0.280992 0.104974
0.271694 0.106613
0.292355 0.108324
0.325413 0.109944
0.327479 0.111699
0.329545 0.113403
0.309917 0.115237
0.315083 0.116585
0.311983 0.116785
0.280992 0.116934
0.268595 0.116728
0.282025 0.116916
0.284091 0.116625
0.322314 0.116354
0.318182 0.116439
0.31405 0.116692
0.309917 0.116494
0.291322 0.116122
0.293388 0.116124
0.302686 0.116467
0.307851 0.116796
0.296488 0.117549
0.286157 0.117947
0.327479 0.118247
0.341942 0.119171
0.359504 0.119904
0.377066 0.120257
0.376033 0.120157
0.407025 0.120475
0.41219 0.121205
0.382231 0.121481
0.365702 0.121166
0.320248 0.120578
0.298554 0.120075
0.265496 0.119779
0.239669 0.119708
0.26343 0.119294
0.291322 0.118805
0.278926 0.118471
0.274793 0.118385
0.251033 0.11834
0.261364 0.118534
0.274793 0.118789
0.297521 0.119227
0.334711 0.119321
0.353306 0.11999
0.349174 0.121058
0.332645 0.121632
0.28719 0.121982
0.294421 0.122178
0.317149 0.121869
0.344008 0.121911
0.336777 0.121346
0.325413 0.120538
0.338843 0.119858
0.313017 0.11964
0.264463 0.119475
0.230372 0.119225
0.234504 0.118273
0.255165 0.118248
0.229339 0.117973
0.230372 0.117284
0.228306 0.11708
0.233471 0.116887
0.274793 0.116417
0.239669 0.115794
0.22624 0.115627
0.209711 0.115457
0.217975 0.115413
0.231405 0.115444
0.277893 0.115161
0.286157 0.114955
0.288223 0.114803
0.304752 0.114248
0.247934 0.113198
0.307851 0.112609
0.282025 0.111333
0.274793 0.109654
0.27686 0.10757
0.296488 0.105924
0.255165 0.105067
0.242769 0.103911
0.229339 0.102898
0.234504 0.101501
0.232438 0.100009
0.260331 0.0984417
0.279959 0.0970971
0.257231 0.0957256
0.259298 0.0943684
0.280992 0.0926406
0.279959 0.0919969
0.268595 0.0911967
0.265496 0.0901098
0.259298 0.0892383
0.252066 0.0875596
0.240702 0.0863573
0.246901 0.085617
0.274793 0.0845788
0.261364 0.0835533
0.26343 0.0823516
0.274793 0.0812412
0.245868 0.0802021
0.260331 0.0783395
0.277893 0.0764627
0.296488 0.0746866
0.254132 0.0726458
0.269628 0.0707707
0.286157 0.068568
0.294421 0.0665796
0.278926 0.0643432
0.289256 0.0619157
0.307851 0.0591538
0.318182 0.0559617
0.320248 0.0531981
0.316116 0.0506657
0.325413 0.0482161
0.333678 0.0458896
0.326446 0.0432657
0.318182 0.0407315
0.28719 0.0380292
0.306818 0.0355946
0.292355 0.0332517
0.301653 0.0312596
0.319215 0.028313
0.364669 0.0248176
0.345041 0.0214896
0.318182 0.0179698
0.317149 0.0143414
0.334711 0.010863
0.325413 0.00667782
0.27376 0.00299915
0.274793 -0.00122559
0.27686 -0.00527162
0.277893 -0.00883211
0.269628 -0.0122001
0.242769 -0.0151731
0.259298 -0.0190303
0.293388 -0.0226823
0.291322 -0.0257668
0.279959 -0.0293147
0.279959 -0.0330933
0.261364 -0.0361813
0.235537 -0.0385378
0.214876 -0.0410702
0.209711 -0.0436024
0.170455 -0.0467574
0.155992 -0.0492249
0.214876 -0.051528
0.18595 -0.0536617
0.173554 -0.0566987
0.18905 -0.0599622
0.215909 -0.0625972
0.200413 -0.0650118
0.21281 -0.0675327
0.173554 -0.069828
0.183884 -0.0720718
0.211777 -0.0742378
0.203512 -0.0769255
0.237603 -0.0793552
0.284091 -0.0821945
0.274793 -0.0840974
0.293388 -0.0857385
0.295455 -0.0878002
0.266529 -0.0889108
0.266529 -0.0897644
0.259298 -0.0904948
0.258264 -0.0916485
0.268595 -0.0926469
0.264463 -0.0932786
0.246901 -0.094228
0.214876 -0.0953168
0.219008 -0.0960163
0.216942 -0.096473
0.216942 -0.096946
0.204545 -0.0978689
0.219008 -0.0999655
0.227273 -0.101545
0.242769 -0.103302
0.241736 -0.104453
0.255165 -0.105908
0.259298 -0.10756
0.299587 -0.109274
0.295455 -0.110548
0.27686 -0.111683
0.270661 -0.112737
0.279959 -0.114144
0.31095 -0.115226
0.325413 -0.115645
0.325413 -0.116034
0.328512 -0.116243
0.31405 -0.116564
0.332645 -0.116749
0.329545 -0.116926
0.315083 -0.117037
0.303719 -0.117273
0.326446 -0.117181
0.355372 -0.117233
0.376033 -0.116603
0.360537 -0.115921
0.362603 -0.115503
0.335744 -0.115627
0.320248 -0.115759
0.352273 -0.115716
0.35124 -0.115699
0.411157 -0.115914
0.451446 -0.115525
0.424587 -0.115621
0.429752 -0.115831
0.428719 -0.116096
0.451446 -0.116121
0.459711 -0.116265
0.448347 -0.11609
0.447314 -0.115788
0.47624 -0.115836
0.504132 -0.115453
0.51343 -0.115623
0.480372 -0.115871
0.471074 -0.116581
0.454545 -0.116936
0.436983 -0.117202
0.436983 -0.117231
0.469008 -0.117326
0.481405 -0.116779
0.47624 -0.115916
0.482438 -0.115723
0.469008 -0.115586
0.483471 -0.114288
0.494835 -0.111982
0.53719 -0.110149
0.518595 -0.108261
0.52686 -0.106382
0.502066 -0.104767
0.506198 -0.103648
0.52376 -0.10239
0.542355 -0.100787
0.52686 -0.0991333
0.522727 -0.0976408
0.477273 -0.0964219
0.44938 -0.0953697
0.47624 -0.0942787
0.48657 -0.0926496
0.504132 -0.0911758
0.516529 -0.0900562
0.503099 -0.0886878
0.472107 -0.0868969
0.431818 -0.0854067
0.395661 -0.0837041
0.38843 -0.0817756
0.411157 -0.0800857
0.403926 -0.078715
0.418388 -0.0774765
0.429752 -0.076674
0.417355 -0.075745
0.384298 -0.0746415
0.385331 -0.0735446
0.375 -0.0726154
0.371901 -0.0717648
0.329545 -0.0707646
0.355372 -0.069846
0.353306 -0.0690065
0.356405 -0.0685922
0.340909 -0.06812
0.315083 -0.0679888
0.293388 -0.0674182
0.318182 -0.0667848
0.299587 -0.0654545
0.271694 -0.0639117
0.278926 -0.0624183
0.257231 -0.0615707
0.267562 -0.0607809
0.299587 -0.0595706
0.290289 -0.0581278
0.322314 -0.0568056
0.331612 -0.0552348
0.317149 -0.0537545
0.294421 -0.0524118
0.316116 -0.0510801
0.268595 -0.0496797
0.299587 -0.0483662
0.315083 -0.0468243
0.334711 -0.0450164
0.385331 -0.0440204
0.359504 -0.042689
0.36157 -0.0418414
0.322314 -0.040183
0.316116 -0.0385031
0.347107 -0.0371759
0.327479 -0.0359212
0.34814 -0.0346322
0.369835 -0.0331869
0.367769 -0.0313187
0.356405 -0.0294965
0.356405 -0.028466
0.395661 -0.0277061
0.417355 -0.0268773
0.408058 -0.0257498
0.381198 -0.0252783
0.396694 -0.0246984
0.400826 -0.0234388
0.411157 -0.0220983
0.405992 -0.0203737
0.459711 -0.0184714
0.479339 -0.0155672
0.48657 -0.0120245
0.46281 -0.00814251
0.447314 -0.00471263
0.456612 -0.00191099
0.469008 0.0010203
0.52376 0.00351689
0.493802 0.00625024
0.448347 0.00942233
0.433884 0.0121398
0.415289 0.0143057
0.446281 0.0163193
0.403926 0.0179891
0.400826 0.0205942
0.393595 0.0228652
0.408058 0.024698
0.410124 0.0267333
0.424587 0.0290728
0.423554 0.0310459
0.419421 0.0331784
0.393595 0.0352728
0.393595 0.0373772
0.362603 0.03947
0.380165 0.04119
0.428719 0.043353
0.433884 0.0449131
0.447314 0.0457457
0.410124 0.0464625
0.396694 0.0471653
0.400826 0.0483187
0.402893 0.0493116
0.347107 0.0503126
0.353306 0.0508162
0.342975 0.0517146
0.36157 0.0529661
0.345041 0.054155
0.327479 0.054987
0.354339 0.0557672
0.383264 0.0572802
0.366736 0.0590015
0.35124 0.060741
0.359504 0.0622465
0.36157 0.0644535
0.368802 0.0666697
0.326446 0.069117
0.326446 0.0714252
0.309917 0.0737301
0.322314 0.0766273
0.305785 0.0794721
0.307851 0.0819652
0.315083 0.0848257
0.334711 0.0872406
0.302686 0.0890354
0.30062 0.0913593
0.306818 0.0936261
0.304752 0.0964324
0.336777 0.0995508
0.355372 0.102671
0.408058 0.105214
0.369835 0.107717
0.34814 0.109712
0.354339 0.111076
0.359504 0.112922
0.363636 0.115029
0.367769 0.117666
0.340909 0.12046
0.345041 0.123035
0.341942 0.125287
0.362603 0.127611
0.42562 0.1293
0.41219 0.131099
0.422521 0.133242
0.411157 0.135177
0.415289 0.13666
0.446281 0.138557
0.477273 0.139879
0.478306 0.14095
0.507231 0.142218
0.501033 0.142912
0.498967 0.144043
0.52686 0.145281
0.524793 0.145803
0.517562 0.146261
0.503099 0.146974
0.504132 0.147608
0.510331 0.148668
0.521694 0.14964
0.525826 0.150386
0.514463 0.151143
0.527893 0.152656
0.561983 0.15401
0.571281 0.155388
0.520661 0.155868
0.568182 0.155555
0.577479 0.156625
0.579545 0.157818
0.577479 0.159107
0.591942 0.160252
0.616736 0.161439
0.595041 0.162533
0.586777 0.163799
0.569215 0.165693
0.55062 0.167021
0.573347 0.168498
0.578512 0.170742
0.568182 0.173378
0.551653 0.175663
0.527893 0.177924
0.506198 0.179667
0.470041 0.180995
0.475207 0.182154
0.465909 0.183813
0.471074 0.184937
0.447314 0.185962
0.43595 0.186465
0.453512 0.18719
0.471074 0.187035
0.463843 0.18687
0.461777 0.187222
0.451446 0.1878
0.461777 0.18865
0.460744 0.188881
0.465909 0.189408
0.463843 0.189854
0.446281 0.189677
0.410124 0.189343
0.42562 0.188623
0.41219 0.1884
0.385331 0.188547
0.383264 0.188013
0.397727 0.18728
0.413223 0.186206
0.430785 0.186106
0.429752 0.185537
0.427686 0.184755
0.438017 0.183784
0.456612 0.18258
0.422521 0.180896
0.422521 0.178521
0.402893 0.176406
0.40186 0.174654
0.383264 0.172383
0.382231 0.170219
0.379132 0.168024
0.354339 0.165708
0.340909 0.163263
0.307851 0.160244
0.294421 0.15665
0.327479 0.152795
0.316116 0.148974
0.284091 0.145411
0.290289 0.142276
0.299587 0.139202
0.278926 0.136206
0.299587 0.13304
0.306818 0.130084
0.345041 0.127736
0.366736 0.125698
0.328512 0.123951
0.352273 0.121614
0.341942 0.119965
0.370868 0.117956
0.330579 0.116098
0.338843 0.113293
0.309917 0.110457
0.333678 0.108174
0.323347 0.106017
0.33781 0.104608
0.328512 0.103527
0.367769 0.102493
0.356405 0.101825
0.365702 0.100863
0.345041 0.10005
0.350207 0.0991414
0.380165 0.0982073
0.365702 0.0971092
0.322314 0.09617
0.292355 0.0953953
0.325413 0.09454
0.308884 0.0941534
0.27376 0.0936792
0.288223 0.0933952
0.28719 0.0928908
0.28719 0.0920953
0.286157 0.0907932
0.301653 0.0893253
0.259298 0.0883787
0.247934 0.0876194
0.239669 0.0869198
0.219008 0.0859969
0.210744 0.0845819
0.184917 0.0828818
0.209711 0.0812292
0.229339 0.0792997
0.216942 0.0778719
0.221074 0.07655
0.22624 0.0763503
0.229339 0.0755678
0.228306 0.0750916
0.230372 0.0748211
0.229339 0.0744843
0.253099 0.0742147
0.272727 0.0744364
0.257231 0.0739392
0.229339 0.0724914
0.255165 0.0708784
0.264463 0.0700383
0.247934 0.0694013
0.23657 0.0683338
0.198347 0.0667271
0.205579 0.0650355
0.176653 0.0635485
0.122934 0.0615613
0.0857438 0.0597651
0.0940083 0.0580533
0.116736 0.0569619
0.100207 0.0563049
0.0940083 0.0554069
0.071281 0.0546211
0.0971074 0.0537815
0.147727 0.0526323
0.13843 0.0518122
0.112603 0.0516134
0.114669 0.0513543
0.128099 0.0508935
0.153926 0.050157
0.113636 0.0491644
0.0981405 0.0481218
0.131198 0.0473622
0.089876 0.046672
0.120868 0.0456416
0.123967 0.0450775
0.165289 0.0441169
0.163223 0.0433837
0.169421 0.0430805
0.125 0.042241
0.133264 0.041487
0.166322 0.0415034
0.164256 0.0410587
0.179752 0.0405705
0.193182 0.039361
0.194215 0.037466
0.191116 0.0354407
0.198347 0.0337528
0.198347 0.0321988
0.182851 0.0299759
0.242769 0.0275522
0.271694 0.0248691
0.289256 0.0224102
0.272727 0.0204553
0.248967 0.0189524
0.201446 0.0172724
0.188017 0.0156901
0.208678 0.0137835
0.188017 0.0123233
0.201446 0.0109666
0.179752 0.00957168
0.174587 0.00829749
0.161157 0.00741143
0.141529 0.00570966
0.0971074 0.00362171
0.106405 0.00199402
0.10124 0.000548482
0.110537 -0.000612693
0.100207 -0.00131391
0.0743802 -0.00207124
0.105372 -0.00270507
0.115702 -0.00328147
0.089876 -0.00346545
0.0878099 -0.004614
0.106405 -0.00539898
0.0971074 -0.00637313
0.053719 -0.00678579
0.100207 -0.00747776
0.106405 -0.00806747
0.0919421 -0.0085856
0.104339 -0.00847808
0.0867769 -0.00889555
0.0309917 -0.0102385
0.0340909 -0.011083
0.00929752 -0.0116482
0.0299587 -0.0130927
0.0299587 -0.0139159
0.0702479 -0.0149179
0.0485537 -0.0160826
0.0247934 -0.0167751
0.0206612 -0.0175999
0.00516529 -0.0186377
0.0165289 -0.0191535
0.0495868 -0.0199143
0.0836777 -0.0202155
0.10124 -0.0193283
0.108471 -0.0193862
0.119835 -0.0196327
0.132231 -0.0194838
0.142562 -0.0193409
0.128099 -0.0194128
0.117769 -0.0201367
0.10124 -0.0203026
0.130165 -0.0202383
0.104339 -0.0201073
0.123967 -0.0205983
0.0919421 -0.0209316
0.116736 -0.0211792
0.071281 -0.0217949
0.0433884 -0.0221186
0.0454545 -0.0224015
0.0247934 -0.0223108
0.0454545 -0.02203
0.0268595 -0.021542
0.0340909 -0.0213794
0.0340909 -0.0210793
0.0113636 -0.0210684
0.00103306 -0.0210857
0.0216942 -0.020758
0.0464876 -0.0205655
0.0650826 -0.020492
0.0702479 -0.0201396
0.0475207 -0.0200487
0.0413223 -0.0198087
0.0433884 -0.0192511
0.0330579 -0.0196216
0.0134298 -0.0203072
0.0103306 -0.0210587
0.0454545 -0.0218012
0.036157 -0.0225259
0.0475207 -0.0235534
0.0940083 -0.0252059
0.141529 -0.027116
0.115702 -0.0281806
0.106405 -0.0288418
0.123967 -0.0290575
0.153926 -0.0297941
0.213843 -0.0299654
0.18905 -0.0297242
0.184917 -0.0299617
0.164256 -0.0299744
0.132231 -0.029462
0.108471 -0.0291029
0.115702 -0.0275578
0.140496 -0.0266959
0.157025 -0.0259014
0.219008 -0.0253609
0.259298 -0.0246282
0.260331 -0.024398
0.265496 -0.0237388
0.255165 -0.0232216
0.261364 -0.0228579
0.285124 -0.0231104
0.267562 -0.0230918
0.258264 -0.023126
0.288223 -0.0229377
0.283058 -0.0234434
0.222107 -0.0228606
0.25 -0.0224275
0.274793 -0.0220842
0.248967 -0.0213129
0.243802 -0.0201932
0.264463 -0.0198084
0.244835 -0.019372
0.248967 -0.0188063
0.246901 -0.0180354
0.242769 -0.0170522
0.241736 -0.0158901
0.256198 -0.0154006
0.269628 -0.0149827
0.256198 -0.0143058
0.258264 -0.0139023
0.208678 -0.0133237
0.203512 -0.0128503
0.222107 -0.0128131
0.22314 -0.0128886
0.255165 -0.0127383
0.271694 -0.0120754
0.278926 -0.0114688
0.291322 -0.0114906
0.283058 -0.0119002
0.277893 -0.0124173
0.289256 -0.0128279
0.306818 -0.0126231
0.28719 -0.0119858
0.288223 -0.0122785
0.319215 -0.0125684
0.304752 -0.0121654
0.283058 -0.0126721
0.295455 -0.0135208
0.319215 -0.0136163
0.364669 -0.0129298
0.354339 -0.0123147
0.356405 -0.0116028
0.355372 -0.0107735
0.355372 -0.00993634
0.372934 -0.00969248
0.38843 -0.00853636
0.367769 -0.00699505
0.403926 -0.00595106
0.420455 -0.00513883
0.43905 -0.00402171
0.445248 -0.00332153
0.470041 -0.00287007
0.491736 -0.00253928
0.464876 -0.0025084
0.467975 -0.00233139
0.436983 -0.00191557
0.457645 -0.0017283
0.452479 -0.00184082
0.488636 -0.00251037
0.487603 -0.0034951
0.452479 -0.00447305
0.456612 -0.00515138
0.429752 -0.0050299
0.438017 -0.00531757
0.422521 -0.00554798
0.467975 -0.00618285
0.453512 -0.00579899
0.415289 -0.00637451
0.381198 -0.00620061
0.383264 -0.00540264
0.382231 -0.00464632
0.389463 -0.00494331
0.372934 -0.00512166
0.404959 -0.00488979
0.38843 -0.00495944
0.394628 -0.00524994
0.371901 -0.00561482
0.38843 -0.00597375
0.391529 -0.00614426
0.40186 -0.00695506
0.414256 -0.00698934
0.349174 -0.00686303
0.377066 -0.00746081
0.347107 -0.00780329
0.332645 -0.00807489
0.344008 -0.00848305
0.331612 -0.00871321
0.325413 -0.00882576
0.296488 -0.00962438
0.301653 -0.0104288
0.346074 -0.0110421
0.326446 -0.0117002
0.290289 -0.0125601
0.297521 -0.0136182
0.318182 -0.0147179
0.28719 -0.0154131
0.279959 -0.0167484
0.289256 -0.0174238
0.27686 -0.0184957
0.30062 -0.0196866
0.294421 -0.0206658
0.267562 -0.0216593
0.295455 -0.0222772
0.319215 -0.0233893
0.277893 -0.0243585
0.323347 -0.0258426
0.30062 -0.0264226
0.308884 -0.0262319
0.289256 -0.0254821
0.28719 -0.0246585
0.289256 -0.0241367
0.293388 -0.0234262
0.289256 -0.0227025
0.266529 -0.0217336
0.283058 -0.0211143
0.30062 -0.0212376
0.320248 -0.0218588
0.313017 -0.0214118
0.304752 -0.0208481
0.295455 -0.0199104
0.286157 -0.0190951
0.349174 -0.0178788
0.328512 -0.0171067
0.315083 -0.0158783
0.315083 -0.0138117
0.30062 -0.0115553
0.292355 -0.00934039
0.298554 -0.00732549
0.288223 -0.00508069
0.274793 -0.00280084
0.257231 -0.000630779
0.277893 0.00131947
0.25 0.00341757
0.228306 0.00521595
0.216942 0.00573658
0.201446 0.0065433
0.170455 0.00771239
0.16219 0.009226
0.114669 0.0110845
0.11157 0.0119896
0.100207 0.0125482
0.105372 0.0135825
0.0929752 0.014826
0.117769 0.0156942
0.118802 0.0169087
0.147727 0.0182539
0.18905 0.0197375
0.170455 0.0219375
0.134298 0.0243011
0.0929752 0.0267275
0.118802 0.0295763
0.120868 0.0326792
0.0950413 0.0355576
0.127066 0.0390054
0.171488 0.0427529
0.153926 0.0467046
0.188017 0.0500307
0.193182 0.0533363
0.177686 0.0569405
0.198347 0.0605987
0.233471 0.063576
0.258264 0.066641
0.274793 0.0702495
0.27686 0.0738245
0.239669 0.0770052
0.224174 0.0803433
0.242769 0.083322
0.234504 0.0860758
0.233471 0.0884538
0.257231 0.0912078
0.237603 0.0938812
0.243802 0.0958228
0.252066 0.0976318
0.277893 0.0995876
0.288223 0.101418
0.220041 0.103533
0.220041 0.104976
0.215909 0.106193
0.229339 0.107287
0.208678 0.108173
0.21281 0.108745
0.225207 0.109121
0.251033 0.109634
0.232438 0.110333
0.245868 0.11117
0.210744 0.111906
0.248967 0.112463
0.272727 0.113015
0.272727 0.114078
0.235537 0.114471
0.208678 0.114705
0.232438 0.114731
0.238636 0.115046
0.262397 0.114989
0.244835 0.114802
0.214876 0.115105
0.213843 0.115474
0.184917 0.115297
0.225207 0.114991
0.229339 0.11519
0.229339 0.115781
0.221074 0.11594
0.224174 0.116158
0.181818 0.115319
0.184917 0.114241
0.206612 0.113425
0.19938 0.112906
0.188017 0.112245
0.222107 0.111555
0.220041 0.11093
0.183884 0.110126
0.181818 0.109837
0.180785 0.109219
0.239669 0.10934
0.26343 0.110265
0.282025 0.111637
0.294421 0.112945
0.294421 0.1144
0.297521 0.115535
0.295455 0.116437
0.285124 0.118053
0.293388 0.119321
0.325413 0.120108
0.32438 0.121138
0.27686 0.122459
0.298554 0.123768
0.342975 0.12498
0.321281 0.126604
0.365702 0.128561
0.349174 0.13057
0.350207 0.132315
0.333678 0.133712
0.342975 0.134839
0.353306 0.136239
0.372934 0.137622
0.384298 0.139391
0.378099 0.140998
0.386364 0.141494
0.39876 0.141706
0.394628 0.142738
0.377066 0.144367
0.366736 0.145713
0.371901 0.146561
0.363636 0.147011
0.365702 0.147559
0.393595 0.148327
0.364669 0.149925
0.34814 0.151637
0.359504 0.152513
0.408058 0.153451
0.393595 0.155139
0.391529 0.157405
0.420455 0.159457
0.400826 0.161592
0.375 0.163012
0.370868 0.16391
0.365702 0.165299
0.344008 0.166885
0.352273 0.168182
0.409091 0.170052
0.430785 0.171978
0.431818 0.174076
0.459711 0.176447
0.415289 0.178428
0.42562 0.18045
0.450413 0.182579
0.46281 0.184171
0.463843 0.185696
0.422521 0.187168
0.375 0.188784
0.342975 0.189798
0.326446 0.191185
0.346074 0.192636
0.34814 0.195232
0.315083 0.197613
0.302686 0.200006
0.328512 0.203163
0.295455 0.206123
0.305785 0.207765
0.28719 0.209338
0.270661 0.210748
0.278926 0.212634
0.323347 0.214791
0.302686 0.216997
0.326446 0.218429
0.299587 0.219393
0.282025 0.220965
0.31405 0.222819
0.330579 0.225047
0.334711 0.22787
0.360537 0.23011
0.362603 0.232503
0.346074 0.234
0.329545 0.235495
0.371901 0.237825
0.338843 0.240606
0.342975 0.242643
0.33781 0.245053
0.319215 0.247614
0.32438 0.249374
0.317149 0.250947
0.304752 0.25231
0.317149 0.253282
0.291322 0.25323
0.315083 0.252535
0.284091 0.25178
0.261364 0.251104
0.230372 0.250791
0.248967 0.250102
0.233471 0.249693
0.285124 0.249018
0.309917 0.248117
0.338843 0.247069
0.373967 0.245897
0.404959 0.244805
0.447314 0.243226
0.455579 0.242246
0.453512 0.241393
0.441116 0.24127
0.430785 0.240862
0.364669 0.240282
0.347107 0.238542
0.349174 0.237458
0.355372 0.236194
0.336777 0.235041
0.335744 0.234247
0.331612 0.23333
0.31405 0.232004
0.363636 0.230718
0.355372 0.229736
0.392562 0.228846
0.357438 0.228399
0.378099 0.228099
0.389463 0.22776
0.397727 0.227207
0.368802 0.225978
0.345041 0.224599
0.391529 0.224406
0.415289 0.223921
0.39876 0.223558
0.413223 0.223123
0.40186 0.222012
0.369835 0.221775
0.413223 0.221487
0.370868 0.221619
0.384298 0.220976
0.38843 0.220262
0.402893 0.218736
0.363636 0.217439
0.369835 0.216487
0.377066 0.21521
0.385331 0.21476
0.368802 0.214886
0.378099 0.214558
0.427686 0.214364
0.443182 0.213846
0.466942 0.213171
0.448347 0.213548
0.470041 0.213136
0.455579 0.213066
0.461777 0.213798
0.459711 0.214663
0.457645 0.2151
0.448347 0.215575
0.427686 0.216424
0.422521 0.217327
0.429752 0.217875
0.436983 0.218829
0.420455 0.219603
0.441116 0.220511
0.443182 0.221616
0.455579 0.221692
0.43905 0.221921
0.403926 0.222291
0.400826 0.221904
0.382231 0.222368
0.364669 0.222187
0.382231 0.221212
0.427686 0.219791
0.407025 0.218452
0.424587 0.217748
0.384298 0.216207
0.429752 0.214021
0.433884 0.211783
0.416322 0.209254
0.451446 0.206764
0.432851 0.204531
0.429752 0.202194
0.40186 0.200075
0.451446 0.197204
0.432851 0.194474
0.464876 0.191726
0.42562 0.189642
0.47314 0.187933
0.52686 0.186576
0.557851 0.186133
0.542355 0.185998
0.555785 0.186522
0.570248 0.187341
0.553719 0.188584
0.540289 0.189772
0.535124 0.190535
0.490702 0.191376
0.487603 0.192737
0.484504 0.193529
0.506198 0.193541
0.48657 0.193939
0.496901 0.194532
0.498967 0.195038
0.511364 0.195624
0.528926 0.196197
0.535124 0.197171
0.535124 0.198174
0.56095 0.199331
0.543388 0.200349
0.561983 0.200362
0.552686 0.200104
0.541322 0.20012
0.497934 0.199751
0.485537 0.199806
0.535124 0.200308
0.516529 0.201027
0.490702 0.200756
0.518595 0.200208
0.536157 0.198969
0.521694 0.197895
0.502066 0.197038
0.512397 0.195397
0.52686 0.193918
0.5 0.192488
0.467975 0.190797
0.489669 0.18907
0.534091 0.186449
0.516529 0.184241
0.52686 0.182241
0.544421 0.180973
0.525826 0.1805
0.528926 0.179723
0.554752 0.178356
0.565083 0.17742
0.548554 0.177195
0.553719 0.175912
0.569215 0.174441
0.56095 0.173624
0.56095 0.173048
0.539256 0.171998
0.552686 0.170723
0.51343 0.169252
0.525826 0.167743
0.498967 0.16649
0.474174 0.165938
0.465909 0.165406
0.465909 0.164637
0.478306 0.163562
0.466942 0.163101
0.43905 0.162385
0.443182 0.161603
0.447314 0.160689
0.448347 0.159693
0.443182 0.158785
0.448347 0.158004
0.43905 0.156972
0.415289 0.155917
0.400826 0.154731
0.394628 0.152948
0.382231 0.150962
0.411157 0.148959
0.39876 0.147232
0.381198 0.145388
0.380165 0.143611
0.377066 0.141213
0.362603 0.13831
0.368802 0.135475
0.377066 0.132816
0.413223 0.130753
0.414256 0.129768
0.415289 0.129178
0.428719 0.127747
0.431818 0.125912
0.442149 0.123518
0.472107 0.120728
0.479339 0.11851
0.485537 0.11637
0.475207 0.114752
0.478306 0.113374
0.472107 0.112547
0.485537 0.111381
0.488636 0.111071
0.481405 0.11065
0.451446 0.110426
0.438017 0.109981
0.442149 0.10994
0.447314 0.109952
0.434917 0.110022
0.428719 0.109906
0.420455 0.109589
0.416322 0.10938
0.426653 0.109562
0.422521 0.109778
0.47314 0.110195
0.444215 0.111291
0.424587 0.111812
0.459711 0.111662
0.480372 0.111401
0.484504 0.111302
0.498967 0.111196
0.472107 0.112243
0.474174 0.112426
0.474174 0.113055
0.502066 0.114708
0.489669 0.116099
0.508264 0.117507
0.555785 0.119185
0.524793 0.121038
0.507231 0.122413
0.47624 0.123296
0.515496 0.12481
0.558884 0.125998
0.543388 0.127135
0.557851 0.127918
0.590909 0.128692
0.56095 0.129298
0.576446 0.13029
0.613636 0.131455
0.599174 0.133752
0.594008 0.135881
0.565083 0.137643
0.626033 0.139266
0.615702 0.139914
0.592975 0.141037
0.604339 0.141932
0.570248 0.143016
0.577479 0.144414
0.589876 0.145333
0.600207 0.146109
0.591942 0.147161
0.608471 0.147871
0.589876 0.148579
0.588843 0.14954
0.580579 0.150507
0.549587 0.150685
0.506198 0.15062
0.512397 0.151259
0.543388 0.152307
0.534091 0.153235
0.559917 0.153949
0.563017 0.154354
0.561983 0.154818
0.576446 0.155286
0.597107 0.155332
0.602273 0.154364
0.615702 0.15295
0.602273 0.152017
0.605372 0.15139
0.597107 0.150411
0.578512 0.149014
0.589876 0.148172
0.576446 0.147123
0.584711 0.145803
0.605372 0.144004
0.615702 0.142303
0.618802 0.140651
0.620868 0.139832
0.633264 0.138962
0.60124 0.138159
0.591942 0.137887
0.558884 0.137245
0.573347 0.136141
0.558884 0.135018
0.565083 0.134137
0.59814 0.133167
0.60124 0.132493
0.636364 0.131325
0.623967 0.130077
0.626033 0.12826
0.566116 0.126166
0.57438 0.123933
0.557851 0.122237
0.572314 0.121124
0.592975 0.120693
0.61157 0.120678
0.584711 0.120713
0.595041 0.120472
0.581612 0.120152
0.606405 0.120482
0.605372 0.120643
0.604339 0.121133
0.605372 0.121943
0.620868 0.121759
0.634298 0.121861
0.606405 0.122664
0.592975 0.12238
0.575413 0.122397
0.553719 0.122298
0.558884 0.121952
0.573347 0.120978
0.591942 0.119458
0.581612 0.11891
0.55062 0.118519
0.542355 0.118882
0.497934 0.118712
0.509298 0.119102
0.533058 0.119723
0.563017 0.121418
0.548554 0.12292
0.539256 0.124171
0.556818 0.125768
0.572314 0.127031
0.540289 0.128905
0.538223 0.130286
0.544421 0.132311
0.534091 0.135131
0.540289 0.137615
0.524793 0.140648
0.535124 0.143151
0.487603 0.146541
0.459711 0.149225
0.464876 0.150786
0.480372 0.151953
0.495868 0.153493
0.506198 0.155127
0.497934 0.156576
0.497934 0.156787
0.506198 0.157804
0.546488 0.158412
0.544421 0.159231
0.545455 0.160308
0.557851 0.162364
0.579545 0.163869
0.589876 0.164502
0.585744 0.16564
0.607438 0.166613
0.571281 0.167554
0.551653 0.167647
0.592975 0.168022
0.617769 0.169982
0.632231 0.171248
0.58781 0.17273
0.59814 0.173882
0.61157 0.175239
0.625 0.176325
0.643595 0.176764
0.643595 0.177471
0.680785 0.178153
0.657025 0.179022
0.654959 0.179805
0.671488 0.18102
0.665289 0.182165
0.652893 0.183509
0.631198 0.183761
0.654959 0.184369
0.64876 0.184541
0.654959 0.184871
0.637397 0.186311
0.604339 0.187632
0.594008 0.188863
0.615702 0.191039
0.632231 0.192687
0.628099 0.194598
0.620868 0.196014
0.617769 0.197664
0.604339 0.199404
0.620868 0.201046
0.615702 0.203379
0.631198 0.205763
0.59814 0.2088
0.579545 0.211417
0.604339 0.214827
0.599174 0.218559
0.576446 0.221882
0.566116 0.225418
0.580579 0.229406
0.60124 0.232356
0.572314 0.234675
0.619835 0.23624
0.602273 0.237431
0.590909 0.238038
0.599174 0.239032
0.618802 0.239846
0.595041 0.241085
0.61157 0.241656
0.612603 0.24258
0.614669 0.243469
0.628099 0.244549
0.609504 0.245976
0.595041 0.247006
0.607438 0.247164
0.607438 0.246612
0.618802 0.247022
0.600207 0.247406
0.622934 0.247463
0.630165 0.247303
0.657025 0.246497
0.637397 0.24667
0.613636 0.247704
0.634298 0.248773
0.652893 0.249918
0.652893 0.250384
0.650826 0.251015
0.632231 0.252365
0.636364 0.253634
0.614669 0.255183
0.645661 0.256329
0.634298 0.258375
0.636364 0.260529
0.615702 0.262093
0.60124 0.262796
0.613636 0.262993
0.627066 0.263779
0.630165 0.264336
0.628099 0.264637
0.595041 0.265376
0.573347 0.267015
0.61157 0.268073
0.595041 0.268798
0.586777 0.268903
0.602273 0.268823
0.617769 0.268988
0.613636 0.269494
0.622934 0.269624
0.620868 0.270199
0.652893 0.270131
0.682851 0.270803
0.645661 0.271972
0.658058 0.272598
0.63843 0.273702
0.653926 0.274669
0.645661 0.275699
0.63843 0.276279
0.641529 0.277416
0.665289 0.278499
0.669421 0.279948
0.702479 0.281069
0.694215 0.282106
0.690083 0.282807
0.707645 0.282945
0.737603 0.283256
0.747934 0.283583
0.719008 0.28347
0.754132 0.28288
0.713843 0.282404
0.707645 0.28191
0.68595 0.282182
0.668388 0.282923
0.690083 0.282267
0.672521 0.281597
0.68905 0.281807
0.695248 0.282822
0.684917 0.283301
0.706612 0.284655
0.693182 0.286027
0.704545 0.286992
0.691116 0.28793
0.684917 0.28898
0.634298 0.289642
0.643595 0.290047
0.661157 0.289711
0.653926 0.290032
0.652893 0.290778
0.629132 0.291648
0.629132 0.292145
0.654959 0.291776
0.644628 0.290955
0.64876 0.290141
0.663223 0.289927
0.654959 0.290104
0.660124 0.290118
0.690083 0.290093
0.684917 0.290686
0.717975 0.290716
0.713843 0.289646
0.706612 0.287639
0.711777 0.285252
0.738636 0.282915
0.745868 0.280917
0.738636 0.278536
0.768595 0.276487
0.722107 0.274851
0.732438 0.272632
0.740702 0.270384
0.728306 0.267985
0.742769 0.265438
0.743802 0.262318
0.758264 0.258947
0.731405 0.255246
0.735537 0.252182
0.714876 0.248934
0.711777 0.246132
0.724174 0.243907
0.731405 0.240951
0.740702 0.238747
0.73657 0.236605
0.716942 0.234308
0.715909 0.231642
0.744835 0.229177
0.742769 0.227165
0.728306 0.22386
0.704545 0.220991
0.720041 0.219126
0.704545 0.217778
0.678719 0.218202
0.673554 0.218351
0.694215 0.217823
0.697314 0.216979
0.660124 0.216073
0.670455 0.214508
0.667355 0.213214
0.677686 0.211845
0.659091 0.210646
0.654959 0.209069
0.659091 0.207303
0.658058 0.205883
0.663223 0.20565
0.706612 0.204893
0.69938 0.204557
0.691116 0.204757
0.679752 0.205137
0.660124 0.204951
0.676653 0.203885
0.677686 0.202498
0.703512 0.200853
0.700413 0.199527
0.705579 0.197895
0.701446 0.196792
0.716942 0.195132
0.740702 0.193692
0.724174 0.191671
0.698347 0.189799
0.672521 0.186686
0.701446 0.183358
0.729339 0.180804
0.733471 0.179062
0.725207 0.176541
0.702479 0.174177
0.686983 0.172261
0.64876 0.170273
0.66219 0.16709
0.68905 0.163345
0.688017 0.160307
0.694215 0.15778
0.692149 0.155161
0.654959 0.153262
0.614669 0.150235
0.642562 0.147089
0.630165 0.14384
0.603306 0.140164
0.594008 0.136941
0.615702 0.132384
0.618802 0.127756
0.572314 0.123829
0.591942 0.118695
0.613636 0.113833
0.602273 0.109412
0.563017 0.104381
0.585744 0.0996457
0.60124 0.0942423
0.619835 0.0875874
0.606405 0.081842
0.599174 0.0759803
0.596074 0.0695254
0.612603 0.0640877
0.579545 0.0592085
0.572314 0.0534077
0.60124 0.0475839
0.583678 0.0417087
0.567149 0.0365746
0.530992 0.0314471
0.538223 0.0268234
0.539256 0.0226085
0.573347 0.0186044
0.554752 0.0152271
0.582645 0.0123597
0.588843 0.00998971
0.57438 0.00656518
0.584711 0.0020962
0.583678 -0.0022592
0.561983 -0.00694318
0.567149 -0.0119127
0.545455 -0.0174174
0.535124 -0.0231235
0.516529 -0.0303575
0.553719 -0.0372747
0.527893 -0.043321
0.496901 -0.0498016
0.534091 -0.0580512
0.515496 -0.0655682
0.501033 -0.0728933
0.519628 -0.0801369
0.56095 -0.0877868
0.604339 -0.0953456
0.612603 -0.103659
0.604339 -0.11202
0.591942 -0.120071
0.56405 -0.128055
0.547521 -0.136545
0.545455 -0.145617
0.565083 -0.155275
0.538223 -0.16409
0.533058 -0.17291
0.515496 -0.181772
0.525826 -0.189885
0.549587 -0.198146
0.56405 -0.205855
0.53719 -0.213613
0.494835 -0.221161
0.515496 -0.22897
0.540289 -0.235757
0.490702 -0.242399
0.484504 -0.248949
0.508264 -0.254564
0.563017 -0.260262
0.602273 -0.265083
0.568182 -0.268927
0.570248 -0.273661
0.558884 -0.278076
0.515496 -0.282991
0.51343 -0.287109
0.51343 -0.290713
0.491736 -0.292303
0.47624 -0.294001
0.469008 -0.296256
0.477273 -0.299244
0.484504 -0.302933
0.472107 -0.305833
0.453512 -0.308727
0.452479 -0.31232
0.495868 -0.316072
0.482438 -0.317859
0.447314 -0.318955
0.452479 -0.320753
0.481405 -0.321253
0.497934 -0.322227
0.509298 -0.322926
0.477273 -0.323794
0.477273 -0.324864
0.488636 -0.325635
0.483471 -0.325965
0.515496 -0.325718
0.491736 -0.324016
0.481405 -0.323126
0.496901 -0.321793
0.454545 -0.318973
0.427686 -0.31734
0.422521 -0.316238
0.355372 -0.314403
0.354339 -0.313773
0.347107 -0.312876
0.370868 -0.311793
0.389463 -0.310664
0.365702 -0.308714
0.364669 -0.307874
0.377066 -0.307405
0.395661 -0.305717
0.358471 -0.302641
0.366736 -0.300239
0.323347 -0.298327
0.308884 -0.297755
0.316116 -0.297216
0.295455 -0.296859
0.297521 -0.295543
0.293388 -0.294532
0.261364 -0.293495
0.295455 -0.292818
0.257231 -0.291077
0.260331 -0.290809
0.247934 -0.290364
0.25 -0.290693
0.242769 -0.290737
0.217975 -0.291347
0.228306 -0.291795
0.211777 -0.291026
0.165289 -0.290234
0.158058 -0.289431
0.14876 -0.288183
0.120868 -0.287633
0.0878099 -0.287665
0.0950413 -0.289057
0.125 -0.291026
0.122934 -0.292289
0.088843 -0.294348
0.106405 -0.296426
0.110537 -0.298676
0.0702479 -0.301271
0.0991736 -0.303459
0.0981405 -0.304632
0.108471 -0.305909
0.114669 -0.308189
0.115702 -0.311944
0.13843 -0.315863
0.167355 -0.319486
0.173554 -0.323976
0.147727 -0.32788
0.150826 -0.332557
0.190083 -0.335688
0.188017 -0.339216
0.190083 -0.343496
0.158058 -0.34856
0.205579 -0.354716
0.159091 -0.360709
0.169421 -0.367727
0.173554 -0.374244
0.181818 -0.380483
0.206612 -0.387064
0.231405 -0.392663
0.232438 -0.398716
0.278926 -0.404283
0.316116 -0.40979
0.326446 -0.41457
0.318182 -0.41948
0.304752 -0.424177
0.284091 -0.429296
0.26343 -0.435078
0.27376 -0.441015
0.285124 -0.447054
0.291322 -0.451811
0.252066 -0.455897
0.231405 -0.46022
0.259298 -0.464585
0.270661 -0.46912
0.27376 -0.474148
0.303719 -0.47847
0.296488 -0.480662
0.266529 -0.48253
0.291322 -0.48457
0.298554 -0.486837
0.283058 -0.488442
0.292355 -0.489607
0.317149 -0.490468
0.295455 -0.49138
0.322314 -0.492695
0.325413 -0.492948
0.322314 -0.493168
0.308884 -0.492926
0.284091 -0.493344
0.302686 -0.494533
0.342975 -0.494703
0.342975 -0.494592
0.366736 -0.494144
0.369835 -0.492484
0.381198 -0.491022
0.392562 -0.488772
0.405992 -0.486095
0.432851 -0.483359
0.41219 -0.480262
0.455579 -0.477821
0.489669 -0.474758
0.481405 -0.471784
0.446281 -0.468359
0.429752 -0.4652
0.43595 -0.462207
0.471074 -0.458357
0.48657 -0.455326
0.472107 -0.452353
0.47624 -0.449372
0.479339 -0.447134
0.457645 -0.44358
0.421488 -0.438501
0.407025 -0.434116
0.414256 -0.429364
0.381198 -0.425834
0.387397 -0.422933
0.387397 -0.420691
0.386364 -0.41754
0.363636 -0.414761
0.366736 -0.413453
0.349174 -0.413152
0.376033 -0.413227
0.360537 -0.413872
0.376033 -0.41313
0.36157 -0.413038
0.384298 -0.412691
0.397727 -0.410785
0.421488 -0.408363
0.408058 -0.405608
0.408058 -0.402414
0.394628 -0.39968
0.387397 -0.39673
0.376033 -0.39398
0.386364 -0.391252
0.385331 -0.38846
0.407025 -0.385537
0.43905 -0.38149
0.438017 -0.376314
0.424587 -0.37098
0.408058 -0.365695
0.422521 -0.360806
0.414256 -0.356153
0.431818 -0.352042
0.43905 -0.347853
0.451446 -0.343357
0.455579 -0.337973
0.443182 -0.331591
0.472107 -0.326092
0.47624 -0.319774
0.458678 -0.313612
0.475207 -0.309133
0.479339 -0.304862
0.530992 -0.300792
0.548554 -0.295352
0.539256 -0.289938
0.522727 -0.284429
0.544421 -0.278743
0.533058 -0.271301
0.541322 -0.262499
0.573347 -0.253367
0.55062 -0.243406
0.551653 -0.235119
0.545455 -0.227005
0.541322 -0.218995
0.51343 -0.212262
0.519628 -0.205795
0.520661 -0.19944
0.495868 -0.192608
0.46281 -0.185004
0.445248 -0.178036
0.419421 -0.171511
0.392562 -0.165502
0.400826 -0.160966
0.39876 -0.157797
0.392562 -0.153472
0.355372 -0.150768
0.376033 -0.149855
0.376033 -0.148299
0.369835 -0.145398
0.363636 -0.14262
0.355372 -0.13949
0.363636 -0.137456
0.326446 -0.134861
0.358471 -0.132162
0.354339 -0.129661
0.368802 -0.128481
0.413223 -0.126228
0.405992 -0.122068
0.422521 -0.118741
0.368802 -0.115662
0.363636 -0.114183
0.411157 -0.111785
0.455579 -0.108042
0.461777 -0.10387
0.495868 -0.099841
0.502066 -0.0957274
0.484504 -0.0914704
0.503099 -0.0878399
0.480372 -0.0832528
0.507231 -0.0795483
0.546488 -0.0767912
0.556818 -0.0748845
0.553719 -0.0725277
0.521694 -0.0690908
0.52686 -0.0652816
0.511364 -0.0603869
0.528926 -0.0578598
0.524793 -0.0544925
0.519628 -0.0509442
0.549587 -0.0477175
0.53719 -0.0431743
0.546488 -0.0380588
0.549587 -0.0338019
0.516529 -0.0284501
0.517562 -0.0239635
0.492769 -0.0172634
0.465909 -0.0102863
0.478306 -0.00362113
0.525826 0.00134394
0.559917 0.00597364
0.565083 0.0102254
0.568182 0.014956
0.525826 0.0204851
0.51343 0.0258534
0.529959 0.0308018
0.551653 0.0369867
0.506198 0.0456079
0.478306 0.0522992
0.475207 0.0578214
0.536157 0.0626911
0.508264 0.0679274
0.533058 0.0723833
0.522727 0.0774841
0.509298 0.0837163
0.517562 0.0919796
0.52376 0.101149
0.518595 0.108807
0.466942 0.117437
0.391529 0.124329
0.422521 0.128055
0.40186 0.132744
0.375 0.138414
0.389463 0.144345
0.377066 0.151506
0.349174 0.157119
0.342975 0.161786
0.354339 0.166223
0.313017 0.172088
0.301653 0.176757
0.321281 0.181122
0.304752 0.186329
0.298554 0.192619
0.289256 0.198679
0.257231 0.20308
0.259298 0.206393
0.317149 0.210329
0.334711 0.21505
0.322314 0.219625
0.31405 0.224956
0.33781 0.230099
0.365702 0.235994
0.367769 0.242873
0.389463 0.248344
0.382231 0.255182
0.34814 0.261986
0.350207 0.268999
0.341942 0.276227
0.322314 0.283124
0.318182 0.288288
0.346074 0.293597
0.358471 0.300502
0.36157 0.306714
0.342975 0.312887
0.333678 0.318889
0.355372 0.324657
0.355372 0.330136
0.345041 0.335698
0.331612 0.34007
0.362603 0.342419
0.365702 0.344517
0.378099 0.348796
0.362603 0.35472
0.373967 0.358899
0.393595 0.363654
0.392562 0.36694
0.394628 0.37141
0.392562 0.376194
0.357438 0.378688
0.332645 0.382088
0.315083 0.384518
0.352273 0.386217
0.328512 0.387931
0.326446 0.390165
0.307851 0.391933
0.360537 0.393945
0.394628 0.396229
0.335744 0.39938
0.342975 0.402177
0.359504 0.406621
0.355372 0.410362
0.330579 0.412695
0.290289 0.415326
0.261364 0.417059
0.282025 0.418753
0.239669 0.420564
0.245868 0.420189
0.280992 0.418905
0.257231 0.417756
0.229339 0.41703
0.22314 0.414927
0.246901 0.412265
0.229339 0.408799
0.295455 0.40436
0.297521 0.401656
0.265496 0.399899
0.271694 0.397027
0.308884 0.394019
0.311983 0.392216
0.307851 0.389449
0.297521 0.387455
0.325413 0.386401
0.386364 0.386888
0.410124 0.388438
0.432851 0.390716
0.408058 0.394866
0.365702 0.396959
0.326446 0.399185
0.309917 0.398717
0.331612 0.397488
0.316116 0.396587
0.32438 0.395399
0.297521 0.396564
0.272727 0.396216
0.285124 0.396283
0.295455 0.396228
0.295455 0.39622
0.295455 0.397506
0.305785 0.398408
0.306818 0.398287
0.349174 0.397039
0.340909 0.39792
0.339876 0.39818
0.321281 0.396886
0.272727 0.396449
0.251033 0.394865
0.261364 0.393592
0.237603 0.392443
0.224174 0.39057
0.233471 0.388781
0.239669 0.386014
0.216942 0.383524
0.233471 0.380124
0.230372 0.378483
0.22624 0.376373
0.214876 0.373752
0.231405 0.372191
0.202479 0.370415
0.213843 0.36679
0.183884 0.362669
0.202479 0.357397
0.184917 0.350283
0.198347 0.344482
0.163223 0.337954
0.214876 0.332003
0.21281 0.326503
0.252066 0.318937
0.19938 0.313053
0.203512 0.307728
0.227273 0.302113
0.242769 0.297208
0.264463 0.293433
0.271694 0.290086
0.267562 0.28692
0.243802 0.285055
0.230372 0.2818
0.208678 0.27812
0.214876 0.274199
0.221074 0.27259
0.224174 0.270327
0.194215 0.267473
0.181818 0.264922
0.167355 0.262353
0.154959 0.258758
0.161157 0.25352
0.173554 0.247491
0.159091 0.242685
0.157025 0.238719
0.134298 0.234754
0.126033 0.230713
0.120868 0.224381
0.0857438 0.218134
0.113636 0.210889
0.114669 0.202973
0.102273 0.197165
0.115702 0.190123
0.153926 0.185334
0.206612 0.180258
0.222107 0.175393
0.206612 0.17013
0.216942 0.164226
0.197314 0.157332
0.221074 0.151344
0.221074 0.144051
0.225207 0.137991
0.228306 0.130512
0.176653 0.122757
0.192149 0.115852
0.193182 0.109128
0.179752 0.102115
0.192149 0.0965111
0.206612 0.091771
0.190083 0.0861771
0.191116 0.0800182
0.181818 0.0741259
0.164256 0.0691897
0.204545 0.0649945
0.198347 0.0616777
0.184917 0.0591663
0.179752 0.057093
0.160124 0.0591963
0.204545 0.0610006
0.173554 0.0627073
0.172521 0.0626738
0.180785 0.0626199
0.193182 0.0632376
0.129132 0.0653245
0.120868 0.067171
0.10124 0.068434
0.104339 0.0673972
0.0774793 0.0688302
0.103306 0.0698048
0.0609504 0.0725387
0.0568182 0.073587
0.114669 0.0745672
0.146694 0.0756073
0.129132 0.0777066
0.135331 0.0812099
0.0774793 0.0842918
0.0630165 0.0886375
0.0681818 0.0932101
0.0464876 0.0975087
0.00826446 0.101304
0.0113636 0.103797
0.00619835 0.107115
0.035124 0.108192
0.0309917 0.108072
0.0165289 0.108238
0.00826446 0.110006
0.0154959 0.113237
0.0289256 0.115059
0.00826446 0.116554
0.00826446 0.11712
0.0454545 0.118544
0.00309917 0.116952
0.0227273 0.114431
0.0382231 0.112499
0.0785124 0.109717
0.103306 0.10794
0.0650826 0.105044
0.0309917 0.101448
0.0733471 0.09599
0.0764463 0.0924437
0.0661157 0.0860969
0.0413223 0.0820036
0.0464876 0.0763153
0.053719 0.0722215
0.0464876 0.0698567
0.0154959 0.0687807
0.0237603 0.0676043
0.0258264 0.0672596
0.0475207 0.0676667
0.036157 0.0675328
0.0237603 0.0668763
0.0165289 0.0663878
0.00619835 0.0639106
0.00619835 0.0614946
0.00206612 0.0568214
0.00309917 0.0530892
0.0154959 0.0510901
0.0309917 0.0488368
0.035124 0.0466562
0.0464876 0.0450522
0.0402893 0.0438638
0.0557851 0.0435511
0.0692149 0.0433873
0.0640496 0.0449377
0.0847107 0.0470093
0.110537 0.0507374
0.108471 0.051995
0.142562 0.0522801
0.17562 0.0508974
0.22314 0.0494898
0.219008 0.0498176
0.211777 0.0491318
0.194215 0.0484544
0.191116 0.0456638
0.174587 0.0453901
0.154959 0.0441646
0.158058 0.0394951
0.171488 0.0367318
0.166322 0.0320225
0.170455 0.0273544
0.215909 0.0202042
0.219008 0.0137333
0.216942 0.00796226
0.21281 0.000929836
0.188017 -0.00430192
0.193182 -0.0094414
0.192149 -0.0124442
0.184917 -0.0146507
0.217975 -0.0174071
0.261364 -0.0189037
0.27686 -0.0202651
0.278926 -0.0225006
0.289256 -0.0252735
0.275826 -0.0271755
0.261364 -0.0282588
0.274793 -0.029061
0.256198 -0.030228
0.256198 -0.0312123
0.296488 -0.032085
0.290289 -0.0339438
0.257231 -0.0381878
0.270661 -0.0460679
0.299587 -0.051
0.293388 -0.0507206
0.25 -0.0510275
0.195248 -0.0517571
0.207645 -0.0551032
0.216942 -0.0570745
0.256198 -0.0596206
0.232438 -0.0621301
0.262397 -0.0636199
0.311983 -0.0653555
0.319215 -0.0672487
0.318182 -0.0680624
0.328512 -0.0646322
0.319215 -0.0608277
0.31095 -0.0580564
0.298554 -0.0548725
0.304752 -0.0497203
0.295455 -0.0419097
0.297521 -0.0343487
0.305785 -0.0265802
0.293388 -0.0205386
0.320248 -0.0149267
0.283058 -0.0116599
0.289256 -0.0106126
0.264463 -0.00478453
0.272727 -0.00053271
0.280992 0.00532031
0.265496 0.00913251
0.247934 0.0139967
0.27686 0.0175888
0.279959 0.0227802
0.26343 0.0267577
0.264463 0.0275651
0.288223 0.0300414
0.278926 0.0314036
0.272727 0.0342617
0.266529 0.0371671
0.313017 0.0407999
0.315083 0.0455439
0.315083 0.0452934
0.31095 0.0457742
0.325413 0.0453592
0.341942 0.0470601
0.346074 0.0462011
0.327479 0.0444559
0.325413 0.0440142
0.30062 0.0409476
0.280992 0.0374882
0.275826 0.0319634
0.317149 0.0256486
0.305785 0.0183531
0.302686 0.0109666
0.274793 0.00468593
0.277893 -0.00398837
0.290289 -0.0108514
0.321281 -0.0173192
0.364669 -0.0244987
0.341942 -0.0264134
0.332645 -0.0292418
0.31405 -0.0302502
0.338843 -0.0322047
0.334711 -0.0353631
0.360537 -0.0391546
0.364669 -0.0392593
0.352273 -0.0379383
0.347107 -0.0316205
0.392562 -0.0273966
0.353306 -0.0216334
0.349174 -0.0146956
0.359504 -0.00841466
0.358471 -0.000433791
0.35124 0.0062076
0.36157 0.0131289
0.367769 0.0254278
0.378099 0.0386714
0.344008 0.0529343
0.349174 0.0651645
0.35124 0.0740758
0.359504 0.0835057
0.338843 0.0919998
0.335744 0.0996295
0.34814 0.105817
0.362603 0.109915
0.370868 0.115116
0.383264 0.12491
0.36157 0.135164
0.347107 0.143372
0.33781 0.148272
0.34814 0.14971
0.382231 0.154423
0.359504 0.161244
0.368802 0.167795
0.355372 0.169393
0.369835 0.170708
0.349174 0.174611
0.346074 0.178184
0.323347 0.180755
0.327479 0.179475
0.357438 0.177778
0.38843 0.178896
0.371901 0.181644
0.34814 0.18609
0.357438 0.190672
0.35124 0.195178
0.336777 0.194146
0.366736 0.195316
0.365702 0.199834
0.379132 0.206652
0.390496 0.213632
0.389463 0.214368
0.417355 0.210472
0.414256 0.209467
0.39876 0.210105
0.377066 0.2111
0.379132 0.204181
0.372934 0.200963
0.380165 0.199419
0.342975 0.199627
0.318182 0.198433
0.308884 0.193688
0.333678 0.183064
0.34814 0.171089
0.359504 0.160595
0.36157 0.148676
0.377066 0.137258
0.364669 0.122703
0.381198 0.110049
0.357438 0.101288
0.326446 0.0917161
0.316116 0.0813002
0.353306 0.0653517
0.372934 0.0533675
0.410124 0.0382377
0.42562 0.0252594
0.430785 0.0140185
0.429752 0.00754128
0.456612 0.00445948
0.474174 0.00221574
0.503099 0.00516252
0.507231 0.00809658
0.545455 0.0108584
0.568182 0.0106412
0.571281 0.0111778
0.588843 0.00928165
0.579545 0.00254631
0.572314 -0.000648829
0.565083 -0.00877286
0.554752 -0.0080954
0.53719 -0.00719401
0.545455 -0.00660897
0.533058 -0.00270221
0.554752 -0.00320701
0.545455 0.00244273
0.577479 0.00248661
0.577479 0.00154781
0.556818 0.00342981
0.597107 0
