0.443182 1
0.451446 0.989178
0.411157 0.979125
0.400826 0.970125
0.377066 0.960563
0.394628 0.951601
0.392562 0.942826
0.407025 0.934034
0.410124 0.925561
0.41219 0.91685
0.422521 0.908093
0.416322 0.89924
0.485537 0.890764
0.452479 0.882037
0.42562 0.873128
0.434917 0.864953
0.427686 0.857152
0.44938 0.849133
0.434917 0.841033
0.434917 0.833272
0.440083 0.825242
0.404959 0.816869
0.419421 0.808423
0.414256 0.799607
0.410124 0.791211
0.444215 0.782816
0.452479 0.774665
0.44938 0.766826
0.467975 0.759084
0.481405 0.751477
0.501033 0.744158
0.458678 0.736289
0.461777 0.728582
0.44938 0.72113
0.446281 0.71372
0.450413 0.706353
0.43905 0.699147
0.446281 0.692032
0.41219 0.684666
0.38843 0.677151
0.354339 0.669774
0.359504 0.662254
0.370868 0.654753
0.375 0.647036
0.357438 0.63968
0.386364 0.6324
0.409091 0.625289
0.426653 0.618851
0.431818 0.612148
0.436983 0.605305
0.430785 0.599566
0.431818 0.593528
0.403926 0.586834
0.41219 0.580494
0.438017 0.573612
0.438017 0.566713
0.477273 0.559891
0.447314 0.553268
0.438017 0.547286
0.421488 0.541181
0.447314 0.535114
0.466942 0.529235
0.470041 0.523663
0.456612 0.518016
0.461777 0.51267
0.458678 0.507463
0.484504 0.502838
0.484504 0.498142
0.454545 0.493457
0.444215 0.488967
0.424587 0.484641
0.418388 0.480652
0.440083 0.476657
0.428719 0.47275
0.428719 0.468621
0.368802 0.463908
0.365702 0.459462
0.413223 0.45529
0.397727 0.451069
0.385331 0.447268
0.424587 0.443318
0.405992 0.439658
0.357438 0.436114
0.33781 0.432594
0.364669 0.429401
0.377066 0.426352
0.411157 0.423105
0.424587 0.419828
0.42562 0.416788
0.408058 0.413914
0.396694 0.411037
0.40186 0.408062
0.38843 0.40501
0.393595 0.401718
0.359504 0.398845
0.363636 0.395371
0.376033 0.391522
0.354339 0.387882
0.331612 0.384582
0.340909 0.381219
0.336777 0.378057
0.328512 0.37547
0.320248 0.373023
0.330579 0.370849
0.35124 0.368579
0.311983 0.366517
0.290289 0.364556
0.315083 0.362303
0.316116 0.359613
0.334711 0.357279
0.357438 0.354791
0.355372 0.352411
0.352273 0.350019
0.352273 0.347557
0.357438 0.345066
0.33781 0.342517
0.31405 0.339307
0.303719 0.335855
0.296488 0.33265
0.303719 0.330265
0.294421 0.328084
0.266529 0.326002
0.272727 0.323881
0.279959 0.321439
0.269628 0.319531
0.241736 0.317614
0.243802 0.316006
0.216942 0.314685
0.213843 0.313516
0.238636 0.312102
0.262397 0.310245
0.255165 0.308235
0.242769 0.306313
0.232438 0.304036
0.227273 0.301619
0.210744 0.29903
0.215909 0.296761
0.243802 0.294957
0.191116 0.2932
0.183884 0.291744
0.18595 0.290354
0.18905 0.289052
0.170455 0.287758
0.178719 0.287007
0.155992 0.285889
0.15186 0.284322
0.157025 0.283151
0.140496 0.281432
0.133264 0.279782
0.150826 0.277487
0.184917 0.275034
0.221074 0.272381
0.196281 0.269478
0.178719 0.266533
0.146694 0.263548
0.118802 0.260693
0.126033 0.257718
0.128099 0.254622
0.145661 0.252796
0.139463 0.251639
0.113636 0.250107
0.0929752 0.248479
0.133264 0.246896
0.155992 0.245143
0.145661 0.243283
0.160124 0.241054
0.166322 0.239007
0.161157 0.237018
0.166322 0.234669
0.163223 0.232055
0.16219 0.229303
0.152893 0.226639
0.145661 0.223997
0.137397 0.221309
0.126033 0.218707
0.133264 0.216566
0.164256 0.214615
0.172521 0.212322
0.217975 0.209794
0.253099 0.2073
0.246901 0.204931
0.228306 0.202228
0.200413 0.199586
0.191116 0.196742
0.18905 0.19358
0.19938 0.190789
0.22624 0.187724
0.248967 0.184648
0.259298 0.182386
0.232438 0.179748
0.237603 0.177262
0.214876 0.174483
0.25 0.172656
0.233471 0.170197
0.221074 0.167617
0.217975 0.165389
0.221074 0.163178
0.214876 0.161022
0.210744 0.158821
0.233471 0.156332
0.23657 0.153766
0.239669 0.151062
0.210744 0.148607
0.178719 0.146004
0.18905 0.143842
0.17562 0.141866
0.169421 0.140324
0.196281 0.138413
0.198347 0.136782
0.204545 0.134847
0.233471 0.132763
0.198347 0.130743
0.145661 0.128876
0.122934 0.126525
0.141529 0.124391
0.127066 0.12203
0.129132 0.119091
0.114669 0.116423
0.121901 0.114287
0.140496 0.112129
0.172521 0.109588
0.116736 0.107087
0.160124 0.104301
0.122934 0.101015
0.0878099 0.0980857
0.107438 0.0950737
0.142562 0.0923837
0.166322 0.08962
0.152893 0.0870656
0.164256 0.0845625
0.142562 0.0825154
0.117769 0.0809827
0.164256 0.0795383
0.191116 0.0783979
0.237603 0.0767714
0.22624 0.0754791
0.191116 0.0745664
0.125 0.0730117
0.11157 0.0718802
0.120868 0.070275
0.120868 0.0688429
0.100207 0.0671472
0.122934 0.0651884
0.119835 0.0633168
0.149793 0.061417
0.160124 0.0593064
0.167355 0.0574146
0.154959 0.055026
0.179752 0.0533449
0.195248 0.0515416
0.202479 0.0494533
0.172521 0.0476367
0.192149 0.0457813
0.146694 0.0444244
0.200413 0.0430335
0.180785 0.0417118
0.167355 0.0404788
0.186983 0.0390114
0.202479 0.0376452
0.214876 0.0366046
0.192149 0.0351126
0.198347 0.0340335
0.224174 0.0328754
0.237603 0.0314279
0.228306 0.0304419
0.242769 0.029732
0.235537 0.0294617
0.222107 0.0291037
0.180785 0.0291752
0.222107 0.0293276
0.245868 0.0295922
0.228306 0.0295981
0.19938 0.0301997
0.205579 0.0303923
0.238636 0.0302042
0.222107 0.0300041
0.239669 0.0299752
0.215909 0.0300076
0.219008 0.0299427
0.191116 0.0293584
0.211777 0.0288302
0.26343 0.0282531
0.240702 0.0280937
0.261364 0.0279277
0.289256 0.0281127
0.282025 0.0284553
0.290289 0.0293453
0.309917 0.0299637
0.268595 0.0303656
0.252066 0.0308314
0.285124 0.0316945
0.277893 0.0323713
0.27376 0.0326352
0.264463 0.0332343
0.260331 0.0338759
0.26343 0.0349327
0.246901 0.0356991
0.238636 0.0362835
0.240702 0.0365446
0.255165 0.0368926
0.279959 0.0376513
0.317149 0.0378662
0.335744 0.0383091
0.328512 0.0393688
0.305785 0.0400386
0.290289 0.0404023
0.286157 0.0410262
0.28719 0.0417926
0.298554 0.0426216
0.304752 0.0429522
0.305785 0.0430734
0.341942 0.0427886
0.353306 0.0425418
0.36157 0.0422013
0.338843 0.0417441
0.34814 0.0411916
0.364669 0.0401919
0.385331 0.039619
0.379132 0.0389464
0.346074 0.0384434
0.360537 0.0384032
0.40186 0.0380191
0.44938 0.0373452
0.451446 0.0369462
0.470041 0.0364524
0.469008 0.0362712
0.465909 0.0363213
0.450413 0.0360269
0.434917 0.035542
0.463843 0.034546
0.428719 0.0333711
0.436983 0.0313961
0.483471 0.0297802
0.461777 0.0280848
0.442149 0.0262827
0.395661 0.024714
0.386364 0.0233851
0.350207 0.0217617
0.339876 0.019776
0.370868 0.0179744
0.339876 0.0162025
0.339876 0.0142093
0.362603 0.0122902
0.383264 0.010564
0.387397 0.00854973
0.375 0.00668677
0.377066 0.00444509
0.364669 0.0024797
0.336777 0.000723495
0.344008 -0.000451992
0.366736 -0.00211106
0.342975 -0.0038765
0.309917 -0.00532033
0.31095 -0.00665721
0.323347 -0.00782514
0.342975 -0.00870476
0.340909 -0.0096852
0.381198 -0.0108318
0.409091 -0.0121333
0.393595 -0.0134914
0.38843 -0.0141769
0.413223 -0.0143611
0.382231 -0.0145805
0.358471 -0.0148029
0.371901 -0.0151187
0.381198 -0.0151138
0.35124 -0.0151365
0.353306 -0.0150256
0.353306 -0.0153359
0.384298 -0.0156989
0.389463 -0.015711
0.381198 -0.0154314
0.373967 -0.0153729
0.402893 -0.0155396
0.402893 -0.0155052
0.430785 -0.0158785
0.432851 -0.0161586
0.458678 -0.0158782
0.455579 -0.0153261
0.451446 -0.0145839
0.426653 -0.0136412
0.438017 -0.0127597
0.430785 -0.0120619
0.452479 -0.0113351
0.471074 -0.0106098
0.463843 -0.00966781
0.438017 -0.00856733
0.454545 -0.00759703
0.477273 -0.00621791
0.518595 -0.00506396
0.525826 -0.00359329
0.528926 -0.00171748
0.538223 -0.000276024
0.488636 0.000848997
0.479339 0.00238506
0.521694 0.00376237
0.522727 0.00512622
0.509298 0.00684963
0.515496 0.00842531
0.51343 0.0100659
0.524793 0.012084
0.484504 0.0134379
0.48657 0.0150597
0.443182 0.0164412
0.452479 0.018237
0.436983 0.0199009
0.379132 0.0212533
0.387397 0.0229216
0.396694 0.0243243
0.363636 0.0255102
0.369835 0.0269205
0.385331 0.0287297
0.356405 0.0304072
0.321281 0.0321068
0.329545 0.0337872
0.358471 0.0359645
0.369835 0.0382665
0.389463 0.0401402
0.381198 0.0419901
0.383264 0.0434082
0.383264 0.0449927
0.359504 0.0468635
0.372934 0.0480691
0.386364 0.0500195
0.378099 0.0524233
0.390496 0.054289
0.396694 0.0561714
0.43595 0.058299
0.456612 0.0602152
0.46281 0.0620655
0.456612 0.0642048
0.410124 0.0666466
0.397727 0.0691226
0.396694 0.071866
0.458678 0.0748991
0.463843 0.0775627
0.421488 0.0802828
0.40186 0.0830372
0.36157 0.0858705
0.355372 0.0886584
0.375 0.0914506
0.369835 0.0946661
0.373967 0.0981842
0.352273 0.101103
0.331612 0.104283
0.33781 0.107297
0.347107 0.110088
0.34814 0.112576
0.339876 0.115249
0.358471 0.117529
0.330579 0.119822
0.321281 0.122785
0.311983 0.125338
0.325413 0.126902
0.344008 0.128329
0.291322 0.130125
0.277893 0.131888
0.265496 0.133334
0.277893 0.134489
0.325413 0.134787
0.329545 0.134745
0.245868 0.13458
0.257231 0.134755
0.252066 0.134835
0.251033 0.134888
0.255165 0.134711
0.259298 0.134239
0.26343 0.134014
0.271694 0.133662
0.243802 0.133057
0.239669 0.132367
0.207645 0.131187
0.208678 0.13
0.208678 0.128546
0.22314 0.127097
0.22314 0.125633
0.235537 0.124519
0.243802 0.123066
0.211777 0.121572
0.239669 0.120006
0.231405 0.118689
0.227273 0.117377
0.248967 0.115963
0.18905 0.114377
0.181818 0.113267
0.196281 0.112624
0.190083 0.11183
0.196281 0.110764
0.211777 0.109422
0.257231 0.107663
0.248967 0.105508
0.234504 0.103555
0.241736 0.101701
0.232438 0.0996804
0.245868 0.0968913
0.280992 0.0939738
0.275826 0.0913136
0.264463 0.0883678
0.270661 0.0852796
0.244835 0.0829649
0.255165 0.0807387
0.251033 0.0792417
0.198347 0.0775169
0.194215 0.0764068
0.252066 0.0750431
0.261364 0.0735069
0.266529 0.071502
0.272727 0.0693917
0.318182 0.0676181
0.297521 0.0662326
0.304752 0.0651841
0.268595 0.06407
0.286157 0.0629186
0.269628 0.0611571
0.260331 0.0596245
0.264463 0.0587129
0.247934 0.0572952
0.292355 0.0559659
0.295455 0.0551183
0.325413 0.0539019
0.325413 0.0529325
0.330579 0.0524519
0.308884 0.0513973
0.283058 0.0503205
0.277893 0.0489435
0.229339 0.047829
0.217975 0.0468512
0.222107 0.0461076
0.229339 0.045003
0.206612 0.0440006
0.244835 0.043294
0.242769 0.0425792
0.245868 0.0415538
0.240702 0.0401792
0.239669 0.0386925
0.264463 0.0374156
0.267562 0.0361913
0.279959 0.0351564
0.238636 0.0351446
0.252066 0.0358247
0.244835 0.0368923
0.234504 0.0377936
0.215909 0.0384094
0.21281 0.039092
0.22314 0.0389238
0.220041 0.0384528
0.230372 0.0382959
0.216942 0.0381989
0.258264 0.0377615
0.27686 0.0372528
0.315083 0.0366654
0.316116 0.036451
0.31405 0.0357281
0.35124 0.0348723
0.372934 0.0345881
0.370868 0.0344383
0.354339 0.0342865
0.342975 0.0342267
0.33781 0.0337845
0.31405 0.0341245
0.326446 0.0341723
0.334711 0.03424
0.358471 0.034042
0.355372 0.0339096
0.320248 0.0334926
0.31095 0.0328621
0.289256 0.0322326
0.260331 0.0313132
0.245868 0.0302154
0.246901 0.0285891
0.211777 0.027048
0.245868 0.0257506
0.241736 0.0243315
0.233471 0.0230729
0.266529 0.0215817
0.245868 0.0197806
0.207645 0.018616
0.25 0.0173845
0.237603 0.016168
0.258264 0.0144178
0.30062 0.0127435
0.291322 0.0111295
0.279959 0.00926949
0.296488 0.00728203
0.307851 0.00516366
0.313017 0.00315747
0.277893 0.000828148
0.27686 -0.00163439
0.274793 -0.00440037
0.279959 -0.00788072
0.296488 -0.0110212
0.296488 -0.0140058
0.306818 -0.0168672
0.313017 -0.0193576
0.290289 -0.0212117
0.285124 -0.0230435
0.315083 -0.0249259
0.334711 -0.0270371
0.341942 -0.0291802
0.338843 -0.0315841
0.319215 -0.0342831
0.342975 -0.0367829
0.344008 -0.0394967
0.362603 -0.0421545
0.33781 -0.044585
0.328512 -0.0473299
0.332645 -0.0496253
0.295455 -0.0518218
0.267562 -0.053941
0.258264 -0.0560622
0.248967 -0.0577631
0.269628 -0.0597227
0.289256 -0.0618739
0.295455 -0.0640034
0.31405 -0.0662597
0.326446 -0.0684261
0.345041 -0.0709268
0.352273 -0.0732093
0.350207 -0.0754802
0.341942 -0.0776605
0.367769 -0.079651
0.326446 -0.0816108
0.356405 -0.0828731
0.362603 -0.0839763
0.394628 -0.0848989
0.415289 -0.0860876
0.445248 -0.0880077
0.452479 -0.0903482
0.458678 -0.0925714
0.446281 -0.0950087
0.443182 -0.0979167
0.42562 -0.100051
0.428719 -0.102471
0.443182 -0.105374
0.47624 -0.108553
0.487603 -0.111632
0.522727 -0.115072
0.532025 -0.118582
0.497934 -0.121564
0.478306 -0.124083
0.509298 -0.126289
0.47624 -0.128924
0.483471 -0.131681
0.467975 -0.134022
0.480372 -0.135852
0.496901 -0.137796
0.492769 -0.139958
0.512397 -0.141064
0.524793 -0.142786
0.512397 -0.144226
0.490702 -0.145792
0.492769 -0.147298
0.508264 -0.148377
0.533058 -0.149403
0.549587 -0.150641
0.533058 -0.152006
0.532025 -0.15336
0.543388 -0.154896
0.551653 -0.156769
0.572314 -0.158418
0.576446 -0.159931
0.606405 -0.161602
0.580579 -0.163069
0.572314 -0.164544
0.585744 -0.165719
0.610537 -0.16786
0.607438 -0.169851
0.600207 -0.17163
0.561983 -0.173083
0.555785 -0.174043
0.551653 -0.174896
0.546488 -0.17616
0.578512 -0.177476
0.571281 -0.178737
0.589876 -0.180032
0.559917 -0.181692
0.534091 -0.18366
0.502066 -0.185143
0.514463 -0.186876
0.496901 -0.188585
0.456612 -0.190199
0.485537 -0.191575
0.492769 -0.192715
0.521694 -0.193768
0.5 -0.195431
0.505165 -0.196757
0.477273 -0.19804
0.485537 -0.199696
0.489669 -0.201421
0.501033 -0.202746
0.502066 -0.204656
0.522727 -0.20602
0.472107 -0.207385
0.445248 -0.208583
0.459711 -0.210247
0.446281 -0.212403
0.464876 -0.214375
0.47314 -0.215771
0.497934 -0.217377
0.516529 -0.218766
0.506198 -0.220224
0.488636 -0.220795
0.453512 -0.220611
0.450413 -0.22013
0.44938 -0.220403
0.43905 -0.220721
0.453512 -0.220821
0.466942 -0.221384
0.452479 -0.222283
0.454545 -0.223058
0.454545 -0.223625
0.467975 -0.22404
0.456612 -0.225257
0.466942 -0.22624
0.438017 -0.227201
0.469008 -0.228157
0.456612 -0.229291
0.423554 -0.230168
0.43595 -0.230722
0.472107 -0.231884
0.453512 -0.233088
0.493802 -0.233837
0.540289 -0.234888
0.485537 -0.235484
0.46281 -0.235676
0.507231 -0.235772
0.501033 -0.236036
0.516529 -0.236314
0.514463 -0.237424
0.515496 -0.238533
0.503099 -0.239259
0.481405 -0.239796
0.519628 -0.240213
0.506198 -0.240368
0.459711 -0.240846
0.464876 -0.241474
0.47314 -0.24152
0.474174 -0.241472
0.508264 -0.24176
0.52686 -0.2419
0.516529 -0.242047
0.552686 -0.242377
0.542355 -0.242439
0.546488 -0.242426
0.525826 -0.242654
0.540289 -0.242478
0.548554 -0.242961
0.536157 -0.24346
0.559917 -0.243828
0.579545 -0.244447
0.553719 -0.244532
0.571281 -0.243962
0.577479 -0.24297
0.563017 -0.241555
0.56405 -0.239933
0.546488 -0.23845
0.494835 -0.237028
0.514463 -0.23583
0.494835 -0.235107
0.493802 -0.234387
0.511364 -0.233767
0.488636 -0.233734
0.521694 -0.233922
0.553719 -0.234413
0.547521 -0.235336
0.497934 -0.236136
0.504132 -0.237519
0.481405 -0.239392
0.479339 -0.240662
0.471074 -0.242275
0.440083 -0.243592
0.445248 -0.244591
0.442149 -0.245419
0.496901 -0.246716
0.510331 -0.248723
0.575413 -0.250739
0.56095 -0.252419
0.570248 -0.2541
0.553719 -0.255862
0.536157 -0.258535
0.52686 -0.261086
0.527893 -0.263996
0.502066 -0.266709
0.521694 -0.269179
0.530992 -0.271434
0.555785 -0.274006
0.566116 -0.277453
0.548554 -0.279769
0.589876 -0.281697
0.57438 -0.284098
0.567149 -0.285853
0.585744 -0.287196
0.581612 -0.288681
0.583678 -0.289889
0.622934 -0.291234
0.575413 -0.292288
0.559917 -0.293031
0.56095 -0.294382
0.552686 -0.295376
0.570248 -0.29646
0.555785 -0.297702
0.56095 -0.299258
0.569215 -0.301121
0.582645 -0.302814
0.546488 -0.304582
0.552686 -0.30612
0.538223 -0.307773
0.547521 -0.309007
0.507231 -0.310678
0.479339 -0.312721
0.502066 -0.314757
0.470041 -0.316736
0.480372 -0.318286
0.53719 -0.319791
0.553719 -0.321569
0.556818 -0.323022
0.557851 -0.32447
0.567149 -0.325922
0.573347 -0.326345
0.55062 -0.326783
0.566116 -0.32715
0.546488 -0.327081
0.557851 -0.327166
0.583678 -0.326804
0.60124 -0.326491
0.605372 -0.326035
0.641529 -0.32644
0.58781 -0.326263
0.608471 -0.325856
0.557851 -0.325142
0.580579 -0.323781
0.603306 -0.322304
0.594008 -0.320758
0.631198 -0.318804
0.658058 -0.317116
0.661157 -0.315803
0.63843 -0.314369
0.635331 -0.312887
0.589876 -0.311559
0.61157 -0.310309
0.629132 -0.309264
0.626033 -0.308844
0.609504 -0.307869
0.592975 -0.306425
0.620868 -0.305354
0.595041 -0.303996
0.566116 -0.301912
0.580579 -0.299644
0.556818 -0.297334
0.532025 -0.294458
0.555785 -0.292018
0.569215 -0.289264
0.525826 -0.286882
0.533058 -0.285131
0.552686 -0.283543
0.561983 -0.2819
0.566116 -0.280531
0.56095 -0.278738
0.554752 -0.277314
0.509298 -0.27603
0.5 -0.274483
0.506198 -0.272905
0.467975 -0.271312
0.446281 -0.269924
0.438017 -0.268262
0.448347 -0.266715
0.432851 -0.264981
0.456612 -0.263135
0.440083 -0.261851
0.43595 -0.260412
0.443182 -0.258731
0.421488 -0.256626
0.410124 -0.254677
0.456612 -0.252726
0.43905 -0.251462
0.450413 -0.250182
0.457645 -0.248855
0.440083 -0.247565
0.454545 -0.246707
0.415289 -0.245673
0.419421 -0.244241
0.450413 -0.24229
0.457645 -0.240343
0.466942 -0.23797
0.481405 -0.235319
0.461777 -0.2328
0.497934 -0.230367
0.498967 -0.228138
0.498967 -0.226398
0.511364 -0.224655
0.527893 -0.22321
0.576446 -0.221503
0.552686 -0.220284
0.556818 -0.219224
0.546488 -0.218364
0.512397 -0.217078
0.465909 -0.215252
0.451446 -0.213101
0.463843 -0.210978
0.399793 -0.208853
0.400826 -0.206651
0.371901 -0.20415
0.364669 -0.201447
0.35124 -0.198949
0.368802 -0.196877
0.315083 -0.195167
0.27686 -0.19344
0.265496 -0.192195
0.255165 -0.19114
0.234504 -0.190134
0.206612 -0.188949
0.242769 -0.187774
0.260331 -0.186626
0.241736 -0.185413
0.241736 -0.184619
0.225207 -0.183897
0.225207 -0.183013
0.214876 -0.181846
0.22624 -0.1806
0.22314 -0.179287
0.210744 -0.177985
0.227273 -0.176113
0.22314 -0.173796
0.227273 -0.171632
0.224174 -0.16964
0.256198 -0.167855
0.255165 -0.166885
0.234504 -0.165752
0.256198 -0.164328
0.239669 -0.163192
0.229339 -0.161742
0.265496 -0.159974
0.23657 -0.158593
0.253099 -0.156987
0.308884 -0.15504
0.301653 -0.152985
0.293388 -0.150908
0.325413 -0.148694
0.326446 -0.146714
0.301653 -0.14493
0.305785 -0.143052
0.277893 -0.141502
0.280992 -0.139577
0.257231 -0.137563
0.270661 -0.135401
0.282025 -0.133382
0.258264 -0.131407
0.279959 -0.129783
0.288223 -0.128805
0.261364 -0.127536
0.27686 -0.126337
0.272727 -0.125377
0.290289 -0.124545
0.296488 -0.123735
0.257231 -0.123039
0.261364 -0.122519
0.272727 -0.122578
0.283058 -0.122298
0.302686 -0.121986
0.286157 -0.12139
0.278926 -0.121206
0.340909 -0.120268
0.358471 -0.119633
0.357438 -0.119119
0.338843 -0.118345
0.356405 -0.118144
0.366736 -0.117277
0.331612 -0.116333
0.328512 -0.115607
0.377066 -0.114648
0.370868 -0.114341
0.368802 -0.113454
0.396694 -0.112774
0.386364 -0.111729
0.390496 -0.111067
0.414256 -0.109922
0.400826 -0.109034
0.416322 -0.108058
0.378099 -0.107502
0.373967 -0.10702
0.392562 -0.106142
0.395661 -0.105981
0.36157 -0.105803
0.373967 -0.105096
0.395661 -0.104729
0.399793 -0.104287
0.409091 -0.103738
0.41219 -0.103552
0.429752 -0.103417
0.436983 -0.102712
0.423554 -0.102858
0.39876 -0.102839
0.40186 -0.1023
0.375 -0.101469
0.407025 -0.100709
0.376033 -0.100188
0.356405 -0.0994008
0.35124 -0.098303
0.362603 -0.0977726
0.334711 -0.0969799
0.360537 -0.0962457
0.363636 -0.0953187
0.360537 -0.0943877
0.350207 -0.0934001
0.386364 -0.0916999
0.34814 -0.0900998
0.362603 -0.0887685
0.35124 -0.0879296
0.346074 -0.0871893
0.338843 -0.0859739
0.329545 -0.0841565
0.306818 -0.0821378
0.323347 -0.0791457
0.31405 -0.0755932
0.327479 -0.0723341
0.325413 -0.0694269
0.334711 -0.0669386
0.302686 -0.0647608
0.26343 -0.0622411
0.248967 -0.0593605
0.230372 -0.0571204
0.22624 -0.0547208
0.238636 -0.0517966
0.224174 -0.0494592
0.229339 -0.0467326
0.227273 -0.0440265
0.233471 -0.0407716
0.254132 -0.0375031
0.272727 -0.0346202
0.244835 -0.0313433
0.21281 -0.028122
0.208678 -0.0244728
0.206612 -0.0207003
0.207645 -0.0171346
0.224174 -0.0131894
0.19938 -0.00986835
0.233471 -0.00627276
0.213843 -0.00302833
0.206612 9.21138e-05
0.173554 0.00323923
0.171488 0.00634733
0.197314 0.00964602
0.207645 0.0127157
0.195248 0.0159976
0.163223 0.0194231
0.145661 0.0220788
0.126033 0.0246857
0.11157 0.0271639
0.11157 0.0297596
0.122934 0.0323745
0.146694 0.0349858
0.131198 0.0377016
0.133264 0.0404432
0.104339 0.0425857
0.11157 0.0443895
0.134298 0.0459796
0.112603 0.0476409
0.0981405 0.0492973
0.106405 0.0509764
0.118802 0.0524364
0.144628 0.0540296
0.106405 0.0553691
0.127066 0.0567573
0.126033 0.0586718
0.0929752 0.0605713
0.113636 0.0628236
0.158058 0.0651769
0.152893 0.0674463
0.123967 0.0699546
0.119835 0.0725648
0.0588843 0.0750021
0.0619835 0.0776089
0.088843 0.0801993
0.0495868 0.0827793
0.0557851 0.0851296
0.0816116 0.0870837
0.0733471 0.0888617
0.0816116 0.0911252
0.120868 0.0937265
0.145661 0.095829
0.149793 0.0976406
0.146694 0.0994341
0.131198 0.101907
0.125 0.10449
0.135331 0.106497
0.127066 0.107811
0.107438 0.109466
0.089876 0.110839
0.0495868 0.112689
0.0413223 0.114249
0.053719 0.115247
0.0609504 0.11641
0.053719 0.116985
0.0475207 0.117356
0.0413223 0.117805
0.00516529 0.118276
0.00206612 0.118919
0.00206612 0.119066
0.00516529 0.119411
0.0278926 0.119859
0.0289256 0.120003
0.0619835 0.119879
0.0960744 0.119686
0.143595 0.119636
0.108471 0.119623
0.129132 0.120177
0.145661 0.120097
0.15186 0.120006
0.159091 0.120211
0.163223 0.119773
0.13843 0.119338
0.113636 0.119365
0.107438 0.118717
0.155992 0.11835
0.173554 0.117449
0.188017 0.116716
0.186983 0.115947
0.203512 0.115468
0.225207 0.114412
0.22314 0.113369
0.186983 0.112536
0.203512 0.112186
0.197314 0.111517
0.227273 0.110892
0.243802 0.110982
0.210744 0.111014
0.211777 0.110776
0.213843 0.110697
0.194215 0.110322
0.191116 0.109771
0.19938 0.109428
0.211777 0.109354
0.227273 0.10871
0.248967 0.10878
0.27686 0.108642
0.23657 0.107731
0.257231 0.107044
0.277893 0.106475
0.296488 0.106087
0.309917 0.106555
0.284091 0.106377
0.284091 0.106481
0.302686 0.106995
0.345041 0.108275
0.329545 0.109652
0.305785 0.110917
0.297521 0.110862
0.272727 0.111093
0.252066 0.111689
0.248967 0.112268
0.240702 0.112922
0.241736 0.113441
0.268595 0.114512
0.272727 0.115955
0.283058 0.117328
0.258264 0.1191
0.254132 0.1209
0.266529 0.122879
0.25 0.124828
0.213843 0.126171
0.257231 0.127166
0.230372 0.129256
0.243802 0.130526
0.217975 0.132312
0.21281 0.134015
0.210744 0.135887
0.197314 0.136837
0.21281 0.137682
0.204545 0.138539
0.17562 0.139228
0.152893 0.140247
0.146694 0.141396
0.131198 0.142921
0.155992 0.144851
0.147727 0.146673
0.171488 0.148103
0.165289 0.148772
0.200413 0.14975
0.213843 0.150713
0.224174 0.151274
0.261364 0.15111
0.234504 0.151368
0.219008 0.151832
0.202479 0.151891
0.238636 0.151882
0.221074 0.15203
0.230372 0.152091
0.221074 0.151899
0.240702 0.151779
0.228306 0.152744
0.18595 0.153927
0.207645 0.155109
0.152893 0.156048
0.183884 0.156503
0.207645 0.157052
0.209711 0.157782
0.206612 0.157849
0.221074 0.157777
0.219008 0.157448
0.206612 0.157059
0.217975 0.15625
0.18595 0.155093
0.184917 0.154012
0.163223 0.153307
0.146694 0.15263
0.195248 0.151677
0.192149 0.150395
0.219008 0.149747
0.222107 0.149008
0.237603 0.14773
0.228306 0.146997
0.252066 0.146775
0.268595 0.146728
0.245868 0.146461
0.257231 0.146342
0.262397 0.145825
0.252066 0.145358
0.259298 0.144326
0.252066 0.143261
0.27376 0.142319
0.280992 0.141313
0.275826 0.140581
0.301653 0.139662
0.325413 0.13898
0.364669 0.13854
0.393595 0.137762
0.369835 0.137126
0.338843 0.136327
0.342975 0.135534
0.322314 0.134959
0.378099 0.134277
0.384298 0.133351
0.375 0.132883
0.364669 0.132469
0.375 0.131967
0.357438 0.131109
0.318182 0.130127
0.304752 0.129804
0.323347 0.1289
0.311983 0.128116
0.303719 0.127764
0.299587 0.127577
0.323347 0.12744
0.297521 0.126872
0.286157 0.126341
0.286157 0.125993
0.266529 0.125782
0.283058 0.125292
0.301653 0.125442
0.296488 0.124955
0.272727 0.124333
0.253099 0.123754
0.253099 0.122988
0.232438 0.121963
0.256198 0.120511
0.269628 0.118935
0.235537 0.117078
0.213843 0.114988
0.238636 0.113212
0.232438 0.11183
0.288223 0.10949
0.289256 0.106453
0.311983 0.10378
0.269628 0.101973
0.253099 0.100232
0.224174 0.0984242
0.23657 0.0966426
0.275826 0.095394
0.248967 0.0937494
0.235537 0.0920609
0.246901 0.0908469
0.202479 0.0894296
0.196281 0.0883942
0.209711 0.0869826
0.203512 0.085718
0.198347 0.0845166
0.239669 0.0836308
0.237603 0.0826042
0.239669 0.0812756
0.22624 0.0799871
0.243802 0.0787152
0.233471 0.0769501
0.240702 0.0753607
0.210744 0.0739487
0.227273 0.0726203
0.203512 0.0711488
0.184917 0.0693912
0.180785 0.067938
0.179752 0.0661264
0.18905 0.0635949
0.163223 0.060752
0.204545 0.0583012
0.208678 0.0558613
0.237603 0.0536568
0.224174 0.0509773
0.243802 0.0482439
0.25 0.0455182
0.219008 0.0426273
0.22314 0.0396495
0.228306 0.036649
0.234504 0.0331117
0.256198 0.0297054
0.244835 0.0266501
0.262397 0.024491
0.277893 0.022237
0.270661 0.0195153
0.254132 0.0172052
0.253099 0.0141576
0.278926 0.0113254
0.27376 0.00851394
0.204545 0.00590867
0.220041 0.00370165
0.227273 0.00117093
0.227273 -0.0010552
0.213843 -0.00311766
0.221074 -0.00512092
0.195248 -0.0067867
0.22624 -0.00788089
0.220041 -0.00890029
0.230372 -0.0095434
0.21281 -0.0104997
0.220041 -0.0114842
0.195248 -0.0122345
0.196281 -0.0124474
0.177686 -0.0119997
0.160124 -0.0113532
0.186983 -0.0107699
0.184917 -0.0106072
0.208678 -0.0104262
0.196281 -0.0103056
0.183884 -0.0103358
0.169421 -0.0106799
0.133264 -0.0109182
0.131198 -0.0104461
0.11157 -0.0097998
0.0878099 -0.00925786
0.121901 -0.0081754
0.134298 -0.00734653
0.100207 -0.00621964
0.113636 -0.00516014
0.127066 -0.00398879
0.177686 -0.00269042
0.168388 -0.00136829
0.168388 -0.000109586
0.178719 0.00105497
0.209711 0.00186618
0.222107 0.00210701
0.177686 0.00181887
0.131198 0.00158862
0.127066 0.00191016
0.113636 0.00248056
0.129132 0.00345505
0.10124 0.00389531
0.113636 0.00442758
0.110537 0.00508291
0.102273 0.00548206
0.089876 0.00566952
0.0702479 0.00605557
0.0671488 0.00660265
0.104339 0.00643903
0.11157 0.00579432
0.0929752 0.00552698
0.117769 0.00488199
0.119835 0.00394954
0.112603 0.00284395
0.0919421 0.00168959
0.106405 0.000970508
0.0661157 0.000396702
0.0134298 -0.000751717
0.0206612 -0.00154436
0.0309917 -0.00263079
0.0227273 -0.00333316
0.0630165 -0.00391468
0.0640496 -0.00474737
0.0692149 -0.00501587
0.0495868 -0.00574739
0.035124 -0.0063944
0.0237603 -0.00637198
0.00309917 -0.00644577
0.0113636 -0.00576938
0.00309917 -0.00532199
0.017562 -0.00534659
0.0247934 -0.00548015
0.0392562 -0.00555297
0.0144628 -0.00606687
0.0309917 -0.00597549
0.00929752 -0.00634987
0.00103306 -0.00608356
0.036157 -0.00518371
0.0423554 -0.00461475
0.0237603 -0.00455864
0.00929752 -0.0040252
0.0382231 -0.00324301
0.053719 -0.00266558
0.052686 -0.00241856
0.0485537 -0.0024483
0.0650826 -0.0021402
0.0816116 -0.00191658
0.0278926 -0.00219458
0.00103306 -0.00252194
0.0433884 -0.00267059
0.0568182 -0.00297234
0.018595 -0.00320993
0.0072314 -0.00347922
0.0340909 -0.00314273
0.00206612 -0.00356378
0.0506198 -0.00403505
0.0557851 -0.0040858
0.0681818 -0.00449453
0.102273 -0.00399202
0.088843 -0.00362663
0.0826446 -0.00297518
0.0661157 -0.0021819
0.0330579 -0.00158048
0.071281 -0.00060539
0.0516529 0.000569594
0.0588843 0.00141525
0.0940083 0.00265667
0.0950413 0.00400702
0.0516529 0.00555463
0.0371901 0.00672308
0.0743802 0.0069065
0.118802 0.00751706
0.134298 0.00811888
0.174587 0.00899094
0.160124 0.0101031
0.141529 0.0109757
0.130165 0.0118469
0.15186 0.013386
0.181818 0.0151475
0.193182 0.017068
0.179752 0.0194671
0.194215 0.0214035
0.22624 0.0230139
0.228306 0.0246704
0.245868 0.0254922
0.228306 0.0255216
0.225207 0.0254743
0.215909 0.0253974
0.232438 0.0254703
0.205579 0.025126
0.22314 0.0245314
0.216942 0.0231549
0.208678 0.022045
0.193182 0.0206619
0.17562 0.0202669
0.197314 0.0201071
0.196281 0.0204733
0.195248 0.0201368
0.221074 0.0196898
0.181818 0.0189478
0.214876 0.0185862
0.209711 0.0184915
0.190083 0.0177907
0.214876 0.017156
0.238636 0.0159751
0.259298 0.0151854
0.248967 0.0147657
0.255165 0.0144566
0.245868 0.0138903
0.244835 0.0134121
0.260331 0.0130317
0.246901 0.0137415
0.253099 0.0149657
0.267562 0.0157896
0.228306 0.0165209
0.227273 0.0164765
0.246901 0.0166718
0.224174 0.016889
0.18905 0.0174803
0.19938 0.0186056
0.194215 0.0198028
0.177686 0.0210658
0.200413 0.0220795
0.16219 0.0232437
0.140496 0.0241085
0.160124 0.0247998
0.141529 0.0258258
0.117769 0.0272554
0.0929752 0.0287024
0.0940083 0.0303767
0.106405 0.0321654
0.114669 0.0349379
0.0991736 0.0369353
0.0692149 0.0394786
0.0919421 0.0423048
0.119835 0.0450947
0.0826446 0.0484963
0.139463 0.0517394
0.110537 0.0545322
0.113636 0.0573826
0.108471 0.0601418
0.088843 0.0625047
0.072314 0.0652085
0.0743802 0.0681193
0.0754132 0.0704887
0.0733471 0.0731403
0.0795455 0.0749549
0.0557851 0.0775124
0.0640496 0.0802626
0.0847107 0.0827139
0.0661157 0.0848591
0.0609504 0.0858841
0.0661157 0.0868413
0.0609504 0.0881639
0.0774793 0.0887613
0.0154959 0.0892673
0.0258264 0.0899909
0.0557851 0.0900536
0.0423554 0.0906232
0.0299587 0.0912996
0.0299587 0.0920289
0.0330579 0.0926737
0.0630165 0.0930644
0.0630165 0.0926616
0.0754132 0.0923977
0.0754132 0.0923857
0.0754132 0.0925771
0.072314 0.0930912
0.0805785 0.0928069
0.053719 0.0928202
0.0382231 0.0931469
0.0134298 0.0930827
0.0289256 0.0931334
0.0299587 0.0938219
0.0113636 0.094439
0.035124 0.0951896
0.0196281 0.0954252
0.0144628 0.0957403
0.0475207 0.0959097
0.0413223 0.0960561
0.00103306 0.0960991
0.017562 0.0957144
0.0330579 0.0949025
0.0340909 0.0942406
0.0206612 0.0940279
0.053719 0.0938283
0.0609504 0.0934971
0.072314 0.0930642
0.0743802 0.0922631
0.0671488 0.0918724
0.0330579 0.0912926
0.0330579 0.0904321
0.0495868 0.0894732
0.0692149 0.0892127
0.0371901 0.089471
0.00206612 0.0899475
0.00309917 0.0904015
0.018595 0.0907428
0.0206612 0.0911351
0.0433884 0.0911129
0.0433884 0.091078
0.035124 0.0911617
0.0289256 0.0914364
0.0154959 0.0919841
0.017562 0.0926619
0.0413223 0.0930871
0.00619835 0.0931619
0.0227273 0.0924416
0.0578512 0.0918062
0.121901 0.0919425
0.119835 0.0919079
0.161157 0.0920528
0.135331 0.092499
0.144628 0.0930762
0.136364 0.0942319
0.135331 0.095081
0.182851 0.0949381
0.195248 0.0949704
0.172521 0.0955039
0.171488 0.0958682
0.164256 0.0958702
0.147727 0.0958333
0.182851 0.0956032
0.123967 0.0952017
0.104339 0.0951718
0.122934 0.0952843
0.114669 0.0953987
0.122934 0.0959847
0.134298 0.0966671
0.0991736 0.0972188
0.13843 0.097618
0.143595 0.0979592
0.146694 0.0981685
0.18595 0.0982187
0.163223 0.0981295
0.17562 0.0978707
0.188017 0.0967661
0.246901 0.0956159
0.257231 0.0943941
0.247934 0.0939202
0.22624 0.0937437
0.200413 0.093565
0.17562 0.0939204
0.176653 0.0942649
0.172521 0.095291
0.164256 0.0960852
0.18595 0.0974315
0.202479 0.0982247
0.208678 0.0993737
0.219008 0.10047
0.230372 0.100909
0.196281 0.101436
0.186983 0.101538
0.17562 0.10146
0.166322 0.101405
0.172521 0.101884
0.149793 0.102331
0.158058 0.102611
0.193182 0.10268
0.18595 0.102493
0.225207 0.102161
0.224174 0.102049
0.210744 0.102419
0.238636 0.102985
0.201446 0.103514
0.177686 0.104121
0.132231 0.104566
0.135331 0.104982
0.114669 0.105084
0.107438 0.105622
0.0971074 0.106173
0.0805785 0.107129
0.0568182 0.108769
0.0444215 0.110135
0.0144628 0.111452
0.00206612 0.113028
0.0154959 0.114336
0.0278926 0.115928
0.0392562 0.11713
0.0547521 0.118266
0.0320248 0.118694
0.0671488 0.11922
0.0630165 0.1201
0.0113636 0.120627
0.0247934 0.1211
0.0144628 0.122247
0.035124 0.124112
0.018595 0.125572
0.0134298 0.127346
0.0134298 0.12908
0.0444215 0.131204
0.0237603 0.133401
0 0.135764
0.0340909 0.138339
0.0382231 0.14103
0.0588843 0.143547
0.0371901 0.146203
0.036157 0.148631
0.0785124 0.151081
0.0733471 0.153535
0.114669 0.15602
0.117769 0.157958
0.131198 0.15954
0.135331 0.161199
0.088843 0.163152
0.0578512 0.164274
0.0309917 0.165344
0.0278926 0.167033
0.0485537 0.16879
0.0330579 0.171334
0.0650826 0.1736
0.0836777 0.175454
0.0733471 0.176984
0.088843 0.178517
0.072314 0.180068
0.105372 0.181566
0.15186 0.182911
0.13843 0.183807
0.158058 0.184195
0.166322 0.184714
0.146694 0.184832
0.113636 0.185272
0.126033 0.185432
0.19938 0.186423
0.227273 0.187192
0.154959 0.18784
0.117769 0.188135
0.0878099 0.187923
0.0743802 0.187876
0.0950413 0.187751
0.071281 0.186776
0.0805785 0.186062
0.102273 0.185146
0.0960744 0.183787
0.0929752 0.182339
0.088843 0.180523
0.0785124 0.178448
0.089876 0.177039
0.0785124 0.174898
0.0599174 0.173204
0.0309917 0.171372
0.0340909 0.169447
0.0289256 0.167019
0.0340909 0.16424
0.052686 0.162341
0.0599174 0.161514
0.0681818 0.16041
0.0640496 0.159088
0.0258264 0.157191
0.0568182 0.155331
0.0599174 0.153197
0.0278926 0.150987
0.0113636 0.148731
0.0216942 0.146732
0.0299587 0.144286
0.0258264 0.142135
0.0495868 0.140267
0.0619835 0.138101
0.0454545 0.135792
0.0743802 0.133467
0.0547521 0.131057
0.0836777 0.128363
0.0475207 0.125439
0.0165289 0.122249
0.0578512 0.119347
0.0671488 0.116139
0.0588843 0.112675
0.0588843 0.109846
0.0836777 0.107053
0.0619835 0.104265
0.0650826 0.101236
0.105372 0.0984084
0.105372 0.095653
0.0692149 0.0929524
0.0950413 0.0901445
0.071281 0.0879647
0.0733471 0.0855476
0.106405 0.0836125
0.0805785 0.0820308
0.0733471 0.0804909
0.0795455 0.0792686
0.0919421 0.077885
0.112603 0.0763734
0.119835 0.0749533
0.133264 0.0735668
0.153926 0.0714188
0.177686 0.0694465
0.186983 0.0671062
0.153926 0.0649873
0.169421 0.0627321
0.200413 0.060175
0.179752 0.0575103
0.166322 0.0549161
0.160124 0.0517143
0.17562 0.0490515
0.205579 0.0464887
0.164256 0.0432879
0.145661 0.0398838
0.165289 0.0369254
0.15186 0.0330048
0.131198 0.0284105
0.122934 0.0239671
0.0919421 0.0193223
0.0950413 0.0150814
0.100207 0.0107762
0.0816116 0.006215
0.0650826 0.00183538
0.100207 -0.00225573
0.136364 -0.00622599
0.129132 -0.0101206
0.161157 -0.0145478
0.114669 -0.0190712
0.145661 -0.0241864
0.150826 -0.0292123
0.188017 -0.0343278
0.17562 -0.0395313
0.170455 -0.0442866
0.182851 -0.0490755
0.192149 -0.0532583
0.18905 -0.057601
0.171488 -0.0616667
0.149793 -0.0655176
0.16219 -0.0686507
0.197314 -0.0717133
0.168388 -0.0746014
0.202479 -0.0771111
0.198347 -0.0792095
0.192149 -0.0817152
0.204545 -0.0846222
0.210744 -0.0870944
0.193182 -0.0892183
0.206612 -0.0911773
0.178719 -0.0935798
0.145661 -0.0953978
0.178719 -0.0969882
0.132231 -0.0983619
0.14876 -0.0995436
0.173554 -0.100102
0.161157 -0.100443
0.141529 -0.100714
0.122934 -0.101808
0.118802 -0.102423
0.114669 -0.103639
0.0929752 -0.104474
0.121901 -0.10477
0.123967 -0.105026
0.157025 -0.104373
0.130165 -0.104047
0.121901 -0.10325
0.106405 -0.102223
0.102273 -0.101707
0.0847107 -0.100557
0.0733471 -0.0993724
0.0692149 -0.098322
0.0661157 -0.0977588
0.0733471 -0.097108
0.0495868 -0.0962396
0.0433884 -0.0949869
0.0340909 -0.0935625
0.0216942 -0.0923958
0.0330579 -0.0912727
0.0196281 -0.0898958
0.00103306 -0.0888653
0.0413223 -0.0874019
0.0320248 -0.0865323
0.0309917 -0.0855221
0.0485537 -0.0845681
0.00516529 -0.0835892
0.0123967 -0.0824771
0.0299587 -0.0815482
0.00206612 -0.0807845
0.0206612 -0.0803301
0.0123967 -0.0805336
0.0216942 -0.0805664
0.0103306 -0.080502
0.0134298 -0.0799622
0.0578512 -0.0794166
0.0568182 -0.0791919
0.0619835 -0.079155
0.0661157 -0.079177
0.0206612 -0.0790785
0.0557851 -0.0793563
0.0764463 -0.0804487
0.072314 -0.0812279
0.0692149 -0.0816011
0.0692149 -0.0812084
0.0702479 -0.0806819
0.0981405 -0.080216
0.0991736 -0.0801036
0.0940083 -0.0801622
0.0588843 -0.0797945
0.0547521 -0.0796663
0.0227273 -0.0794172
0.0630165 -0.0795719
0.0165289 -0.0800222
0.00309917 -0.0800781
0.0278926 -0.0794721
0.0547521 -0.0788603
0.071281 -0.0787753
0.0640496 -0.0786959
0.0340909 -0.0792377
0.0216942 -0.0798301
0.0309917 -0.0815467
0.0454545 -0.0836388
0.0464876 -0.0851366
0.0754132 -0.0869974
0.0485537 -0.0891864
0.0464876 -0.0913777
0.0516529 -0.0933588
0.0413223 -0.0946138
0.0247934 -0.0958552
0.0340909 -0.0972039
0.0630165 -0.0991047
0.108471 -0.100624
0.088843 -0.102667
0.0681818 -0.103943
0.0309917 -0.104923
0.035124 -0.10576
0.0268595 -0.107508
0.00826446 -0.108533
0.00619835 -0.109937
0 -0.111504
0.0103306 -0.112979
0.0134298 -0.114179
0.0464876 -0.115846
0.0247934 -0.117036
0.0867769 -0.118737
0.0867769 -0.120402
0.117769 -0.121527
0.152893 -0.122555
0.157025 -0.123572
0.190083 -0.123329
0.195248 -0.123471
0.155992 -0.123657
0.18595 -0.12343
0.200413 -0.124237
0.248967 -0.1251
0.27686 -0.125732
0.244835 -0.125974
0.27376 -0.126014
0.247934 -0.125844
0.243802 -0.125473
0.225207 -0.123971
0.251033 -0.122839
0.228306 -0.121919
0.230372 -0.121221
0.266529 -0.120553
0.241736 -0.119753
0.265496 -0.119528
0.262397 -0.119279
0.206612 -0.118484
0.242769 -0.11782
0.183884 -0.117115
0.192149 -0.116731
0.224174 -0.116717
0.205579 -0.117502
0.242769 -0.118348
0.240702 -0.119052
0.235537 -0.119927
0.247934 -0.119995
0.264463 -0.119997
0.286157 -0.120257
0.274793 -0.1211
0.292355 -0.121704
0.299587 -0.122135
0.311983 -0.122148
0.332645 -0.122484
0.355372 -0.122425
0.339876 -0.12265
0.309917 -0.122641
0.304752 -0.121609
0.320248 -0.121365
0.326446 -0.120804
0.354339 -0.120417
0.350207 -0.120723
0.352273 -0.120855
0.371901 -0.121615
0.385331 -0.122704
0.390496 -0.123703
0.385331 -0.124619
0.383264 -0.126214
0.34814 -0.127741
0.383264 -0.12893
0.376033 -0.12999
0.320248 -0.130728
0.333678 -0.131719
0.304752 -0.132917
0.307851 -0.133875
0.297521 -0.135308
0.30062 -0.13641
0.325413 -0.137691
0.306818 -0.139016
0.283058 -0.140513
0.264463 -0.141294
0.23657 -0.142404
0.243802 -0.142911
0.246901 -0.143758
0.241736 -0.14468
0.222107 -0.145377
0.229339 -0.14528
0.241736 -0.144593
0.251033 -0.143567
0.266529 -0.14273
0.227273 -0.142514
0.220041 -0.141743
0.19938 -0.141349
0.221074 -0.141217
0.176653 -0.141144
0.149793 -0.141774
0.130165 -0.142883
0.126033 -0.14403
0.0692149 -0.145027
0.0206612 -0.146357
0.00619835 -0.14792
0.00826446 -0.149443
0.0134298 -0.149989
0.0165289 -0.151168
0.0309917 -0.151842
0.0661157 -0.152108
0.072314 -0.152984
0.0557851 -0.155103
0.0588843 -0.157085
0.071281 -0.158077
0.0330579 -0.159281
0.036157 -0.160579
0.0847107 -0.161873
0.0929752 -0.162934
0.15186 -0.164602
0.123967 -0.165855
0.134298 -0.166688
0.168388 -0.167488
0.201446 -0.168859
0.211777 -0.170493
0.213843 -0.172882
0.257231 -0.174852
0.252066 -0.17618
0.278926 -0.177302
0.257231 -0.177636
0.298554 -0.177924
0.291322 -0.177529
0.301653 -0.177422
0.307851 -0.177152
0.269628 -0.177222
0.315083 -0.177283
0.326446 -0.176782
0.290289 -0.175965
0.299587 -0.175245
0.298554 -0.174478
0.302686 -0.174919
0.332645 -0.175312
0.328512 -0.176336
0.298554 -0.177576
0.298554 -0.179006
0.295455 -0.180197
0.320248 -0.180869
0.332645 -0.181561
0.347107 -0.182607
0.344008 -0.183826
0.367769 -0.185345
0.395661 -0.186647
0.391529 -0.188221
0.383264 -0.189835
0.369835 -0.190702
0.407025 -0.191239
0.417355 -0.19193
0.441116 -0.192862
0.414256 -0.193683
0.442149 -0.194478
0.479339 -0.195688
0.490702 -0.197543
0.47624 -0.199525
0.480372 -0.201208
0.466942 -0.203404
0.43595 -0.204937
0.460744 -0.206544
0.474174 -0.20829
0.454545 -0.209935
0.475207 -0.211192
0.43905 -0.21296
0.469008 -0.21487
0.47314 -0.217299
0.470041 -0.219468
0.474174 -0.222097
0.465909 -0.225079
0.456612 -0.22771
0.495868 -0.229438
0.48657 -0.231344
0.482438 -0.233093
0.493802 -0.23445
0.5 -0.235609
0.44938 -0.235922
0.430785 -0.236709
0.404959 -0.236899
0.407025 -0.236934
0.429752 -0.237027
0.431818 -0.237196
0.46281 -0.236867
0.469008 -0.236866
0.459711 -0.236956
0.422521 -0.236974
0.421488 -0.237343
0.407025 -0.238275
0.373967 -0.239421
0.370868 -0.240822
0.381198 -0.242063
0.370868 -0.242621
0.364669 -0.24266
0.387397 -0.24237
0.384298 -0.242339
0.389463 -0.241782
0.395661 -0.242467
0.384298 -0.242696
0.389463 -0.243085
0.368802 -0.243882
0.372934 -0.244897
0.365702 -0.245977
0.371901 -0.24708
0.354339 -0.248344
0.305785 -0.249568
0.328512 -0.250797
0.334711 -0.251894
0.332645 -0.252982
0.354339 -0.254956
0.370868 -0.256823
0.360537 -0.258633
0.372934 -0.260263
0.389463 -0.2623
0.402893 -0.264009
0.371901 -0.26577
0.367769 -0.267553
0.375 -0.268695
0.396694 -0.269934
0.373967 -0.270964
0.360537 -0.272038
0.332645 -0.273069
0.332645 -0.273536
0.346074 -0.274444
0.32438 -0.275149
0.298554 -0.276442
0.27376 -0.276906
0.235537 -0.278045
0.280992 -0.278546
0.280992 -0.279378
0.260331 -0.279389
0.244835 -0.278636
0.272727 -0.277619
0.275826 -0.27636
0.291322 -0.274637
0.277893 -0.27327
0.269628 -0.272032
0.27686 -0.27056
0.301653 -0.268398
0.31095 -0.26562
0.318182 -0.263171
0.311983 -0.261819
0.293388 -0.259714
0.28719 -0.257762
0.259298 -0.255642
0.222107 -0.252744
0.242769 -0.249647
0.256198 -0.24598
0.256198 -0.242063
0.234504 -0.238187
0.215909 -0.23415
0.214876 -0.230575
0.217975 -0.225645
0.228306 -0.220642
0.252066 -0.216316
0.272727 -0.212166
0.292355 -0.207967
0.288223 -0.204209
0.257231 -0.199795
0.208678 -0.196261
0.194215 -0.193489
0.197314 -0.190432
0.230372 -0.186911
0.22314 -0.182972
0.25 -0.179277
0.229339 -0.175351
0.234504 -0.17197
0.264463 -0.168576
0.323347 -0.164967
0.331612 -0.161745
0.318182 -0.158235
0.255165 -0.155241
0.241736 -0.151931
0.267562 -0.148609
0.280992 -0.145231
0.261364 -0.141818
0.237603 -0.138807
0.214876 -0.135825
0.166322 -0.133264
0.166322 -0.131086
0.157025 -0.128828
0.153926 -0.126933
0.145661 -0.125114
0.112603 -0.124214
0.104339 -0.122733
0.0960744 -0.121346
0.0795455 -0.11966
0.0754132 -0.117976
0.0764463 -0.1164
0.0847107 -0.115207
0.104339 -0.114187
0.0733471 -0.113864
0.0557851 -0.113353
0.0444215 -0.112707
0.0568182 -0.111969
0.089876 -0.11136
0.104339 -0.111694
0.133264 -0.111758
0.145661 -0.11195
0.108471 -0.111917
0.0960744 -0.111321
0.128099 -0.110305
0.132231 -0.109538
0.112603 -0.108927
0.149793 -0.108578
0.153926 -0.107983
0.167355 -0.106753
0.18905 -0.105867
0.165289 -0.105775
0.172521 -0.105007
0.18905 -0.104648
0.168388 -0.104312
0.164256 -0.104077
0.209711 -0.103305
0.18905 -0.10342
0.182851 -0.103397
0.227273 -0.10332
0.193182 -0.103943
0.201446 -0.104791
0.167355 -0.105814
0.191116 -0.106171
0.198347 -0.106443
0.202479 -0.107427
0.194215 -0.107615
0.194215 -0.107214
0.22624 -0.106734
0.172521 -0.10559
0.184917 -0.104424
0.230372 -0.103664
0.222107 -0.102939
0.232438 -0.102051
0.246901 -0.101537
0.244835 -0.101586
0.283058 -0.10143
0.247934 -0.102591
0.241736 -0.103939
0.266529 -0.105223
0.261364 -0.106999
0.264463 -0.108347
0.232438 -0.109323
0.21281 -0.11031
0.240702 -0.110657
0.255165 -0.111762
0.271694 -0.112902
0.262397 -0.11387
0.25 -0.11535
0.257231 -0.116306
0.254132 -0.117533
0.248967 -0.119322
0.262397 -0.121034
0.283058 -0.123041
0.260331 -0.124779
0.255165 -0.126362
0.267562 -0.126995
0.235537 -0.127944
0.216942 -0.128415
0.238636 -0.129653
0.18905 -0.130404
0.219008 -0.130984
0.191116 -0.130844
0.208678 -0.130427
0.282025 -0.130343
0.315083 -0.13028
0.359504 -0.1299
0.357438 -0.129365
0.375 -0.129493
0.381198 -0.129659
0.400826 -0.129497
0.443182 -0.129479
0.416322 -0.129906
0.359504 -0.130234
0.345041 -0.131009
0.375 -0.131667
0.372934 -0.132251
0.319215 -0.132144
0.36157 -0.131703
0.381198 -0.131977
0.342975 -0.132445
0.323347 -0.132483
0.346074 -0.132951
0.340909 -0.133243
0.353306 -0.133322
0.362603 -0.133136
0.376033 -0.132072
0.394628 -0.131111
0.38843 -0.13053
0.389463 -0.129468
0.39876 -0.128748
0.38843 -0.128013
0.393595 -0.127258
0.372934 -0.126397
0.38843 -0.125681
0.377066 -0.125162
0.382231 -0.124537
0.369835 -0.12359
0.364669 -0.122862
0.393595 -0.122343
0.340909 -0.121416
0.354339 -0.120956
0.336777 -0.120637
0.366736 -0.119761
0.335744 -0.118781
0.325413 -0.118045
0.305785 -0.118059
0.280992 -0.117833
0.27376 -0.117696
0.277893 -0.117353
0.264463 -0.117586
0.248967 -0.117211
0.252066 -0.116745
0.239669 -0.116436
0.216942 -0.116322
0.217975 -0.116205
0.196281 -0.11593
0.197314 -0.115134
0.193182 -0.114966
0.216942 -0.114633
0.231405 -0.114319
0.285124 -0.113936
0.248967 -0.113052
0.297521 -0.112463
0.298554 -0.112013
0.272727 -0.111166
0.270661 -0.110447
0.245868 -0.110211
0.238636 -0.109245
0.240702 -0.108375
0.27686 -0.107348
0.27376 -0.106205
0.255165 -0.105779
0.244835 -0.104637
0.259298 -0.103641
0.247934 -0.102583
0.243802 -0.102115
0.238636 -0.101719
0.231405 -0.10129
0.251033 -0.100642
0.268595 -0.100161
0.277893 -0.0993142
0.245868 -0.0988035
0.240702 -0.0984057
0.234504 -0.0978438
0.275826 -0.0971984
0.255165 -0.097255
0.277893 -0.0970678
0.232438 -0.0966969
0.246901 -0.0966882
0.244835 -0.0972989
0.253099 -0.0977227
0.271694 -0.0987004
0.295455 -0.0997135
0.328512 -0.101117
0.315083 -0.102212
0.302686 -0.102969
0.318182 -0.103141
0.334711 -0.103244
0.366736 -0.10358
0.380165 -0.103931
0.394628 -0.103882
0.385331 -0.104154
0.399793 -0.103832
0.376033 -0.103024
0.385331 -0.103134
0.380165 -0.103213
0.415289 -0.103338
0.399793 -0.10338
0.366736 -0.102984
0.397727 -0.102371
0.410124 -0.101647
0.413223 -0.101159
0.40186 -0.100383
0.372934 -0.0993871
0.365702 -0.0976718
0.344008 -0.0957602
0.376033 -0.0931366
0.387397 -0.0908079
0.384298 -0.0882267
0.39876 -0.0867237
0.403926 -0.0847521
0.424587 -0.0831691
0.448347 -0.0823864
0.460744 -0.0820491
0.457645 -0.0820128
0.454545 -0.0815066
0.428719 -0.0808292
0.432851 -0.0802607
0.413223 -0.0803565
0.413223 -0.0805998
0.416322 -0.0804127
0.384298 -0.0799293
0.333678 -0.0791381
0.325413 -0.0777366
0.30062 -0.0758746
0.307851 -0.0747322
0.311983 -0.0731041
0.298554 -0.0716368
0.302686 -0.0699478
0.283058 -0.0687634
0.253099 -0.0678669
0.25 -0.0667483
0.215909 -0.0663305
0.231405 -0.0663043
0.251033 -0.0666446
0.19938 -0.0668219
0.240702 -0.066626
0.239669 -0.0667486
0.216942 -0.0666079
0.219008 -0.0662012
0.240702 -0.0654338
0.289256 -0.0648529
0.295455 -0.0651131
0.322314 -0.0648494
0.301653 -0.0642421
0.291322 -0.0628909
0.298554 -0.0612166
0.323347 -0.0599784
0.36157 -0.059065
0.349174 -0.0577274
0.328512 -0.0564454
0.302686 -0.0556678
0.296488 -0.0548716
0.31405 -0.0534254
0.31405 -0.0521024
0.340909 -0.0509763
0.295455 -0.0501339
0.357438 -0.0492887
0.382231 -0.0483933
0.385331 -0.0483812
0.402893 -0.0487692
0.416322 -0.0492025
0.426653 -0.0497799
0.424587 -0.0506141
0.441116 -0.051837
0.421488 -0.0523285
0.402893 -0.0522629
0.391529 -0.0522892
0.405992 -0.0526818
0.413223 -0.0534539
0.409091 -0.053395
0.448347 -0.0527171
0.44938 -0.0520449
0.474174 -0.0519634
0.44938 -0.05141
0.460744 -0.0507906
0.419421 -0.0510839
0.39876 -0.0509675
0.405992 -0.0515339
0.403926 -0.0521544
0.394628 -0.0531221
0.393595 -0.0537658
0.333678 -0.0541231
0.338843 -0.0539436
0.368802 -0.0541208
0.349174 -0.0541671
0.356405 -0.0546074
0.365702 -0.0553957
0.368802 -0.056363
0.338843 -0.0572003
0.369835 -0.0576386
0.345041 -0.0580811
0.355372 -0.0580664
0.341942 -0.0580913
0.359504 -0.0582066
0.342975 -0.0587435
0.347107 -0.0595333
0.375 -0.0597664
0.347107 -0.0609081
0.328512 -0.0624728
0.321281 -0.0633268
0.323347 -0.0641894
0.291322 -0.0653968
0.277893 -0.0666796
0.246901 -0.0675676
0.235537 -0.068156
0.268595 -0.0687984
0.271694 -0.0700775
0.284091 -0.0719302
0.288223 -0.0732134
0.251033 -0.0746193
0.266529 -0.0760687
0.227273 -0.0774651
0.234504 -0.0782449
0.225207 -0.0789381
0.216942 -0.0796485
0.261364 -0.0802448
0.262397 -0.0809532
0.170455 -0.0819577
0.196281 -0.0825729
0.188017 -0.0834379
0.166322 -0.0839026
0.197314 -0.085387
0.181818 -0.0879595
0.140496 -0.0898626
0.171488 -0.0912617
0.230372 -0.0930578
0.215909 -0.0951428
0.220041 -0.0967667
0.259298 -0.0985265
0.272727 -0.100155
0.237603 -0.102005
0.209711 -0.103597
0.22624 -0.105397
0.233471 -0.106616
0.22314 -0.10736
0.23657 -0.108336
0.238636 -0.108963
0.208678 -0.109534
0.179752 -0.110146
0.155992 -0.110573
0.197314 -0.110916
0.229339 -0.111775
0.233471 -0.113205
0.240702 -0.113983
0.208678 -0.114855
0.246901 -0.115953
0.207645 -0.117874
0.178719 -0.119515
0.181818 -0.121446
0.184917 -0.123708
0.16219 -0.124935
0.145661 -0.125848
0.130165 -0.126772
0.14876 -0.127986
0.160124 -0.129636
0.215909 -0.131595
0.171488 -0.133902
0.235537 -0.136281
0.231405 -0.138397
0.233471 -0.140525
0.238636 -0.142426
0.242769 -0.144775
0.271694 -0.146344
0.256198 -0.147445
0.27686 -0.148487
0.293388 -0.148842
0.286157 -0.148967
0.320248 -0.148991
0.299587 -0.148564
0.280992 -0.148277
0.297521 -0.147842
0.302686 -0.147488
0.28719 -0.147499
0.305785 -0.14686
0.322314 -0.146277
0.328512 -0.145096
0.342975 -0.144102
0.391529 -0.143289
0.392562 -0.141815
0.384298 -0.14168
0.414256 -0.141252
0.418388 -0.140089
0.408058 -0.138574
0.421488 -0.137311
0.410124 -0.136312
0.450413 -0.135674
0.466942 -0.134853
0.430785 -0.134237
0.461777 -0.13408
0.458678 -0.134028
0.446281 -0.133605
0.440083 -0.133078
0.400826 -0.132314
0.420455 -0.131931
0.428719 -0.131124
0.433884 -0.130597
0.444215 -0.131049
0.409091 -0.130912
0.423554 -0.130835
0.46281 -0.130716
0.471074 -0.131105
0.457645 -0.13177
0.47314 -0.132879
0.432851 -0.133142
0.469008 -0.133363
0.460744 -0.134545
0.454545 -0.136039
0.466942 -0.136727
0.534091 -0.13796
0.541322 -0.139531
0.530992 -0.140892
0.5 -0.142087
0.490702 -0.14272
0.469008 -0.143231
0.44938 -0.143709
0.460744 -0.144576
0.485537 -0.14558
0.501033 -0.14605
0.489669 -0.146931
0.481405 -0.147078
0.475207 -0.147148
0.504132 -0.147182
0.511364 -0.14752
0.525826 -0.148143
0.519628 -0.148746
0.516529 -0.149399
0.515496 -0.149838
0.52686 -0.150905
0.538223 -0.151586
0.527893 -0.151967
0.52376 -0.152695
0.520661 -0.153424
0.525826 -0.153579
0.519628 -0.153787
0.509298 -0.153702
0.504132 -0.152513
0.483471 -0.151527
0.487603 -0.150201
0.478306 -0.149317
0.517562 -0.148419
0.509298 -0.147216
0.488636 -0.145554
0.48657 -0.143402
0.467975 -0.141355
0.463843 -0.138549
0.443182 -0.135719
0.452479 -0.132535
0.493802 -0.129208
0.479339 -0.126425
0.519628 -0.123636
0.494835 -0.120906
0.467975 -0.118061
0.421488 -0.115211
0.43905 -0.112235
0.43595 -0.108928
0.469008 -0.105702
0.470041 -0.103563
0.458678 -0.102274
0.43595 -0.100341
0.458678 -0.0983806
0.450413 -0.0965137
0.431818 -0.0950295
0.451446 -0.093613
0.431818 -0.0922995
0.43595 -0.0909053
0.436983 -0.090136
0.434917 -0.0890727
0.417355 -0.0882521
0.423554 -0.0870737
0.389463 -0.0859102
0.381198 -0.0850263
0.395661 -0.0843117
0.395661 -0.0837917
0.367769 -0.0836339
0.403926 -0.0831834
0.431818 -0.0831328
0.391529 -0.0825572
0.373967 -0.0821024
0.352273 -0.0819348
0.362603 -0.080728
0.385331 -0.0797536
0.364669 -0.078915
0.331612 -0.0776587
0.322314 -0.0774175
0.331612 -0.0770841
0.35124 -0.0767904
0.336777 -0.0763536
0.298554 -0.0762325
0.296488 -0.0751279
0.322314 -0.0737864
0.323347 -0.073154
0.329545 -0.0723554
0.390496 -0.0721602
0.378099 -0.072345
0.378099 -0.0727857
0.340909 -0.0725317
0.306818 -0.0723661
0.302686 -0.0719248
0.318182 -0.0721618
0.31405 -0.0723099
0.327479 -0.0722983
0.36157 -0.073017
0.353306 -0.073376
0.349174 -0.0739124
0.353306 -0.0746439
0.364669 -0.0754817
0.365702 -0.0760357
0.368802 -0.0771458
0.38843 -0.0779368
0.403926 -0.0782472
0.440083 -0.0785145
0.444215 -0.0786125
0.409091 -0.0792266
0.397727 -0.0800883
0.386364 -0.0809122
0.371901 -0.0824855
0.403926 -0.0838701
0.381198 -0.0854284
0.381198 -0.08634
0.376033 -0.0871973
0.390496 -0.0885471
0.396694 -0.090257
0.382231 -0.0915241
0.373967 -0.093285
0.358471 -0.0941661
0.318182 -0.0955678
0.330579 -0.0963202
0.301653 -0.0968848
0.260331 -0.097089
0.26343 -0.0965844
0.252066 -0.0961866
0.259298 -0.0962139
0.255165 -0.0959381
0.201446 -0.0952615
0.211777 -0.0953761
0.203512 -0.0948813
0.219008 -0.093992
0.207645 -0.09323
0.209711 -0.092696
0.179752 -0.0921187
0.227273 -0.0905432
0.234504 -0.0893241
0.221074 -0.0879466
0.200413 -0.0866657
0.190083 -0.0852321
0.176653 -0.0835107
0.152893 -0.0814665
0.161157 -0.0794012
0.181818 -0.0764753
0.157025 -0.0732469
0.176653 -0.0697211
0.220041 -0.0668517
0.192149 -0.063801
0.173554 -0.0608626
0.220041 -0.0586825
0.264463 -0.057345
0.315083 -0.0558008
0.290289 -0.0546342
0.274793 -0.0532787
0.285124 -0.0522474
0.301653 -0.0511138
0.282025 -0.0504315
0.275826 -0.0498878
0.305785 -0.0494653
0.311983 -0.0492868
0.27686 -0.0489129
0.293388 -0.0484932
0.318182 -0.0484584
0.296488 -0.0481529
0.339876 -0.0478461
0.349174 -0.0474823
0.331612 -0.0464403
0.298554 -0.0454955
0.294421 -0.0442014
0.279959 -0.0423701
0.256198 -0.0405497
0.261364 -0.0390036
0.253099 -0.0369467
0.235537 -0.0356405
0.253099 -0.0336427
0.27686 -0.0313007
0.268595 -0.0295888
0.318182 -0.0280126
0.299587 -0.0269131
0.31095 -0.0258187
0.303719 -0.0251315
0.31095 -0.0244281
0.299587 -0.0230882
0.290289 -0.0215077
0.272727 -0.0196376
0.251033 -0.0178554
0.240702 -0.0162768
0.242769 -0.0143651
0.243802 -0.0128504
0.232438 -0.0118908
0.213843 -0.0103663
0.240702 -0.008905
0.234504 -0.00798933
0.222107 -0.00755603
0.277893 -0.00739719
0.261364 -0.00659784
0.280992 -0.00554458
0.279959 -0.00455183
0.286157 -0.00423539
0.288223 -0.00473449
0.309917 -0.0054288
0.311983 -0.00572417
0.350207 -0.00676248
0.34814 -0.00829414
0.35124 -0.00930084
0.386364 -0.0109444
0.375 -0.0131844
0.379132 -0.015421
0.366736 -0.0169714
0.403926 -0.0178231
0.390496 -0.0190629
0.355372 -0.0198904
0.36157 -0.0202447
0.379132 -0.0203988
0.396694 -0.0211059
0.356405 -0.0217598
0.400826 -0.0217435
0.369835 -0.0222783
0.378099 -0.0228935
0.373967 -0.023467
0.368802 -0.0234218
0.382231 -0.023999
0.380165 -0.0242525
0.347107 -0.0248766
0.326446 -0.0258757
0.315083 -0.0264364
0.32438 -0.0271407
0.311983 -0.028131
0.28719 -0.0292673
0.278926 -0.030506
0.277893 -0.0314452
0.28719 -0.0324651
0.264463 -0.0333687
0.286157 -0.0340468
0.239669 -0.0349516
0.252066 -0.0352443
0.25 -0.0356979
0.240702 -0.0361689
0.25 -0.0358244
0.260331 -0.0359015
0.27376 -0.0357928
0.27376 -0.0361697
0.285124 -0.0365386
0.292355 -0.0360784
0.292355 -0.0366301
0.26343 -0.037053
0.260331 -0.0381283
0.303719 -0.0387871
0.347107 -0.0390098
0.34814 -0.0391844
0.376033 -0.0398902
0.360537 -0.0401161
0.387397 -0.0400115
0.402893 -0.0394028
0.372934 -0.0386036
0.399793 -0.037732
0.404959 -0.0375042
0.409091 -0.0369427
0.370868 -0.0363135
0.329545 -0.0355747
0.296488 -0.0347342
0.242769 -0.0337912
0.21281 -0.0329765
0.22314 -0.0313981
0.239669 -0.0299769
0.275826 -0.0292689
0.274793 -0.0280102
0.28719 -0.0260544
0.285124 -0.0237197
0.269628 -0.0218043
0.260331 -0.0198278
0.23657 -0.0183762
0.196281 -0.0175218
0.234504 -0.0167315
0.197314 -0.0158387
0.220041 -0.0140753
0.210744 -0.0123236
0.197314 -0.010498
0.225207 -0.00813464
0.205579 -0.00628871
0.195248 -0.00426953
0.210744 -0.000962879
0.177686 0.00198887
0.18905 0.00513969
0.180785 0.00822583
0.159091 0.0119695
0.205579 0.0158527
0.166322 0.0191658
0.128099 0.0218873
0.106405 0.0244344
0.10124 0.0277224
0.0991736 0.0313175
0.0919421 0.0346816
0.128099 0.0378792
0.121901 0.0407748
0.089876 0.0438141
0.0247934 0.0468595
0.0299587 0.0500451
0.0247934 0.0530356
0.0630165 0.0563604
0.0764463 0.0590356
0.0609504 0.0615991
0.053719 0.0645715
0.0485537 0.0689464
0.00619835 0.0731154
0.0382231 0.0775825
0.0237603 0.0820016
0.018595 0.0864489
0.0237603 0.0901688
0.0278926 0.0936651
0.0134298 0.0967001
0.0475207 0.100441
0.0433884 0.10446
0.0072314 0.107984
0.00929752 0.112171
0.0154959 0.116736
0.0247934 0.121595
0.0444215 0.125733
0.0382231 0.130163
0.053719 0.134222
0.0619835 0.13745
0.0495868 0.140108
0.0702479 0.142755
0.0402893 0.145102
0.0123967 0.147528
0.0289256 0.149338
0.0867769 0.151152
0.0547521 0.153009
0.0671488 0.154278
0.072314 0.155208
0.0237603 0.156223
0.0113636 0.157315
0.00413223 0.158847
0.0340909 0.160631
0.0227273 0.162181
0.0299587 0.163604
0.035124 0.165139
0.0289256 0.166959
0.036157 0.168829
0.0320248 0.170618
0.00206612 0.172641
0.00826446 0.175236
0.0309917 0.177449
0.00929752 0.179993
0.00413223 0.182664
0.0123967 0.185
0.0216942 0.186306
0.0237603 0.18684
0.0485537 0.186833
0.0475207 0.18697
0.0847107 0.187213
0.0464876 0.187129
0.0289256 0.187481
0.0320248 0.188391
0.0402893 0.189261
0.0743802 0.189979
0.0340909 0.190386
0.0733471 0.190355
0.0578512 0.189666
0.0588843 0.18938
0.0588843 0.189194
0.0165289 0.188645
0.0485537 0.188508
0.0754132 0.188357
0.0485537 0.187622
0.0196281 0.187101
0.0113636 0.186441
0.0392562 0.186073
0.0165289 0.185247
0.0475207 0.184011
0.0134298 0.183296
0.0113636 0.182419
0.00309917 0.182033
0.0258264 0.181836
0.0392562 0.181496
0.036157 0.180904
0 0.180435
0.00309917 0.180322
0.0134298 0.179262
0.0340909 0.178092
0.0413223 0.176443
0.0196281 0.175175
0.018595 0.174578
0.0506198 0.174379
0.0444215 0.173529
0.052686 0.17287
0.0278926 0.172408
0.0113636 0.171546
0.0330579 0.170497
0.0836777 0.169546
0.0785124 0.168351
0.0630165 0.168143
0.0547521 0.168212
0.053719 0.167643
0.0671488 0.166536
0.0640496 0.165285
0.0785124 0.164097
0.0640496 0.163311
0.053719 0.1621
0.036157 0.160061
0.036157 0.15744
0.0340909 0.154316
0.0103306 0.150175
0.0165289 0.146475
0.0247934 0.143519
0.0423554 0.140227
0.088843 0.136951
0.118802 0.133986
0.143595 0.130652
0.0867769 0.127295
0.0940083 0.124168
0.0795455 0.12058
0.0640496 0.117885
0.0340909 0.11535
0.0268595 0.112836
0.0619835 0.1101
0.0630165 0.106452
0.0661157 0.103125
0.072314 0.0993764
0.089876 0.0950505
0.135331 0.090473
0.122934 0.0857964
0.16219 0.0811781
0.152893 0.0762104
0.16219 0.0711235
0.152893 0.0667309
0.139463 0.0621805
0.191116 0.0582817
0.16219 0.0545426
0.174587 0.0508645
0.202479 0.0475071
0.216942 0.0443545
0.25 0.0404527
0.252066 0.0374294
0.255165 0.0343125
0.279959 0.0313022
0.27686 0.0285015
0.268595 0.0257019
0.220041 0.0227137
0.206612 0.0197799
0.184917 0.0164663
0.197314 0.013757
0.200413 0.0103069
0.161157 0.00719677
0.13843 0.00421907
0.145661 0.00188279
0.157025 0.000387936
0.146694 -0.000546695
0.15186 -0.00158791
0.164256 -0.00238449
0.14876 -0.0028908
0.135331 -0.00326733
0.130165 -0.00421347
0.135331 -0.00520166
0.170455 -0.00599477
0.169421 -0.00627995
0.167355 -0.00652878
0.157025 -0.00648391
0.153926 -0.0070886
0.149793 -0.00897937
0.110537 -0.0109853
0.130165 -0.0132423
0.127066 -0.0152303
0.153926 -0.0169232
0.142562 -0.0185935
0.176653 -0.0200608
0.182851 -0.0208446
0.202479 -0.0220541
0.170455 -0.0240428
0.221074 -0.0253799
0.247934 -0.0278137
0.265496 -0.0302511
0.251033 -0.0320875
0.232438 -0.0338069
0.265496 -0.0345679
0.270661 -0.0352281
0.229339 -0.0367919
0.222107 -0.0388506
0.22314 -0.0402182
0.208678 -0.0416803
0.152893 -0.0421644
0.128099 -0.0425377
0.130165 -0.0436041
0.122934 -0.0455004
0.128099 -0.0477968
0.107438 -0.0505792
0.141529 -0.0523919
0.180785 -0.0544329
0.168388 -0.0564093
0.149793 -0.0587559
0.182851 -0.0614871
0.183884 -0.0638197
0.140496 -0.0666301
0.131198 -0.0701592
0.168388 -0.0726322
0.159091 -0.0763123
0.16219 -0.0801724
0.172521 -0.0839161
0.183884 -0.0875627
0.197314 -0.0905004
0.14876 -0.0934656
0.152893 -0.0961879
0.135331 -0.0986631
0.154959 -0.101866
0.142562 -0.104477
0.120868 -0.107553
0.146694 -0.110809
0.106405 -0.113872
0.0826446 -0.116089
0.0785124 -0.119431
0.0464876 -0.12234
0.0557851 -0.125105
0.0134298 -0.129017
0.0382231 -0.132337
0.0609504 -0.135891
0.017562 -0.140375
0.0227273 -0.143671
0.0940083 -0.147068
0.089876 -0.150715
0.071281 -0.153199
0.0950413 -0.156545
0.071281 -0.159704
0.0836777 -0.163118
0.0702479 -0.166386
0.115702 -0.169702
0.107438 -0.173084
0.16219 -0.176381
0.186983 -0.179715
0.168388 -0.183717
0.164256 -0.187944
0.160124 -0.192224
0.172521 -0.196789
0.122934 -0.201518
0.128099 -0.20653
0.123967 -0.211573
0.161157 -0.216972
0.136364 -0.222053
0.125 -0.226507
0.136364 -0.230347
0.147727 -0.233974
0.170455 -0.237329
0.181818 -0.239826
0.18905 -0.242131
0.241736 -0.245489
0.254132 -0.249123
0.269628 -0.253074
0.285124 -0.255854
0.295455 -0.259205
0.320248 -0.262683
0.285124 -0.266048
0.299587 -0.270082
0.322314 -0.274151
0.306818 -0.2779
0.299587 -0.281344
0.260331 -0.284347
0.265496 -0.286997
0.280992 -0.289586
0.202479 -0.291855
0.176653 -0.292949
0.174587 -0.293925
0.197314 -0.295712
0.213843 -0.297716
0.237603 -0.299265
0.22624 -0.300894
0.221074 -0.303246
0.204545 -0.305544
0.238636 -0.30922
0.241736 -0.31337
0.201446 -0.317448
0.215909 -0.321253
0.221074 -0.32487
0.261364 -0.328784
0.260331 -0.333645
0.261364 -0.339271
0.290289 -0.34467
0.313017 -0.350262
0.307851 -0.355704
0.317149 -0.360602
0.319215 -0.365238
0.319215 -0.370457
0.292355 -0.375774
0.294421 -0.381706
0.252066 -0.387671
0.26343 -0.392711
0.232438 -0.397685
0.234504 -0.402489
0.197314 -0.406924
0.18595 -0.411484
0.200413 -0.415432
0.174587 -0.418119
0.176653 -0.420391
0.157025 -0.423157
0.105372 -0.425036
0.147727 -0.42579
0.129132 -0.427336
0.144628 -0.427895
0.146694 -0.427491
0.136364 -0.427114
0.134298 -0.426914
0.139463 -0.426601
0.158058 -0.425484
0.168388 -0.424346
0.146694 -0.422943
0.129132 -0.421779
0.133264 -0.41993
0.164256 -0.417914
0.166322 -0.415641
0.186983 -0.41328
0.194215 -0.410253
0.160124 -0.407638
0.153926 -0.404393
0.11157 -0.401249
0.140496 -0.397675
0.149793 -0.393725
0.149793 -0.389834
0.169421 -0.386103
0.120868 -0.381467
0.167355 -0.376587
0.183884 -0.372026
0.184917 -0.367769
0.18905 -0.364282
0.18595 -0.360608
0.167355 -0.356957
0.152893 -0.353018
0.135331 -0.349805
0.160124 -0.345718
0.191116 -0.342099
0.211777 -0.338493
0.232438 -0.334758
0.230372 -0.330387
0.191116 -0.326523
0.191116 -0.322062
0.203512 -0.31772
0.191116 -0.312905
0.194215 -0.308138
0.18905 -0.303503
0.18905 -0.29862
0.202479 -0.293608
0.182851 -0.289284
0.179752 -0.285162
0.180785 -0.280942
0.178719 -0.276447
0.191116 -0.272036
0.233471 -0.267878
0.259298 -0.264794
0.303719 -0.262114
0.321281 -0.260171
0.320248 -0.258344
0.318182 -0.256162
0.289256 -0.253765
0.271694 -0.25171
0.301653 -0.249861
0.278926 -0.247633
0.267562 -0.245587
0.277893 -0.243573
0.283058 -0.242169
0.274793 -0.240697
0.277893 -0.23915
0.293388 -0.238001
0.267562 -0.236779
0.259298 -0.236443
0.272727 -0.236033
0.284091 -0.235944
0.302686 -0.23569
0.290289 -0.235651
0.289256 -0.235655
0.257231 -0.236579
0.272727 -0.237231
0.285124 -0.237266
0.266529 -0.237171
0.252066 -0.236206
0.219008 -0.234909
0.198347 -0.233387
0.228306 -0.232195
0.222107 -0.23131
0.207645 -0.231011
0.201446 -0.230594
0.228306 -0.231611
0.232438 -0.232583
0.246901 -0.233493
0.241736 -0.235148
0.200413 -0.23631
0.18905 -0.237061
0.206612 -0.237387
0.22624 -0.237695
0.242769 -0.238339
0.234504 -0.238667
0.247934 -0.238644
0.225207 -0.240422
0.216942 -0.241435
0.215909 -0.242048
0.224174 -0.241607
0.210744 -0.241351
0.240702 -0.241629
0.245868 -0.242556
0.254132 -0.243432
0.239669 -0.245103
0.224174 -0.248234
0.247934 -0.251216
0.291322 -0.253414
0.271694 -0.254992
0.30062 -0.256441
0.332645 -0.256998
0.338843 -0.257953
0.338843 -0.258939
0.338843 -0.259848
0.336777 -0.260442
0.331612 -0.261376
0.365702 -0.261614
0.364669 -0.261682
0.350207 -0.261998
0.360537 -0.261718
0.354339 -0.261606
0.304752 -0.261248
0.307851 -0.261808
0.345041 -0.261835
0.340909 -0.262413
0.356405 -0.263767
0.35124 -0.26501
0.304752 -0.266343
0.316116 -0.268131
0.33781 -0.26977
0.358471 -0.270792
0.373967 -0.270957
0.366736 -0.271141
0.328512 -0.271834
0.331612 -0.272153
0.320248 -0.273415
0.333678 -0.275026
0.339876 -0.276285
0.36157 -0.278505
0.328512 -0.281044
0.342975 -0.282906
0.339876 -0.284722
0.362603 -0.2863
0.35124 -0.288003
0.360537 -0.289815
0.384298 -0.29172
0.400826 -0.293083
0.44938 -0.293875
0.453512 -0.295588
0.491736 -0.297284
0.475207 -0.299189
0.470041 -0.30011
0.453512 -0.29989
0.477273 -0.300016
0.464876 -0.300108
0.440083 -0.300155
0.391529 -0.29972
0.369835 -0.300003
0.403926 -0.299778
0.426653 -0.299426
0.427686 -0.298753
0.424587 -0.297453
0.390496 -0.296753
0.379132 -0.296138
0.396694 -0.294844
0.393595 -0.293304
0.373967 -0.292619
0.40186 -0.292747
0.41219 -0.29251
0.389463 -0.292661
0.387397 -0.292984
0.356405 -0.292709
0.359504 -0.291914
0.319215 -0.292123
0.31405 -0.291661
0.277893 -0.291243
0.279959 -0.290487
0.267562 -0.289349
0.22624 -0.288825
0.209711 -0.28859
0.196281 -0.287941
0.227273 -0.286835
0.222107 -0.286354
0.237603 -0.285578
0.256198 -0.284929
0.229339 -0.284258
0.234504 -0.283493
0.19938 -0.28309
0.22314 -0.282723
0.228306 -0.282887
0.252066 -0.283403
0.244835 -0.28345
0.232438 -0.283578
0.21281 -0.283242
0.18595 -0.282528
0.180785 -0.281884
0.191116 -0.281503
0.192149 -0.2806
0.239669 -0.279664
0.261364 -0.279051
0.247934 -0.278394
0.231405 -0.278436
0.192149 -0.277719
0.190083 -0.277211
0.210744 -0.276077
0.204545 -0.274235
0.183884 -0.271443
0.157025 -0.269157
0.108471 -0.266913
0.0371901 -0.264688
0.0340909 -0.262702
0.0650826 -0.261541
0.107438 -0.259971
0.113636 -0.258769
0.144628 -0.258004
0.143595 -0.257193
0.126033 -0.25568
0.132231 -0.253852
0.0950413 -0.251631
0.0785124 -0.248461
0.15186 -0.246379
0.190083 -0.24595
0.213843 -0.244657
0.205579 -0.244248
0.188017 -0.244354
0.166322 -0.243965
0.144628 -0.243537
0.118802 -0.242571
0.106405 -0.241674
0.0785124 -0.241821
0.105372 -0.242385
0.105372 -0.242885
0.163223 -0.243174
0.13843 -0.244142
0.177686 -0.244458
0.200413 -0.244679
0.203512 -0.244745
0.164256 -0.2447
0.141529 -0.243754
0.132231 -0.242873
0.154959 -0.242245
0.178719 -0.24242
0.191116 -0.242043
0.180785 -0.241248
0.181818 -0.240954
0.177686 -0.239591
0.190083 -0.237969
0.157025 -0.237121
0.134298 -0.237085
0.145661 -0.236716
0.139463 -0.237151
0.139463 -0.238604
0.100207 -0.238767
0.106405 -0.237842
0.11157 -0.236501
0.116736 -0.235154
0.0878099 -0.233565
0.102273 -0.230846
0.132231 -0.229151
0.120868 -0.227343
0.0960744 -0.225624
0.0909091 -0.224727
0.0702479 -0.222991
0.0557851 -0.220674
0.0433884 -0.219188
0.0113636 -0.21757
0.0309917 -0.215624
0.0206612 -0.213589
0.0227273 -0.211717
0.0299587 -0.210837
0.0227273 -0.209346
0.0619835 -0.207936
0.0557851 -0.206999
0.0640496 -0.206034
0.11157 -0.205012
0.10124 -0.204592
0.0991736 -0.204014
0.0909091 -0.203094
0.0847107 -0.202561
0.121901 -0.202235
0.141529 -0.200727
0.140496 -0.199358
0.121901 -0.197955
0.129132 -0.196392
0.141529 -0.194958
0.159091 -0.193305
0.146694 -0.191845
0.141529 -0.189764
0.153926 -0.188082
0.164256 -0.187393
0.13843 -0.185247
0.188017 -0.183057
0.160124 -0.180895
0.161157 -0.178191
0.134298 -0.176681
0.146694 -0.175489
0.132231 -0.17411
0.0991736 -0.173943
0.0609504 -0.17349
0.0506198 -0.172268
0.0816116 -0.1708
0.0640496 -0.168785
0.0464876 -0.166701
0.0444215 -0.164202
0.0371901 -0.16265
0.071281 -0.161774
0.0733471 -0.160536
0.0764463 -0.159361
0.0485537 -0.158308
0.0692149 -0.156234
0.0568182 -0.154167
0.0836777 -0.152492
0.0847107 -0.150824
0.0588843 -0.14954
0.0630165 -0.14815
0.0826446 -0.1468
0.0650826 -0.14573
0.089876 -0.145338
0.10124 -0.145379
0.103306 -0.145896
0.106405 -0.146867
0.107438 -0.14661
0.0950413 -0.146752
0.0754132 -0.147194
0.0785124 -0.147496
0.0216942 -0.147819
0.0557851 -0.148
0.0940083 -0.148429
0.108471 -0.149144
0.144628 -0.150916
0.131198 -0.152704
0.181818 -0.153988
0.167355 -0.155485
0.169421 -0.156482
0.170455 -0.156425
0.180785 -0.15689
0.170455 -0.157477
0.157025 -0.157523
0.158058 -0.158659
0.139463 -0.159664
0.125 -0.159268
0.14876 -0.159698
0.170455 -0.160896
0.181818 -0.161675
0.208678 -0.163278
0.182851 -0.165465
0.158058 -0.166774
0.181818 -0.16843
0.205579 -0.169633
0.215909 -0.170602
0.244835 -0.170844
0.234504 -0.171169
0.254132 -0.171362
0.280992 -0.17224
0.304752 -0.173206
0.33781 -0.175457
0.334711 -0.177441
0.326446 -0.179353
0.333678 -0.181617
0.358471 -0.184152
0.362603 -0.186193
0.330579 -0.188196
0.364669 -0.191263
0.355372 -0.194069
0.355372 -0.196243
0.358471 -0.198942
0.405992 -0.202094
0.394628 -0.204989
0.372934 -0.208405
0.390496 -0.210915
0.414256 -0.21401
0.380165 -0.217225
0.376033 -0.221006
0.353306 -0.224599
0.325413 -0.228858
0.339876 -0.233181
0.331612 -0.237703
0.319215 -0.241909
0.322314 -0.246161
0.306818 -0.251103
0.291322 -0.255399
0.293388 -0.259175
0.303719 -0.264263
0.321281 -0.269067
0.333678 -0.274455
0.321281 -0.279409
0.326446 -0.283631
0.340909 -0.286856
0.341942 -0.290613
0.346074 -0.294866
0.35124 -0.298383
0.297521 -0.302406
0.257231 -0.307152
0.261364 -0.311412
0.272727 -0.315704
0.259298 -0.320414
0.267562 -0.324785
0.285124 -0.329599
0.268595 -0.334243
0.238636 -0.339222
0.239669 -0.343767
0.228306 -0.347711
0.222107 -0.351366
0.19938 -0.354776
0.201446 -0.35778
0.219008 -0.360081
0.301653 -0.363122
0.315083 -0.366186
0.290289 -0.369215
0.252066 -0.372285
0.292355 -0.375594
0.27376 -0.379733
0.242769 -0.38358
0.219008 -0.387569
0.255165 -0.39164
0.260331 -0.395603
0.291322 -0.398469
0.286157 -0.401129
0.272727 -0.403655
0.271694 -0.406364
0.304752 -0.409142
0.284091 -0.413013
0.28719 -0.416905
0.272727 -0.420574
0.261364 -0.424723
0.242769 -0.428179
0.291322 -0.431262
0.329545 -0.434409
0.33781 -0.436929
0.336777 -0.439593
0.323347 -0.442153
0.268595 -0.444149
0.282025 -0.446876
0.280992 -0.449689
0.246901 -0.452274
0.247934 -0.455417
0.269628 -0.457976
0.27686 -0.459713
0.317149 -0.46116
0.318182 -0.463703
0.311983 -0.466432
0.315083 -0.469611
0.311983 -0.471804
0.313017 -0.473806
0.333678 -0.475736
0.323347 -0.477758
0.344008 -0.479585
0.367769 -0.481404
0.354339 -0.483418
0.342975 -0.483961
0.358471 -0.48408
0.330579 -0.484064
0.301653 -0.484481
0.32438 -0.48461
0.326446 -0.483799
0.31405 -0.482224
0.362603 -0.480523
0.380165 -0.479767
0.363636 -0.480006
0.352273 -0.480174
0.363636 -0.479963
0.378099 -0.480496
0.344008 -0.481181
0.341942 -0.481879
0.367769 -0.482365
0.365702 -0.482773
0.371901 -0.482921
0.369835 -0.481898
0.389463 -0.48066
0.383264 -0.479224
0.352273 -0.477966
0.366736 -0.476747
0.384298 -0.475794
0.399793 -0.474744
0.417355 -0.473164
0.434917 -0.471795
0.453512 -0.469915
0.463843 -0.468185
0.457645 -0.466793
0.480372 -0.465647
0.501033 -0.464049
0.516529 -0.462098
0.508264 -0.459973
0.488636 -0.457885
0.508264 -0.455129
0.467975 -0.451968
0.493802 -0.447986
0.487603 -0.44496
0.470041 -0.441921
0.47624 -0.438264
0.504132 -0.434033
0.480372 -0.43036
0.492769 -0.426158
0.505165 -0.421878
0.52376 -0.417219
0.520661 -0.412509
0.506198 -0.407728
0.551653 -0.40221
0.520661 -0.397228
0.505165 -0.392548
0.504132 -0.388315
0.522727 -0.384362
0.51343 -0.380415
0.544421 -0.377336
0.545455 -0.375186
0.5 -0.373146
0.514463 -0.371356
0.52376 -0.369465
0.490702 -0.367042
0.515496 -0.364968
0.56095 -0.363146
0.52686 -0.36119
0.51343 -0.360087
0.51343 -0.35869
0.520661 -0.356902
0.474174 -0.355861
0.48657 -0.355623
0.472107 -0.355677
0.464876 -0.355151
0.492769 -0.354017
0.463843 -0.353487
0.446281 -0.353385
0.48657 -0.35281
0.469008 -0.352105
0.47624 -0.352023
0.441116 -0.352311
0.480372 -0.351828
0.506198 -0.350658
0.515496 -0.349803
0.541322 -0.349051
0.568182 -0.348497
0.571281 -0.348671
0.568182 -0.349008
0.561983 -0.348461
0.561983 -0.348059
0.541322 -0.34754
0.548554 -0.345971
0.585744 -0.345615
0.570248 -0.346223
0.572314 -0.345424
0.541322 -0.344657
0.543388 -0.344486
0.527893 -0.344114
0.507231 -0.344262
0.454545 -0.344541
0.431818 -0.344543
0.445248 -0.343682
0.467975 -0.342177
0.47314 -0.341139
0.472107 -0.339648
0.483471 -0.339057
0.474174 -0.338936
0.47314 -0.338052
0.463843 -0.337424
0.456612 -0.337505
0.464876 -0.337475
0.482438 -0.338188
0.495868 -0.338743
0.482438 -0.338221
0.501033 -0.337774
0.511364 -0.337141
0.532025 -0.336754
0.515496 -0.335882
0.508264 -0.334281
0.5 -0.333028
0.501033 -0.331631
0.533058 -0.330322
0.515496 -0.329615
0.502066 -0.328558
0.532025 -0.326469
0.528926 -0.324615
0.512397 -0.321169
0.521694 -0.317815
0.464876 -0.314847
0.448347 -0.312673
0.429752 -0.311111
0.455579 -0.309287
0.455579 -0.308177
0.443182 -0.30754
0.43595 -0.306443
0.440083 -0.304791
0.480372 -0.302493
0.451446 -0.300422
0.455579 -0.298527
0.447314 -0.297106
0.423554 -0.295878
0.414256 -0.295258
0.383264 -0.294383
0.43595 -0.293567
0.426653 -0.291941
0.416322 -0.289686
0.426653 -0.287993
0.429752 -0.285903
0.411157 -0.28349
0.372934 -0.281301
0.354339 -0.279089
0.404959 -0.275492
0.427686 -0.271588
0.403926 -0.267696
0.419421 -0.26285
0.436983 -0.258235
0.46281 -0.25417
0.470041 -0.249485
0.498967 -0.245188
0.491736 -0.241376
0.484504 -0.236885
0.484504 -0.232564
0.521694 -0.228708
0.540289 -0.225594
0.528926 -0.222117
0.548554 -0.217418
0.572314 -0.212553
0.554752 -0.208247
0.561983 -0.203323
0.539256 -0.198906
0.536157 -0.195815
0.545455 -0.19273
0.554752 -0.189774
0.538223 -0.187449
0.570248 -0.183987
0.556818 -0.180229
0.548554 -0.176527
0.505165 -0.172901
0.502066 -0.168796
0.536157 -0.165019
0.490702 -0.161254
0.474174 -0.156811
0.512397 -0.152519
0.549587 -0.149144
0.533058 -0.144997
0.496901 -0.140905
0.47314 -0.137586
0.490702 -0.134491
0.452479 -0.130569
0.466942 -0.126884
0.460744 -0.123255
0.490702 -0.120492
0.516529 -0.117403
0.561983 -0.114595
0.56095 -0.111889
0.609504 -0.108837
0.622934 -0.105741
0.632231 -0.102667
0.640496 -0.0986891
0.609504 -0.0944308
0.634298 -0.0904109
0.582645 -0.0864843
0.569215 -0.0824021
0.580579 -0.0774438
0.579545 -0.0731593
0.570248 -0.0694471
0.547521 -0.0654297
0.544421 -0.0603387
0.544421 -0.0554385
0.539256 -0.0509926
0.514463 -0.0477078
0.501033 -0.0447902
0.498967 -0.0410341
0.494835 -0.0380858
0.434917 -0.0350855
0.395661 -0.0312282
0.419421 -0.0266667
0.428719 -0.0224232
0.405992 -0.0183384
0.419421 -0.0124821
0.436983 -0.0067907
0.441116 -0.00117248
0.392562 0.00374812
0.349174 0.00735704
0.344008 0.0107767
0.330579 0.0139428
0.320248 0.0169151
0.327479 0.0195157
0.307851 0.021836
0.290289 0.0248604
0.271694 0.0275161
0.282025 0.0305174
0.305785 0.0336797
0.295455 0.0359011
0.31405 0.037398
0.318182 0.0391796
0.26343 0.0402615
0.332645 0.0419244
0.359504 0.0426788
0.347107 0.0446248
0.367769 0.0452521
0.357438 0.0447255
0.397727 0.0456369
0.40186 0.0471984
0.417355 0.0473882
0.410124 0.0483346
0.447314 0.0499675
0.450413 0.050299
0.465909 0.0500569
0.452479 0.0494263
0.444215 0.0492888
0.427686 0.0487667
0.414256 0.0478018
0.43905 0.046635
0.430785 0.045162
0.440083 0.0431186
0.433884 0.0408723
0.447314 0.0378086
0.456612 0.034879
0.426653 0.0324709
0.369835 0.0298867
0.376033 0.0285909
0.385331 0.0276496
0.355372 0.026868
0.344008 0.0258141
0.360537 0.0238562
0.33781 0.0226542
0.394628 0.0220716
0.371901 0.019663
0.407025 0.0181455
0.409091 0.0171954
0.444215 0.0159431
0.453512 0.0145791
0.423554 0.0134305
0.422521 0.0131221
0.451446 0.0132417
0.453512 0.0128694
0.447314 0.0129362
0.443182 0.0120807
0.418388 0.0113005
0.402893 0.0114096
0.409091 0.0118784
0.423554 0.0123988
0.395661 0.0127996
0.385331 0.0134579
0.404959 0.0144006
0.368802 0.015501
0.387397 0.0167211
0.392562 0.0175602
0.383264 0.0180387
0.353306 0.0196821
0.366736 0.0198717
0.363636 0.019584
0.336777 0.0202693
0.345041 0.0216999
0.32438 0.0228046
0.347107 0.0237546
0.322314 0.024896
0.328512 0.0257759
0.336777 0.0258233
0.335744 0.0263332
0.295455 0.0270085
0.302686 0.0268384
0.313017 0.0275742
0.293388 0.0276026
0.28719 0.0277073
0.285124 0.0277576
0.294421 0.0270526
0.271694 0.0242076
0.206612 0.0218682
0.211777 0.0199821
0.215909 0.0170669
0.23657 0.0147659
0.245868 0.0134979
0.195248 0.0123625
0.224174 0.0109252
0.209711 0.0105177
0.247934 0.00960689
0.280992 0.00859075
0.274793 0.00832294
0.282025 0.00791597
0.260331 0.00746213
0.233471 0.00762661
0.244835 0.00802386
0.221074 0.0089788
0.206612 0.0100149
0.202479 0.00972866
0.211777 0.00984048
0.202479 0.0103102
0.169421 0.010286
0.157025 0.0104316
0.135331 0.0100714
0.161157 0.010266
0.181818 0.0109609
0.161157 0.0114529
0.177686 0.0124294
0.201446 0.0143924
0.209711 0.0169128
0.194215 0.019211
0.166322 0.021231
0.196281 0.023795
0.203512 0.0268161
0.166322 0.0296083
0.165289 0.0323096
0.168388 0.0354401
0.116736 0.0381794
0.134298 0.041902
0.14876 0.0454952
0.164256 0.0489331
0.174587 0.0527023
0.154959 0.0565221
0.145661 0.0598822
0.118802 0.0628759
0.134298 0.0667569
0.165289 0.070342
0.202479 0.0732744
0.219008 0.0766187
0.203512 0.0801697
0.206612 0.0828207
0.18905 0.086387
0.163223 0.0908595
0.170455 0.0955008
0.179752 0.0986892
0.201446 0.10094
0.183884 0.102772
0.190083 0.10434
0.207645 0.105951
0.233471 0.107976
0.240702 0.10918
0.232438 0.110353
0.206612 0.110354
0.208678 0.110002
0.239669 0.109628
0.245868 0.109696
0.296488 0.109169
0.31405 0.109032
0.318182 0.108382
0.304752 0.108621
0.288223 0.109481
0.27686 0.110843
0.242769 0.112034
0.210744 0.11306
0.184917 0.113684
0.172521 0.113925
0.129132 0.113117
0.129132 0.113169
0.160124 0.112928
0.18905 0.112488
0.163223 0.112752
0.133264 0.113929
0.13843 0.115264
0.157025 0.116441
0.114669 0.11812
0.072314 0.118802
0.0475207 0.118228
0.072314 0.118232
0.0588843 0.117926
0.035124 0.117727
0.0299587 0.117398
0.0382231 0.117476
0.036157 0.116724
0.0516529 0.115656
0.0475207 0.114267
0.0258264 0.112747
0.0237603 0.111777
0.0123967 0.110986
0.0134298 0.110393
0.0123967 0.109726
0.00309917 0.109126
0.0072314 0.109959
0.0123967 0.11076
0.0423554 0.111233
0.00309917 0.111862
0.0392562 0.112513
0.0764463 0.113015
0.0475207 0.11337
0.0330579 0.112715
0.0475207 0.111852
0.0289256 0.110473
0.0433884 0.108523
0.0743802 0.105852
0.0733471 0.10357
0.0547521 0.103333
0.072314 0.102446
0.072314 0.101959
0.0423554 0.101452
0.0640496 0.101144
0.0826446 0.101734
0.072314 0.102429
0.0929752 0.103506
0.089876 0.104277
0.0805785 0.10526
0.0371901 0.106063
0.0258264 0.106733
0.0216942 0.108113
0.0330579 0.109483
0.018595 0.109939
0.00103306 0.11031
0.0227273 0.110788
0.0764463 0.111123
0.118802 0.11131
0.136364 0.110779
0.177686 0.109615
0.171488 0.109041
0.161157 0.108822
0.11157 0.109162
0.140496 0.109951
0.147727 0.110912
0.141529 0.111996
0.136364 0.112862
0.0909091 0.112973
0.0981405 0.114838
0.0991736 0.117373
0.134298 0.119595
0.14876 0.12163
0.14876 0.122469
0.126033 0.12332
0.161157 0.126093
0.131198 0.127994
0.18595 0.130514
0.221074 0.133176
0.233471 0.135033
0.203512 0.138288
0.240702 0.142048
0.259298 0.145748
0.285124 0.150475
0.292355 0.155697
0.262397 0.160108
0.237603 0.164926
0.270661 0.170484
0.313017 0.175518
0.302686 0.180858
0.321281 0.185346
0.365702 0.188168
0.344008 0.190178
0.349174 0.19295
0.333678 0.195814
0.315083 0.198253
0.320248 0.201292
0.333678 0.203588
0.36157 0.205415
0.403926 0.207701
0.402893 0.209528
0.42562 0.212247
0.428719 0.214128
0.391529 0.216472
0.446281 0.219308
0.417355 0.221984
0.382231 0.223815
0.352273 0.22739
0.328512 0.230629
0.326446 0.233973
0.335744 0.237626
0.364669 0.241041
0.340909 0.2447
0.362603 0.249145
0.410124 0.252425
0.372934 0.255613
0.381198 0.259029
0.41219 0.262186
0.42562 0.265319
0.428719 0.268576
0.434917 0.271969
0.448347 0.274774
0.480372 0.277845
0.507231 0.280531
0.481405 0.282558
0.467975 0.285427
0.441116 0.287668
0.441116 0.289658
0.440083 0.291786
0.407025 0.293186
0.404959 0.296148
0.393595 0.298683
0.385331 0.30167
0.409091 0.305526
0.376033 0.309408
0.399793 0.312977
0.359504 0.316482
0.344008 0.32028
0.349174 0.324842
0.342975 0.328836
0.31405 0.331755
0.320248 0.334388
0.332645 0.336729
0.334711 0.340315
0.370868 0.344903
0.341942 0.348459
0.328512 0.35233
0.359504 0.355848
0.346074 0.358307
0.303719 0.359662
0.327479 0.360573
0.321281 0.36234
0.294421 0.364216
0.247934 0.365955
0.206612 0.368114
0.233471 0.370948
0.215909 0.373619
0.224174 0.375997
0.206612 0.377473
0.161157 0.378073
0.172521 0.379057
0.200413 0.380411
0.181818 0.380909
0.192149 0.381469
0.206612 0.381595
0.21281 0.381837
0.245868 0.381257
0.264463 0.380418
0.27376 0.380336
0.26343 0.381311
0.252066 0.382607
0.285124 0.384196
0.260331 0.386031
0.275826 0.387251
0.279959 0.388221
0.303719 0.389434
0.289256 0.389946
0.275826 0.391046
0.252066 0.39273
0.237603 0.392965
0.260331 0.393204
0.270661 0.392319
0.293388 0.389903
0.265496 0.388335
0.25 0.387092
0.282025 0.384771
0.282025 0.383876
0.297521 0.38352
0.295455 0.383223
0.296488 0.382759
0.309917 0.382633
0.302686 0.381904
0.295455 0.380364
0.293388 0.380785
0.278926 0.380173
0.286157 0.37865
0.28719 0.377657
0.284091 0.376559
0.293388 0.374763
0.268595 0.373085
0.272727 0.371138
0.280992 0.369189
0.260331 0.367048
0.265496 0.364533
0.286157 0.360838
0.288223 0.355915
0.282025 0.351404
0.334711 0.346802
0.375 0.342759
0.365702 0.338901
0.364669 0.335923
0.362603 0.333656
0.368802 0.331347
0.38843 0.329494
0.371901 0.326923
0.379132 0.325403
0.366736 0.324215
0.369835 0.322251
0.370868 0.321847
0.366736 0.32142
0.354339 0.320032
0.405992 0.318525
0.377066 0.316857
0.378099 0.315815
0.372934 0.315063
0.413223 0.315083
0.448347 0.314508
0.480372 0.314164
0.490702 0.315776
0.53719 0.316282
0.55062 0.316954
0.538223 0.317736
0.56095 0.318621
0.57438 0.319391
0.57438 0.320216
0.573347 0.321136
0.588843 0.321663
0.56405 0.321875
0.556818 0.321799
0.522727 0.320927
0.508264 0.319191
0.509298 0.318317
0.512397 0.317744
0.532025 0.31741
0.511364 0.316778
0.524793 0.315935
0.539256 0.313984
0.522727 0.312354
0.48657 0.311357
0.509298 0.310094
0.51343 0.309675
0.5 0.310115
0.532025 0.309842
0.505165 0.309392
0.491736 0.309438
0.491736 0.309045
0.474174 0.307902
0.456612 0.306756
0.458678 0.305487
0.441116 0.303995
0.436983 0.302494
0.426653 0.300802
0.461777 0.298536
0.427686 0.296952
0.434917 0.294972
0.445248 0.293439
0.483471 0.292441
0.512397 0.292333
0.508264 0.291771
0.522727 0.291036
0.519628 0.290527
0.491736 0.289901
0.480372 0.289421
0.501033 0.288713
0.479339 0.286483
0.448347 0.28452
0.471074 0.282085
0.495868 0.280546
0.438017 0.280795
0.420455 0.280036
0.463843 0.278136
0.485537 0.277693
0.479339 0.277937
0.489669 0.277276
0.487603 0.277109
0.494835 0.277278
0.508264 0.277697
0.508264 0.278372
0.504132 0.279095
0.522727 0.279706
0.541322 0.279715
0.539256 0.279091
0.520661 0.278446
0.516529 0.27762
0.511364 0.277405
0.512397 0.277671
0.493802 0.278379
0.519628 0.279302
0.553719 0.279374
0.569215 0.279629
0.610537 0.279844
0.594008 0.280235
0.577479 0.280941
0.549587 0.282571
0.55062 0.284939
0.51343 0.287756
0.510331 0.290473
0.485537 0.292883
0.474174 0.296053
0.465909 0.299529
0.431818 0.30252
0.430785 0.304589
0.40186 0.306608
0.375 0.309091
0.36157 0.31172
0.382231 0.314295
0.364669 0.316665
0.381198 0.318813
0.366736 0.320976
0.354339 0.323338
0.349174 0.325444
0.353306 0.325783
0.301653 0.326376
0.346074 0.327052
0.342975 0.326087
0.323347 0.324603
0.315083 0.324248
0.323347 0.322598
0.255165 0.32021
0.254132 0.318352
0.260331 0.316417
0.262397 0.314345
0.293388 0.312613
0.307851 0.310153
0.306818 0.308456
0.32438 0.305762
0.316116 0.302273
0.275826 0.299085
0.267562 0.295084
0.302686 0.291006
0.319215 0.286901
0.332645 0.283791
0.364669 0.281985
0.342975 0.280063
0.359504 0.27816
0.365702 0.275842
0.295455 0.273377
0.297521 0.270668
0.288223 0.267649
0.304752 0.264229
0.259298 0.260737
0.22624 0.257078
0.230372 0.253271
0.239669 0.249964
0.244835 0.247737
0.253099 0.245154
0.258264 0.24305
0.284091 0.24122
0.299587 0.238944
0.321281 0.235153
0.293388 0.231972
0.319215 0.229055
0.331612 0.225097
0.279959 0.221607
0.271694 0.218369
0.26343 0.215213
0.269628 0.21236
0.280992 0.209407
0.293388 0.206081
0.271694 0.201599
0.295455 0.196353
0.267562 0.190958
0.264463 0.185905
0.265496 0.181781
0.318182 0.177744
0.299587 0.174328
0.307851 0.172248
0.31405 0.169568
0.31095 0.167427
0.327479 0.165631
0.329545 0.164609
0.334711 0.164178
0.342975 0.163114
0.311983 0.162046
0.292355 0.160513
0.295455 0.159695
0.25 0.158638
0.194215 0.158259
0.21281 0.157433
0.18905 0.157218
0.170455 0.155577
0.193182 0.154115
0.180785 0.152849
0.13843 0.15189
0.0991736 0.150769
0.0940083 0.148805
0.0454545 0.146685
0.0402893 0.14524
0.0299587 0.144718
0.0165289 0.144193
0.00516529 0.144133
0.0258264 0.143851
0.036157 0.142299
0.0454545 0.139771
0.053719 0.138525
0.0557851 0.138203
0.0568182 0.137158
0.0785124 0.13675
0.0671488 0.136284
0.0847107 0.134064
0.0950413 0.13286
0.110537 0.133743
0.0981405 0.132886
0.137397 0.131465
0.132231 0.129691
0.100207 0.128004
0.0960744 0.127517
0.0816116 0.126706
0.0836777 0.126458
0.113636 0.125548
0.115702 0.124864
0.100207 0.124666
0.0950413 0.123364
0.0960744 0.122712
0.108471 0.123398
0.0991736 0.124347
0.0940083 0.126452
0.0836777 0.129305
0.115702 0.129866
0.120868 0.129265
0.122934 0.12844
0.130165 0.127476
0.139463 0.125255
0.115702 0.124164
0.118802 0.121726
0.139463 0.119028
0.165289 0.11526
0.17562 0.11132
0.186983 0.106536
0.166322 0.100394
0.144628 0.0946943
0.159091 0.088896
0.16219 0.0834313
0.130165 0.0779031
0.155992 0.0726334
0.164256 0.0678293
0.16219 0.0627083
0.205579 0.0580213
0.213843 0.0543414
0.193182 0.0501942
0.195248 0.0476832
0.21281 0.0453845
0.183884 0.0430941
0.196281 0.0396498
0.208678 0.0345826
0.166322 0.0302619
0.150826 0.0259757
0.173554 0.0212049
0.146694 0.0161235
0.117769 0.011811
0.126033 0.00739347
0.121901 0.00339199
0.120868 -0.000279747
0.155992 -0.00335987
0.164256 -0.00794441
0.177686 -0.0113803
0.149793 -0.0142732
0.193182 -0.0165553
0.201446 -0.0191413
0.198347 -0.0224378
0.207645 -0.0262761
0.186983 -0.0303587
0.193182 -0.0337483
0.216942 -0.0373905
0.222107 -0.0419705
0.207645 -0.0473476
0.186983 -0.0542681
0.217975 -0.0615802
0.243802 -0.0688329
0.230372 -0.0760124
0.245868 -0.0825887
0.221074 -0.0891963
0.227273 -0.0945685
0.22314 -0.101187
0.205579 -0.108414
0.246901 -0.116658
0.221074 -0.124657
0.246901 -0.130823
0.256198 -0.136278
0.259298 -0.142616
0.21281 -0.14879
0.205579 -0.154341
0.200413 -0.159849
0.210744 -0.166445
0.222107 -0.173786
0.245868 -0.18234
0.240702 -0.190927
0.247934 -0.198308
0.285124 -0.205186
0.302686 -0.211862
0.338843 -0.218788
0.360537 -0.225706
0.377066 -0.232686
0.347107 -0.240148
0.354339 -0.246273
0.396694 -0.253572
0.387397 -0.261301
0.364669 -0.269098
0.369835 -0.274863
0.365702 -0.278852
0.354339 -0.281702
0.370868 -0.285231
0.36157 -0.290035
0.362603 -0.295098
0.368802 -0.298475
0.383264 -0.304237
0.373967 -0.309175
0.42562 -0.314274
0.416322 -0.319427
0.430785 -0.323933
0.420455 -0.326836
0.391529 -0.328199
0.427686 -0.329547
0.440083 -0.331041
0.424587 -0.332248
0.404959 -0.3343
0.391529 -0.335753
0.356405 -0.335727
0.328512 -0.335113
0.35124 -0.334811
0.334711 -0.33682
0.313017 -0.339997
0.284091 -0.340564
0.288223 -0.341557
0.284091 -0.344519
0.292355 -0.348054
0.315083 -0.351288
0.299587 -0.354374
0.299587 -0.35724
0.293388 -0.358306
0.301653 -0.35745
0.327479 -0.356746
0.295455 -0.356076
0.266529 -0.354268
0.28719 -0.351826
0.286157 -0.351257
0.286157 -0.350644
0.26343 -0.349984
0.268595 -0.349285
0.277893 -0.349132
0.233471 -0.347906
0.219008 -0.346184
0.244835 -0.344689
0.22314 -0.344219
0.208678 -0.342931
0.190083 -0.341902
0.166322 -0.340092
0.17562 -0.338118
0.158058 -0.335795
0.178719 -0.33405
0.177686 -0.330975
0.182851 -0.330166
0.227273 -0.329329
0.217975 -0.328498
0.225207 -0.327576
0.184917 -0.326396
0.164256 -0.324588
0.200413 -0.322997
0.220041 -0.321465
0.203512 -0.320943
0.238636 -0.320226
0.216942 -0.319148
0.217975 -0.316964
0.204545 -0.314813
0.192149 -0.310572
0.17562 -0.305565
0.182851 -0.300691
0.158058 -0.296666
0.155992 -0.29189
0.201446 -0.287107
0.244835 -0.283083
0.234504 -0.279916
0.224174 -0.275361
0.208678 -0.270413
0.193182 -0.266421
0.172521 -0.261564
0.159091 -0.255854
0.140496 -0.249797
0.161157 -0.243967
0.144628 -0.239437
0.165289 -0.233887
0.16219 -0.229235
0.165289 -0.225216
0.17562 -0.219404
0.149793 -0.214541
0.170455 -0.208617
0.150826 -0.202861
0.143595 -0.198098
0.120868 -0.193192
0.115702 -0.187663
0.13843 -0.182645
0.118802 -0.177046
0.0919421 -0.171881
0.0981405 -0.167506
0.110537 -0.162438
0.109504 -0.15896
0.107438 -0.155558
0.116736 -0.152912
0.104339 -0.14955
0.102273 -0.147005
0.0785124 -0.145049
0.0733471 -0.141347
0.0909091 -0.136269
0.131198 -0.130972
0.127066 -0.125573
0.133264 -0.121522
0.122934 -0.116715
0.132231 -0.112637
0.153926 -0.10758
0.121901 -0.101849
0.147727 -0.0959549
0.186983 -0.0905009
0.152893 -0.085715
0.163223 -0.0796356
0.176653 -0.0732909
0.176653 -0.0674709
0.179752 -0.0622179
0.181818 -0.0572028
0.221074 -0.0529179
0.18905 -0.0510131
0.168388 -0.0458069
0.164256 -0.0407571
0.184917 -0.0349734
0.220041 -0.0287528
0.245868 -0.021925
0.22624 -0.0165033
0.22314 -0.0117804
0.228306 -0.00727651
0.252066 -0.00207981
0.22624 0.00336465
0.266529 0.00918128
0.288223 0.0151921
0.267562 0.021079
0.30062 0.0264493
0.313017 0.0310749
0.321281 0.0367333
0.331612 0.041965
0.382231 0.0449725
0.347107 0.0478467
0.345041 0.051593
0.346074 0.0550307
0.344008 0.0586584
0.368802 0.0625286
0.407025 0.0667539
0.378099 0.070736
0.381198 0.0753594
0.40186 0.0787004
0.392562 0.0827237
0.368802 0.0864246
0.363636 0.0897917
0.364669 0.0944512
0.386364 0.0976319
0.428719 0.0999772
0.431818 0.100105
0.378099 0.10046
0.382231 0.100906
0.376033 0.0996622
0.423554 0.0988455
0.436983 0.0979542
0.424587 0.0966467
0.474174 0.0973526
0.471074 0.0978231
0.429752 0.0984239
0.458678 0.0969291
0.455579 0.0949677
0.451446 0.0947442
0.434917 0.0951877
0.400826 0.0964501
0.448347 0.0961342
0.448347 0.0936578
0.413223 0.0913281
0.422521 0.0914225
0.418388 0.0922377
0.414256 0.0936656
0.40186 0.0938425
0.399793 0.0955975
0.400826 0.098632
0.39876 0.102528
0.39876 0.105925
0.418388 0.109353
0.442149 0.112116
0.409091 0.114095
0.441116 0.116306
0.411157 0.117837
0.432851 0.117821
0.418388 0.118071
0.399793 0.120662
0.411157 0.123498
0.433884 0.126179
0.400826 0.128402
0.430785 0.130337
0.460744 0.131479
0.453512 0.130694
0.431818 0.128679
0.416322 0.128504
0.415289 0.127988
0.422521 0.129726
0.460744 0.130643
0.496901 0.131561
0.493802 0.132316
0.512397 0.132555
0.551653 0.13267
0.545455 0.131849
0.556818 0.130669
0.563017 0.128184
0.55062 0.125745
0.557851 0.125534
0.535124 0.12504
0.558884 0.126758
0.572314 0.127238
0.544421 0.12616
0.56095 0.12561
0.572314 0.124778
0.580579 0.123518
0.58781 0.123303
0.549587 0.122883
0.578512 0.120485
0.566116 0.116018
0.588843 0.112207
0.565083 0.108209
0.53719 0.10541
0.540289 0.10223
0.541322 0.0966981
0.528926 0.0899972
0.547521 0.0847334
0.508264 0.0798402
0.528926 0.0772972
0.541322 0.0756444
0.556818 0.0739638
0.568182 0.0711516
0.536157 0.067955
0.517562 0.0660159
0.520661 0.0646487
0.52686 0.0643938
0.545455 0.0635403
0.543388 0.0608715
0.517562 0.0597746
0.496901 0.0580571
0.48657 0.0565596
0.51343 0.0539202
0.538223 0.049586
0.524793 0.0433525
0.535124 0.038317
0.533058 0.0341934
0.549587 0.0314094
0.573347 0.0285721
0.59814 0.0251396
0.584711 0.0217251
0.591942 0.0184477
0.599174 0.0161447
0.599174 0.015003
0.58781 0.01153
0.603306 0.00707999
0.579545 0.00336682
0.586777 0.000321486
0.559917 -0.00368014
0.533058 -0.00586803
0.51343 -0.00649494
0.510331 -0.00688637
0.481405 -0.00744499
0.436983 -0.00911286
0.400826 -0.00955185
0.424587 -0.00700758
0.438017 -0.00484751
0.446281 -0.00321914
0.456612 -0.00110322
0.472107 -0.000803098
0.481405 -0.00210616
0.517562 -0.00171808
0.512397 -0.00168611
0.505165 -0.0017616
0.47314 -0.00235229
0.466942 -0.000459616
0.47624 0.000430184
0.489669 0.000310781
0.482438 -0.000215871
0.478306 -0.00291509
0.485537 -0.00520414
0.472107 -0.00877581
0.450413 -0.0116158
0.474174 -0.0136944
0.498967 -0.0167635
0.52686 -0.0168539
0.509298 -0.017372
0.506198 -0.0189538
0.539256 -0.0218749
0.546488 -0.0253038
0.552686 -0.0301832
0.536157 -0.0339487
0.524793 -0.037191
0.534091 -0.0425045
0.522727 -0.0491782
0.544421 -0.0568561
0.522727 -0.0663787
0.541322 -0.0740975
0.569215 -0.0831528
0.572314 -0.0934143
0.545455 -0.102781
0.555785 -0.110337
0.575413 -0.119064
0.602273 -0.128763
0.631198 -0.139334
0.64876 -0.151487
0.655992 -0.163974
0.633264 -0.178461
0.639463 -0.190277
0.664256 -0.203752
0.649793 -0.218278
0.649793 -0.232692
0.613636 -0.245679
0.590909 -0.255912
0.572314 -0.264003
0.597107 -0.270102
0.602273 -0.276718
0.596074 -0.284281
0.581612 -0.291256
0.590909 -0.296331
0.591942 -0.302276
0.613636 -0.306474
0.592975 -0.311365
0.622934 -0.316258
0.592975 -0.319511
0.56405 -0.321687
0.545455 -0.323956
0.569215 -0.326029
0.581612 -0.328779
0.579545 -0.331652
0.556818 -0.332903
0.581612 -0.333512
0.534091 -0.336454
0.504132 -0.336461
0.520661 -0.335126
0.482438 -0.334842
0.479339 -0.334493
0.471074 -0.33544
0.451446 -0.335859
0.43905 -0.336859
0.444215 -0.337772
0.410124 -0.336353
0.395661 -0.33224
0.431818 -0.326439
0.397727 -0.32127
0.405992 -0.313188
0.436983 -0.305974
0.451446 -0.297379
0.479339 -0.288913
0.487603 -0.283696
0.471074 -0.279727
0.460744 -0.27431
0.456612 -0.267562
0.44938 -0.26201
0.465909 -0.255235
0.494835 -0.250038
0.470041 -0.24423
0.459711 -0.239915
0.456612 -0.236844
0.459711 -0.233386
0.432851 -0.228609
0.420455 -0.222497
0.428719 -0.215261
0.429752 -0.206669
0.443182 -0.198067
0.438017 -0.193332
0.447314 -0.189416
0.436983 -0.18419
0.426653 -0.179278
0.423554 -0.174853
0.418388 -0.169509
0.428719 -0.163517
0.400826 -0.158986
0.386364 -0.155001
0.355372 -0.151059
0.377066 -0.145976
0.375 -0.140848
0.377066 -0.134236
0.355372 -0.127794
0.376033 -0.121015
0.405992 -0.114072
0.408058 -0.106809
0.438017 -0.097042
0.459711 -0.0852079
0.458678 -0.0747566
0.42562 -0.0644322
0.427686 -0.0572917
0.413223 -0.0507812
0.39876 -0.0478262
0.367769 -0.0416979
0.422521 -0.0371964
0.411157 -0.0354521
0.418388 -0.0324719
0.436983 -0.0310643
0.44938 -0.0320589
0.434917 -0.0332548
0.418388 -0.0340543
0.431818 -0.0334038
0.428719 -0.0310189
0.465909 -0.0286537
0.419421 -0.0237694
0.423554 -0.0199411
0.424587 -0.0147829
0.423554 -0.00857393
0.423554 -0.00257725
0.441116 0.00337834
0.393595 0.0109898
0.349174 0.0199759
0.354339 0.0281245
0.359504 0.0335125
0.378099 0.0394421
0.373967 0.0446367
0.431818 0.0475553
0.428719 0.0485921
0.418388 0.0520081
0.469008 0.0559684
0.475207 0.0594141
0.484504 0.0582525
0.490702 0.0568772
0.506198 0.05672
0.509298 0.0542088
0.457645 0.0530667
0.458678 0.0504725
0.403926 0.0485089
0.394628 0.047514
0.378099 0.0479029
0.39876 0.0471717
0.359504 0.0443647
0.390496 0.0406645
0.383264 0.0340042
0.35124 0.0288364
0.34814 0.0251408
0.336777 0.0186027
0.341942 0.0160735
0.366736 0.0143256
0.366736 0.0135841
0.385331 0.0129266
0.400826 0.0127276
0.428719 0.0137377
0.431818 0.0134672
0.455579 0.0132578
0.503099 0.0118454
0.46281 0.0100516
0.487603 0.0101447
0.495868 0.0109215
0.528926 0.0125845
0.477273 0.0145696
0.459711 0.0154903
0.464876 0.0176038
0.469008 0.0196797
0.463843 0.0227231
0.501033 0.021913
0.481405 0.0176093
0.517562 0.013797
0.495868 0.0146721
0.507231 0.0164076
0.536157 0.0156422
0.559917 0.0134862
0.534091 0.0118928
0.517562 0.00965851
0.506198 0.00514651
0.503099 0.000953199
0.516529 -0.00263537
0.546488 -0.0040793
0.571281 -0.00350458
0.578512 -0.00360098
0.604339 -0.00518742
0.631198 -0.00597929
0.620868 -0.00458506
0.599174 -0.00146198
0.615702 -0.000379061
0.642562 -0.00121191
0.684917 0.000557881
0.722107 0.0019418
0.728306 0.00388912
0.738636 0.00500475
0.764463 0.00438334
0.761364 0.000697431
0.748967 -0.0030602
0.738636 -0.00612773
0.738636 -0.00870095
0.751033 -0.0126342
0.747934 -0.0206807
0.711777 -0.0281774
0.717975 -0.0283099
0.720041 -0.0254843
0.71281 -0.024032
0.715909 -0.0216151
0.717975 -0.0170021
0.691116 -0.0118411
0.64876 -0.00947958
0.623967 -0.0114884
0.595041 -0.0101911
0.595041 -0.00954176
0.583678 -0.00850407
0.561983 -0.00716351
0.579545 -0.00795235
0.596074 -0.00607403
0.590909 -0.00603717
0.565083 -0.0063487
0.557851 -0.00727677
0.557851 -0.00758327
0.591942 -0.00742277
0.57438 -0.0103939
0.554752 -0.0120347
0.527893 -0.00738991
0.527893 -0.00417776
0.538223 -0.002739
0.511364 -0.00164222
0.480372 0.00492107
0.474174 0.0111483
0.494835 0.0134142
0.490702 0.0150147
0.461777 0.016234
0.47624 0.0217556
0.491736 0.0222642
0.465909 0.011993
0.459711 0.00536426
0.446281 -0.00171899
0.433884 -0.00998753
0.440083 -0.0204103
0.448347 -0.030593
0.466942 -0.0222181
0.495868 -0.0118263
0.497934 -0.00815463
0.504132 0.00396779
0.542355 0.0163178
0.559917 0.0198246
0.527893 0.018364
0.514463 0.01996
0.506198 0.0176243
0.508264 0.00187668
0.487603 -0.015751
0.436983 -0.0212254
0.458678 0.00483956
0.514463 0
