0.267562 1
0.297521 0.996702
0.301653 0.993525
0.315083 0.99066
0.304752 0.987799
0.288223 0.985001
0.297521 0.982499
0.320248 0.980062
0.318182 0.977674
0.330579 0.975319
0.354339 0.97314
0.373967 0.970996
0.373967 0.968956
0.330579 0.966965
0.321281 0.964917
0.332645 0.962839
0.298554 0.960839
0.326446 0.958935
0.322314 0.956908
0.282025 0.954888
0.271694 0.952956
0.261364 0.951088
0.253099 0.949187
0.255165 0.947257
0.293388 0.945279
0.292355 0.943305
0.31405 0.941364
0.334711 0.939138
0.327479 0.93696
0.334711 0.934753
0.333678 0.932547
0.315083 0.930363
0.317149 0.928424
0.316116 0.926505
0.321281 0.924554
0.352273 0.922588
0.335744 0.920635
0.319215 0.918669
0.326446 0.916884
0.297521 0.915023
0.283058 0.913141
0.288223 0.911251
0.27376 0.909353
0.315083 0.907531
0.33781 0.905725
0.334711 0.903919
0.32438 0.902135
0.302686 0.900393
0.31095 0.89848
0.32438 0.896478
0.364669 0.894473
0.38843 0.892661
0.428719 0.890814
0.428719 0.889026
0.440083 0.887119
0.427686 0.885083
0.413223 0.88279
0.391529 0.880501
0.387397 0.878236
0.364669 0.875929
0.302686 0.873588
0.303719 0.871232
0.283058 0.869137
0.260331 0.867041
0.259298 0.864931
0.277893 0.862778
0.301653 0.860491
0.295455 0.858093
0.325413 0.85578
0.317149 0.853548
0.313017 0.851286
0.357438 0.84888
0.384298 0.846478
0.382231 0.844284
0.383264 0.842023
0.375 0.839769
0.391529 0.837459
0.372934 0.835074
0.355372 0.832515
0.331612 0.830035
0.344008 0.827597
0.322314 0.825399
0.304752 0.82303
0.339876 0.820681
0.307851 0.818441
0.297521 0.81604
0.323347 0.813528
0.32438 0.81117
0.328512 0.808773
0.346074 0.806412
0.355372 0.804157
0.352273 0.802074
0.359504 0.7999
0.402893 0.797773
0.394628 0.795597
0.380165 0.793442
0.385331 0.791365
0.408058 0.789091
0.419421 0.786776
0.431818 0.784437
0.397727 0.782047
0.367769 0.779662
0.38843 0.77722
0.382231 0.774823
0.390496 0.772389
0.391529 0.769985
0.360537 0.767581
0.356405 0.765418
0.345041 0.7631
0.338843 0.760895
0.36157 0.75861
0.31095 0.756176
0.305785 0.753749
0.323347 0.751276
0.325413 0.748799
0.290289 0.746274
0.291322 0.743731
0.260331 0.741563
0.206612 0.739308
0.206612 0.736902
0.215909 0.734216
0.246901 0.731681
0.252066 0.729163
0.243802 0.726679
0.241736 0.724039
0.201446 0.721334
0.200413 0.718457
0.209711 0.715529
0.227273 0.712812
0.252066 0.709987
0.231405 0.7071
0.209711 0.704259
0.219008 0.701568
0.229339 0.698973
0.216942 0.696402
0.238636 0.693885
0.247934 0.691337
0.290289 0.688761
0.302686 0.686227
0.320248 0.683689
0.299587 0.68097
0.331612 0.67809
0.315083 0.675222
0.27376 0.672394
0.265496 0.669541
0.246901 0.666533
0.261364 0.663457
0.248967 0.660471
0.255165 0.657346
0.284091 0.654197
0.304752 0.651103
0.256198 0.648272
0.252066 0.64539
0.240702 0.642616
0.261364 0.639691
0.256198 0.636722
0.225207 0.633789
0.22624 0.630961
0.228306 0.628142
0.183884 0.625275
0.177686 0.622509
0.188017 0.619939
0.21281 0.617203
0.208678 0.614509
0.205579 0.611884
0.208678 0.609215
0.172521 0.606565
0.182851 0.603834
0.172521 0.601049
0.16219 0.598201
0.146694 0.595238
0.155992 0.592278
0.163223 0.589408
0.16219 0.586595
0.15186 0.58378
0.127066 0.581005
0.110537 0.578226
0.126033 0.57549
0.118802 0.572655
0.0991736 0.569754
0.135331 0.566885
0.116736 0.564249
0.0950413 0.561641
0.150826 0.558915
0.143595 0.556071
0.122934 0.553237
0.0981405 0.550509
0.0609504 0.547668
0.0475207 0.544775
0.0671488 0.541787
0.116736 0.538788
0.120868 0.535859
0.130165 0.53308
0.122934 0.530376
0.0836777 0.527602
0.0816116 0.524709
0.0805785 0.521755
0.132231 0.518938
0.127066 0.516186
0.0929752 0.513391
0.117769 0.510579
0.118802 0.507807
0.136364 0.505133
0.181818 0.502602
0.181818 0.500134
0.176653 0.497644
0.196281 0.495036
0.241736 0.492517
0.255165 0.489765
0.259298 0.486956
0.235537 0.484241
0.225207 0.481357
0.215909 0.47845
0.230372 0.475554
0.184917 0.472733
0.18595 0.470107
0.183884 0.467575
0.173554 0.465103
0.154959 0.462523
0.178719 0.459856
0.158058 0.45725
0.130165 0.454697
0.122934 0.452141
0.113636 0.449545
0.0805785 0.446957
0.0599174 0.444254
0.035124 0.441586
0.0330579 0.439032
0.017562 0.436413
0.00206612 0.433692
0.0134298 0.43104
0.0258264 0.428338
0.0557851 0.425524
0.0475207 0.422518
0.053719 0.419583
0.0609504 0.416683
0.0516529 0.413848
0.072314 0.41097
0.0681818 0.408029
0.0774793 0.405175
0.0764463 0.402317
0.0733471 0.399494
0.100207 0.39657
0.0640496 0.393555
0.0743802 0.390633
0.0681818 0.38776
0.0785124 0.384816
0.118802 0.381719
0.163223 0.378715
0.203512 0.37565
0.188017 0.372608
0.197314 0.369593
0.219008 0.366622
0.193182 0.363656
0.210744 0.36078
0.193182 0.357807
0.217975 0.354911
0.203512 0.352153
0.203512 0.349404
0.220041 0.346528
0.216942 0.343758
0.258264 0.341118
0.266529 0.338508
0.268595 0.335949
0.235537 0.333315
0.234504 0.330603
0.257231 0.327919
0.265496 0.325219
0.289256 0.322487
0.27376 0.31973
0.242769 0.317006
0.241736 0.314349
0.262397 0.311656
0.256198 0.309003
0.303719 0.306323
0.36157 0.303731
0.363636 0.301317
0.364669 0.298921
0.35124 0.296515
0.316116 0.294173
0.297521 0.291649
0.320248 0.288966
0.309917 0.286326
0.31095 0.283609
0.293388 0.280847
0.293388 0.27785
0.28719 0.274711
0.268595 0.271633
0.271694 0.26865
0.332645 0.265832
0.30062 0.263161
0.289256 0.260579
0.295455 0.258088
0.322314 0.255585
0.304752 0.253149
0.298554 0.250616
0.289256 0.248282
0.30062 0.245876
0.295455 0.243401
0.288223 0.241096
0.286157 0.239029
0.27686 0.236948
0.266529 0.234847
0.254132 0.232752
0.27376 0.230576
0.244835 0.228424
0.231405 0.226195
0.238636 0.223787
0.240702 0.221364
0.193182 0.218857
0.204545 0.216493
0.245868 0.214246
0.240702 0.211997
0.217975 0.209816
0.211777 0.207724
0.246901 0.205594
0.254132 0.203376
0.26343 0.201211
0.244835 0.198973
0.215909 0.19684
0.22314 0.19463
0.246901 0.192495
0.253099 0.190414
0.269628 0.188216
0.254132 0.185978
0.252066 0.18377
0.222107 0.181655
0.238636 0.179545
0.264463 0.177498
0.248967 0.175677
0.289256 0.173736
0.284091 0.171653
0.294421 0.169479
0.298554 0.167201
0.320248 0.165
0.329545 0.162956
0.322314 0.160949
0.31405 0.158911
0.31405 0.156973
0.301653 0.155115
0.260331 0.153213
0.244835 0.151431
0.219008 0.149512
0.197314 0.14743
0.159091 0.145444
0.147727 0.143404
0.147727 0.141378
0.161157 0.139283
0.15186 0.137182
0.194215 0.135026
0.184917 0.132977
0.206612 0.130896
0.142562 0.128862
0.110537 0.126676
0.0991736 0.124517
0.0950413 0.122238
0.105372 0.120165
0.105372 0.118233
0.104339 0.116285
0.112603 0.114332
0.0878099 0.112513
0.052686 0.11072
0.0475207 0.108958
0.0568182 0.107379
0.0630165 0.105642
0.089876 0.103733
0.071281 0.101817
0.102273 0.100009
0.113636 0.0981902
0.130165 0.0963381
0.155992 0.0945302
0.155992 0.0927908
0.144628 0.0910538
0.0940083 0.0892743
0.088843 0.0875677
0.0816116 0.0860416
0.119835 0.084392
0.132231 0.0828281
0.141529 0.0812352
0.121901 0.0797142
0.150826 0.0782712
0.192149 0.0768544
0.208678 0.0754306
0.203512 0.0740757
0.194215 0.0728196
0.201446 0.0716407
0.161157 0.0704717
0.184917 0.0693363
0.180785 0.0682539
0.197314 0.0673698
0.228306 0.0665234
0.25 0.0656216
0.271694 0.0647809
0.261364 0.0638656
0.288223 0.062935
0.296488 0.062086
0.327479 0.0612994
0.316116 0.0606044
0.332645 0.0599423
0.30062 0.0593941
0.316116 0.0589464
0.313017 0.0585861
0.373967 0.0581627
0.331612 0.0577141
0.317149 0.0572102
0.308884 0.0566009
0.307851 0.0558458
0.325413 0.0550465
0.321281 0.0543258
0.323347 0.0536085
0.31095 0.0530072
0.280992 0.0523686
0.272727 0.0517484
0.240702 0.0511516
0.237603 0.0505222
0.27376 0.0499097
0.275826 0.0494761
0.280992 0.0488903
0.289256 0.0481073
0.291322 0.0471839
0.298554 0.0464004
0.27686 0.0455893
0.253099 0.0448193
0.251033 0.0440439
0.23657 0.0431883
0.238636 0.0424736
0.215909 0.0416874
0.184917 0.0410885
0.190083 0.0404419
0.190083 0.039856
0.191116 0.0392011
0.17562 0.0385467
0.172521 0.0379082
0.16219 0.0373774
0.186983 0.0369008
0.225207 0.0364419
0.200413 0.0358774
0.168388 0.0353163
0.183884 0.0346261
0.184917 0.033983
0.221074 0.0333897
0.211777 0.0327042
0.193182 0.0320066
0.188017 0.0311728
0.215909 0.0304223
0.216942 0.0296748
0.234504 0.0288996
0.234504 0.0282728
0.19938 0.0277613
0.201446 0.0271627
0.224174 0.0264611
0.21281 0.0257353
0.196281 0.0249143
0.207645 0.0241246
0.17562 0.0233826
0.181818 0.0226986
0.160124 0.0219408
0.129132 0.0210324
0.125 0.0202722
0.115702 0.0195353
0.109504 0.0187521
0.13843 0.017864
0.118802 0.0170384
0.122934 0.0162147
0.116736 0.0155566
0.110537 0.0149735
0.0960744 0.0145019
0.105372 0.0140478
0.072314 0.0137526
0.0268595 0.013469
0.00826446 0.0130224
0.00516529 0.0124817
0.0330579 0.0119424
0.071281 0.0114536
0.0950413 0.0109444
0.0692149 0.0105138
0.0640496 0.0100825
0.0640496 0.00969167
0.0878099 0.00916848
0.0919421 0.00862522
0.0909091 0.00823697
0.0929752 0.00804198
0.107438 0.0079898
0.0816116 0.00794281
0.0919421 0.00793038
0.0785124 0.00794682
0.110537 0.00789656
0.102273 0.00783899
0.0981405 0.00770972
0.0330579 0.00772493
0.00206612 0.0076495
0.00929752 0.00753449
0.00206612 0.0072672
0.0113636 0.00688749
0.00826446 0.00649803
0.0072314 0.00612102
0.017562 0.00584187
0.0113636 0.00567659
0.0258264 0.00547621
0.0299587 0.00536419
0.0495868 0.00529804
0.0444215 0.00502956
0.0826446 0.00459591
0.0950413 0.00405459
0.116736 0.00344978
0.146694 0.00286686
0.141529 0.00226314
0.0991736 0.00177542
0.0506198 0.00130558
0.0206612 0.00089811
0.0278926 0.000454954
0.00516529 4.62462e-05
0.0320248 -0.00040785
0.0268595 -0.0009449
0.0299587 -0.00164566
0.0289256 -0.00231405
0.0113636 -0.00299201
0.0320248 -0.00358936
0.0299587 -0.00405162
0.0609504 -0.00449799
0.0278926 -0.00501602
0.00516529 -0.00541883
0.00206612 -0.00560981
0 -0.00575437
0.0289256 -0.00580395
0.0103306 -0.00600383
0.0516529 -0.00617855
0.0289256 -0.00623271
0.0134298 -0.00618157
0.0227273 -0.00599874
0.0216942 -0.00584321
0.0340909 -0.00584446
0.0485537 -0.00584101
0.0165289 -0.00575481
0.0289256 -0.00576208
0.0123967 -0.00582786
0.0165289 -0.0058755
0.0113636 -0.00594647
0.035124 -0.00607512
0.052686 -0.00613167
0.053719 -0.00620821
0.0340909 -0.00636292
0.0299587 -0.00650338
0.0268595 -0.00656882
0.0413223 -0.00654783
0.0754132 -0.00653416
0.0557851 -0.0064189
0.0309917 -0.00639307
0.0134298 -0.00652644
0.052686 -0.00654714
0.0072314 -0.00648412
0.0103306 -0.00645981
0.00206612 -0.00636871
0.0506198 -0.00616735
0.0619835 -0.00593983
0.0547521 -0.00565114
0.0588843 -0.00533383
0.071281 -0.00504261
0.0764463 -0.00488883
0.0454545 -0.00478121
0.00929752 -0.00472558
0.00929752 -0.00468136
0.00103306 -0.00470369
0.0371901 -0.00469118
0.0495868 -0.00466669
0.0268595 -0.00460662
0.0237603 -0.00445907
0.0330579 -0.00413633
0.0495868 -0.00391063
0.0588843 -0.00381036
0.0619835 -0.0038565
0.0154959 -0.00400683
0.0144628 -0.00414796
0.0640496 -0.00420352
0.0681818 -0.00429827
0.0950413 -0.00436423
0.105372 -0.00442276
0.0661157 -0.00443293
0.0661157 -0.00445626
0.114669 -0.00450815
0.131198 -0.00445198
0.15186 -0.00439262
0.132231 -0.00423528
0.164256 -0.00414095
0.165289 -0.00392193
0.17562 -0.00372091
0.164256 -0.0035498
0.16219 -0.00343023
0.158058 -0.00324846
0.192149 -0.00321651
0.209711 -0.0030789
0.252066 -0.00281942
0.267562 -0.00239356
0.220041 -0.00205491
0.222107 -0.00160873
0.209711 -0.00120106
0.23657 -0.000905223
0.262397 -0.000656561
0.221074 -0.000378234
0.228306 -0.000193215
0.205579 -0.000161704
0.193182 -0.000193038
0.22314 -5.80547e-05
0.230372 0.000272993
0.208678 0.000674083
0.261364 0.00111951
0.27686 0.00156498
0.26343 0.00209878
0.252066 0.00265591
0.301653 0.00312424
0.27376 0.00352152
0.295455 0.00391712
0.305785 0.00437618
0.326446 0.00475209
0.33781 0.00516426
0.326446 0.00548336
0.304752 0.00581151
0.306818 0.00639656
0.27376 0.00699175
0.293388 0.0076231
0.315083 0.00853892
0.299587 0.00955444
0.35124 0.0103827
0.30062 0.0112263
0.291322 0.0120683
0.261364 0.0128758
0.272727 0.0135265
0.264463 0.0139125
0.248967 0.0143691
0.265496 0.0149974
0.25 0.0157295
0.267562 0.0166108
0.269628 0.0173945
0.267562 0.0181385
0.230372 0.0188979
0.270661 0.0197008
0.272727 0.0203834
0.242769 0.0212232
0.308884 0.0219938
0.34814 0.0228626
0.342975 0.0238452
0.336777 0.0250441
0.382231 0.0262214
0.417355 0.0273809
0.394628 0.028419
0.39876 0.0294597
0.414256 0.0305867
0.385331 0.0316605
0.387397 0.0325751
0.41219 0.0333862
0.456612 0.0341258
0.43905 0.034829
0.438017 0.0355216
0.405992 0.0361476
0.39876 0.0368165
0.392562 0.0374393
0.434917 0.0378717
0.455579 0.0384928
0.447314 0.03921
0.442149 0.040076
0.472107 0.0408569
0.463843 0.0415304
0.470041 0.0423728
0.444215 0.0432999
0.458678 0.0441649
0.452479 0.0449852
0.442149 0.0459039
0.471074 0.0467971
0.516529 0.0475821
0.520661 0.0484031
0.552686 0.049187
0.516529 0.0499889
0.511364 0.0506871
0.488636 0.051329
0.46281 0.0521844
0.43905 0.0529877
0.431818 0.0537494
0.447314 0.05449
0.415289 0.0551354
0.420455 0.0557874
0.413223 0.0564137
0.427686 0.0568355
0.433884 0.0571415
0.421488 0.0574617
0.39876 0.0576362
0.417355 0.0580869
0.442149 0.0586381
0.393595 0.0592634
0.402893 0.0598976
0.418388 0.0605333
0.41219 0.0610444
0.455579 0.0614937
0.43905 0.0619528
0.460744 0.0624349
0.461777 0.0629196
0.44938 0.0634634
0.463843 0.0640633
0.497934 0.0644306
0.542355 0.0648551
0.524793 0.0652635
0.502066 0.0657428
0.520661 0.0661888
0.540289 0.0665017
0.571281 0.0667746
0.584711 0.0671027
0.60124 0.0675387
0.575413 0.067884
0.59814 0.0681036
0.591942 0.0682798
0.615702 0.0683056
0.625 0.0682532
0.61157 0.0682267
0.592975 0.0681953
0.589876 0.068182
0.604339 0.0682765
0.614669 0.0684096
0.584711 0.0685903
0.589876 0.068837
0.600207 0.0690174
0.59814 0.0690752
0.635331 0.0689595
0.629132 0.0689428
0.635331 0.0687408
0.640496 0.0684057
0.642562 0.0681985
0.630165 0.0678755
0.603306 0.0674012
0.588843 0.0670581
0.580579 0.0668354
0.559917 0.0665097
0.553719 0.0662259
0.577479 0.06618
0.566116 0.0661865
0.586777 0.0660941
0.602273 0.0659444
0.595041 0.0657674
0.589876 0.0654724
0.568182 0.0650847
0.600207 0.064901
0.609504 0.0647115
0.597107 0.0646551
0.643595 0.0644763
0.626033 0.0641088
0.650826 0.0637174
0.665289 0.0633134
0.706612 0.0627581
0.721074 0.0621092
0.733471 0.0613786
0.734504 0.0606873
0.746901 0.0597757
0.729339 0.0589686
0.677686 0.0580864
0.686983 0.0571674
0.713843 0.0563034
0.727273 0.055517
0.729339 0.0546503
0.708678 0.053895
0.717975 0.0530181
0.716942 0.0523149
0.710744 0.051632
0.740702 0.0511195
0.751033 0.0505743
0.730372 0.049982
0.73657 0.0492531
0.710744 0.0487341
0.703512 0.0481657
0.719008 0.0475941
0.735537 0.0468815
0.720041 0.0461032
0.747934 0.0451204
0.756198 0.0441591
0.754132 0.043133
0.765496 0.0420859
0.782025 0.0409878
0.771694 0.0399319
0.777893 0.0388503
0.770661 0.0378864
0.743802 0.0368568
0.759298 0.0358053
0.761364 0.0348917
0.762397 0.0339881
0.764463 0.0331433
0.770661 0.0321961
0.782025 0.0313058
0.779959 0.0304282
0.77686 0.0295967
0.790289 0.0287141
0.77376 0.0279141
0.802686 0.0271156
0.785124 0.0261867
0.788223 0.0253765
0.81095 0.0244968
0.807851 0.0236837
0.788223 0.0227331
0.794421 0.0217298
0.784091 0.020733
0.791322 0.0197158
0.797521 0.0186844
0.816116 0.0177627
0.849174 0.01684
0.834711 0.0160067
0.829545 0.015107
0.827479 0.0143802
0.825413 0.0137071
0.832645 0.0128636
0.827479 0.0120305
0.80062 0.0114117
0.821281 0.0107806
0.85124 0.0102638
0.822314 0.00958619
0.842975 0.00870708
0.842975 0.00793929
0.857438 0.00721123
0.839876 0.00659914
0.809917 0.00592388
0.826446 0.00528334
0.818182 0.00456546
0.834711 0.0037229
0.83781 0.00284287
0.854339 0.00205635
0.852273 0.00109063
0.860537 5.36277e-05
0.839876 -0.000951498
0.82438 -0.00189642
0.825413 -0.00286855
0.794421 -0.00375734
0.789256 -0.00477306
0.785124 -0.0057
0.796488 -0.00655028
0.815083 -0.00744115
0.81405 -0.00814776
0.817149 -0.0089413
0.83781 -0.00963319
0.807851 -0.0103562
0.782025 -0.011072
0.756198 -0.0118101
0.760331 -0.0125344
0.77686 -0.0132786
0.797521 -0.0139428
0.77686 -0.0145283
0.755165 -0.0151728
0.757231 -0.0157926
0.771694 -0.0165972
0.768595 -0.0174365
0.786157 -0.018403
0.809917 -0.0192758
0.804752 -0.0203373
0.797521 -0.0213425
0.80062 -0.0223401
0.782025 -0.0232119
0.786157 -0.0241949
0.77686 -0.0251163
0.75 -0.0260513
0.744835 -0.0267931
0.755165 -0.0277389
0.752066 -0.0287486
0.759298 -0.0298057
0.754132 -0.0307441
0.768595 -0.0317289
0.739669 -0.0328333
0.75 -0.0339766
0.748967 -0.0351818
0.73657 -0.0363073
0.741736 -0.0374375
0.743802 -0.0386266
0.748967 -0.0398395
0.754132 -0.0409636
0.803719 -0.0420533
0.793388 -0.0432097
0.782025 -0.0441762
0.803719 -0.0452215
0.81095 -0.046169
0.784091 -0.0472966
0.789256 -0.0484763
0.799587 -0.0495811
0.780992 -0.0506596
0.746901 -0.0515727
0.722107 -0.05266
0.715909 -0.0538021
0.737603 -0.0550476
0.774793 -0.0564223
0.764463 -0.0577411
0.756198 -0.0590314
0.785124 -0.0603482
0.77376 -0.061531
0.769628 -0.0626336
0.783058 -0.0637364
0.77376 -0.0648555
0.743802 -0.0660252
0.739669 -0.0670702
0.737603 -0.0681207
0.735537 -0.0690547
0.708678 -0.0699345
0.707645 -0.0709418
0.748967 -0.0721302
0.743802 -0.0733548
0.735537 -0.0745763
0.738636 -0.0756907
0.748967 -0.0766847
0.740702 -0.0775488
0.691116 -0.0782353
0.676653 -0.0789014
0.701446 -0.0794647
0.677686 -0.0798536
0.647727 -0.0802291
0.678719 -0.0805248
0.678719 -0.0809924
0.679752 -0.0815843
0.671488 -0.0821434
0.695248 -0.0825625
0.655992 -0.0832237
0.678719 -0.0840027
0.677686 -0.0848661
0.701446 -0.0857665
0.68905 -0.0868122
0.701446 -0.0878803
0.72314 -0.088877
0.709711 -0.0898053
0.69938 -0.0906575
0.683884 -0.0915317
0.695248 -0.092629
0.706612 -0.093518
0.707645 -0.0942777
0.71281 -0.0949452
0.721074 -0.0955223
0.684917 -0.0960063
0.664256 -0.0965347
0.654959 -0.0972464
0.630165 -0.098022
0.621901 -0.0988615
0.622934 -0.0997504
0.616736 -0.100659
0.599174 -0.101309
0.594008 -0.102177
0.555785 -0.10309
0.566116 -0.104004
0.565083 -0.104854
0.556818 -0.105806
0.561983 -0.106649
0.56095 -0.107514
0.576446 -0.108388
0.591942 -0.109228
0.600207 -0.110006
0.580579 -0.110784
0.590909 -0.111464
0.584711 -0.112255
0.602273 -0.113066
0.566116 -0.113757
0.578512 -0.114559
0.572314 -0.115357
0.585744 -0.116284
0.571281 -0.117096
0.59814 -0.117929
0.620868 -0.118833
0.637397 -0.1197
0.644628 -0.120667
0.649793 -0.121645
0.644628 -0.122685
0.616736 -0.123584
0.622934 -0.124572
0.622934 -0.125345
0.633264 -0.126363
0.614669 -0.127337
0.612603 -0.128371
0.615702 -0.129532
0.650826 -0.130628
0.626033 -0.131581
0.616736 -0.132447
0.625 -0.133353
0.625 -0.134166
0.605372 -0.134868
0.623967 -0.135568
0.628099 -0.136249
0.617769 -0.136995
0.61157 -0.137681
0.606405 -0.138303
0.604339 -0.138927
0.606405 -0.139426
0.630165 -0.140088
0.641529 -0.140952
0.655992 -0.141709
0.642562 -0.142501
0.665289 -0.14325
0.64876 -0.143938
0.636364 -0.144723
0.630165 -0.145487
0.649793 -0.146278
0.64876 -0.147374
0.642562 -0.148373
0.692149 -0.149415
0.684917 -0.150525
0.671488 -0.151718
0.686983 -0.153001
0.680785 -0.154342
0.668388 -0.155677
0.668388 -0.156899
0.659091 -0.158116
0.683884 -0.159324
0.682851 -0.160425
0.701446 -0.161631
0.696281 -0.162841
0.701446 -0.163834
0.692149 -0.165034
0.672521 -0.166387
0.670455 -0.167648
0.657025 -0.16901
0.664256 -0.170306
0.667355 -0.171672
0.670455 -0.172959
0.647727 -0.174171
0.673554 -0.1754
0.672521 -0.176604
0.69938 -0.177905
0.710744 -0.179314
0.735537 -0.18083
0.786157 -0.182296
0.799587 -0.183908
0.780992 -0.185417
0.756198 -0.186844
0.757231 -0.188308
0.730372 -0.189602
0.710744 -0.190755
0.722107 -0.191752
0.740702 -0.192755
0.735537 -0.193587
0.714876 -0.194545
0.714876 -0.19562
0.696281 -0.19667
0.68905 -0.197727
0.677686 -0.198756
0.688017 -0.199752
0.677686 -0.200727
0.669421 -0.201748
0.686983 -0.202915
0.674587 -0.20399
0.669421 -0.204846
0.668388 -0.205634
0.645661 -0.206379
0.635331 -0.20727
0.644628 -0.208151
0.613636 -0.209053
0.612603 -0.210001
0.599174 -0.210847
0.582645 -0.211639
0.604339 -0.212399
0.617769 -0.213198
0.626033 -0.213873
0.618802 -0.21445
0.605372 -0.214949
0.631198 -0.215592
0.617769 -0.216285
0.609504 -0.216962
0.610537 -0.217766
0.594008 -0.21861
0.590909 -0.21947
0.605372 -0.220569
0.588843 -0.221672
0.582645 -0.222742
0.563017 -0.223777
0.524793 -0.224833
0.580579 -0.225906
0.591942 -0.226806
0.580579 -0.227579
0.594008 -0.22836
0.591942 -0.229133
0.628099 -0.230013
0.633264 -0.23084
0.582645 -0.231761
0.563017 -0.232702
0.55062 -0.233549
0.521694 -0.234388
0.502066 -0.235324
0.491736 -0.236339
0.507231 -0.237282
0.521694 -0.238342
0.521694 -0.239308
0.501033 -0.240169
0.546488 -0.241014
0.538223 -0.24193
0.551653 -0.24269
0.544421 -0.243386
0.544421 -0.244221
0.55062 -0.244917
0.56095 -0.245681
0.594008 -0.246431
0.596074 -0.246994
0.60124 -0.247604
0.582645 -0.248343
0.557851 -0.249256
0.561983 -0.250137
0.573347 -0.250743
0.555785 -0.251199
0.565083 -0.251791
0.575413 -0.252402
0.558884 -0.25293
0.55062 -0.253322
0.541322 -0.253782
0.543388 -0.254327
0.570248 -0.254976
0.58781 -0.255708
0.552686 -0.256445
0.55062 -0.257309
0.561983 -0.258187
0.538223 -0.25897
0.529959 -0.259884
0.52376 -0.260704
0.572314 -0.261304
0.578512 -0.261941
0.580579 -0.262394
0.636364 -0.262825
0.630165 -0.263262
0.622934 -0.263715
0.636364 -0.264162
0.590909 -0.264697
0.566116 -0.265297
0.572314 -0.265824
0.561983 -0.266231
0.553719 -0.2667
0.538223 -0.26709
0.52686 -0.267459
0.496901 -0.267736
0.432851 -0.26803
0.443182 -0.268325
0.432851 -0.268607
0.434917 -0.268794
0.440083 -0.26913
0.454545 -0.269562
0.454545 -0.269899
0.426653 -0.270199
0.423554 -0.270477
0.461777 -0.270684
0.455579 -0.270901
0.432851 -0.271061
0.415289 -0.271356
0.416322 -0.271499
0.396694 -0.27164
0.399793 -0.271592
0.41219 -0.271545
0.448347 -0.271482
0.443182 -0.271569
0.441116 -0.271864
0.464876 -0.272077
0.464876 -0.272294
0.43595 -0.272533
0.421488 -0.272612
0.442149 -0.272594
0.452479 -0.272599
0.460744 -0.272651
0.470041 -0.272655
0.452479 -0.272528
0.420455 -0.27258
0.400826 -0.272848
0.380165 -0.273082
0.378099 -0.273296
0.347107 -0.273429
0.336777 -0.273513
0.344008 -0.273793
0.278926 -0.274085
0.256198 -0.274286
0.248967 -0.274568
0.269628 -0.274818
0.293388 -0.275177
0.328512 -0.275492
0.339876 -0.275889
0.322314 -0.276459
0.288223 -0.276996
0.308884 -0.277458
0.31405 -0.277852
0.304752 -0.278173
0.275826 -0.278325
0.278926 -0.278325
0.284091 -0.278329
0.285124 -0.278295
0.271694 -0.278344
0.268595 -0.278517
0.259298 -0.278724
0.221074 -0.278926
0.171488 -0.279182
0.158058 -0.279542
0.172521 -0.279924
0.149793 -0.280295
0.164256 -0.280702
0.183884 -0.281101
0.21281 -0.28151
0.268595 -0.281995
0.224174 -0.282544
0.217975 -0.283141
0.217975 -0.283567
0.221074 -0.283919
0.233471 -0.284237
0.25 -0.284456
0.237603 -0.28479
0.248967 -0.285188
0.293388 -0.285573
0.290289 -0.286123
0.245868 -0.286717
0.262397 -0.287432
0.210744 -0.288275
0.206612 -0.289309
0.204545 -0.290208
0.202479 -0.291134
0.169421 -0.291847
0.176653 -0.292573
0.163223 -0.293244
0.142562 -0.293917
0.144628 -0.294249
0.152893 -0.29451
0.136364 -0.294876
0.130165 -0.294987
0.121901 -0.294984
0.108471 -0.295162
0.0909091 -0.295462
0.0764463 -0.295847
0.0805785 -0.296185
0.0578512 -0.29661
0.0671488 -0.296864
0.0929752 -0.297067
0.103306 -0.297471
0.108471 -0.297931
0.107438 -0.298411
0.0805785 -0.29883
0.125 -0.299369
0.136364 -0.300038
0.146694 -0.300502
0.140496 -0.301002
0.126033 -0.301664
0.13843 -0.302257
0.18595 -0.302826
0.207645 -0.303393
0.180785 -0.303737
0.196281 -0.304303
0.18905 -0.304813
0.179752 -0.305492
0.192149 -0.306343
0.216942 -0.307329
0.221074 -0.308078
0.209711 -0.30897
0.219008 -0.309987
0.272727 -0.311144
0.267562 -0.312249
0.252066 -0.313486
0.27686 -0.314791
0.237603 -0.316024
0.283058 -0.317096
0.347107 -0.318127
0.342975 -0.318904
0.33781 -0.319553
0.377066 -0.320248
0.424587 -0.320978
0.42562 -0.321824
0.417355 -0.322753
0.397727 -0.323662
0.403926 -0.324503
0.397727 -0.325232
0.416322 -0.325813
0.39876 -0.326248
0.368802 -0.326646
0.353306 -0.32695
0.377066 -0.327451
0.420455 -0.327775
0.443182 -0.328019
0.419421 -0.328076
0.418388 -0.328411
0.413223 -0.32893
0.427686 -0.329648
0.421488 -0.330411
0.39876 -0.331216
0.396694 -0.331785
0.362603 -0.33248
0.370868 -0.333308
0.354339 -0.334201
0.366736 -0.335085
0.407025 -0.33592
0.403926 -0.336611
0.396694 -0.337246
0.386364 -0.337985
0.364669 -0.338934
0.33781 -0.339717
0.326446 -0.340425
0.322314 -0.341338
0.291322 -0.342045
0.306818 -0.342855
0.313017 -0.343763
0.346074 -0.34443
0.338843 -0.345004
0.376033 -0.345628
0.391529 -0.346373
0.376033 -0.347262
0.382231 -0.348137
0.349174 -0.349019
0.32438 -0.349805
0.305785 -0.350652
0.313017 -0.351495
0.319215 -0.352146
0.333678 -0.352711
0.31095 -0.353377
0.259298 -0.354164
0.256198 -0.355
0.252066 -0.355805
0.256198 -0.356627
0.234504 -0.357317
0.257231 -0.35797
0.230372 -0.358667
0.248967 -0.359412
0.220041 -0.360232
0.228306 -0.361012
0.200413 -0.361725
0.228306 -0.3623
0.207645 -0.362876
0.219008 -0.363324
0.220041 -0.363757
0.233471 -0.364211
0.246901 -0.364571
0.251033 -0.364664
0.30062 -0.364876
0.294421 -0.365158
0.297521 -0.365359
0.303719 -0.365663
0.323347 -0.366137
0.356405 -0.366621
0.366736 -0.367005
0.349174 -0.367255
0.329545 -0.367446
0.319215 -0.367773
0.272727 -0.367965
0.255165 -0.368223
0.239669 -0.368344
0.25 -0.368152
0.264463 -0.368111
0.305785 -0.368198
0.332645 -0.368186
0.334711 -0.368108
0.325413 -0.368188
0.267562 -0.368225
0.292355 -0.368484
0.298554 -0.368841
0.270661 -0.36913
0.318182 -0.369458
0.299587 -0.369783
0.303719 -0.370025
0.290289 -0.370196
0.304752 -0.37036
0.309917 -0.370418
0.294421 -0.370365
0.256198 -0.370241
0.293388 -0.370213
0.313017 -0.370172
0.331612 -0.370077
0.302686 -0.369925
0.269628 -0.369831
0.247934 -0.369533
0.265496 -0.36942
0.253099 -0.369226
0.243802 -0.368876
0.235537 -0.368351
0.261364 -0.367918
0.258264 -0.36761
0.26343 -0.367344
0.301653 -0.367057
0.290289 -0.366735
0.30062 -0.366204
0.286157 -0.36573
0.325413 -0.365249
0.311983 -0.364844
0.294421 -0.364415
0.289256 -0.36403
0.299587 -0.363725
0.303719 -0.363367
0.288223 -0.363156
0.341942 -0.362842
0.321281 -0.362516
0.340909 -0.362244
0.329545 -0.361978
0.328512 -0.361729
0.341942 -0.361434
0.331612 -0.361054
0.31405 -0.360627
0.335744 -0.360261
0.31405 -0.359772
0.308884 -0.359372
0.292355 -0.359089
0.290289 -0.359032
0.294421 -0.358966
0.305785 -0.358927
0.293388 -0.358615
0.304752 -0.358185
0.320248 -0.357621
0.319215 -0.357101
0.325413 -0.356525
0.347107 -0.356057
0.35124 -0.355512
0.334711 -0.354992
0.315083 -0.354567
0.319215 -0.354183
0.32438 -0.353894
0.354339 -0.353594
0.349174 -0.353288
0.305785 -0.353
0.331612 -0.352614
0.356405 -0.352305
0.340909 -0.351791
0.305785 -0.351307
0.334711 -0.35087
0.346074 -0.350462
0.347107 -0.350224
0.313017 -0.350125
0.323347 -0.350126
0.346074 -0.350084
0.342975 -0.349978
0.359504 -0.349986
0.357438 -0.349964
0.335744 -0.350025
0.384298 -0.350023
0.394628 -0.349973
0.392562 -0.349851
0.413223 -0.349889
0.430785 -0.350019
0.377066 -0.350187
0.372934 -0.350314
0.358471 -0.350642
0.379132 -0.350924
0.390496 -0.3513
0.391529 -0.351699
0.389463 -0.352013
0.423554 -0.352314
0.428719 -0.352516
0.429752 -0.352719
0.453512 -0.352978
0.450413 -0.353254
0.472107 -0.35361
0.498967 -0.354042
0.48657 -0.354406
0.495868 -0.354768
0.487603 -0.35515
0.482438 -0.3556
0.489669 -0.355965
0.502066 -0.356273
0.491736 -0.356658
0.532025 -0.356905
0.538223 -0.357246
0.504132 -0.357753
0.509298 -0.358176
0.509298 -0.358656
0.506198 -0.359322
0.510331 -0.360129
0.509298 -0.360966
0.522727 -0.361726
0.519628 -0.362493
0.519628 -0.363174
0.512397 -0.363974
0.557851 -0.364826
0.583678 -0.365554
0.579545 -0.366196
0.580579 -0.366869
0.571281 -0.367575
0.590909 -0.36843
0.577479 -0.369208
0.549587 -0.370172
0.588843 -0.371374
0.586777 -0.37236
0.584711 -0.373299
0.551653 -0.374295
0.585744 -0.375166
0.597107 -0.376037
0.575413 -0.377193
0.615702 -0.378322
0.641529 -0.379272
0.658058 -0.380303
0.665289 -0.381328
0.635331 -0.382407
0.634298 -0.383532
0.635331 -0.384672
0.625 -0.385813
0.631198 -0.387018
0.61157 -0.388089
0.569215 -0.389178
0.609504 -0.390328
0.620868 -0.391302
0.632231 -0.392231
0.660124 -0.39317
0.636364 -0.394152
0.630165 -0.395247
0.613636 -0.396409
0.645661 -0.397554
0.66219 -0.398718
0.679752 -0.399931
0.67562 -0.401078
0.701446 -0.402212
0.696281 -0.403244
0.683884 -0.404296
0.696281 -0.405216
0.696281 -0.406124
0.697314 -0.407071
0.697314 -0.407953
0.693182 -0.408961
0.673554 -0.40989
0.658058 -0.41094
0.671488 -0.412014
0.69938 -0.413052
0.684917 -0.414015
0.68595 -0.415065
0.707645 -0.416057
0.725207 -0.417076
0.711777 -0.418157
0.693182 -0.419219
0.733471 -0.420566
0.727273 -0.422067
0.743802 -0.423357
0.775826 -0.424541
0.778926 -0.425837
0.766529 -0.427094
0.77686 -0.428295
0.784091 -0.429452
0.779959 -0.430582
0.729339 -0.431689
0.77376 -0.432899
0.779959 -0.434237
0.795455 -0.435529
0.768595 -0.436951
0.774793 -0.438248
0.790289 -0.439555
0.793388 -0.440564
0.796488 -0.441601
0.788223 -0.442559
0.821281 -0.443633
0.849174 -0.444556
0.825413 -0.445525
0.823347 -0.446489
0.828512 -0.447393
0.815083 -0.448231
0.846074 -0.448902
0.833678 -0.449605
0.826446 -0.450277
0.813017 -0.450989
0.789256 -0.451956
0.792355 -0.452795
0.799587 -0.453595
0.827479 -0.454422
0.801653 -0.455159
0.809917 -0.456102
0.819215 -0.456895
0.822314 -0.457724
0.823347 -0.458648
0.828512 -0.459518
0.820248 -0.460387
0.794421 -0.461415
0.790289 -0.462417
0.771694 -0.463432
0.766529 -0.464559
0.743802 -0.465712
0.766529 -0.466898
0.756198 -0.467993
0.759298 -0.46898
0.756198 -0.469915
0.75 -0.470722
0.747934 -0.471715
0.761364 -0.472798
0.771694 -0.473877
0.766529 -0.474819
0.766529 -0.475738
0.755165 -0.476856
0.735537 -0.478049
0.735537 -0.479381
0.743802 -0.480793
0.758264 -0.482245
0.757231 -0.483548
0.741736 -0.484738
0.73657 -0.485928
0.738636 -0.487229
0.760331 -0.488386
0.734504 -0.4896
0.711777 -0.490689
0.703512 -0.491648
0.732438 -0.492585
0.708678 -0.493362
0.730372 -0.494158
0.731405 -0.494842
0.719008 -0.495458
0.732438 -0.49605
0.754132 -0.496545
0.752066 -0.496873
0.729339 -0.497297
0.737603 -0.497973
0.752066 -0.498563
0.748967 -0.499227
0.760331 -0.499985
0.695248 -0.500956
0.669421 -0.501858
0.691116 -0.502724
0.683884 -0.503488
0.658058 -0.504374
0.673554 -0.505283
0.68595 -0.506124
0.697314 -0.506985
0.671488 -0.507975
0.677686 -0.50876
0.711777 -0.509586
0.729339 -0.510439
0.721074 -0.511221
0.746901 -0.51199
0.72314 -0.512837
0.693182 -0.513981
0.68595 -0.515175
0.673554 -0.516283
0.68595 -0.517324
0.643595 -0.518301
0.640496 -0.51913
0.644628 -0.51975
0.640496 -0.520377
0.629132 -0.520876
0.627066 -0.521516
0.650826 -0.522318
0.68595 -0.52313
0.654959 -0.523975
0.637397 -0.524793
0.643595 -0.525561
0.673554 -0.526453
0.652893 -0.527183
0.640496 -0.527985
0.619835 -0.528766
0.671488 -0.529602
0.674587 -0.530419
0.640496 -0.531151
0.622934 -0.531916
0.620868 -0.532511
0.559917 -0.533107
0.539256 -0.533662
0.548554 -0.534425
0.519628 -0.53515
0.55062 -0.535836
0.559917 -0.536434
0.584711 -0.537119
0.570248 -0.537563
0.600207 -0.538241
0.596074 -0.538978
0.605372 -0.539876
0.585744 -0.540793
0.618802 -0.541802
0.606405 -0.542871
0.604339 -0.544051
0.616736 -0.54512
0.595041 -0.546115
0.600207 -0.547123
0.618802 -0.548108
0.628099 -0.548957
0.669421 -0.549763
0.661157 -0.550419
0.671488 -0.551117
0.688017 -0.551933
0.682851 -0.552674
0.671488 -0.553356
0.698347 -0.554124
0.732438 -0.554852
0.738636 -0.555447
0.727273 -0.556057
0.719008 -0.556662
0.715909 -0.557193
0.68905 -0.557501
0.67562 -0.557714
0.659091 -0.557884
0.66219 -0.558128
0.674587 -0.558326
0.645661 -0.558638
0.642562 -0.558923
0.640496 -0.559289
0.665289 -0.559608
0.688017 -0.560034
0.691116 -0.560589
0.672521 -0.561163
0.688017 -0.561645
0.695248 -0.562067
0.694215 -0.562507
0.645661 -0.563024
0.659091 -0.563532
0.659091 -0.564186
0.678719 -0.564736
0.650826 -0.565409
0.635331 -0.56611
0.643595 -0.566955
0.669421 -0.567737
0.632231 -0.568382
0.635331 -0.569088
0.657025 -0.570089
0.653926 -0.571108
0.65186 -0.572038
0.650826 -0.573081
0.633264 -0.574115
0.637397 -0.57517
0.617769 -0.576328
0.570248 -0.577613
0.578512 -0.578713
0.53719 -0.579889
0.551653 -0.581166
0.563017 -0.582402
0.565083 -0.583516
0.575413 -0.584637
0.594008 -0.585909
0.620868 -0.587133
0.61157 -0.588413
0.609504 -0.589862
0.61157 -0.591249
0.608471 -0.592634
0.589876 -0.593995
0.588843 -0.595275
0.605372 -0.59666
0.610537 -0.597879
0.618802 -0.599061
0.613636 -0.600134
0.599174 -0.601181
0.616736 -0.602214
0.597107 -0.60319
0.590909 -0.603986
0.581612 -0.604814
0.596074 -0.605649
0.606405 -0.606562
0.632231 -0.60736
0.629132 -0.607952
0.644628 -0.608517
0.658058 -0.609163
0.643595 -0.609942
0.640496 -0.61071
0.634298 -0.611501
0.636364 -0.612288
0.63843 -0.613085
0.639463 -0.614053
0.629132 -0.615025
0.588843 -0.615996
0.570248 -0.616963
0.552686 -0.617889
0.561983 -0.618702
0.583678 -0.619527
0.609504 -0.620643
0.626033 -0.621709
0.645661 -0.622717
0.655992 -0.623829
0.652893 -0.625016
0.653926 -0.626196
0.632231 -0.627445
0.604339 -0.628751
0.604339 -0.630116
0.620868 -0.631419
0.631198 -0.632805
0.632231 -0.634009
0.612603 -0.635222
0.600207 -0.636252
0.585744 -0.63722
0.554752 -0.638328
0.577479 -0.63954
0.58781 -0.640718
0.584711 -0.641925
0.592975 -0.643059
0.59814 -0.644207
0.634298 -0.645356
0.58781 -0.646433
0.588843 -0.647499
0.592975 -0.648512
0.609504 -0.649392
0.606405 -0.65019
0.619835 -0.650992
0.607438 -0.651867
0.629132 -0.652695
0.602273 -0.653652
0.623967 -0.654313
0.628099 -0.654861
0.620868 -0.655632
0.580579 -0.65642
0.594008 -0.657135
0.614669 -0.657872
0.589876 -0.658665
0.590909 -0.659568
0.579545 -0.660376
0.578512 -0.661062
0.578512 -0.661759
0.603306 -0.662432
0.626033 -0.6633
0.60124 -0.664018
0.606405 -0.664668
0.609504 -0.665305
0.559917 -0.665846
0.549587 -0.666474
0.56095 -0.667097
0.577479 -0.667846
0.56405 -0.668538
0.566116 -0.66902
0.58781 -0.669618
0.571281 -0.67021
0.57438 -0.670541
0.566116 -0.671015
0.57438 -0.671387
0.578512 -0.671772
0.610537 -0.672053
0.616736 -0.672333
0.610537 -0.672482
0.590909 -0.672618
0.589876 -0.672838
0.589876 -0.672979
0.572314 -0.673199
0.585744 -0.673314
0.641529 -0.673391
0.64876 -0.673432
0.649793 -0.673475
0.647727 -0.673367
0.642562 -0.673342
0.620868 -0.673206
0.632231 -0.672889
0.63843 -0.672581
0.652893 -0.672446
0.678719 -0.672309
0.701446 -0.672292
0.691116 -0.672138
0.709711 -0.672006
0.68595 -0.671971
0.682851 -0.671889
0.692149 -0.671653
0.682851 -0.671138
0.690083 -0.670594
0.708678 -0.670106
0.704545 -0.66957
0.707645 -0.669079
0.739669 -0.668757
0.727273 -0.668363
0.700413 -0.668295
0.725207 -0.668355
0.720041 -0.668422
0.696281 -0.66844
0.714876 -0.668484
0.716942 -0.668458
0.72624 -0.668382
0.707645 -0.668419
0.694215 -0.668264
0.725207 -0.668019
0.741736 -0.667751
0.76343 -0.667662
0.748967 -0.667602
0.729339 -0.667466
0.720041 -0.667378
0.681818 -0.667278
0.676653 -0.666948
0.66219 -0.66665
0.655992 -0.666174
0.669421 -0.665611
0.635331 -0.664954
0.65186 -0.664469
0.649793 -0.664012
0.645661 -0.663481
0.616736 -0.663099
0.616736 -0.662655
0.607438 -0.662029
0.613636 -0.661396
0.573347 -0.66052
0.544421 -0.659721
0.557851 -0.658692
0.555785 -0.657664
0.563017 -0.656711
0.581612 -0.655592
0.579545 -0.654405
0.55062 -0.653066
0.527893 -0.651826
0.558884 -0.650516
0.566116 -0.649123
0.56405 -0.647765
0.555785 -0.646546
0.540289 -0.645158
0.530992 -0.643718
0.541322 -0.642379
0.556818 -0.641283
0.583678 -0.640436
0.576446 -0.639466
0.566116 -0.638565
0.580579 -0.63753
0.607438 -0.63631
0.600207 -0.635141
0.600207 -0.634056
0.644628 -0.632858
0.633264 -0.631822
0.609504 -0.630815
0.57438 -0.629712
0.575413 -0.628527
0.576446 -0.627438
0.596074 -0.62649
0.576446 -0.625471
0.618802 -0.624452
0.619835 -0.623126
0.609504 -0.621867
0.623967 -0.620466
0.616736 -0.618963
0.596074 -0.617279
0.600207 -0.615767
0.610537 -0.614071
0.595041 -0.612349
0.588843 -0.610795
0.56405 -0.60939
0.580579 -0.608197
0.569215 -0.60694
0.590909 -0.605676
0.614669 -0.604333
0.584711 -0.602945
0.581612 -0.601614
0.559917 -0.600191
0.569215 -0.598919
0.566116 -0.597668
0.555785 -0.596258
0.543388 -0.594778
0.539256 -0.593397
0.536157 -0.592034
0.52686 -0.590747
0.530992 -0.589507
0.547521 -0.588254
0.496901 -0.587015
0.451446 -0.585866
0.441116 -0.584628
0.380165 -0.583135
0.354339 -0.581829
0.394628 -0.580699
0.395661 -0.579472
0.43905 -0.578194
0.421488 -0.576842
0.390496 -0.575719
0.413223 -0.574606
0.430785 -0.573442
0.42562 -0.572233
0.414256 -0.57095
0.424587 -0.569671
0.434917 -0.568313
0.459711 -0.566794
0.497934 -0.565352
0.505165 -0.563904
0.540289 -0.562267
0.529959 -0.560629
0.522727 -0.558944
0.559917 -0.557393
0.568182 -0.555794
0.571281 -0.554296
0.561983 -0.552627
0.596074 -0.551034
0.585744 -0.549326
0.597107 -0.547788
0.606405 -0.546003
0.61157 -0.544111
0.592975 -0.542298
0.579545 -0.540469
0.578512 -0.538747
0.615702 -0.537133
0.627066 -0.535561
0.666322 -0.533913
0.640496 -0.532398
0.608471 -0.530887
0.58781 -0.529385
0.610537 -0.527754
0.59814 -0.52604
0.621901 -0.524713
0.594008 -0.52328
0.577479 -0.521622
0.584711 -0.519764
0.608471 -0.517771
0.596074 -0.515617
0.610537 -0.513477
0.60124 -0.511334
0.575413 -0.50958
0.613636 -0.507882
0.655992 -0.506167
0.646694 -0.504238
0.612603 -0.502461
0.608471 -0.500724
0.605372 -0.499067
0.606405 -0.497409
0.605372 -0.495765
0.591942 -0.494228
0.610537 -0.492911
0.617769 -0.491547
0.623967 -0.490011
0.629132 -0.48836
0.61157 -0.486737
0.58781 -0.485086
0.555785 -0.483523
0.556818 -0.481918
0.53719 -0.480222
0.53719 -0.478228
0.534091 -0.47652
0.56405 -0.474768
0.556818 -0.472935
0.565083 -0.470997
0.571281 -0.468994
0.590909 -0.466993
0.628099 -0.464985
0.572314 -0.462927
0.604339 -0.460907
0.622934 -0.458626
0.615702 -0.45664
0.633264 -0.454782
0.634298 -0.452731
0.603306 -0.450684
0.632231 -0.448609
0.647727 -0.446369
0.647727 -0.443939
0.659091 -0.441567
0.650826 -0.439103
0.649793 -0.436739
0.635331 -0.434395
0.632231 -0.431731
0.639463 -0.428958
0.628099 -0.426156
0.618802 -0.423425
0.612603 -0.420749
0.59814 -0.418377
0.592975 -0.416194
0.595041 -0.414096
0.616736 -0.411891
0.623967 -0.409462
0.657025 -0.40699
0.649793 -0.404491
0.65186 -0.402037
0.688017 -0.399443
0.657025 -0.39716
0.665289 -0.395014
0.711777 -0.392784
0.69938 -0.39053
0.713843 -0.388259
0.738636 -0.385991
0.733471 -0.383666
0.760331 -0.381285
0.756198 -0.378743
0.724174 -0.376203
0.742769 -0.373757
0.751033 -0.371398
0.727273 -0.36885
0.709711 -0.366401
0.756198 -0.363717
0.764463 -0.361048
0.727273 -0.358121
0.72314 -0.355228
0.702479 -0.352407
0.706612 -0.349676
0.727273 -0.346914
0.742769 -0.344102
0.735537 -0.34137
0.671488 -0.338815
0.703512 -0.336375
0.710744 -0.333827
0.717975 -0.33136
0.717975 -0.328914
0.740702 -0.32639
0.72314 -0.3238
0.683884 -0.3213
0.688017 -0.318684
0.694215 -0.31601
0.678719 -0.313532
0.706612 -0.310861
0.742769 -0.308094
0.717975 -0.305306
0.707645 -0.302401
0.701446 -0.299537
0.737603 -0.29662
0.748967 -0.294073
0.76343 -0.291481
0.786157 -0.288617
0.770661 -0.285695
0.765496 -0.282879
0.765496 -0.279947
0.752066 -0.276842
0.766529 -0.273991
0.789256 -0.271036
0.820248 -0.267928
0.80062 -0.264568
0.784091 -0.261243
0.790289 -0.257785
0.813017 -0.254246
0.823347 -0.250679
0.821281 -0.247066
0.811983 -0.243643
0.839876 -0.240172
0.844008 -0.236472
0.817149 -0.232835
0.790289 -0.229225
0.80062 -0.225456
0.808884 -0.221698
0.813017 -0.217982
0.815083 -0.214241
0.81095 -0.21043
0.80062 -0.206816
0.802686 -0.202823
0.796488 -0.198709
0.799587 -0.194594
0.80062 -0.19055
0.788223 -0.186423
0.793388 -0.182257
0.803719 -0.178123
0.768595 -0.174111
0.772727 -0.169944
0.746901 -0.166
0.709711 -0.162222
0.716942 -0.158408
0.710744 -0.15452
0.731405 -0.150627
0.725207 -0.14663
0.737603 -0.142545
0.746901 -0.138513
0.751033 -0.134297
0.759298 -0.12998
0.780992 -0.12584
0.756198 -0.121766
0.77376 -0.117762
0.762397 -0.113845
0.784091 -0.110004
0.777893 -0.106325
0.788223 -0.102516
0.77376 -0.0987764
0.784091 -0.0951267
0.780992 -0.0913705
0.760331 -0.0875864
0.791322 -0.0838633
0.809917 -0.0803526
0.799587 -0.0769662
0.828512 -0.0736883
0.832645 -0.0702527
0.828512 -0.0667829
0.80062 -0.0634606
0.779959 -0.0600554
0.758264 -0.0565097
0.725207 -0.0529062
0.71281 -0.0493249
0.713843 -0.045741
0.721074 -0.0421596
0.717975 -0.0386643
0.733471 -0.0351215
0.73657 -0.0316039
0.740702 -0.0280464
0.734504 -0.0244725
0.715909 -0.0207591
0.690083 -0.0172241
0.706612 -0.0138028
0.710744 -0.0103465
0.72314 -0.0069208
0.73657 -0.00345037
0.765496 0.00017443
0.761364 0.00371576
0.76343 0.0071219
0.755165 0.0104159
0.766529 0.0136012
0.764463 0.0167606
0.745868 0.0200048
0.72314 0.0231981
0.759298 0.0263448
0.735537 0.0295882
0.717975 0.0326149
0.708678 0.0355615
0.721074 0.0385627
0.707645 0.041457
0.729339 0.0444021
0.747934 0.0471723
0.745868 0.0501746
0.755165 0.0529478
0.793388 0.0556833
0.770661 0.0584321
0.819215 0.061327
0.77376 0.064224
0.752066 0.0671744
0.76343 0.0699648
0.753099 0.072626
0.707645 0.0754149
0.721074 0.0781796
0.69938 0.0808768
0.702479 0.0836051
0.717975 0.0862231
0.757231 0.08881
0.766529 0.0915833
0.769628 0.0944071
0.766529 0.0973263
0.760331 0.100001
0.758264 0.102825
0.758264 0.105747
0.778926 0.108527
0.808884 0.111448
0.798554 0.114636
0.828512 0.117479
0.830579 0.120378
0.807851 0.123242
0.84814 0.125893
0.841942 0.128856
0.838843 0.131808
0.846074 0.134837
0.818182 0.137657
0.792355 0.14052
0.767562 0.143264
0.771694 0.146036
0.785124 0.148704
0.786157 0.151367
0.765496 0.154072
0.756198 0.15676
0.739669 0.159421
0.783058 0.161938
0.757231 0.164458
0.767562 0.167099
0.755165 0.169902
0.741736 0.172712
0.72314 0.175542
0.711777 0.178172
0.738636 0.180833
0.759298 0.183484
0.76343 0.186239
0.761364 0.188938
0.769628 0.191783
0.817149 0.1947
0.804752 0.197782
0.799587 0.200815
0.799587 0.203827
0.807851 0.206867
0.796488 0.209856
0.788223 0.212714
0.808884 0.215448
0.815083 0.217999
0.820248 0.220369
0.807851 0.222953
0.808884 0.225442
0.790289 0.227875
0.809917 0.230148
0.795455 0.232412
0.799587 0.234564
0.797521 0.236799
0.795455 0.239066
0.794421 0.24132
0.81405 0.243552
0.80062 0.245877
0.795455 0.248082
0.821281 0.250323
0.801653 0.252673
0.795455 0.254963
0.817149 0.257325
0.819215 0.259797
0.815083 0.262181
0.791322 0.264533
0.782025 0.267004
0.770661 0.269645
0.762397 0.272374
0.744835 0.275006
0.764463 0.277531
0.753099 0.279943
0.709711 0.282111
0.711777 0.284321
0.743802 0.286579
0.738636 0.288845
0.729339 0.291041
0.747934 0.293093
0.753099 0.294904
0.782025 0.2966
0.793388 0.298286
0.774793 0.300036
0.769628 0.301591
0.777893 0.303173
0.808884 0.304937
0.793388 0.306627
0.804752 0.30806
0.82438 0.309427
0.807851 0.311114
0.78719 0.312669
0.799587 0.314385
0.81405 0.316142
0.792355 0.318075
0.779959 0.319821
0.792355 0.321521
0.815083 0.323165
0.792355 0.324648
0.760331 0.325902
0.729339 0.32716
0.747934 0.328098
0.743802 0.329153
0.733471 0.330239
0.717975 0.331447
0.709711 0.332687
0.708678 0.334001
0.714876 0.335065
0.72314 0.336299
0.72314 0.337409
0.700413 0.338564
0.724174 0.339661
0.720041 0.340788
0.72314 0.341894
0.697314 0.342732
0.695248 0.343644
0.708678 0.344727
0.697314 0.345633
0.697314 0.346625
0.657025 0.347452
0.664256 0.34827
0.674587 0.349023
0.694215 0.350014
0.725207 0.350973
0.739669 0.352021
0.692149 0.35293
0.688017 0.353818
0.692149 0.354748
0.711777 0.355748
0.757231 0.356688
0.752066 0.357673
0.732438 0.358711
0.719008 0.35957
0.71281 0.360415
0.709711 0.361304
0.677686 0.362249
0.673554 0.363248
0.68595 0.364071
0.664256 0.365125
0.65186 0.36631
0.667355 0.367086
0.666322 0.367931
0.694215 0.368964
0.684917 0.370054
0.679752 0.371065
0.691116 0.371966
0.69938 0.372793
0.657025 0.373397
0.672521 0.374071
0.680785 0.374948
0.664256 0.375749
0.623967 0.376395
0.589876 0.377116
0.581612 0.377797
0.582645 0.378447
0.573347 0.379159
0.566116 0.379699
0.578512 0.380173
0.580579 0.380558
0.575413 0.381108
0.581612 0.38182
0.586777 0.382469
0.607438 0.383176
0.578512 0.383924
0.591942 0.384586
0.578512 0.385245
0.583678 0.385962
0.577479 0.386527
0.575413 0.386911
0.551653 0.387396
0.557851 0.387822
0.552686 0.388087
0.552686 0.388084
0.525826 0.38809
0.518595 0.388168
0.522727 0.388148
0.501033 0.388301
0.524793 0.388624
0.520661 0.389083
0.511364 0.389527
0.538223 0.389816
0.543388 0.390355
0.539256 0.390804
0.55062 0.39115
0.579545 0.391521
0.557851 0.391931
0.521694 0.392072
0.507231 0.392245
0.496901 0.392491
0.480372 0.392678
0.441116 0.392848
0.43905 0.392852
0.421488 0.392833
0.438017 0.392721
0.467975 0.392577
0.450413 0.39261
0.47624 0.392529
0.47624 0.392649
0.451446 0.392611
0.464876 0.392716
0.452479 0.392746
0.454545 0.39274
0.469008 0.392756
0.447314 0.39275
0.438017 0.392594
0.397727 0.39249
0.413223 0.392325
0.41219 0.392249
0.392562 0.392352
0.40186 0.392503
0.411157 0.392374
0.39876 0.392274
0.404959 0.392346
0.382231 0.392379
0.410124 0.392108
0.42562 0.391937
0.438017 0.391623
0.456612 0.391078
0.419421 0.390435
0.456612 0.389699
0.477273 0.388939
0.517562 0.388016
0.478306 0.38716
0.501033 0.386545
0.479339 0.385988
0.482438 0.385382
0.46281 0.384498
0.477273 0.383415
0.465909 0.38244
0.454545 0.38169
0.438017 0.381166
0.424587 0.380558
0.414256 0.380056
0.424587 0.379582
0.409091 0.379458
0.402893 0.379238
0.403926 0.378978
0.369835 0.378716
0.358471 0.378189
0.383264 0.377703
0.390496 0.376894
0.421488 0.376416
0.44938 0.375626
0.436983 0.374893
0.41219 0.374206
0.395661 0.373426
0.381198 0.372795
0.41219 0.372166
0.391529 0.37152
0.399793 0.370742
0.395661 0.369911
0.355372 0.369232
0.355372 0.368534
0.373967 0.36784
0.393595 0.367123
0.375 0.366532
0.382231 0.366001
0.375 0.365348
0.36157 0.364587
0.362603 0.363894
0.354339 0.363287
0.339876 0.362755
0.345041 0.362315
0.366736 0.361982
0.365702 0.361669
0.356405 0.361202
0.342975 0.360638
0.320248 0.360218
0.33781 0.359566
0.334711 0.359336
0.335744 0.359072
0.377066 0.358671
0.368802 0.3583
0.35124 0.357941
0.344008 0.35749
0.299587 0.356921
0.296488 0.35645
0.329545 0.356095
0.31095 0.355521
0.256198 0.354783
0.283058 0.353782
0.270661 0.35266
0.275826 0.351573
0.272727 0.350376
0.25 0.349165
0.254132 0.347801
0.253099 0.346475
0.235537 0.344899
0.245868 0.343522
0.256198 0.34229
0.246901 0.341023
0.269628 0.339468
0.261364 0.33798
0.289256 0.336429
0.304752 0.334996
0.271694 0.333316
0.275826 0.331366
0.25 0.329297
0.258264 0.327313
0.251033 0.325499
0.253099 0.323718
0.240702 0.321867
0.284091 0.319969
0.293388 0.318113
0.28719 0.31616
0.283058 0.314261
0.342975 0.312392
0.332645 0.310617
0.299587 0.308849
0.26343 0.307031
0.279959 0.305002
0.261364 0.302946
0.27376 0.300809
0.233471 0.298821
0.232438 0.296977
0.262397 0.29505
0.255165 0.293185
0.289256 0.291323
0.235537 0.289665
0.261364 0.287723
0.27376 0.286007
0.27686 0.28455
0.238636 0.283229
0.222107 0.281714
0.202479 0.280031
0.18905 0.278407
0.182851 0.277099
0.170455 0.275913
0.198347 0.274643
0.21281 0.273514
0.221074 0.272474
0.207645 0.271354
0.232438 0.270255
0.225207 0.269304
0.213843 0.268329
0.225207 0.267448
0.230372 0.266575
0.233471 0.265693
0.275826 0.264781
0.299587 0.263715
0.313017 0.262742
0.295455 0.261704
0.321281 0.260646
0.327479 0.259778
0.270661 0.258875
0.290289 0.257998
0.320248 0.257434
0.303719 0.257012
0.31405 0.256536
0.31405 0.255872
0.329545 0.255158
0.329545 0.254584
0.338843 0.253926
0.371901 0.253334
0.393595 0.25283
0.383264 0.252595
0.350207 0.252235
0.368802 0.251632
0.393595 0.25122
0.368802 0.250826
0.347107 0.250669
0.377066 0.250363
0.391529 0.249876
0.404959 0.249345
0.409091 0.248731
0.395661 0.248033
0.381198 0.247194
0.394628 0.246527
0.384298 0.245693
0.378099 0.24511
0.400826 0.244599
0.421488 0.244143
0.427686 0.24356
0.444215 0.243474
0.438017 0.243407
0.440083 0.243368
0.434917 0.243604
0.43595 0.243749
0.397727 0.24386
0.386364 0.243938
0.386364 0.243766
0.408058 0.243632
0.418388 0.243588
0.415289 0.243352
0.419421 0.243393
0.463843 0.243311
0.43905 0.243316
0.455579 0.243524
0.461777 0.243901
0.445248 0.244226
0.450413 0.244542
0.43905 0.24471
0.413223 0.244746
0.394628 0.244687
0.373967 0.244658
0.353306 0.244667
0.329545 0.244501
0.299587 0.244408
0.299587 0.24434
0.291322 0.244521
0.237603 0.244658
0.225207 0.244769
0.197314 0.244968
0.204545 0.245117
0.18595 0.244993
0.170455 0.244764
0.18905 0.24443
0.194215 0.244347
0.208678 0.244255
0.196281 0.243962
0.144628 0.243684
0.183884 0.243383
0.179752 0.243269
0.183884 0.243286
0.195248 0.24301
0.233471 0.242809
0.234504 0.242874
0.196281 0.242873
0.139463 0.242913
0.14876 0.242846
0.123967 0.242722
0.100207 0.242644
0.129132 0.242746
0.0991736 0.242935
0.108471 0.243123
0.0857438 0.243247
0.0847107 0.243293
0.0826446 0.243438
0.105372 0.243644
0.157025 0.24384
0.161157 0.244013
0.174587 0.244275
0.164256 0.244516
0.150826 0.24464
0.14876 0.24477
0.155992 0.245147
0.176653 0.245447
0.113636 0.245707
0.123967 0.245879
0.125 0.246326
0.0940083 0.246688
0.0795455 0.24705
0.108471 0.247394
0.145661 0.247678
0.158058 0.248207
0.191116 0.24874
0.202479 0.24923
0.22624 0.24939
0.179752 0.249562
0.184917 0.249703
0.171488 0.249625
0.196281 0.249609
0.203512 0.249912
0.191116 0.250235
0.143595 0.250728
0.137397 0.251099
0.144628 0.251487
0.129132 0.251986
0.0919421 0.252429
0.0960744 0.252727
0.129132 0.253173
0.129132 0.25382
0.141529 0.254368
0.140496 0.254783
0.146694 0.255244
0.142562 0.255801
0.102273 0.256261
0.104339 0.256367
0.088843 0.256517
0.0671488 0.256641
0.0774793 0.256685
0.0857438 0.256793
0.0733471 0.25697
0.0867769 0.257056
0.0847107 0.257258
0.0981405 0.25759
0.0857438 0.257987
0.0919421 0.25821
0.136364 0.258516
0.15186 0.258994
0.166322 0.25936
0.164256 0.259717
0.139463 0.260144
0.159091 0.260594
0.164256 0.261257
0.132231 0.261746
0.127066 0.262205
0.114669 0.262776
0.102273 0.263229
0.10124 0.263544
0.106405 0.263743
0.0754132 0.263886
0.0836777 0.263998
0.103306 0.263982
0.0919421 0.263957
0.0816116 0.264042
0.0671488 0.264202
0.0754132 0.264276
0.0940083 0.264344
0.103306 0.264834
0.115702 0.26532
0.144628 0.265872
0.13843 0.266542
0.104339 0.267229
0.0940083 0.267733
0.0940083 0.267966
0.103306 0.268192
0.0857438 0.268622
0.0588843 0.269039
0.0754132 0.26965
0.072314 0.270178
0.0764463 0.270526
0.107438 0.270826
0.108471 0.271236
0.0909091 0.271481
0.0599174 0.271653
0.0661157 0.27195
0.0671488 0.271957
0.0609504 0.272016
0.0475207 0.27188
0.0516529 0.271767
0.0454545 0.271448
0.0588843 0.271202
0.072314 0.271018
0.0795455 0.270726
0.0495868 0.270498
0.088843 0.27034
0.0950413 0.270315
0.0836777 0.270245
0.102273 0.270178
0.10124 0.270382
0.0971074 0.270485
0.0971074 0.270547
0.110537 0.27052
0.119835 0.27054
0.116736 0.270623
0.113636 0.270567
0.13843 0.270325
0.176653 0.270081
0.158058 0.269942
0.192149 0.269837
0.188017 0.269871
0.163223 0.270378
0.140496 0.270726
0.164256 0.271084
0.161157 0.271388
0.191116 0.271733
0.202479 0.272143
0.232438 0.272738
0.203512 0.273211
0.170455 0.273438
0.171488 0.273507
0.169421 0.273778
0.155992 0.274147
0.167355 0.274503
0.142562 0.274986
0.109504 0.275646
0.10124 0.276152
0.121901 0.276375
0.13843 0.276578
0.112603 0.277087
0.119835 0.277447
0.113636 0.277878
0.0816116 0.278431
0.100207 0.27904
0.121901 0.27963
0.103306 0.280251
0.106405 0.280735
0.119835 0.281252
0.110537 0.281712
0.100207 0.282225
0.131198 0.282672
0.103306 0.283068
0.139463 0.283296
0.127066 0.283727
0.14876 0.284109
0.127066 0.284436
0.139463 0.284767
0.119835 0.285395
0.114669 0.28568
0.110537 0.285903
0.0960744 0.285997
0.110537 0.286018
0.137397 0.286227
0.117769 0.286428
0.157025 0.286484
0.15186 0.286807
0.121901 0.286961
0.108471 0.286899
0.102273 0.286957
0.0981405 0.28701
0.0609504 0.286992
0.0485537 0.286801
0.0278926 0.286582
0.035124 0.286367
0.0206612 0.286311
0.0382231 0.286186
0.035124 0.286282
0.0072314 0.286377
0.0227273 0.286825
0.053719 0.287266
0.0423554 0.287974
0.071281 0.288653
0.0423554 0.289269
0.0154959 0.289687
0.00929752 0.290061
0.0278926 0.29048
0.00206612 0.290957
0.0134298 0.291435
0 0.291916
0.00516529 0.29245
0.00309917 0.293223
0.0475207 0.293875
0.071281 0.294453
0.0785124 0.29501
0.0619835 0.2957
0.103306 0.296276
0.0836777 0.296934
0.0857438 0.297661
0.0991736 0.298345
0.0826446 0.299005
0.0847107 0.299438
0.108471 0.299824
0.103306 0.300335
0.106405 0.301027
0.108471 0.301738
0.128099 0.302551
0.106405 0.303611
0.0847107 0.304684
0.0847107 0.305677
0.0692149 0.306631
0.0630165 0.3073
0.071281 0.307964
0.052686 0.308737
0.0227273 0.309313
0.035124 0.309823
0.018595 0.310514
0.0454545 0.311162
0.0144628 0.311662
0.0630165 0.31227
0.0392562 0.313236
0.0454545 0.314109
0.052686 0.315078
0.0516529 0.315992
0.0289256 0.316894
0.0206612 0.317513
0.0392562 0.318228
0.0165289 0.319004
0.035124 0.319821
0.0433884 0.320579
0.0764463 0.321017
0.0867769 0.321424
0.0506198 0.322215
0.0216942 0.322924
0.0299587 0.323424
0.017562 0.323779
0.0123967 0.324116
0.0165289 0.324372
0.0216942 0.324589
0.0433884 0.324722
0.0382231 0.324841
0.0237603 0.32528
0.00929752 0.325817
0.00929752 0.326314
0.00826446 0.326742
0.0371901 0.327201
0.0495868 0.327901
0.0692149 0.328779
0.0816116 0.329785
0.116736 0.33064
0.109504 0.331474
0.0816116 0.332258
0.0444215 0.333057
0.0299587 0.333627
0.0423554 0.334336
0.00516529 0.335203
0.0072314 0.336066
0.0196281 0.336959
0.0268595 0.337991
0.0402893 0.339078
0.0506198 0.339921
0.0826446 0.340874
0.0692149 0.341884
0.0609504 0.342965
0.0743802 0.344154
0.0960744 0.345347
0.0547521 0.346489
0.0816116 0.347525
0.0805785 0.348309
0.072314 0.349003
0.0692149 0.349884
0.0702479 0.350449
0.105372 0.351173
0.122934 0.352049
0.13843 0.35284
0.143595 0.353627
0.169421 0.354456
0.155992 0.355079
0.126033 0.355442
0.133264 0.355667
0.120868 0.355931
0.125 0.355976
0.103306 0.356244
0.0981405 0.356506
0.0733471 0.356814
0.088843 0.3571
0.053719 0.357566
0.0578512 0.358127
0.0599174 0.358583
0.0485537 0.359023
0.0609504 0.359366
0.0785124 0.360029
0.10124 0.360468
0.0847107 0.360782
0.109504 0.360888
0.113636 0.360806
0.117769 0.360675
0.100207 0.360465
0.150826 0.360303
0.172521 0.360217
0.201446 0.360008
0.233471 0.359841
0.209711 0.359422
0.216942 0.359069
0.194215 0.358984
0.18595 0.35913
0.132231 0.359116
0.164256 0.359113
0.15186 0.359229
0.152893 0.359171
0.168388 0.359068
0.154959 0.358946
0.147727 0.358774
0.140496 0.358456
0.108471 0.358084
0.107438 0.357881
0.0981405 0.357864
0.0960744 0.358015
0.105372 0.358248
0.10124 0.358524
0.139463 0.358687
0.143595 0.358899
0.154959 0.359178
0.207645 0.35933
0.211777 0.359474
0.183884 0.359812
0.195248 0.360056
0.225207 0.360412
0.209711 0.360629
0.196281 0.360942
0.198347 0.361384
0.228306 0.361691
0.205579 0.362084
0.207645 0.362557
0.240702 0.362905
0.267562 0.363195
0.288223 0.36348
0.305785 0.363758
0.321281 0.364068
0.295455 0.364567
0.271694 0.364894
0.238636 0.365183
0.238636 0.365444
0.274793 0.36604
0.245868 0.366757
0.285124 0.367229
0.315083 0.367498
0.318182 0.367709
0.333678 0.368001
0.319215 0.368237
0.341942 0.368676
0.326446 0.369177
0.346074 0.369682
0.36157 0.370242
0.349174 0.370529
0.356405 0.370906
0.379132 0.371433
0.352273 0.371962
0.345041 0.37212
0.363636 0.372321
0.369835 0.372791
0.381198 0.373253
0.410124 0.373574
0.479339 0.374041
0.501033 0.374646
0.48657 0.375347
0.497934 0.376042
0.498967 0.376844
0.525826 0.377657
0.512397 0.378311
0.52376 0.379158
0.518595 0.380287
0.538223 0.381391
0.541322 0.382523
0.573347 0.383557
0.578512 0.384399
0.561983 0.385117
0.538223 0.385594
0.527893 0.386078
0.507231 0.38633
0.535124 0.386683
0.554752 0.387216
0.522727 0.387822
0.541322 0.388391
0.558884 0.389132
0.556818 0.390298
0.545455 0.391477
0.514463 0.39243
0.527893 0.393053
0.557851 0.39365
0.549587 0.394497
0.557851 0.395436
0.53719 0.396234
0.519628 0.396927
0.504132 0.397593
0.482438 0.398269
0.481405 0.399059
0.487603 0.399806
0.48657 0.400518
0.472107 0.401067
0.474174 0.401602
0.457645 0.402181
0.470041 0.402703
0.42562 0.403631
0.396694 0.404436
0.405992 0.405039
0.419421 0.405844
0.414256 0.406669
0.426653 0.407791
0.423554 0.409113
0.420455 0.410341
0.427686 0.41165
0.402893 0.413001
0.39876 0.414154
0.40186 0.415167
0.402893 0.415934
0.380165 0.416688
0.407025 0.4172
0.407025 0.417858
0.431818 0.418426
0.429752 0.419051
0.457645 0.41946
0.445248 0.419721
0.458678 0.41986
0.448347 0.420327
0.423554 0.42121
0.427686 0.422229
0.454545 0.423369
0.479339 0.424355
0.483471 0.425605
0.467975 0.426861
0.47624 0.427954
0.469008 0.428987
0.482438 0.429732
0.475207 0.430601
0.472107 0.431556
0.446281 0.432616
0.445248 0.43376
0.440083 0.434901
0.424587 0.436078
0.43905 0.437414
0.464876 0.438689
0.482438 0.439945
0.467975 0.44119
0.487603 0.442387
0.501033 0.443313
0.475207 0.444085
0.503099 0.444865
0.467975 0.445775
0.482438 0.44675
0.501033 0.447919
0.471074 0.449105
0.471074 0.450402
0.474174 0.451642
0.447314 0.452789
0.456612 0.453835
0.445248 0.454871
0.433884 0.455822
0.387397 0.456795
0.381198 0.457731
0.417355 0.458703
0.427686 0.459774
0.445248 0.460763
0.457645 0.461678
0.491736 0.462897
0.528926 0.464088
0.535124 0.465425
0.52376 0.466654
0.517562 0.467933
0.519628 0.469535
0.527893 0.471015
0.535124 0.472222
0.534091 0.473332
0.52376 0.474476
0.529959 0.475946
0.536157 0.477303
0.558884 0.478387
0.557851 0.479463
0.588843 0.480456
0.584711 0.481447
0.584711 0.482359
0.583678 0.483216
0.565083 0.484212
0.552686 0.485278
0.541322 0.486425
0.572314 0.487496
0.581612 0.488342
0.556818 0.489209
0.556818 0.490183
0.538223 0.491246
0.522727 0.492497
0.504132 0.493815
0.5 0.495249
0.496901 0.496893
0.484504 0.498594
0.5 0.500304
0.509298 0.502206
0.506198 0.503897
0.503099 0.505617
0.490702 0.507407
0.504132 0.509346
0.467975 0.511197
0.456612 0.512913
0.47314 0.51472
0.466942 0.516623
0.464876 0.518527
0.456612 0.520215
0.507231 0.521477
0.507231 0.522908
0.495868 0.524076
0.510331 0.52505
0.467975 0.526162
0.471074 0.527283
0.488636 0.528207
0.501033 0.529096
0.519628 0.530057
0.452479 0.530881
0.484504 0.531412
0.461777 0.531976
0.485537 0.532325
0.489669 0.532675
0.478306 0.53305
0.463843 0.533318
0.455579 0.533565
0.459711 0.533807
0.482438 0.534111
0.492769 0.534566
0.512397 0.535196
0.52376 0.535776
0.521694 0.53645
0.55062 0.537157
0.542355 0.537908
0.557851 0.538535
0.548554 0.539254
0.56095 0.53966
0.528926 0.540027
0.548554 0.540528
0.565083 0.541273
0.56095 0.541975
0.516529 0.542532
0.527893 0.542818
0.521694 0.54284
0.551653 0.542956
0.554752 0.542931
0.55062 0.542972
0.57438 0.543142
0.576446 0.543178
0.570248 0.543188
0.57438 0.543407
0.575413 0.544055
0.578512 0.544493
0.603306 0.544974
0.592975 0.545385
0.599174 0.545759
0.583678 0.546159
0.584711 0.54678
0.571281 0.547259
0.565083 0.547891
0.56405 0.548242
0.543388 0.548799
0.55062 0.54929
0.51343 0.549605
0.511364 0.549842
0.534091 0.549774
0.536157 0.549755
0.514463 0.549791
0.515496 0.549827
0.546488 0.550118
0.556818 0.550249
0.578512 0.550224
0.581612 0.550267
0.584711 0.550449
0.573347 0.5506
0.548554 0.550756
0.552686 0.550981
0.535124 0.551211
0.52686 0.551383
0.518595 0.551424
0.511364 0.551757
0.557851 0.55201
0.532025 0.552469
0.518595 0.55293
0.53719 0.552918
0.519628 0.552936
0.544421 0.553037
0.540289 0.553266
0.496901 0.552999
0.478306 0.552782
0.5 0.552565
0.479339 0.552649
0.489669 0.552509
0.490702 0.552306
0.51343 0.551872
0.510331 0.551524
0.494835 0.550782
0.491736 0.550086
0.461777 0.549364
0.436983 0.548584
0.446281 0.547585
0.43905 0.546658
0.453512 0.545708
0.472107 0.545074
0.47624 0.544542
0.463843 0.543944
0.47314 0.54306
0.471074 0.542174
0.464876 0.541321
0.470041 0.540523
0.447314 0.539805
0.451446 0.539234
0.457645 0.53861
0.482438 0.538045
0.464876 0.537602
0.48657 0.537461
0.489669 0.537032
0.474174 0.536343
0.47624 0.535618
0.485537 0.534759
0.484504 0.533962
0.510331 0.533274
0.497934 0.53256
0.507231 0.531852
0.528926 0.531335
0.501033 0.531031
0.48657 0.530628
0.47624 0.530174
0.470041 0.529849
0.432851 0.529781
0.47314 0.529566
0.47314 0.529326
0.471074 0.529231
0.442149 0.528884
0.477273 0.528427
0.484504 0.528104
0.48657 0.528074
0.475207 0.528099
0.453512 0.528154
0.424587 0.528237
0.42562 0.528087
0.445248 0.527942
0.417355 0.527695
0.392562 0.527094
0.428719 0.526249
0.423554 0.525367
0.433884 0.524351
0.42562 0.523369
0.429752 0.522572
0.454545 0.522036
0.464876 0.521608
0.428719 0.521355
0.448347 0.521009
0.430785 0.520817
0.440083 0.520551
0.433884 0.519926
0.415289 0.519291
0.429752 0.518879
0.418388 0.518573
0.440083 0.518267
0.41219 0.518161
0.386364 0.517977
0.366736 0.517949
0.392562 0.517673
0.373967 0.517435
0.379132 0.517053
0.364669 0.516721
0.370868 0.516477
0.38843 0.516678
0.391529 0.516756
0.415289 0.516966
0.421488 0.516994
0.400826 0.516843
0.403926 0.516714
0.423554 0.516744
0.41219 0.516705
0.405992 0.516917
0.40186 0.517325
0.426653 0.517746
0.416322 0.518297
0.409091 0.518743
0.42562 0.519286
0.402893 0.51955
0.387397 0.520061
0.38843 0.520798
0.379132 0.521448
0.369835 0.522011
0.352273 0.522609
0.368802 0.523144
0.366736 0.523684
0.383264 0.524342
0.410124 0.524976
0.407025 0.525615
0.382231 0.525995
0.389463 0.526344
0.390496 0.526622
0.380165 0.527028
0.384298 0.527237
0.359504 0.527583
0.328512 0.52781
0.333678 0.527847
0.285124 0.528005
0.222107 0.528396
0.247934 0.528575
0.27376 0.528702
0.301653 0.52878
0.27376 0.529101
0.286157 0.529367
0.277893 0.529735
0.280992 0.530367
0.265496 0.530858
0.234504 0.531485
0.261364 0.531885
0.291322 0.532446
0.298554 0.533038
0.308884 0.533711
0.311983 0.53465
0.316116 0.535576
0.261364 0.536241
0.22624 0.536616
0.195248 0.536814
0.176653 0.536897
0.179752 0.537125
0.159091 0.537588
0.133264 0.537986
0.115702 0.538293
0.103306 0.538571
0.114669 0.538623
0.0960744 0.538696
0.103306 0.538528
0.0640496 0.538773
0.0568182 0.538708
0.0134298 0.53855
0.018595 0.538364
0.0134298 0.538116
0.0423554 0.538183
0.0320248 0.538102
0.0247934 0.538111
0.0227273 0.538336
0.0206612 0.538557
0.0123967 0.538336
0.0382231 0.538092
0.0454545 0.537889
0.053719 0.537757
0.036157 0.53776
0.0681818 0.537586
0.0340909 0.537438
0.0268595 0.536993
0.0330579 0.536546
0.00826446 0.536319
0.0103306 0.536074
0.017562 0.535898
0 0.53575
0.0103306 0.53531
0.0392562 0.534732
0.0227273 0.534305
0.0113636 0.533931
0 0.533453
0.00103306 0.532728
0.0134298 0.532001
0.0072314 0.531315
0.018595 0.530725
0.0588843 0.53007
0.0475207 0.529352
0.0196281 0.528986
0.018595 0.528387
0.0413223 0.527851
0.0733471 0.527529
0.0475207 0.527515
0.0371901 0.527495
0.0929752 0.527296
0.0919421 0.52755
0.0619835 0.527563
0.0144628 0.527401
0.0123967 0.527377
0.0123967 0.52757
0.0402893 0.527726
0.00103306 0.52804
0.018595 0.528428
0.0268595 0.528871
0.00516529 0.529133
0.00206612 0.529506
0.0134298 0.529599
0.0371901 0.529599
0.072314 0.529442
0.0475207 0.529386
0.0154959 0.529307
0 0.52918
0.00826446 0.528904
0.0206612 0.528594
0 0.528753
0.036157 0.528991
0.036157 0.529137
0.0402893 0.529514
0.0661157 0.529765
0.0785124 0.529572
0.11157 0.529313
0.117769 0.52915
0.129132 0.528886
0.132231 0.528229
0.135331 0.527728
0.143595 0.527169
0.117769 0.526713
0.136364 0.526463
0.0857438 0.526513
0.0764463 0.526398
0.0991736 0.526309
0.120868 0.526141
0.132231 0.525974
0.100207 0.525964
0.130165 0.525743
0.116736 0.525372
0.0661157 0.524897
0.0960744 0.524298
0.109504 0.524177
0.0816116 0.524166
0.129132 0.523791
0.123967 0.523404
0.118802 0.523108
0.0764463 0.522856
0.0785124 0.522363
0.0516529 0.521952
0.0609504 0.52163
0.0578512 0.521397
0.0506198 0.521281
0.0578512 0.521109
0.0568182 0.521113
0.0764463 0.521211
0.0692149 0.521359
0.0464876 0.521395
0.0433884 0.521193
0.0588843 0.52108
0 0.521169
0.0382231 0.521014
0.0464876 0.521111
0.0340909 0.521113
0.0671488 0.521074
0.0289256 0.521073
0.0134298 0.521072
0.00206612 0.520684
0.0154959 0.520311
0.036157 0.519768
0.0206612 0.519306
0 0.519023
0.0268595 0.518615
0.00103306 0.518351
0.0154959 0.518063
0.00826446 0.517968
0.0103306 0.517894
0.00413223 0.517856
0.00929752 0.517582
0.035124 0.517181
0.0785124 0.516805
0.0588843 0.516427
0.0650826 0.515776
0.0444215 0.515191
0.0206612 0.514544
0.0392562 0.513791
0.0454545 0.513061
0.0485537 0.512302
0.0475207 0.511681
0.0578512 0.510915
0.0433884 0.510274
0.0299587 0.509486
0.0103306 0.508729
0.00413223 0.507425
0.00516529 0.506159
0.0330579 0.504756
0.0216942 0.503115
0.0247934 0.501695
0.0206612 0.500311
0.0196281 0.49883
0.0258264 0.497386
0.0330579 0.495984
0.0640496 0.494658
0.0413223 0.493381
0.0702479 0.491948
0.0681818 0.490498
0.053719 0.489149
0.0413223 0.487823
0.0516529 0.486481
0.0816116 0.485132
0.10124 0.483841
0.100207 0.482761
0.128099 0.481521
0.122934 0.480551
0.129132 0.479646
0.146694 0.478944
0.132231 0.478497
0.130165 0.478328
0.145661 0.478059
0.160124 0.477558
0.149793 0.477208
0.137397 0.476746
0.147727 0.47592
0.129132 0.47499
0.102273 0.473889
0.0836777 0.473128
0.0826446 0.47256
0.105372 0.471849
0.130165 0.47141
0.153926 0.470911
0.150826 0.470433
0.150826 0.470084
0.174587 0.469714
0.160124 0.469749
0.166322 0.469554
0.184917 0.469064
0.172521 0.468447
0.173554 0.4678
0.153926 0.466934
0.125 0.466074
0.125 0.4653
0.107438 0.464745
0.0909091 0.464239
0.0847107 0.464019
0.0826446 0.463606
0.0950413 0.462895
0.125 0.462436
0.0971074 0.462247
0.0826446 0.461795
0.0950413 0.461152
0.105372 0.460201
0.118802 0.459314
0.0795455 0.458243
0.0867769 0.457061
0.108471 0.456087
0.112603 0.455232
0.052686 0.454193
0.0816116 0.453129
0.0826446 0.451929
0.0867769 0.450773
0.089876 0.449916
0.118802 0.449183
0.106405 0.448465
0.0671488 0.447507
0.0960744 0.44629
0.0805785 0.445226
0.0971074 0.444001
0.0878099 0.443139
0.0692149 0.442315
0.0433884 0.441697
0.0495868 0.441084
0.0309917 0.440736
0.0258264 0.44051
0.0258264 0.440335
0.0516529 0.440041
0.0299587 0.439673
0.018595 0.438957
0.0278926 0.438332
0.0227273 0.437767
0.0454545 0.437056
0.035124 0.436459
0.0268595 0.436299
0.0423554 0.435781
0.0588843 0.435591
0.0516529 0.435377
0.0433884 0.435027
0.0289256 0.434416
0.0599174 0.433714
0.0516529 0.432873
0.0816116 0.431892
0.0485537 0.43106
0.0743802 0.430067
0.0847107 0.429037
0.123967 0.428311
0.0785124 0.42764
0.0733471 0.427289
0.0795455 0.426896
0.0878099 0.42644
0.053719 0.425923
0.0506198 0.425239
0.0568182 0.424521
0.0227273 0.423634
0.0299587 0.422643
0.0475207 0.421807
0.00206612 0.421027
0.0227273 0.419571
0.0216942 0.418236
0.0630165 0.416911
0.0454545 0.41548
0.0309917 0.414214
0.00413223 0.413194
0.0123967 0.412153
0.0309917 0.410993
0.0340909 0.409896
0.0134298 0.408588
0.00103306 0.407218
0.0103306 0.405868
0.018595 0.404487
0.00309917 0.40318
0.0413223 0.402006
0.0392562 0.401235
0.017562 0.400628
0.018595 0.400078
0.0216942 0.399228
0 0.398714
0.0123967 0.397866
0.0072314 0.397086
0.00413223 0.39638
0.035124 0.39563
0.0506198 0.395006
0.0309917 0.394242
0.036157 0.393181
0.00516529 0.392138
0 0.390897
0.017562 0.389828
0.0485537 0.388924
0.0258264 0.38843
0.018595 0.388171
0.0165289 0.387917
0.0371901 0.387719
0.0609504 0.387392
0.0960744 0.386787
0.0857438 0.386124
0.0836777 0.385528
0.0382231 0.384755
0.0134298 0.384085
0.00619835 0.383192
0.0196281 0.38214
0.036157 0.380824
0.0444215 0.379381
0.0681818 0.378414
0.0619835 0.377283
0.0764463 0.37604
0.0578512 0.374869
0.0816116 0.373661
0.147727 0.372294
0.0960744 0.37111
0.0971074 0.369815
0.105372 0.368823
0.0547521 0.367843
0.0340909 0.367013
0.0216942 0.365962
0.0402893 0.364955
0.053719 0.363809
0.0423554 0.362734
0.0640496 0.361985
0.0743802 0.361275
0.113636 0.360377
0.0785124 0.359609
0.122934 0.358866
0.100207 0.358068
0.0950413 0.357229
0.127066 0.356396
0.117769 0.355565
0.140496 0.354785
0.158058 0.353946
0.15186 0.353312
0.131198 0.35284
0.147727 0.352014
0.132231 0.351459
0.120868 0.351224
0.0919421 0.35085
0.0692149 0.350381
0.0857438 0.349857
0.105372 0.34925
0.0836777 0.348456
0.0681818 0.347642
0.0609504 0.346745
0.114669 0.345735
0.104339 0.344854
0.0950413 0.343894
0.0630165 0.343151
0.0433884 0.342279
0.0165289 0.341475
0.0216942 0.34085
0.0475207 0.340259
0.0630165 0.339488
0.0847107 0.33864
0.0971074 0.337864
0.0805785 0.336995
0.071281 0.336147
0.0816116 0.335397
0.0774793 0.334895
0.0836777 0.334591
0.0671488 0.334266
0.0661157 0.333869
0.0640496 0.333572
0.0475207 0.333195
0.0433884 0.333032
0.00309917 0.332923
0.0227273 0.332852
0.0330579 0.332835
0.0692149 0.332855
0.0371901 0.332927
0.0475207 0.333067
0.0278926 0.333339
0.0144628 0.333599
0.00929752 0.333462
0.035124 0.333232
0.0268595 0.333066
0.0444215 0.333057
0.071281 0.333109
0.0247934 0.333122
0.00619835 0.333051
0.00309917 0.332828
0.0103306 0.332551
0.0227273 0.332092
0.0413223 0.331575
0.0309917 0.3311
0.0371901 0.330536
0.0475207 0.329912
0.052686 0.329216
0.0981405 0.328358
0.071281 0.327668
0.110537 0.327238
0.130165 0.327014
0.152893 0.32693
0.182851 0.326718
0.170455 0.326688
0.180785 0.326634
0.169421 0.326515
0.22624 0.326402
0.268595 0.326188
0.284091 0.325883
0.308884 0.325676
0.32438 0.325593
0.31095 0.325495
0.268595 0.325617
0.291322 0.325751
0.282025 0.326047
0.268595 0.326257
0.278926 0.326074
0.293388 0.325517
0.321281 0.325186
0.330579 0.324887
0.336777 0.324757
0.307851 0.324735
0.268595 0.32463
0.278926 0.324378
0.268595 0.324232
0.291322 0.323975
0.304752 0.32359
0.289256 0.323461
0.248967 0.323134
0.264463 0.322905
0.299587 0.322554
0.309917 0.322209
0.286157 0.321799
0.311983 0.321025
0.290289 0.319972
0.31095 0.318641
0.308884 0.31747
0.293388 0.316387
0.278926 0.315082
0.288223 0.313828
0.252066 0.312372
0.275826 0.310858
0.279959 0.309451
0.26343 0.308325
0.262397 0.307625
0.242769 0.306601
0.25 0.305417
0.239669 0.304231
0.227273 0.303096
0.258264 0.301972
0.252066 0.301097
0.278926 0.300156
0.237603 0.29896
0.265496 0.297796
0.261364 0.296613
0.233471 0.295333
0.234504 0.293639
0.246901 0.292127
0.239669 0.290506
0.27376 0.289087
0.278926 0.28794
0.28719 0.286832
0.27376 0.285798
0.265496 0.284716
0.252066 0.28332
0.25 0.282216
0.247934 0.281228
0.245868 0.280117
0.246901 0.27908
0.293388 0.278128
0.290289 0.277385
0.307851 0.276869
0.340909 0.276308
0.325413 0.275802
0.340909 0.275498
0.347107 0.275294
0.367769 0.275195
0.369835 0.275196
0.366736 0.275366
0.373967 0.275392
0.386364 0.27531
0.365702 0.274809
0.341942 0.273877
0.358471 0.273186
0.376033 0.272727
0.322314 0.272431
0.275826 0.272144
0.27686 0.272039
0.262397 0.272148
0.289256 0.27209
0.308884 0.271917
0.283058 0.271989
0.245868 0.272034
0.23657 0.271729
0.202479 0.271279
0.253099 0.270308
0.260331 0.269465
0.284091 0.268575
0.303719 0.267675
0.30062 0.266802
0.330579 0.26553
0.316116 0.264275
0.338843 0.262919
0.327479 0.2616
0.336777 0.260529
0.33781 0.2596
0.33781 0.258477
0.303719 0.257258
0.28719 0.255897
0.290289 0.254729
0.291322 0.2538
0.308884 0.252506
0.285124 0.251565
0.297521 0.251064
0.320248 0.250619
0.323347 0.250161
0.347107 0.249567
0.317149 0.248957
0.328512 0.248099
0.326446 0.247404
0.333678 0.246996
0.329545 0.246476
0.330579 0.245964
0.364669 0.245843
0.358471 0.245355
0.38843 0.244855
0.417355 0.244685
0.444215 0.244414
0.434917 0.244474
0.413223 0.244565
0.418388 0.244484
0.423554 0.244352
0.377066 0.244369
0.350207 0.244543
0.354339 0.24488
0.346074 0.244891
0.339876 0.244817
0.38843 0.244926
0.409091 0.245171
0.389463 0.24567
0.399793 0.246077
0.373967 0.246003
0.372934 0.245882
0.408058 0.246023
0.413223 0.245865
0.392562 0.245662
0.424587 0.245554
0.443182 0.245432
0.442149 0.245026
0.444215 0.244792
0.482438 0.244231
0.533058 0.243473
0.512397 0.24306
0.52686 0.242621
0.543388 0.241889
0.547521 0.241183
0.519628 0.240499
0.514463 0.239755
0.507231 0.238711
0.440083 0.237539
0.458678 0.236241
0.474174 0.235101
0.433884 0.234148
0.417355 0.233138
0.445248 0.231886
0.436983 0.230703
0.407025 0.229725
0.409091 0.228843
0.405992 0.228209
0.394628 0.227607
0.382231 0.226808
0.40186 0.22616
0.414256 0.225975
0.442149 0.225755
0.433884 0.225415
0.379132 0.225338
0.392562 0.225235
0.405992 0.225001
0.446281 0.224688
0.440083 0.224336
0.396694 0.223914
0.389463 0.223285
0.379132 0.222396
0.384298 0.221381
0.402893 0.220396
0.418388 0.21946
0.403926 0.218628
0.396694 0.218033
0.394628 0.217647
0.415289 0.216782
0.390496 0.216008
0.40186 0.215115
0.403926 0.21418
0.46281 0.212934
0.484504 0.211663
0.491736 0.210321
0.494835 0.208955
0.467975 0.207914
0.494835 0.206823
0.489669 0.205668
0.497934 0.204557
0.522727 0.203507
0.52376 0.202701
0.527893 0.201597
0.543388 0.200502
0.52686 0.199077
0.508264 0.197476
0.503099 0.195882
0.490702 0.194482
0.469008 0.192906
0.450413 0.191558
0.432851 0.190286
0.408058 0.188979
0.380165 0.18804
0.332645 0.187294
0.352273 0.186458
0.346074 0.18566
0.381198 0.184691
0.381198 0.183536
0.373967 0.18227
0.402893 0.180915
0.397727 0.179495
0.396694 0.178266
0.438017 0.177346
0.422521 0.176356
0.41219 0.175141
0.400826 0.173918
0.402893 0.172964
0.410124 0.171705
0.431818 0.170391
0.430785 0.169421
0.438017 0.168643
0.422521 0.168081
0.441116 0.167482
0.453512 0.166611
0.474174 0.165647
0.467975 0.164753
0.47314 0.164293
0.482438 0.163779
0.46281 0.162894
0.461777 0.162242
0.453512 0.161455
0.44938 0.160583
0.441116 0.159755
0.42562 0.158831
0.418388 0.15771
0.420455 0.156978
0.411157 0.156054
0.414256 0.155125
0.44938 0.154413
0.43905 0.153811
0.423554 0.153051
0.440083 0.152562
0.470041 0.152184
0.475207 0.151974
0.467975 0.151561
0.472107 0.150972
0.46281 0.150189
0.436983 0.14923
0.432851 0.147944
0.392562 0.1467
0.396694 0.145143
0.385331 0.143602
0.360537 0.142002
0.36157 0.14049
0.32438 0.139016
0.334711 0.137564
0.353306 0.136417
0.333678 0.135425
0.371901 0.134559
0.377066 0.133632
0.405992 0.132929
0.42562 0.132504
0.391529 0.132002
0.381198 0.131335
0.377066 0.130604
0.386364 0.130101
0.382231 0.12962
0.418388 0.129313
0.402893 0.12885
0.402893 0.128443
0.440083 0.128172
0.442149 0.128068
0.450413 0.127886
0.487603 0.127734
0.506198 0.127621
0.52686 0.127364
0.511364 0.126921
0.5 0.126433
0.495868 0.125689
0.487603 0.125078
0.454545 0.124626
0.465909 0.124254
0.494835 0.123392
0.47624 0.122523
0.491736 0.121696
0.502066 0.120819
0.47624 0.119853
0.464876 0.118948
0.470041 0.118176
0.466942 0.117051
0.479339 0.115849
0.480372 0.114807
0.460744 0.113867
0.442149 0.112934
0.434917 0.112143
0.432851 0.111492
0.442149 0.110844
0.421488 0.110091
0.403926 0.109348
0.415289 0.108601
0.410124 0.108018
0.405992 0.107591
0.416322 0.107002
0.431818 0.106381
0.408058 0.105823
0.402893 0.105572
0.407025 0.105219
0.426653 0.104449
0.395661 0.103788
0.380165 0.10338
0.363636 0.102962
0.365702 0.102174
0.341942 0.101308
0.333678 0.100532
0.331612 0.0997482
0.368802 0.0989188
0.421488 0.098065
0.403926 0.0973313
0.415289 0.0964426
0.451446 0.0954046
0.455579 0.0950806
0.432851 0.0951192
0.413223 0.0952449
0.38843 0.0954142
0.363636 0.095489
0.396694 0.0951404
0.413223 0.0947029
0.387397 0.0946967
0.376033 0.0947876
0.393595 0.0947159
0.381198 0.0946361
0.392562 0.0940612
0.414256 0.0932193
0.413223 0.0925431
0.396694 0.0919584
0.39876 0.0910697
0.407025 0.09018
0.403926 0.0890052
0.386364 0.0880052
0.405992 0.0872962
0.415289 0.086862
0.431818 0.0862451
0.453512 0.0856516
0.471074 0.0849678
0.463843 0.0843975
0.465909 0.0834984
0.456612 0.0825718
0.426653 0.0818548
0.422521 0.0807568
0.441116 0.0798382
0.453512 0.0787774
0.456612 0.0777179
0.440083 0.0765233
0.413223 0.0754381
0.431818 0.0743503
0.443182 0.0730541
0.432851 0.0717612
0.391529 0.0705494
0.394628 0.0690959
0.370868 0.0678494
0.367769 0.0666817
0.382231 0.0657047
0.355372 0.0648614
0.328512 0.0642211
0.32438 0.0635413
0.306818 0.0631998
0.342975 0.0630202
0.349174 0.0627989
0.323347 0.0628619
0.295455 0.0623769
0.321281 0.0616601
0.366736 0.0607859
0.331612 0.059694
0.33781 0.0584294
0.33781 0.0574066
0.329545 0.0569659
0.344008 0.0562944
0.389463 0.0555407
0.386364 0.0549077
0.413223 0.053924
0.414256 0.0531962
0.432851 0.0523991
0.408058 0.0519311
0.417355 0.0514684
0.452479 0.0509633
0.430785 0.0501576
0.438017 0.0495243
0.431818 0.0489857
0.418388 0.048182
0.429752 0.0472904
0.429752 0.0465005
0.404959 0.0456059
0.367769 0.0445894
0.366736 0.0435565
0.390496 0.0422939
0.402893 0.0408874
0.408058 0.03969
0.389463 0.0385133
0.420455 0.0371772
0.426653 0.0359722
0.426653 0.0347694
0.433884 0.033464
0.446281 0.0321552
0.432851 0.0308118
0.452479 0.0299017
0.448347 0.029136
0.46281 0.0283604
0.481405 0.0275339
0.467975 0.0268336
0.452479 0.0264195
0.459711 0.0258838
0.497934 0.0250439
0.5 0.0240702
0.487603 0.0228493
0.502066 0.0214453
0.482438 0.0199929
0.525826 0.0187686
0.517562 0.0175428
0.52376 0.0164388
0.566116 0.0156367
0.57438 0.0148583
0.591942 0.0142164
0.585744 0.0134287
0.609504 0.0132012
0.586777 0.0130094
0.586777 0.0127106
0.563017 0.0120768
0.567149 0.0110906
0.565083 0.0101872
0.546488 0.00958947
0.551653 0.00915741
0.571281 0.00869883
0.55062 0.00837584
0.573347 0.00783033
0.57438 0.00752338
0.548554 0.00674287
0.563017 0.00573123
0.56405 0.00487998
0.551653 0.0041945
0.561983 0.00377569
0.582645 0.0034225
0.567149 0.00278692
0.55062 0.00190154
0.578512 0.00128636
0.599174 0.000891043
0.583678 0.00107068
0.627066 0.00134428
0.636364 0.00141847
0.59814 0.00154093
0.56405 0.00166941
0.578512 0.00161261
0.590909 0.00166573
0.572314 0.00135174
0.57438 0.0009981
0.599174 0.00010224
0.583678 -0.000926126
0.565083 -0.00174853
0.573347 -0.00234249
0.608471 -0.00279035
0.607438 -0.00337183
0.599174 -0.00391227
0.600207 -0.00458275
0.569215 -0.00508563
0.599174 -0.00529498
0.61157 -0.00562134
0.608471 -0.00580963
0.616736 -0.00616785
0.608471 -0.00630301
0.639463 -0.00604405
0.647727 -0.0059767
0.661157 -0.00563375
0.66219 -0.00555311
0.631198 -0.00565714
0.615702 -0.00617108
0.621901 -0.00653652
0.658058 -0.00665775
0.654959 -0.00689026
0.674587 -0.00703581
0.682851 -0.00721578
0.674587 -0.00782341
0.716942 -0.00840909
0.67562 -0.00943113
0.668388 -0.0102845
0.688017 -0.0108794
0.682851 -0.0112436
0.705579 -0.0115873
0.692149 -0.0115646
0.682851 -0.0116667
0.686983 -0.0118475
0.714876 -0.0118963
0.68905 -0.0119972
0.682851 -0.0117705
0.655992 -0.0117331
0.635331 -0.0117377
0.641529 -0.0119485
0.635331 -0.0122692
0.670455 -0.0124737
0.686983 -0.0127724
0.69938 -0.0126914
0.688017 -0.0128036
0.692149 -0.0133023
0.708678 -0.0137121
0.692149 -0.0140291
0.686983 -0.0144198
0.694215 -0.0145877
0.684917 -0.0145398
0.695248 -0.0145836
0.727273 -0.0149294
0.705579 -0.0151633
0.692149 -0.0155033
0.661157 -0.0152768
0.617769 -0.0154159
0.60124 -0.0155578
0.588843 -0.0158033
0.586777 -0.016293
0.579545 -0.0165581
0.551653 -0.0165951
0.525826 -0.0166232
0.536157 -0.0167256
0.552686 -0.0168224
0.589876 -0.0172979
0.610537 -0.0180627
0.59814 -0.0185904
0.599174 -0.0192282
0.632231 -0.0201206
0.618802 -0.0212266
0.633264 -0.0220757
0.605372 -0.0224819
0.646694 -0.022736
0.619835 -0.0230101
0.643595 -0.0236407
0.602273 -0.0242016
0.597107 -0.0248324
0.61157 -0.0250887
0.617769 -0.0257652
0.568182 -0.0265322
0.546488 -0.027234
0.571281 -0.027876
0.549587 -0.0283732
0.540289 -0.0288619
0.55062 -0.0290505
0.525826 -0.0292768
0.540289 -0.0293286
0.56405 -0.0291249
0.569215 -0.0287696
0.549587 -0.0285245
0.549587 -0.0282575
0.573347 -0.0282419
0.608471 -0.0281862
0.59814 -0.0277241
0.594008 -0.0273761
0.590909 -0.0270814
0.629132 -0.026934
0.623967 -0.0271298
0.636364 -0.0270023
0.642562 -0.026992
0.623967 -0.0267518
0.606405 -0.026365
0.618802 -0.0261567
0.614669 -0.0261472
0.614669 -0.026201
0.599174 -0.0261261
0.640496 -0.0259997
0.667355 -0.0255926
0.658058 -0.0251118
0.629132 -0.0247046
0.614669 -0.0244585
0.609504 -0.0239659
0.594008 -0.0232601
0.60124 -0.0225036
0.603306 -0.0216758
0.610537 -0.0207995
0.625 -0.0198129
0.63843 -0.0186637
0.653926 -0.0178077
0.674587 -0.0168631
0.674587 -0.0164608
0.68595 -0.0162699
0.698347 -0.0161426
0.695248 -0.0158927
0.678719 -0.015333
0.682851 -0.0149927
0.696281 -0.014664
0.677686 -0.0140647
0.714876 -0.0136894
0.717975 -0.0132503
0.72314 -0.0127946
0.72314 -0.0121889
0.722107 -0.0116074
0.709711 -0.0111096
0.693182 -0.011007
0.705579 -0.011148
0.72624 -0.011549
0.701446 -0.0117295
0.668388 -0.0118297
0.682851 -0.0115248
0.696281 -0.0110919
0.695248 -0.0103764
0.666322 -0.00990088
0.683884 -0.00951754
0.693182 -0.00939539
0.694215 -0.00902506
0.666322 -0.00830338
0.67562 -0.00747795
0.658058 -0.00699895
0.671488 -0.00643811
0.649793 -0.00592382
0.657025 -0.00511037
0.671488 -0.004228
0.694215 -0.00332534
0.695248 -0.00232367
0.676653 -0.00143282
0.665289 -0.000381627
0.671488 0.000751248
0.679752 0.00188209
0.672521 0.00291144
0.677686 0.00392186
0.709711 0.00441848
0.72314 0.00460298
0.72314 0.00495055
0.697314 0.00505755
0.694215 0.00533755
0.704545 0.00576327
0.706612 0.00628766
0.711777 0.00724009
0.731405 0.00823155
0.717975 0.00887847
0.721074 0.00942292
0.724174 0.0097725
0.724174 0.010188
0.701446 0.010444
0.690083 0.0109398
0.724174 0.0116272
0.705579 0.0119909
0.697314 0.0125549
0.686983 0.0130085
0.697314 0.013671
0.693182 0.0140752
0.719008 0.0148376
0.701446 0.0155986
0.706612 0.0162963
0.710744 0.0174664
0.715909 0.0190276
0.771694 0.0202937
0.759298 0.0212918
0.770661 0.0222249
0.77376 0.0231908
0.759298 0.0235851
0.768595 0.0236297
0.744835 0.023638
0.719008 0.0239714
0.745868 0.0243073
0.743802 0.0245921
0.755165 0.024228
0.725207 0.0237369
0.720041 0.0233079
0.704545 0.0231539
0.710744 0.0231916
0.713843 0.0231703
0.737603 0.0226905
0.735537 0.0219841
0.771694 0.0214837
0.789256 0.0211706
0.777893 0.0208939
0.780992 0.0209765
0.784091 0.0208348
0.769628 0.0208002
0.76343 0.020571
0.77376 0.0205046
0.797521 0.0202449
0.760331 0.0202747
0.753099 0.0204565
0.772727 0.0209713
0.792355 0.0213584
0.772727 0.0217024
0.77376 0.0221444
0.744835 0.0225028
0.769628 0.0225995
0.76343 0.0223626
0.785124 0.0217297
0.757231 0.0214158
0.766529 0.0210553
0.764463 0.020955
0.775826 0.0209
0.758264 0.0210017
0.766529 0.0211672
0.762397 0.0209438
0.798554 0.0208101
0.790289 0.0205218
0.739669 0.0200685
0.762397 0.0200221
0.78719 0.019957
0.759298 0.0197594
0.762397 0.0194126
0.748967 0.0190306
0.752066 0.0186708
0.77686 0.0182761
0.733471 0.0183191
0.721074 0.0182804
0.727273 0.0177987
0.759298 0.0173126
0.766529 0.0166847
0.76343 0.0159527
0.744835 0.0152173
0.728306 0.014898
0.731405 0.0145761
0.722107 0.0141185
0.731405 0.0138359
0.75 0.013582
0.727273 0.0136444
0.717975 0.0136647
0.711777 0.0140666
0.757231 0.0144258
0.745868 0.0144721
0.760331 0.0143652
0.766529 0.0140961
0.762397 0.0136009
0.77376 0.0128341
0.785124 0.0117577
0.796488 0.0106933
0.786157 0.00950212
0.785124 0.00850182
0.745868 0.00762348
0.759298 0.00701695
0.778926 0.0060115
0.817149 0.00497047
0.839876 0.00434942
0.856405 0.00366954
0.797521 0.00329196
0.808884 0.00322388
0.811983 0.00291856
0.815083 0.00278534
0.803719 0.00246352
0.786157 0.00201348
0.806818 0.00157027
0.80062 0.00119664
0.801653 0.000593861
0.803719 -0.000381983
0.808884 -0.00129332
0.778926 -0.00223723
0.793388 -0.00312426
0.785124 -0.00427618
0.780992 -0.00573308
0.759298 -0.00703069
0.762397 -0.00817223
0.753099 -0.0093195
0.752066 -0.0103031
0.785124 -0.0112714
0.790289 -0.0126017
0.823347 -0.0137439
0.826446 -0.0143466
0.817149 -0.0149252
0.798554 -0.0153
0.797521 -0.0154878
0.771694 -0.0155702
0.75 -0.0159074
0.746901 -0.0160366
0.738636 -0.0159615
0.751033 -0.0159447
0.764463 -0.0158051
0.786157 -0.0154902
0.813017 -0.0154362
0.825413 -0.0159055
0.829545 -0.0167888
0.82438 -0.0180351
0.817149 -0.0191945
0.819215 -0.0202075
0.819215 -0.0210674
0.816116 -0.0214983
0.805785 -0.0217122
0.77376 -0.0214112
0.753099 -0.0209963
0.743802 -0.0208215
0.761364 -0.0206345
0.769628 -0.0206465
0.77376 -0.0204545
0.742769 -0.0204351
0.697314 -0.0202114
0.654959 -0.0197401
0.660124 -0.0189221
0.701446 -0.0179888
0.715909 -0.0172429
0.733471 -0.0166485
0.746901 -0.0161758
0.754132 -0.0162349
0.768595 -0.0160898
0.745868 -0.015991
0.792355 -0.0162618
0.823347 -0.0170492
0.806818 -0.0180384
0.809917 -0.0190888
0.817149 -0.0199173
0.809917 -0.0203951
0.792355 -0.021148
0.785124 -0.0215274
0.780992 -0.0220446
0.765496 -0.022593
0.756198 -0.0226781
0.752066 -0.0228173
0.729339 -0.0229779
0.741736 -0.0229777
0.707645 -0.0227981
0.713843 -0.0227154
0.722107 -0.0227411
0.701446 -0.0225245
0.702479 -0.0219857
0.735537 -0.0212983
0.71281 -0.0204922
0.733471 -0.019661
0.730372 -0.0189388
0.72624 -0.0178175
0.713843 -0.016581
0.735537 -0.015599
0.730372 -0.0147339
0.727273 -0.0142698
0.730372 -0.0136044
0.73657 -0.0134081
0.722107 -0.0132295
0.714876 -0.0129383
0.731405 -0.0124669
0.692149 -0.0116664
0.720041 -0.0104209
0.721074 -0.00946221
0.703512 -0.0079319
0.703512 -0.00630888
0.680785 -0.00454535
0.708678 -0.0029938
0.722107 -0.00144162
0.75 0.000189123
0.743802 0.0016501
0.730372 0.00264679
0.707645 0.00355223
0.709711 0.00380971
0.735537 0.00390725
0.731405 0.00464076
0.765496 0.00513074
0.784091 0.00571151
0.770661 0.00627993
0.760331 0.00702504
0.748967 0.00787036
0.752066 0.00873916
0.747934 0.00986591
0.745868 0.00982734
0.724174 0.0101009
0.698347 0.00992231
0.669421 0.00920805
0.631198 0.00893125
0.618802 0.00835466
0.630165 0.00792809
0.661157 0.00751414
0.68595 0.00681046
0.704545 0.00639179
0.694215 0.00590968
0.683884 0.00575593
0.688017 0.00508623
0.725207 0.0047067
0.748967 0.00375012
0.709711 0.00260428
0.721074 0.00136147
0.727273 0.000286419
0.71281 -0.00104915
0.725207 -0.00236479
0.715909 -0.00389264
0.724174 -0.0050131
0.753099 -0.00584166
0.744835 -0.00673095
0.728306 -0.00695321
0.713843 -0.00696934
0.704545 -0.00726565
0.693182 -0.00687467
0.682851 -0.00640874
0.655992 -0.00636251
0.673554 -0.00628656
0.684917 -0.00609166
0.688017 -0.00615437
0.665289 -0.00644821
0.641529 -0.00653358
0.615702 -0.00656041
0.631198 -0.00679344
0.626033 -0.00677505
0.645661 -0.00645922
0.663223 -0.00631111
0.691116 -0.00563315
0.694215 -0.00459069
0.720041 -0.00435466
0.72624 -0.00413548
0.724174 -0.00397633
0.743802 -0.00397109
0.748967 -0.00415746
0.735537 -0.00392205
0.742769 -0.00357753
0.755165 -0.00374197
0.739669 -0.00363238
0.770661 -0.00397781
0.77376 -0.00400709
0.789256 -0.00431428
0.774793 -0.00471303
0.746901 -0.00513234
0.760331 -0.00603072
0.746901 -0.00708974
0.744835 -0.00839406
0.760331 -0.0100671
0.777893 -0.0114875
0.754132 -0.0130627
0.754132 -0.014523
0.741736 -0.0160443
0.713843 -0.0174259
0.739669 -0.0185801
0.753099 -0.0196682
0.754132 -0.020283
0.760331 -0.0210789
0.751033 -0.0219598
0.770661 -0.022867
0.782025 -0.0240734
0.808884 -0.0249723
0.826446 -0.0260557
0.81405 -0.0272589
0.793388 -0.0278194
0.789256 -0.0278228
0.762397 -0.0276638
0.77686 -0.0274511
0.759298 -0.0268476
0.727273 -0.0260979
0.725207 -0.0259974
0.751033 -0.0259477
0.77686 -0.0254526
0.772727 -0.0250433
0.795455 -0.0246729
0.772727 -0.0241783
0.742769 -0.0235763
0.735537 -0.0232094
0.753099 -0.0229185
0.75 -0.0223681
0.752066 -0.0214369
0.740702 -0.0199497
0.743802 -0.0183002
0.765496 -0.0164724
0.757231 -0.0144907
0.774793 -0.0129201
0.77686 -0.0119829
0.780992 -0.0111653
0.782025 -0.0109965
0.766529 -0.0110789
0.745868 -0.0106538
0.775826 -0.0102235
0.789256 -0.00965433
0.793388 -0.00902271
0.793388 -0.00842089
0.784091 -0.00758291
0.791322 -0.00711258
0.791322 -0.00692489
0.804752 -0.00625764
0.805785 -0.00530496
0.789256 -0.00394636
0.779959 -0.00284979
0.746901 -0.00184596
0.725207 -0.0010287
0.705579 -0.000106497
0.705579 0.00122801
0.668388 0.00243317
0.686983 0.00392029
0.67562 0.00528165
0.657025 0.00676943
0.711777 0.00799742
0.694215 0.00884659
0.737603 0.00963654
0.755165 0.0101885
0.735537 0.0107998
0.703512 0.0116664
0.698347 0.0124069
0.727273 0.0130966
0.694215 0.0132856
0.696281 0.0132024
0.72314 0.01326
0.731405 0.013238
0.740702 0.0134621
0.738636 0.0141299
0.738636 0.0151509
0.73657 0.0162106
0.758264 0.0174301
0.80062 0.0180413
0.792355 0.0184973
0.777893 0.0182919
0.780992 0.0179948
0.779959 0.0177186
0.782025 0.0173137
0.753099 0.017519
0.75 0.0177592
0.739669 0.0184
0.75 0.0188653
0.77686 0.0187367
0.753099 0.0193011
0.783058 0.0202832
0.774793 0.0211042
0.788223 0.0212937
0.791322 0.0211373
0.815083 0.0209999
0.803719 0.0205689
0.813017 0.0205086
0.808884 0.0207381
0.768595 0.020713
0.771694 0.0210447
0.770661 0.0218892
0.772727 0.0227257
0.771694 0.02394
0.767562 0.0249335
0.768595 0.0260858
0.753099 0.0273089
0.777893 0.0281114
0.770661 0.029138
0.78719 0.0299385
0.766529 0.0302104
0.746901 0.0301463
0.752066 0.0301439
0.756198 0.03042
0.780992 0.030395
0.748967 0.0307411
0.716942 0.0312999
0.693182 0.0318392
0.707645 0.0318819
0.71281 0.031528
0.733471 0.0311447
0.72314 0.0305641
0.735537 0.0296125
0.738636 0.029016
0.724174 0.0276585
0.72624 0.0263772
0.715909 0.0253243
0.703512 0.0246241
0.711777 0.0243784
0.67562 0.0237607
0.683884 0.0233085
0.713843 0.0230305
0.720041 0.0225023
0.743802 0.0223322
0.751033 0.0219267
0.788223 0.021212
0.794421 0.0202224
0.801653 0.0194896
0.789256 0.0183231
0.772727 0.0173188
0.747934 0.0166566
0.728306 0.016032
0.745868 0.0151366
0.762397 0.0145752
0.768595 0.0142563
0.77686 0.0141629
0.784091 0.0139938
0.782025 0.0141917
0.745868 0.0141918
0.759298 0.0143625
0.752066 0.0145331
0.751033 0.0141482
0.733471 0.013627
0.764463 0.0131465
0.747934 0.0126797
0.756198 0.0125257
0.751033 0.01284
0.724174 0.0127728
0.73657 0.0118377
0.747934 0.0105031
0.738636 0.00963122
0.76343 0.00874089
0.755165 0.00801119
0.761364 0.00765952
0.728306 0.00743609
0.715909 0.00694804
0.735537 0.00636991
0.747934 0.00626447
0.760331 0.00569337
0.761364 0.00551468
0.731405 0.00594072
0.739669 0.00629254
0.731405 0.0073549
0.731405 0.00821518
0.758264 0.0090386
0.777893 0.0099069
0.765496 0.00971527
0.767562 0.00860008
0.740702 0.00768869
0.734504 0.00698183
0.72314 0.0053865
0.751033 0.00459069
0.780992 0.00411065
0.740702 0.00326551
0.748967 0.00244198
0.771694 0.00175527
0.774793 0.00111104
0.769628 0.000248094
0.765496 -0.000844238
0.783058 -0.00161785
0.799587 -0.00274002
0.809917 -0.00373306
0.80062 -0.00528617
0.788223 -0.00717804
0.783058 -0.00891365
0.786157 -0.0107673
0.801653 -0.0129482
0.78719 -0.0147835
0.785124 -0.0164688
0.788223 -0.0183356
0.775826 -0.0195203
0.81095 -0.0205522
0.822314 -0.0215983
0.813017 -0.0219605
0.798554 -0.0220564
0.80062 -0.0227258
0.808884 -0.0231268
0.794421 -0.0237211
0.811983 -0.024299
0.811983 -0.0244644
0.792355 -0.0242329
0.797521 -0.0236673
0.77686 -0.0225549
0.761364 -0.0218195
0.757231 -0.0215097
0.761364 -0.0202342
0.777893 -0.01955
0.801653 -0.0184784
0.786157 -0.0171491
0.801653 -0.0161887
0.809917 -0.0155775
0.822314 -0.0151513
0.808884 -0.0150659
0.77686 -0.0146031
0.782025 -0.0147537
0.766529 -0.014346
0.765496 -0.0138691
0.77686 -0.013721
0.792355 -0.0142076
0.80062 -0.0152538
0.809917 -0.0155022
0.826446 -0.0156575
0.806818 -0.0161307
0.807851 -0.0166583
0.80062 -0.0165369
0.770661 -0.0171783
0.756198 -0.0178661
0.764463 -0.0182055
0.738636 -0.018714
0.725207 -0.019606
0.739669 -0.0201059
0.752066 -0.020525
0.764463 -0.0201586
0.806818 -0.018936
0.80062 -0.0182268
0.81095 -0.0181828
0.777893 -0.0184075
0.818182 -0.0191085
0.796488 -0.0186934
0.793388 -0.0184955
0.826446 -0.0180221
0.813017 -0.0169614
0.797521 -0.0160268
0.785124 -0.0153897
0.75 -0.0149378
0.774793 -0.0153994
0.745868 -0.0152372
0.741736 -0.0150806
0.762397 -0.0151036
0.755165 -0.0136334
0.762397 -0.012302
0.769628 -0.0113312
0.775826 -0.0104574
0.786157 -0.00930863
0.760331 -0.00769834
0.796488 -0.00589809
0.768595 -0.00341791
0.757231 -0.00108867
0.757231 0.00109697
0.77376 0.00252992
0.768595 0.00340192
0.785124 0.00341092
0.762397 0.00316329
0.746901 0.0028374
0.737603 0.00307118
0.737603 0.00287306
0.733471 0.00302055
0.765496 0.00246809
0.786157 0.00238312
0.794421 0.003253
0.796488 0.00367062
0.775826 0.00509309
0.747934 0.00722
0.744835 0.00768619
0.740702 0.00894292
0.719008 0.01054
0.722107 0.0109703
0.724174 0.0114151
0.716942 0.0120634
0.724174 0.0117252
0.71281 0.0118222
0.705579 0.0122766
0.679752 0.0126845
0.68905 0.0126656
0.693182 0.0125957
0.713843 0.0121311
0.728306 0.0122342
0.706612 0.0121425
0.692149 0.0118213
0.694215 0.0115102
0.686983 0.0106166
0.658058 0.0094154
0.660124 0.00732788
0.667355 0.00525521
0.647727 0.00366891
0.650826 0.00231566
0.643595 0.00188182
0.632231 0.00148933
0.625 0.0022625
0.632231 0.00315191
0.657025 0.00382403
0.671488 0.00556982
0.676653 0.0084061
0.658058 0.0112377
0.678719 0.0138127
0.680785 0.016303
0.666322 0.0165591
0.683884 0.0160964
0.705579 0.0150414
0.678719 0.0134915
0.724174 0.0113057
0.729339 0.00965448
0.730372 0.00806889
0.732438 0.00614487
0.746901 0.00332136
0.779959 0.000565582
0.778926 -0.00136036
0.761364 -0.00324842
0.756198 -0.00441972
0.739669 -0.00348082
0.739669 -0.00193298
0.729339 -0.00141435
0.742769 0.00017079
0.733471 0.00134545
0.711777 0.00226028
0.711777 0.00297411
0.730372 0.00356204
0.738636 0.00547827
0.720041 0.00712165
0.705579 0.00882928
0.738636 0.0101089
0.75 0.0103382
0.760331 0.00906392
0.735537 0.00788832
0.753099 0.00448941
0.722107 0.00227725
0.71281 0.000620598
0.72314 -0.00145269
0.720041 -0.00179061
0.709711 -0.00213902
0.730372 -0.00352806
0.701446 -0.00401664
0.729339 -0.00471621
0.738636 -0.00445131
0.745868 -0.00222517
0.738636 0.000767154
0.748967 0.00327985
0.743802 0.0068351
0.769628 0.00820041
0.771694 0.0084886
0.795455 0.00925591
0.759298 0.00878759
0.748967 0.00753838
0.740702 0.00687279
0.741736 0.00431589
0.770661 0.00207817
0.780992 0.000326627
0.821281 -0.00308423
0.82438 -0.00552735
0.829545 -0.00737617
0.820248 -0.00952003
0.807851 -0.0100016
0.811983 -0.00980416
0.828512 -0.00956628
0.799587 -0.00596674
0.805785 -0.00500738
0.793388 -0.00342192
0.775826 0.0003733
0.77686 0.00215218
0.746901 0.00323917
0.742769 0.00623938
0.737603 0.00846903
0.725207 0.00797618
0.722107 0.00879714
0.766529 0.00561585
0.766529 0.0042463
0.764463 0.00378552
0.77376 0.00137716
0.768595 0.00117659
0.794421 -0.000342428
0.780992 -4.50772e-05
0.790289 0.000948994
0.813017 -0.000368583
0.809917 -0.000978391
0.805785 -0.000661848
0.819215 -0.00142214
0.805785 -0.00159719
0.77686 0.00241768
0.819215 -0.00417727
0.784091 0
