0.37375 1
0.37125 0.99457
0.36625 0.989141
0.3825 0.983891
0.39375 0.978909
0.4125 0.974285
0.37875 0.969829
0.36875 0.96557
0.38125 0.961532
0.3725 0.957445
0.35875 0.953218
0.375 0.948598
0.385 0.943953
0.3425 0.939444
0.3375 0.935264
0.375 0.931285
0.38 0.927486
0.38 0.923717
0.335 0.92022
0.3625 0.916827
0.37 0.913422
0.37375 0.909894
0.38 0.906523
0.3925 0.902981
0.4375 0.899203
0.41375 0.895357
0.4025 0.891661
0.38875 0.888022
0.39875 0.884222
0.39625 0.880383
0.4075 0.876523
0.41375 0.873055
0.425 0.869609
0.42375 0.866164
0.42125 0.862934
0.39625 0.85942
0.37875 0.855678
0.37375 0.851845
0.40125 0.847901
0.41625 0.843987
0.37875 0.840291
0.375 0.836764
0.395 0.833532
0.3475 0.830414
0.37 0.827193
0.32875 0.823927
0.36625 0.820715
0.36125 0.817483
0.35375 0.814376
0.325 0.811392
0.3025 0.808611
0.33875 0.805842
0.335 0.803187
0.32 0.800601
0.28 0.797994
0.2825 0.795088
0.30625 0.792065
0.335 0.789216
0.34125 0.786631
0.335 0.784121
0.3175 0.781541
0.3625 0.778849
0.34 0.776237
0.35125 0.77356
0.3075 0.77064
0.35 0.767916
0.35125 0.765119
0.35875 0.76223
0.3375 0.759792
0.325 0.757463
0.32875 0.755433
0.33125 0.753111
0.31375 0.750926
0.305 0.748353
0.3125 0.745437
0.32875 0.742561
0.31 0.739738
0.30125 0.737074
0.32 0.7342
0.29 0.731208
0.2675 0.728408
0.2975 0.725464
0.3125 0.722304
0.30375 0.719009
0.2875 0.715905
0.275 0.712967
0.28625 0.709981
0.285 0.707013
0.27125 0.703978
0.30625 0.700912
0.3475 0.697579
0.35375 0.694322
0.355 0.690804
0.3375 0.687503
0.3425 0.684104
0.325 0.680445
0.31 0.676636
0.3075 0.6728
0.32875 0.669025
0.33625 0.665541
0.32875 0.662274
0.32875 0.658825
0.3275 0.655271
0.32875 0.651729
0.3375 0.64813
0.34 0.644533
0.3175 0.640785
0.32625 0.637064
0.32625 0.633673
0.30875 0.630142
0.3025 0.626722
0.2975 0.623496
0.28 0.620014
0.315 0.616799
0.28875 0.613674
0.29125 0.610296
0.32375 0.606826
0.33875 0.603141
0.32375 0.599209
0.37 0.595514
0.36125 0.591804
0.3 0.588185
0.31875 0.584786
0.31875 0.581083
0.31875 0.577319
0.28875 0.573789
0.32 0.569996
0.31875 0.566232
0.3225 0.562285
0.365 0.558314
0.40625 0.554642
0.41 0.551081
0.40375 0.54753
0.39 0.54402
0.42125 0.540567
0.45375 0.537204
0.42375 0.533758
0.41625 0.530384
0.40375 0.52691
0.35625 0.523609
0.36125 0.520243
0.30125 0.516854
0.31 0.513597
0.33 0.51027
0.32125 0.506921
0.28 0.503524
0.285 0.499956
0.255 0.496634
0.24375 0.493097
0.30875 0.489594
0.33 0.485775
0.3075 0.48185
0.29375 0.478014
0.31625 0.474619
0.2775 0.47147
0.2225 0.468381
0.20625 0.465399
0.2 0.462383
0.22625 0.459453
0.2175 0.456573
0.19125 0.453403
0.15625 0.450084
0.1425 0.446497
0.145 0.442856
0.145 0.439415
0.09625 0.43607
0.09125 0.432605
0.07 0.429323
0.07 0.426038
0.07125 0.422852
0.075 0.419439
0.0575 0.415919
0.045 0.412221
0.0525 0.40862
0.07625 0.404983
0.03375 0.401372
0.05125 0.397734
0.0675 0.394249
0.06 0.390776
0.06875 0.387186
0.0775 0.383551
0.125 0.380093
0.10375 0.376735
0.09625 0.373377
0.10625 0.370098
0.14125 0.366903
0.15875 0.3635
0.15125 0.360268
0.17375 0.35691
0.14375 0.3537
0.16625 0.350372
0.14875 0.34691
0.19 0.343549
0.1625 0.340421
0.1525 0.337194
0.15 0.33413
0.12 0.330791
0.09875 0.327117
0.1075 0.323458
0.08125 0.319838
0.04375 0.316259
0.01 0.312871
0.025 0.309199
0.025 0.305595
0.00125 0.302058
0.00625 0.298677
0.01 0.295281
0.02 0.291897
0.0625 0.28846
0.03125 0.284949
0.0475 0.281611
0.045 0.278462
0.07375 0.275162
0.08125 0.271711
0.02125 0.268362
0.03 0.265183
0.02625 0.261963
0.025 0.258769
0.0025 0.255497
0.02375 0.252623
0.02125 0.249715
0.02375 0.246806
0.045 0.243881
0.0525 0.241001
0.06875 0.237959
0.0675 0.234984
0.02875 0.232135
0.0325 0.229495
0.0375 0.226837
0.04875 0.224166
0.0375 0.221676
0.0325 0.219104
0.01625 0.216649
0.00375 0.214326
0.005 0.211636
0.02375 0.209405
0.02625 0.206934
0.02625 0.204292
0.005 0.201576
0.02125 0.198914
0.0425 0.1962
0.02875 0.193365
0.01 0.190722
0.02625 0.188157
0.02875 0.185326
0.025 0.182485
0.01625 0.179287
0.0425 0.176571
0.0375 0.173721
0.01125 0.170705
0.0075 0.167755
0.00125 0.16476
0.0125 0.161532
0.00125 0.15846
0.0325 0.155192
0.0025 0.152213
0.01125 0.149127
0.01875 0.146025
0.0325 0.143132
0.05375 0.140149
0.085 0.136913
0.0675 0.133878
0.08125 0.131011
0.08 0.128145
0.095 0.125166
0.05375 0.121874
0.07125 0.118919
0.09125 0.115728
0.09375 0.112342
0.18 0.109039
0.1925 0.105946
0.1875 0.103106
0.195 0.100419
0.18125 0.0976705
0.15125 0.0951767
0.18125 0.092657
0.19375 0.0901705
0.205 0.0878931
0.20125 0.0856708
0.23375 0.0834987
0.2475 0.081345
0.25125 0.0791514
0.25875 0.0770527
0.28 0.0750556
0.265 0.0731478
0.1975 0.0712788
0.17125 0.0693328
0.17375 0.0673831
0.2225 0.0652525
0.24875 0.06335
0.24625 0.0613957
0.23625 0.0592638
0.2475 0.0572391
0.23125 0.0554534
0.22375 0.0534727
0.1975 0.0514147
0.21875 0.0490867
0.24 0.0468648
0.27 0.0448791
0.27 0.0427448
0.23625 0.040757
0.23 0.038911
0.23875 0.0371361
0.24375 0.035505
0.24625 0.0338178
0.23375 0.0323305
0.24625 0.0307971
0.23875 0.0294605
0.2075 0.0283325
0.20875 0.0272487
0.18125 0.0259655
0.17875 0.0247471
0.20375 0.0236913
0.1925 0.0226811
0.19 0.0215612
0.17625 0.0200408
0.18625 0.0185708
0.1825 0.0171436
0.14625 0.0154652
0.12375 0.0137125
0.1075 0.0119253
0.07375 0.010065
0.06625 0.00803566
0.04125 0.00596931
0.04875 0.0038317
0.06 0.00169168
0.07 -0.000290449
0.04875 -0.00220035
0.07125 -0.00417937
0.07375 -0.0062099
0.05875 -0.0084811
0.0475 -0.0107782
0.035 -0.0131785
0.05125 -0.0159251
0.07875 -0.0186409
0.0575 -0.021151
0.05875 -0.0230567
0.05125 -0.0249331
0.10375 -0.0267403
0.085 -0.0288579
0.08125 -0.031123
0.0725 -0.033385
0.09 -0.0355109
0.105 -0.0377397
0.08375 -0.0399313
0.05625 -0.0425115
0.0425 -0.0449778
0.0225 -0.0471541
0.0175 -0.0493026
0.00625 -0.0511747
0.00375 -0.0530863
0.0025 -0.0551811
0.01375 -0.0569712
0.00125 -0.0588899
0.00625 -0.0607848
0.03 -0.0627441
0.0425 -0.0646786
0.075 -0.0666538
0.1025 -0.0687504
0.0725 -0.0707758
0.095 -0.0731864
0.10875 -0.0753661
0.1175 -0.0773745
0.095 -0.0793504
0.095 -0.0813135
0.08375 -0.0833658
0.07625 -0.0853173
0.0825 -0.0872676
0.07625 -0.0892812
0.08875 -0.0910457
0.1575 -0.0926417
0.19875 -0.0941451
0.16 -0.0957102
0.1575 -0.0972642
0.135 -0.0987149
0.155 -0.100385
0.1725 -0.101992
0.2175 -0.103635
0.20125 -0.105238
0.18375 -0.106969
0.16125 -0.108587
0.13125 -0.110373
0.15875 -0.111912
0.1725 -0.113655
0.1625 -0.115372
0.15875 -0.117355
0.14875 -0.119277
0.11125 -0.121374
0.09625 -0.123474
0.105 -0.12544
0.12125 -0.127237
0.0825 -0.128958
0.09125 -0.130538
0.10125 -0.132355
0.1075 -0.134157
0.13375 -0.136044
0.11 -0.137812
0.12 -0.139278
0.13875 -0.140547
0.1 -0.14185
0.125 -0.142882
0.10625 -0.143812
0.1125 -0.144666
0.0875 -0.145707
0.095 -0.1465
0.095 -0.147311
0.12125 -0.148142
0.14375 -0.14922
0.16 -0.150269
0.17625 -0.151578
0.14125 -0.153316
0.16125 -0.154807
0.185 -0.155864
0.1825 -0.156927
0.175 -0.157962
0.1675 -0.158981
0.15375 -0.159717
0.11875 -0.160416
0.1025 -0.16111
0.1125 -0.16204
0.11125 -0.162805
0.13375 -0.163673
0.1175 -0.164365
0.14125 -0.164905
0.1925 -0.16542
0.1575 -0.165776
0.12125 -0.166303
0.15 -0.166823
0.145 -0.167522
0.165 -0.168133
0.175 -0.169001
0.21875 -0.169961
0.25 -0.170773
0.245 -0.171394
0.26375 -0.172185
0.225 -0.173093
0.24 -0.174062
0.25375 -0.175121
0.2775 -0.176478
0.26 -0.177725
0.26 -0.178823
0.24 -0.180325
0.22875 -0.181761
0.2775 -0.183041
0.26625 -0.184132
0.25125 -0.185312
0.20875 -0.186418
0.25375 -0.187512
0.27625 -0.188646
0.26 -0.189489
0.22375 -0.190519
0.24 -0.191496
0.24 -0.192234
0.24625 -0.193173
0.23625 -0.193951
0.2575 -0.19457
0.2575 -0.195247
0.26625 -0.195682
0.305 -0.19603
0.285 -0.196375
0.30375 -0.196729
0.28125 -0.197158
0.26875 -0.19763
0.27125 -0.19801
0.2575 -0.198645
0.265 -0.199635
0.29125 -0.200684
0.30875 -0.20156
0.28375 -0.202703
0.25 -0.203787
0.2525 -0.204583
0.26875 -0.205298
0.27375 -0.205786
0.23625 -0.206309
0.21875 -0.20705
0.2425 -0.207967
0.26625 -0.208595
0.26 -0.209221
0.27125 -0.209927
0.27375 -0.210634
0.2725 -0.211379
0.265 -0.212091
0.2625 -0.213059
0.275 -0.213844
0.27375 -0.214606
0.265 -0.215124
0.265 -0.21548
0.25375 -0.215841
0.24625 -0.216509
0.27125 -0.217196
0.245 -0.217823
0.25625 -0.218423
0.22875 -0.219018
0.17375 -0.219568
0.16625 -0.219931
0.14 -0.220176
0.1075 -0.220483
0.1125 -0.220749
0.08125 -0.220981
0.105 -0.221211
0.11125 -0.221842
0.14 -0.22249
0.1475 -0.223155
0.17875 -0.224128
0.18 -0.22514
0.2125 -0.225905
0.215 -0.226459
0.1975 -0.22703
0.15875 -0.227723
0.12125 -0.228337
0.085 -0.229167
0.1225 -0.229948
0.14125 -0.230689
0.14625 -0.231362
0.1525 -0.231942
0.1275 -0.232548
0.13125 -0.232947
0.1325 -0.233077
0.1675 -0.233424
0.12875 -0.233509
0.135 -0.233638
0.105 -0.233975
0.1675 -0.234356
0.16875 -0.234551
0.1725 -0.234589
0.14625 -0.234837
0.15375 -0.234959
0.155 -0.235056
0.19125 -0.235129
0.2225 -0.235228
0.185 -0.235588
0.21625 -0.236059
0.22 -0.236501
0.2175 -0.236527
0.185 -0.236394
0.225 -0.236348
0.25 -0.236503
0.245 -0.236567
0.2175 -0.236341
0.2525 -0.236217
0.25625 -0.236254
0.2375 -0.236694
0.27125 -0.23702
0.2625 -0.237411
0.2375 -0.237711
0.21375 -0.237729
0.19125 -0.237883
0.19875 -0.238091
0.20125 -0.237997
0.2275 -0.23789
0.2475 -0.238094
0.25 -0.238428
0.2675 -0.238718
0.27875 -0.238934
0.2975 -0.239071
0.3325 -0.239038
0.3325 -0.238964
0.34125 -0.238729
0.34125 -0.238553
0.3825 -0.238191
0.3825 -0.23759
0.37125 -0.236921
0.34875 -0.236204
0.32875 -0.235515
0.375 -0.234881
0.36625 -0.234269
0.4025 -0.233753
0.41125 -0.233007
0.41625 -0.232571
0.41125 -0.232117
0.40125 -0.231315
0.37 -0.230431
0.41375 -0.229594
0.4 -0.228916
0.42 -0.228317
0.38625 -0.228054
0.3525 -0.227752
0.37 -0.227267
0.35625 -0.226612
0.35 -0.225848
0.365 -0.225011
0.37125 -0.224387
0.3875 -0.223925
0.44125 -0.223434
0.42 -0.223044
0.44125 -0.222614
0.47 -0.222204
0.4825 -0.221735
0.475 -0.22107
0.45125 -0.220239
0.44625 -0.219214
0.48125 -0.218135
0.555 -0.216724
0.56375 -0.215357
0.59125 -0.213898
0.57125 -0.21275
0.58 -0.211798
0.57 -0.211041
0.58625 -0.210201
0.59 -0.209079
0.59625 -0.207855
0.575 -0.206898
0.59875 -0.205862
0.6225 -0.204889
0.5925 -0.20394
0.61875 -0.202838
0.61125 -0.201788
0.61875 -0.200775
0.59375 -0.199562
0.555 -0.198673
0.52875 -0.197663
0.535 -0.196609
0.5125 -0.195639
0.535 -0.194385
0.5475 -0.192746
0.56875 -0.191041
0.57625 -0.189531
0.59125 -0.18815
0.56 -0.186985
0.585 -0.185865
0.60625 -0.184714
0.595 -0.183896
0.6225 -0.183467
0.6425 -0.183031
0.64875 -0.182546
0.67375 -0.181929
0.6575 -0.181584
0.675 -0.180995
0.7075 -0.180566
0.6725 -0.179902
0.68125 -0.178999
0.68875 -0.177963
0.685 -0.177006
0.68 -0.176083
0.59625 -0.174823
0.59625 -0.173716
0.6 -0.173065
0.6 -0.172454
0.5875 -0.171906
0.61125 -0.171233
0.64 -0.170507
0.605 -0.169795
0.60375 -0.16875
0.59625 -0.167801
0.63 -0.166983
0.61375 -0.166209
0.61375 -0.165743
0.605 -0.16545
0.56875 -0.164974
0.55875 -0.16449
0.56 -0.163802
0.55125 -0.163175
0.555 -0.162438
0.52 -0.161534
0.51875 -0.160495
0.49625 -0.159276
0.45125 -0.157756
0.45375 -0.156311
0.41375 -0.154918
0.44375 -0.153736
0.44625 -0.152288
0.47125 -0.150864
0.48 -0.149526
0.45875 -0.148093
0.44625 -0.146667
0.4475 -0.144887
0.46 -0.143095
0.44125 -0.141135
0.43375 -0.139017
0.4425 -0.136881
0.46625 -0.134849
0.48125 -0.132925
0.52125 -0.131182
0.51875 -0.129521
0.51625 -0.127726
0.51875 -0.125742
0.5075 -0.123484
0.49125 -0.12149
0.50375 -0.119289
0.50125 -0.117201
0.50375 -0.115018
0.50875 -0.113298
0.50625 -0.111887
0.51875 -0.110556
0.54375 -0.10885
0.5575 -0.107229
0.55625 -0.10556
0.60625 -0.10386
0.60125 -0.102286
0.5725 -0.10093
0.56625 -0.0995843
0.57125 -0.0979615
0.585 -0.096028
0.5975 -0.0938607
0.605 -0.0915628
0.59125 -0.0890717
0.60875 -0.0868816
0.6075 -0.0845923
0.62 -0.0826216
0.615 -0.0807319
0.64375 -0.0786544
0.59875 -0.0767127
0.58125 -0.0747013
0.54625 -0.07265
0.575 -0.0705482
0.5675 -0.06857
0.5675 -0.0667425
0.53625 -0.0648316
0.5325 -0.0630429
0.59125 -0.0614039
0.60125 -0.0598756
0.56125 -0.0581665
0.5275 -0.0566732
0.53625 -0.0550462
0.54125 -0.0536757
0.5675 -0.0524196
0.58875 -0.0511347
0.5375 -0.0498885
0.57875 -0.0486345
0.62875 -0.0473941
0.6275 -0.0462004
0.64125 -0.0449377
0.64875 -0.0436726
0.62375 -0.0422417
0.64375 -0.0407993
0.6475 -0.0393473
0.635 -0.0379907
0.64 -0.0364978
0.62875 -0.0348813
0.6325 -0.033129
0.61875 -0.0311835
0.57 -0.0293305
0.56875 -0.027631
0.55875 -0.0258925
0.58 -0.0242669
0.5375 -0.0225868
0.54125 -0.0212422
0.53 -0.0201449
0.5125 -0.018889
0.515 -0.0172639
0.51 -0.015701
0.53375 -0.0142002
0.55 -0.0125408
0.50875 -0.0110325
0.505 -0.00936879
0.48125 -0.00786579
0.4625 -0.00632386
0.48125 -0.00481294
0.51125 -0.00332505
0.4825 -0.00144913
0.48625 0.000266399
0.48625 0.00189815
0.435 0.00353083
0.4175 0.00500627
0.38875 0.00641458
0.43375 0.00780262
0.45375 0.00944787
0.42375 0.0112879
0.42625 0.0133033
0.4475 0.0153793
0.3925 0.0172742
0.405 0.0189676
0.4225 0.020383
0.41625 0.0217006
0.46125 0.0229361
0.5075 0.0244982
0.4925 0.0259444
0.49875 0.0272566
0.50625 0.0286713
0.505 0.0303618
0.47375 0.0318168
0.4525 0.0333554
0.4425 0.0346727
0.4525 0.0358767
0.47625 0.0372497
0.4925 0.0387871
0.50375 0.040381
0.52625 0.0420866
0.525 0.0439586
0.51 0.0457635
0.53 0.047144
0.53375 0.0484211
0.46875 0.0495912
0.48875 0.0506685
0.4925 0.0518471
0.505 0.0531839
0.505 0.0545536
0.53 0.0558184
0.53375 0.0570618
0.53125 0.0585209
0.55875 0.0596972
0.60375 0.0606592
0.59875 0.0616785
0.5425 0.0627253
0.5275 0.0638545
0.5375 0.0649641
0.5425 0.0659976
0.57125 0.0668675
0.57375 0.0679274
0.57125 0.0691705
0.5825 0.0707572
0.5425 0.0725371
0.57125 0.0740183
0.55375 0.0754967
0.53625 0.0770161
0.48875 0.078322
0.48125 0.07965
0.51875 0.0808098
0.475 0.0817999
0.515 0.0827214
0.53125 0.0837743
0.54375 0.0849511
0.5325 0.0864294
0.50875 0.0878939
0.4825 0.0890218
0.505 0.0898373
0.49375 0.0908683
0.50125 0.0916835
0.495 0.0921073
0.47625 0.0927934
0.4325 0.0933492
0.45 0.0937256
0.45125 0.094153
0.4475 0.0947504
0.41125 0.0951544
0.4 0.0955223
0.36875 0.0957546
0.3625 0.0958848
0.36125 0.0960617
0.38375 0.0964691
0.3975 0.0968128
0.36625 0.0971502
0.35125 0.0973428
0.415 0.0977339
0.375 0.0981306
0.3775 0.0985121
0.39625 0.09863
0.40625 0.0986544
0.405 0.0987832
0.375 0.0990448
0.4075 0.0992746
0.4375 0.0993992
0.4475 0.099459
0.44125 0.0995799
0.45 0.0996697
0.46625 0.0997394
0.43625 0.0997386
0.4575 0.0996817
0.455 0.0996206
0.46375 0.0999803
0.4625 0.100782
0.445 0.101526
0.42625 0.102183
0.3975 0.102812
0.3775 0.103447
0.385 0.104024
0.38375 0.104391
0.35125 0.104761
0.36875 0.105316
0.3475 0.105739
0.34875 0.10633
0.37 0.10672
0.3675 0.107087
0.39 0.107567
0.4175 0.107915
0.4525 0.1083
0.395 0.108796
0.4125 0.108745
0.41125 0.108707
0.41875 0.108596
0.44 0.108666
0.4275 0.108769
0.41375 0.109128
0.41 0.109777
0.395 0.110492
0.38125 0.111229
0.365 0.111918
0.34375 0.112815
0.3925 0.113551
0.4075 0.114412
0.37125 0.114907
0.3775 0.115023
0.38625 0.11499
0.43125 0.114804
0.43875 0.114359
0.42 0.114162
0.38125 0.113842
0.41375 0.113565
0.39625 0.113424
0.36875 0.11324
0.3475 0.11306
0.37125 0.112894
0.4075 0.113077
0.415 0.113396
0.41625 0.11353
0.43 0.113887
0.42875 0.114033
0.4025 0.114141
0.41 0.114355
0.38875 0.114494
0.38875 0.114806
0.39 0.115305
0.41 0.115779
0.4075 0.116348
0.3625 0.116918
0.38 0.117414
0.3875 0.118062
0.3875 0.118594
0.38125 0.119305
0.37625 0.119947
0.37375 0.120511
0.39125 0.120993
0.38125 0.121607
0.405 0.122363
0.38375 0.12316
0.37625 0.123693
0.3675 0.124281
0.40125 0.124624
0.43625 0.124966
0.41625 0.125608
0.41125 0.125898
0.4125 0.126138
0.41125 0.126444
0.42625 0.126759
0.4375 0.127236
0.43125 0.127499
0.3675 0.127494
0.32625 0.12753
0.3025 0.127609
0.3375 0.127403
0.34625 0.127031
0.32875 0.126482
0.3075 0.125789
0.3025 0.125059
0.34625 0.124206
0.315 0.123436
0.3175 0.122727
0.325 0.121832
0.33125 0.121255
0.3325 0.120708
0.3775 0.120086
0.36375 0.119169
0.36875 0.11843
0.345 0.117907
0.3925 0.117396
0.39125 0.116731
0.42375 0.116094
0.46375 0.115622
0.47125 0.11481
0.45875 0.113849
0.495 0.113036
0.495 0.11215
0.51375 0.111077
0.505 0.11004
0.50875 0.108896
0.52 0.107562
0.5075 0.10623
0.50875 0.104768
0.5125 0.103388
0.4825 0.102014
0.46875 0.100796
0.44625 0.0994364
0.445 0.0982436
0.45875 0.097135
0.4925 0.0960008
0.50625 0.0946984
0.51875 0.0934938
0.52375 0.0921247
0.51875 0.0909645
0.48375 0.089876
0.4825 0.0887555
0.46375 0.0875396
0.4575 0.0863171
0.50375 0.0849847
0.515 0.0836976
0.505 0.0822512
0.535 0.0806361
0.53875 0.0789741
0.56625 0.0777433
0.55 0.0767676
0.575 0.0758641
0.56625 0.0749196
0.6 0.0741425
0.6175 0.0730999
0.63625 0.0720929
0.62375 0.0710845
0.62125 0.0699962
0.615 0.069188
0.60875 0.0682173
0.5975 0.0671782
0.61 0.0661731
0.57875 0.0651064
0.61 0.0640287
0.57 0.0630153
0.57875 0.0622723
0.54625 0.0614898
0.5475 0.0610363
0.5175 0.0606756
0.505 0.0602376
0.51 0.0596048
0.515 0.0590446
0.51125 0.0585174
0.4825 0.0578675
0.485 0.0570354
0.5225 0.0562308
0.505 0.0553495
0.51625 0.0546355
0.47125 0.0540672
0.47625 0.0531466
0.50125 0.0519953
0.53625 0.050989
0.55375 0.0499858
0.565 0.0491983
0.5775 0.0485141
0.585 0.0480137
0.54375 0.0472934
0.53125 0.046774
0.525 0.0464533
0.5375 0.046141
0.55375 0.0460963
0.56 0.0457348
0.5275 0.0452461
0.545 0.0449886
0.59125 0.0447002
0.57125 0.044375
0.5975 0.0437895
0.57875 0.0428643
0.58125 0.0418328
0.57 0.0406713
0.595 0.0394013
0.56875 0.0378944
0.545 0.0356902
0.57125 0.0338278
0.56375 0.0322126
0.50125 0.0307665
0.4825 0.02948
0.46375 0.0281581
0.4525 0.026933
0.455 0.0255559
0.4625 0.0244196
0.44625 0.0235403
0.45625 0.0226493
0.46875 0.0215264
0.4675 0.0205513
0.50625 0.0197211
0.51875 0.0188758
0.515 0.0180057
0.4825 0.0171721
0.51375 0.0163319
0.5175 0.0154509
0.5175 0.0144529
0.49625 0.0135613
0.5175 0.0127479
0.525 0.0118061
0.5 0.0105622
0.51375 0.00950075
0.54125 0.00814317
0.5225 0.0065759
0.57 0.00474948
0.53875 0.00277849
0.5375 0.000865211
0.515 -0.000721549
0.52 -0.00230398
0.545 -0.00396881
0.53125 -0.00557613
0.535 -0.00741902
0.53125 -0.00912233
0.52 -0.0108361
0.5525 -0.0126225
0.5125 -0.014216
0.48125 -0.0157428
0.48 -0.0173731
0.50125 -0.0189473
0.48 -0.0205169
0.45 -0.0221233
0.4275 -0.0236814
0.455 -0.0252753
0.4725 -0.0268229
0.51875 -0.0284375
0.59 -0.0300796
0.595 -0.0317466
0.5975 -0.0338254
0.57375 -0.0358621
0.595 -0.0378631
0.58875 -0.0397099
0.60875 -0.0415809
0.59625 -0.0433246
0.59875 -0.0447043
0.575 -0.0462088
0.56625 -0.047699
0.545 -0.0494787
0.53375 -0.0512645
0.5275 -0.052907
0.5375 -0.0545904
0.53875 -0.0561128
0.57125 -0.0576357
0.50125 -0.0589065
0.47875 -0.0598787
0.45875 -0.0608242
0.41 -0.0620992
0.39625 -0.0636003
0.4 -0.0649006
0.3975 -0.0661073
0.41625 -0.0673921
0.4675 -0.0691378
0.48875 -0.070549
0.47875 -0.0717385
0.50125 -0.0728872
0.48 -0.0739288
0.445 -0.0748542
0.4225 -0.0758958
0.4175 -0.0769256
0.41875 -0.0778136
0.41 -0.0789555
0.40875 -0.0802437
0.39125 -0.0813829
0.3925 -0.0826986
0.3875 -0.08397
0.39 -0.0850886
0.34 -0.0860613
0.34375 -0.0872765
0.31125 -0.0883537
0.33125 -0.0895137
0.36 -0.0906243
0.3775 -0.0917261
0.3625 -0.0930109
0.3525 -0.0943545
0.37875 -0.0956206
0.38125 -0.0966245
0.37125 -0.0973228
0.35 -0.0978838
0.34875 -0.0986361
0.37375 -0.0995304
0.3625 -0.100499
0.33875 -0.101343
0.33 -0.102515
0.35125 -0.103684
0.32125 -0.104728
0.33625 -0.105877
0.34375 -0.106778
0.38375 -0.107539
0.37875 -0.108132
0.4375 -0.108936
0.40625 -0.109733
0.38125 -0.110741
0.42875 -0.112028
0.44875 -0.113417
0.4575 -0.114777
0.42875 -0.115839
0.45875 -0.117161
0.485 -0.118514
0.50125 -0.119466
0.485 -0.120377
0.48 -0.121393
0.5075 -0.122005
0.485 -0.122285
0.5225 -0.122573
0.55625 -0.122647
0.53875 -0.122706
0.555 -0.122609
0.545 -0.122681
0.53375 -0.122644
0.53375 -0.122629
0.51375 -0.122421
0.51 -0.122142
0.5225 -0.12183
0.51125 -0.12139
0.51125 -0.120739
0.54125 -0.120461
0.525 -0.120286
0.47875 -0.120189
0.49125 -0.120072
0.505 -0.11986
0.51375 -0.119888
0.4925 -0.119776
0.445 -0.119548
0.395 -0.119395
0.3775 -0.119389
0.3475 -0.11937
0.3475 -0.119565
0.335 -0.119877
0.33625 -0.120272
0.3125 -0.120556
0.33125 -0.120737
0.35 -0.12103
0.3375 -0.121377
0.29625 -0.121695
0.32125 -0.122108
0.2675 -0.12264
0.28375 -0.123185
0.29625 -0.123609
0.27875 -0.12391
0.28125 -0.124005
0.30125 -0.124237
0.30375 -0.124332
0.29625 -0.124863
0.2675 -0.1255
0.2475 -0.126156
0.19375 -0.126996
0.24 -0.127814
0.2475 -0.128712
0.24125 -0.129575
0.26875 -0.130458
0.3175 -0.131463
0.3575 -0.132623
0.35375 -0.133711
0.3675 -0.134471
0.33625 -0.13528
0.3475 -0.136088
0.355 -0.136865
0.3625 -0.137924
0.425 -0.138885
0.42 -0.139977
0.4175 -0.141026
0.44875 -0.141997
0.45375 -0.142858
0.46 -0.143619
0.455 -0.144175
0.4225 -0.14474
0.40875 -0.145329
0.41 -0.146188
0.41625 -0.146957
0.4175 -0.147569
0.3925 -0.148281
0.405 -0.148684
0.385 -0.148906
0.3575 -0.149284
0.36 -0.149961
0.37125 -0.150509
0.3925 -0.150782
0.35875 -0.151147
0.3625 -0.151448
0.33875 -0.151782
0.2925 -0.151829
0.30375 -0.151862
0.315 -0.151677
0.30375 -0.15124
0.35 -0.150635
0.3775 -0.150332
0.35875 -0.150141
0.33875 -0.149769
0.3075 -0.149335
0.31875 -0.148845
0.2925 -0.14854
0.30875 -0.148108
0.30875 -0.147773
0.33125 -0.147455
0.325 -0.147275
0.3075 -0.146999
0.28625 -0.146668
0.26 -0.146147
0.2175 -0.145588
0.14875 -0.144846
0.14375 -0.14444
0.1425 -0.144522
0.15 -0.144757
0.12 -0.14491
0.125 -0.145009
0.1225 -0.145288
0.125 -0.145401
0.13875 -0.145709
0.13125 -0.146425
0.14375 -0.147043
0.1475 -0.147791
0.17375 -0.148747
0.17375 -0.149944
0.13 -0.150812
0.19375 -0.151727
0.16875 -0.152574
0.13 -0.153332
0.1275 -0.154147
0.1275 -0.154946
0.15375 -0.155747
0.15125 -0.156437
0.145 -0.157089
0.16125 -0.157652
0.13 -0.158193
0.1525 -0.1586
0.13 -0.158827
0.12625 -0.158984
0.1175 -0.158956
0.0875 -0.159174
0.05875 -0.159616
0.0825 -0.160134
0.115 -0.160643
0.11875 -0.161204
0.1325 -0.161942
0.1375 -0.162552
0.12125 -0.163178
0.105 -0.163878
0.05 -0.164782
0.01875 -0.165789
0.02875 -0.166732
0.03625 -0.167733
0.07375 -0.168593
0.125 -0.169488
0.13375 -0.170108
0.13 -0.170838
0.135 -0.171417
0.11125 -0.172091
0.14 -0.172845
0.17875 -0.173688
0.14875 -0.174451
0.1125 -0.175181
0.08875 -0.176145
0.10875 -0.177392
0.14875 -0.178554
0.1375 -0.179816
0.14375 -0.181171
0.13875 -0.182723
0.07625 -0.184411
0.12 -0.186105
0.1075 -0.187623
0.12625 -0.189092
0.15 -0.190861
0.12875 -0.192808
0.1325 -0.194854
0.14875 -0.197179
0.17375 -0.19959
0.17375 -0.202012
0.16875 -0.204489
0.18875 -0.206956
0.235 -0.209053
0.23875 -0.21122
0.23375 -0.213373
0.2025 -0.215209
0.18375 -0.217242
0.20375 -0.218985
0.20875 -0.220677
0.22375 -0.222261
0.2175 -0.223816
0.2125 -0.225243
0.2125 -0.226671
0.1725 -0.228165
0.14625 -0.22978
0.165 -0.231208
0.1825 -0.232522
0.18375 -0.233859
0.19375 -0.235185
0.18875 -0.236273
0.2075 -0.237694
0.2175 -0.239279
0.275 -0.24078
0.26125 -0.242475
0.275 -0.244034
0.2525 -0.245827
0.25875 -0.247508
0.25875 -0.249414
0.21125 -0.251525
0.18625 -0.25374
0.16 -0.255562
0.18125 -0.257223
0.1575 -0.258773
0.13375 -0.260081
0.09875 -0.261294
0.10375 -0.262664
0.095 -0.264002
0.10125 -0.265486
0.15625 -0.266987
0.2 -0.268392
0.185 -0.269783
0.1875 -0.271014
0.1625 -0.272239
0.1725 -0.273487
0.20375 -0.274637
0.18375 -0.275879
0.14625 -0.276993
0.1575 -0.277962
0.1575 -0.278898
0.16125 -0.279694
0.16875 -0.28081
0.1425 -0.28153
0.1225 -0.282214
0.06625 -0.282771
0.0725 -0.283219
0.09625 -0.283614
0.07125 -0.283796
0.06625 -0.284234
0.09625 -0.284475
0.095 -0.284871
0.12375 -0.285383
0.115 -0.285984
0.14 -0.286685
0.18 -0.287199
0.235 -0.287827
0.22625 -0.288412
0.22875 -0.289187
0.215 -0.289955
0.2075 -0.290772
0.16875 -0.291452
0.1625 -0.292207
0.1475 -0.292919
0.1625 -0.293437
0.19 -0.294054
0.205 -0.294918
0.22 -0.295696
0.19875 -0.296584
0.2225 -0.297411
0.205 -0.298146
0.23375 -0.298587
0.285 -0.298929
0.325 -0.299544
0.3525 -0.299917
0.34375 -0.300366
0.385 -0.300801
0.37375 -0.301053
0.39125 -0.300986
0.4325 -0.301241
0.385 -0.301702
0.4225 -0.302106
0.43125 -0.302675
0.45625 -0.30301
0.4875 -0.303319
0.4225 -0.303789
0.40625 -0.304203
0.38375 -0.304542
0.3725 -0.304841
0.3825 -0.305241
0.3825 -0.305563
0.41875 -0.305599
0.3875 -0.305332
0.39 -0.305156
0.385 -0.30498
0.3875 -0.304825
0.3575 -0.304642
0.32125 -0.304521
0.30375 -0.304272
0.3025 -0.303858
0.25 -0.303378
0.24125 -0.303009
0.2825 -0.302778
0.3175 -0.303038
0.3425 -0.303466
0.34375 -0.303837
0.35375 -0.304256
0.34125 -0.304822
0.37625 -0.305252
0.3975 -0.305622
0.37375 -0.306127
0.39 -0.306406
0.37125 -0.306944
0.39125 -0.307365
0.3775 -0.30809
0.37625 -0.308749
0.37625 -0.309022
0.38375 -0.30935
0.38875 -0.309709
0.37 -0.309969
0.39625 -0.310359
0.36375 -0.311024
0.35875 -0.311779
0.3275 -0.312419
0.355 -0.313041
0.365 -0.31344
0.36375 -0.313996
0.38625 -0.314431
0.4025 -0.31516
0.4 -0.316003
0.41875 -0.316773
0.4525 -0.317571
0.40625 -0.318489
0.3975 -0.319451
0.395 -0.320593
0.38625 -0.321844
0.3825 -0.323048
0.36 -0.324282
0.36 -0.325802
0.40625 -0.327083
0.4025 -0.328063
0.40625 -0.328442
0.40625 -0.328791
0.37 -0.329304
0.39875 -0.329572
0.42125 -0.329672
0.42625 -0.329468
0.40875 -0.329443
0.39875 -0.329461
0.3875 -0.32946
0.38375 -0.329287
0.385 -0.329036
0.385 -0.328464
0.4125 -0.327891
0.435 -0.327306
0.42 -0.32689
0.385 -0.326287
0.4 -0.325964
0.41625 -0.325631
0.40625 -0.325275
0.43875 -0.324802
0.43 -0.324333
0.43375 -0.324001
0.4625 -0.323953
0.4375 -0.323649
0.42 -0.323149
0.37125 -0.322739
0.41375 -0.322202
0.37125 -0.321741
0.35375 -0.321684
0.345 -0.321759
0.355 -0.32174
0.3475 -0.32138
0.40625 -0.321011
0.40125 -0.320946
0.39375 -0.320895
0.36875 -0.320848
0.355 -0.320858
0.36875 -0.320817
0.38 -0.320974
0.36875 -0.321146
0.34125 -0.32124
0.32875 -0.321065
0.34375 -0.320623
0.41 -0.320446
0.45625 -0.319854
0.46625 -0.318966
0.44625 -0.318233
0.47875 -0.31811
0.445 -0.317759
0.48 -0.317587
0.45875 -0.31772
0.46375 -0.317582
0.45125 -0.317479
0.44375 -0.31749
0.4375 -0.317548
0.46375 -0.317623
0.475 -0.3175
0.5075 -0.317765
0.53125 -0.31793
0.5525 -0.318308
0.59875 -0.318512
0.605 -0.318423
0.57375 -0.317997
0.5825 -0.317545
0.51625 -0.317121
0.53875 -0.316766
0.53875 -0.316478
0.51375 -0.316089
0.50875 -0.315781
0.49 -0.315042
0.52875 -0.314353
0.53875 -0.31395
0.52125 -0.313462
0.53875 -0.312986
0.54375 -0.312479
0.61125 -0.312063
0.63125 -0.311631
0.6825 -0.310929
0.69125 -0.310491
0.6525 -0.310071
0.6875 -0.309526
0.725 -0.30929
0.72 -0.309442
0.7175 -0.309705
0.71125 -0.309784
0.72375 -0.310055
0.74625 -0.310519
0.76375 -0.31101
0.725 -0.311674
0.7325 -0.312036
0.7375 -0.312496
0.7275 -0.313034
0.6975 -0.313277
0.67375 -0.313643
0.715 -0.313707
0.72375 -0.313602
0.73375 -0.31356
0.73125 -0.313884
0.73 -0.314055
0.705 -0.31413
0.6975 -0.314203
0.7225 -0.314255
0.75 -0.314235
0.72875 -0.314114
0.71375 -0.313896
0.6875 -0.313536
0.6825 -0.312979
0.65625 -0.312649
0.6075 -0.312607
0.65375 -0.312536
0.67625 -0.312409
0.66625 -0.312309
0.6675 -0.312016
0.69875 -0.311646
0.675 -0.311385
0.67 -0.31118
0.63 -0.310958
0.63125 -0.310945
0.6625 -0.311017
0.66625 -0.311184
0.66875 -0.31142
0.6825 -0.311392
0.71625 -0.311588
0.7475 -0.311884
0.7375 -0.312213
0.73125 -0.312413
0.7325 -0.312191
0.73875 -0.311968
0.715 -0.31184
0.71125 -0.311726
0.71375 -0.311483
0.7225 -0.310975
0.7275 -0.310352
0.705 -0.309824
0.71375 -0.309275
0.73 -0.308479
0.735 -0.307882
0.725 -0.307432
0.71875 -0.306918
0.72 -0.306255
0.70375 -0.305639
0.73625 -0.305031
0.725 -0.304305
0.7475 -0.303558
0.72625 -0.303059
0.74875 -0.302495
0.77875 -0.302013
0.76875 -0.301533
0.755 -0.301126
0.72875 -0.300273
0.77375 -0.299201
0.775 -0.298113
0.735 -0.296963
0.7325 -0.295712
0.7325 -0.294439
0.7325 -0.293124
0.69 -0.29159
0.6725 -0.289907
0.675 -0.288273
0.70625 -0.286677
0.71125 -0.285518
0.74375 -0.284151
0.7375 -0.282864
0.74375 -0.281821
0.7225 -0.280935
0.7375 -0.279815
0.67375 -0.278473
0.67625 -0.277073
0.705 -0.275838
0.72375 -0.274486
0.705 -0.27302
0.71625 -0.271657
0.6825 -0.270385
0.71625 -0.268997
0.73375 -0.267519
0.76125 -0.265749
0.73875 -0.264182
0.735 -0.262678
0.69875 -0.261406
0.68875 -0.260075
0.715 -0.258601
0.73375 -0.257349
0.7375 -0.25622
0.73875 -0.254924
0.705 -0.253539
0.6975 -0.25211
0.66875 -0.250644
0.6475 -0.249391
0.665 -0.24779
0.64375 -0.246286
0.63 -0.244858
0.6625 -0.243572
0.64625 -0.242347
0.6225 -0.241182
0.63 -0.240181
0.62 -0.238972
0.6225 -0.237755
0.65125 -0.236459
0.62125 -0.235328
0.65 -0.234156
0.67 -0.232888
0.64 -0.231719
0.62875 -0.230544
0.67 -0.229269
0.7 -0.228364
0.7 -0.227664
0.68625 -0.227209
0.70125 -0.226776
0.65625 -0.226648
0.67375 -0.22636
0.655 -0.226037
0.67125 -0.22564
0.6825 -0.225307
0.6425 -0.224797
0.67125 -0.224613
0.6625 -0.224457
0.64625 -0.224257
0.6125 -0.224091
0.605 -0.223858
0.61 -0.223421
0.625 -0.222659
0.58625 -0.222011
0.61 -0.221374
0.62125 -0.220654
0.5975 -0.220082
0.57375 -0.219706
0.57625 -0.219217
0.5825 -0.218441
0.59875 -0.217708
0.59875 -0.216921
0.6225 -0.216337
0.6275 -0.21585
0.64375 -0.215434
0.645 -0.214979
0.6675 -0.214686
0.63625 -0.21413
0.6175 -0.213347
0.60375 -0.212834
0.6 -0.212275
0.57125 -0.211711
0.58125 -0.211299
0.55625 -0.210864
0.54125 -0.210354
0.545 -0.209689
0.5525 -0.208947
0.56875 -0.208149
0.5425 -0.207204
0.51125 -0.20627
0.52125 -0.205438
0.545 -0.204937
0.58375 -0.204387
0.55125 -0.20361
0.525 -0.20268
0.54625 -0.201609
0.55625 -0.200566
0.58625 -0.199631
0.60875 -0.198564
0.58875 -0.197661
0.56 -0.196745
0.56625 -0.195841
0.56875 -0.194741
0.5675 -0.193717
0.56875 -0.192527
0.53875 -0.190852
0.53 -0.189112
0.515 -0.187295
0.505 -0.185388
0.49875 -0.183459
0.47125 -0.181178
0.50125 -0.179059
0.48375 -0.176761
0.49375 -0.174647
0.48375 -0.172717
0.46875 -0.170699
0.4475 -0.168645
0.48625 -0.166926
0.455 -0.165368
0.43375 -0.163962
0.4025 -0.162595
0.39 -0.16127
0.41625 -0.15999
0.4225 -0.158743
0.42125 -0.157628
0.36125 -0.156653
0.3425 -0.155395
0.375 -0.154453
0.34625 -0.1536
0.33375 -0.152578
0.3575 -0.151304
0.33625 -0.1501
0.35375 -0.148673
0.35375 -0.147331
0.37 -0.146159
0.37625 -0.14533
0.355 -0.144815
0.3875 -0.144464
0.39625 -0.144117
0.4275 -0.143643
0.445 -0.143308
0.39875 -0.142885
0.415 -0.142141
0.375 -0.141438
0.40875 -0.140968
0.37625 -0.140656
0.4075 -0.140332
0.4175 -0.140111
0.41625 -0.139736
0.45 -0.139169
0.4625 -0.138609
0.45375 -0.138418
0.44875 -0.138044
0.375 -0.13775
0.34 -0.137632
0.305 -0.137623
0.31375 -0.137604
0.3775 -0.137839
0.40625 -0.137916
0.43625 -0.137953
0.42875 -0.138273
0.435 -0.138659
0.465 -0.139003
0.45625 -0.139559
0.47625 -0.139717
0.45625 -0.14009
0.45875 -0.140315
0.495 -0.140418
0.50375 -0.140737
0.48125 -0.140834
0.42875 -0.140583
0.44875 -0.140333
0.46625 -0.140034
0.475 -0.140055
0.47125 -0.139823
0.475 -0.139512
0.4625 -0.139323
0.41 -0.13867
0.4 -0.137948
0.37125 -0.137503
0.37 -0.136954
0.4025 -0.136245
0.4075 -0.135718
0.42 -0.135432
0.4 -0.135163
0.3975 -0.134948
0.3875 -0.13487
0.39125 -0.13493
0.39875 -0.134941
0.39375 -0.134997
0.4175 -0.13523
0.44 -0.135422
0.44625 -0.135836
0.46375 -0.136212
0.45 -0.136589
0.45125 -0.136872
0.43 -0.136935
0.415 -0.136626
0.42 -0.136439
0.4175 -0.135996
0.44625 -0.135438
0.435 -0.134797
0.4425 -0.134273
0.4675 -0.133611
0.48125 -0.132436
0.47125 -0.131033
0.425 -0.129659
0.42375 -0.128046
0.4025 -0.126442
0.3725 -0.12467
0.3925 -0.123056
0.36875 -0.121422
0.42875 -0.119892
0.42875 -0.118804
0.445 -0.117526
0.475 -0.115891
0.50625 -0.114256
0.54 -0.112715
0.54375 -0.111114
0.53 -0.109746
0.55 -0.108626
0.52875 -0.10782
0.5175 -0.107122
0.525 -0.106584
0.53375 -0.105724
0.565 -0.104627
0.5825 -0.103412
0.5175 -0.102345
0.51375 -0.10114
0.52375 -0.0997656
0.50375 -0.0984282
0.5 -0.0968894
0.49375 -0.095131
0.53375 -0.0936716
0.56 -0.0923356
0.58125 -0.0911445
0.57375 -0.08973
0.595 -0.0883558
0.575 -0.0871155
0.635 -0.0861425
0.62625 -0.0849467
0.66375 -0.0839281
0.66 -0.0831511
0.645 -0.082087
0.6775 -0.0811456
0.7 -0.0800987
0.69 -0.0791693
0.68375 -0.0781282
0.67125 -0.0773398
0.66625 -0.0766455
0.65875 -0.0759673
0.6625 -0.0750842
0.68875 -0.0741631
0.67375 -0.0734654
0.66125 -0.0727478
0.6625 -0.071999
0.64875 -0.0712145
0.66 -0.0706298
0.68 -0.06988
0.665 -0.0691212
0.6825 -0.0682482
0.65 -0.0673001
0.675 -0.0666189
0.6675 -0.0659092
0.665 -0.0654905
0.69375 -0.0650642
0.7225 -0.0643686
0.7425 -0.0635524
0.72125 -0.0627404
0.74 -0.0622741
0.73 -0.0615362
0.72625 -0.0609131
0.73125 -0.0602533
0.7075 -0.0594435
0.67 -0.0586077
0.66375 -0.0575757
0.7125 -0.0569269
0.72125 -0.0564849
0.7175 -0.0561059
0.71375 -0.0557065
0.72 -0.0553296
0.7275 -0.0549943
0.725 -0.0545688
0.68625 -0.0542271
0.67 -0.0537349
0.66125 -0.0531956
0.67375 -0.0523088
0.6775 -0.0517252
0.665 -0.0510867
0.67 -0.050123
0.65375 -0.0488135
0.6525 -0.0473935
0.6325 -0.045778
0.625 -0.0445862
0.61875 -0.043289
0.63625 -0.0420263
0.6275 -0.0408119
0.635 -0.0396954
0.6475 -0.0384558
0.63625 -0.0372828
0.625 -0.0358892
0.61875 -0.0347285
0.64625 -0.0334765
0.61625 -0.0324415
0.64625 -0.0312522
0.6275 -0.0298409
0.62625 -0.0282996
0.6525 -0.0271459
0.64125 -0.0260624
0.64125 -0.0248754
0.65375 -0.0235719
0.62375 -0.0220374
0.6375 -0.0205279
0.64375 -0.0188907
0.65125 -0.0173573
0.66625 -0.0161893
0.70375 -0.0150546
0.72 -0.0140495
0.7375 -0.0127204
0.71 -0.0113185
0.69875 -0.0094873
0.6875 -0.00767602
0.6425 -0.00617178
0.64 -0.00452389
0.64875 -0.00304529
0.6525 -0.00140468
0.63875 0.000237874
0.5725 0.00210558
0.55625 0.00394322
0.495 0.0060277
0.47625 0.00792273
0.54625 0.00995333
0.5875 0.0118108
0.5425 0.0139763
0.56625 0.0161866
0.58875 0.0185195
0.55125 0.0207481
0.56375 0.0231928
0.54625 0.0254153
0.55875 0.02757
0.54625 0.0300017
0.59 0.0324329
0.605 0.034928
0.58125 0.0374592
0.6075 0.0401275
0.635 0.0430096
0.62125 0.0457128
0.64375 0.0482639
0.64625 0.0507446
0.61125 0.0530105
0.62 0.055152
0.61875 0.0569408
0.60125 0.0583028
0.62 0.0595983
0.63625 0.0607419
0.6475 0.062095
0.62375 0.0634361
0.62125 0.0646047
0.605 0.0658876
0.58875 0.0673406
0.5525 0.0688423
0.5375 0.0702167
0.56375 0.0713018
0.57125 0.0722915
0.535 0.073367
0.53625 0.0746499
0.51625 0.0761608
0.5375 0.0777416
0.5375 0.0791246
0.5275 0.0805638
0.545 0.0816697
0.5425 0.082858
0.4775 0.0840411
0.4625 0.0849359
0.4175 0.0857658
0.4475 0.0869619
0.435 0.0884617
0.43 0.0902241
0.44125 0.0917039
0.44375 0.0931364
0.4325 0.094675
0.45125 0.0966452
0.4475 0.0987266
0.40875 0.100783
0.4025 0.102503
0.36625 0.104016
0.34875 0.105589
0.33125 0.106888
0.295 0.108037
0.33375 0.10916
0.35875 0.110398
0.38375 0.111414
0.4 0.112568
0.4275 0.113942
0.4 0.115098
0.4075 0.116308
0.4075 0.117268
0.43 0.118402
0.42375 0.119466
0.41625 0.120504
0.42375 0.121749
0.44375 0.122788
0.44875 0.123666
0.4875 0.124456
0.5 0.125664
0.4875 0.126781
0.48625 0.127665
0.44625 0.12883
0.4 0.129944
0.4 0.131167
0.4625 0.132466
0.47 0.133825
0.50625 0.135117
0.51625 0.136478
0.55 0.138263
0.545 0.140243
0.5425 0.142425
0.545 0.144769
0.51625 0.147103
0.5225 0.149332
0.5275 0.151415
0.50875 0.153907
0.51625 0.156255
0.535 0.158325
0.5325 0.160235
0.53125 0.161924
0.53875 0.163354
0.51375 0.164866
0.54375 0.166223
0.55375 0.167286
0.53625 0.168257
0.525 0.169331
0.53 0.170334
0.5175 0.171386
0.4975 0.172216
0.49625 0.173198
0.50375 0.174199
0.4975 0.175164
0.5075 0.176044
0.52125 0.176751
0.52 0.177484
0.53 0.178386
0.52 0.179127
0.5075 0.17953
0.48 0.180244
0.44125 0.180885
0.42625 0.181227
0.42625 0.181814
0.47125 0.182521
0.45875 0.183389
0.465 0.184173
0.50125 0.185002
0.49875 0.185689
0.51625 0.186281
0.54 0.186882
0.5325 0.187692
0.51625 0.188198
0.52625 0.188715
0.515 0.189217
0.49 0.189558
0.5275 0.190001
0.5325 0.190416
0.54125 0.190753
0.5275 0.191058
0.4925 0.191298
0.4575 0.191238
0.48 0.191107
0.4725 0.191081
0.46875 0.19118
0.455 0.191149
0.46375 0.191066
0.4725 0.190977
0.4775 0.191045
0.48375 0.190848
0.4425 0.190637
0.4025 0.190418
0.4075 0.190182
0.40375 0.189702
0.37 0.189213
0.40375 0.188626
0.41875 0.188103
0.4625 0.187706
0.48625 0.187497
0.48375 0.186908
0.495 0.186069
0.4725 0.185245
0.4725 0.184571
0.465 0.183961
0.4525 0.183234
0.39625 0.18289
0.37875 0.182658
0.36875 0.182045
0.3675 0.181439
0.36 0.181025
0.3425 0.180733
0.3525 0.180154
0.27 0.179509
0.255 0.17879
0.26125 0.178562
0.2025 0.177855
0.21625 0.176715
0.26 0.1752
0.2525 0.174305
0.26875 0.173635
0.23625 0.173031
0.24 0.172359
0.2375 0.171593
0.23125 0.17058
0.26125 0.169686
0.2625 0.168553
0.26625 0.167282
0.30125 0.166104
0.29 0.165219
0.32125 0.16389
0.34375 0.162799
0.3725 0.161493
0.39 0.159842
0.36375 0.158063
0.38375 0.156467
0.39875 0.154907
0.41375 0.153368
0.43125 0.152264
0.3925 0.151349
0.35375 0.150376
0.355 0.149393
0.3375 0.148454
0.38625 0.147546
0.3775 0.14679
0.36375 0.146018
0.3775 0.145125
0.335 0.144293
0.32 0.143801
0.34875 0.143587
0.3475 0.143617
0.31625 0.143641
0.33625 0.143581
0.35625 0.143572
0.3425 0.143606
0.32875 0.143378
0.31625 0.143078
0.27375 0.14271
0.27875 0.142558
0.2975 0.142311
0.31875 0.142197
0.36 0.141891
0.38 0.141477
0.40125 0.141066
0.3875 0.140329
0.4125 0.139635
0.395 0.138987
0.42 0.138312
0.4225 0.137886
0.4075 0.137137
0.4475 0.136458
0.49 0.135945
0.48125 0.135574
0.485 0.135266
0.5025 0.134545
0.515 0.133722
0.5175 0.132826
0.5075 0.131646
0.5125 0.130681
0.4875 0.129429
0.46625 0.128144
0.47875 0.126857
0.48375 0.125416
0.4425 0.124326
0.47125 0.123032
0.455 0.12223
0.4375 0.121363
0.42375 0.120682
0.44125 0.119973
0.43 0.119229
0.4575 0.118363
0.44 0.117373
0.45875 0.116389
0.4575 0.115639
0.45875 0.114981
0.44875 0.114259
0.4375 0.114031
0.4325 0.113577
0.4525 0.112601
0.45625 0.111941
0.40375 0.111478
0.40125 0.111012
0.4325 0.110245
0.40625 0.109424
0.39125 0.108748
0.37375 0.107992
0.38 0.107543
0.395 0.107139
0.38625 0.106658
0.41 0.106389
0.395 0.105942
0.41375 0.105599
0.43 0.105369
0.3925 0.104595
0.40875 0.103688
0.44875 0.102752
0.46375 0.101733
0.43625 0.100467
0.42875 0.099
0.4225 0.0977066
0.41125 0.0963528
0.4475 0.0951529
0.40625 0.093954
0.42875 0.0931227
0.41 0.0922499
0.40375 0.0911497
0.42875 0.0899815
0.3975 0.0885649
0.38375 0.0874083
0.3825 0.0864312
0.36375 0.0857526
0.33375 0.0855531
0.38625 0.0852217
0.39875 0.0850669
0.4275 0.0845944
0.445 0.0837882
0.45125 0.0829825
0.44375 0.0821924
0.44 0.0811551
0.4225 0.0804939
0.38125 0.0796359
0.41875 0.0790228
0.45 0.0781896
0.47 0.0776558
0.465 0.0770717
0.46125 0.076575
0.47625 0.076449
0.48625 0.0759437
0.44125 0.0752747
0.445 0.0746213
0.4 0.0739858
0.42 0.0731138
0.44375 0.0720062
0.4675 0.071081
0.46 0.0702682
0.5 0.0696464
0.505 0.0689526
0.51125 0.0679377
0.51625 0.0665035
0.5475 0.0650408
0.55875 0.0639541
0.59625 0.0627344
0.60625 0.0617584
0.61 0.0603903
0.63875 0.0591391
0.6375 0.0578285
0.6275 0.056719
0.63125 0.0554553
0.565 0.0542178
0.59375 0.0528307
0.6025 0.0516353
0.62 0.0504483
0.635 0.0495012
0.63625 0.048507
0.62625 0.0473908
0.6025 0.0460546
0.555 0.0447419
0.51 0.0431723
0.49 0.0419665
0.51375 0.0404591
0.51375 0.0388597
0.5625 0.0371889
0.56375 0.035633
0.545 0.0343965
0.5425 0.0330673
0.52625 0.0320193
0.5275 0.0309227
0.54 0.0297772
0.5475 0.0286111
0.545 0.0277972
0.5375 0.0269711
0.525 0.0260459
0.54375 0.0248801
0.57375 0.0239603
0.6075 0.0233823
0.63 0.0228255
0.5925 0.0224225
0.54 0.0222596
0.585 0.0219366
0.54375 0.0216434
0.505 0.0211737
0.4925 0.020389
0.5425 0.019192
0.555 0.0176989
0.55625 0.0163377
0.54125 0.0152748
0.565 0.0140195
0.56875 0.0124498
0.55125 0.0109691
0.5525 0.0093578
0.5275 0.00758288
0.48625 0.00571975
0.475 0.00392013
0.48625 0.00200672
0.51 0.000334908
0.52625 -0.00085156
0.51375 -0.00218132
0.4875 -0.00349681
0.43375 -0.00493941
0.46875 -0.006485
0.4525 -0.00789065
0.4925 -0.00890136
0.5025 -0.00991581
0.565 -0.0109744
0.59875 -0.0120824
0.58125 -0.0131002
0.5625 -0.0139269
0.6 -0.0149822
0.60375 -0.016044
0.57 -0.0172782
0.5775 -0.0186064
0.61625 -0.0201051
0.6025 -0.0214634
0.62375 -0.0228224
0.6325 -0.0238432
0.63875 -0.0250628
0.63625 -0.0260005
0.66 -0.0271088
0.68 -0.0286271
0.685 -0.0300344
0.6925 -0.0312508
0.7025 -0.0322289
0.685 -0.0327044
0.66625 -0.0328849
0.685 -0.0328369
0.665 -0.0329341
0.66125 -0.0331275
0.6875 -0.0336653
0.67125 -0.0342177
0.6725 -0.0345343
0.64875 -0.034733
0.65875 -0.0350496
0.63375 -0.0355117
0.6375 -0.0362659
0.64625 -0.0370763
0.67375 -0.0376912
0.72 -0.0386417
0.7325 -0.0396279
0.77375 -0.0405841
0.79375 -0.0415139
0.80125 -0.0423954
0.79625 -0.0434093
0.785 -0.0445707
0.7775 -0.0456643
0.735 -0.0466022
0.71875 -0.0476697
0.73125 -0.048424
0.73625 -0.0492389
0.74 -0.0500944
0.76375 -0.051193
0.75125 -0.0518821
0.72625 -0.0523919
0.705 -0.0531828
0.71125 -0.0539855
0.71375 -0.0546177
0.72125 -0.0556099
0.7425 -0.0566093
0.7325 -0.0576479
0.73875 -0.0584691
0.7275 -0.0594834
0.68875 -0.0605341
0.71 -0.0612401
0.72125 -0.0620857
0.73875 -0.0628659
0.7625 -0.0638928
0.775 -0.0650282
0.7825 -0.0658135
0.7625 -0.0665008
0.7225 -0.0669096
0.7075 -0.0670272
0.6825 -0.0668884
0.70125 -0.0666733
0.685 -0.0663671
0.69 -0.0660785
0.67875 -0.0659107
0.69875 -0.0656512
0.68875 -0.0657191
0.69 -0.0659436
0.71 -0.0657949
0.72125 -0.0656516
0.7425 -0.0654344
0.76625 -0.0653329
0.7675 -0.0650987
0.745 -0.0649404
0.745 -0.0647996
0.70375 -0.0644873
0.675 -0.064162
0.66125 -0.0641343
0.6475 -0.0637417
0.64625 -0.063294
0.66375 -0.0629809
0.69625 -0.0629878
0.7325 -0.0629379
0.735 -0.0626567
0.73375 -0.0619068
0.71375 -0.060748
0.7075 -0.0593803
0.695 -0.0581843
0.66875 -0.056855
0.6575 -0.0555553
0.64125 -0.0545967
0.67125 -0.0537801
0.68625 -0.0530319
0.6525 -0.0521951
0.6425 -0.0513178
0.63 -0.0508285
0.615 -0.050462
0.615 -0.0500243
0.6675 -0.0494708
0.675 -0.0487449
0.64625 -0.0482595
0.65625 -0.0479348
0.6675 -0.0475467
0.6475 -0.0473105
0.63 -0.0471139
0.6375 -0.0470997
0.61375 -0.0473006
0.625 -0.0470472
0.61125 -0.0466001
0.63 -0.046402
0.6075 -0.0459926
0.61125 -0.0457857
0.64875 -0.0456569
0.66125 -0.045306
0.6725 -0.0449833
0.69375 -0.0447334
0.6975 -0.0446389
0.715 -0.0446062
0.73 -0.0442583
0.7075 -0.0440748
0.68375 -0.0440273
0.69875 -0.0438723
0.72 -0.0438308
0.7275 -0.0438921
0.7425 -0.0442694
0.75 -0.044822
0.76625 -0.0449487
0.7775 -0.045139
0.7725 -0.0452323
0.78 -0.0452386
0.80125 -0.0453858
0.8075 -0.0454815
0.8325 -0.0460466
0.83875 -0.0460382
0.83875 -0.0459859
0.81 -0.0461085
0.805 -0.0461682
0.76 -0.0461077
0.765 -0.0457107
0.74375 -0.0457342
0.765 -0.0458142
0.73 -0.045837
0.75125 -0.0460866
0.745 -0.0464951
0.7075 -0.0471116
0.67375 -0.0477061
0.68125 -0.0481681
0.71 -0.0488232
0.715 -0.048897
0.72375 -0.049112
0.71 -0.0497069
0.695 -0.0499808
0.68625 -0.0505417
0.7125 -0.0509043
0.685 -0.0513588
0.7075 -0.0520827
0.7025 -0.0527128
0.695 -0.0535151
0.6825 -0.0543433
0.70375 -0.0551377
0.71625 -0.0556621
0.72375 -0.056103
0.7425 -0.05615
0.7525 -0.0563948
0.765 -0.0569112
0.76 -0.0573815
0.7375 -0.0581233
0.74 -0.0586216
0.75375 -0.0594082
0.7525 -0.0601179
0.74625 -0.0608908
0.70875 -0.0617958
0.6875 -0.0626867
0.6575 -0.0635812
0.6425 -0.0645225
0.68625 -0.0650412
0.655 -0.0660436
0.65125 -0.0673316
0.6825 -0.0685919
0.6925 -0.0697767
0.67875 -0.0711621
0.6525 -0.0719051
0.64625 -0.0723925
0.63125 -0.0729097
0.62 -0.0737695
0.65375 -0.0741483
0.68625 -0.0750941
0.67125 -0.0763675
0.66375 -0.0776543
0.6675 -0.0788916
0.675 -0.0802708
0.68375 -0.0814088
0.66875 -0.0826874
0.62625 -0.0835495
0.615 -0.0844639
0.61625 -0.085413
0.6075 -0.0860531
0.62375 -0.0866254
0.63375 -0.0871037
0.64875 -0.0874402
0.6375 -0.0878866
0.6125 -0.088344
0.58875 -0.0883901
0.5775 -0.0884271
0.58625 -0.0884713
0.56875 -0.0884103
0.5975 -0.088356
0.54125 -0.0882027
0.565 -0.0875051
0.5225 -0.0871908
0.51125 -0.0864376
0.45 -0.0858005
0.45625 -0.0855824
0.47125 -0.0856467
0.45125 -0.0856374
0.45125 -0.0855918
0.4375 -0.0855698
0.4425 -0.0854347
0.43125 -0.0849521
0.41875 -0.0843823
0.4075 -0.0836405
0.40625 -0.0831527
0.405 -0.0826843
0.4275 -0.0821082
0.4375 -0.0816385
0.41125 -0.0810556
0.40875 -0.0805995
0.375 -0.079919
0.3975 -0.0793096
0.41625 -0.0786451
0.4275 -0.0776037
0.40375 -0.0767203
0.385 -0.0759746
0.36375 -0.0750826
0.385 -0.0742828
0.345 -0.0732487
0.34 -0.0723124
0.395 -0.0713311
0.39625 -0.0703239
0.44375 -0.0695337
0.52 -0.0684674
0.46875 -0.0675691
0.5025 -0.0664291
0.5275 -0.0653589
0.51625 -0.064117
0.53875 -0.0628949
0.52625 -0.0619197
0.52125 -0.0602932
0.50625 -0.0583714
0.52625 -0.05649
0.5575 -0.0547661
0.53625 -0.0529498
0.5425 -0.0511666
0.555 -0.04922
0.555 -0.0470431
0.54875 -0.0449537
0.5075 -0.042992
0.5 -0.0409967
0.49875 -0.0388586
0.50625 -0.037127
0.5425 -0.035847
0.57875 -0.0347168
0.60375 -0.0334368
0.5975 -0.0318723
0.63875 -0.0304357
0.58 -0.0292947
0.54625 -0.0281986
0.5175 -0.0272602
0.55 -0.0261998
0.5325 -0.0255422
0.525 -0.0246469
0.58125 -0.0238208
0.615 -0.0225805
0.6125 -0.0213885
0.635 -0.0203967
0.62 -0.0198271
0.60125 -0.0188122
0.6175 -0.0176302
0.605 -0.0162906
0.59625 -0.0151309
0.61375 -0.0139331
0.60625 -0.0130892
0.61125 -0.0122196
0.60625 -0.0112289
0.62125 -0.0101762
0.54 -0.00879858
0.51375 -0.00747062
0.51875 -0.00641017
0.48375 -0.00556779
0.4525 -0.00477279
0.40125 -0.00397538
0.3875 -0.00343143
0.34625 -0.00325621
0.34375 -0.00306978
0.34875 -0.00301041
0.32 -0.00259243
0.305 -0.00224128
0.32625 -0.00185631
0.41 -0.00124146
0.37875 -0.000660246
0.41625 5.9653e-06
0.40125 0.000495045
0.41375 0.00112308
0.455 0.00169431
0.44625 0.00253222
0.485 0.00358811
0.4875 0.00471336
0.48375 0.00612257
0.47375 0.00792339
0.48 0.00974208
0.47 0.01178
0.44125 0.0139366
0.45625 0.0158597
0.4775 0.017558
0.50625 0.0190927
0.51125 0.0208146
0.53125 0.0228891
0.535 0.0244821
0.5375 0.0262643
0.54375 0.0284467
0.52 0.0305353
0.5375 0.0327393
0.57125 0.0356099
0.59375 0.0381726
0.5525 0.0406709
0.5525 0.0432645
0.515 0.045876
0.52375 0.0484051
0.55875 0.0508726
0.575 0.0535627
0.54375 0.0563032
0.53375 0.0590829
0.52 0.0619913
0.52875 0.0650292
0.56 0.0682396
0.575 0.0712763
0.56875 0.0743772
0.54875 0.0771738
0.50125 0.080417
0.48 0.0838983
0.48375 0.0875195
0.49625 0.0912333
0.51 0.0949507
0.52625 0.098947
0.485 0.103084
0.53875 0.106859
0.5675 0.110351
0.53875 0.114037
0.5225 0.117752
0.5275 0.12166
0.56 0.125583
0.565 0.129215
0.5325 0.132712
0.55 0.135952
0.54375 0.138768
0.53 0.141577
0.5075 0.14425
0.5125 0.147205
0.50625 0.150234
0.52375 0.152949
0.535 0.155463
0.52625 0.158173
0.52 0.161052
0.51 0.163817
0.515 0.166099
0.50375 0.168626
0.52125 0.1712
0.5425 0.173776
0.58 0.176208
0.57 0.178757
0.5925 0.181093
0.5775 0.18373
0.545 0.186175
0.54625 0.188579
0.5275 0.190627
0.51375 0.192579
0.47125 0.194651
0.495 0.197193
0.4975 0.199611
0.48125 0.202466
0.46375 0.205448
0.47125 0.20878
0.475 0.212254
0.48625 0.215619
0.48625 0.219121
0.5275 0.22212
0.52375 0.224941
0.5325 0.227233
0.54 0.229308
0.5575 0.231629
0.5675 0.234139
0.57875 0.236517
0.5875 0.23903
0.60375 0.242153
0.5725 0.244805
0.56375 0.247267
0.56125 0.249537
0.58875 0.252132
0.59375 0.255033
0.62625 0.258238
0.6225 0.261716
0.635 0.265199
0.6425 0.268705
0.63125 0.272184
0.61 0.275456
0.6075 0.278928
0.6225 0.282323
0.6225 0.285505
0.6475 0.288475
0.64875 0.291233
0.6575 0.294059
0.6425 0.297031
0.63625 0.300272
0.635 0.303488
0.63375 0.306471
0.6425 0.309937
0.635 0.313561
0.62875 0.317187
0.67875 0.32079
0.65625 0.324174
0.60875 0.327866
0.59125 0.331635
0.555 0.335235
0.54875 0.338795
0.5225 0.34241
0.52 0.345984
0.50625 0.349548
0.47125 0.353342
0.44125 0.356945
0.425 0.360802
0.4675 0.364566
0.465 0.368038
0.45625 0.371489
0.4525 0.374912
0.38875 0.378389
0.39875 0.382006
0.4075 0.385818
0.3975 0.38942
0.38 0.393478
0.33875 0.397166
0.365 0.400835
0.385 0.404706
0.3825 0.408576
0.3675 0.412921
0.3575 0.416896
0.3825 0.420722
0.41625 0.424279
0.415 0.428211
0.4175 0.431631
0.40875 0.435506
0.4375 0.439245
0.46125 0.443095
0.45375 0.446747
0.44375 0.45023
0.4125 0.453547
0.44625 0.457164
0.44375 0.46051
0.41125 0.463488
0.415 0.466681
0.41125 0.469676
0.4075 0.472635
0.3825 0.475219
0.38125 0.477692
0.39125 0.480064
0.36375 0.48232
0.34125 0.484929
0.34125 0.487309
0.30125 0.489304
0.3175 0.491066
0.29375 0.492807
0.27125 0.49454
0.31375 0.496354
0.34875 0.498085
0.32125 0.500052
0.335 0.502084
0.37625 0.504119
0.37875 0.506187
0.34375 0.508372
0.31625 0.510754
0.3175 0.512952
0.325 0.515282
0.29 0.517354
0.30875 0.519223
0.3075 0.521079
0.33625 0.522741
0.34375 0.524319
0.31875 0.526089
0.31875 0.52817
0.27875 0.530701
0.2925 0.53312
0.26375 0.535605
0.2425 0.53803
0.2825 0.540414
0.30875 0.543294
0.31 0.546066
0.2675 0.548734
0.27125 0.551342
0.25625 0.554111
0.21625 0.556998
0.2625 0.559806
0.29 0.562783
0.32125 0.565658
0.34125 0.56816
0.38625 0.570915
0.37 0.573513
0.35125 0.576257
0.33125 0.578827
0.32375 0.581182
0.35125 0.583805
0.36125 0.586512
0.38 0.588937
0.38875 0.591546
0.36625 0.594223
0.3425 0.596893
0.29125 0.599529
0.26375 0.602111
0.2425 0.604743
0.3075 0.607094
0.31875 0.608778
0.32875 0.610452
0.35625 0.612261
0.35375 0.614196
0.3675 0.615949
0.3675 0.617666
0.40375 0.619588
0.4 0.621718
0.365 0.623836
0.39125 0.626086
0.38625 0.628197
0.3675 0.629905
0.34375 0.631159
0.34625 0.632775
0.34125 0.634383
0.3525 0.635643
0.33375 0.637151
0.37375 0.638769
0.40375 0.64004
0.40125 0.6417
0.38 0.643643
0.3725 0.645439
0.38 0.647395
0.33125 0.649335
0.325 0.651473
0.37 0.653804
0.33125 0.655428
0.34625 0.656809
0.3675 0.658138
0.38 0.6594
0.38125 0.660871
0.39875 0.662539
0.39625 0.663628
0.40625 0.664846
0.4125 0.665996
0.39375 0.666432
0.37875 0.666585
0.3675 0.666644
0.4325 0.666555
0.45125 0.666544
0.4425 0.667049
0.44125 0.667857
0.47 0.669024
0.48625 0.670441
0.47625 0.671913
0.44 0.67329
0.425 0.674395
0.40625 0.674891
0.42125 0.675178
0.44375 0.676024
0.415 0.676897
0.405 0.677844
0.3975 0.678789
0.405 0.679882
0.38 0.680517
0.40125 0.680727
0.3725 0.681334
0.36375 0.682015
0.35625 0.683133
0.31 0.684395
0.3 0.685835
0.30625 0.686842
0.3175 0.68822
0.29125 0.68948
0.29 0.69043
0.265 0.691639
0.22875 0.692829
0.19 0.694526
0.19375 0.69663
0.22375 0.69861
0.24 0.70056
0.2375 0.70276
0.205 0.704915
0.20375 0.706744
0.235 0.708273
0.25125 0.709367
0.2675 0.71075
0.21875 0.712141
0.2025 0.713671
0.16875 0.715349
0.16375 0.71724
0.13625 0.719049
0.145 0.720904
0.13 0.723085
0.125 0.725636
0.15375 0.728111
0.14375 0.730211
0.09375 0.732005
0.11875 0.733588
0.11875 0.734912
0.11625 0.73605
0.15 0.736949
0.18 0.737898
0.24625 0.738707
0.24 0.739428
0.24375 0.740256
0.25125 0.741449
0.2425 0.742641
0.2325 0.743828
0.20625 0.74452
0.2175 0.745187
0.2325 0.746042
0.22875 0.746668
0.23 0.747142
0.22875 0.747903
0.22 0.748216
0.205 0.748679
0.17875 0.749157
0.17875 0.749266
0.17125 0.749317
0.14625 0.749352
0.185 0.748778
0.23 0.748422
0.23625 0.747865
0.2575 0.747328
0.2275 0.746962
0.25875 0.746852
0.245 0.746997
0.25 0.747339
0.26 0.747775
0.25 0.748013
0.22625 0.747934
0.19625 0.747673
0.1975 0.746941
0.17375 0.746385
0.16625 0.745466
0.18125 0.74398
0.22 0.742515
0.23125 0.74088
0.2575 0.738718
0.25375 0.737016
0.2125 0.735353
0.21375 0.733774
0.22375 0.732134
0.2325 0.730323
0.225 0.728141
0.19125 0.726154
0.17125 0.724499
0.15125 0.723213
0.17125 0.721884
0.15875 0.720458
0.13125 0.719264
0.12875 0.718504
0.1475 0.717885
0.15875 0.717279
0.115 0.716457
0.1275 0.715541
0.12 0.714984
0.135 0.714051
0.1 0.712804
0.12125 0.711244
0.1 0.709652
0.08625 0.708603
0.07625 0.707747
0.085 0.707275
0.095 0.706881
0.09125 0.706684
0.04625 0.70645
0.03 0.706421
0.0225 0.705999
0.01125 0.70616
0.0075 0.705873
0.0125 0.70564
0.04375 0.705343
0.04625 0.70544
0.02625 0.705499
0.02875 0.705523
0.04125 0.705491
0.02 0.705539
0.0125 0.705618
0.01875 0.70573
0.015 0.705607
0.0075 0.705499
0.02875 0.705723
0.0125 0.705774
0.05875 0.706187
0.005 0.706678
0.01375 0.706875
0.00625 0.706984
0.00625 0.707045
0.03 0.707165
0.00125 0.70709
0.00125 0.706684
0.02375 0.705939
0.0075 0.705425
0.01875 0.704924
0.005 0.704432
0.02 0.703904
0.00625 0.702962
0.04625 0.70213
0.035 0.701163
0.03375 0.699891
0.03 0.698662
0.05875 0.697233
0.08 0.695695
0.0525 0.693986
0.0575 0.69231
0.04625 0.690561
0.05125 0.688993
0.08125 0.687227
0.07125 0.685171
0.06625 0.683485
0.08125 0.682046
0.06875 0.680622
0.0675 0.678511
0.09125 0.67626
0.0925 0.674393
0.0875 0.672414
0.11 0.670175
0.12875 0.667719
0.10625 0.665457
0.1125 0.662963
0.11125 0.660201
0.1075 0.657322
0.1275 0.654261
0.15625 0.651171
0.19875 0.64791
0.2075 0.644698
0.205 0.641654
0.23625 0.638381
0.2725 0.635223
0.25875 0.632228
0.2825 0.628906
0.3425 0.625607
0.365 0.622452
0.37875 0.619464
0.37375 0.616866
0.40125 0.614527
0.3725 0.61207
0.35875 0.609356
0.37 0.606871
0.385 0.604671
0.38375 0.6025
0.3675 0.600023
0.33875 0.597251
0.3075 0.594617
0.32 0.592059
0.2975 0.589978
0.26 0.588281
0.25625 0.586273
0.25375 0.584097
0.27875 0.582164
0.2875 0.579654
0.27 0.5771
0.2725 0.574237
0.31625 0.571682
0.2975 0.569464
0.30625 0.567483
0.2875 0.564936
0.28875 0.56241
0.28625 0.559615
0.29 0.556463
0.29875 0.552992
0.2725 0.54987
0.29375 0.546619
0.30375 0.543617
0.3 0.540827
0.23 0.538389
0.21625 0.535657
0.2375 0.532804
0.2325 0.529745
0.20375 0.527056
0.19375 0.524272
0.20125 0.521168
0.2025 0.518087
0.2325 0.514995
0.21375 0.511659
0.22625 0.508439
0.21875 0.505057
0.2075 0.501856
0.2375 0.498562
0.23375 0.495182
0.22875 0.491828
0.20875 0.488626
0.2175 0.485343
0.2275 0.482119
0.23 0.478612
0.24125 0.475098
0.25875 0.471621
0.26625 0.46812
0.22375 0.465028
0.21375 0.462024
0.2 0.458939
0.17375 0.45592
0.16375 0.452993
0.13625 0.449792
0.08875 0.446468
0.06875 0.44346
0.0475 0.44064
0.05375 0.437727
0.0375 0.434472
0.0175 0.431564
0.02 0.428799
0.005 0.425404
0.0025 0.421817
0.02 0.417958
0.0675 0.414148
0.1 0.410365
0.13125 0.406507
0.12125 0.4029
0.1425 0.399489
0.1325 0.396137
0.14125 0.392861
0.125 0.389954
0.18125 0.386997
0.18125 0.383738
0.175 0.379972
0.1425 0.376504
0.1425 0.373411
0.15375 0.370209
0.13375 0.366848
0.1275 0.364177
0.09375 0.361546
0.10625 0.358764
0.10375 0.355832
0.13125 0.352845
0.14375 0.349628
0.11 0.346726
0.095 0.343478
0.10125 0.340018
0.1025 0.336499
0.08125 0.333162
0.0925 0.33003
0.08875 0.327014
0.095 0.324409
0.10625 0.321968
0.14375 0.319827
0.125 0.317893
0.11125 0.315842
0.1275 0.314054
0.115 0.311684
0.115 0.309471
0.1 0.30747
0.135 0.305787
0.0825 0.304176
0.085 0.302847
0.07375 0.301239
0.07625 0.29933
0.08875 0.297387
0.05625 0.295538
0.09625 0.293544
0.1375 0.2913
0.1625 0.28907
0.15625 0.286646
0.1375 0.284173
0.12125 0.281748
0.0725 0.279226
0.01875 0.276988
0.01625 0.274617
0.02375 0.272664
0.065 0.270233
0.06875 0.267927
0.07 0.26578
0.04625 0.263529
0.0225 0.261344
0.005 0.259365
0.035 0.257051
0.025 0.254647
0.00375 0.252584
0.055 0.250425
0.09875 0.249
0.1325 0.247654
0.1375 0.246416
0.12 0.245148
0.115 0.243583
0.08625 0.241937
0.11 0.240067
0.16125 0.238423
0.14125 0.236753
0.1325 0.234987
0.1425 0.233303
0.1275 0.231495
0.0875 0.229789
0.0875 0.228098
0.06875 0.225939
0.04625 0.223961
0.0575 0.22148
0.05625 0.218907
0.04125 0.215982
0.02 0.212926
0.00375 0.210102
0.03375 0.207664
0.00125 0.205279
0.00875 0.202895
0.02 0.199807
0.00125 0.196517
0.0175 0.193482
0.045 0.190542
0.0275 0.187651
0.02625 0.184365
0.055 0.181113
0.10125 0.177826
0.09625 0.174525
0.0575 0.171243
0.045 0.168136
0.06 0.165147
0.06625 0.162742
0.04875 0.160644
0.055 0.158516
0.0425 0.156735
0.07875 0.154838
0.10625 0.152753
0.05875 0.150968
0.06 0.149191
0.06125 0.147669
0.05625 0.146555
0.0475 0.145404
0.0675 0.143979
0.0525 0.142071
0.005 0.140168
0.00625 0.138256
0.02375 0.136423
0.00375 0.134633
0.00625 0.132748
0.04625 0.13131
0.03875 0.130038
0.0425 0.128599
0.01625 0.127566
0.025 0.126284
0.0575 0.124548
0.0825 0.122636
0.06625 0.120776
0.07125 0.119649
0.07125 0.118538
0.07375 0.11709
0.08375 0.115498
0.12 0.113949
0.11125 0.112647
0.10125 0.111229
0.11375 0.109605
0.11375 0.107579
0.13875 0.105529
0.15625 0.10338
0.1225 0.101246
0.12625 0.0991066
0.12125 0.096815
0.14 0.0950231
0.10625 0.093056
0.10875 0.0907976
0.07375 0.0883712
0.05375 0.0859044
0.07875 0.0829967
0.0925 0.080785
0.10875 0.0784108
0.09875 0.0759256
0.0875 0.0734073
0.12875 0.0713866
0.125 0.0692413
0.165 0.067153
0.18 0.0649923
0.12875 0.0630782
0.12125 0.0612855
0.09875 0.0591865
0.1075 0.0573604
0.1425 0.055536
0.125 0.05294
0.10375 0.050448
0.11625 0.0477881
0.115 0.0453189
0.08 0.0426322
0.07 0.0402647
0.06375 0.0377194
0.08625 0.0349789
0.07625 0.0320524
0.08375 0.0292916
0.0975 0.0266338
0.13 0.0239719
0.145 0.0209241
0.15875 0.0180516
0.1525 0.0157203
0.1525 0.0132923
0.11625 0.0112088
0.04875 0.00894058
0.065 0.00658519
0.07625 0.00475824
0.09875 0.00283672
0.105 0.00117638
0.14125 -0.000405024
0.13875 -0.00239716
0.09875 -0.00447652
0.14875 -0.00601348
0.15 -0.00772264
0.16625 -0.00926011
0.1625 -0.0104441
0.15625 -0.0118523
0.13 -0.0131327
0.18125 -0.014487
0.1625 -0.0160296
0.13375 -0.0177174
0.11 -0.0192476
0.1075 -0.0205904
0.1 -0.0223227
0.14 -0.0239277
0.15875 -0.0259038
0.15375 -0.0276505
0.13625 -0.0292617
0.16125 -0.0308565
0.14875 -0.032745
0.15875 -0.034562
0.17625 -0.0365069
0.16875 -0.0382061
0.15875 -0.0401354
0.12625 -0.0422439
0.15 -0.0443454
0.1225 -0.0465796
0.1675 -0.048838
0.14625 -0.051119
0.1225 -0.0535757
0.13 -0.0560022
0.14 -0.0584346
0.13375 -0.060638
0.13625 -0.0629461
0.08625 -0.0653045
0.1075 -0.0680909
0.1375 -0.0710148
0.175 -0.0738706
0.19 -0.0766455
0.215 -0.0789225
0.2075 -0.0810914
0.1925 -0.082765
0.20375 -0.0845535
0.18625 -0.0867161
0.19625 -0.0885014
0.2075 -0.0899508
0.1475 -0.0918393
0.155 -0.093205
0.17125 -0.0945434
0.20625 -0.0961198
0.1725 -0.0981438
0.2 -0.100079
0.20875 -0.101929
0.23375 -0.103466
0.25 -0.105709
0.21125 -0.108208
0.245 -0.110826
0.26875 -0.113926
0.30375 -0.117252
0.34375 -0.120609
0.3275 -0.124168
0.3475 -0.127197
0.3275 -0.13046
0.285 -0.133901
0.27375 -0.137254
0.24 -0.140422
0.20125 -0.143369
0.22 -0.146188
0.23 -0.148925
0.2275 -0.151702
0.23 -0.154346
0.2525 -0.156948
0.20375 -0.158817
0.18375 -0.160739
0.2225 -0.162342
0.21625 -0.164084
0.21625 -0.166202
0.22125 -0.168482
0.2525 -0.170594
0.305 -0.172859
0.30125 -0.175031
0.31375 -0.176837
0.35625 -0.178614
0.31 -0.180526
0.3275 -0.18263
0.335 -0.184761
0.36375 -0.186907
0.395 -0.18903
0.36125 -0.19139
0.36125 -0.193679
0.38875 -0.195926
0.4075 -0.198402
0.395 -0.200569
0.40125 -0.203214
0.355 -0.205695
0.39125 -0.208315
0.34375 -0.210974
0.33375 -0.213605
0.33125 -0.21634
0.335 -0.218921
0.335 -0.222016
0.275 -0.224762
0.26125 -0.227402
0.26 -0.230183
0.24125 -0.232769
0.2025 -0.235201
0.18 -0.237957
0.20875 -0.240585
0.2 -0.243375
0.2025 -0.246349
0.21 -0.249493
0.20875 -0.25268
0.21625 -0.255466
0.21875 -0.258139
0.23 -0.260586
0.22 -0.263296
0.15875 -0.265301
0.13875 -0.267506
0.145 -0.269739
0.12125 -0.272127
0.08375 -0.274646
0.12 -0.277487
0.12375 -0.280374
0.12 -0.283604
0.10375 -0.286595
0.125 -0.289433
0.1075 -0.292308
0.09125 -0.294777
0.0325 -0.296808
0.0425 -0.298968
0.05875 -0.301283
0.10625 -0.303925
0.15125 -0.306381
0.14125 -0.308352
0.095 -0.310146
0.09375 -0.31195
0.10375 -0.313619
0.1 -0.314935
0.07 -0.316415
0.0775 -0.31772
0.06625 -0.31872
0.06625 -0.319803
0.07625 -0.32067
0.045 -0.321744
0.05875 -0.322924
0.08 -0.324578
0.09875 -0.325989
0.15125 -0.326713
0.1625 -0.327352
0.17375 -0.328401
0.16625 -0.329542
0.1375 -0.330658
0.15875 -0.331547
0.185 -0.332284
0.14625 -0.333102
0.17625 -0.333831
0.2075 -0.334597
0.19875 -0.335584
0.20125 -0.336805
0.16 -0.338105
0.16875 -0.338999
0.145 -0.339648
0.1175 -0.340047
0.13875 -0.340148
0.16875 -0.340224
0.19 -0.340296
0.17125 -0.340152
0.145 -0.339522
0.16 -0.338993
0.16 -0.338286
0.17 -0.338115
0.165 -0.33821
0.15125 -0.337767
0.1175 -0.337598
0.1125 -0.337431
0.125 -0.337116
0.1275 -0.336367
0.12875 -0.335716
0.09875 -0.335306
0.13125 -0.335503
0.095 -0.335797
0.13375 -0.33607
0.115 -0.336598
0.13625 -0.337002
0.1425 -0.337149
0.16375 -0.337394
0.14375 -0.337404
0.13875 -0.336907
0.1675 -0.336021
0.1275 -0.335029
0.11 -0.334356
0.1425 -0.334152
0.16875 -0.334258
0.1725 -0.334861
0.18125 -0.335375
0.19125 -0.335567
0.15875 -0.335373
0.1425 -0.33542
0.17375 -0.335718
0.175 -0.336108
0.1975 -0.336169
0.2075 -0.335982
0.19875 -0.335856
0.1825 -0.335752
0.2075 -0.335828
0.15875 -0.33536
0.1925 -0.334568
0.19125 -0.333741
0.1975 -0.332792
0.19 -0.331597
0.18875 -0.330093
0.16375 -0.32827
0.1875 -0.326291
0.17375 -0.324239
0.115 -0.322148
0.1475 -0.320331
0.10125 -0.318355
0.06375 -0.316092
0.06625 -0.314022
0.09125 -0.311828
0.08625 -0.309448
0.1 -0.307241
0.115 -0.30497
0.07875 -0.303135
0.06 -0.301675
0.075 -0.300315
0.10625 -0.298723
0.07875 -0.296771
0.10125 -0.294714
0.1225 -0.292902
0.12875 -0.291432
0.145 -0.290205
0.13375 -0.289085
0.12 -0.288153
0.16 -0.287014
0.2475 -0.285961
0.235 -0.285178
0.25625 -0.284868
0.26125 -0.284571
0.26625 -0.28431
0.285 -0.283718
0.30125 -0.282966
0.31875 -0.281885
0.2625 -0.28093
0.24375 -0.27976
0.2525 -0.279521
0.24 -0.279206
0.31 -0.279019
0.31625 -0.278733
0.29375 -0.277652
0.29125 -0.276387
0.325 -0.275655
0.31375 -0.274988
0.30875 -0.274203
0.33125 -0.273277
0.32625 -0.272732
0.315 -0.271779
0.32875 -0.271094
0.325 -0.270107
0.3275 -0.268633
0.3175 -0.266791
0.2825 -0.265044
0.27 -0.263214
0.2625 -0.261001
0.25 -0.258727
0.21875 -0.256724
0.28 -0.254725
0.26125 -0.253041
0.3 -0.251412
0.32125 -0.249406
0.2925 -0.247555
0.32625 -0.24599
0.36125 -0.244835
0.35125 -0.243847
0.38125 -0.242605
0.37 -0.241643
0.3275 -0.240249
0.305 -0.238383
0.3225 -0.236323
0.27 -0.23431
0.3175 -0.232176
0.26875 -0.230157
0.305 -0.228082
0.2875 -0.226249
0.285 -0.224909
0.305 -0.223831
0.32125 -0.222177
0.3075 -0.22028
0.29875 -0.218358
0.3075 -0.215674
0.285 -0.213154
0.30125 -0.210635
0.325 -0.208379
0.335 -0.207044
0.34625 -0.205722
0.35 -0.204192
0.33 -0.202505
0.3625 -0.20051
0.33625 -0.198104
0.305 -0.195238
0.31875 -0.192287
0.36 -0.189577
0.36625 -0.186985
0.3575 -0.184151
0.3975 -0.18205
0.40625 -0.180281
0.40375 -0.178894
0.4375 -0.177349
0.41 -0.175731
0.395 -0.173932
0.4125 -0.172179
0.48125 -0.169815
0.5125 -0.167373
0.5025 -0.164841
0.5275 -0.162408
0.575 -0.159836
0.57125 -0.157078
0.58375 -0.154235
0.585 -0.151715
0.59625 -0.149224
0.60625 -0.146515
0.63125 -0.143865
0.67375 -0.14116
0.6475 -0.138385
0.6625 -0.135323
0.65625 -0.132245
0.64375 -0.128699
0.66875 -0.125412
0.6425 -0.122127
0.65 -0.118823
0.62875 -0.115869
0.635 -0.112889
0.6325 -0.109818
0.61875 -0.106738
0.62125 -0.103124
0.61875 -0.0996774
0.615 -0.0960047
0.65625 -0.0919621
0.65625 -0.0887333
0.6625 -0.085714
0.6925 -0.0826666
0.6875 -0.0796669
0.70875 -0.0759381
0.69625 -0.0720908
0.68 -0.0680485
0.67 -0.0639092
0.6475 -0.0600817
0.63 -0.0565682
0.62375 -0.0534792
0.5925 -0.0497358
0.6 -0.0465192
0.5825 -0.0434656
0.59875 -0.0401288
0.615 -0.0371581
0.62125 -0.033859
0.6125 -0.0305081
0.63875 -0.0274406
0.64 -0.0245419
0.64625 -0.0213477
0.61625 -0.0180855
0.5975 -0.0147989
0.61375 -0.0111816
0.65 -0.00814321
0.64375 -0.0047537
0.66 -0.0015133
0.68 0.00168575
0.71375 0.00501159
0.695 0.00903564
0.6775 0.013422
0.705 0.0180057
0.715 0.0224754
0.695 0.0271423
0.675 0.0314288
0.66375 0.0358267
0.66375 0.0400662
0.645 0.0447154
0.67125 0.0495019
0.66 0.0541588
0.655 0.0587914
0.64625 0.0632663
0.6825 0.067578
0.65875 0.0721754
0.695 0.0766231
0.66 0.081302
0.6925 0.0856402
0.67375 0.0897138
0.665 0.0937842
0.67 0.0975573
0.6625 0.101514
0.67875 0.105376
0.645 0.109078
0.65125 0.113125
0.615 0.117116
0.6125 0.120788
0.6325 0.124492
0.63875 0.128454
0.64625 0.132398
0.62375 0.136647
0.6025 0.140078
0.605 0.144038
0.64 0.148306
0.65375 0.152671
0.6375 0.156783
0.63625 0.161229
0.6175 0.165755
0.62875 0.17028
0.60875 0.174967
0.6225 0.179403
0.61125 0.183754
0.6125 0.187898
0.6225 0.192396
0.6575 0.197012
0.6875 0.201315
0.655 0.205815
0.63625 0.209865
0.6375 0.214285
0.64375 0.218215
0.685 0.222156
0.715 0.226095
0.7 0.229951
0.74 0.233618
0.75375 0.236936
0.72125 0.240082
0.71125 0.243447
0.70875 0.246941
0.68875 0.250979
0.63375 0.254959
0.67125 0.258684
0.64125 0.26214
0.60125 0.265663
0.615 0.269077
0.62125 0.272757
0.62375 0.275598
0.65375 0.27814
0.655 0.280635
0.6725 0.282971
0.6825 0.285147
0.6575 0.287227
0.63875 0.289208
0.6225 0.291518
0.58875 0.29347
0.61875 0.295713
0.6125 0.297972
0.64 0.299991
0.60875 0.301686
0.6375 0.303978
0.64375 0.306265
0.65375 0.308775
0.62125 0.311356
0.6 0.313704
0.63375 0.31604
0.65375 0.318633
0.685 0.320956
0.705 0.323521
0.71125 0.325971
0.65875 0.328516
0.66 0.331253
0.65 0.334059
0.6825 0.336533
0.68625 0.338948
0.6775 0.341873
0.66125 0.345134
0.68625 0.347944
0.67625 0.350454
0.6525 0.352613
0.63125 0.355072
0.645 0.357355
0.6625 0.360052
0.6425 0.36247
0.66375 0.365464
0.60875 0.368404
0.60625 0.371175
0.6125 0.373929
0.6175 0.376133
0.61375 0.378691
0.58125 0.381197
0.6025 0.383433
0.63625 0.385733
0.65875 0.387506
0.64125 0.389372
0.6725 0.39092
0.68125 0.392538
0.7025 0.394214
0.69 0.395941
0.67125 0.397519
0.63625 0.399391
0.65 0.401205
0.67375 0.402462
0.66875 0.403866
0.68 0.405484
0.69375 0.406959
0.70375 0.408445
0.67 0.409888
0.70125 0.411
0.74375 0.412556
0.72625 0.414554
0.70125 0.416587
0.69625 0.418089
0.7275 0.419549
0.745 0.421292
0.74375 0.422678
0.75 0.423826
0.755 0.425045
0.74125 0.426562
0.76875 0.428703
0.785 0.430882
0.75375 0.433629
0.75125 0.436129
0.7575 0.438851
0.74375 0.441229
0.72625 0.443708
0.755 0.446523
0.75 0.449002
0.775 0.451293
0.76125 0.453979
0.77875 0.456614
0.76125 0.45969
0.70375 0.462727
0.73375 0.466191
0.74 0.469586
0.76875 0.472706
0.7725 0.475243
0.7475 0.478053
0.745 0.480419
0.71625 0.482819
0.71625 0.485209
0.71625 0.487368
0.7225 0.489508
0.7275 0.491884
0.7325 0.493624
0.765 0.495544
0.7725 0.49799
0.78375 0.500691
0.7875 0.503549
0.78875 0.506644
0.7825 0.50923
0.755 0.511629
0.76 0.514321
0.69625 0.517346
0.7225 0.520293
0.70875 0.523053
0.69125 0.525439
0.685 0.528311
0.685 0.530721
0.69875 0.533302
0.6725 0.535584
0.65375 0.537537
0.6575 0.539141
0.66125 0.540789
0.66375 0.542216
0.6825 0.543757
0.6825 0.545323
0.6775 0.546872
0.66375 0.54856
0.64375 0.550389
0.64625 0.551762
0.645 0.552855
0.67125 0.553633
0.69125 0.55458
0.69875 0.555507
0.6975 0.556123
0.74125 0.556836
0.73875 0.55674
0.73625 0.55626
0.75625 0.556405
0.74125 0.556418
0.76875 0.557527
0.80125 0.558439
0.76625 0.559302
0.75375 0.560613
0.7425 0.562474
0.755 0.564038
0.73 0.565461
0.745 0.566611
0.745 0.567998
0.745 0.569117
0.79 0.570318
0.77125 0.571175
0.79875 0.572019
0.80375 0.573551
0.80625 0.574817
0.815 0.57582
0.8175 0.577034
0.79625 0.577803
0.785 0.579101
0.80375 0.580468
0.8025 0.581185
0.765 0.581796
0.745 0.582535
0.71375 0.583101
0.74625 0.584248
0.80125 0.585295
0.78875 0.586435
0.79 0.587618
0.77375 0.588585
0.75375 0.589279
0.79125 0.590066
0.77125 0.590652
0.77 0.590931
0.78625 0.590871
0.78 0.59078
0.78875 0.59086
0.73875 0.590867
0.725 0.590897
0.7175 0.590758
0.75125 0.590816
0.76 0.591051
0.72 0.591211
0.7325 0.591425
0.7275 0.591034
0.73375 0.59092
0.74 0.590623
0.75875 0.590399
0.76875 0.590335
0.76375 0.590682
0.76125 0.590771
0.78 0.590847
0.74625 0.590035
0.71875 0.590135
0.74375 0.590281
0.77375 0.590391
0.79125 0.590092
0.7625 0.590193
0.7375 0.590159
0.73375 0.590142
0.73375 0.590044
0.74875 0.590393
0.74 0.590432
0.73 0.590623
0.725 0.590718
0.7075 0.590835
0.69875 0.590731
0.67625 0.590372
0.6875 0.590365
0.71125 0.590683
0.705 0.59079
0.67875 0.591163
0.6625 0.59144
0.65 0.591278
0.59875 0.591054
0.58375 0.59079
0.58375 0.59064
0.55625 0.590717
0.5475 0.590147
0.535 0.589856
0.53125 0.590114
0.53875 0.590266
0.5075 0.590812
0.55875 0.591509
0.57625 0.592237
0.5675 0.593245
0.55875 0.593409
0.55625 0.593712
0.58625 0.594016
0.5875 0.594503
0.59125 0.594737
0.59125 0.595441
0.54625 0.59558
0.56625 0.595367
0.58875 0.595109
0.63 0.594975
0.6275 0.594569
0.65625 0.594223
0.63375 0.593548
0.63 0.593101
0.56875 0.592185
0.5725 0.59101
0.54625 0.589738
0.545 0.589135
0.5725 0.588388
0.57 0.587364
0.58875 0.58627
0.6275 0.585466
0.6 0.584665
0.64375 0.583239
0.63625 0.582062
0.60375 0.580866
0.63875 0.579563
0.64875 0.578631
0.64625 0.577334
0.675 0.576009
0.645 0.574867
0.64 0.57376
0.63 0.57277
0.64625 0.572644
0.63 0.571761
0.64875 0.571319
0.65 0.570602
0.6325 0.569488
0.6775 0.567691
0.65375 0.566467
0.64625 0.565598
0.6625 0.564247
0.63625 0.562886
0.66 0.560765
0.6475 0.558571
0.63625 0.556888
0.63375 0.554896
0.65875 0.552799
0.64625 0.550905
0.61875 0.548187
0.66875 0.545309
0.67125 0.542044
0.665 0.538412
0.675 0.535138
0.675 0.532212
0.67375 0.529891
0.7025 0.527732
0.725 0.525426
0.7325 0.52275
0.72875 0.519868
0.7075 0.5165
0.7 0.512857
0.67875 0.509418
0.70875 0.506322
0.71375 0.503718
0.68875 0.500705
0.6775 0.498152
0.695 0.495192
0.64375 0.492186
0.65125 0.489023
0.65125 0.485379
0.62125 0.48157
0.605 0.477842
0.6 0.474218
0.61625 0.470881
0.6425 0.467298
0.65125 0.463691
0.62875 0.46015
0.5875 0.457171
0.60625 0.45387
0.58375 0.449711
0.6275 0.444951
0.6025 0.439823
0.60375 0.434581
0.58375 0.429866
0.5925 0.425153
0.5825 0.420444
0.55125 0.415393
0.56875 0.411046
0.53375 0.406023
0.5425 0.401407
0.51125 0.396926
0.515 0.392557
0.50875 0.388224
0.51125 0.383935
0.4725 0.379542
0.48125 0.374889
0.45875 0.370343
0.47625 0.366222
0.49875 0.362828
0.47875 0.359414
0.475 0.355441
0.4975 0.352237
0.45 0.348679
0.42375 0.345214
0.42375 0.342162
0.41 0.338798
0.43875 0.335451
0.4325 0.332132
0.3975 0.327975
0.405 0.324647
0.3775 0.321784
0.33375 0.318521
0.3275 0.315013
0.29375 0.31103
0.28375 0.306755
0.32625 0.302641
0.355 0.298305
0.36 0.294114
0.32375 0.28941
0.34 0.284372
0.32375 0.279584
0.34 0.275156
0.37 0.270395
0.35875 0.26578
0.33875 0.261345
0.3525 0.257384
0.34875 0.254001
0.35625 0.250412
0.37375 0.246556
0.375 0.242408
0.37375 0.237779
0.41 0.233466
0.40875 0.229686
0.4 0.225684
0.395 0.221649
0.40125 0.217389
0.4075 0.21264
0.42 0.208284
0.41625 0.204323
0.435 0.200006
0.4675 0.195636
0.44125 0.190923
0.4325 0.186281
0.45875 0.181875
0.46875 0.177253
0.46625 0.172568
0.4625 0.168105
0.4 0.164056
0.38875 0.159863
0.38 0.156402
0.3925 0.151664
0.3825 0.146886
0.365 0.142587
0.36375 0.138412
0.365 0.134049
0.34125 0.129624
0.33 0.125393
0.3475 0.122265
0.385 0.119199
0.39125 0.115521
0.34875 0.11172
0.33625 0.108122
0.355 0.104489
0.37375 0.100549
0.3875 0.0964935
0.38 0.0927263
0.39875 0.0882608
0.38625 0.0840271
0.375 0.0794343
0.4175 0.0748216
0.44375 0.0699939
0.42125 0.0649836
0.41 0.0597319
0.36625 0.0536242
0.37 0.0477234
0.3525 0.0423462
0.3675 0.0377029
0.3825 0.0321784
0.33875 0.0265101
0.3775 0.0217507
0.325 0.0174299
0.33 0.0133249
0.355 0.00923851
0.285 0.00473724
0.2975 0.000154916
0.29125 -0.00445373
0.2625 -0.00919006
0.27625 -0.0136753
0.3025 -0.0187098
0.27125 -0.0236496
0.28125 -0.0285768
0.27875 -0.0338215
0.3275 -0.0389223
0.335 -0.0435329
0.295 -0.0477018
0.26125 -0.0515197
0.27125 -0.0552459
0.2625 -0.0590546
0.25875 -0.063356
0.2425 -0.0673464
0.27625 -0.0717493
0.26625 -0.0756365
0.2475 -0.0796081
0.25875 -0.0829587
0.2425 -0.0870917
0.24625 -0.0914083
0.25375 -0.0959271
0.2225 -0.100825
0.235 -0.105464
0.22375 -0.11009
0.19 -0.11431
0.185 -0.118477
0.19 -0.122247
0.18 -0.125722
0.1925 -0.129759
0.20125 -0.133501
0.215 -0.137074
0.23125 -0.1403
0.23375 -0.143492
0.19625 -0.146612
0.19 -0.149812
0.14125 -0.153286
0.14625 -0.15677
0.13375 -0.160145
0.13875 -0.163442
0.12625 -0.166381
0.125 -0.169333
0.13 -0.172147
0.07875 -0.174953
0.07 -0.177517
0.07125 -0.180598
0.0975 -0.18378
0.05875 -0.18661
0.0625 -0.190252
0.06875 -0.193966
0.01375 -0.197207
0.04625 -0.200539
0.075 -0.203909
0.04375 -0.207265
0.05875 -0.210463
0.03375 -0.21307
0.04625 -0.216491
0.0675 -0.219324
0.09 -0.221997
0.11 -0.22503
0.1075 -0.22798
0.0725 -0.230986
0.10625 -0.233951
0.05125 -0.236901
0.035 -0.23987
0.0175 -0.24288
0.0175 -0.245251
0.0575 -0.248003
0.05125 -0.250931
0.05875 -0.253854
0.0575 -0.256624
0.025 -0.258975
0.0225 -0.261863
0.03 -0.265295
0.045 -0.268074
0.03875 -0.270572
0.00625 -0.273434
0.0325 -0.276192
0.0325 -0.278702
0.0575 -0.280948
0.07 -0.284235
0.095 -0.287633
0.0975 -0.2912
0.1075 -0.294341
0.085 -0.297519
0.05375 -0.300278
0.05625 -0.302992
0.02875 -0.304816
0.0125 -0.30735
0.01625 -0.309155
0.0175 -0.310692
0.035 -0.312161
0.02 -0.313939
0.0025 -0.3156
0.02375 -0.317437
0.06125 -0.318862
0.0425 -0.320333
0.02125 -0.32091
0.00375 -0.320995
0.02625 -0.320554
0.055 -0.320241
0.045 -0.320136
0.0125 -0.319971
0.0375 -0.319651
0.05 -0.31945
0.05875 -0.318808
0.07125 -0.317993
0.0825 -0.317549
0.08125 -0.317327
0.0875 -0.317382
0.06125 -0.317498
0.0825 -0.316734
0.08375 -0.315645
0.11375 -0.314398
0.08625 -0.313095
0.0975 -0.312158
0.11125 -0.311728
0.195 -0.310693
0.22 -0.310355
0.19 -0.310024
0.16 -0.309442
0.1425 -0.308496
0.14875 -0.307822
0.1325 -0.306745
0.12875 -0.30594
0.1325 -0.304963
0.115 -0.303717
0.11375 -0.302394
0.14 -0.300817
0.165 -0.299238
0.1425 -0.297265
0.17375 -0.295158
0.17625 -0.292683
0.195 -0.289953
0.1825 -0.287691
0.2 -0.285129
0.17125 -0.282491
0.14375 -0.27962
0.1725 -0.277161
0.175 -0.274909
0.1925 -0.27243
0.2225 -0.270049
0.21125 -0.267564
0.20125 -0.265208
0.1725 -0.262628
0.1525 -0.260232
0.14125 -0.257842
0.14375 -0.255482
0.1625 -0.25325
0.15625 -0.251192
0.1875 -0.249391
0.18625 -0.247368
0.20125 -0.245686
0.21375 -0.244853
0.26 -0.242884
0.2375 -0.239913
0.24125 -0.237299
0.18125 -0.234603
0.16 -0.231978
0.1125 -0.228939
0.1125 -0.225743
0.1775 -0.222522
0.19625 -0.220132
0.25375 -0.217519
0.24875 -0.215022
0.2275 -0.212172
0.2325 -0.209618
0.20125 -0.207483
0.21875 -0.205605
0.21875 -0.2034
0.22375 -0.201299
0.265 -0.199666
0.2975 -0.197894
0.25875 -0.196553
0.27875 -0.194833
0.26 -0.192951
0.26625 -0.191079
0.2675 -0.189348
0.2625 -0.186813
0.2525 -0.184231
0.2375 -0.181186
0.27375 -0.178529
0.29875 -0.175503
0.29125 -0.172523
0.30125 -0.169463
0.285 -0.166693
0.26875 -0.163266
0.28875 -0.159379
0.305 -0.155567
0.335 -0.152459
0.38625 -0.150099
0.3875 -0.147827
0.3925 -0.145005
0.43 -0.142513
0.45625 -0.138977
0.4775 -0.136063
0.465 -0.134382
0.49125 -0.132963
0.49875 -0.131788
0.4425 -0.130097
0.4325 -0.128703
0.43375 -0.127518
0.435 -0.126291
0.435 -0.124666
0.45125 -0.123433
0.455 -0.122272
0.46625 -0.121531
0.43875 -0.121092
0.45125 -0.120686
0.4625 -0.120691
0.47375 -0.12119
0.4875 -0.122585
0.47375 -0.124601
0.4875 -0.126677
0.50625 -0.128157
0.44875 -0.129726
0.455 -0.130811
0.4725 -0.13183
0.48375 -0.132381
0.50125 -0.132323
0.485 -0.132227
0.495 -0.132187
0.47875 -0.131524
0.47 -0.130867
0.525 -0.130197
0.55 -0.129895
0.57875 -0.130257
0.56875 -0.130962
0.5675 -0.131561
0.53875 -0.131722
0.565 -0.131367
0.58625 -0.130495
0.56375 -0.129269
0.58875 -0.127959
0.6 -0.12744
0.55875 -0.127287
0.5725 -0.127099
0.55 -0.127515
0.525 -0.127689
0.515 -0.127162
0.53 -0.126365
0.5275 -0.126273
0.5225 -0.125913
0.53 -0.125634
0.545 -0.125632
0.53375 -0.126424
0.49 -0.127369
0.485 -0.127807
0.4925 -0.128171
0.50875 -0.128059
0.48625 -0.127982
0.49625 -0.127138
0.50375 -0.125523
0.50125 -0.12368
0.4725 -0.122279
0.49 -0.120436
0.51875 -0.11874
0.545 -0.116687
0.5325 -0.114229
0.52125 -0.111658
0.535 -0.108909
0.54375 -0.106265
0.5375 -0.103167
0.56 -0.0996851
0.58625 -0.0969425
0.595 -0.0940638
0.62125 -0.0908198
0.595 -0.0873503
0.5975 -0.0837174
0.5725 -0.0808392
0.58375 -0.0779708
0.61125 -0.0749777
0.6025 -0.0721355
0.59375 -0.0700425
0.63125 -0.0673246
0.64375 -0.0647993
0.6475 -0.0625052
0.695 -0.0600106
0.69125 -0.0579052
0.69 -0.0567103
0.66125 -0.0553349
0.64625 -0.0544078
0.66 -0.0528722
0.66875 -0.0504847
0.66625 -0.0480092
0.67125 -0.0451725
0.6575 -0.042558
0.67375 -0.0395783
0.62875 -0.0370055
0.6175 -0.0342769
0.6425 -0.0307243
0.6275 -0.027824
0.6375 -0.0258337
0.63 -0.0244289
0.63125 -0.021754
0.6525 -0.0190843
0.63375 -0.0166439
0.64875 -0.0146246
0.655 -0.0117349
0.6775 -0.00937104
0.66875 -0.00748516
0.69875 -0.00618016
0.6925 -0.00500831
0.6875 -0.00411079
0.7025 -0.00343151
0.68625 -0.00238728
0.665 -0.00151332
0.70125 -0.000961154
0.68125 -0.000776506
0.6725 0.000270353
0.6775 0.0013989
0.68 0.00207783
0.6525 0.00196291
0.62375 0.00241028
0.66125 0.00346656
0.655 0.00345286
0.6575 0.00356178
0.63 0.00357931
0.65125 0.00422935
0.63 0.00547427
0.6575 0.00806904
0.64125 0.0107636
0.63875 0.0142096
0.63875 0.0171193
0.65 0.0192867
0.68875 0.0216395
0.70125 0.0233084
0.69875 0.0243002
0.70875 0.0248327
0.7275 0.0248591
0.745 0.0235971
0.73 0.0211468
0.73875 0.0192975
0.7525 0.017896
0.74875 0.0175668
0.7575 0.0173935
0.7675 0.016721
0.74875 0.0159329
0.76 0.0164001
0.77375 0.0165593
0.77375 0.0168144
0.775 0.017261
0.7775 0.0179423
0.77375 0.0188625
0.7575 0.0199281
0.75625 0.0202987
0.75875 0.0206847
0.7575 0.0214306
0.75875 0.0228437
0.765 0.0242523
0.76625 0.02533
0.7575 0.0264975
0.72625 0.0284372
0.7425 0.0307841
0.7275 0.0324464
0.71125 0.034075
0.7275 0.0367245
0.7375 0.0389299
0.7275 0.0405787
0.7325 0.0419974
0.73125 0.04285
0.735 0.0431584
0.76625 0.0435641
0.7375 0.0437562
0.73 0.0443977
0.69125 0.0456219
0.6275 0.0468636
0.63625 0.0486596
0.65625 0.0503258
0.6675 0.0512299
0.64 0.0508716
0.6225 0.050787
0.59375 0.0513511
0.61625 0.0512248
0.625 0.0507339
0.62 0.0500575
0.63125 0.0500611
0.62375 0.0502515
0.59375 0.0512264
0.59125 0.0525259
0.6075 0.054469
0.625 0.0555975
0.625 0.0567789
0.6525 0.0590715
0.66625 0.0612092
0.68875 0.0620682
0.68875 0.0622339
0.69 0.0632574
0.67875 0.0641454
0.69 0.0655259
0.67375 0.0658668
0.7 0.0663148
0.7075 0.0669599
0.695 0.0678034
0.665 0.0686041
0.6675 0.0698541
0.6925 0.0703737
0.7 0.0697363
0.66625 0.0682391
0.68625 0.0671131
0.7075 0.066839
0.7 0.0662334
0.685 0.0657888
0.65125 0.0656008
0.6775 0.0659173
0.6925 0.0652931
0.68125 0.0645163
0.67 0.064064
0.68625 0.0642227
0.695 0.0642431
0.66875 0.0653718
0.69125 0.0671
0.67125 0.0688667
0.6875 0.0717979
0.68875 0.0754011
0.69875 0.0784679
0.7225 0.0815925
0.7575 0.0842445
0.7925 0.0869687
0.7875 0.0895018
0.78375 0.0920286
0.8 0.0933965
0.77875 0.0945551
0.7725 0.0959845
0.76125 0.0966708
0.78125 0.0980564
0.76125 0.0990775
0.77375 0.100924
0.76625 0.102161
0.76625 0.104592
0.7925 0.10665
0.7775 0.108119
0.7625 0.109018
0.76375 0.10945
0.76125 0.109936
0.78125 0.10967
0.7725 0.109058
0.765 0.109715
0.7575 0.109785
0.75125 0.110313
0.73625 0.111648
0.7075 0.113543
0.73375 0.116435
0.7175 0.118783
0.72125 0.122106
0.71625 0.124829
0.7075 0.127985
0.705 0.131736
0.72875 0.135796
0.73125 0.140391
0.7075 0.145194
0.68875 0.14951
0.67125 0.153528
0.665 0.157858
0.6525 0.16325
0.66375 0.168686
0.675 0.173541
0.69125 0.1779
0.72625 0.181607
0.74875 0.185252
0.755 0.188257
0.775 0.192097
0.78875 0.195588
0.81 0.199568
0.80625 0.202988
0.77625 0.207103
0.78125 0.211537
0.79 0.21649
0.73625 0.221039
0.72 0.226069
0.7125 0.230337
0.7175 0.23408
0.7425 0.237048
0.72125 0.240178
0.69 0.243386
0.72375 0.247106
0.75 0.249455
0.7475 0.251052
0.77875 0.252601
0.76875 0.253932
0.75 0.254987
0.7475 0.25617
0.745 0.257092
0.74875 0.25865
0.75125 0.260086
0.79375 0.260647
0.81375 0.260313
0.81375 0.259859
0.8275 0.259869
0.795 0.259431
0.77875 0.257462
0.8075 0.255685
0.8275 0.253729
0.82 0.251313
0.82 0.24876
0.8075 0.246235
0.7925 0.243844
0.8025 0.242485
0.8025 0.241756
0.7925 0.24174
0.815 0.239849
0.79 0.237421
0.79375 0.236409
0.8175 0.236832
0.81 0.236482
0.79125 0.235666
0.79375 0.234972
0.785 0.235872
0.78125 0.237036
0.77875 0.237208
0.76375 0.237992
0.73375 0.239115
0.7325 0.240425
0.74375 0.241942
0.7425 0.242547
0.765 0.242939
0.7775 0.241902
0.73 0.240827
0.6875 0.240941
0.70875 0.240834
0.70625 0.239696
0.72625 0.239313
0.7375 0.238674
0.72625 0.237176
0.75125 0.235383
0.73 0.233777
0.73625 0.231794
0.71875 0.229985
0.69875 0.229124
0.6575 0.228359
0.655 0.228206
0.64375 0.227856
0.6525 0.225769
0.69125 0.225339
0.725 0.224352
0.7025 0.222729
0.7075 0.22086
0.705 0.219503
0.6975 0.217852
0.71125 0.215118
0.7 0.212005
0.7075 0.209281
0.70375 0.207054
0.65 0.205096
0.66125 0.203781
0.6575 0.202457
0.7 0.201411
0.75125 0.200997
0.755 0.199576
0.775 0.19715
0.8025 0.193289
0.80375 0.190055
0.8025 0.187422
0.7625 0.184872
0.77375 0.182349
0.77 0.180184
0.76625 0.178145
0.785 0.176908
0.7925 0.174642
0.79 0.169794
0.81375 0.166675
0.79875 0.164306
0.77375 0.161392
0.77375 0.159348
0.795 0.157452
0.795 0.156544
0.82 0.155221
0.785 0.15338
0.7825 0.151523
0.79625 0.149012
0.81625 0.146386
0.8125 0.141929
0.82875 0.137599
0.82 0.133113
0.82 0.128217
0.81625 0.123192
0.785 0.117843
0.8075 0.112658
0.82125 0.106736
0.81 0.102751
0.8375 0.0989906
0.83375 0.0935523
0.8525 0.0882667
0.815 0.0836393
0.8 0.0798109
0.7625 0.0754388
0.80125 0.0707399
0.7875 0.0672839
0.77 0.0646109
0.75875 0.0624397
0.76125 0.0601982
0.75 0.0583017
0.75 0.0574408
0.71625 0.0559726
0.7325 0.0547376
0.70875 0.0545472
0.7025 0.0539351
0.7325 0.0537677
0.72 0.0527682
0.74375 0.0530147
0.79875 0.0529479
0.78 0.052715
0.77375 0.0517472
0.8025 0.0520483
0.83125 0.0515321
0.82 0.0500907
0.815 0.0484318
0.8025 0.0471316
0.82625 0.0458783
0.80125 0.0431822
0.79 0.0409843
0.7725 0.0386045
0.805 0.0357848
0.79625 0.0329901
0.81125 0.0321318
0.79625 0.0311533
0.80125 0.0294045
0.79375 0.026849
0.8025 0.024116
0.8275 0.0229092
0.8075 0.0199173
0.78625 0.0178852
0.78375 0.0157884
0.8 0.0139286
0.78625 0.0130694
0.75875 0.0125243
0.775 0.0105367
0.78875 0.00961888
0.7775 0.00906102
0.78625 0.00951662
0.74875 0.00984511
0.7325 0.0122791
0.72625 0.0143087
0.66125 0.0163545
0.6625 0.0185561
0.69375 0.0209365
0.695 0.0221191
0.68625 0.0242126
0.72125 0.0259265
0.72375 0.0283518
0.70875 0.0299853
0.71375 0.03188
0.72125 0.0337653
0.71 0.0359511
0.67375 0.0374032
0.64125 0.0400376
0.62125 0.0416487
0.65625 0.0418848
0.66 0.0425851
0.67875 0.0425675
0.66625 0.0421854
0.65375 0.0417445
0.655 0.0423834
0.65875 0.0430581
0.675 0.0425672
0.665 0.0418701
0.66 0.0423608
0.68875 0.0429049
0.6925 0.0430878
0.66125 0.0420768
0.675 0.0415765
0.715 0.0403506
0.74 0.0377058
0.74125 0.0345063
0.74875 0.030037
0.73625 0.0264438
0.76875 0.0229381
0.76625 0.0208895
0.7575 0.0188785
0.73 0.0153485
0.71125 0.0111283
0.73125 0.0080715
0.73875 0.00571013
0.76375 0.00353586
0.7625 0.00117384
0.705 -0.000404673
0.66875 -0.00173681
0.68125 -0.00370444
0.675 -0.00783198
0.62375 -0.0126378
0.60875 -0.0181598
0.59375 -0.0220523
0.5625 -0.0262451
0.59125 -0.0304025
0.59375 -0.0343902
0.56 -0.0383797
0.53875 -0.0411692
0.5575 -0.0424003
0.5 -0.0447512
0.49625 -0.046119
0.48875 -0.0457087
0.50375 -0.045183
0.5575 -0.0432791
0.51 -0.0423068
0.49375 -0.0411616
0.47375 -0.0382585
0.49125 -0.0354681
0.48375 -0.0332354
0.5225 -0.0327296
0.525 -0.0328761
0.56125 -0.0323719
0.57 -0.0332092
0.58125 -0.0345358
0.57875 -0.0351336
0.57 -0.0356354
0.54875 -0.0365622
0.56 -0.0374213
0.55375 -0.0378475
0.50125 -0.0372611
0.49 -0.0373255
0.4575 -0.036743
0.5125 -0.0361436
0.52125 -0.0364481
0.49125 -0.0367306
0.49125 -0.0356165
0.48375 -0.0350991
0.44625 -0.0354434
0.43125 -0.034333
0.425 -0.0329263
0.435 -0.0298148
0.41875 -0.0284918
0.4475 -0.0280876
0.42375 -0.0258527
0.485 -0.0244659
0.46625 -0.023345
0.47125 -0.023223
0.47 -0.0212059
0.51125 -0.0191618
0.50375 -0.0180942
0.51125 -0.0169938
0.5125 -0.0153069
0.47375 -0.0155388
0.47125 -0.0148365
0.4525 -0.0131243
0.47375 -0.00840439
0.47625 -0.00457247
0.46625 -0.000983712
0.46375 -1.69261e-06
0.51875 0.00232728
0.54125 0.00283197
0.50375 0.00161597
0.49875 0.00122814
0.4975 0.000878775
0.5375 0.00252159
0.56375 0.00401856
0.5375 0.00508818
0.52375 0.00569331
0.555 0.00307659
0.545 0.00320833
0.54625 0.00479972
0.56125 0.00589672
0.58625 0.00670376
0.55625 0.00754004
0.57125 0.00998086
0.58125 0.0111306
0.57 0.011761
0.56 0.0130406
0.5525 0.0144733
0.55 0.0167842
0.57125 0.0190581
0.5725 0.0219325
0.60375 0.0253315
0.60875 0.0286805
0.63 0.0302685
0.6125 0.0318139
0.6425 0.0337009
0.64875 0.0369117
0.64875 0.0381613
0.64125 0.0385382
0.625 0.0389455
0.59875 0.0405565
0.5875 0.0391962
0.56625 0.0357474
0.53625 0.0305246
0.55625 0.0252217
0.58625 0.0229608
0.5975 0.0191955
0.6125 0.0130485
0.6425 0.00862099
0.61 0.00542527
0.61375 0.00379238
0.61625 0.0012838
0.625 -0.00441137
0.62125 -0.00784844
0.6025 -0.013693
0.6275 -0.0139634
0.61 -0.0159797
0.67875 -0.0189633
0.655 -0.0191015
0.66375 -0.0197826
0.65 -0.023493
0.68625 -0.0280234
0.70625 -0.0286108
0.7025 -0.0275977
0.6875 -0.0252293
0.7275 -0.0237451
0.70875 -0.021694
0.73875 -0.0187168
0.69625 -0.0191351
0.67875 -0.0189018
0.6625 -0.0159367
0.67125 -0.0107438
0.66625 -0.0047145
0.665 0.00364146
0.64125 0.0088316
0.65 0.0119064
0.67 0.0123184
0.64625 0.0125219
0.635 0.0153648
0.6625 0.0122599
0.62375 0.0119388
0.64625 0.0116311
0.63125 0.0125618
0.6375 0.00758519
0.6325 0.00230259
0.5875 0.00202841
0.5825 0.00155878
0.58375 -0.00347714
0.53625 -0.006955
0.5375 -0.00623279
0.51125 -0.00423561
0.4875 -0.00256792
0.4525 -0.000346017
0.4225 -0.000638581
0.43125 0.000232129
0.44 0.000195859
0.425 0
