0.7225 1
0.72625 0.959575
0.73125 0.923919
0.74625 0.890884
0.69625 0.860673
0.72 0.832245
0.72875 0.806242
0.71875 0.785065
0.7025 0.763289
0.7 0.741772
0.69625 0.720866
0.72 0.698637
0.705 0.67553
0.71125 0.652861
0.74875 0.630922
0.7575 0.611696
0.75875 0.59034
0.7375 0.569839
0.7475 0.548991
0.72875 0.528658
0.73875 0.51137
0.72375 0.494174
0.74125 0.476528
0.75125 0.457465
0.7525 0.440366
0.76625 0.423574
0.76625 0.407448
0.7925 0.391431
0.785 0.374831
0.7675 0.360339
0.74875 0.345411
0.75875 0.328201
0.76625 0.312336
0.78375 0.297991
0.77375 0.283742
0.785 0.267344
0.78 0.250514
0.77125 0.234792
0.78125 0.219378
0.8125 0.202508
0.81375 0.187411
0.78 0.173729
0.7575 0.162411
0.7325 0.148759
0.74625 0.136276
0.7475 0.124251
0.72625 0.112095
0.73625 0.100757
0.75875 0.0910453
0.76375 0.0813815
0.75875 0.0734929
0.74125 0.065291
0.7375 0.0568629
0.7425 0.0478772
0.7425 0.0382086
0.74125 0.029293
0.7375 0.0206721
0.755 0.014068
0.7775 0.00893891
0.76125 0.00242858
0.7375 -0.0046425
0.72375 -0.0126568
0.71 -0.02005
0.7225 -0.0268762
0.73375 -0.035726
0.75375 -0.0431699
0.73875 -0.0515534
0.75125 -0.0575991
0.73125 -0.0660848
0.73 -0.0739163
0.70125 -0.0801019
0.71625 -0.0883517
0.70875 -0.0944949
0.74875 -0.100767
0.71625 -0.105933
0.69125 -0.109231
0.71625 -0.113781
0.71875 -0.117389
0.71 -0.118655
0.715 -0.117872
0.7125 -0.117457
0.73625 -0.118639
0.77375 -0.117087
0.78375 -0.116767
0.78 -0.115459
0.77875 -0.1139
0.755 -0.111805
0.73875 -0.109343
0.7675 -0.106945
0.74375 -0.102898
0.71375 -0.0977793
0.78125 -0.0905027
0.7775 -0.0848092
0.78875 -0.081342
0.7925 -0.0799559
0.8175 -0.0779423
0.845 -0.0762249
0.80625 -0.0752613
0.83375 -0.0755936
0.81 -0.0729979
0.7925 -0.0683556
0.76875 -0.0640829
0.77625 -0.0594238
0.7525 -0.0549712
0.7175 -0.0505489
0.6825 -0.0490809
0.68125 -0.0482877
0.69875 -0.0467326
0.71125 -0.0440094
0.71875 -0.0427379
0.73 -0.0419526
0.74 -0.0410224
0.77375 -0.0398526
0.755 -0.038067
0.74125 -0.0347574
0.73 -0.0307732
0.7075 -0.0280578
0.71125 -0.0255958
0.7225 -0.0220382
0.7675 -0.019341
0.755 -0.0181175
0.7375 -0.0197011
0.69875 -0.019856
0.68 -0.0209443
0.68375 -0.0203756
0.655 -0.0194021
0.68375 -0.0193188
0.6725 -0.0194366
0.675 -0.0197243
0.6675 -0.0205941
0.65625 -0.021114
0.675 -0.0219223
0.66625 -0.0210424
0.68 -0.0199212
0.685 -0.0188688
0.665 -0.0185037
0.7175 -0.0193013
0.70125 -0.0172734
0.6775 -0.0161684
0.68 -0.0152253
0.6925 -0.0113685
0.69125 -0.00865112
0.6425 -0.00479087
0.6675 -0.00475357
0.6575 -0.00412787
0.66 -0.00405892
0.65875 -0.00593155
0.69625 -0.0077989
0.725 -0.0090388
0.72375 -0.00916219
0.70375 -0.00794276
0.72875 -0.00720458
0.73125 -0.00541234
0.71875 -0.00442554
0.7 -0.00210991
0.7 -0.00267884
0.70875 -0.00457234
0.68375 -0.00400165
0.71125 -0.00397215
0.72625 -0.00488784
0.71375 -0.00380893
0.73625 -0.00198841
0.71625 -0.000163839
0.7 0.00192946
0.66 0.00238961
0.6425 0.00176991
0.64375 0.00121576
0.67375 0.0016332
0.6425 0.00255314
0.645 0.00361281
0.63625 0.005519
0.61125 0.00813949
0.59125 0.010922
0.6375 0.012556
0.655 0.0147802
0.6375 0.0150528
0.6325 0.0143732
0.6425 0.0120703
0.6425 0.0120394
0.63125 0.00981795
0.5825 0.00796975
0.6 0.00586787
0.60625 0.00482681
0.62375 0.00259581
0.5825 0.0012476
0.6075 0.000325218
0.62375 3.31141e-05
0.64875 0.000240336
0.65 -0.00146328
0.67375 -0.00253594
0.67875 -0.00156622
0.67375 -0.00184467
0.66125 -0.000166951
0.6525 0.000172018
0.6675 0.00155115
0.71875 0.0038217
0.73125 0.00546136
0.73 0.00677302
0.7325 0.00837937
0.75125 0.00902941
0.725 0.01056
0.75625 0.0131464
0.77 0.017434
0.7875 0.0206968
0.7925 0.0232396
0.76375 0.0261586
0.78 0.0284588
0.80375 0.0305735
0.815 0.0322411
0.79625 0.0335759
0.7975 0.034998
0.83375 0.034442
0.82375 0.0352752
0.845 0.0335047
0.835 0.032806
0.835 0.0325285
0.85 0.0299489
0.8425 0.0258676
0.8275 0.0239661
0.8175 0.024334
0.79375 0.0242794
0.81875 0.0230808
0.815 0.0224641
0.825 0.0214605
0.83125 0.0207836
0.8025 0.0181913
0.785 0.0155183
0.74125 0.0140551
0.8075 0.0129148
0.80625 0.0146879
0.79 0.0160345
0.78625 0.0151052
0.75375 0.015727
0.725 0.0156941
0.73875 0.0147761
0.74875 0.0117696
0.79125 0.00955689
0.815 0.00637128
0.82625 0.00443486
0.8325 0.00304642
0.79875 0.00235953
0.78625 0.000949014
0.79375 -0.00106669
0.78375 -0.00511529
0.77625 -0.00879577
0.77625 -0.0104089
0.78125 -0.015829
0.76625 -0.0214991
0.7675 -0.0235832
0.74875 -0.0253243
0.75875 -0.0268639
0.7925 -0.0290179
0.8075 -0.0315225
0.82125 -0.0323864
0.83375 -0.0326533
0.85375 -0.0328468
0.82625 -0.0330297
0.84125 -0.032454
0.835 -0.0315191
0.83125 -0.0305679
0.82125 -0.0271628
0.83625 -0.0232346
0.8275 -0.0200819
0.83625 -0.0178324
0.8225 -0.0150971
0.8475 -0.0138791
0.83625 -0.0125218
0.83 -0.012502
0.8275 -0.0133929
0.7975 -0.0126558
0.7975 -0.0120301
0.7975 -0.00999788
0.7825 -0.0080714
0.81375 -0.00685894
0.845 -0.00476645
0.84875 -0.00261608
0.8325 -0.00144433
0.82375 -0.000189116
0.845 0.00123628
0.79625 0.0028592
0.8075 0.00375876
0.8275 0.00607163
0.825 0.0107672
0.80375 0.01492
0.80875 0.0183503
0.7925 0.0199283
0.8175 0.0208366
0.795 0.0208796
0.8225 0.0194295
0.80625 0.0163137
0.81 0.0140583
0.8325 0.0125271
0.85125 0.011557
0.85125 0.0108366
0.84375 0.011286
0.8475 0.0125457
0.85375 0.0107678
0.84125 0.00823108
0.8325 0.0047257
0.815 0.0019203
0.82625 -0.000336183
0.84 -0.00415976
0.85 -0.00876869
0.88625 -0.0144606
0.89375 -0.0192937
0.865 -0.0241298
0.84625 -0.0301568
0.81375 -0.0369053
0.82875 -0.0429103
0.8275 -0.046702
0.825 -0.0508213
0.82625 -0.0542389
0.8325 -0.0556442
0.81625 -0.0568229
0.82125 -0.0563083
0.8275 -0.0552442
0.8275 -0.0551867
0.82 -0.0566278
0.86375 -0.0584883
0.8125 -0.0601189
0.80625 -0.0610079
0.83125 -0.062281
0.84125 -0.063022
0.84 -0.0629881
0.84625 -0.0628032
0.865 -0.0625753
0.83 -0.0630583
0.84125 -0.0653966
0.80625 -0.069446
0.81 -0.0707198
0.80875 -0.07148
0.8025 -0.0738533
0.78125 -0.075022
0.76375 -0.076566
0.7725 -0.0789675
0.75 -0.0818856
0.72875 -0.0858404
0.745 -0.0916248
0.73125 -0.0984298
0.74 -0.102912
0.6875 -0.106955
0.675 -0.109693
0.67125 -0.114322
0.695 -0.118173
0.67625 -0.120431
0.6725 -0.121421
0.68625 -0.120677
0.70625 -0.118858
0.735 -0.116817
0.75 -0.112914
0.755 -0.109409
0.75375 -0.104869
0.74 -0.100657
0.73625 -0.0992722
0.70125 -0.0969311
0.6825 -0.0969551
0.7175 -0.0981096
0.70125 -0.0991167
0.70125 -0.101478
0.68625 -0.104971
0.67375 -0.109276
0.68125 -0.111485
0.65875 -0.112854
0.71125 -0.115543
0.71625 -0.11521
0.69375 -0.114499
0.6975 -0.112611
0.6925 -0.110526
0.7475 -0.108348
0.755 -0.106289
0.7475 -0.103308
0.7525 -0.103721
0.7375 -0.103408
0.7525 -0.102852
0.7175 -0.102107
0.67625 -0.0988384
0.67375 -0.0951138
0.6825 -0.091987
0.64375 -0.0882228
0.71875 -0.0846762
0.7475 -0.0792708
0.72125 -0.0733829
0.73625 -0.0676453
0.745 -0.0614977
0.72 -0.054359
0.71 -0.0498934
0.715 -0.0461396
0.725 -0.0420795
0.75125 -0.0395398
0.7475 -0.0373165
0.7525 -0.0351331
0.74125 -0.0328996
0.71875 -0.0303641
0.715 -0.0282483
0.69 -0.0257961
0.71125 -0.0231569
0.71 -0.0212396
0.72875 -0.0203655
0.7475 -0.0207906
0.73875 -0.020836
0.7325 -0.0210503
0.72625 -0.0215454
0.7475 -0.0189379
0.7475 -0.0153958
0.72875 -0.0117627
0.7425 -0.00728352
0.75125 -0.00156631
0.75625 0.00157314
0.7775 0.00573898
0.77375 0.00805498
0.81625 0.0114493
0.80875 0.0160577
0.80125 0.0207949
0.81125 0.0251978
0.7975 0.0311092
0.80125 0.0358755
0.80375 0.0417126
0.815 0.0483805
0.81125 0.054652
0.785 0.0616337
0.7975 0.0675203
0.7725 0.0717475
0.795 0.0746988
0.80125 0.077155
0.8 0.080117
0.81625 0.0812694
0.80375 0.083507
0.80125 0.0852631
0.77 0.0874627
0.76125 0.0896236
0.7775 0.089254
0.78625 0.0865423
0.775 0.0844454
0.76875 0.0828491
0.74625 0.0809513
0.77875 0.0782291
0.755 0.0765983
0.7575 0.0765548
0.75125 0.0745543
0.7575 0.0724749
0.77625 0.0709733
0.74 0.0708745
0.765 0.0694016
0.79 0.0689919
0.8175 0.0693209
0.82375 0.069456
0.83125 0.0690678
0.8475 0.0685641
0.825 0.0668574
0.81375 0.0638552
0.805 0.0598825
0.80625 0.0536097
0.835 0.0479695
0.83875 0.0439648
0.8325 0.0406547
0.8425 0.0353864
0.83625 0.0306568
0.82125 0.0253281
0.83625 0.0200863
0.805 0.0162309
0.825 0.0112505
0.825 0.00811444
0.85375 0.00237559
0.855 -0.000743457
0.85 -0.00455799
0.83 -0.00913034
0.86125 -0.0122648
0.855 -0.0147922
0.83875 -0.0179151
0.82125 -0.0216925
0.835 -0.0257849
0.8125 -0.0289583
0.8175 -0.0330725
0.84125 -0.0376815
0.85625 -0.0411596
0.87125 -0.0453189
0.85 -0.0506253
0.8575 -0.0558059
0.84375 -0.0597886
0.825 -0.0643961
0.82375 -0.0708336
0.82875 -0.0745072
0.84125 -0.0794592
0.83375 -0.083886
0.8175 -0.087351
0.8275 -0.0915023
0.81375 -0.094556
0.8175 -0.0959968
0.80375 -0.0961906
0.78125 -0.0964348
0.79625 -0.0967842
0.77625 -0.0972934
0.76 -0.0990397
0.74625 -0.0998763
0.75125 -0.100734
0.73625 -0.102321
0.73375 -0.102625
0.685 -0.102972
0.6675 -0.103372
0.67875 -0.103348
0.6625 -0.105607
0.675 -0.106513
0.6825 -0.108633
0.68125 -0.10806
0.6725 -0.109487
0.68625 -0.11119
0.71 -0.111661
0.725 -0.112897
0.76125 -0.113708
0.74 -0.114719
0.76 -0.1165
0.71875 -0.117884
0.71875 -0.118867
0.7425 -0.121327
0.74375 -0.122713
0.7125 -0.122706
0.6825 -0.122924
0.70875 -0.123825
0.72375 -0.124354
0.7075 -0.123015
0.68875 -0.121026
0.69375 -0.117802
0.69125 -0.115646
0.67375 -0.112424
0.66375 -0.108127
0.66125 -0.103508
0.66125 -0.0991006
0.6275 -0.0951498
0.64875 -0.0909238
0.63875 -0.0866941
0.64625 -0.0836806
0.65 -0.0808288
0.67375 -0.0762541
0.63375 -0.0722579
0.64875 -0.0698569
0.66 -0.0680274
0.64875 -0.067122
0.665 -0.0670125
0.68375 -0.0658592
0.6925 -0.0635641
0.73625 -0.062232
0.7 -0.0611144
0.69625 -0.0611
0.7175 -0.0610674
0.73875 -0.0606131
0.74375 -0.0584352
0.75375 -0.0562968
0.73875 -0.055666
0.73125 -0.0556269
0.73625 -0.0543978
0.71375 -0.0518403
0.74375 -0.050653
0.715 -0.0502683
0.725 -0.0456218
0.7325 -0.0415475
0.73125 -0.0391905
0.72375 -0.0356331
0.75625 -0.030443
0.7425 -0.0259591
0.74 -0.0222926
0.76375 -0.0189015
0.77625 -0.0161491
0.73125 -0.0120469
0.70875 -0.00931615
0.7075 -0.00797258
0.6875 -0.00535663
0.72375 -0.00267816
0.75625 -0.000325631
0.7475 0.00455439
0.6975 0.00673997
0.735 0.00974576
0.6975 0.0108208
0.7175 0.00943944
0.725 0.00850688
0.6975 0.00768928
0.68625 0.0071625
0.6975 0.0052318
0.71375 0.00454664
0.71375 0.00646846
0.705 0.00818646
0.68125 0.00908511
0.68875 0.0107364
0.6875 0.0125751
0.7175 0.0145867
0.695 0.0154648
0.71 0.0157958
0.6975 0.0168909
0.705 0.017701
0.71 0.0193092
0.6575 0.0197982
0.6675 0.0199899
0.67125 0.0203724
0.665 0.0197703
0.64375 0.0200314
0.64 0.0204629
0.655 0.0197341
0.66375 0.0184754
0.6725 0.0179368
0.67 0.0184132
0.67 0.0181525
0.68375 0.0176603
0.68875 0.0167123
0.65875 0.0145408
0.675 0.0102627
0.68 0.00638872
0.71 0.00235647
0.7275 0.000126811
0.73625 -0.00110217
0.7325 -0.00303965
0.7375 -0.00489952
0.70625 -0.00746519
0.7125 -0.00890883
0.725 -0.00981935
0.72 -0.0115641
0.72375 -0.0123021
0.73875 -0.0116324
0.7225 -0.0110302
0.7275 -0.0100564
0.7425 -0.00943398
0.71875 -0.0107077
0.7275 -0.0116264
0.75375 -0.0143868
0.7375 -0.0170383
0.74125 -0.0200253
0.73125 -0.0225688
0.71625 -0.0225919
0.72 -0.0217054
0.77625 -0.0218768
0.80625 -0.022887
0.80375 -0.0230029
0.8175 -0.0248225
0.78375 -0.0257304
0.80125 -0.0255179
0.80125 -0.026036
0.80875 -0.0291207
0.82 -0.0300129
0.825 -0.031331
0.855 -0.035846
0.82625 -0.0410865
0.80375 -0.0465944
0.78375 -0.0512751
0.77125 -0.0542354
0.78375 -0.0561765
0.75875 -0.0579043
0.75875 -0.0588922
0.73125 -0.0602625
0.71625 -0.0625177
0.70375 -0.0633643
0.75125 -0.0634251
0.72375 -0.0633891
0.7375 -0.0627185
0.72875 -0.0601242
0.73875 -0.0581819
0.72375 -0.056836
0.7225 -0.05719
0.69875 -0.057021
0.65875 -0.0584494
0.68625 -0.0586727
0.74875 -0.060021
0.74875 -0.062206
0.7425 -0.0652505
0.73125 -0.0660527
0.76375 -0.0667385
0.775 -0.0678053
0.7525 -0.0696166
0.7475 -0.0693028
0.7125 -0.0677343
0.71375 -0.0644193
0.72375 -0.0605985
0.73875 -0.0556895
0.78125 -0.0506398
0.7675 -0.0467131
0.77125 -0.0447475
0.77375 -0.0425797
0.78 -0.0401483
0.7825 -0.0397287
0.7625 -0.039252
0.7825 -0.0376138
0.80375 -0.0352121
0.81875 -0.0319645
0.8225 -0.0292805
0.805 -0.0252813
0.83 -0.0230449
0.83125 -0.0207061
0.80375 -0.0190082
0.8375 -0.0152724
0.83 -0.0126488
0.855 -0.00993639
0.83875 -0.00811133
0.81375 -0.00515411
0.8075 -0.000225775
0.7825 0.00364257
0.81875 0.00526714
0.84 0.00801621
0.87125 0.00997856
0.83375 0.0123786
0.8275 0.0131135
0.82125 0.014665
0.815 0.0167437
0.7875 0.0188832
0.81 0.0226291
0.8225 0.0263043
0.8375 0.0301927
0.83375 0.0340699
0.8125 0.0359823
0.8075 0.0380671
0.815 0.0381206
0.81125 0.0406689
0.81 0.0433562
0.82375 0.0455111
0.81625 0.0465598
0.81375 0.0477928
0.83 0.0489322
0.82 0.0471533
0.84375 0.0445274
0.83875 0.0431858
0.79875 0.0421425
0.76875 0.0396684
0.78 0.0359134
0.77875 0.0351134
0.81875 0.0347746
0.83 0.0337647
0.84625 0.0328827
0.835 0.0303801
0.8325 0.0286485
0.83875 0.0261299
0.79 0.0226281
0.785 0.0211505
0.795 0.0184693
0.80375 0.0157066
0.81125 0.0144998
0.82375 0.0129131
0.795 0.011971
0.76875 0.0111544
0.7425 0.00870227
0.73125 0.00734804
0.78875 0.00730898
0.77125 0.00698422
0.76125 0.00551193
0.7775 0.00453401
0.785 0.00162144
0.78625 0.000606916
0.76375 0.000946135
0.73125 0.00139656
0.76375 0.00267511
0.78875 0.00137107
0.7825 -0.000922461
0.79125 -0.00345827
0.79625 -0.00408857
0.795 -0.00377645
0.79125 -0.00655026
0.8125 -0.0110191
0.8675 -0.0166826
0.87375 -0.0214387
0.87 -0.0258217
0.8775 -0.0296107
0.8925 -0.0338906
0.8725 -0.0356046
0.8275 -0.0377836
0.83875 -0.0409198
0.85625 -0.0448419
0.85 -0.0496556
0.83625 -0.0550138
0.8525 -0.0604007
0.84625 -0.0657497
0.8375 -0.0704462
0.8225 -0.0754368
0.8 -0.0807322
0.8 -0.0852403
0.8225 -0.088054
0.80375 -0.0905679
0.81875 -0.0941674
0.82 -0.0965619
0.80375 -0.0973688
0.8275 -0.0995274
0.8125 -0.101686
0.81 -0.102661
0.80375 -0.103431
0.81875 -0.104326
0.80875 -0.106387
0.8075 -0.106881
0.82 -0.106233
0.81 -0.106463
0.8025 -0.10601
0.805 -0.106732
0.82 -0.105427
0.82125 -0.102921
0.78 -0.0989374
0.77625 -0.0963987
0.78625 -0.0953294
0.80375 -0.0930465
0.7875 -0.092188
0.79875 -0.0910513
0.80125 -0.0872548
0.775 -0.0823334
0.76875 -0.0781382
0.7925 -0.0739934
0.80125 -0.0720985
0.79 -0.0686999
0.8 -0.065024
0.78625 -0.0587183
0.7675 -0.0526558
0.75625 -0.0467278
0.7775 -0.0416282
0.79 -0.0358035
0.7925 -0.0316197
0.79125 -0.0296137
0.78875 -0.0254927
0.75625 -0.0208495
0.77125 -0.016229
0.7875 -0.0114307
0.75875 -0.00501418
0.77375 0.000949129
0.7425 0.00684472
0.7425 0.0109355
0.775 0.0156566
0.75375 0.0194543
0.75375 0.0223183
0.7425 0.025821
0.73 0.0298091
0.74875 0.0356779
0.77125 0.0407649
0.8025 0.0453975
0.78625 0.0511024
0.795 0.056778
0.7925 0.0615761
0.77375 0.0648452
0.745 0.069495
0.78125 0.0730444
0.7625 0.0763515
0.76625 0.077751
0.75375 0.0785823
0.72375 0.0802392
0.74875 0.0828812
0.7375 0.0864674
0.73875 0.0892842
0.75125 0.0924874
0.7175 0.0945404
0.73125 0.0958387
0.72125 0.0966465
0.77 0.0979373
0.785 0.100116
0.79375 0.103334
0.785 0.105458
0.79875 0.109232
0.79125 0.114188
0.8125 0.118213
0.80375 0.120971
0.83125 0.124613
0.825 0.128063
0.84375 0.131514
0.85625 0.135528
0.85 0.138321
0.8525 0.140847
0.85125 0.140074
0.86125 0.140653
0.8525 0.137835
0.86875 0.135663
0.87375 0.132742
0.875 0.129287
0.8625 0.125264
0.88625 0.120189
0.8675 0.115662
0.84375 0.110432
0.875 0.105402
0.88375 0.102903
0.8725 0.100767
0.875 0.0985163
0.86375 0.095149
0.85375 0.0906312
0.84625 0.0854156
0.82875 0.0817665
0.8425 0.077237
0.8275 0.0731963
0.8325 0.070303
0.81875 0.0687133
0.8325 0.0660062
0.81375 0.0647798
0.81625 0.0638015
0.81375 0.0608582
0.79375 0.0582776
0.795 0.0568831
0.78 0.0559009
0.7825 0.0568353
0.80375 0.0576551
0.78875 0.0579636
0.80375 0.0567818
0.77625 0.0574536
0.78625 0.0575775
0.78625 0.0562459
0.8025 0.0530241
0.79625 0.0499645
0.83125 0.0462562
0.83875 0.0431029
0.88 0.0398831
0.8475 0.0378099
0.84875 0.0344246
0.845 0.0296644
0.84125 0.0268381
0.85 0.022566
0.83875 0.018433
0.83625 0.0141931
0.82 0.0107446
0.85125 0.00809412
0.83 0.00588858
0.795 0.00446928
0.79875 0.00189344
0.81375 -0.00102464
0.83625 -0.00238204
0.84 -0.000399201
0.85 0.00130777
0.855 0.00412932
0.84875 0.00917646
0.85625 0.0135114
0.85625 0.0199809
0.8175 0.0256909
0.80375 0.0297075
0.7575 0.031232
0.76 0.0303851
0.72625 0.0309512
0.74375 0.0317608
0.725 0.0291278
0.7325 0.0252472
0.72625 0.0224989
0.74375 0.0198333
0.73375 0.0174739
0.76375 0.0142925
0.78 0.0129627
0.79875 0.0112077
0.795 0.00930656
0.81 0.00574134
0.81375 0.00188839
0.815 -0.00321333
0.7825 -0.0079049
0.77625 -0.0107437
0.775 -0.013835
0.79875 -0.0187314
0.78875 -0.0237246
0.78625 -0.0271578
0.77625 -0.0307718
0.77375 -0.0338049
0.74125 -0.0362142
0.7075 -0.036261
0.7125 -0.0368236
0.6925 -0.0383703
0.71875 -0.0386918
0.72625 -0.0396815
0.71125 -0.0426971
0.71 -0.0467065
0.68625 -0.0491338
0.71125 -0.05097
0.7275 -0.0509471
0.7175 -0.0497455
0.6875 -0.0465175
0.68875 -0.0434133
0.6975 -0.0405094
0.73125 -0.0379364
0.76125 -0.0360223
0.75125 -0.0356175
0.76 -0.0361972
0.735 -0.0371894
0.705 -0.035578
0.69625 -0.0342247
0.70125 -0.0334805
0.6775 -0.0293831
0.685 -0.0272275
0.70625 -0.0241973
0.73 -0.0186024
0.715 -0.0134263
0.70375 -0.00920238
0.705 -0.0077852
0.68375 -0.00608742
0.70375 -0.00477567
0.725 -0.0020377
0.70875 0.00101738
0.6975 0.00498481
0.69875 0.00888042
0.685 0.0126026
0.7175 0.0152426
0.69375 0.0193197
0.72125 0.0220215
0.72 0.0232757
0.69875 0.0262952
0.72 0.0281745
0.74375 0.0309414
0.75375 0.0315205
0.74375 0.031373
0.7375 0.0339316
0.71125 0.0342117
0.67875 0.0332722
0.66 0.0327469
0.67625 0.0341897
0.6825 0.0340485
0.72 0.0339087
0.7275 0.0328817
0.69625 0.0314645
0.6925 0.0299393
0.7125 0.0289256
0.73 0.0277834
0.725 0.0277257
0.7175 0.028134
0.72375 0.0273988
0.72 0.0306281
0.735 0.034504
0.7275 0.035641
0.76875 0.036376
0.74125 0.0365424
0.74375 0.0358693
0.76 0.0333344
0.75125 0.0319888
0.76375 0.0297111
0.78375 0.0255074
0.77625 0.0224016
0.72625 0.0196305
0.70375 0.0203368
0.7325 0.0202007
0.74875 0.019965
0.7475 0.019405
0.72 0.0193309
0.71875 0.0186399
0.74 0.018467
0.7 0.0184551
0.69375 0.0180709
0.645 0.0182053
0.6775 0.0179954
0.70625 0.0180388
0.70875 0.0176909
0.72875 0.01746
0.6975 0.0176774
0.68875 0.0171903
0.67625 0.0161546
0.67125 0.0154689
0.68375 0.0125658
0.655 0.00649497
0.64875 -0.00017297
0.61625 -0.00632079
0.6325 -0.010332
0.64375 -0.0147926
0.66125 -0.0176504
0.62875 -0.0222201
0.63625 -0.0295623
0.65125 -0.0371544
0.66625 -0.0432539
0.63 -0.0489579
0.64875 -0.0541603
0.665 -0.0600806
0.6925 -0.0669117
0.72 -0.0729995
0.70375 -0.0804861
0.73 -0.0865741
0.7575 -0.091903
0.77125 -0.0976735
0.7525 -0.102346
0.77 -0.104895
0.7875 -0.107815
0.78 -0.113692
0.7775 -0.117446
0.76875 -0.121478
0.75125 -0.125342
0.7175 -0.127265
0.74125 -0.12872
0.75875 -0.128897
0.7375 -0.128708
0.73875 -0.129213
0.7675 -0.132224
0.80875 -0.134284
0.81375 -0.136709
0.7975 -0.139969
0.79375 -0.144155
0.76625 -0.149316
0.7675 -0.15195
0.76125 -0.155281
0.7725 -0.159414
0.79125 -0.159912
0.80875 -0.160094
0.8125 -0.161246
0.84875 -0.163464
0.84625 -0.1623
0.845 -0.161918
0.8425 -0.162869
0.83875 -0.16333
0.82375 -0.164724
0.8175 -0.165066
0.82125 -0.163117
0.8075 -0.16108
0.76875 -0.158635
0.73125 -0.155228
0.72125 -0.150795
0.74125 -0.145846
0.75375 -0.142036
0.74125 -0.13823
0.7475 -0.135953
0.76 -0.136138
0.775 -0.137396
0.78 -0.134906
0.77 -0.12962
0.755 -0.124167
0.71625 -0.117554
0.70375 -0.111459
0.6925 -0.105016
0.69625 -0.0992136
0.71125 -0.0953375
0.7375 -0.0925319
0.73625 -0.0896387
0.7625 -0.0860049
0.77625 -0.0819444
0.77375 -0.0772351
0.77125 -0.0719583
0.7675 -0.0674653
0.75375 -0.0646741
0.7525 -0.061821
0.73 -0.0581891
0.74375 -0.0558145
0.715 -0.0543187
0.73875 -0.0538046
0.73125 -0.0518867
0.75 -0.0493696
0.7425 -0.0463044
0.7475 -0.0428251
0.7025 -0.0394669
0.67 -0.0369148
0.615 -0.0331623
0.61625 -0.030499
0.62375 -0.0284243
0.6 -0.0261742
0.6275 -0.0242062
0.65375 -0.021417
0.64125 -0.0189299
0.6125 -0.0148036
0.6025 -0.00909574
0.65375 -0.0055999
0.6275 -0.00386813
0.6325 -0.00269927
0.65625 -0.00169412
0.59125 5.7366e-05
0.605 0.000992216
0.6125 0.0024777
0.59375 0.00228767
0.59 0.00376841
0.59125 0.00370012
0.60875 0.00388913
0.625 0.00280621
0.64875 0.000820516
0.63375 -0.00288201
0.60875 -0.00453683
0.59875 -0.00746168
0.57875 -0.00972747
0.57625 -0.011163
0.57625 -0.0122889
0.5825 -0.0135615
0.59 -0.0158086
0.59 -0.01657
0.61375 -0.0180147
0.62375 -0.0183695
0.66 -0.0159819
0.63625 -0.0152123
0.645 -0.0146684
0.645 -0.0127932
0.66125 -0.0119716
0.6575 -0.00951805
0.645 -0.00675347
0.64875 -0.0048691
0.63625 -0.00425639
0.65375 -0.00335673
0.64125 -0.0015965
0.65875 -0.000938305
0.67375 -4.23455e-05
0.64125 -0.00102253
0.6625 -0.000955057
0.68875 0.00210524
0.66 0.00497954
0.67625 0.00884643
0.62375 0.0114424
0.65 0.0100477
0.6525 0.00935123
0.69125 0.00737853
0.695 0.00722305
0.7075 0.00468507
0.7075 0.00418054
0.7325 0.0045447
0.72875 0.00397368
0.7625 0.00300058
0.75375 0.00234893
0.7725 0.00328341
0.78625 0.00252433
0.79625 0.00385055
0.78625 0.00582915
0.77125 0.00397524
0.76125 0.00333976
0.73 0.00106136
0.73375 -0.00253473
0.73625 -0.00619198
0.75375 -0.01018
0.74625 -0.0126298
0.7 -0.0148066
0.73125 -0.0174105
0.72375 -0.0184709
0.7325 -0.019575
0.7825 -0.0209544
0.81 -0.0218507
0.8125 -0.0243042
0.76375 -0.0265797
0.7575 -0.0279862
0.78375 -0.0286952
0.76125 -0.0284717
0.79 -0.0291409
0.7825 -0.0290961
0.76375 -0.0297917
0.7925 -0.0310692
0.8125 -0.0335073
0.80375 -0.0350031
0.785 -0.0377424
0.8075 -0.0394597
0.81 -0.0405303
0.8375 -0.0384986
0.805 -0.0369195
0.82875 -0.0357592
0.82625 -0.034423
0.83375 -0.0335145
0.82875 -0.0342484
0.8425 -0.0331098
0.84625 -0.0332864
0.8475 -0.0345811
0.8325 -0.0339497
0.8075 -0.0334791
0.7775 -0.0337963
0.77125 -0.034874
0.7475 -0.0363031
0.75875 -0.036568
0.76375 -0.0357539
0.76125 -0.0344266
0.76875 -0.0315174
0.76375 -0.0287212
0.77125 -0.0245092
0.7675 -0.0220482
0.78375 -0.0196082
0.75875 -0.0163544
0.725 -0.0125458
0.70625 -0.00928703
0.7225 -0.00626587
0.725 -0.00242461
0.73125 0.00116313
0.73875 0.00204168
0.7575 0.00272107
0.7425 0.00385283
0.72375 0.00383708
0.73375 0.00339492
0.715 0.00140745
0.7075 0.00184623
0.70125 0.00274898
0.67125 0.00252128
0.68875 0.00163669
0.6775 -0.00049214
0.65375 -0.00139291
0.63125 -0.00348306
0.61875 -0.00474258
0.64125 -0.0062091
0.63375 -0.00831248
0.65875 -0.00846725
0.66375 -0.0080127
0.67 -0.0080544
0.69125 -0.00754302
0.7125 -0.00710968
0.68 -0.00537836
0.695 -0.00200317
0.69625 0.00207393
0.7075 0.00601313
0.7475 0.00816737
0.77 0.0118748
0.7425 0.0169521
0.7625 0.0208446
0.76625 0.024639
0.77 0.0275705
0.735 0.0298377
0.7175 0.0321008
0.69375 0.0353094
0.67 0.038668
0.6625 0.0419345
0.65375 0.0464597
0.66625 0.0517191
0.66875 0.0545586
0.67125 0.0570142
0.70875 0.0595529
0.68125 0.0612504
0.68875 0.0609136
0.70875 0.0607139
0.68375 0.0619118
0.685 0.0632955
0.7125 0.065608
0.7125 0.0706396
0.70875 0.0762072
0.71 0.0794896
0.7075 0.0839023
0.7175 0.0868212
0.71 0.09082
0.72375 0.0951201
0.72375 0.0984044
0.71875 0.101546
0.75 0.103811
0.76375 0.107555
0.80625 0.110717
0.765 0.11437
0.78375 0.11926
0.81125 0.125225
0.77625 0.129174
0.76125 0.130859
0.7675 0.131498
0.7925 0.131956
0.81375 0.133912
0.85125 0.13635
0.8275 0.138033
0.7825 0.139525
0.7775 0.141512
0.785 0.141578
0.78375 0.14101
0.8125 0.13843
0.8025 0.137934
0.81 0.135483
0.82625 0.135558
0.85375 0.134387
0.84375 0.132204
0.8125 0.128927
0.8 0.125288
0.7875 0.123897
0.78375 0.122216
0.80625 0.121239
0.80875 0.121499
0.8475 0.120537
0.86375 0.120879
0.88 0.118994
0.87625 0.116572
0.85875 0.113644
0.8375 0.111475
0.82 0.109405
0.82625 0.105736
0.8175 0.100244
0.80375 0.097213
0.80125 0.0951839
0.7825 0.0933442
0.79125 0.0959399
0.79875 0.0961249
0.77375 0.0967337
0.75375 0.0949065
0.75125 0.0904334
0.73625 0.0852545
0.74375 0.0803237
0.69875 0.0746918
0.6625 0.0700844
0.67625 0.0673356
0.65 0.0653854
0.6325 0.0613018
0.66125 0.0556845
0.6775 0.0495586
0.67125 0.0422337
0.63375 0.0363453
0.63875 0.0303715
0.62 0.0256279
0.5925 0.0225906
0.56 0.0217802
0.5325 0.0214508
0.5375 0.0215421
0.52 0.0229541
0.5175 0.0223612
0.55875 0.0210943
0.55 0.017914
0.5025 0.0134706
0.4875 0.0101505
0.49 0.00664655
0.50375 0.00265582
0.45875 -0.000890003
0.4525 -0.00275837
0.46125 -0.00557011
0.4625 -0.00688487
0.50375 -0.0078368
0.51 -0.00892802
0.51125 -0.00910833
0.50375 -0.011614
0.52875 -0.014002
0.52625 -0.0153062
0.51375 -0.0165327
0.5025 -0.0186961
0.53125 -0.0193099
0.5525 -0.0198885
0.54375 -0.0171553
0.5625 -0.0145508
0.5675 -0.0140045
0.57 -0.0135451
0.595 -0.0119764
0.58875 -0.00952981
0.57375 -0.00871394
0.58 -0.0062081
0.56375 -0.00180287
0.56375 0.00266962
0.5525 0.00849077
0.53375 0.0132894
0.5575 0.0182355
0.54875 0.0220827
0.56 0.022276
0.54 0.0234632
0.57 0.0264951
0.55875 0.0287268
0.54625 0.0304836
0.5575 0.0312877
0.54375 0.0312709
0.51 0.0308012
0.4675 0.0303993
0.495 0.0294962
0.5125 0.0295141
0.4975 0.0319725
0.5125 0.0338592
0.52375 0.0369727
0.545 0.0386237
0.55125 0.0431621
0.54125 0.046737
0.52875 0.0490912
0.55125 0.0493733
0.535 0.0490597
0.49875 0.0488175
0.4825 0.0481082
0.505 0.0462445
0.45875 0.047659
0.4675 0.049864
0.51375 0.0520301
0.52875 0.0536784
0.56625 0.0535103
0.55 0.0524014
0.5725 0.0490472
0.57375 0.0442418
0.595 0.0408742
0.61 0.0397091
0.65 0.0376579
0.63125 0.0357374
0.65375 0.0324521
0.675 0.0283733
0.6925 0.024238
0.71 0.0209259
0.70375 0.0192109
0.72625 0.0159451
0.76375 0.0139548
0.8075 0.0120305
0.78375 0.0104555
0.78875 0.00753865
0.79 0.00437426
0.8075 0.00114522
0.82125 -0.00234145
0.8325 -0.00719631
0.8275 -0.00903747
0.81375 -0.0112175
0.81125 -0.0120543
0.80125 -0.0123092
0.79 -0.0127157
0.79125 -0.0137695
0.79375 -0.012892
0.80375 -0.0122753
0.77625 -0.013111
0.78125 -0.0126738
0.77625 -0.0110497
0.795 -0.0084694
0.74875 -0.0062285
0.7675 -0.00339905
0.79375 -0.00336798
0.8225 -0.00506958
0.78125 -0.00620467
0.77125 -0.0080135
0.77125 -0.0104303
0.75125 -0.0133888
0.765 -0.0156266
0.75375 -0.0172526
0.73125 -0.0193721
0.74375 -0.0234338
0.74 -0.0255655
0.74 -0.028647
0.74 -0.034336
0.755 -0.037961
0.76625 -0.040884
0.79625 -0.0453981
0.78625 -0.0501728
0.79625 -0.0536836
0.795 -0.0583935
0.79875 -0.0631926
0.76625 -0.0679148
0.785 -0.0702369
0.77625 -0.0731473
0.75625 -0.074526
0.765 -0.0761135
0.77125 -0.0767854
0.77 -0.0786765
0.78375 -0.0816531
0.795 -0.0833675
0.78 -0.0866043
0.7925 -0.0900688
0.83 -0.0904757
0.81125 -0.0908404
0.81 -0.0916528
0.79125 -0.092336
0.77875 -0.0932646
0.8 -0.0932578
0.7875 -0.0944769
0.77125 -0.0974962
0.78 -0.0999883
0.79625 -0.102818
0.8225 -0.104832
0.84 -0.107726
0.8625 -0.106824
0.8475 -0.10503
0.855 -0.104726
0.8825 -0.104899
0.85375 -0.103368
0.87625 -0.100739
0.865 -0.0963176
0.86875 -0.0895484
0.835 -0.0851764
0.8125 -0.0813806
0.8075 -0.0778143
0.78375 -0.0756111
0.77625 -0.0722679
0.77375 -0.0713181
0.8025 -0.0704813
0.81125 -0.0688073
0.82375 -0.0668383
0.8175 -0.0640453
0.77375 -0.0601558
0.805 -0.0571563
0.79875 -0.0541058
0.8075 -0.0499648
0.80875 -0.0463515
0.80125 -0.0444687
0.815 -0.0427722
0.79875 -0.0421422
0.80625 -0.0415808
0.7925 -0.0404564
0.81875 -0.0376
0.795 -0.0348409
0.7925 -0.0346903
0.82 -0.0335865
0.8275 -0.031449
0.83375 -0.0281307
0.80375 -0.0247286
0.815 -0.0194148
0.79125 -0.0162319
0.80625 -0.0128369
0.83875 -0.00811948
0.83875 -0.00449284
0.7875 -0.00320009
0.80875 0.000646331
0.7775 0.00418924
0.79125 0.00785915
0.78125 0.0118216
0.78625 0.0152741
0.82875 0.0190864
0.8225 0.0222782
0.81875 0.0248389
0.795 0.0262231
0.8 0.0285723
0.795 0.0313465
0.77375 0.0346333
0.79125 0.0390737
0.785 0.0418773
0.79 0.0435447
0.7975 0.0457807
0.79875 0.0487862
0.80375 0.0514858
0.795 0.053701
0.80375 0.0574181
0.81125 0.0575546
0.80625 0.0572701
0.785 0.0583404
0.76625 0.0599466
0.765 0.0627227
0.76375 0.0668352
0.79625 0.0720711
0.79875 0.0756694
0.7925 0.0801327
0.82125 0.0844331
0.805 0.0884601
0.7825 0.0900854
0.7825 0.0927727
0.765 0.0944056
0.725 0.0966703
0.7425 0.0969301
0.71875 0.0971655
0.73125 0.0992429
0.74125 0.102364
0.7625 0.105221
0.8075 0.106776
0.79625 0.10991
0.76875 0.111495
0.785 0.112465
0.7825 0.112327
0.7525 0.114242
0.75625 0.117748
0.7575 0.119857
0.76375 0.120718
0.76875 0.120976
0.7625 0.120796
0.75875 0.118475
0.78375 0.117192
0.805 0.115548
0.795 0.11264
0.7775 0.111146
0.75 0.108663
0.7675 0.105346
0.7625 0.101943
0.78375 0.100266
0.79 0.0990145
0.805 0.0967255
0.81125 0.0922532
0.815 0.0890499
0.82625 0.084706
0.83125 0.081287
0.8125 0.0777952
0.80875 0.074023
0.8 0.0688592
0.81 0.0632738
0.83625 0.0583708
0.835 0.0536682
0.85875 0.0472889
0.885 0.0376502
0.8725 0.0294128
0.8575 0.0207218
0.80875 0.0126886
0.8125 0.00411039
0.8275 -0.00467207
0.8125 -0.0111817
0.82875 -0.0174402
0.80375 -0.0232675
0.81125 -0.0300508
0.82625 -0.0364984
0.82 -0.041071
0.87875 -0.0464251
0.85125 -0.0531184
0.84625 -0.0597158
0.83375 -0.0655422
0.80875 -0.0716649
0.7925 -0.0764665
0.81875 -0.0813938
0.8275 -0.0841891
0.845 -0.0905354
0.83875 -0.0982188
0.8425 -0.106065
0.825 -0.113094
0.79125 -0.121403
0.79625 -0.127865
0.79375 -0.135645
0.80125 -0.141901
0.8325 -0.144588
0.82375 -0.148728
0.79125 -0.153478
0.805 -0.157389
0.7975 -0.160929
0.77625 -0.163986
0.7775 -0.165401
0.7825 -0.168625
0.76625 -0.169979
0.76125 -0.16959
0.785 -0.170064
0.75 -0.169889
0.745 -0.167793
0.73 -0.163956
0.70875 -0.160503
0.70125 -0.155141
0.7075 -0.149635
0.7375 -0.143959
0.72875 -0.139333
0.73125 -0.133976
0.6975 -0.127635
0.71875 -0.122915
0.7075 -0.119071
0.75875 -0.117611
0.78125 -0.114498
0.76375 -0.112211
0.74875 -0.110147
0.74 -0.107253
0.70625 -0.102659
0.72 -0.0982764
0.7075 -0.0959729
0.74 -0.0924798
0.73 -0.0910495
0.72625 -0.0878336
0.72375 -0.0842393
0.72625 -0.0830705
0.7425 -0.0819135
0.775 -0.0807484
0.74 -0.0790783
0.73875 -0.0762856
0.74 -0.0739105
0.72875 -0.0690583
0.745 -0.0654898
0.73625 -0.0604481
0.7425 -0.0551717
0.75125 -0.0530769
0.75 -0.0495903
0.72 -0.0452212
0.72375 -0.0397874
0.74125 -0.0351588
0.75875 -0.0292021
0.765 -0.0232353
0.7525 -0.0178225
0.7675 -0.0125644
0.75875 -0.00821504
0.77 -0.00255443
0.7425 0.00249184
0.71 0.00458633
0.7275 0.00800086
0.72625 0.0108358
0.72625 0.013138
0.705 0.0150868
0.68 0.0173231
0.675 0.0184042
0.685 0.0185541
0.68 0.0184611
0.69625 0.0163322
0.74375 0.0162253
0.7625 0.0163798
0.75875 0.0161111
0.78625 0.0184244
0.81625 0.01991
0.815 0.0221627
0.82 0.0229711
0.825 0.0233343
0.83375 0.0211484
0.8325 0.0182843
0.81875 0.0180274
0.8025 0.0189215
0.81 0.0223022
0.825 0.0282228
0.78 0.0339542
0.79375 0.039707
0.8125 0.0427085
0.8025 0.0461219
0.7675 0.0507116
0.7925 0.0542434
0.8175 0.0599527
0.81625 0.0657112
0.8225 0.0708571
0.84375 0.0736963
0.8475 0.0760574
0.84375 0.0800286
0.85 0.0826524
0.855 0.0885199
0.84 0.0935004
0.84125 0.0976246
0.825 0.101939
0.8075 0.105828
0.80125 0.111077
0.79875 0.115207
0.7975 0.118392
0.8 0.121467
0.79875 0.12491
0.83 0.126662
0.84125 0.126063
0.84625 0.124959
0.8475 0.123518
0.83625 0.124876
0.8075 0.127531
0.795 0.130437
0.805 0.133228
0.785 0.13403
0.78 0.135316
0.78625 0.135424
0.8 0.133504
0.78875 0.134045
0.76875 0.133994
0.8075 0.135184
0.8 0.136197
0.8075 0.138474
0.78625 0.138323
0.81 0.137785
0.78125 0.1363
0.76625 0.137329
0.775 0.136759
0.8075 0.134775
0.7925 0.130709
0.7525 0.126887
0.76 0.122191
0.7725 0.116076
0.775 0.111355
0.79375 0.10634
0.7825 0.102095
0.785 0.0969336
0.7875 0.0945816
0.8 0.0892424
0.8075 0.0859375
0.795 0.0822629
0.815 0.0764375
0.81875 0.070667
0.86 0.0671633
0.855 0.0634878
0.8525 0.0602628
0.86125 0.0589927
0.83125 0.0557934
0.84125 0.0533585
0.825 0.0517267
0.85 0.0499112
0.82 0.0447382
0.815 0.041813
0.81 0.0392431
0.8025 0.0392943
0.7975 0.0358838
0.805 0.0323348
0.80625 0.0307961
0.80125 0.0283073
0.795 0.0239118
0.79375 0.0208204
0.80625 0.0179384
0.785 0.0151674
0.7775 0.0114568
0.7675 0.00730287
0.7425 0.00363511
0.7375 -0.00127999
0.72875 -0.00672926
0.7225 -0.0114881
0.72125 -0.0167479
0.73125 -0.0241765
0.73125 -0.0306499
0.7175 -0.0393449
0.71625 -0.0464753
0.70375 -0.0542584
0.7125 -0.0607657
0.70125 -0.0665304
0.67 -0.0736388
0.69125 -0.0775053
0.72125 -0.0810775
0.72375 -0.0829634
0.7375 -0.0846507
0.71875 -0.0880235
0.73875 -0.0879044
0.7675 -0.0895752
0.78125 -0.0918751
0.80125 -0.094069
0.77125 -0.0962341
0.77125 -0.0974698
0.76875 -0.0983069
0.75125 -0.0989519
0.75375 -0.0997634
0.74375 -0.101244
0.7525 -0.104741
0.73375 -0.106351
0.7275 -0.108714
0.73125 -0.109084
0.73 -0.110767
0.73375 -0.113637
0.73625 -0.115832
0.71625 -0.115488
0.715 -0.115562
0.70375 -0.116949
0.67375 -0.119785
0.68875 -0.121428
0.63875 -0.124501
0.645 -0.127349
0.63625 -0.127252
0.6375 -0.128961
0.64375 -0.131563
0.64625 -0.135769
0.67625 -0.138728
0.675 -0.140618
0.68 -0.143328
0.69125 -0.145162
0.71375 -0.147243
0.70875 -0.146619
0.7225 -0.143675
0.71125 -0.141638
0.71 -0.139031
0.695 -0.13737
0.655 -0.135368
0.65375 -0.132589
0.68125 -0.130294
0.68375 -0.125886
0.68875 -0.121972
0.68875 -0.118878
0.66375 -0.116856
0.6775 -0.11319
0.67875 -0.110004
0.6625 -0.107074
0.68125 -0.104982
0.69 -0.102648
0.7075 -0.0988436
0.7475 -0.0942601
0.77375 -0.0917792
0.805 -0.0890721
0.79625 -0.0872463
0.775 -0.0854025
0.78 -0.0882421
0.77125 -0.0898028
0.7675 -0.0918994
0.785 -0.091829
0.80125 -0.0929844
0.79125 -0.0927634
0.815 -0.0919705
0.82 -0.0903236
0.825 -0.0879556
0.785 -0.0845928
0.7825 -0.0838877
0.78125 -0.0829249
0.76125 -0.084497
0.805 -0.087172
0.82125 -0.0866103
0.81875 -0.0861221
0.79875 -0.0839634
0.815 -0.0800456
0.795 -0.0777803
0.80625 -0.0759724
0.79625 -0.0737097
0.83 -0.0729071
0.81625 -0.0746115
0.795 -0.0759406
0.74375 -0.0771579
0.74125 -0.0760303
0.7825 -0.0759691
0.795 -0.0750691
0.80125 -0.0737058
0.805 -0.0711016
0.79375 -0.0696066
0.7675 -0.0690219
0.78875 -0.0684674
0.76875 -0.0671847
0.72375 -0.0686148
0.75125 -0.0698647
0.77125 -0.0713765
0.7875 -0.0705301
0.82875 -0.0680583
0.825 -0.0677408
0.82625 -0.0667529
0.8225 -0.0669598
0.815 -0.0679175
0.81 -0.0707996
0.81375 -0.0744218
0.81 -0.0764195
0.81 -0.0767006
0.78625 -0.0759443
0.79375 -0.0725397
0.795 -0.0705256
0.78875 -0.0697145
0.755 -0.0687233
0.72625 -0.0659157
0.715 -0.0642173
0.70875 -0.06365
0.65125 -0.0620411
0.655 -0.0613475
0.66875 -0.0614614
0.66125 -0.061642
0.67125 -0.0601965
0.675 -0.0586622
0.67625 -0.0569025
0.6375 -0.0545527
0.63625 -0.0501871
0.6475 -0.0437957
0.625 -0.0398087
0.6175 -0.035303
0.63625 -0.0317109
0.6325 -0.0290561
0.61375 -0.0251966
0.61625 -0.0218123
0.61625 -0.019471
0.64 -0.0163547
0.595 -0.0127241
0.5975 -0.00966315
0.5725 -0.00686116
0.59625 -0.00334263
0.61 0.000807639
0.6225 0.00282929
0.64875 0.00613203
0.67125 0.00847681
0.65625 0.0110768
0.6275 0.0132154
0.63875 0.0149066
0.6575 0.0161029
0.645 0.0161078
0.6225 0.0162022
0.67 0.0153477
0.66875 0.0131539
0.69125 0.0119384
0.655 0.0113802
0.6325 0.00998074
0.61 0.00754933
0.56625 0.00679259
0.56875 0.00756169
0.545 0.00763268
0.5725 0.00655527
0.59875 0.00705904
0.605 0.00877086
0.6375 0.0118168
0.63875 0.0148018
0.6575 0.0183296
0.665 0.0215368
0.62375 0.0231892
0.6025 0.0225994
0.6225 0.0213136
0.6175 0.0215571
0.59375 0.0211727
0.615 0.020949
0.62125 0.0215754
0.59375 0.0227594
0.6 0.0255298
0.61375 0.0274848
0.61375 0.0286724
0.63125 0.0288011
0.645 0.0300691
0.65375 0.0308561
0.6925 0.0328794
0.73625 0.0341964
0.72625 0.0347504
0.71375 0.0332573
0.735 0.0329778
0.7325 0.0321939
0.71375 0.0309826
0.685 0.0314882
0.685 0.0306438
0.69875 0.0303063
0.69875 0.0302597
0.7 0.0298073
0.70375 0.02838
0.7 0.0269529
0.7175 0.0271915
0.70625 0.0247254
0.68375 0.0222745
0.72 0.0206902
0.73125 0.019438
0.71 0.0182784
0.71875 0.0188485
0.72625 0.0186265
0.77375 0.018782
0.77875 0.0158337
0.7475 0.0120683
0.74125 0.00889877
0.76875 0.00386005
0.76375 -0.000102389
0.76125 -0.00358033
0.735 -0.0069235
0.735 -0.00880216
0.76 -0.00884787
0.78 -0.00769455
0.7775 -0.00868492
0.76375 -0.00932807
0.78375 -0.00905634
0.78 -0.00909684
0.79875 -0.0108367
0.81125 -0.0124044
0.8325 -0.0129335
0.8375 -0.0142229
0.83 -0.017376
0.82 -0.0176404
0.7925 -0.0174682
0.7725 -0.0198361
0.76875 -0.0218668
0.7725 -0.0249224
0.76625 -0.0287708
0.78875 -0.0323673
0.79625 -0.0364053
0.76625 -0.0407248
0.81125 -0.0437904
0.81 -0.0471637
0.8225 -0.050478
0.82625 -0.0519819
0.81125 -0.0531015
0.81 -0.0565811
0.7975 -0.0596592
0.80375 -0.0598063
0.84125 -0.0618967
0.82875 -0.0624247
0.81375 -0.0642586
0.7925 -0.0680162
0.805 -0.0719566
0.81375 -0.0750152
0.8475 -0.0762855
0.8225 -0.0779705
0.8275 -0.0794754
0.83125 -0.0818753
0.86 -0.0840334
0.84875 -0.0848096
0.855 -0.0854815
0.84625 -0.0870822
0.84875 -0.0894741
0.84375 -0.0918852
0.8325 -0.094807
0.84625 -0.0942033
0.845 -0.0951805
0.82125 -0.0955673
0.83125 -0.0963315
0.83125 -0.0959738
0.82 -0.0943808
0.81125 -0.0921941
0.79875 -0.0905646
0.80875 -0.0858736
0.79125 -0.0790713
0.78875 -0.0718552
0.775 -0.0648968
0.77 -0.0592221
0.7825 -0.052155
0.7775 -0.0452819
0.76 -0.0403368
0.7475 -0.0318903
0.75375 -0.0235875
0.74125 -0.0154225
0.7375 -0.0094157
0.76125 -0.0018967
0.765 0.00399468
0.765 0.0112382
0.78375 0.0168721
0.7775 0.0246596
0.78875 0.0324127
0.77 0.0386727
0.77875 0.0439307
0.7475 0.0515159
0.765 0.0564124
0.7725 0.0594422
0.76625 0.0630778
0.7325 0.0642535
0.67875 0.0651581
0.6925 0.0666309
0.65 0.0691205
0.66125 0.0708473
0.68375 0.0742241
0.67375 0.0787362
0.6625 0.0813213
0.655 0.0868115
0.64625 0.0900798
0.73125 0.0940171
0.72 0.096301
0.75625 0.0975835
0.78125 0.0995195
0.75375 0.105045
0.7575 0.110328
0.76125 0.116815
0.75 0.123195
0.71625 0.127097
0.69875 0.131918
0.71 0.134837
0.7225 0.136665
0.7075 0.137975
0.705 0.138832
0.68625 0.140256
0.705 0.141817
0.7275 0.144163
0.7025 0.143517
0.69875 0.143061
0.69125 0.142412
0.695 0.141345
0.6925 0.141173
0.6675 0.141872
0.67375 0.140362
0.6775 0.141258
0.67125 0.140556
0.66375 0.14085
0.71 0.141158
0.7225 0.141469
0.7475 0.139765
0.7425 0.139653
0.73125 0.13927
0.73 0.138767
0.74625 0.139274
0.77125 0.139966
0.72625 0.139882
0.7825 0.142181
0.8075 0.146171
0.82625 0.149429
0.85125 0.15238
0.84 0.153314
0.8525 0.15554
0.8325 0.156082
0.8375 0.15626
0.83875 0.157489
0.86625 0.159138
0.86375 0.16052
0.85625 0.160426
0.83 0.159387
0.80625 0.156947
0.78 0.154771
0.77375 0.151102
0.76125 0.146755
0.7725 0.140457
0.8 0.133759
0.80625 0.125942
0.80375 0.120022
0.8125 0.113107
0.79625 0.109517
0.77875 0.105353
0.79625 0.100074
0.775 0.0971456
0.7575 0.0930103
0.75875 0.0896736
0.765 0.0859254
0.78625 0.0804691
0.8025 0.0753014
0.79125 0.0713729
0.79375 0.0710476
0.805 0.0720265
0.79 0.0706752
0.79125 0.0698543
0.78375 0.0664363
0.79875 0.0612495
0.81 0.0585438
0.79875 0.0571057
0.79375 0.0571696
0.7875 0.0570268
0.7975 0.0564727
0.79125 0.0550757
0.79125 0.053095
0.76625 0.0511832
0.75875 0.0481955
0.73125 0.0417244
0.7075 0.036723
0.705 0.0306189
0.74375 0.0253933
0.73875 0.0203535
0.71875 0.0143245
0.7225 0.00877845
0.69625 0.00680042
0.71625 0.00677914
0.69 0.00347528
0.66375 -0.000787128
0.685 -0.00329161
0.70875 -0.00829136
0.7325 -0.0141066
0.74625 -0.0191559
0.7675 -0.0220387
0.7825 -0.0241093
0.77125 -0.021948
0.7725 -0.0210834
0.76375 -0.0212854
0.78625 -0.0220763
0.77 -0.0232568
0.75 -0.0267177
0.77375 -0.0299549
0.7775 -0.0326243
0.775 -0.033832
0.75625 -0.0347437
0.7275 -0.038796
0.71875 -0.0406789
0.70625 -0.0448847
0.6825 -0.0489375
0.635 -0.0535791
0.65375 -0.0583848
0.68875 -0.0636704
0.6775 -0.0691692
0.69625 -0.0744054
0.73 -0.0793652
0.7525 -0.0845277
0.73625 -0.0896043
0.72125 -0.0954317
0.74875 -0.100086
0.755 -0.105618
0.7375 -0.110852
0.7575 -0.113063
0.7775 -0.116152
0.77375 -0.116892
0.81875 -0.115938
0.80125 -0.115958
0.81625 -0.117926
0.84875 -0.121475
0.86625 -0.125254
0.8475 -0.128653
0.8575 -0.135033
0.84875 -0.14011
0.85625 -0.145283
0.8425 -0.149438
0.8125 -0.153742
0.7825 -0.15863
0.7825 -0.161241
0.765 -0.16271
0.7725 -0.163892
0.78375 -0.164287
0.77875 -0.166535
0.77125 -0.165483
0.79125 -0.16531
0.76375 -0.166561
0.7825 -0.165862
0.775 -0.16394
0.74 -0.160539
0.73625 -0.157119
0.74625 -0.153831
0.75375 -0.148887
0.71 -0.143082
0.7025 -0.137291
0.72125 -0.133274
0.73 -0.130054
0.73 -0.125711
0.75375 -0.120949
0.75375 -0.115193
0.75875 -0.10884
0.73 -0.101989
0.70625 -0.095867
0.72875 -0.0918228
0.7025 -0.0870443
0.7175 -0.0826411
0.67 -0.0807943
0.68625 -0.0799913
0.69125 -0.0776696
0.7075 -0.0760538
0.68125 -0.0743408
0.71375 -0.0736141
0.715 -0.0712772
0.67625 -0.0729673
0.67375 -0.0720072
0.6825 -0.0703166
0.7 -0.066499
0.68125 -0.0631431
0.68875 -0.0592879
0.6975 -0.0543205
0.73375 -0.0510399
0.7525 -0.0472503
0.745 -0.0431678
0.72625 -0.0415775
0.7375 -0.0380649
0.73625 -0.0368989
0.725 -0.0336404
0.74625 -0.0308189
0.7625 -0.0286539
0.76875 -0.0244753
0.765 -0.022544
0.74875 -0.0223207
0.74 -0.0235115
0.77375 -0.0241885
0.7575 -0.0227657
0.75625 -0.0223581
0.75125 -0.0200805
0.7475 -0.0177529
0.76875 -0.0144454
0.7425 -0.00815334
0.7425 -0.00284129
0.74875 0.000322804
0.7375 0.00300326
0.7425 0.00251691
0.7525 0.00379083
0.7675 0.00431121
0.7575 0.00492489
0.7175 0.00730181
0.71125 0.0111761
0.715 0.0147323
0.7375 0.0191168
0.71625 0.0237677
0.7125 0.0287373
0.72125 0.0339206
0.69125 0.0399373
0.7 0.0453552
0.74 0.0502375
0.7375 0.0556487
0.71125 0.0562661
0.72875 0.0538877
0.73125 0.0540106
0.7375 0.0553775
0.74625 0.0543094
0.70375 0.05403
0.705 0.0524135
0.6575 0.0487197
0.68875 0.0450287
0.74 0.0405963
0.75125 0.035321
0.72625 0.0311155
0.70875 0.0259949
0.69125 0.0213521
0.6825 0.0172048
0.6975 0.0131567
0.725 0.0098512
0.76125 0.00524867
0.7725 -0.00187966
0.79 -0.00869329
0.7725 -0.0140185
0.75125 -0.0198709
0.7625 -0.0255994
0.76 -0.0311292
0.7825 -0.0355801
0.77625 -0.0407917
0.76125 -0.0429505
0.76625 -0.0453396
0.7425 -0.046492
0.74 -0.0472298
0.76625 -0.0494188
0.78625 -0.0506513
0.78875 -0.0516788
0.78625 -0.0522154
0.81 -0.0527639
0.82 -0.0532477
0.8225 -0.0554579
0.805 -0.0568575
0.81125 -0.0567834
0.79 -0.05585
0.81125 -0.0536875
0.79375 -0.0489208
0.80125 -0.0470217
0.825 -0.0459981
0.81 -0.0446358
0.79375 -0.0442608
0.80125 -0.0420358
0.79875 -0.0403818
0.78125 -0.0400238
0.815 -0.0386479
0.815 -0.0372077
0.79875 -0.0368652
0.7875 -0.0351935
0.79125 -0.0329424
0.7875 -0.0304467
0.7675 -0.0303827
0.77375 -0.0285448
0.79375 -0.0266945
0.77625 -0.0238219
0.765 -0.0207414
0.77125 -0.0168315
0.7575 -0.0126483
0.77125 -0.00754189
0.75 -0.00237735
0.725 0.00224828
0.73 0.00553895
0.7375 0.00908204
0.7375 0.00993055
0.73375 0.0133315
0.77375 0.0157944
0.7925 0.0172774
0.78375 0.0197354
0.775 0.0236796
0.74875 0.0274644
0.77 0.0308477
0.7575 0.0331773
0.7425 0.0371101
0.7275 0.038268
0.765 0.0391735
0.76125 0.0403287
0.76625 0.040801
0.79375 0.0436709
0.80125 0.0451748
0.8175 0.0480244
0.82 0.0493325
0.82375 0.0526355
0.825 0.0577468
0.81125 0.0613413
0.83125 0.0659433
0.79 0.0708212
0.78875 0.0733536
0.825 0.0716324
0.81875 0.0701849
0.80125 0.0677389
0.8025 0.0673921
0.84 0.0672476
0.83625 0.0690846
0.83125 0.0679474
0.825 0.0673861
0.83625 0.0687321
0.85625 0.06979
0.84875 0.0717207
0.865 0.0714056
0.875 0.0720242
0.88 0.0742778
0.865 0.0730837
0.8475 0.0720747
0.83375 0.0690119
0.83125 0.0648749
0.815 0.0618408
0.815 0.0582237
0.81 0.0542749
0.81375 0.0499964
0.81125 0.0484633
0.83375 0.0458327
0.805 0.043764
0.7875 0.0415707
0.7875 0.0404651
0.8125 0.0385829
0.825 0.0364779
0.8075 0.0335538
0.8175 0.0329077
0.7975 0.0304784
0.805 0.0258455
0.79625 0.0229944
0.79625 0.0191693
0.795 0.0113774
0.775 0.0024457
0.76125 -0.00472948
0.73125 -0.0116622
0.70875 -0.018123
0.7025 -0.0238594
0.7 -0.028778
0.705 -0.0334718
0.72875 -0.0393072
0.7275 -0.0498466
0.7275 -0.0600917
0.75125 -0.0692583
0.755 -0.0778508
0.8025 -0.0851762
0.7975 -0.0916305
0.815 -0.0974618
0.8325 -0.102189
0.82125 -0.106416
0.80625 -0.109847
0.7925 -0.113723
0.78125 -0.11652
0.79 -0.122234
0.77625 -0.125642
0.78375 -0.130104
0.78 -0.130523
0.75 -0.12794
0.755 -0.126313
0.745 -0.123974
0.76875 -0.121863
0.75875 -0.119136
0.73875 -0.117702
0.71 -0.1174
0.7325 -0.118061
0.69375 -0.117737
0.72 -0.11746
0.705 -0.116494
0.71125 -0.114541
0.66125 -0.113211
0.6425 -0.112686
0.675 -0.111632
0.69125 -0.105828
0.70625 -0.102116
0.7075 -0.0982174
0.70375 -0.0953309
0.67625 -0.0943093
0.70375 -0.0909481
0.71125 -0.0885962
0.71625 -0.086014
0.71375 -0.08284
0.70875 -0.0788616
0.725 -0.0702642
0.74625 -0.0633322
0.76 -0.0569971
0.73 -0.0523007
0.7175 -0.0491635
0.715 -0.0472314
0.71125 -0.0476125
0.7175 -0.0463829
0.7175 -0.0441191
0.72625 -0.0419608
0.73875 -0.0400524
0.725 -0.0384729
0.73375 -0.037859
0.73375 -0.0386284
0.73125 -0.038855
0.72625 -0.0400936
0.75125 -0.0414187
0.71875 -0.0454588
0.72875 -0.0532018
0.715 -0.060781
0.7 -0.067091
0.69625 -0.0743727
0.6875 -0.0816783
0.6775 -0.0905186
0.71375 -0.0978324
0.7275 -0.100915
0.76125 -0.106937
0.7525 -0.111432
0.7875 -0.115452
0.7575 -0.12062
0.7675 -0.123888
0.76375 -0.126061
0.7425 -0.128943
0.725 -0.131521
0.725 -0.132795
0.74875 -0.132492
0.78875 -0.134897
0.80375 -0.135336
0.8 -0.134571
0.81875 -0.135735
0.815 -0.136067
0.8225 -0.136427
0.7975 -0.136526
0.78875 -0.137559
0.77 -0.142156
0.7625 -0.145638
0.7275 -0.14561
0.72625 -0.146501
0.73875 -0.147479
0.73625 -0.147544
0.69125 -0.144954
0.7025 -0.145895
0.725 -0.147287
0.72625 -0.149291
0.7425 -0.150328
0.7325 -0.153138
0.72625 -0.154555
0.7475 -0.154722
0.76125 -0.154369
0.78625 -0.153461
0.79875 -0.151994
0.795 -0.148749
0.8175 -0.14648
0.8125 -0.142412
0.79375 -0.1395
0.8125 -0.135493
0.82875 -0.134241
0.82625 -0.132326
0.84125 -0.129427
0.8025 -0.126292
0.82625 -0.122929
0.81625 -0.119217
0.82625 -0.116542
0.80875 -0.114302
0.815 -0.111011
0.81625 -0.107372
0.795 -0.106601
0.79875 -0.106232
0.80625 -0.106095
0.82 -0.104034
0.8025 -0.103144
0.8425 -0.104215
0.81125 -0.104772
0.795 -0.102633
0.78375 -0.101594
0.79875 -0.0980121
0.81 -0.0943963
0.805 -0.0910473
0.8325 -0.0889795
0.85625 -0.0901902
0.8225 -0.0913788
0.83 -0.0905461
0.835 -0.0895657
0.83125 -0.0901941
0.84375 -0.0884521
0.8025 -0.0855426
0.83375 -0.0846881
0.82875 -0.0850478
0.82375 -0.086296
0.7825 -0.0857872
0.78625 -0.0832433
0.75 -0.0795972
0.74125 -0.0728971
0.77875 -0.0685552
0.78375 -0.0646697
0.785 -0.0605019
0.7425 -0.0556273
0.7625 -0.0510878
0.7975 -0.0466807
0.81375 -0.0400435
0.8125 -0.0339741
0.81875 -0.0299927
0.77875 -0.0240722
0.7675 -0.0204173
0.785 -0.0188262
0.79375 -0.0149983
0.80875 -0.0113222
0.775 -0.00593723
0.79875 -0.00134935
0.80625 0.00610533
0.8275 0.0116404
0.815 0.0162828
0.81625 0.0202373
0.85375 0.0223747
0.85875 0.02259
0.82875 0.0211664
0.8325 0.0192146
0.81625 0.0149762
0.8375 0.0108308
0.82 0.00660676
0.81625 0.000762114
0.82625 -0.00723069
0.82125 -0.0134236
0.8125 -0.0182466
0.84875 -0.0230188
0.83125 -0.0237419
0.79125 -0.0244296
0.7625 -0.0250142
0.7675 -0.026326
0.785 -0.0285222
0.785 -0.0280221
0.79375 -0.0269502
0.81125 -0.0253918
0.8075 -0.0235981
0.815 -0.0203145
0.8175 -0.0174625
0.805 -0.0156878
0.7675 -0.0139403
0.78125 -0.0134381
0.77625 -0.0121854
0.75 -0.0112611
0.74375 -0.00960092
0.72875 -0.00849108
0.73125 -0.00666451
0.7525 -0.00218807
0.7075 -0.000113052
0.70875 1.94135e-05
0.73125 -5.21432e-05
0.7375 -0.000197237
0.755 -0.00196432
0.75625 -0.00342273
0.73375 -0.00247921
0.73125 -0.00266268
0.73875 -0.00347809
0.7325 -0.00364629
0.69875 -0.00282228
0.7075 -0.000900227
0.70125 0.00221091
0.71 0.0073262
0.70875 0.0125125
0.70375 0.016991
0.6975 0.0209456
0.69125 0.0242006
0.675 0.0258321
0.65625 0.0274544
0.60875 0.0308473
0.6075 0.035762
0.6125 0.041679
0.63375 0.0490339
0.62375 0.0583276
0.63 0.0674919
0.575 0.0718164
0.55 0.0782029
0.5875 0.0828626
0.54875 0.0849965
0.51875 0.0878545
0.51375 0.0893254
0.55625 0.0914049
0.5625 0.0980366
0.57875 0.0999075
0.6 0.100332
0.59375 0.101779
0.59125 0.101025
0.61875 0.0977174
0.635 0.0931864
0.6275 0.0880348
0.58125 0.0831931
0.57875 0.0812292
0.59625 0.0805034
0.595 0.0855002
0.64875 0.0876251
0.63375 0.0891312
0.66375 0.0917874
0.67125 0.0949351
0.66375 0.0971944
0.6675 0.0983223
0.6975 0.100613
0.7075 0.103594
0.7175 0.105827
0.70625 0.109214
0.7 0.111702
0.71 0.116219
0.7325 0.11976
0.72125 0.121992
0.75375 0.124473
0.73375 0.126694
0.765 0.126357
0.755 0.123801
0.6875 0.120828
0.70875 0.120164
0.70625 0.119994
0.715 0.120226
0.7175 0.118272
0.7275 0.112522
0.7625 0.105729
0.74375 0.101405
0.75 0.0943071
0.76125 0.0888169
0.735 0.0826822
0.73875 0.0794981
0.72625 0.073356
0.73875 0.0664814
0.75 0.0606179
0.7425 0.0567322
0.77375 0.0524113
0.77375 0.0486982
0.76375 0.048635
0.7575 0.0483197
0.75375 0.0466428
0.7825 0.0452157
0.77125 0.0458031
0.78625 0.0477559
0.78875 0.0469933
0.83125 0.0467893
0.80625 0.049167
0.7975 0.0519376
0.80125 0.0557416
0.77875 0.0581299
0.76875 0.0588794
0.79 0.0624662
0.7925 0.0649411
0.77125 0.0677479
0.7675 0.0699511
0.78625 0.0715198
0.78 0.072845
0.755 0.0726314
0.76375 0.0723488
0.7875 0.0742522
0.8125 0.0771713
0.785 0.0810219
0.7975 0.0836919
0.8025 0.0880296
0.7975 0.0919177
0.78 0.0972636
0.8025 0.102038
0.8025 0.10534
0.78875 0.109498
0.765 0.114158
0.78625 0.114826
0.7775 0.113287
0.78125 0.113555
0.7725 0.113734
0.76625 0.113546
0.7875 0.114486
0.775 0.117141
0.7575 0.120685
0.76625 0.124501
0.7625 0.126747
0.76125 0.128926
0.75 0.131609
0.73875 0.133126
0.76125 0.133843
0.76375 0.133459
0.7325 0.133756
0.70875 0.131347
0.705 0.127755
0.72625 0.122093
0.7175 0.118763
0.69 0.11707
0.69875 0.112003
0.72375 0.106613
0.71375 0.101599
0.72375 0.0986457
0.7225 0.096754
0.71125 0.0970603
0.71 0.0988612
0.76 0.0976172
0.75375 0.0943516
0.785 0.0905455
0.79125 0.0843056
0.77875 0.0770317
0.77125 0.0719025
0.79625 0.064502
0.80625 0.0577971
0.8075 0.0519101
0.78875 0.0469093
0.78 0.0433244
0.78 0.0386231
0.76625 0.0329939
0.75625 0.0296307
0.75 0.0270535
0.77 0.0251519
0.76 0.0221437
0.7575 0.0197111
0.75875 0.0154397
0.74375 0.0145915
0.76125 0.0154972
0.73125 0.0166026
0.77 0.0169511
0.725 0.016904
0.71875 0.0190287
0.74 0.0204548
0.725 0.0205919
0.72125 0.021282
0.71875 0.0233513
0.7325 0.0259664
0.725 0.0285004
0.74125 0.0299039
0.74875 0.0292169
0.7375 0.0270633
0.7125 0.0255172
0.74375 0.0253146
0.7625 0.0242001
0.73375 0.0235155
0.74875 0.019716
0.76875 0.0195101
0.77375 0.0210739
0.79375 0.0221835
0.80875 0.0215622
0.79625 0.0232254
0.7975 0.0266319
0.79 0.0324625
0.7775 0.0338687
0.79 0.0333112
0.78375 0.0308416
0.76625 0.0290482
0.76375 0.0305244
0.75875 0.032957
0.77125 0.0336007
0.77 0.0317134
0.75125 0.0295979
0.71 0.0294096
0.725 0.028501
0.75125 0.0301451
0.75625 0.0317104
0.7375 0.0325136
0.73125 0.0339962
0.7325 0.0356438
0.7025 0.0360027
0.72 0.0353244
0.6975 0.036337
0.69625 0.0394347
0.67 0.0447707
0.69375 0.0490539
0.70375 0.0522729
0.73125 0.0545801
0.74375 0.0586722
0.72875 0.0656228
0.75125 0.0712536
0.76875 0.0750049
0.75875 0.079484
0.7325 0.0852525
0.7525 0.08788
0.74625 0.0918181
0.775 0.0977784
0.7825 0.105921
0.7675 0.111849
0.74875 0.117065
0.73 0.123765
0.73875 0.126333
0.75 0.128518
0.7475 0.130589
0.7425 0.131914
0.765 0.136167
0.76 0.141567
0.75875 0.149273
0.76125 0.159582
0.7875 0.168402
0.80625 0.174757
0.815 0.181917
0.82375 0.187547
0.79625 0.191764
0.80875 0.197496
0.8175 0.199712
0.8225 0.199495
0.8475 0.20225
0.85375 0.204075
0.8525 0.207179
0.815 0.209702
0.82625 0.211729
0.84125 0.21351
0.81375 0.212731
0.82125 0.215683
0.8275 0.216223
0.82375 0.21736
0.84 0.219012
0.85625 0.217267
0.82625 0.215492
0.83125 0.213488
0.80375 0.212867
0.82625 0.212015
0.82 0.212384
0.84875 0.212702
0.8275 0.211985
0.83375 0.210368
0.8225 0.20714
0.83125 0.203395
0.8025 0.201384
0.81125 0.201069
0.82625 0.2016
0.84125 0.204446
0.81625 0.209223
0.825 0.215204
0.81125 0.216864
0.80625 0.22245
0.775 0.225573
0.78 0.225624
0.79625 0.227626
0.81625 0.22993
0.8175 0.229754
0.8 0.228935
0.785 0.229159
0.8 0.230081
0.8025 0.229333
0.79375 0.226561
0.825 0.225207
0.82875 0.22103
0.79375 0.218805
0.81125 0.218072
0.80125 0.220993
0.805 0.220389
0.795 0.219822
0.77625 0.217478
0.77875 0.214612
0.79 0.209049
0.8125 0.206578
0.78875 0.203165
0.78375 0.195951
0.755 0.187397
0.71875 0.179499
0.72625 0.174073
0.73625 0.16847
0.70375 0.162521
0.69 0.156689
0.71 0.151643
0.71875 0.15024
0.71875 0.149475
0.71125 0.146296
0.7275 0.141721
0.71875 0.135116
0.7625 0.132702
0.7475 0.130575
0.7125 0.127979
0.705 0.125473
0.7075 0.123238
0.73125 0.121653
0.745 0.122677
0.70875 0.123589
0.7175 0.12611
0.7075 0.127617
0.69125 0.129434
0.68 0.132747
0.7275 0.135432
0.75 0.137059
0.77875 0.13614
0.80625 0.137602
0.8075 0.136988
0.80625 0.138393
0.79125 0.140059
0.79875 0.138747
0.81125 0.135042
0.79375 0.134585
0.75125 0.137261
0.74125 0.136494
0.76125 0.134371
0.7825 0.136094
0.775 0.138191
0.78625 0.13858
0.80375 0.139407
0.8125 0.143637
0.79125 0.151456
0.7925 0.160113
0.785 0.167577
0.795 0.17533
0.78875 0.180979
0.7875 0.186584
0.805 0.192666
0.77625 0.19523
0.815 0.195933
0.8 0.19778
0.8175 0.198492
0.80375 0.200421
0.80375 0.202625
0.81125 0.202738
0.8 0.200764
0.81125 0.199754
0.79125 0.199929
0.7975 0.199692
0.79625 0.199872
0.7725 0.199706
0.795 0.197885
0.77125 0.196345
0.74875 0.192275
0.7275 0.189682
0.7225 0.185984
0.73125 0.183928
0.7475 0.183227
0.75125 0.183565
0.76625 0.183071
0.79125 0.180704
0.81125 0.179245
0.78875 0.177397
0.76375 0.173803
0.75875 0.172274
0.78125 0.171685
0.75625 0.171318
0.78625 0.168309
0.78625 0.16324
0.7875 0.160706
0.7825 0.158943
0.7825 0.158
0.81875 0.158708
0.8075 0.160736
0.79875 0.163518
0.8225 0.165461
0.82125 0.165487
0.81 0.167657
0.8125 0.167358
0.81 0.168469
0.7975 0.168116
0.81625 0.168477
0.80875 0.164926
0.825 0.160241
0.80625 0.155335
0.82875 0.149092
0.8175 0.140974
0.80125 0.133377
0.79125 0.127837
0.80625 0.120461
0.81375 0.116297
0.805 0.109924
0.81125 0.103319
0.8275 0.0947465
0.83 0.0852981
0.815 0.0755221
0.8025 0.0679061
0.7925 0.0599656
0.79 0.0534119
0.79625 0.0482928
0.81 0.0433379
0.8125 0.0389355
0.8125 0.0349704
0.8125 0.0294239
0.81875 0.0258467
0.77125 0.0213193
0.7925 0.0176342
0.77 0.0160304
0.75375 0.0129223
0.78625 0.00926755
0.78875 0.00751974
0.78125 0.00726235
0.78625 0.00629102
0.785 0.00435883
0.7775 0.00386433
0.74375 -5.08802e-05
0.75625 -0.00531663
0.7725 -0.010706
0.7675 -0.0170822
0.79625 -0.02443
0.8 -0.0330808
0.8 -0.0394113
0.78375 -0.0414012
0.79125 -0.0383451
0.78625 -0.0335117
0.77875 -0.0311975
0.78875 -0.0295095
0.80125 -0.029966
0.80625 -0.0306223
0.8025 -0.033062
0.79625 -0.0364872
0.77 -0.0382323
0.775 -0.0403525
0.79625 -0.0429988
0.81 -0.0427675
0.8175 -0.0445108
0.82 -0.0442505
0.75625 -0.0410289
0.76125 -0.0370304
0.78 -0.0333263
0.8 -0.0320732
0.7775 -0.0295993
0.78125 -0.0277268
0.7575 -0.0276147
0.73625 -0.0253451
0.725 -0.0228224
0.72 -0.0188401
0.71 -0.0164099
0.7 -0.013873
0.695 -0.00936761
0.70875 -0.00243638
0.7025 0.00741962
0.66375 0.0171533
0.66125 0.0248952
0.67 0.0295301
0.66 0.0347107
0.67625 0.0394867
0.66375 0.0432788
0.67125 0.046195
0.65125 0.0477571
0.6375 0.0478507
0.64125 0.0481746
0.63 0.0459272
0.645 0.0425415
0.66375 0.0385948
0.65875 0.0349278
0.67 0.0339937
0.665 0.0306618
0.65125 0.0300813
0.7 0.0282429
0.71375 0.0282315
0.72625 0.025084
0.735 0.0258422
0.7425 0.0253035
0.72625 0.0260052
0.72375 0.027388
0.7175 0.0279188
0.7425 0.0283507
0.7275 0.0266262
0.7275 0.0234461
0.72875 0.0182227
0.71375 0.0132336
0.73 0.00803404
0.7075 0.00579486
0.7025 0.000179508
0.65875 -0.0061161
0.6675 -0.0102259
0.62625 -0.0152856
0.64125 -0.0169846
0.63375 -0.0201921
0.61875 -0.0204564
0.65125 -0.0221759
0.65 -0.0250366
0.65625 -0.0278015
0.64625 -0.0301029
0.6475 -0.0374486
0.64125 -0.0425992
0.6275 -0.0475115
0.64 -0.0495831
0.62375 -0.0497316
0.6125 -0.0524488
0.5925 -0.0547346
0.60625 -0.0590843
0.62125 -0.0630205
0.615 -0.0684687
0.6525 -0.0744824
0.65125 -0.0795213
0.67375 -0.0839917
0.685 -0.0899751
0.68875 -0.0964974
0.73375 -0.103638
0.75125 -0.109406
0.7275 -0.116025
0.71 -0.121689
0.70875 -0.123729
0.7225 -0.127276
0.705 -0.129772
0.7025 -0.130104
0.68125 -0.128666
0.7 -0.126376
0.7275 -0.124359
0.75625 -0.12326
0.745 -0.122174
0.72125 -0.118427
0.72625 -0.112113
0.74375 -0.109565
0.755 -0.108727
0.75 -0.10628
0.77125 -0.10368
0.7675 -0.101102
0.8075 -0.0985928
0.78875 -0.0942611
0.79125 -0.0882835
0.80125 -0.0820525
0.79625 -0.0755866
0.82125 -0.0692295
0.82375 -0.0658077
0.83125 -0.0636571
0.8075 -0.0583259
0.8175 -0.0531427
0.81 -0.0486209
0.80875 -0.0431905
0.7825 -0.034834
0.78125 -0.0279934
0.7575 -0.0220536
0.74375 -0.017487
0.7725 -0.00946981
0.835 -0.00575433
0.8575 0.00111569
0.8475 0.00724527
0.8525 0.0136235
0.885 0.0213474
0.8675 0.0322145
0.84625 0.0441705
0.84875 0.0519294
0.8575 0.0586807
0.86125 0.061457
0.85125 0.0609563
0.85625 0.0612227
0.85125 0.0613729
0.83625 0.0592284
0.84625 0.0587038
0.8375 0.0570649
0.8575 0.0579676
0.9025 0.0581958
0.8725 0.0600288
0.86625 0.0635202
0.85875 0.0650301
0.8325 0.0662814
0.82375 0.0668034
0.8375 0.0649292
0.84625 0.0611184
0.85125 0.055529
0.85 0.0475588
0.8375 0.0407219
0.81125 0.0357456
0.7825 0.0358328
0.8025 0.0354507
0.81 0.0353788
0.8125 0.0366198
0.8175 0.0385112
0.84 0.0374508
0.8375 0.0366038
0.8375 0.0378162
0.8425 0.0359052
0.8325 0.0352546
0.80125 0.0335185
0.8025 0.0314942
0.79375 0.0274434
0.795 0.0217555
0.81625 0.0184244
0.85 0.0171088
0.845 0.0162784
0.81625 0.0118662
0.845 0.00887456
0.8375 0.0043652
0.84375 -0.00220733
0.85125 -0.00894543
0.825 -0.0112061
0.80875 -0.016683
0.8175 -0.0234423
0.8525 -0.0287574
0.8675 -0.0333552
0.8775 -0.0350182
0.845 -0.0392986
0.845 -0.0422613
0.86625 -0.0452964
0.83625 -0.0503415
0.8375 -0.0566076
0.8625 -0.0643969
0.8475 -0.0703105
0.85125 -0.0741926
0.85125 -0.0793703
0.84125 -0.0821572
0.8425 -0.0855021
0.84 -0.0891548
0.825 -0.0926859
0.82625 -0.0972067
0.8225 -0.102069
0.84625 -0.105907
0.85125 -0.108664
0.85 -0.109966
0.82625 -0.112376
0.8025 -0.116381
0.76875 -0.120847
0.76375 -0.123204
0.75375 -0.126392
0.75625 -0.127642
0.785 -0.124979
0.77375 -0.127329
0.80375 -0.127309
0.83625 -0.126706
0.805 -0.126019
0.7825 -0.125291
0.78 -0.126916
0.785 -0.125015
0.82 -0.123497
0.81625 -0.119285
0.8175 -0.113711
0.8475 -0.110891
0.835 -0.108124
0.85 -0.105957
0.81875 -0.105379
0.81375 -0.102502
0.84 -0.100668
0.81125 -0.0981905
0.7975 -0.0928568
0.7825 -0.0902671
0.7975 -0.0836083
0.78375 -0.0755426
0.79375 -0.066703
0.82125 -0.0612062
0.83125 -0.0546478
0.82 -0.046773
0.81375 -0.0403775
0.82 -0.0333228
0.8275 -0.0277553
0.84375 -0.0188019
0.8175 -0.0118068
0.79375 -0.00358374
0.78625 0.00571172
0.77875 0.0169536
0.785 0.0290283
0.77375 0.0380318
0.76875 0.0482874
0.79375 0.0589563
0.80875 0.0650362
0.81125 0.0703382
0.79875 0.0744719
0.80375 0.0773748
0.77875 0.0833478
0.795 0.0859564
0.8125 0.0885354
0.82125 0.0906924
0.81125 0.0920751
0.81875 0.0962786
0.82875 0.0998513
0.80875 0.104258
0.8175 0.105504
0.8325 0.107234
0.835 0.111209
0.825 0.111262
0.85 0.107307
0.8425 0.104955
0.8225 0.100745
0.80875 0.0994007
0.78875 0.0990702
0.73625 0.0986983
0.69625 0.0986503
0.71875 0.0952691
0.73125 0.0902705
0.7475 0.0858761
0.73125 0.0827599
0.71375 0.0787657
0.7225 0.0716659
0.68625 0.0674205
0.69875 0.0615121
0.6575 0.0574688
0.655 0.0530423
0.6775 0.0486828
0.66 0.0443079
0.65375 0.0323618
0.68 0.0230362
0.67125 0.0117544
0.66125 0.00155982
0.66625 -0.0109812
0.675 -0.0179994
0.69 -0.0226495
0.67125 -0.0297934
0.65625 -0.0356038
0.66875 -0.0383517
0.67625 -0.0434287
0.6775 -0.0478615
0.69625 -0.0543802
0.71625 -0.0599398
0.72625 -0.0661546
0.71 -0.077924
0.72 -0.089989
0.6825 -0.102197
0.67875 -0.115212
0.7075 -0.126645
0.695 -0.139046
0.73625 -0.148893
0.74125 -0.161344
0.73125 -0.170678
0.72625 -0.183536
0.70875 -0.197091
0.73875 -0.208107
0.715 -0.217905
0.73375 -0.223629
0.745 -0.228738
0.745 -0.233036
0.6925 -0.238606
0.71 -0.242529
0.72375 -0.245345
0.74375 -0.248655
0.74 -0.252107
0.78125 -0.253117
0.75875 -0.260307
0.7675 -0.264695
0.7625 -0.268536
0.77 -0.270217
0.77 -0.272233
0.7775 -0.273787
0.765 -0.275458
0.75125 -0.277516
0.745 -0.278453
0.72625 -0.280731
0.74875 -0.28179
0.78375 -0.283952
0.8025 -0.283793
0.80125 -0.282441
0.7875 -0.281336
0.78375 -0.276262
0.7875 -0.27114
0.77375 -0.263976
0.78875 -0.257324
0.79875 -0.248001
0.795 -0.240387
0.80875 -0.234049
0.805 -0.22681
0.79375 -0.217765
0.7775 -0.206518
0.78625 -0.198981
0.8125 -0.194347
0.83375 -0.183748
0.8275 -0.176528
0.80125 -0.172318
0.8125 -0.16862
0.83875 -0.165479
0.8175 -0.159064
0.8125 -0.154392
0.77875 -0.14672
0.79625 -0.140343
0.79625 -0.138175
0.8075 -0.134715
0.79125 -0.133213
0.78 -0.12797
0.7625 -0.121521
0.77625 -0.114477
0.77875 -0.105884
0.78875 -0.0998405
0.80375 -0.095136
0.79125 -0.0894065
0.8025 -0.0876146
0.78125 -0.0845414
0.7775 -0.0830477
0.79125 -0.0795343
0.80875 -0.0768524
0.82 -0.0724229
0.80625 -0.0671463
0.82 -0.0621812
0.8025 -0.05789
0.78625 -0.0572955
0.81 -0.0524485
0.8275 -0.0468651
0.7975 -0.0436557
0.8025 -0.0433617
0.81125 -0.0383711
0.775 -0.0327579
0.78375 -0.0280443
0.785 -0.0227757
0.78875 -0.0172951
0.75 -0.0134687
0.765 -0.00861038
0.76375 -0.00366997
0.76875 -0.0017353
0.79125 0.00211123
0.7625 0.00486433
0.76375 0.00618272
0.765 0.00489897
0.805 0.0060641
0.805 0.00671749
0.7725 0.00642844
0.78875 0.00542931
0.80125 0.00732397
0.80875 0.00818351
0.81375 0.00717433
0.82875 0.00591923
0.80375 0.00577957
0.7925 0.0056906
0.785 0.00710292
0.8175 0.00896894
0.8225 0.0101111
0.8325 0.0112153
0.83625 0.0138604
0.84375 0.0117514
0.85375 0.00703584
0.845 0.00356562
0.8475 0.000581686
0.845 -0.00113305
0.86125 -0.00190558
0.83 -0.0017444
0.83125 -0.00175391
0.775 -0.00222943
0.755 -0.00210962
0.7825 -0.00470534
0.75125 -0.00384005
0.73375 -0.00390624
0.75125 -0.00786077
0.73625 -0.00877456
0.7425 -0.00990816
0.7625 -0.0119825
0.7575 -0.0160489
0.755 -0.0203861
0.7625 -0.0232614
0.77875 -0.0299041
0.79375 -0.03263
0.80875 -0.0323919
0.80625 -0.0329488
0.8125 -0.0339911
0.7975 -0.0375272
0.75375 -0.0415046
0.74125 -0.0473267
0.75 -0.0561273
0.72125 -0.0669827
0.76375 -0.0758614
0.77125 -0.0853354
0.755 -0.0941385
0.75875 -0.102228
0.7975 -0.11212
0.78625 -0.121702
0.7475 -0.131946
0.755 -0.140587
0.74875 -0.149833
0.7375 -0.160417
0.7275 -0.168911
0.74375 -0.175435
0.71375 -0.183603
0.74125 -0.190717
0.71625 -0.197629
0.7375 -0.202034
0.72625 -0.205769
0.7375 -0.208498
0.75125 -0.211255
0.73375 -0.212042
0.76 -0.210866
0.785 -0.210667
0.80625 -0.209351
0.79625 -0.212387
0.81 -0.212573
0.80625 -0.209769
0.795 -0.201852
0.77875 -0.196194
0.785 -0.193473
0.77 -0.186127
0.75625 -0.178907
0.78375 -0.173965
0.77875 -0.171577
0.78125 -0.170094
0.795 -0.170441
0.82875 -0.172498
0.79375 -0.172647
0.7725 -0.172008
0.78 -0.169647
0.73875 -0.164703
0.73625 -0.160688
0.73 -0.154618
0.755 -0.150793
0.74875 -0.149448
0.7525 -0.147275
0.7575 -0.144406
0.7725 -0.14114
0.78625 -0.142434
0.80625 -0.138583
0.80875 -0.131658
0.7925 -0.129674
0.78625 -0.125831
0.77 -0.122261
0.7525 -0.120453
0.7475 -0.120906
0.75375 -0.122537
0.72 -0.124144
0.74625 -0.125038
0.76125 -0.128109
0.745 -0.130278
0.7525 -0.130542
0.7625 -0.131141
0.7475 -0.134239
0.7725 -0.133551
0.77875 -0.130565
0.78 -0.132592
0.805 -0.133318
0.8025 -0.134451
0.7975 -0.135903
0.79875 -0.136137
0.75875 -0.140788
0.74375 -0.146404
0.77 -0.152861
0.72875 -0.157144
0.70625 -0.163788
0.70875 -0.168399
0.74 -0.17464
0.73875 -0.180024
0.7425 -0.181057
0.75 -0.179017
0.7825 -0.178722
0.765 -0.177134
0.7775 -0.172173
0.77125 -0.164801
0.7625 -0.157936
0.76375 -0.150943
0.74625 -0.14887
0.76375 -0.144907
0.7675 -0.140255
0.7675 -0.130555
0.78625 -0.120932
0.7775 -0.109167
0.8075 -0.100955
0.81375 -0.0920641
0.81375 -0.0856682
0.7925 -0.0858783
0.79 -0.0804579
0.78625 -0.0725798
0.77625 -0.065444
0.80625 -0.0570436
0.79875 -0.0501725
0.79625 -0.0438746
0.805 -0.0392597
0.81375 -0.0364839
0.845 -0.0329985
0.86625 -0.0290401
0.8625 -0.0258456
0.8375 -0.0208863
0.8625 -0.0140394
0.84625 -0.00799439
0.85 -0.00420918
0.85625 0.00522189
0.86125 0.0134524
0.87375 0.0197224
0.84125 0.0253587
0.85625 0.0267892
0.8475 0.031371
0.845 0.0331999
0.85625 0.0373868
0.8575 0.0456318
0.8225 0.0509398
0.82375 0.0580915
0.83 0.0614951
0.8175 0.0651849
0.82125 0.0636184
0.81125 0.0621297
0.80375 0.0668986
0.8 0.0692078
0.78125 0.0712071
0.77375 0.0741962
0.785 0.0746822
0.75 0.0775567
0.755 0.0787582
0.7525 0.083474
0.78125 0.0866854
0.7775 0.0899302
0.78875 0.0920317
0.77 0.0930428
0.8075 0.0944885
0.7825 0.0978949
0.79125 0.100036
0.81125 0.104852
0.8 0.10565
0.7625 0.102739
0.74375 0.0997618
0.7675 0.0995738
0.7975 0.100179
0.78375 0.0977081
0.79875 0.100483
0.7875 0.1025
0.79 0.103284
0.7925 0.103068
0.7825 0.102233
0.78375 0.103412
0.77625 0.104527
0.805 0.102044
0.82875 0.103353
0.82 0.105652
0.805 0.106597
0.8225 0.104535
0.81875 0.103408
0.82875 0.102993
0.8475 0.09737
0.81875 0.0951259
0.8275 0.0919779
0.8075 0.0906128
0.8 0.0895307
0.79625 0.0915582
0.76625 0.0944725
0.78375 0.0966505
0.755 0.0961247
0.7525 0.0955836
0.75875 0.0923137
0.7425 0.0860022
0.7375 0.0844903
0.7275 0.0860024
0.7525 0.0892103
0.76375 0.0881775
0.79375 0.0904236
0.77125 0.0913419
0.78125 0.0908106
0.82375 0.0911656
0.81625 0.0890202
0.82125 0.0911937
0.795 0.0962798
0.82 0.0997963
0.8025 0.100658
0.81125 0.103482
0.81125 0.106806
0.82125 0.110896
0.83 0.114473
0.7925 0.118467
0.79625 0.121311
0.79625 0.12486
0.77625 0.12784
0.7775 0.127499
0.76875 0.126879
0.775 0.124646
0.75 0.124232
0.7575 0.120704
0.7525 0.120972
0.755 0.124262
0.75125 0.125085
0.735 0.129242
0.79 0.133207
0.80625 0.137224
0.835 0.139559
0.82875 0.140415
0.85125 0.144622
0.8425 0.14742
0.8525 0.149888
0.855 0.155398
0.87 0.158351
0.835 0.16049
0.82625 0.16172
0.8075 0.161917
0.78875 0.162555
0.785 0.162699
0.79 0.163164
0.79375 0.161772
0.77 0.162468
0.735 0.164032
0.71625 0.160403
0.72375 0.158913
0.7225 0.158969
0.7225 0.158747
0.685 0.165122
0.7 0.167743
0.7025 0.168618
0.71625 0.164292
0.7325 0.161664
0.75875 0.161005
0.75125 0.159201
0.76625 0.157901
0.785 0.152221
0.76625 0.147457
0.7725 0.145444
0.79625 0.140965
0.7925 0.137034
0.81375 0.130623
0.79 0.124692
0.835 0.119578
0.82 0.113511
0.82 0.108728
0.80125 0.10114
0.79875 0.0955909
0.8025 0.0914848
0.79 0.0866062
0.83375 0.0831127
0.82875 0.0801704
0.8325 0.074122
0.82 0.069449
0.81875 0.0611567
0.83375 0.0551177
0.84625 0.04766
0.81 0.0388071
0.8075 0.0316429
0.785 0.0210883
0.7825 0.0105007
0.77875 -0.00357838
0.79125 -0.0146575
0.78625 -0.0256606
0.77 -0.0356196
0.78625 -0.0440649
0.8 -0.0508722
0.7825 -0.053533
0.77375 -0.059887
0.7925 -0.0643844
0.7975 -0.0686179
0.79125 -0.0751916
0.79 -0.0802724
0.80625 -0.0814303
0.79 -0.0859227
0.77125 -0.0892751
0.765 -0.0955914
0.73125 -0.0981367
0.7025 -0.101794
0.68875 -0.107565
0.6775 -0.114409
0.67125 -0.120833
0.65625 -0.129348
0.68875 -0.134578
0.71875 -0.141606
0.7175 -0.149852
0.71125 -0.159271
0.73375 -0.169639
0.73375 -0.179596
0.7225 -0.188498
0.7325 -0.197368
0.7525 -0.206484
0.75 -0.215332
0.735 -0.219628
0.7075 -0.225745
0.71 -0.230351
0.6725 -0.234317
0.68 -0.239197
0.67375 -0.243766
0.68375 -0.248067
0.665 -0.253359
0.6875 -0.259621
0.65625 -0.265034
0.6275 -0.268639
0.61 -0.269729
0.61625 -0.2695
0.655 -0.271252
0.62875 -0.27012
0.685 -0.273583
0.69625 -0.282338
0.72 -0.290212
0.72 -0.294712
0.74 -0.303989
0.76375 -0.307369
0.75625 -0.307826
0.72 -0.307457
0.7375 -0.308752
0.75875 -0.307307
0.78875 -0.311517
0.7925 -0.317204
0.7575 -0.322804
0.7675 -0.332454
0.76625 -0.338484
0.7725 -0.343439
0.78375 -0.345328
0.78 -0.346749
0.77375 -0.345577
0.7825 -0.342844
0.77125 -0.336215
0.795 -0.326929
0.815 -0.31641
0.81375 -0.303412
0.815 -0.287627
0.8075 -0.273782
0.81375 -0.259847
0.79 -0.248274
0.7625 -0.237644
0.73125 -0.224825
0.71625 -0.210155
0.72125 -0.200654
0.7175 -0.185115
0.695 -0.17216
0.6825 -0.156439
0.7125 -0.143645
0.71875 -0.132973
0.71125 -0.120566
0.73375 -0.109716
0.71875 -0.0953634
0.71625 -0.0837482
0.70125 -0.0738229
0.71875 -0.0678189
0.71375 -0.0612398
0.7275 -0.0552238
0.69875 -0.0467875
0.74 -0.0399957
0.72625 -0.0293959
0.75125 -0.0192363
0.7475 -0.00900335
0.75625 -0.00116585
0.765 0.00408311
0.76625 0.0100058
0.76375 0.0128571
0.74625 0.0154916
0.74875 0.0135423
0.73875 0.0168337
0.7425 0.0197279
0.7525 0.0226999
0.76875 0.0290389
0.74375 0.0355756
0.7425 0.0411824
0.7325 0.0463451
0.72875 0.0523889
0.7225 0.0567971
0.75625 0.0639286
0.755 0.0700537
0.7725 0.0775362
0.78 0.084557
0.80875 0.0886768
0.83375 0.0939102
0.81125 0.0965096
0.8225 0.0980459
0.8325 0.0966148
0.82375 0.0977596
0.80375 0.0983773
0.82625 0.0986057
0.81 0.100094
0.81375 0.105278
0.81 0.103508
0.805 0.103123
0.8375 0.102733
0.85375 0.102891
0.87625 0.100162
0.88625 0.102239
0.905 0.108381
0.89125 0.113805
0.88375 0.117906
0.8825 0.119382
0.8525 0.12264
0.8375 0.126063
0.81875 0.127243
0.8 0.130217
0.83375 0.135615
0.87625 0.138924
0.8275 0.142211
0.82625 0.142649
0.8125 0.14291
0.81375 0.140106
0.80625 0.135114
0.78 0.135846
0.79125 0.135279
0.79125 0.135973
0.81 0.136848
0.81625 0.139476
0.82125 0.137362
0.83125 0.13093
0.83375 0.123788
0.83875 0.113282
0.82875 0.106047
0.83375 0.100334
0.83875 0.0974105
0.85875 0.0947385
0.8425 0.0926258
0.8125 0.0931732
0.815 0.0957555
0.8525 0.0978991
0.8775 0.102093
0.885 0.104948
0.855 0.106181
0.8275 0.107148
0.83625 0.105517
0.84125 0.101107
0.835 0.0948075
0.79 0.0903411
0.775 0.0820058
0.81625 0.0755303
0.76875 0.0735213
0.82125 0.0724283
0.83875 0.0690159
0.81 0.0693304
0.81875 0.0678606
0.81125 0.0659059
0.82875 0.0661944
0.83375 0.0635788
0.8275 0.0592593
0.83375 0.0531019
0.85375 0.0459896
0.85375 0.0403306
0.83375 0.0369016
0.815 0.0338466
0.8175 0.026801
0.81 0.0190792
0.815 0.00998146
0.81875 0.000488197
0.83 -0.00743316
0.8475 -0.0138437
0.8325 -0.0181397
0.8075 -0.0218882
0.80625 -0.0239844
0.8 -0.029329
0.82375 -0.0388297
0.79875 -0.0527914
0.795 -0.0647297
0.8025 -0.0722419
0.80875 -0.0844433
0.83625 -0.0947058
0.8175 -0.10429
0.83 -0.120333
0.80375 -0.134319
0.80875 -0.146493
0.79375 -0.156428
0.8025 -0.165024
0.82125 -0.172164
0.79 -0.178121
0.79125 -0.18367
0.81 -0.183344
0.82 -0.184994
0.82625 -0.19018
0.835 -0.195409
0.795 -0.199923
0.76 -0.202472
0.77125 -0.202168
0.78875 -0.202037
0.765 -0.198229
0.72625 -0.197033
0.73 -0.198206
0.75625 -0.198301
0.76125 -0.193177
0.73 -0.18629
0.7225 -0.179547
0.7175 -0.168665
0.73625 -0.163442
0.7325 -0.159128
0.6975 -0.152201
0.715 -0.148702
0.74125 -0.146384
0.755 -0.144341
0.79125 -0.143386
0.8125 -0.138666
0.82875 -0.134033
0.82375 -0.126259
0.77125 -0.122913
0.76875 -0.117854
0.72625 -0.116625
0.735 -0.115012
0.7775 -0.114756
0.7775 -0.115728
0.795 -0.118273
0.79125 -0.118626
0.805 -0.124215
0.82625 -0.130015
0.8125 -0.135091
0.77625 -0.135475
0.78125 -0.131236
0.77125 -0.126074
0.77875 -0.119171
0.79875 -0.11599
0.80625 -0.112469
0.76125 -0.111656
0.7625 -0.10969
0.73125 -0.10654
0.705 -0.106654
0.7275 -0.108812
0.69625 -0.10833
0.705 -0.108614
0.68125 -0.113972
0.68625 -0.117828
0.69875 -0.120995
0.71375 -0.122874
0.72125 -0.121456
0.71 -0.123496
0.7275 -0.125928
0.7275 -0.126305
0.73 -0.126788
0.7125 -0.125789
0.69875 -0.121742
0.66375 -0.118053
0.6675 -0.11823
0.67125 -0.114707
0.69625 -0.105694
0.71 -0.094784
0.69375 -0.0845113
0.695 -0.0747417
0.7125 -0.0712041
0.73 -0.0637659
0.6975 -0.0574011
0.67875 -0.0526428
0.67375 -0.0495624
0.6825 -0.0447178
0.68875 -0.0380038
0.67375 -0.0274438
0.6625 -0.0191192
0.6775 -0.0130373
0.64375 -0.00775711
0.665 0.00289907
0.67625 0.0133618
0.67125 0.0231587
0.6625 0.0317822
0.66 0.0363233
0.65875 0.0433874
0.63125 0.0514401
0.64125 0.0612277
0.63125 0.0680699
0.64 0.0788416
0.64375 0.0901341
0.625 0.102534
0.5975 0.115784
0.57125 0.12841
0.51875 0.135324
0.53625 0.142155
0.54125 0.146533
0.55625 0.150588
0.56 0.152612
0.5675 0.158909
0.54125 0.161562
0.54375 0.168481
0.545 0.173618
0.54375 0.178903
0.57625 0.189132
0.55875 0.195314
0.58 0.200845
0.58125 0.21158
0.565 0.221767
0.57875 0.233383
0.5625 0.246472
0.55625 0.257409
0.5775 0.263174
0.59875 0.26577
0.57875 0.266196
0.60125 0.264945
0.5925 0.267661
0.60875 0.271038
0.625 0.273013
0.61625 0.277883
0.59 0.281583
0.5825 0.281167
0.635 0.276218
0.63875 0.274879
0.62875 0.274049
0.62125 0.27969
0.67375 0.285875
0.64875 0.289661
0.68 0.292821
0.67625 0.296661
0.66 0.298647
0.62625 0.30199
0.66125 0.301098
0.68375 0.302294
0.67125 0.305383
0.67625 0.303818
0.6825 0.303938
0.71875 0.299802
0.70375 0.290981
0.73125 0.282073
0.71375 0.278057
0.7275 0.274795
0.72 0.273114
0.7225 0.274056
0.7425 0.26626
0.7575 0.254111
0.73125 0.246985
0.71875 0.235007
0.71375 0.222227
0.70875 0.211292
0.74625 0.198356
0.72875 0.1895
0.74875 0.178536
0.7525 0.17232
0.73625 0.167282
0.72 0.160951
0.68 0.153687
0.6775 0.141807
0.70125 0.133371
0.715 0.129335
0.74375 0.125548
0.71375 0.12094
0.72125 0.108728
0.7225 0.101176
0.7125 0.0921762
0.74875 0.079921
0.7425 0.069494
0.73875 0.0638049
0.7475 0.0609053
0.75 0.0585849
0.75375 0.0563977
0.7625 0.0547778
0.74375 0.051246
0.7325 0.0504172
0.7475 0.0500278
0.7425 0.053399
0.73 0.0561779
0.73375 0.0562172
0.75125 0.054851
0.755 0.0566363
0.765 0.0603679
0.77 0.0669847
0.75375 0.0701797
0.73625 0.0721094
0.7575 0.081827
0.73625 0.0915733
0.725 0.0998898
0.73 0.105764
0.7275 0.115532
0.69 0.121089
0.73375 0.12489
0.74875 0.125715
0.78 0.126395
0.77 0.131708
0.735 0.137493
0.77125 0.148776
0.7575 0.161455
0.72125 0.166573
0.715 0.167578
0.75375 0.162764
0.74625 0.160655
0.7425 0.162145
0.7375 0.164868
0.73125 0.171054
0.745 0.177154
0.74 0.180603
0.74375 0.18395
0.7625 0.182467
0.78125 0.179784
0.81625 0.177562
0.79875 0.180467
0.7725 0.183541
0.76125 0.183698
0.80625 0.189107
0.7975 0.191093
0.775 0.192995
0.7575 0.195357
0.76 0.198298
0.7475 0.201262
0.755 0.200135
0.76125 0.199673
0.7675 0.201959
0.745 0.206755
0.7525 0.210961
0.77 0.217039
0.75 0.221542
0.74375 0.222676
0.74 0.217137
0.77 0.216304
0.78125 0.215058
0.80375 0.216399
0.82625 0.219703
0.82 0.216503
0.845 0.215694
0.8275 0.214842
0.825 0.211491
0.79625 0.211638
0.79875 0.209832
0.82625 0.204267
0.79125 0.203812
0.77875 0.202714
0.7625 0.197529
0.7675 0.189619
0.77625 0.184123
0.79 0.181522
0.79875 0.182395
0.8025 0.187133
0.77875 0.192889
0.775 0.200566
0.77625 0.204073
0.74625 0.208554
0.725 0.21597
0.745 0.221918
0.75125 0.22766
0.7275 0.234775
0.73625 0.241016
0.73625 0.244394
0.72625 0.23632
0.71125 0.231827
0.68625 0.223389
0.6625 0.218343
0.645 0.21121
0.645 0.205057
0.65875 0.202814
0.6675 0.200355
0.64875 0.196742
0.65375 0.188875
0.645 0.184613
0.6675 0.181086
0.6725 0.177868
0.68125 0.176119
0.67 0.176698
0.65625 0.169534
0.65875 0.163761
0.6375 0.153568
0.61625 0.145568
0.59625 0.133151
0.60625 0.122722
0.61875 0.11953
0.61875 0.116817
0.6275 0.111908
0.6575 0.10816
0.6425 0.100959
0.65375 0.0985339
0.6725 0.0891599
0.65375 0.0818262
0.6575 0.0738458
0.66 0.0650537
0.6575 0.0590794
0.685 0.0543677
0.6875 0.048289
0.68375 0.0402351
0.64375 0.0271553
0.63125 0.0130635
0.615 -0.00109848
0.625 -0.0102792
0.6175 -0.0243013
0.5875 -0.0298802
0.5675 -0.0323309
0.59 -0.0349934
0.60875 -0.0376045
0.59375 -0.042479
0.585 -0.0500245
0.57 -0.0528986
0.57875 -0.052563
0.585 -0.0495756
0.60625 -0.0485965
0.615 -0.0517858
0.59875 -0.0572822
0.59125 -0.0609369
0.6075 -0.0638885
0.6175 -0.0650259
0.60875 -0.0625305
0.61375 -0.0606296
0.6 -0.058427
0.6175 -0.0507108
0.60875 -0.0439778
0.60625 -0.0372246
0.61375 -0.0320272
0.64625 -0.0250451
0.66875 -0.0234052
0.6625 -0.02141
0.68 -0.0193722
0.7025 -0.0136453
0.67625 -0.0100382
0.65875 -0.00466378
0.6375 0.000791266
0.655 0.0030793
0.65375 0.0094788
0.6425 0.0103215
0.62 0.0131105
0.63875 0.0152867
0.66625 0.0143014
0.69625 0.0179032
0.7025 0.0169958
0.6825 0.0190799
0.6775 0.0168757
0.69375 0.0110734
0.74 0.00611479
0.7075 0.00392242
0.7075 0.00372526
0.70375 0.0072698
0.75125 0.00721452
0.76125 0.00999075
0.7625 0.00758118
0.79125 0.0023743
0.81625 -0.00364686
0.77875 -0.00840233
0.815 -0.0105122
0.84 -0.00910438
0.865 -0.00139321
0.86625 -0.000518374
0.89125 -0.0035654
0.87625 -0.00592513
0.8675 -0.0129945
0.8625 -0.0129352
0.83875 -0.0119143
0.84375 -0.0084934
0.84875 -0.00838344
0.83 -0.00905619
0.82375 -0.0184689
0.78625 -0.0245489
0.78 -0.0265524
0.7725 -0.0289366
0.775 -0.026309
0.77625 -0.0188978
0.78125 -0.0108756
0.78 -0.00680173
0.7825 6.67977e-05
0.735 0.00512314
0.74125 0.014495
0.745 0.0219057
0.7525 0.0231093
0.76625 0.0265298
0.73625 0.0268855
0.715 0.0277234
0.6725 0.031388
0.68125 0.0310854
0.6575 0.0321596
0.67375 0.0336878
0.67125 0.0300895
0.66375 0.0255497
0.70125 0.0218083
0.74125 0.0127046
0.76875 0.00297587
0.7725 -0.000895947
0.75375 -0.00589576
0.73625 -0.0124359
0.71625 -0.0156653
0.68625 -0.0185291
0.705 -0.0244978
0.70125 -0.0244086
0.7425 -0.0218963
0.725 -0.0218641
0.71375 -0.0214662
0.72875 -0.020979
0.71 -0.0195949
0.6975 -0.0176401
0.70375 -0.0166392
0.72125 -0.0171205
0.69875 -0.0127141
0.67375 -0.0129944
0.67 -0.0180128
0.67125 -0.0195112
0.65875 -0.0187989
0.64875 -0.0239312
0.62375 -0.0308336
0.63375 -0.0407013
0.65125 -0.0445113
0.65125 -0.0458159
0.64875 -0.0472469
0.6725 -0.0463029
0.6775 -0.0472547
0.6625 -0.0507781
0.695 -0.0539042
0.72625 -0.0606599
0.705 -0.0666643
0.7375 -0.076025
0.74625 -0.0840022
0.79875 -0.0931005
0.76875 -0.100288
0.7825 -0.110505
0.75375 -0.123728
0.72375 -0.128143
0.735 -0.126849
0.71 -0.124382
0.7675 -0.124561
0.7675 -0.125406
0.75125 -0.12839
0.77125 -0.132173
0.7375 -0.134584
0.73625 -0.134216
0.72375 -0.131663
0.70875 -0.130259
0.755 -0.129692
0.7675 -0.132967
0.755 -0.143944
0.75 -0.153416
0.77625 -0.15703
0.7875 -0.163542
0.77375 -0.167785
0.80375 -0.176864
0.8225 -0.179564
0.8325 -0.180757
0.8125 -0.185023
0.83625 -0.184821
0.82875 -0.185214
0.805 -0.190804
0.79875 -0.199199
0.80125 -0.205496
0.8 -0.21423
0.795 -0.227871
0.80125 -0.232669
0.8 -0.236541
0.8125 -0.245813
0.8275 -0.250791
0.82 -0.258859
0.78875 -0.260116
0.77625 -0.259285
0.76 -0.255309
0.78125 -0.247653
0.78875 -0.238083
0.7775 -0.231948
0.7875 -0.220841
0.8 -0.214651
0.80125 -0.210302
0.77375 -0.206379
0.7625 -0.201714
0.7675 -0.200117
0.75125 -0.196025
0.775 -0.189829
0.75 -0.185534
0.755 -0.183714
0.76625 -0.178231
0.7725 -0.174336
0.74125 -0.167489
0.76375 -0.16227
0.76375 -0.161714
0.7775 -0.165966
0.785 -0.165977
0.77125 -0.164657
0.725 -0.17162
0.71625 -0.174582
0.7175 -0.176294
0.72 -0.17775
0.72625 -0.176928
0.725 -0.174895
0.7375 -0.167545
0.74625 -0.161841
0.72375 -0.15838
0.73 -0.151966
0.735 -0.144454
0.77625 -0.140377
0.79 -0.137979
0.77125 -0.136999
0.75125 -0.132797
0.75375 -0.132771
0.78125 -0.13062
0.775 -0.133518
0.78625 -0.132025
0.77875 -0.130597
0.74375 -0.133518
0.7675 -0.136879
0.755 -0.143471
0.75125 -0.154326
0.72125 -0.158791
0.7375 -0.166278
0.7575 -0.172288
0.73375 -0.177969
0.75 -0.18017
0.76 -0.184693
0.77625 -0.195218
0.7725 -0.201517
0.78 -0.201806
0.76125 -0.206574
0.7625 -0.207785
0.76125 -0.209231
0.7475 -0.206779
0.75 -0.204207
0.755 -0.199858
0.7475 -0.195941
0.73375 -0.189412
0.75375 -0.181724
0.76 -0.172606
0.76625 -0.163661
0.78375 -0.146072
0.81 -0.138575
0.81125 -0.126226
0.82125 -0.115353
0.8375 -0.102852
0.84 -0.0906222
0.8525 -0.0757539
0.84 -0.0712049
0.83125 -0.0699721
0.83375 -0.0688868
0.81875 -0.0631164
0.82875 -0.0572075
0.8275 -0.0429031
0.8275 -0.0301428
0.795 -0.00895812
0.8025 0.00725412
0.81 0.00655188
0.795 0.0122195
0.78625 0.0159223
0.805 0.013274
0.8275 0.0156218
0.82 0.0231717
0.83125 0.0278479
0.83625 0.0329722
0.835 0.0422007
0.80125 0.0482525
0.80875 0.0561671
0.81875 0.0671266
0.8 0.0756699
0.825 0.0899763
0.8 0.108059
0.83375 0.120586
0.83375 0.135629
0.855 0.151143
0.85375 0.161219
0.845 0.171727
0.85375 0.176397
0.85125 0.177678
0.83125 0.172301
0.8325 0.174658
0.84375 0.183037
0.8475 0.195554
0.84 0.207308
0.85 0.220458
0.8375 0.231695
0.83 0.230917
0.8575 0.222683
0.86875 0.215532
0.8625 0.212767
0.86375 0.21065
0.8625 0.210195
0.86375 0.213697
0.81875 0.215659
0.80875 0.206649
0.8375 0.199941
0.8475 0.193984
0.8325 0.186215
0.8325 0.182951
0.8675 0.187563
0.82875 0.194407
0.8275 0.20112
0.84875 0.203049
0.865 0.201678
0.8625 0.202933
0.86 0.20028
0.88 0.195904
0.83875 0.183092
0.82875 0.174982
0.84875 0.165848
0.8575 0.159712
0.87 0.157308
0.87375 0.145001
0.86125 0.128197
0.86125 0.122409
0.81125 0.107211
0.80875 0.0966257
0.8075 0.0916834
0.7875 0.0885486
0.77 0.0854313
0.78875 0.0846173
0.78125 0.0828331
0.78625 0.0776892
0.82 0.0730351
0.8025 0.070138
0.77125 0.0720305
0.77375 0.0817762
0.7275 0.0848504
0.70625 0.0864668
0.71 0.0853445
0.71625 0.0892476
0.71875 0.0907782
0.74625 0.0874234
0.73125 0.0848437
0.70625 0.0855636
0.70875 0.0867078
0.7125 0.0913195
0.72875 0.0962162
0.7325 0.113221
0.72625 0.116123
0.7325 0.127274
0.7325 0.134345
0.70625 0.133792
0.72 0.135837
0.7575 0.140775
0.7225 0.13629
0.68875 0.134004
0.7 0.131485
0.6725 0.137058
0.69375 0.137581
0.70125 0.139766
0.68375 0.147563
0.69625 0.154279
0.71 0.157044
0.7575 0.152627
0.76 0.149783
0.76125 0.150194
0.75875 0.144475
0.74625 0.143716
0.75 0.146544
0.765 0.149376
0.7175 0.149605
0.7 0.141749
0.69625 0.134851
0.72 0.127589
0.7425 0.119205
0.7775 0.116272
0.79875 0.117321
0.7825 0.118746
0.81875 0.122268
0.82625 0.118812
0.8175 0.113221
0.82125 0.1041
0.80375 0.0970304
0.79875 0.0915832
0.81 0.0846154
0.80875 0.0815953
0.80875 0.0778569
0.81 0.0781749
0.81875 0.070819
0.8 0.064747
0.80125 0.0663082
0.82125 0.0573054
0.8175 0.049852
0.83125 0.0445292
0.8275 0.0384901
0.80375 0.039557
0.79375 0.041866
0.795 0.0463845
0.78875 0.0471881
0.79125 0.0531397
0.78875 0.0608315
0.79375 0.0595896
0.815 0.0623501
0.81875 0.0632937
0.82 0.0637514
0.825 0.0685408
0.825 0.0701211
0.8075 0.0714565
0.82 0.0664303
0.81625 0.0604297
0.80375 0.0584634
0.8175 0.0481728
0.82125 0.0415102
0.8275 0.0337366
0.8325 0.0284427
0.81125 0.016302
0.82375 0.000954565
0.8375 -0.0133733
0.8225 -0.0253931
0.835 -0.0332963
0.83875 -0.0296996
0.8325 -0.0309665
0.83125 -0.0233129
0.84625 -0.0202486
0.8225 -0.0159446
0.81 -0.0162352
0.78875 -0.0192122
0.8025 -0.0184762
0.81 -0.0181893
0.80875 -0.0216072
0.81 -0.0311701
0.7975 -0.046832
0.81125 -0.0676698
0.80875 -0.0885547
0.775 -0.0956876
0.795 -0.093751
0.7475 -0.088973
0.72 -0.0866857
0.745 -0.0878632
0.7375 -0.0864344
0.70875 -0.0851886
0.74 -0.0945508
0.72 -0.0993231
0.71375 -0.0926834
0.68625 -0.0867888
0.71125 -0.0774746
0.69375 -0.067604
0.70625 -0.0599437
0.67 -0.0480376
0.70125 -0.0381578
0.7125 -0.0270825
0.6925 -0.0209536
0.68375 -0.00674012
0.7 0.0162405
0.70375 0.0354434
0.69375 0.0556345
0.6925 0.0692871
0.66875 0.0871151
0.65125 0.107331
0.66625 0.120044
0.71 0.136598
0.70125 0.155028
0.705 0.168386
0.735 0.189292
0.755 0.203113
0.70875 0.227149
0.745 0.23947
0.71625 0.244394
0.74625 0.247759
0.72875 0.255684
0.72 0.264567
0.71 0.27545
0.71375 0.290493
0.69375 0.303062
0.67875 0.306794
0.6725 0.306737
0.66875 0.296638
0.64875 0.292701
0.66 0.284144
0.65125 0.276377
0.6525 0.273515
0.67125 0.260364
0.645 0.256342
0.6425 0.25522
0.61875 0.2499
0.6275 0.24059
0.66125 0.230911
0.655 0.219913
0.68375 0.216115
0.6875 0.206136
0.68375 0.190802
0.68 0.17196
0.67125 0.150743
0.69875 0.118797
0.675 0.087
0.68375 0.0624989
0.69125 0.0325296
0.7075 0.00638045
0.75375 -0.0184407
0.745 -0.0384684
0.7575 -0.05466
0.70125 -0.0690636
0.73375 -0.0854013
0.70375 -0.0955248
0.7 -0.105408
0.73 -0.115157
0.7425 -0.128843
0.73375 -0.139759
0.7725 -0.152676
0.7525 -0.166397
0.73875 -0.166531
0.72375 -0.168428
0.72875 -0.16061
0.7475 -0.148264
0.72125 -0.134578
0.71875 -0.122522
0.745 -0.113216
0.72875 -0.113267
0.72875 -0.116472
0.74875 -0.117129
0.74 -0.115307
0.74375 -0.101372
0.7725 -0.0854931
0.7875 -0.0612663
0.78 -0.0463424
0.75125 -0.0279019
0.7725 -0.0230331
0.74875 -0.0260951
0.74875 -0.0254125
0.7175 -0.0225765
0.72625 -0.0261322
0.7425 -0.0264785
0.73875 -0.0368275
0.68375 -0.046532
0.68875 -0.0560727
0.64 -0.0624935
0.6675 -0.068513
0.67625 -0.0639824
0.72125 -0.0621753
0.75375 -0.056076
0.73875 -0.0495511
0.74625 -0.0490736
0.745 -0.0576265
0.76375 -0.0614039
0.7625 -0.0730819
0.7375 -0.0846337
0.745 -0.0990381
0.72 -0.0979147
0.755 -0.0944955
0.7675 -0.0928605
0.77125 -0.0911641
0.8 -0.0937749
0.8025 -0.103935
0.79 -0.108311
0.795 -0.121902
0.7925 -0.138733
0.815 -0.160304
0.81625 -0.189942
0.81 -0.216797
0.8075 -0.226183
0.79625 -0.245659
0.7975 -0.260428
0.7825 -0.252505
0.7675 -0.236083
0.77125 -0.224276
0.795 -0.20288
0.79375 -0.187758
0.78625 -0.185987
0.82 -0.171494
0.78875 -0.161374
0.77625 -0.148574
0.8 -0.142997
0.7725 -0.137283
0.805 -0.128316
0.81875 -0.112409
0.82375 -0.0974265
0.81625 -0.0845937
0.82875 -0.0614549
0.81875 -0.0354656
0.82625 -0.0164531
0.8125 0.00473361
0.8225 0.0265375
0.8025 0.0459188
0.79625 0.0661134
0.795 0.0714581
0.78875 0.0831705
0.78375 0.0907429
0.78375 0.0906008
0.8 0.0950467
0.82125 0.103811
0.8025 0.118381
0.7975 0.118964
0.79375 0.123673
0.77875 0.127379
0.75875 0.120311
0.745 0.105389
0.755 0.0911888
0.7575 0.0795392
0.76 0.0763425
0.76375 0.069097
0.72875 0.0568507
0.76 0.0363206
0.75 0.0167204
0.75875 -0.0089807
0.7925 -0.0245887
0.785 -0.026296
0.78625 -0.0155107
0.79 0.00174196
0.80125 0.0158201
0.79375 0.0134423
0.8075 0.00329348
0.78 -0.0146187
0.8 -0.0388714
0.83375 -0.0540054
0.84625 -0.0667342
0.835 -0.0824866
0.8275 -0.0918568
0.81625 -0.0917746
0.80125 -0.0894051
0.785 -0.0979103
0.79625 -0.11734
0.81 -0.139703
0.81375 -0.148796
0.79875 -0.149377
0.79375 -0.150766
0.7925 -0.142075
0.775 -0.12938
0.765 -0.129041
0.75875 -0.126614
0.725 -0.126144
0.69875 -0.124311
0.7025 -0.12754
0.7 -0.113776
0.7375 -0.0839551
0.70125 -0.0643749
0.74 -0.037557
0.7675 -0.0238636
0.74625 -0.00252113
0.765 0.0152465
0.7575 0.0254074
0.72 0.0322996
0.73375 0.0528337
0.73125 0.0793201
0.7275 0.112367
0.73875 0.145175
0.73875 0.177769
0.71875 0.20066
0.7325 0.214565
0.72375 0.223358
0.69875 0.227136
0.69625 0.237634
0.72 0.25069
0.72375 0.259353
0.69875 0.255967
0.68875 0.240734
0.66375 0.224549
0.6225 0.203742
0.6475 0.187587
0.66125 0.170275
0.66625 0.176816
0.675 0.178662
0.69 0.179071
0.71875 0.176652
0.7225 0.172134
0.7275 0.148246
0.76125 0.125019
0.78375 0.10882
0.78875 0.108339
0.8025 0.113105
0.74875 0.109983
0.72875 0.09044
0.7275 0.0719292
0.71625 0.0471033
0.7525 0.00561913
0.79375 -0.0327761
0.8025 -0.0494827
0.78125 -0.0510178
0.7975 -0.0607683
0.815 -0.0756588
0.81375 -0.105557
0.7975 -0.149067
0.82875 -0.180933
0.84125 -0.217054
0.8475 -0.261752
0.86375 -0.272994
0.86125 -0.266946
0.8575 -0.241301
0.86625 -0.224512
0.84375 -0.217296
0.84875 -0.220058
0.86875 -0.220437
0.87875 -0.214669
0.8825 -0.218875
0.865 -0.200401
0.85625 -0.193403
0.85125 -0.204605
0.8625 -0.215097
0.8475 -0.209884
0.82375 -0.20055
0.82625 -0.167157
0.83125 -0.159231
0.82625 -0.135886
0.86625 -0.107707
0.86 -0.067854
0.87875 -0.0606969
0.8725 -0.0593355
0.8625 -0.0560492
0.8275 -0.0629104
0.83 -0.0532484
0.825 -0.0463363
0.83875 -0.01327
0.845 0.0329708
0.825 0.0434401
0.7975 0.0422424
0.7975 0.0429295
0.755 0.0569139
0.75125 0.0384539
0.75875 0.0158093
0.765 0.0257549
0.75875 0.0339843
0.75375 0.000169162
0.75625 -0.00707773
0.72875 -0.00716823
0.69625 0.00342083
0.70625 0.000253743
0.7075 0
