0.66 1
0.7 0.976519
0.68 0.954796
0.74 0.93357
0.705 0.912827
0.765 0.893164
0.795 0.875522
0.825 0.858087
0.74 0.842238
0.66 0.825711
0.69 0.808382
0.685 0.791502
0.685 0.775032
0.64 0.759736
0.71 0.745462
0.71 0.731259
0.695 0.717454
0.665 0.704554
0.745 0.691887
0.695 0.679779
0.745 0.66731
0.745 0.656073
0.705 0.64424
0.725 0.630978
0.73 0.617128
0.7 0.605055
0.725 0.592854
0.735 0.581631
0.7 0.571086
0.705 0.561688
0.68 0.551525
0.715 0.541334
0.755 0.530904
0.82 0.519881
0.78 0.50999
0.715 0.500524
0.715 0.49026
0.68 0.480654
0.705 0.470973
0.73 0.461385
0.665 0.452308
0.675 0.443164
0.72 0.435073
0.69 0.425775
0.73 0.416003
0.76 0.406504
0.79 0.397792
0.76 0.38936
0.675 0.380612
0.695 0.371671
0.665 0.36309
0.64 0.354674
0.64 0.346819
0.62 0.33792
0.68 0.329541
0.735 0.321155
0.765 0.31339
0.74 0.304429
0.79 0.295544
0.76 0.28778
0.71 0.280094
0.665 0.27284
0.69 0.263918
0.61 0.256007
0.645 0.247754
0.6 0.24002
0.62 0.232078
0.62 0.223809
0.675 0.216061
0.625 0.20942
0.74 0.203241
0.73 0.196569
0.735 0.190474
0.755 0.184358
0.71 0.178071
0.665 0.173256
0.63 0.167967
0.67 0.163604
0.64 0.159014
0.66 0.15503
0.72 0.150452
0.725 0.145848
0.75 0.140979
0.78 0.135252
0.725 0.129451
0.68 0.123888
0.66 0.117248
0.71 0.110356
0.655 0.104183
0.615 0.097447
0.655 0.0918775
0.695 0.0872123
0.765 0.0830958
0.75 0.0793534
0.76 0.0762378
0.8 0.0721648
0.75 0.0676612
0.765 0.0635705
0.725 0.0614931
0.79 0.0595311
0.795 0.0567115
0.77 0.054726
0.725 0.0527864
0.705 0.0506566
0.67 0.0485873
0.7 0.0468622
0.72 0.0447496
0.735 0.0434721
0.715 0.0416337
0.645 0.0402575
0.615 0.0392782
0.56 0.0383254
0.54 0.037032
0.445 0.0367473
0.385 0.0364373
0.38 0.0360788
0.41 0.0356576
0.395 0.0356591
0.3 0.0350312
0.305 0.0347823
0.31 0.034581
0.24 0.0350281
0.205 0.0347711
0.11 0.0336867
0.12 0.0324423
0.12 0.0315798
0.195 0.0312173
0.215 0.0316124
0.22 0.0322007
0.245 0.0324325
0.21 0.0325976
0.16 0.0324833
0.16 0.0321684
0.2 0.0318477
0.245 0.0311397
0.225 0.0319747
0.33 0.0340401
0.265 0.0349506
0.285 0.0365095
0.295 0.0382975
0.295 0.0391086
0.265 0.0396701
0.305 0.0398684
0.31 0.0395319
0.285 0.0395369
0.24 0.0400141
0.28 0.0397682
0.285 0.0399252
0.35 0.0401168
0.32 0.0415616
0.26 0.0442546
0.185 0.0465513
0.16 0.0484122
0.145 0.0504109
0.12 0.0520751
0.155 0.0543975
0.24 0.055766
0.215 0.0576834
0.21 0.059207
0.225 0.0605516
0.105 0.0625539
0.115 0.0628291
0.135 0.0629973
0.13 0.0629019
0.105 0.0623645
0.015 0.0618176
0.025 0.0619785
0.025 0.0630097
0.085 0.0648361
0.075 0.0664162
0.11 0.0683126
0.085 0.0706598
0.14 0.0735224
0.195 0.0748112
0.155 0.0764042
0.17 0.0770207
0.24 0.0785599
0.225 0.0791957
0.275 0.0798804
0.255 0.0808865
0.265 0.0828517
0.315 0.0841724
0.355 0.0861303
0.355 0.0867814
0.39 0.0881694
0.37 0.0898663
0.335 0.0909425
0.34 0.0923484
0.25 0.0935075
0.2 0.0944394
0.25 0.0956527
0.255 0.0957659
0.235 0.0956169
0.22 0.0945551
0.17 0.0941295
0.26 0.0946206
0.275 0.095136
0.36 0.0956657
0.365 0.0964197
0.405 0.0975937
0.46 0.0979702
0.49 0.0967325
0.48 0.0955649
0.485 0.094711
0.545 0.0937351
0.575 0.0922241
0.495 0.0907632
0.495 0.0891594
0.425 0.087306
0.48 0.0845583
0.52 0.0814619
0.445 0.0781657
0.475 0.0738222
0.475 0.0690097
0.515 0.0659262
0.54 0.0632323
0.53 0.0605036
0.5 0.0582514
0.5 0.0559669
0.49 0.0530431
0.455 0.050649
0.505 0.048668
0.575 0.0468314
0.505 0.0451475
0.48 0.0422893
0.51 0.0386631
0.53 0.0346085
0.415 0.0302769
0.44 0.0260751
0.475 0.022482
0.455 0.0187743
0.485 0.0154052
0.48 0.0116265
0.51 0.00711984
0.475 0.00331932
0.46 0.000470047
0.49 -0.00178348
0.51 -0.00385726
0.465 -0.00653232
0.5 -0.00933138
0.505 -0.0112181
0.505 -0.0134174
0.54 -0.0150281
0.675 -0.0156882
0.67 -0.0165069
0.72 -0.0175488
0.735 -0.0185467
0.73 -0.0195703
0.695 -0.0220504
0.665 -0.0251723
0.705 -0.0276462
0.65 -0.0300914
0.665 -0.0328135
0.635 -0.0356484
0.71 -0.0383358
0.75 -0.0414569
0.705 -0.0445135
0.75 -0.0475914
0.765 -0.0500128
0.77 -0.0525054
0.68 -0.0544723
0.73 -0.0569778
0.74 -0.0599718
0.735 -0.0633367
0.765 -0.0657156
0.75 -0.0682046
0.8 -0.0694977
0.745 -0.0701668
0.755 -0.0706419
0.715 -0.0707602
0.755 -0.071233
0.685 -0.0711589
0.73 -0.0717188
0.755 -0.0725915
0.73 -0.0733933
0.685 -0.0741872
0.74 -0.0748223
0.755 -0.0748532
0.81 -0.0760203
0.855 -0.0762928
0.87 -0.0766267
0.865 -0.0776956
0.81 -0.0783878
0.835 -0.0786723
0.845 -0.0800092
0.78 -0.0811352
0.82 -0.0822635
0.865 -0.0828083
0.775 -0.0827867
0.755 -0.0828338
0.735 -0.083148
0.725 -0.0841015
0.805 -0.0853291
0.825 -0.0863569
0.88 -0.0884746
0.9 -0.0897864
0.875 -0.0909496
0.885 -0.09296
0.87 -0.0954515
0.87 -0.0974954
0.89 -0.100891
0.865 -0.103161
0.835 -0.104931
0.83 -0.105915
0.86 -0.106734
0.82 -0.107943
0.755 -0.108021
0.745 -0.10823
0.7 -0.107978
0.715 -0.108024
0.61 -0.107843
0.6 -0.107632
0.505 -0.107114
0.6 -0.106738
0.635 -0.106899
0.62 -0.106849
0.625 -0.106422
0.72 -0.105773
0.685 -0.104846
0.67 -0.103868
0.69 -0.102305
0.6 -0.101376
0.695 -0.100358
0.79 -0.0998904
0.835 -0.100837
0.85 -0.101227
0.875 -0.101876
0.86 -0.101957
0.795 -0.10131
0.8 -0.101114
0.755 -0.101218
0.75 -0.102293
0.7 -0.104737
0.69 -0.107297
0.72 -0.108772
0.735 -0.11109
0.71 -0.112986
0.725 -0.113896
0.74 -0.114398
0.685 -0.114037
0.74 -0.114153
0.715 -0.115362
0.795 -0.116669
0.725 -0.117723
0.605 -0.119114
0.64 -0.120024
0.615 -0.120877
0.615 -0.122419
0.67 -0.124699
0.665 -0.127142
0.57 -0.128982
0.56 -0.131406
0.555 -0.133367
0.55 -0.135804
0.6 -0.138382
0.685 -0.141557
0.665 -0.143382
0.645 -0.145853
0.59 -0.147252
0.58 -0.148244
0.53 -0.149865
0.505 -0.152128
0.49 -0.153628
0.505 -0.155503
0.515 -0.156714
0.425 -0.157477
0.345 -0.158938
0.32 -0.16024
0.355 -0.161315
0.42 -0.162592
0.42 -0.163171
0.34 -0.163829
0.285 -0.163916
0.265 -0.164619
0.295 -0.165149
0.29 -0.164967
0.285 -0.164749
0.245 -0.16492
0.23 -0.164417
0.255 -0.16328
0.205 -0.16178
0.185 -0.160673
0.195 -0.159634
0.195 -0.158676
0.08 -0.158641
0.1 -0.159013
0.065 -0.158896
0.09 -0.158712
0.01 -0.158605
0.02 -0.158536
0.045 -0.157781
0.025 -0.156535
0.03 -0.154632
0.08 -0.152196
0.09 -0.149342
0.05 -0.145273
0.06 -0.142136
0.02 -0.138128
0.185 -0.13368
0.28 -0.129449
0.31 -0.125599
0.385 -0.121828
0.445 -0.118625
0.465 -0.115603
0.5 -0.113253
0.51 -0.111165
0.57 -0.108881
0.615 -0.105935
0.675 -0.103203
0.69 -0.1013
0.685 -0.0994934
0.715 -0.0973049
0.645 -0.0943842
0.67 -0.0917094
0.615 -0.0882507
0.66 -0.0848206
0.655 -0.0823342
0.645 -0.0806912
0.565 -0.0784976
0.605 -0.0761346
0.615 -0.0736487
0.69 -0.0706313
0.63 -0.0664511
0.585 -0.0625057
0.57 -0.0588025
0.64 -0.0546657
0.605 -0.0503203
0.62 -0.0457122
0.66 -0.0413523
0.615 -0.0367595
0.75 -0.0326981
0.785 -0.0279171
0.785 -0.0229531
0.685 -0.0176137
0.655 -0.0124988
0.67 -0.00685235
0.72 -0.00179151
0.775 0.00344429
0.725 0.00940488
0.765 0.0134013
0.83 0.0171002
0.745 0.0211985
0.67 0.0261453
0.65 0.0307986
0.695 0.0357736
0.705 0.0407458
0.71 0.0468235
0.78 0.0536333
0.73 0.0607051
0.7 0.0658659
0.695 0.0702719
0.65 0.0752546
0.675 0.0800709
0.745 0.0831022
0.77 0.0859628
0.83 0.0890069
0.78 0.0913966
0.79 0.0932663
0.825 0.0940201
0.805 0.0950786
0.815 0.0963272
0.795 0.0975718
0.8 0.0993707
0.765 0.101308
0.72 0.103033
0.695 0.104965
0.745 0.106241
0.695 0.10756
0.655 0.108691
0.695 0.109269
0.66 0.109287
0.635 0.108957
0.545 0.10799
0.54 0.108259
0.515 0.108453
0.505 0.10942
0.49 0.111023
0.465 0.113173
0.44 0.115217
0.475 0.118086
0.555 0.120624
0.515 0.12276
0.535 0.124751
0.53 0.126349
0.555 0.127151
0.61 0.128682
0.635 0.129081
0.64 0.128609
0.64 0.128235
0.655 0.128447
0.7 0.129457
0.715 0.129963
0.605 0.129999
0.625 0.130538
0.64 0.131827
0.73 0.131915
0.77 0.132212
0.78 0.133908
0.785 0.135243
0.72 0.136599
0.705 0.136809
0.745 0.135754
0.76 0.134558
0.75 0.13361
0.775 0.13209
0.75 0.130365
0.72 0.128882
0.79 0.127247
0.785 0.125609
0.875 0.123804
0.825 0.121488
0.74 0.119112
0.745 0.117301
0.78 0.114869
0.725 0.112793
0.775 0.110411
0.755 0.108065
0.705 0.106371
0.66 0.105354
0.71 0.104272
0.655 0.102618
0.6 0.100791
0.605 0.0977803
0.665 0.0933734
0.69 0.0890289
0.76 0.0847974
0.795 0.0813515
0.76 0.0791763
0.81 0.0773191
0.82 0.0755584
0.885 0.0748197
0.875 0.0736936
0.875 0.0729649
0.845 0.0717517
0.815 0.0696891
0.83 0.0674336
0.86 0.0658201
0.855 0.0630154
0.91 0.0606132
0.865 0.0589046
0.885 0.0576016
0.94 0.056311
0.87 0.05558
0.925 0.055453
0.935 0.0556961
0.85 0.0568927
0.895 0.057681
0.875 0.0595143
0.83 0.0615712
0.745 0.063465
0.755 0.0652117
0.785 0.0669798
0.75 0.0686384
0.765 0.0704541
0.74 0.0727759
0.705 0.0745379
0.795 0.0752322
0.79 0.0758833
0.81 0.0746504
0.785 0.0728198
0.795 0.0717227
0.745 0.0703099
0.73 0.0692527
0.76 0.0684304
0.79 0.068113
0.81 0.0673708
0.715 0.0668707
0.695 0.0660494
0.705 0.0653967
0.675 0.0642288
0.74 0.0638946
0.72 0.0624609
0.695 0.0611008
0.69 0.0598801
0.665 0.0595045
0.625 0.0588729
0.61 0.0576811
0.56 0.0570282
0.575 0.0574801
0.525 0.0574622
0.545 0.0570666
0.59 0.0563243
0.565 0.0557374
0.52 0.0556491
0.52 0.0548631
0.6 0.055481
0.615 0.0555524
0.575 0.0553033
0.625 0.0558951
0.625 0.0568106
0.645 0.0572253
0.665 0.0573779
0.59 0.0578986
0.585 0.0586824
0.6 0.0600677
0.62 0.06104
0.675 0.0620258
0.66 0.0635115
0.645 0.0642323
0.67 0.0651247
0.655 0.066396
0.59 0.0672216
0.675 0.068672
0.665 0.0697942
0.59 0.0706608
0.62 0.0715875
0.63 0.0725042
0.685 0.0737402
0.62 0.0752131
0.545 0.0768277
0.585 0.0789029
0.67 0.0802633
0.65 0.0823585
0.67 0.0836001
0.71 0.0839309
0.725 0.084953
0.75 0.0861958
0.73 0.0872102
0.705 0.0888702
0.73 0.0898187
0.705 0.0914668
0.675 0.0926539
0.665 0.0937359
0.68 0.095106
0.725 0.096216
0.735 0.0957933
0.77 0.0960838
0.73 0.0951551
0.765 0.093958
0.755 0.0927615
0.74 0.0912849
0.71 0.090666
0.73 0.0892457
0.64 0.089287
0.615 0.0890474
0.605 0.0894488
0.61 0.0904508
0.695 0.0918583
0.695 0.0929256
0.68 0.0936769
0.65 0.0931149
0.61 0.0921133
0.595 0.0915819
0.6 0.0901844
0.42 0.088086
0.42 0.0860381
0.47 0.0845172
0.395 0.0826838
0.525 0.0798336
0.61 0.0780319
0.585 0.0755013
0.62 0.0733796
0.675 0.0714865
0.65 0.0695176
0.685 0.0678482
0.71 0.0665433
0.7 0.0649322
0.73 0.0640205
0.725 0.0630922
0.845 0.061947
0.855 0.0610183
0.81 0.0590795
0.87 0.0570702
0.885 0.0549899
0.82 0.0516895
0.815 0.0478682
0.795 0.0458865
0.82 0.044452
0.705 0.0435325
0.82 0.0425987
0.805 0.0415821
0.725 0.0404907
0.765 0.039377
0.71 0.038127
0.58 0.0372639
0.695 0.0372963
0.625 0.0375272
0.635 0.0367542
0.65 0.0362435
0.615 0.0348805
0.66 0.0334196
0.67 0.0315856
0.6 0.029142
0.6 0.0270341
0.7 0.0258994
0.785 0.0254974
0.79 0.0252906
0.78 0.0258823
0.77 0.02704
0.765 0.0280898
0.71 0.0285429
0.7 0.0273352
0.7 0.025828
0.725 0.0248666
0.775 0.0232531
0.795 0.0216163
0.785 0.0197322
0.75 0.0190609
0.795 0.0185057
0.75 0.0176943
0.785 0.016062
0.77 0.0143652
0.775 0.0137676
0.755 0.0137033
0.835 0.0145755
0.825 0.0159927
0.745 0.0176116
0.76 0.0183647
0.65 0.0183568
0.665 0.0178802
0.66 0.0167282
0.655 0.0151341
0.65 0.0134252
0.7 0.0113205
0.67 0.00990116
0.715 0.00897495
0.635 0.00852426
0.64 0.00778891
0.6 0.00627363
0.605 0.00506069
0.52 0.00376687
0.49 0.00185861
0.53 0.000530763
0.555 -0.00116391
0.58 -0.00220539
0.59 -0.00471276
0.58 -0.00692944
0.525 -0.00879518
0.53 -0.00968976
0.525 -0.0117367
0.495 -0.013365
0.505 -0.0142311
0.485 -0.0166513
0.55 -0.0191904
0.62 -0.0208322
0.675 -0.0223232
0.705 -0.0236738
0.615 -0.0253896
0.66 -0.0286071
0.63 -0.0312867
0.66 -0.0343876
0.645 -0.0381931
0.615 -0.0411811
0.62 -0.0451437
0.57 -0.0481199
0.625 -0.0510048
0.67 -0.0546866
0.62 -0.0574524
0.595 -0.0600021
0.605 -0.0620039
0.615 -0.0641782
0.64 -0.0659108
0.645 -0.0675142
0.625 -0.069086
0.685 -0.0704143
0.67 -0.0722775
0.625 -0.0740766
0.63 -0.0757533
0.675 -0.0763695
0.64 -0.0773421
0.545 -0.0779258
0.595 -0.0794442
0.55 -0.081331
0.52 -0.0824505
0.54 -0.0840111
0.54 -0.0841989
0.515 -0.0851624
0.48 -0.0863515
0.415 -0.0863421
0.43 -0.0865889
0.515 -0.0868534
0.55 -0.0877829
0.49 -0.0889646
0.515 -0.0893802
0.515 -0.0898207
0.545 -0.0920752
0.65 -0.0939753
0.705 -0.0954599
0.72 -0.0954577
0.73 -0.0949073
0.77 -0.0942357
0.7 -0.0943104
0.63 -0.0945142
0.605 -0.0957453
0.685 -0.0978736
0.61 -0.0994767
0.64 -0.101607
0.63 -0.104115
0.57 -0.105193
0.435 -0.105058
0.49 -0.1043
0.55 -0.103785
0.56 -0.103722
0.61 -0.103679
0.71 -0.103318
0.67 -0.104359
0.68 -0.104871
0.69 -0.10676
0.71 -0.108362
0.7 -0.108747
0.65 -0.10849
0.65 -0.10965
0.625 -0.109119
0.645 -0.10859
0.6 -0.107477
0.725 -0.106552
0.825 -0.106927
0.845 -0.106718
0.805 -0.106213
0.77 -0.105552
0.78 -0.104676
0.81 -0.104555
0.785 -0.10468
0.785 -0.105555
0.695 -0.107293
0.695 -0.108613
0.655 -0.108921
0.715 -0.109875
0.675 -0.111602
0.67 -0.112633
0.66 -0.113562
0.585 -0.114694
0.6 -0.116527
0.62 -0.118784
0.57 -0.120073
0.575 -0.120272
0.62 -0.119561
0.66 -0.119198
0.66 -0.118334
0.655 -0.117942
0.595 -0.117583
0.585 -0.117389
0.575 -0.117846
0.535 -0.118454
0.57 -0.119079
0.625 -0.118836
0.71 -0.119779
0.705 -0.120963
0.665 -0.12241
0.61 -0.12234
0.725 -0.123232
0.695 -0.123965
0.645 -0.124468
0.615 -0.123641
0.67 -0.123241
0.65 -0.121509
0.595 -0.119079
0.575 -0.117479
0.645 -0.118323
0.685 -0.119529
0.625 -0.121989
0.605 -0.12498
0.7 -0.128938
0.71 -0.133565
0.8 -0.138669
0.76 -0.144669
0.735 -0.149492
0.78 -0.153932
0.715 -0.158641
0.75 -0.162786
0.67 -0.165804
0.66 -0.167596
0.695 -0.168166
0.78 -0.168701
0.76 -0.168364
0.735 -0.167827
0.735 -0.167157
0.665 -0.166946
0.69 -0.167626
0.665 -0.168155
0.67 -0.168135
0.645 -0.168727
0.725 -0.170141
0.755 -0.171209
0.715 -0.171723
0.685 -0.17284
0.73 -0.173886
0.78 -0.173825
0.825 -0.173765
0.82 -0.174037
0.77 -0.174382
0.7 -0.174544
0.64 -0.174663
0.6 -0.174974
0.645 -0.174343
0.745 -0.172837
0.77 -0.171156
0.78 -0.169483
0.755 -0.168197
0.725 -0.166294
0.705 -0.164947
0.695 -0.162602
0.76 -0.159768
0.765 -0.156815
0.735 -0.15399
0.735 -0.150507
0.66 -0.146937
0.665 -0.144015
0.725 -0.140145
0.73 -0.136981
0.72 -0.133826
0.73 -0.131882
0.72 -0.13039
0.73 -0.12921
0.76 -0.127867
0.765 -0.127266
0.73 -0.127966
0.78 -0.129365
0.785 -0.130496
0.86 -0.130816
0.835 -0.131476
0.815 -0.131607
0.85 -0.132059
0.865 -0.132435
0.78 -0.132895
0.76 -0.133414
0.795 -0.133301
0.825 -0.133686
0.82 -0.132924
0.84 -0.132206
0.84 -0.131463
0.815 -0.130379
0.795 -0.130242
0.795 -0.130214
0.715 -0.130902
0.71 -0.132197
0.765 -0.133677
0.745 -0.134461
0.735 -0.135266
0.67 -0.135512
0.69 -0.135449
0.685 -0.134325
0.655 -0.133649
0.62 -0.133818
0.705 -0.133593
0.685 -0.133802
0.69 -0.135061
0.68 -0.136374
0.74 -0.138467
0.685 -0.141069
0.685 -0.142227
0.69 -0.142382
0.805 -0.142986
0.775 -0.143883
0.8 -0.144872
0.76 -0.146086
0.765 -0.148355
0.725 -0.15056
0.665 -0.151957
0.605 -0.152189
0.615 -0.151602
0.635 -0.151631
0.69 -0.150362
0.695 -0.149855
0.585 -0.149827
0.64 -0.150783
0.685 -0.151297
0.68 -0.153533
0.71 -0.154881
0.64 -0.155475
0.645 -0.155788
0.675 -0.155349
0.63 -0.154863
0.655 -0.154355
0.665 -0.152825
0.65 -0.150466
0.71 -0.148897
0.72 -0.147314
0.79 -0.146247
0.745 -0.145899
0.76 -0.144985
0.7 -0.144101
0.715 -0.143139
0.695 -0.141702
0.625 -0.139566
0.555 -0.138146
0.525 -0.13704
0.545 -0.135724
0.525 -0.134335
0.54 -0.132844
0.55 -0.131019
0.555 -0.128496
0.505 -0.126156
0.53 -0.122974
0.41 -0.119511
0.39 -0.117143
0.335 -0.114251
0.39 -0.112256
0.33 -0.110388
0.365 -0.109592
0.345 -0.10939
0.35 -0.108808
0.41 -0.108053
0.435 -0.107865
0.45 -0.107923
0.535 -0.107526
0.49 -0.105384
0.44 -0.103744
0.505 -0.102331
0.545 -0.101153
0.585 -0.100486
0.58 -0.0989164
0.59 -0.0973267
0.675 -0.0949366
0.59 -0.0926273
0.565 -0.0900387
0.55 -0.0876092
0.475 -0.0853685
0.5 -0.0828165
0.455 -0.0794006
0.46 -0.0761277
0.46 -0.0729238
0.525 -0.0700423
0.665 -0.0672848
0.68 -0.0652778
0.675 -0.0627046
0.6 -0.0603091
0.625 -0.0574395
0.635 -0.0555648
0.535 -0.0537794
0.46 -0.0536132
0.475 -0.0530047
0.55 -0.0533256
0.44 -0.0542501
0.45 -0.0547362
0.55 -0.0541329
0.51 -0.0530338
0.58 -0.0520977
0.48 -0.051968
0.52 -0.0525096
0.525 -0.0525176
0.535 -0.052533
0.56 -0.0514211
0.535 -0.0502095
0.46 -0.0477442
0.445 -0.0454956
0.41 -0.0433876
0.43 -0.0413597
0.425 -0.0383207
0.425 -0.0351117
0.455 -0.03247
0.395 -0.0302322
0.375 -0.0276887
0.385 -0.0264297
0.45 -0.025433
0.485 -0.0250679
0.53 -0.024234
0.605 -0.0238891
0.645 -0.0231758
0.645 -0.0227002
0.665 -0.0213124
0.685 -0.0202175
0.665 -0.0200492
0.65 -0.0204785
0.68 -0.0204416
0.745 -0.0209023
0.725 -0.0214126
0.725 -0.0230844
0.76 -0.0252267
0.79 -0.0280551
0.685 -0.0308431
0.7 -0.0334221
0.74 -0.0342125
0.75 -0.035686
0.77 -0.0369605
0.705 -0.038625
0.725 -0.0409009
0.765 -0.0436232
0.76 -0.0457345
0.765 -0.0481465
0.765 -0.0505002
0.77 -0.0516744
0.795 -0.0532035
0.835 -0.0540196
0.865 -0.0552012
0.81 -0.0570614
0.875 -0.0589986
0.925 -0.0609482
0.925 -0.0638411
0.845 -0.0677617
0.8 -0.0704738
0.785 -0.0726606
0.75 -0.074484
0.8 -0.0773922
0.77 -0.0799855
0.755 -0.082059
0.72 -0.0838078
0.64 -0.085644
0.66 -0.0865993
0.69 -0.0881892
0.74 -0.0903159
0.745 -0.0922553
0.81 -0.0941486
0.77 -0.096373
0.72 -0.0989218
0.685 -0.101662
0.685 -0.104089
0.705 -0.106532
0.74 -0.110086
0.765 -0.113672
0.84 -0.117003
0.805 -0.120326
0.775 -0.122969
0.725 -0.124775
0.67 -0.126182
0.655 -0.127593
0.65 -0.12941
0.68 -0.132306
0.735 -0.135198
0.745 -0.136678
0.8 -0.137995
0.79 -0.138746
0.76 -0.13958
0.745 -0.140086
0.78 -0.139142
0.745 -0.137403
0.745 -0.135545
0.76 -0.133769
0.79 -0.131864
0.785 -0.12877
0.815 -0.12624
0.76 -0.124434
0.785 -0.123353
0.76 -0.122064
0.78 -0.120242
0.77 -0.11848
0.795 -0.117967
0.765 -0.118197
0.765 -0.117637
0.745 -0.118755
0.825 -0.120825
0.79 -0.122633
0.805 -0.123558
0.77 -0.124047
0.715 -0.123751
0.705 -0.123202
0.68 -0.122531
0.705 -0.121237
0.715 -0.119793
0.68 -0.117166
0.68 -0.114722
0.66 -0.111865
0.715 -0.109321
0.725 -0.105912
0.735 -0.102376
0.76 -0.0993237
0.775 -0.0958049
0.765 -0.0929434
0.76 -0.0904976
0.81 -0.0878206
0.79 -0.0855297
0.8 -0.0833619
0.785 -0.0811477
0.845 -0.0783965
0.785 -0.0752191
0.73 -0.0723273
0.7 -0.0691874
0.69 -0.0653935
0.645 -0.0612879
0.655 -0.0576156
0.725 -0.0533923
0.81 -0.0492488
0.785 -0.0463768
0.825 -0.0421929
0.82 -0.0387512
0.79 -0.0356858
0.8 -0.0316703
0.765 -0.0265417
0.75 -0.0211866
0.785 -0.0150942
0.84 -0.00902196
0.86 -0.00394432
0.855 0.00139388
0.85 0.00539027
0.87 0.00858329
0.825 0.0125727
0.83 0.0158031
0.855 0.0180071
0.83 0.0201292
0.87 0.0225437
0.855 0.0228826
0.88 0.023725
0.86 0.0243948
0.82 0.024351
0.815 0.0231965
0.79 0.0226883
0.755 0.0221573
0.76 0.0219246
0.795 0.0221068
0.795 0.022377
0.795 0.0227468
0.78 0.0238731
0.765 0.0244882
0.75 0.0246306
0.815 0.0240172
0.805 0.0245983
0.82 0.0246394
0.78 0.0235262
0.74 0.0225698
0.83 0.0215702
0.85 0.0201443
0.785 0.018204
0.84 0.0158226
0.84 0.0129006
0.785 0.0110652
0.8 0.00970007
0.785 0.00846621
0.79 0.00804709
0.795 0.00697127
0.78 0.00552085
0.75 0.0038161
0.79 0.002585
0.8 0.00159714
0.79 0.00197552
0.82 0.00245668
0.735 0.000586605
0.72 -0.000720646
0.72 -0.00213448
0.725 -0.00389248
0.675 -0.00631294
0.755 -0.00909713
0.76 -0.00989217
0.78 -0.0105232
0.73 -0.010466
0.745 -0.00999823
0.76 -0.0101551
0.78 -0.0107637
0.745 -0.0102528
0.74 -0.0109458
0.76 -0.0122309
0.745 -0.0127774
0.785 -0.0144184
0.76 -0.0161547
0.76 -0.0179175
0.77 -0.0203716
0.75 -0.0238448
0.805 -0.0270095
0.76 -0.0302677
0.805 -0.0329532
0.845 -0.0376773
0.825 -0.0421659
0.82 -0.0464649
0.805 -0.0502179
0.835 -0.0543999
0.845 -0.0590172
0.855 -0.0648117
0.815 -0.0698553
0.83 -0.0748832
0.875 -0.0787544
0.89 -0.0825688
0.84 -0.0879717
0.795 -0.0941303
0.825 -0.100422
0.82 -0.108037
0.795 -0.11481
0.835 -0.121117
0.895 -0.127418
0.875 -0.132598
0.905 -0.138389
0.87 -0.142952
0.86 -0.148077
0.895 -0.152886
0.88 -0.157907
0.885 -0.162303
0.86 -0.165364
0.885 -0.168833
0.83 -0.173776
0.835 -0.179962
0.83 -0.185391
0.85 -0.190152
0.86 -0.19444
0.805 -0.198884
0.775 -0.201981
0.815 -0.204527
0.83 -0.207917
0.865 -0.212486
0.855 -0.217329
0.81 -0.22095
0.84 -0.224038
0.87 -0.22676
0.885 -0.229367
0.87 -0.230401
0.85 -0.230684
0.88 -0.231583
0.835 -0.231645
0.815 -0.231279
0.685 -0.231771
0.705 -0.233712
0.74 -0.235342
0.655 -0.236996
0.65 -0.238453
0.615 -0.240203
0.635 -0.241925
0.6 -0.243592
0.54 -0.243214
0.465 -0.243429
0.475 -0.243661
0.47 -0.244755
0.475 -0.246871
0.465 -0.246756
0.465 -0.245948
0.545 -0.245169
0.54 -0.244556
0.505 -0.244589
0.505 -0.245311
0.485 -0.247084
0.595 -0.248887
0.55 -0.250982
0.445 -0.252552
0.475 -0.252442
0.44 -0.252735
0.39 -0.252047
0.38 -0.250569
0.275 -0.248372
0.18 -0.246141
0.15 -0.244642
0.175 -0.243551
0.265 -0.242949
0.295 -0.242938
0.34 -0.244236
0.335 -0.244781
0.46 -0.244674
0.41 -0.245395
0.385 -0.246166
0.415 -0.244068
0.445 -0.242078
0.485 -0.240351
0.415 -0.240113
0.37 -0.238739
0.39 -0.236927
0.415 -0.234516
0.4 -0.232001
0.43 -0.229748
0.46 -0.22674
0.505 -0.224419
0.49 -0.222523
0.505 -0.222384
0.47 -0.223
0.475 -0.223052
0.5 -0.223251
0.525 -0.223115
0.58 -0.221998
0.555 -0.220729
0.665 -0.219271
0.73 -0.217931
0.69 -0.217057
0.61 -0.215145
0.635 -0.212927
0.645 -0.211081
0.665 -0.210346
0.63 -0.209474
0.71 -0.207787
0.72 -0.206149
0.63 -0.205692
0.685 -0.20431
0.64 -0.202791
0.68 -0.201273
0.66 -0.199396
0.565 -0.198938
0.51 -0.197913
0.455 -0.196307
0.57 -0.195412
0.54 -0.195082
0.53 -0.193947
0.575 -0.192631
0.55 -0.192113
0.485 -0.192307
0.445 -0.190929
0.415 -0.188787
0.455 -0.186675
0.395 -0.186346
0.475 -0.1875
0.545 -0.189867
0.595 -0.191658
0.6 -0.192527
0.58 -0.192009
0.62 -0.191424
0.61 -0.191192
0.555 -0.190554
0.51 -0.190502
0.56 -0.191592
0.59 -0.192758
0.635 -0.193839
0.63 -0.194564
0.65 -0.194453
0.645 -0.193642
0.715 -0.193161
0.695 -0.193518
0.645 -0.193519
0.655 -0.193452
0.735 -0.192687
0.725 -0.191655
0.755 -0.189632
0.77 -0.188239
0.725 -0.185519
0.695 -0.183637
0.68 -0.181566
0.69 -0.180587
0.755 -0.180428
0.71 -0.179748
0.69 -0.178833
0.64 -0.177254
0.62 -0.175884
0.61 -0.175285
0.68 -0.174725
0.68 -0.174953
0.69 -0.174907
0.685 -0.175806
0.74 -0.177375
0.635 -0.179438
0.635 -0.18008
0.76 -0.181104
0.775 -0.181443
0.79 -0.183046
0.83 -0.183967
0.875 -0.183946
0.83 -0.183751
0.845 -0.183939
0.88 -0.184105
0.85 -0.185432
0.895 -0.187194
0.895 -0.188568
0.855 -0.189574
0.85 -0.190244
0.87 -0.19042
0.9 -0.191672
0.87 -0.192999
0.855 -0.193804
0.85 -0.194382
0.885 -0.193951
0.845 -0.194037
0.84 -0.193
0.835 -0.191819
0.865 -0.190032
0.885 -0.188994
0.9 -0.188207
0.8 -0.187814
0.795 -0.187656
0.775 -0.18744
0.72 -0.186914
0.755 -0.185265
0.725 -0.183364
0.77 -0.181013
0.85 -0.178932
0.73 -0.175892
0.73 -0.171977
0.71 -0.168823
0.68 -0.166591
0.69 -0.164202
0.72 -0.160481
0.775 -0.15699
0.73 -0.154515
0.835 -0.152351
0.855 -0.150249
0.835 -0.147908
0.82 -0.144947
0.76 -0.141848
0.735 -0.138583
0.735 -0.135964
0.77 -0.132776
0.8 -0.130647
0.73 -0.130516
0.745 -0.130559
0.66 -0.129329
0.77 -0.127634
0.815 -0.126103
0.855 -0.123533
0.845 -0.121813
0.865 -0.119953
0.9 -0.118059
0.875 -0.117321
0.885 -0.116313
0.865 -0.115707
0.88 -0.115561
0.89 -0.115712
0.84 -0.115856
0.795 -0.116861
0.805 -0.117542
0.775 -0.118643
0.77 -0.119566
0.8 -0.119836
0.765 -0.120829
0.69 -0.122256
0.71 -0.123428
0.715 -0.123028
0.655 -0.122233
0.64 -0.120012
0.565 -0.117452
0.555 -0.114238
0.605 -0.110572
0.6 -0.107748
0.615 -0.106524
0.655 -0.104796
0.63 -0.103094
0.655 -0.101323
0.685 -0.0983762
0.745 -0.0948106
0.79 -0.0906226
0.76 -0.0864377
0.745 -0.0829902
0.83 -0.0794302
0.805 -0.0745459
0.775 -0.0701006
0.745 -0.0649274
0.725 -0.0602648
0.76 -0.0554424
0.74 -0.0496199
0.75 -0.0454024
0.76 -0.0426332
0.735 -0.0398166
0.735 -0.0370201
0.79 -0.0350999
0.84 -0.03428
0.87 -0.0330561
0.85 -0.0323194
0.84 -0.0321986
0.85 -0.0318967
0.835 -0.0314552
0.89 -0.030379
0.885 -0.0287512
0.77 -0.0263485
0.82 -0.0249508
0.82 -0.0233283
0.75 -0.0217789
0.76 -0.0196918
0.82 -0.018353
0.77 -0.0173712
0.785 -0.0181369
0.815 -0.0181363
0.76 -0.0186392
0.775 -0.0200427
0.855 -0.0219433
0.83 -0.0237991
0.81 -0.0248268
0.885 -0.0254688
0.86 -0.0251245
0.84 -0.024071
0.815 -0.023484
0.785 -0.0222454
0.77 -0.0203024
0.8 -0.0197009
0.795 -0.018782
0.805 -0.0185813
0.805 -0.0186708
0.86 -0.0197472
0.86 -0.0205548
0.845 -0.0212323
0.84 -0.0213794
0.83 -0.0210633
0.795 -0.022377
0.78 -0.0238196
0.9 -0.0267579
0.91 -0.0286249
0.92 -0.0312202
0.93 -0.0339009
0.9 -0.0362397
0.88 -0.0382674
0.865 -0.04191
0.89 -0.0459728
0.875 -0.0494494
0.92 -0.0524479
0.915 -0.054992
0.86 -0.0575245
0.815 -0.0604432
0.865 -0.0626626
0.88 -0.0654845
0.875 -0.0675479
0.91 -0.0689904
0.92 -0.070435
0.88 -0.0721203
0.875 -0.0739867
0.85 -0.0752545
0.825 -0.0767353
0.83 -0.0780179
0.815 -0.0788048
0.81 -0.0799986
0.845 -0.0807622
0.79 -0.0801122
0.795 -0.0790085
0.775 -0.0784935
0.81 -0.0781657
0.8 -0.078127
0.78 -0.0766918
0.77 -0.076166
0.82 -0.0751632
0.805 -0.0740231
0.79 -0.0728557
0.805 -0.0726509
0.82 -0.073165
0.83 -0.0738375
0.855 -0.0741669
0.83 -0.0736466
0.85 -0.0743824
0.87 -0.0762028
0.85 -0.0780413
0.775 -0.0791106
0.745 -0.0804614
0.705 -0.0823859
0.705 -0.0838013
0.72 -0.0837906
0.745 -0.0842696
0.775 -0.0830742
0.705 -0.0816558
0.685 -0.0817109
0.675 -0.0801887
0.67 -0.0776779
0.71 -0.0756926
0.785 -0.0734095
0.785 -0.0708354
0.8 -0.0688574
0.795 -0.0673138
0.73 -0.0659582
0.82 -0.0649041
0.855 -0.0638085
0.85 -0.0622517
0.86 -0.061538
0.855 -0.0591743
0.765 -0.056584
0.735 -0.0539165
0.715 -0.0508381
0.725 -0.0469102
0.675 -0.0424856
0.765 -0.037679
0.79 -0.0323573
0.86 -0.0262584
0.855 -0.0193328
0.905 -0.0132418
0.88 -0.00604101
0.84 0.000795577
0.88 0.00761521
0.89 0.0137664
0.805 0.0212
0.785 0.0283109
0.79 0.0347931
0.77 0.0411118
0.77 0.0474972
0.72 0.0538568
0.78 0.06135
0.79 0.0682443
0.8 0.0761503
0.79 0.0839567
0.765 0.0930789
0.81 0.101084
0.725 0.10832
0.72 0.113835
0.745 0.118235
0.76 0.122898
0.735 0.129604
0.73 0.135612
0.795 0.140354
0.735 0.144831
0.765 0.147753
0.795 0.150325
0.72 0.15243
0.655 0.154361
0.67 0.156965
0.735 0.160349
0.785 0.161511
0.805 0.163674
0.78 0.165758
0.705 0.167606
0.705 0.168788
0.67 0.169059
0.66 0.169672
0.62 0.171391
0.575 0.172506
0.545 0.173382
0.53 0.17431
0.535 0.17456
0.515 0.175321
0.475 0.175179
0.51 0.176339
0.58 0.179099
0.555 0.1813
0.62 0.182883
0.595 0.185027
0.67 0.187612
0.745 0.190312
0.73 0.192161
0.78 0.193547
0.795 0.195213
0.8 0.197125
0.805 0.198457
0.85 0.198092
0.88 0.198481
0.885 0.200128
0.85 0.201772
0.85 0.202736
0.85 0.202736
0.835 0.20293
0.865 0.203984
0.915 0.204499
0.87 0.204207
0.845 0.203471
0.94 0.202365
0.885 0.202097
0.87 0.20194
0.89 0.201044
0.85 0.200985
0.81 0.199755
0.785 0.198225
0.76 0.196775
0.83 0.194208
0.86 0.192357
0.905 0.190299
0.925 0.186906
0.9 0.18402
0.85 0.181616
0.87 0.177847
0.805 0.174542
0.805 0.171991
0.83 0.168341
0.76 0.165977
0.745 0.163891
0.735 0.161151
0.76 0.159215
0.78 0.15647
0.78 0.153415
0.735 0.148108
0.765 0.143365
0.75 0.139592
0.76 0.13515
0.735 0.130544
0.79 0.127629
0.805 0.124475
0.76 0.12235
0.835 0.119999
0.79 0.117808
0.77 0.116755
0.765 0.113656
0.735 0.110251
0.795 0.106724
0.78 0.103678
0.72 0.100853
0.795 0.0980575
0.76 0.0953678
0.72 0.0908705
0.77 0.0859279
0.775 0.0795166
0.775 0.0721778
0.81 0.0652136
0.83 0.0590818
0.835 0.0527479
0.8 0.0452345
0.87 0.0387928
0.825 0.0323808
0.785 0.0275898
0.72 0.0240837
0.71 0.0207796
0.785 0.0175105
0.82 0.0124761
0.81 0.00650981
0.845 0.000235893
0.835 -0.00718124
0.845 -0.0139426
0.855 -0.0210731
0.835 -0.0279067
0.8 -0.0335153
0.75 -0.0400732
0.69 -0.0463935
0.62 -0.0541114
0.67 -0.0612001
0.565 -0.067394
0.58 -0.0732356
0.565 -0.0794885
0.5 -0.0854738
0.465 -0.0906379
0.43 -0.0942721
0.445 -0.0968243
0.515 -0.100148
0.425 -0.101351
0.465 -0.103179
0.495 -0.105708
0.425 -0.10866
0.4 -0.112085
0.39 -0.116713
0.32 -0.119958
0.34 -0.122758
0.315 -0.124812
0.31 -0.126377
0.275 -0.128182
0.25 -0.129024
0.27 -0.130342
0.365 -0.130753
0.385 -0.13085
0.355 -0.130641
0.415 -0.12983
0.405 -0.129028
0.4 -0.128477
0.355 -0.127346
0.41 -0.126034
0.425 -0.124609
0.495 -0.123269
0.395 -0.121502
0.36 -0.119701
0.335 -0.118522
0.195 -0.116996
0.21 -0.115818
0.225 -0.114259
0.235 -0.112823
0.32 -0.111375
0.27 -0.111618
0.225 -0.112855
0.28 -0.112899
0.245 -0.113924
0.235 -0.115474
0.26 -0.118646
0.25 -0.120856
0.23 -0.122634
0.265 -0.12431
0.19 -0.125531
0.2 -0.125446
0.245 -0.12592
0.18 -0.126313
0.115 -0.127255
0.1 -0.128296
0.09 -0.129266
0.015 -0.130299
0.02 -0.131524
0.015 -0.13126
0.05 -0.132767
0.045 -0.134907
0.135 -0.136257
0.145 -0.137955
0.085 -0.138485
0.055 -0.139226
0.005 -0.1392
0.06 -0.137892
0.12 -0.137277
0.205 -0.135799
0.24 -0.134267
0.24 -0.132104
0.315 -0.128666
0.255 -0.124857
0.275 -0.121781
0.26 -0.119457
0.2 -0.117627
0.225 -0.116988
0.335 -0.116007
0.33 -0.116399
0.37 -0.115872
0.43 -0.115261
0.405 -0.114233
0.425 -0.113299
0.47 -0.113209
0.485 -0.111527
0.445 -0.110359
0.43 -0.109618
0.45 -0.107978
0.49 -0.106905
0.52 -0.106281
0.51 -0.105006
0.525 -0.104932
0.56 -0.103556
0.64 -0.101704
0.64 -0.101748
0.645 -0.0998871
0.6 -0.100064
0.55 -0.0987861
0.6 -0.0972656
0.605 -0.0969127
0.59 -0.0966162
0.535 -0.097829
0.51 -0.0986855
0.475 -0.0981574
0.44 -0.0985307
0.555 -0.0988768
0.49 -0.0981819
0.53 -0.098468
0.52 -0.0995211
0.495 -0.100001
0.515 -0.100289
0.575 -0.101048
0.59 -0.102153
0.62 -0.103702
0.575 -0.103891
0.615 -0.104605
0.615 -0.106405
0.585 -0.108028
0.56 -0.110402
0.61 -0.113187
0.55 -0.115059
0.57 -0.117147
0.595 -0.118474
0.585 -0.119992
0.595 -0.118821
0.63 -0.117605
0.565 -0.116574
0.53 -0.1144
0.465 -0.114136
0.455 -0.113283
0.515 -0.113001
0.545 -0.113185
0.555 -0.113321
0.595 -0.113141
0.59 -0.111906
0.57 -0.110725
0.595 -0.108187
0.57 -0.105669
0.615 -0.102978
0.635 -0.102712
0.595 -0.101969
0.57 -0.102754
0.595 -0.102734
0.685 -0.101968
0.78 -0.100701
0.79 -0.0981837
0.735 -0.0956755
0.735 -0.0921493
0.75 -0.0884823
0.75 -0.0859964
0.75 -0.0847752
0.755 -0.0823926
0.715 -0.0812359
0.76 -0.0805315
0.745 -0.0789108
0.77 -0.0779849
0.78 -0.0772198
0.79 -0.0766432
0.8 -0.0768692
0.795 -0.076514
0.815 -0.0760221
0.835 -0.0757059
0.775 -0.0758855
0.775 -0.0739753
0.735 -0.0718207
0.815 -0.0698061
0.805 -0.0681405
0.8 -0.0651397
0.85 -0.0626151
0.895 -0.0592706
0.915 -0.0567952
0.905 -0.0539442
0.92 -0.0506734
0.935 -0.0494099
0.89 -0.0479729
0.845 -0.0467075
0.835 -0.04502
0.77 -0.0434221
0.72 -0.0421136
0.71 -0.0407531
0.7 -0.0391548
0.72 -0.0386273
0.745 -0.0383648
0.715 -0.0370652
0.72 -0.0372964
0.74 -0.0373048
0.745 -0.0365689
0.73 -0.0347951
0.735 -0.0321001
0.64 -0.029437
0.68 -0.0256723
0.645 -0.0220697
0.655 -0.0190392
0.745 -0.0152329
0.73 -0.0112329
0.72 -0.0080842
0.73 -0.00422713
0.675 -0.00052258
0.76 0.000964279
0.74 0.00295659
0.765 0.0045629
0.75 0.00637813
0.785 0.00851891
0.75 0.0101277
0.74 0.0101436
0.745 0.0113359
0.76 0.0120858
0.76 0.0116477
0.79 0.0110103
0.72 0.0110917
0.74 0.0134082
0.715 0.015703
0.79 0.0166322
0.88 0.0159349
0.86 0.0143531
0.85 0.0127126
0.825 0.0121378
0.845 0.0118302
0.79 0.0113401
0.765 0.0108912
0.765 0.0105232
0.78 0.00826968
0.82 0.0061793
0.795 0.00494491
0.78 0.0041477
0.785 0.00369633
0.755 0.00464626
0.705 0.00510316
0.72 0.00605889
0.825 0.00622324
0.77 0.00607939
0.825 0.00636265
0.805 0.00761212
0.755 0.00819378
0.76 0.00824724
0.775 0.00570111
0.79 0.00166881
0.74 -0.000459576
0.83 -0.00277173
0.865 -0.00339538
0.845 -0.00330367
0.835 -0.00321806
0.84 -0.00294389
0.845 -0.00239402
0.785 -0.00336651
0.74 -0.00311109
0.77 -0.00240534
0.79 -0.00113763
0.795 0.000354193
0.75 0.00124971
0.785 0.000710813
0.77 -0.000331846
0.815 -0.00186637
0.865 -0.00311148
0.865 -0.0043948
0.895 -0.00527235
0.92 -0.00579836
0.92 -0.00552748
0.895 -0.00478072
0.855 -0.00459399
0.82 -0.00386872
0.8 -0.00476936
0.8 -0.00450862
0.845 -0.00536021
0.72 -0.0085917
0.72 -0.01209
0.77 -0.0157639
0.75 -0.0197994
0.77 -0.0234278
0.79 -0.0265878
0.83 -0.0305634
0.81 -0.0338575
0.845 -0.0372802
0.785 -0.0408657
0.785 -0.0433943
0.8 -0.0458767
0.79 -0.0479401
0.715 -0.0495081
0.635 -0.051093
0.645 -0.0525855
0.66 -0.0556735
0.66 -0.0589926
0.66 -0.0603815
0.76 -0.0637138
0.805 -0.0656032
0.805 -0.0677901
0.65 -0.0701522
0.7 -0.0732791
0.77 -0.0775444
0.77 -0.0818701
0.795 -0.0860193
0.865 -0.089719
0.77 -0.092269
0.86 -0.0929638
0.86 -0.0934112
0.81 -0.0937474
0.72 -0.0935578
0.695 -0.092903
0.63 -0.090938
0.645 -0.0889478
0.675 -0.0887382
0.66 -0.0874639
0.69 -0.0874684
0.73 -0.08731
0.735 -0.0877343
0.75 -0.0893009
0.785 -0.0915602
0.825 -0.0927356
0.865 -0.0943961
0.805 -0.0956605
0.83 -0.0972963
0.87 -0.0980701
0.825 -0.0987069
0.87 -0.100061
0.86 -0.100427
0.825 -0.101879
0.8 -0.101939
0.795 -0.101861
0.835 -0.100738
0.85 -0.0995669
0.845 -0.0988526
0.82 -0.0979412
0.8 -0.096145
0.815 -0.0942454
0.785 -0.0924321
0.77 -0.0915462
0.74 -0.0895279
0.765 -0.0879973
0.71 -0.085176
0.725 -0.0817044
0.76 -0.0763242
0.775 -0.0711213
0.725 -0.0640776
0.655 -0.0559183
0.635 -0.0481822
0.675 -0.0405509
0.695 -0.0354811
0.65 -0.0304675
0.595 -0.0252854
0.535 -0.0201304
0.525 -0.0157164
0.495 -0.0112528
0.51 -0.00727111
0.46 -0.00254045
0.46 0.00210271
0.465 0.00690181
0.405 0.011776
0.46 0.015918
0.44 0.0201544
0.425 0.0238726
0.455 0.0271785
0.495 0.031747
0.5 0.0367315
0.59 0.0408614
0.61 0.0442766
0.55 0.0489319
0.585 0.0523915
0.605 0.056343
0.53 0.0591014
0.455 0.0642774
0.535 0.0691461
0.605 0.0744031
0.56 0.0801787
0.515 0.0872614
0.485 0.0944517
0.505 0.101889
0.51 0.109308
0.52 0.117848
0.6 0.126412
0.675 0.135855
0.73 0.144987
0.67 0.15391
0.645 0.162811
0.655 0.173094
0.69 0.184641
0.68 0.194636
0.66 0.204051
0.635 0.21396
0.615 0.223521
0.72 0.231695
0.65 0.238935
0.65 0.246542
0.64 0.253542
0.63 0.260222
0.665 0.266242
0.655 0.27197
0.68 0.276986
0.645 0.282563
0.685 0.287387
0.71 0.293617
0.77 0.29756
0.785 0.301973
0.715 0.305175
0.735 0.308678
0.74 0.311873
0.8 0.314869
0.795 0.31834
0.8 0.322296
0.79 0.327322
0.72 0.331721
0.685 0.336373
0.735 0.340056
0.74 0.343797
0.73 0.347209
0.74 0.349775
0.78 0.351425
0.795 0.352709
0.795 0.354067
0.71 0.355068
0.71 0.354933
0.695 0.354366
0.72 0.353968
0.79 0.355368
0.87 0.35607
0.875 0.357799
0.855 0.360117
0.83 0.362709
0.83 0.364257
0.845 0.366936
0.815 0.369828
0.745 0.372929
0.745 0.375666
0.745 0.377294
0.725 0.377956
0.65 0.37714
0.6 0.377552
0.59 0.376644
0.595 0.37618
0.61 0.373963
0.63 0.371311
0.595 0.368336
0.63 0.365541
0.6 0.359667
0.685 0.355784
0.73 0.353183
0.705 0.351235
0.705 0.349003
0.74 0.347199
0.725 0.344736
0.635 0.342703
0.71 0.341074
0.715 0.338628
0.76 0.336426
0.82 0.334777
0.825 0.334309
0.895 0.334375
0.835 0.332242
0.825 0.331501
0.81 0.33067
0.82 0.332148
0.805 0.333742
0.7 0.33349
0.795 0.332853
0.77 0.332493
0.74 0.332695
0.755 0.332575
0.715 0.332364
0.645 0.330556
0.605 0.329171
0.555 0.3278
0.55 0.326441
0.53 0.32468
0.58 0.3234
0.615 0.321903
0.66 0.321295
0.61 0.320404
0.66 0.319848
0.675 0.31827
0.655 0.317036
0.655 0.314179
0.625 0.311227
0.565 0.306602
0.525 0.303457
0.59 0.302551
0.605 0.301859
0.59 0.300345
0.595 0.299453
0.585 0.29917
0.56 0.29852
0.485 0.298494
0.6 0.297631
0.585 0.295311
0.645 0.292891
0.71 0.290267
0.69 0.287909
0.75 0.286215
0.76 0.283703
0.705 0.281028
0.605 0.27857
0.705 0.27464
0.71 0.270132
0.7 0.265809
0.695 0.261815
0.755 0.256157
0.78 0.251564
0.75 0.245794
0.69 0.239522
0.735 0.232547
0.725 0.22682
0.73 0.221895
0.69 0.217163
0.71 0.212842
0.645 0.208984
0.68 0.204362
0.62 0.200763
0.575 0.197584
0.585 0.195117
0.62 0.193183
0.64 0.190627
0.575 0.188007
0.55 0.185929
0.485 0.18135
0.51 0.175818
0.54 0.169667
0.525 0.164932
0.53 0.160501
0.59 0.154602
0.565 0.15004
0.545 0.145578
0.555 0.1442
0.58 0.141724
0.615 0.139796
0.55 0.138853
0.505 0.137209
0.485 0.133577
0.52 0.130754
0.45 0.127558
0.455 0.124955
0.465 0.123163
0.445 0.123464
0.355 0.123108
0.305 0.122235
0.28 0.119608
0.235 0.117748
0.24 0.116795
0.27 0.116069
0.265 0.116812
0.325 0.118259
0.265 0.118963
0.215 0.12079
0.145 0.120947
0.155 0.120995
0.11 0.120922
0.14 0.121017
0.1 0.120886
0.06 0.120377
0.115 0.11977
0.095 0.119294
0.135 0.11854
0.02 0.118822
0 0.117286
0.015 0.116385
0.075 0.116248
0.095 0.115599
0.125 0.115274
0.2 0.114789
0.255 0.111913
0.315 0.108543
0.315 0.105821
0.42 0.103952
0.445 0.100917
0.42 0.0984213
0.37 0.0970351
0.31 0.0955441
0.28 0.0935852
0.265 0.0918729
0.33 0.0920617
0.305 0.0920016
0.18 0.0922236
0.185 0.0935131
0.165 0.0944702
0.165 0.0968653
0.13 0.0986868
0.11 0.0995959
0.095 0.101162
0.07 0.1033
0.03 0.104832
0.055 0.107053
0.085 0.109084
0.06 0.111885
0.09 0.115054
0.125 0.118218
0.145 0.121378
0.195 0.124869
0.12 0.127337
0.18 0.131952
0.26 0.136329
0.22 0.140312
0.26 0.14381
0.185 0.147162
0.075 0.150362
0.1 0.15508
0.035 0.161339
0.03 0.166474
0.03 0.171386
0.025 0.175591
0.03 0.178619
0.095 0.180747
0.07 0.181642
0.105 0.183183
0.12 0.184004
0.145 0.18439
0.29 0.184705
0.31 0.184779
0.4 0.18423
0.38 0.184137
0.345 0.184087
0.295 0.185107
0.24 0.185105
0.255 0.185107
0.12 0.184707
0.13 0.183735
0.22 0.182568
0.28 0.183539
0.25 0.184086
0.21 0.185341
0.26 0.185455
0.215 0.185813
0.265 0.185239
0.185 0.185117
0.105 0.184676
0.045 0.185859
0.09 0.186721
0.13 0.187397
0.115 0.189406
0.06 0.191089
0.125 0.1921
0.105 0.193647
0.035 0.194895
0.045 0.19595
0.08 0.197728
0.16 0.198597
0.04 0.200355
0.025 0.200361
0.055 0.201239
0.025 0.203336
0.11 0.205577
0.08 0.205638
0 0.204765
0.045 0.203684
0.05 0.202701
0.18 0.201913
0.225 0.200025
0.265 0.196719
0.205 0.193795
0.105 0.192351
0.12 0.192115
0.075 0.191458
0.03 0.191876
0.05 0.193642
0.075 0.194646
0.06 0.195042
0.1 0.195281
0.115 0.194113
0.055 0.192705
0.085 0.190809
0 0.188129
0.025 0.186481
0.03 0.185171
0.015 0.182713
0.02 0.180956
0.065 0.179433
0.01 0.178314
0.015 0.176682
0.055 0.17443
0.24 0.17182
0.29 0.170847
0.265 0.168359
0.255 0.165726
0.215 0.16363
0.19 0.163048
0.26 0.1615
0.2 0.159683
0.325 0.157713
0.305 0.155574
0.21 0.152655
0.215 0.149643
0.26 0.147521
0.285 0.143987
0.315 0.141942
0.24 0.14086
0.295 0.140213
0.33 0.139397
0.275 0.137432
0.26 0.1362
0.265 0.134591
0.27 0.131801
0.265 0.129865
0.375 0.125706
0.35 0.122151
0.35 0.119164
0.32 0.11768
0.4 0.115617
0.405 0.114312
0.4 0.112499
0.455 0.110554
0.415 0.109665
0.445 0.108941
0.425 0.107091
0.435 0.104996
0.44 0.102005
0.57 0.0978233
0.555 0.0943211
0.54 0.0893734
0.51 0.0846741
0.515 0.0807898
0.415 0.0772812
0.425 0.0724495
0.445 0.0682427
0.465 0.0641385
0.45 0.061729
0.435 0.0595574
0.42 0.0566288
0.485 0.0531256
0.42 0.0504395
0.37 0.0475793
0.39 0.0448764
0.35 0.0418683
0.305 0.038754
0.3 0.0364736
0.28 0.0330129
0.32 0.0299131
0.28 0.0271022
0.26 0.0259565
0.24 0.0243377
0.21 0.0221484
0.155 0.0206384
0.13 0.0198505
0.1 0.0191089
0.135 0.0186552
0.11 0.0173711
0.12 0.0151215
0.18 0.0124163
0.235 0.00975254
0.215 0.00785259
0.275 0.00482389
0.35 0.0012234
0.305 -0.00230876
0.295 -0.00745011
0.31 -0.0125127
0.27 -0.0173247
0.24 -0.0213672
0.21 -0.0250999
0.29 -0.0281207
0.32 -0.0308346
0.34 -0.0310474
0.33 -0.0294375
0.355 -0.0286429
0.39 -0.0279172
0.37 -0.0262793
0.305 -0.0248647
0.34 -0.0227524
0.345 -0.0205728
0.34 -0.0193453
0.315 -0.0182493
0.24 -0.0170367
0.205 -0.01632
0.185 -0.016264
0.185 -0.0161692
0.23 -0.0151626
0.17 -0.0141352
0.155 -0.0118303
0.135 -0.00872852
0.145 -0.00744877
0.135 -0.00740003
0.18 -0.00737732
0.14 -0.0075798
0.165 -0.00794874
0.205 -0.00922216
0.265 -0.0103043
0.29 -0.0113183
0.185 -0.0108252
0.17 -0.0117907
0.18 -0.0119086
0.165 -0.0129484
0.175 -0.0135567
0.2 -0.0142126
0.13 -0.0133847
0.19 -0.0133251
0.145 -0.0136204
0.075 -0.0146931
0.035 -0.0153663
0.025 -0.0163663
0.105 -0.018841
0.09 -0.0214713
0.095 -0.0250272
0.07 -0.0282117
0.12 -0.0309749
0.06 -0.0354846
0.02 -0.0391853
0.04 -0.0419062
0.02 -0.0438702
0.015 -0.0456293
0.05 -0.0479984
0.105 -0.0500319
0.065 -0.0514805
0.1 -0.0522436
0.085 -0.0541757
0.135 -0.0550565
0.155 -0.0558454
0.075 -0.0562482
0.03 -0.0571528
0.005 -0.0576761
0.01 -0.0560014
0.005 -0.0556177
0.065 -0.0540936
0.07 -0.0526763
0 -0.0514628
0.09 -0.0508159
0.145 -0.0510967
0.18 -0.0535759
0.1 -0.0559912
0.125 -0.0573838
0.135 -0.0576597
0.145 -0.0572656
0.025 -0.0568044
0.04 -0.0572287
0.085 -0.0555058
0.01 -0.0552839
0.01 -0.0572901
0.03 -0.0588386
0.055 -0.0594727
0.095 -0.0595619
0.14 -0.0592461
0.155 -0.0585699
0.17 -0.0579911
0.145 -0.0565835
0.06 -0.0573405
0.14 -0.0588425
0.26 -0.0591453
0.275 -0.0602123
0.305 -0.0607751
0.275 -0.0598331
0.31 -0.0593368
0.37 -0.0578224
0.315 -0.0564095
0.375 -0.0548483
0.35 -0.0526078
0.41 -0.0505153
0.485 -0.0484023
0.455 -0.0464088
0.48 -0.0455364
0.545 -0.0440078
0.545 -0.0428817
0.565 -0.0411921
0.61 -0.0402306
0.555 -0.0399297
0.59 -0.0403462
0.545 -0.0403963
0.605 -0.0401586
0.645 -0.0390282
0.66 -0.0381779
0.65 -0.0370876
0.685 -0.035157
0.66 -0.0335289
0.66 -0.0323058
0.595 -0.0311197
0.57 -0.0280956
0.53 -0.0247807
0.525 -0.0216391
0.495 -0.0191413
0.52 -0.0172546
0.615 -0.0160279
0.585 -0.0150994
0.58 -0.0130319
0.625 -0.0107617
0.64 -0.0091185
0.56 -0.00569115
0.51 -0.00179121
0.465 0.000860483
0.395 0.00110702
0.43 0.00243242
0.49 0.00352567
0.555 0.00603684
0.56 0.00792046
0.565 0.00893618
0.61 0.00984397
0.545 0.00982613
0.505 0.0100049
0.535 0.0119063
0.565 0.0142258
0.605 0.0170721
0.61 0.0208421
0.65 0.0251816
0.645 0.0283117
0.63 0.0317654
0.67 0.0357772
0.725 0.0389147
0.765 0.041928
0.835 0.0437929
0.86 0.0445315
0.855 0.0441343
0.825 0.0429753
0.815 0.0413764
0.855 0.0397895
0.87 0.0371331
0.81 0.0362717
0.875 0.0352859
0.825 0.0340784
0.805 0.0316539
0.84 0.029376
0.84 0.0269601
0.76 0.0264036
0.7 0.0251952
0.73 0.0254344
0.725 0.0271002
0.755 0.0282752
0.785 0.0291281
0.84 0.029882
0.86 0.0305454
0.835 0.0310709
0.805 0.0307506
0.875 0.0294435
0.82 0.0272551
0.75 0.0251312
0.795 0.0222997
0.8 0.0208568
0.79 0.0203236
0.835 0.0200118
0.865 0.0199612
0.87 0.021746
0.905 0.0235866
0.875 0.0252336
0.84 0.02514
0.815 0.024114
0.825 0.0223847
0.78 0.020274
0.705 0.0207012
0.74 0.0220059
0.76 0.0226489
0.79 0.0241723
0.78 0.0252617
0.845 0.0252657
0.82 0.0257986
0.83 0.0277979
0.805 0.0290491
0.84 0.0302734
0.85 0.0323919
0.88 0.0336296
0.875 0.0348938
0.77 0.0359087
0.82 0.0371195
0.785 0.0382256
0.785 0.0385675
0.8 0.038442
0.835 0.0390813
0.835 0.0384475
0.835 0.0379905
0.825 0.0382042
0.805 0.0385446
0.83 0.039593
0.825 0.0400875
0.83 0.039482
0.815 0.0391265
0.86 0.0384557
0.81 0.036332
0.845 0.0334705
0.75 0.0321826
0.775 0.032332
0.795 0.0339712
0.83 0.0343417
0.77 0.0343365
0.765 0.0335224
0.8 0.0328572
0.885 0.032854
0.845 0.032059
0.865 0.0314482
0.88 0.0328342
0.885 0.0340311
0.86 0.0349548
0.87 0.0355302
0.795 0.0361099
0.795 0.0364835
0.775 0.0367354
0.785 0.0378571
0.795 0.0384657
0.815 0.0396097
0.8 0.0414241
0.83 0.040546
0.775 0.0403317
0.81 0.0397192
0.89 0.0398843
0.835 0.040364
0.835 0.0398295
0.845 0.0378826
0.85 0.0352943
0.82 0.0326081
0.8 0.0284541
0.815 0.0243458
0.87 0.0199723
0.865 0.0165576
0.815 0.0144077
0.865 0.0112981
0.835 0.00843104
0.84 0.00471663
0.795 0.000822426
0.79 -0.00343966
0.765 -0.00748714
0.8 -0.0134749
0.685 -0.017246
0.715 -0.020138
0.74 -0.0227867
0.745 -0.0247195
0.815 -0.0272873
0.77 -0.029999
0.78 -0.0316207
0.75 -0.0333991
0.73 -0.0365368
0.79 -0.0390608
0.705 -0.0417523
0.745 -0.0435897
0.77 -0.0457875
0.795 -0.0482246
0.795 -0.0508776
0.745 -0.0538511
0.72 -0.0566949
0.685 -0.0595991
0.75 -0.0634426
0.715 -0.0667428
0.75 -0.0695797
0.8 -0.0726899
0.76 -0.0771158
0.76 -0.0803393
0.78 -0.0826699
0.76 -0.0863876
0.78 -0.0908576
0.785 -0.0952337
0.75 -0.10004
0.685 -0.10472
0.72 -0.108137
0.69 -0.111829
0.645 -0.114494
0.6 -0.11775
0.625 -0.120467
0.61 -0.123727
0.665 -0.126646
0.69 -0.128857
0.67 -0.131043
0.655 -0.132489
0.72 -0.133099
0.76 -0.132539
0.795 -0.131825
0.81 -0.131232
0.76 -0.129759
0.78 -0.129799
0.8 -0.129987
0.835 -0.131973
0.85 -0.132513
0.84 -0.133392
0.81 -0.132333
0.85 -0.132438
0.795 -0.13188
0.865 -0.131016
0.85 -0.130436
0.835 -0.130241
0.835 -0.129874
0.78 -0.13035
0.83 -0.129694
0.815 -0.126962
0.76 -0.123416
0.755 -0.120869
0.7 -0.117801
0.67 -0.113673
0.625 -0.111459
0.585 -0.108429
0.61 -0.10571
0.615 -0.104116
0.57 -0.101545
0.575 -0.0976363
0.66 -0.0934028
0.655 -0.0881261
0.585 -0.0831795
0.515 -0.0786123
0.455 -0.0734987
0.415 -0.0685744
0.425 -0.0651437
0.505 -0.0622829
0.49 -0.0592224
0.475 -0.0559023
0.535 -0.0516518
0.565 -0.0469695
0.485 -0.0419427
0.47 -0.0371502
0.48 -0.0326485
0.38 -0.0282598
0.475 -0.0241918
0.445 -0.0185606
0.475 -0.0125963
0.505 -0.00610597
0.525 0.00176158
0.495 0.0109823
0.52 0.0192387
0.54 0.0261244
0.605 0.0333868
0.575 0.0417606
0.545 0.0504936
0.445 0.0592917
0.505 0.0674177
0.555 0.0738431
0.52 0.0800695
0.53 0.0854874
0.505 0.091145
0.45 0.0966134
0.47 0.102809
0.52 0.110341
0.505 0.118101
0.565 0.123909
0.55 0.128605
0.48 0.133252
0.525 0.13743
0.645 0.140859
0.665 0.145782
0.78 0.152165
0.74 0.158502
0.66 0.163973
0.605 0.168439
0.61 0.171872
0.65 0.174351
0.63 0.174872
0.725 0.175924
0.675 0.176977
0.725 0.178354
0.725 0.179791
0.725 0.179329
0.66 0.178502
0.665 0.178667
0.635 0.178111
0.66 0.176582
0.65 0.175554
0.71 0.173999
0.695 0.17216
0.71 0.169266
0.79 0.166713
0.755 0.163979
0.75 0.161434
0.735 0.158029
0.72 0.153752
0.75 0.150042
0.7 0.14528
0.73 0.13973
0.785 0.132889
0.805 0.126362
0.78 0.120477
0.79 0.116558
0.735 0.113068
0.69 0.109652
0.595 0.107308
0.57 0.105018
0.535 0.104561
0.505 0.105196
0.575 0.104448
0.665 0.103715
0.685 0.104026
0.685 0.102723
0.775 0.101183
0.8 0.10022
0.75 0.0991482
0.735 0.0975829
0.725 0.0945996
0.695 0.0917335
0.795 0.0883187
0.805 0.0857281
0.8 0.082197
0.81 0.0789638
0.87 0.0762491
0.82 0.0730627
0.785 0.0678698
0.76 0.063846
0.775 0.0597607
0.725 0.05449
0.775 0.0494125
0.79 0.0452961
0.78 0.0410593
0.82 0.036889
0.83 0.0320182
0.82 0.0279743
0.78 0.0246216
0.845 0.0231354
0.78 0.022347
0.8 0.0236619
0.79 0.0257375
0.82 0.0315982
0.89 0.0367678
0.895 0.0400032
0.825 0.0422778
0.81 0.0433098
0.79 0.043318
0.74 0.0424275
0.765 0.0406911
0.71 0.0403165
0.73 0.0406759
0.625 0.0403024
0.705 0.0392441
0.645 0.0368894
0.655 0.0335471
0.705 0.0295434
0.73 0.0251557
0.67 0.0216314
0.68 0.0201359
0.665 0.018339
0.67 0.0173729
0.655 0.0159124
0.625 0.0148293
0.63 0.0132137
0.595 0.0114463
0.585 0.00907917
0.645 0.00570248
0.71 0.00253949
0.7 -0.00126665
0.725 -0.00372907
0.675 -0.00468374
0.69 -0.00438532
0.685 -0.00391759
0.665 -0.00395776
0.725 -0.003733
0.725 -0.00259952
0.71 -0.00277053
0.68 -0.00353459
0.67 -0.00372968
0.61 -0.00347401
0.59 -0.00312188
0.66 -0.00404216
0.695 -0.0075187
0.725 -0.0116824
0.715 -0.0145976
0.715 -0.0176794
0.63 -0.0206306
0.6 -0.0226649
0.57 -0.0246296
0.505 -0.025946
0.48 -0.0273497
0.505 -0.0284828
0.49 -0.029565
0.475 -0.0298385
0.365 -0.0305156
0.335 -0.032864
0.205 -0.034985
0.28 -0.0369768
0.305 -0.0373639
0.28 -0.0387929
0.31 -0.0389588
0.275 -0.0391836
0.3 -0.0396193
0.33 -0.0397282
0.345 -0.0385922
0.345 -0.0381026
0.35 -0.0378878
0.365 -0.0377462
0.35 -0.0394689
0.305 -0.0412511
0.24 -0.0417229
0.13 -0.0409049
0.115 -0.0410204
0.115 -0.0419591
0.15 -0.0421163
0.185 -0.0419169
0.235 -0.0411168
0.195 -0.040855
0.22 -0.0400153
0.24 -0.0373325
0.175 -0.0344031
0.19 -0.0305784
0.25 -0.0274088
0.29 -0.0240342
0.37 -0.0214612
0.435 -0.0181812
0.46 -0.0143123
0.36 -0.0110852
0.365 -0.0077193
0.36 -0.00620626
0.245 -0.00331194
0.215 -0.00197777
0.255 0.000638404
0.26 0.00414936
0.25 0.00743947
0.28 0.0091954
0.28 0.0121773
0.265 0.012274
0.28 0.0109826
0.305 0.00933517
0.325 0.0080264
0.29 0.00689231
0.22 0.00801555
0.11 0.00903185
0.14 0.0110344
0.065 0.0146256
0 0.0155074
0.005 0.0180626
0.015 0.0219115
0.045 0.0251439
0.135 0.0286175
0.175 0.0316885
0.19 0.0351406
0.31 0.0382581
0.45 0.0414032
0.425 0.0435019
0.42 0.0454696
0.48 0.0480268
0.5 0.0507008
0.585 0.0526602
0.585 0.0528352
0.625 0.0531305
0.645 0.0535909
0.685 0.0547083
0.63 0.0546165
0.69 0.0540117
0.655 0.0524141
0.66 0.0519798
0.61 0.0509957
0.65 0.0511271
0.645 0.0504456
0.675 0.0507012
0.715 0.0512729
0.74 0.0524957
0.735 0.0526327
0.74 0.0526655
0.75 0.0540697
0.8 0.0543374
0.76 0.0537997
0.825 0.0553127
0.81 0.0582169
0.875 0.0588922
0.86 0.0609658
0.88 0.0613733
0.89 0.0622967
0.83 0.0616199
0.825 0.0613636
0.78 0.0614513
0.76 0.0602833
0.79 0.0587776
0.84 0.0574971
0.815 0.0576356
0.815 0.0561649
0.8 0.0548656
0.815 0.0542157
0.81 0.0531749
0.81 0.0520569
0.765 0.0514522
0.76 0.0489712
0.73 0.0475571
0.79 0.0442565
0.805 0.0431635
0.785 0.0400786
0.775 0.0381724
0.74 0.0370966
0.665 0.0369391
0.725 0.0342046
0.705 0.0309833
0.735 0.0284946
0.705 0.0257072
0.615 0.0223485
0.62 0.0192142
0.55 0.0142338
0.525 0.0111531
0.52 0.00681884
0.49 0.00217052
0.45 -0.00401738
0.435 -0.0108145
0.46 -0.0182531
0.5 -0.0251713
0.595 -0.0334532
0.485 -0.0426621
0.495 -0.0513536
0.48 -0.060066
0.415 -0.0686708
0.475 -0.0770851
0.47 -0.0839196
0.505 -0.09123
0.48 -0.0981117
0.435 -0.105236
0.32 -0.110235
0.385 -0.114857
0.39 -0.117462
0.42 -0.12023
0.375 -0.123093
0.41 -0.126486
0.405 -0.129728
0.425 -0.134381
0.515 -0.140086
0.49 -0.143363
0.45 -0.146525
0.5 -0.149103
0.545 -0.151333
0.58 -0.152458
0.565 -0.154622
0.59 -0.155963
0.61 -0.157211
0.635 -0.157687
0.565 -0.157036
0.57 -0.155778
0.525 -0.155476
0.56 -0.154032
0.59 -0.152077
0.595 -0.150465
0.62 -0.150303
0.715 -0.149112
0.755 -0.14862
0.725 -0.150486
0.725 -0.152293
0.82 -0.154449
0.815 -0.155847
0.76 -0.154538
0.735 -0.154456
0.685 -0.154461
0.685 -0.154384
0.61 -0.155732
0.595 -0.157705
0.615 -0.161856
0.62 -0.166369
0.58 -0.170978
0.545 -0.17601
0.54 -0.182003
0.54 -0.186804
0.505 -0.19162
0.6 -0.195133
0.58 -0.197107
0.605 -0.199941
0.515 -0.20158
0.505 -0.200974
0.53 -0.199865
0.535 -0.199447
0.625 -0.197862
0.65 -0.197685
0.635 -0.197239
0.635 -0.19568
0.675 -0.195557
0.675 -0.194205
0.575 -0.192378
0.615 -0.189506
0.685 -0.185667
0.71 -0.182779
0.735 -0.179301
0.775 -0.17732
0.845 -0.173986
0.855 -0.170425
0.805 -0.166697
0.82 -0.163914
0.79 -0.161787
0.81 -0.159008
0.8 -0.154413
0.84 -0.149751
0.85 -0.144599
0.8 -0.138025
0.715 -0.133311
0.71 -0.129475
0.725 -0.126334
0.765 -0.125899
0.795 -0.126524
0.85 -0.126536
0.83 -0.128079
0.88 -0.128763
0.895 -0.12949
0.92 -0.128796
0.92 -0.12882
0.94 -0.128159
0.905 -0.128387
0.91 -0.129288
0.91 -0.130065
0.885 -0.129393
0.84 -0.129167
0.85 -0.128948
0.805 -0.128403
0.82 -0.126417
0.875 -0.126144
0.83 -0.124446
0.81 -0.12418
0.805 -0.122436
0.73 -0.120828
0.705 -0.119968
0.72 -0.121028
0.645 -0.120217
0.66 -0.118142
0.665 -0.117626
0.705 -0.116565
0.67 -0.115392
0.71 -0.113744
0.695 -0.112314
0.75 -0.109977
0.76 -0.110693
0.755 -0.112105
0.775 -0.113369
0.835 -0.114334
0.815 -0.116294
0.805 -0.117822
0.755 -0.118242
0.745 -0.118593
0.75 -0.120191
0.735 -0.121564
0.635 -0.122774
0.63 -0.122991
0.67 -0.12224
0.65 -0.121117
0.63 -0.120607
0.675 -0.120382
0.65 -0.118505
0.65 -0.116612
0.585 -0.11371
0.525 -0.11086
0.55 -0.106569
0.56 -0.102626
0.54 -0.0988224
0.595 -0.096625
0.67 -0.0925686
0.59 -0.0891416
0.675 -0.0860656
0.63 -0.0829336
0.605 -0.0796213
0.66 -0.0765748
0.635 -0.0739951
0.62 -0.0697998
0.61 -0.0665592
0.64 -0.0640351
0.665 -0.0591333
0.715 -0.053606
0.67 -0.0490933
0.59 -0.0436015
0.52 -0.0380954
0.595 -0.0328154
0.605 -0.0267248
0.56 -0.0204047
0.655 -0.0138156
0.645 -0.00785987
0.675 -0.00174676
0.64 0.00512801
0.655 0.0111476
0.735 0.0149265
0.665 0.0195874
0.655 0.0255844
0.655 0.0323245
0.665 0.038422
0.61 0.0445265
0.51 0.0512593
0.57 0.0566651
0.54 0.0598762
0.615 0.0624897
0.68 0.0654641
0.715 0.0704973
0.71 0.0753961
0.735 0.0796358
0.79 0.0829318
0.86 0.0883073
0.855 0.0939148
0.88 0.098408
0.88 0.103678
0.89 0.109912
0.845 0.116474
0.815 0.12127
0.81 0.125576
0.82 0.129974
0.805 0.133231
0.815 0.136001
0.795 0.139101
0.77 0.141513
0.765 0.143933
0.75 0.144356
0.795 0.145322
0.74 0.145756
0.74 0.145561
0.75 0.146772
0.75 0.148345
0.75 0.148983
0.8 0.150142
0.795 0.151162
0.775 0.151657
0.81 0.152507
0.845 0.153757
0.765 0.154017
0.79 0.152789
0.745 0.150408
0.83 0.147868
0.815 0.145974
0.795 0.143962
0.76 0.142931
0.625 0.143251
0.63 0.142052
0.56 0.141019
0.545 0.1391
0.625 0.135912
0.575 0.13332
0.54 0.130817
0.53 0.129555
0.455 0.128784
0.49 0.127467
0.535 0.125029
0.565 0.123864
0.515 0.122353
0.555 0.12054
0.465 0.11974
0.49 0.119155
0.435 0.118616
0.465 0.119146
0.51 0.119936
0.53 0.117651
0.61 0.115709
0.6 0.113707
0.5 0.111551
0.495 0.109372
0.54 0.108239
0.55 0.106239
0.525 0.103132
0.6 0.0980613
0.565 0.0928355
0.615 0.0873136
0.62 0.083176
0.68 0.0782018
0.74 0.072991
0.655 0.0674701
0.655 0.0619274
0.64 0.0557906
0.68 0.0486314
0.71 0.0410103
0.73 0.0351075
0.665 0.0309923
0.68 0.0281003
0.77 0.0256342
0.725 0.0222137
0.705 0.0198122
0.685 0.0193841
0.745 0.0191641
0.795 0.0196925
0.82 0.0201153
0.82 0.0179271
0.825 0.0160728
0.82 0.014579
0.81 0.0116074
0.855 0.00936795
0.835 0.00846857
0.88 0.00860376
0.855 0.00965847
0.855 0.0084032
0.855 0.00592989
0.885 0.00111501
0.885 -0.00479008
0.86 -0.00883067
0.845 -0.0112306
0.815 -0.0133599
0.81 -0.0163636
0.815 -0.0199488
0.83 -0.0230873
0.81 -0.0266555
0.86 -0.0310406
0.81 -0.0352156
0.74 -0.0410818
0.755 -0.046367
0.76 -0.0523017
0.85 -0.0583461
0.86 -0.0641374
0.855 -0.0697667
0.88 -0.0740476
0.89 -0.0767637
0.89 -0.0803232
0.86 -0.0833783
0.865 -0.0858577
0.84 -0.0888496
0.785 -0.0925842
0.805 -0.097869
0.8 -0.103292
0.79 -0.106505
0.815 -0.108279
0.795 -0.109244
0.695 -0.111702
0.695 -0.113581
0.74 -0.115265
0.75 -0.116786
0.745 -0.11818
0.78 -0.120517
0.785 -0.122362
0.705 -0.1224
0.75 -0.122406
0.755 -0.123048
0.77 -0.124607
0.79 -0.127274
0.815 -0.131823
0.78 -0.135716
0.825 -0.142072
0.83 -0.147841
0.85 -0.153208
0.87 -0.158992
0.855 -0.164869
0.795 -0.169601
0.78 -0.172356
0.79 -0.175367
0.745 -0.178482
0.675 -0.180996
0.635 -0.184448
0.66 -0.190276
0.715 -0.193553
0.67 -0.196995
0.635 -0.200126
0.635 -0.202011
0.58 -0.204371
0.605 -0.206628
0.58 -0.20722
0.57 -0.209496
0.525 -0.210895
0.455 -0.212805
0.415 -0.216089
0.375 -0.218421
0.375 -0.219964
0.42 -0.21968
0.39 -0.218135
0.44 -0.217413
0.35 -0.217162
0.275 -0.217402
0.27 -0.218118
0.215 -0.219684
0.185 -0.219709
0.245 -0.219497
0.225 -0.218921
0.22 -0.217939
0.175 -0.218469
0.1 -0.215809
0.135 -0.213098
0.125 -0.208048
0.155 -0.202186
0.17 -0.196334
0.1 -0.190833
0.065 -0.184588
0.125 -0.179141
0.125 -0.173661
0.155 -0.170595
0.145 -0.165742
0.265 -0.160544
0.28 -0.156567
0.345 -0.153353
0.425 -0.151277
0.325 -0.15017
0.295 -0.148472
0.38 -0.146411
0.5 -0.144223
0.57 -0.142563
0.54 -0.142556
0.52 -0.142188
0.475 -0.142862
0.435 -0.142378
0.405 -0.139725
0.3 -0.136014
0.36 -0.132807
0.355 -0.127896
0.355 -0.123961
0.34 -0.119373
0.355 -0.115628
0.3 -0.110974
0.43 -0.106153
0.38 -0.101264
0.415 -0.0959054
0.5 -0.0917364
0.48 -0.0870292
0.51 -0.0847722
0.5 -0.0823113
0.495 -0.0775678
0.48 -0.0733362
0.5 -0.0711359
0.485 -0.0684721
0.485 -0.0685599
0.475 -0.0694073
0.505 -0.0721986
0.475 -0.0759876
0.52 -0.0793801
0.625 -0.0810793
0.63 -0.0832112
0.635 -0.0851008
0.645 -0.086748
0.655 -0.0868866
0.68 -0.0875727
0.62 -0.0885864
0.665 -0.0901452
0.62 -0.0885986
0.555 -0.0875848
0.495 -0.0865438
0.49 -0.0856383
0.535 -0.0844026
0.455 -0.0837549
0.4 -0.0821016
0.435 -0.0801648
0.43 -0.0777633
0.435 -0.0763034
0.535 -0.0763942
0.535 -0.0765429
0.565 -0.0744241
0.535 -0.0731255
0.635 -0.0722857
0.625 -0.0701835
0.56 -0.0696661
0.625 -0.0695509
0.635 -0.0692087
0.66 -0.0690658
0.72 -0.0689093
0.675 -0.0675936
0.64 -0.0684659
0.6 -0.0687631
0.465 -0.0694091
0.4 -0.0707385
0.365 -0.0718432
0.485 -0.0722501
0.555 -0.0741086
0.565 -0.0737169
0.64 -0.0743513
0.635 -0.0741206
0.645 -0.072619
0.67 -0.0741544
0.685 -0.0740175
0.72 -0.0735919
0.715 -0.0748603
0.73 -0.0777117
0.63 -0.0802864
0.625 -0.0835463
0.575 -0.0864713
0.56 -0.0896488
0.675 -0.0929235
0.71 -0.0944606
0.745 -0.096686
0.715 -0.0982931
0.8 -0.101473
0.775 -0.105254
0.725 -0.10905
0.735 -0.114174
0.79 -0.120034
0.745 -0.125843
0.785 -0.130151
0.83 -0.132462
0.9 -0.133301
0.875 -0.135493
0.875 -0.13565
0.84 -0.135685
0.88 -0.13565
0.865 -0.140091
0.805 -0.144576
0.79 -0.146882
0.865 -0.150303
0.85 -0.154249
0.875 -0.1576
0.885 -0.161167
0.85 -0.164833
0.77 -0.1676
0.74 -0.170626
0.75 -0.171097
0.69 -0.172905
0.68 -0.174144
0.675 -0.174124
0.735 -0.173061
0.84 -0.171285
0.85 -0.169598
0.875 -0.167239
0.885 -0.164312
0.87 -0.162378
0.89 -0.162413
0.82 -0.16382
0.845 -0.165535
0.88 -0.166177
0.935 -0.167203
0.88 -0.168474
0.865 -0.167919
0.83 -0.167238
0.9 -0.169039
0.88 -0.172083
0.915 -0.176883
0.875 -0.179521
0.84 -0.181713
0.825 -0.183733
0.86 -0.186932
0.845 -0.19011
0.835 -0.193611
0.845 -0.198755
0.855 -0.203542
0.755 -0.209065
0.75 -0.212854
0.76 -0.216019
0.785 -0.218468
0.715 -0.2196
0.73 -0.218939
0.765 -0.215406
0.76 -0.211469
0.76 -0.206073
0.77 -0.20077
0.755 -0.197228
0.73 -0.193102
0.71 -0.187288
0.665 -0.18143
0.735 -0.174355
0.77 -0.16599
0.8 -0.157383
0.77 -0.148881
0.755 -0.14023
0.765 -0.130919
0.75 -0.123143
0.735 -0.115867
0.775 -0.109413
0.775 -0.103953
0.755 -0.0988247
0.745 -0.0951407
0.75 -0.0920885
0.85 -0.0897363
0.82 -0.0881524
0.795 -0.0875197
0.81 -0.0853138
0.76 -0.0837916
0.77 -0.0814785
0.8 -0.0773273
0.83 -0.0730903
0.825 -0.0676991
0.8 -0.0613714
0.765 -0.0555989
0.77 -0.0492369
0.79 -0.042729
0.79 -0.036133
0.805 -0.0284708
0.71 -0.0224941
0.65 -0.0174245
0.685 -0.01117
0.555 -0.00528867
0.52 -0.00147044
0.42 0.00152228
0.525 0.005766
0.47 0.00929788
0.48 0.0150865
0.485 0.0185647
0.515 0.0224605
0.445 0.0267523
0.48 0.0299415
0.52 0.0321785
0.48 0.0351289
0.505 0.0396366
0.595 0.0468485
0.535 0.0555486
0.55 0.0642387
0.61 0.0724121
0.67 0.0790754
0.64 0.0830394
0.605 0.0847576
0.605 0.0829906
0.62 0.0811686
0.61 0.0787575
0.62 0.0763777
0.63 0.0741365
0.67 0.0730109
0.685 0.0726591
0.66 0.0719175
0.64 0.0709726
0.63 0.0685237
0.61 0.0674247
0.55 0.0669791
0.54 0.0668012
0.61 0.0654842
0.63 0.0634526
0.635 0.0609367
0.565 0.059355
0.625 0.0570784
0.61 0.0532826
0.695 0.0486743
0.66 0.0439062
0.63 0.0414978
0.64 0.0383501
0.61 0.0344575
0.655 0.0310674
0.635 0.0254843
0.615 0.0219108
0.68 0.0173476
0.675 0.0113483
0.745 0.00469489
0.8 0.00119215
0.86 -0.00134125
0.93 -0.00532176
0.895 -0.00890583
0.875 -0.0117718
0.855 -0.0130355
0.845 -0.0158564
0.84 -0.0174597
0.885 -0.0210537
0.9 -0.0264109
0.87 -0.031918
0.8 -0.035169
0.77 -0.0394078
0.785 -0.0419203
0.74 -0.0435269
0.785 -0.0446336
0.81 -0.0461022
0.785 -0.0509525
0.78 -0.054809
0.8 -0.0580372
0.77 -0.0613287
0.805 -0.066145
0.79 -0.0697036
0.785 -0.0711406
0.82 -0.0736472
0.79 -0.0759169
0.825 -0.0780357
0.82 -0.081075
0.745 -0.0826351
0.785 -0.0851122
0.795 -0.0885521
0.84 -0.0932551
0.835 -0.0983769
0.79 -0.102134
0.745 -0.104296
0.72 -0.10913
0.715 -0.11235
0.725 -0.113967
0.815 -0.115329
0.795 -0.115072
0.815 -0.114174
0.79 -0.112872
0.75 -0.11092
0.76 -0.111055
0.73 -0.113939
0.75 -0.11651
0.765 -0.120547
0.77 -0.123851
0.845 -0.126894
0.87 -0.129122
0.835 -0.130828
0.85 -0.132629
0.85 -0.136493
0.86 -0.14051
0.86 -0.144709
0.795 -0.14943
0.795 -0.153326
0.775 -0.157401
0.775 -0.162753
0.755 -0.168936
0.79 -0.174448
0.815 -0.1785
0.84 -0.179853
0.82 -0.181601
0.815 -0.18264
0.785 -0.183902
0.825 -0.183555
0.765 -0.184732
0.83 -0.184304
0.86 -0.183734
0.835 -0.182399
0.83 -0.178857
0.84 -0.174102
0.835 -0.171704
0.85 -0.168782
0.93 -0.163782
0.915 -0.159843
0.885 -0.157666
0.925 -0.158021
0.845 -0.156558
0.775 -0.156022
0.775 -0.155106
0.785 -0.15456
0.835 -0.152659
0.85 -0.151131
0.85 -0.150373
0.86 -0.147272
0.89 -0.145839
0.83 -0.14423
0.82 -0.145001
0.77 -0.145154
0.755 -0.145819
0.71 -0.146407
0.74 -0.147838
0.74 -0.151084
0.765 -0.15142
0.81 -0.15081
0.835 -0.150216
0.89 -0.148466
0.84 -0.14703
0.895 -0.14674
0.87 -0.145023
0.855 -0.142444
0.865 -0.140201
0.805 -0.138417
0.755 -0.133458
0.74 -0.127866
0.685 -0.122495
0.73 -0.117411
0.745 -0.113466
0.805 -0.110407
0.86 -0.108535
0.84 -0.105247
0.81 -0.10152
0.87 -0.100583
0.84 -0.0985803
0.795 -0.0965565
0.79 -0.0926147
0.75 -0.0890358
0.725 -0.0853979
0.725 -0.0819524
0.69 -0.0733945
0.695 -0.0649541
0.705 -0.0552713
0.735 -0.0471884
0.765 -0.0400658
0.73 -0.0342116
0.685 -0.0273072
0.685 -0.0213407
0.665 -0.0178801
0.71 -0.0122593
0.765 -0.00552894
0.68 0.00114758
0.73 0.00665515
0.785 0.0112591
0.765 0.0157087
0.805 0.0201539
0.705 0.0271365
0.695 0.0334477
0.78 0.0409479
0.785 0.0466143
0.8 0.0510177
0.8 0.0552858
0.785 0.06086
0.81 0.065149
0.85 0.0724567
0.825 0.0795825
0.82 0.0880118
0.845 0.0958081
0.815 0.106037
0.835 0.112405
0.845 0.119472
0.75 0.125095
0.695 0.131199
0.67 0.136509
0.66 0.142218
0.63 0.15135
0.625 0.158725
0.57 0.166919
0.575 0.172363
0.535 0.176409
0.5 0.181567
0.48 0.185279
0.54 0.188589
0.525 0.190255
0.535 0.192845
0.595 0.19576
0.625 0.198746
0.655 0.199008
0.68 0.199481
0.715 0.199717
0.705 0.202268
0.7 0.20353
0.715 0.205184
0.67 0.205261
0.565 0.20688
0.525 0.20675
0.54 0.205494
0.635 0.207885
0.695 0.208933
0.575 0.209485
0.52 0.210449
0.52 0.210032
0.58 0.208103
0.575 0.206061
0.56 0.202125
0.59 0.200561
0.67 0.198958
0.665 0.195874
0.69 0.190934
0.705 0.188528
0.71 0.184992
0.74 0.181933
0.795 0.178088
0.8 0.174295
0.84 0.172995
0.835 0.171189
0.79 0.167501
0.79 0.164814
0.74 0.162133
0.73 0.160391
0.805 0.161647
0.8 0.162061
0.785 0.163885
0.86 0.165707
0.875 0.168464
0.885 0.170091
0.925 0.172317
0.91 0.174114
0.885 0.174645
0.86 0.176464
0.88 0.177348
0.845 0.178696
0.835 0.179745
0.76 0.181377
0.73 0.183624
0.65 0.185572
0.64 0.187317
0.58 0.190071
0.65 0.191759
0.69 0.190493
0.725 0.186893
0.735 0.184944
0.75 0.18224
0.7 0.178851
0.705 0.173319
0.715 0.169883
0.705 0.16502
0.65 0.161914
0.7 0.158424
0.725 0.156607
0.675 0.15227
0.64 0.147938
0.655 0.140333
0.71 0.136346
0.66 0.129611
0.62 0.125211
0.605 0.121015
0.625 0.118544
0.61 0.114384
0.61 0.109174
0.555 0.105048
0.56 0.101158
0.52 0.0946293
0.6 0.0866226
0.62 0.0788431
0.59 0.0689085
0.57 0.0595492
0.665 0.0529006
0.67 0.0421039
0.685 0.0295479
0.705 0.0201052
0.715 0.00796758
0.74 -0.0050628
0.75 -0.0193805
0.805 -0.0323628
0.835 -0.0444937
0.78 -0.0563382
0.745 -0.0660046
0.765 -0.0716285
0.745 -0.0759601
0.735 -0.0814594
0.71 -0.0865919
0.745 -0.0930135
0.715 -0.0985831
0.735 -0.103988
0.74 -0.10901
0.745 -0.11384
0.73 -0.119921
0.815 -0.125535
0.8 -0.130401
0.83 -0.134382
0.83 -0.139516
0.875 -0.143576
0.84 -0.145693
0.84 -0.146705
0.775 -0.146481
0.71 -0.144901
0.65 -0.144376
0.59 -0.144795
0.595 -0.144353
0.545 -0.147089
0.55 -0.151765
0.555 -0.156987
0.615 -0.160465
0.635 -0.16371
0.73 -0.167033
0.715 -0.170267
0.735 -0.173429
0.685 -0.175769
0.665 -0.178891
0.71 -0.183535
0.72 -0.189115
0.725 -0.194614
0.68 -0.19655
0.635 -0.199864
0.6 -0.202179
0.62 -0.203934
0.605 -0.206069
0.53 -0.208857
0.635 -0.213576
0.62 -0.219433
0.615 -0.225262
0.52 -0.229448
0.465 -0.232945
0.49 -0.238248
0.42 -0.240287
0.43 -0.241849
0.33 -0.243582
0.38 -0.242386
0.27 -0.245716
0.3 -0.247692
0.27 -0.245541
0.24 -0.243727
0.22 -0.243581
0.25 -0.242307
0.235 -0.239608
0.21 -0.233984
0.29 -0.229911
0.31 -0.226196
0.305 -0.223132
0.285 -0.219475
0.285 -0.216472
0.365 -0.213859
0.34 -0.210577
0.35 -0.206305
0.29 -0.202846
0.275 -0.202271
0.29 -0.201281
0.34 -0.199716
0.315 -0.199677
0.33 -0.200783
0.315 -0.203357
0.335 -0.205321
0.42 -0.207556
0.395 -0.207958
0.35 -0.207351
0.285 -0.207367
0.375 -0.205061
0.385 -0.205907
0.37 -0.206476
0.355 -0.205859
0.37 -0.204852
0.395 -0.205803
0.415 -0.205679
0.305 -0.20621
0.28 -0.203286
0.26 -0.200816
0.34 -0.199718
0.345 -0.199068
0.285 -0.198287
0.355 -0.201199
0.345 -0.201539
0.29 -0.201579
0.32 -0.202074
0.3 -0.200718
0.32 -0.200418
0.285 -0.199249
0.355 -0.197203
0.36 -0.193977
0.31 -0.190465
0.285 -0.186822
0.32 -0.182539
0.3 -0.17858
0.295 -0.17358
0.265 -0.170066
0.285 -0.167865
0.275 -0.165192
0.32 -0.161528
0.3 -0.157191
0.34 -0.152023
0.415 -0.147064
0.46 -0.144325
0.405 -0.139908
0.425 -0.137408
0.435 -0.134818
0.425 -0.132704
0.455 -0.129638
0.47 -0.124877
0.485 -0.117228
0.57 -0.110633
0.555 -0.104225
0.58 -0.0982106
0.59 -0.0930641
0.63 -0.0882545
0.61 -0.0857116
0.685 -0.0835722
0.68 -0.0785015
0.66 -0.0748331
0.705 -0.0725119
0.66 -0.0677691
0.755 -0.0655707
0.715 -0.0627215
0.77 -0.0580755
0.79 -0.0532358
0.74 -0.0460592
0.73 -0.0343993
0.74 -0.0257409
0.695 -0.0155593
0.71 -0.00491341
0.655 0.00650363
0.675 0.0195995
0.66 0.0344791
0.615 0.0494418
0.66 0.0638083
0.63 0.0753424
0.67 0.0859722
0.65 0.0917107
0.725 0.0962446
0.7 0.100354
0.735 0.104574
0.745 0.109478
0.755 0.115451
0.675 0.12124
0.69 0.123758
0.715 0.127204
0.69 0.131377
0.73 0.136274
0.74 0.141053
0.7 0.146045
0.655 0.150463
0.66 0.154385
0.665 0.158058
0.67 0.161937
0.755 0.164722
0.76 0.169469
0.805 0.174086
0.775 0.181318
0.81 0.185267
0.835 0.188083
0.81 0.188774
0.635 0.188935
0.66 0.188824
0.75 0.191612
0.75 0.194872
0.775 0.197869
0.785 0.200764
0.785 0.201715
0.765 0.204273
0.775 0.202916
0.74 0.201093
0.805 0.198497
0.785 0.195687
0.745 0.189895
0.795 0.184086
0.85 0.178318
0.795 0.173513
0.8 0.168773
0.8 0.168373
0.76 0.164446
0.79 0.158096
0.8 0.151593
0.78 0.145718
0.78 0.138478
0.83 0.133869
0.87 0.128319
0.86 0.125323
0.84 0.125108
0.855 0.125094
0.745 0.126076
0.74 0.124482
0.67 0.123284
0.73 0.125281
0.755 0.125996
0.755 0.124777
0.765 0.123796
0.765 0.122254
0.745 0.123212
0.71 0.124647
0.65 0.127145
0.62 0.128474
0.61 0.130396
0.545 0.127987
0.575 0.127161
0.645 0.125226
0.635 0.123532
0.69 0.122789
0.62 0.12465
0.635 0.1254
0.63 0.126476
0.645 0.125269
0.695 0.121385
0.735 0.116535
0.675 0.111523
0.65 0.104218
0.735 0.0982727
0.69 0.0927634
0.75 0.0861895
0.76 0.0815454
0.78 0.0743136
0.665 0.0654756
0.705 0.0572565
0.67 0.0452793
0.675 0.032444
0.71 0.0220649
0.735 0.0105619
0.755 -0.00122113
0.765 -0.0112196
0.82 -0.0209392
0.725 -0.0317276
0.765 -0.0423785
0.76 -0.0533055
0.685 -0.0658069
0.72 -0.0772562
0.77 -0.0893744
0.765 -0.101858
0.77 -0.110001
0.755 -0.11946
0.705 -0.130075
0.79 -0.138556
0.805 -0.147006
0.83 -0.154618
0.845 -0.161239
0.865 -0.165423
0.885 -0.168459
0.85 -0.172183
0.865 -0.178222
0.9 -0.182064
0.835 -0.185248
0.815 -0.187222
0.8 -0.187363
0.82 -0.18842
0.84 -0.188224
0.805 -0.185563
0.785 -0.181618
0.77 -0.176989
0.785 -0.172923
0.725 -0.168825
0.7 -0.165501
0.675 -0.160721
0.675 -0.158206
0.6 -0.158314
0.59 -0.156284
0.58 -0.15518
0.49 -0.150915
0.535 -0.145662
0.47 -0.142803
0.455 -0.14249
0.465 -0.142116
0.455 -0.143045
0.42 -0.143594
0.47 -0.146998
0.44 -0.149531
0.565 -0.151512
0.53 -0.153741
0.565 -0.158981
0.63 -0.163012
0.63 -0.167289
0.675 -0.17074
0.705 -0.176664
0.63 -0.181952
0.6 -0.190038
0.64 -0.194684
0.68 -0.198504
0.66 -0.200046
0.615 -0.198861
0.625 -0.195082
0.59 -0.193653
0.595 -0.188793
0.52 -0.184316
0.455 -0.180768
0.5 -0.177551
0.53 -0.173961
0.5 -0.169615
0.55 -0.16646
0.58 -0.165198
0.59 -0.166678
0.57 -0.16766
0.62 -0.169816
0.655 -0.167753
0.665 -0.165411
0.655 -0.165393
0.68 -0.166884
0.635 -0.163921
0.665 -0.160917
0.635 -0.157992
0.63 -0.155233
0.66 -0.156407
0.655 -0.155307
0.68 -0.152663
0.66 -0.148761
0.68 -0.1434
0.635 -0.139235
0.645 -0.134995
0.67 -0.132091
0.7 -0.126478
0.79 -0.119354
0.74 -0.111641
0.815 -0.104955
0.81 -0.0995925
0.765 -0.093854
0.685 -0.0912647
0.59 -0.0874952
0.63 -0.0851274
0.665 -0.08044
0.62 -0.0759626
0.56 -0.069793
0.545 -0.0651436
0.49 -0.0583302
0.5 -0.0519843
0.425 -0.0429129
0.36 -0.0334031
0.345 -0.0204807
0.33 -0.0113226
0.36 -0.0001625
0.365 0.0120942
0.385 0.020369
0.43 0.0300771
0.465 0.0435531
0.405 0.0542635
0.385 0.0647861
0.295 0.0753794
0.33 0.0836396
0.295 0.0926022
0.275 0.0972916
0.27 0.102766
0.36 0.104705
0.3 0.105851
0.38 0.107984
0.405 0.111235
0.415 0.113861
0.415 0.116638
0.41 0.118339
0.4 0.121159
0.31 0.12317
0.26 0.122917
0.285 0.122925
0.3 0.126097
0.29 0.131887
0.25 0.138476
0.3 0.145146
0.285 0.150727
0.26 0.157229
0.29 0.164429
0.295 0.173061
0.375 0.178524
0.42 0.182312
0.435 0.18436
0.395 0.183977
0.49 0.181428
0.455 0.175849
0.465 0.170513
0.495 0.167214
0.525 0.166065
0.49 0.161557
0.445 0.154963
0.45 0.147029
0.49 0.136217
0.47 0.125668
0.54 0.117836
0.535 0.110434
0.505 0.102233
0.47 0.0950238
0.465 0.0879574
0.45 0.0817601
0.46 0.0771008
0.455 0.0745256
0.47 0.0737066
0.52 0.0750427
0.485 0.0734704
0.51 0.0713418
0.49 0.0669049
0.445 0.0629395
0.495 0.0596678
0.55 0.0596402
0.515 0.0597372
0.57 0.060296
0.495 0.0589604
0.535 0.0562729
0.575 0.0546754
0.6 0.0534677
0.62 0.0519289
0.685 0.0510077
0.665 0.0519079
0.64 0.0505923
0.585 0.0485864
0.575 0.0439081
0.63 0.0402446
0.61 0.0366851
0.67 0.0329929
0.6 0.030498
0.665 0.0305346
0.65 0.0267575
0.645 0.0227225
0.59 0.020793
0.635 0.0213017
0.61 0.0187446
0.55 0.015001
0.62 0.00784134
0.53 0.000554008
0.455 -0.00723633
0.53 -0.0116436
0.56 -0.0204523
0.585 -0.0288334
0.58 -0.0384641
0.535 -0.0458925
0.535 -0.0556201
0.505 -0.0674442
0.55 -0.0812076
0.575 -0.09571
0.64 -0.111758
0.65 -0.127952
0.685 -0.142166
0.675 -0.158903
0.675 -0.175915
0.765 -0.193579
0.78 -0.207191
0.865 -0.218671
0.765 -0.231705
0.74 -0.239837
0.635 -0.246331
0.67 -0.25099
0.61 -0.252601
0.62 -0.25263
0.615 -0.254543
0.555 -0.254456
0.52 -0.251697
0.535 -0.247763
0.465 -0.241371
0.495 -0.23493
0.555 -0.231368
0.595 -0.228818
0.635 -0.230539
0.63 -0.231034
0.675 -0.229794
0.68 -0.22794
0.68 -0.225454
0.66 -0.221141
0.68 -0.215725
0.765 -0.213387
0.77 -0.209944
0.775 -0.206983
0.7 -0.20516
0.695 -0.205247
0.675 -0.205629
0.705 -0.20376
0.67 -0.20451
0.695 -0.207854
0.765 -0.210546
0.8 -0.216149
0.835 -0.222673
0.815 -0.228045
0.825 -0.236362
0.81 -0.245866
0.83 -0.253864
0.8 -0.257967
0.81 -0.261682
0.79 -0.267068
0.735 -0.270781
0.815 -0.271888
0.78 -0.271072
0.845 -0.272441
0.81 -0.273795
0.815 -0.275932
0.8 -0.27579
0.765 -0.273898
0.76 -0.266118
0.775 -0.257205
0.81 -0.246564
0.76 -0.234248
0.81 -0.221895
0.855 -0.210502
0.83 -0.201636
0.82 -0.191301
0.785 -0.181526
0.84 -0.168247
0.85 -0.155356
0.85 -0.145335
0.805 -0.135932
0.805 -0.127038
0.73 -0.115216
0.74 -0.101084
0.745 -0.0878169
0.725 -0.071612
0.73 -0.0540115
0.725 -0.0407858
0.73 -0.0275187
0.775 -0.0173122
0.805 -0.00940828
0.73 0.00136728
0.76 0.0093545
0.73 0.0166357
0.755 0.0226876
0.77 0.0300081
0.765 0.0400359
0.765 0.0560463
0.82 0.0718326
0.765 0.0863323
0.75 0.0979433
0.66 0.108785
0.655 0.120869
0.64 0.131255
0.675 0.140733
0.67 0.15192
0.71 0.166112
0.66 0.183474
0.56 0.202183
0.475 0.222918
0.39 0.241756
0.345 0.259191
0.305 0.273988
0.275 0.286979
0.33 0.298332
0.325 0.309318
0.32 0.317622
0.34 0.323394
0.39 0.328919
0.385 0.334553
0.43 0.338655
0.43 0.344569
0.43 0.349448
0.43 0.355417
0.52 0.362874
0.505 0.365383
0.445 0.366704
0.43 0.365945
0.37 0.365693
0.395 0.365812
0.47 0.364556
0.485 0.362523
0.53 0.357686
0.545 0.353385
0.53 0.34473
0.555 0.336761
0.54 0.327913
0.52 0.319942
0.52 0.314214
0.51 0.311075
0.535 0.309668
0.525 0.310874
0.475 0.308157
0.495 0.304419
0.48 0.300216
0.54 0.300392
0.585 0.30191
0.545 0.306375
0.55 0.311533
0.615 0.319325
0.595 0.326916
0.615 0.333632
0.61 0.336475
0.66 0.336192
0.63 0.336875
0.67 0.335529
0.69 0.33145
0.71 0.327188
0.655 0.32254
0.62 0.3147
0.615 0.309012
0.58 0.305257
0.605 0.303406
0.555 0.299683
0.47 0.298064
0.46 0.294583
0.47 0.293772
0.495 0.293076
0.49 0.294352
0.585 0.294543
0.52 0.297834
0.535 0.301552
0.57 0.304954
0.515 0.30577
0.47 0.306126
0.475 0.306715
0.42 0.307085
0.405 0.311558
0.44 0.315217
0.515 0.320035
0.59 0.322278
0.62 0.322641
0.62 0.323169
0.645 0.322389
0.645 0.320231
0.665 0.322757
0.67 0.324632
0.625 0.322567
0.625 0.320283
0.675 0.317112
0.685 0.313585
0.65 0.311885
0.655 0.311274
0.64 0.30991
0.73 0.30656
0.74 0.299568
0.69 0.289045
0.745 0.278296
0.775 0.26914
0.775 0.257539
0.76 0.241896
0.83 0.227612
0.795 0.211991
0.775 0.196436
0.755 0.182973
0.825 0.169478
0.87 0.156868
0.855 0.143516
0.85 0.1303
0.885 0.112818
0.835 0.0961929
0.885 0.0770919
0.84 0.0557003
0.89 0.0383322
0.855 0.0245357
0.9 0.0125393
0.9 -0.00216255
0.865 -0.0171865
0.82 -0.0305135
0.86 -0.0442386
0.82 -0.0590499
0.835 -0.0702819
0.82 -0.082913
0.85 -0.0931899
0.88 -0.0985255
0.855 -0.106072
0.81 -0.110392
0.775 -0.113489
0.79 -0.112963
0.74 -0.109606
0.715 -0.106646
0.72 -0.104797
0.71 -0.108463
0.61 -0.112162
0.57 -0.118302
0.55 -0.123062
0.55 -0.128484
0.55 -0.132359
0.5 -0.134687
0.425 -0.133159
0.485 -0.130592
0.54 -0.130328
0.515 -0.133968
0.49 -0.136759
0.51 -0.139612
0.53 -0.145083
0.51 -0.148697
0.56 -0.150728
0.61 -0.153635
0.67 -0.156353
0.75 -0.15311
0.68 -0.148179
0.64 -0.144732
0.6 -0.139673
0.62 -0.130911
0.66 -0.125957
0.635 -0.12686
0.685 -0.12679
0.68 -0.128093
0.685 -0.128559
0.635 -0.127507
0.685 -0.126782
0.65 -0.126996
0.635 -0.125411
0.61 -0.125322
0.64 -0.128337
0.625 -0.134288
0.585 -0.137204
0.57 -0.136249
0.625 -0.136301
0.635 -0.140543
0.615 -0.146263
0.635 -0.151948
0.64 -0.15769
0.585 -0.166644
0.565 -0.17591
0.59 -0.181053
0.555 -0.189627
0.565 -0.197155
0.535 -0.200528
0.51 -0.202034
0.535 -0.204953
0.415 -0.204811
0.47 -0.201642
0.385 -0.197789
0.325 -0.193679
0.305 -0.190234
0.385 -0.183344
0.41 -0.177418
0.42 -0.170339
0.42 -0.16524
0.4 -0.160962
0.395 -0.15174
0.38 -0.142161
0.365 -0.131697
0.27 -0.121632
0.35 -0.111996
0.395 -0.105801
0.42 -0.101263
0.415 -0.0973689
0.375 -0.0920558
0.35 -0.0821028
0.36 -0.0732847
0.34 -0.0656259
0.315 -0.0606061
0.29 -0.0533074
0.265 -0.0490356
0.315 -0.0419265
0.33 -0.0385078
0.29 -0.0338324
0.32 -0.0371622
0.275 -0.0430774
0.3 -0.0505012
0.295 -0.0594171
0.345 -0.0681769
0.295 -0.071335
0.265 -0.0772658
0.17 -0.0886375
0.14 -0.0938737
0.075 -0.104099
0.025 -0.107372
0.025 -0.109227
0.015 -0.109067
0.12 -0.106861
0.035 -0.100833
0.155 -0.0952177
0.19 -0.0886805
0.26 -0.0840763
0.29 -0.0749214
0.255 -0.0633124
0.25 -0.0452822
0.355 -0.0305692
0.335 -0.0201219
0.335 -0.00589514
0.41 0.00705061
0.415 0.0190833
0.45 0.0281089
0.43 0.0357699
0.435 0.0485803
0.34 0.0571496
0.335 0.0678025
0.39 0.0749148
0.415 0.0793675
0.35 0.0836012
0.36 0.0864893
0.385 0.0880219
0.32 0.0859295
0.345 0.0842218
0.405 0.0803503
0.35 0.0845196
0.34 0.0894143
0.37 0.0922996
0.345 0.0932117
0.365 0.0900127
0.445 0.0859542
0.48 0.0801851
0.585 0.075788
0.665 0.0687142
0.54 0.0606474
0.515 0.0528989
0.435 0.0435178
0.47 0.035161
0.46 0.0240728
0.47 0.00830578
0.45 -0.00503426
0.465 -0.0211531
0.485 -0.0322577
0.615 -0.0420768
0.6 -0.0497812
0.535 -0.0586775
0.55 -0.0652105
0.59 -0.0735926
0.65 -0.083227
0.605 -0.0955916
0.51 -0.108742
0.455 -0.123195
0.495 -0.12902
0.6 -0.131832
0.595 -0.132851
0.59 -0.132901
0.685 -0.133372
0.58 -0.132095
0.555 -0.13097
0.61 -0.135035
0.6 -0.142743
0.635 -0.15238
0.64 -0.1661
0.67 -0.177245
0.71 -0.188326
0.715 -0.195901
0.66 -0.205766
0.65 -0.211193
0.595 -0.218505
0.555 -0.220927
0.53 -0.221733
0.615 -0.220456
0.6 -0.219374
0.655 -0.217314
0.615 -0.216352
0.62 -0.216197
0.615 -0.221049
0.655 -0.219618
0.68 -0.21924
0.715 -0.221446
0.645 -0.221614
0.655 -0.217545
0.665 -0.217268
0.685 -0.219553
0.725 -0.223664
0.725 -0.233342
0.72 -0.242968
0.725 -0.252476
0.77 -0.267364
0.755 -0.280647
0.73 -0.291215
0.73 -0.300763
0.74 -0.310267
0.73 -0.315457
0.68 -0.316461
0.625 -0.320507
0.635 -0.32448
0.525 -0.332327
0.48 -0.33378
0.48 -0.328318
0.42 -0.319118
0.47 -0.306346
0.49 -0.295895
0.425 -0.283859
0.425 -0.268966
0.37 -0.250174
0.365 -0.228871
0.36 -0.206796
0.39 -0.185697
0.395 -0.163859
0.41 -0.145696
0.44 -0.124889
0.47 -0.106056
0.49 -0.0838163
0.545 -0.0618753
0.53 -0.0382552
0.6 -0.015256
0.67 -0.000739459
0.65 0.00767707
0.66 0.0227706
0.695 0.0363049
0.715 0.052128
0.755 0.0631863
0.725 0.0667876
0.66 0.0670634
0.625 0.0699993
0.685 0.0741702
0.78 0.0799024
0.82 0.0861084
0.825 0.0850123
0.745 0.0824581
0.79 0.0742783
0.75 0.0595572
0.685 0.0488587
0.68 0.0379909
0.59 0.0326049
0.61 0.0314508
0.59 0.0281555
0.535 0.0176715
0.49 0.00603937
0.52 -0.00597225
0.49 -0.0196927
0.52 -0.0337243
0.51 -0.0414079
0.505 -0.0519972
0.515 -0.0576193
0.48 -0.0647817
0.425 -0.065896
0.49 -0.0637464
0.485 -0.0631454
0.525 -0.0649009
0.485 -0.0700463
0.495 -0.0672636
0.48 -0.0675298
0.55 -0.0630788
0.565 -0.0613421
0.535 -0.0557567
0.46 -0.0514162
0.4 -0.0457563
0.39 -0.0459333
0.375 -0.0421561
0.435 -0.0373045
0.45 -0.0262103
0.465 -0.017981
0.56 -0.014377
0.545 -0.0115123
0.575 -0.00980534
0.53 -0.00807584
0.5 -0.0116119
0.49 -0.0144157
0.565 -0.0160423
0.51 -0.0125048
0.49 -0.0147243
0.5 -0.019071
0.555 -0.0160007
0.545 -0.00870636
0.515 -0.00540261
0.52 0.00309094
0.54 0.00717043
0.46 0.0136616
0.39 0.0125085
0.39 0.0146911
0.425 0.0105749
0.4 0.0186485
0.445 0.0174601
0.465 0.0248303
0.56 0.0268673
0.58 0.0385046
0.485 0.0447665
0.52 0.0553294
0.515 0.0499227
0.51 0.0492431
0.56 0.0367201
0.59 0.0309286
0.625 0.0162333
0.67 0.00655833
0.625 -0.00210735
0.55 -0.00529195
0.495 -0.00586079
0.495 -0.00301367
0.48 0.0011774
0.53 0.00525492
0.485 0.013747
0.53 0.0165711
0.54 0.0158897
0.495 0.0151191
0.545 0.0177105
0.595 0.00802803
0.595 0.0020417
0.66 -0.00289022
0.69 0.000878813
0.775 -0.00238079
0.735 -0.0091424
0.81 -0.0104355
0.785 -0.00665652
0.735 -0.00109806
0.805 -0.00315571
0.87 -0.00353843
0.85 -0.00533848
0.78 -0.00916403
0.83 -0.0187869
0.83 -0.0249064
0.86 -0.0262816
0.845 -0.0237925
0.81 -0.0193034
0.815 -0.0134027
0.77 -0.00591761
0.76 -0.00269097
0.775 -0.0037623
0.755 0.00842719
0.75 0.0145835
0.745 0.0240624
0.75 0.0217198
0.795 0.0131535
0.755 -0.00447281
0.755 -0.00428618
0.72 -0.00898354
0.73 0.0082871
0.7 0.00981865
0.7 0.0146894
0.645 0.0134458
0.62 0.0241323
0.595 0.0316803
0.595 0.0246424
0.59 0.0130879
0.595 -0.0105788
0.505 -0.0206879
0.595 -0.0533782
0.535 -0.0534821
0.605 -0.0650891
0.505 -0.0314284
0.475 -0.0322581
0.4 -0.0207525
0.46 -0.0305349
0.38 -0.00627037
0.45 -0.0103241
0.455 0.0154161
0.535 0.050307
0.555 0.0868444
0.565 0.0844936
0.555 0.0566399
0.58 0.0394908
0.61 0.0234718
0.655 0.00834873
0.755 0.000795117
0.76 -0.0119268
0.71 0
