0.67 1
0.76 0.978298
0.76 0.958868
0.755 0.940092
0.765 0.923866
0.695 0.90911
0.675 0.894298
0.72 0.881063
0.655 0.867181
0.7 0.854131
0.745 0.841363
0.78 0.828977
0.75 0.816222
0.79 0.805157
0.77 0.794572
0.78 0.783413
0.84 0.772881
0.84 0.761702
0.84 0.75174
0.73 0.741675
0.68 0.732209
0.665 0.723098
0.645 0.71355
0.665 0.704174
0.72 0.695786
0.73 0.687442
0.695 0.679762
0.7 0.671413
0.68 0.66324
0.695 0.653687
0.67 0.644704
0.65 0.635819
0.67 0.626727
0.705 0.617169
0.705 0.608793
0.635 0.599656
0.655 0.590387
0.665 0.581522
0.675 0.572245
0.67 0.562997
0.695 0.553704
0.75 0.544151
0.79 0.535106
0.78 0.526272
0.82 0.517865
0.83 0.510065
0.885 0.50267
0.87 0.495613
0.845 0.488036
0.895 0.480979
0.775 0.474384
0.765 0.467667
0.785 0.461204
0.855 0.454122
0.835 0.446918
0.82 0.440512
0.8 0.434954
0.765 0.431111
0.855 0.427523
0.815 0.423648
0.785 0.418649
0.755 0.414396
0.77 0.410369
0.86 0.405674
0.86 0.401069
0.82 0.396582
0.81 0.39274
0.78 0.388533
0.81 0.384268
0.83 0.379656
0.84 0.374917
0.895 0.36928
0.885 0.364117
0.905 0.358716
0.85 0.353786
0.845 0.349959
0.83 0.346661
0.84 0.343193
0.775 0.340017
0.825 0.336163
0.83 0.33188
0.755 0.327934
0.77 0.324018
0.69 0.320879
0.685 0.318294
0.69 0.314994
0.72 0.311405
0.71 0.308327
0.755 0.305585
0.715 0.303169
0.72 0.301546
0.81 0.299496
0.835 0.297193
0.83 0.293753
0.78 0.290325
0.83 0.287339
0.81 0.284735
0.755 0.280624
0.755 0.276735
0.75 0.272346
0.74 0.26764
0.745 0.263834
0.755 0.259596
0.79 0.254749
0.735 0.24941
0.74 0.243842
0.775 0.239559
0.805 0.235021
0.825 0.23016
0.81 0.225403
0.835 0.22171
0.795 0.217388
0.815 0.212015
0.78 0.20692
0.795 0.202423
0.78 0.198083
0.815 0.195189
0.785 0.192303
0.79 0.189551
0.74 0.185678
0.8 0.183353
0.87 0.18062
0.85 0.176665
0.82 0.173122
0.82 0.169795
0.82 0.165844
0.755 0.162073
0.7 0.158633
0.625 0.155696
0.54 0.153947
0.58 0.152333
0.585 0.150531
0.555 0.147515
0.45 0.144181
0.465 0.141492
0.48 0.139116
0.47 0.136254
0.495 0.132662
0.525 0.12958
0.525 0.12646
0.54 0.124067
0.585 0.122308
0.58 0.12079
0.605 0.118669
0.565 0.116319
0.64 0.114471
0.555 0.112918
0.52 0.112191
0.38 0.112004
0.465 0.113007
0.52 0.113003
0.48 0.113921
0.525 0.114688
0.54 0.115366
0.51 0.115772
0.425 0.116511
0.505 0.116356
0.475 0.11614
0.415 0.115618
0.405 0.115453
0.39 0.116119
0.37 0.116518
0.39 0.117295
0.365 0.117997
0.355 0.118906
0.345 0.119999
0.37 0.12114
0.34 0.12201
0.325 0.122442
0.42 0.122284
0.44 0.122628
0.41 0.122339
0.4 0.122131
0.43 0.122313
0.34 0.121899
0.33 0.120359
0.315 0.119473
0.325 0.120356
0.41 0.121077
0.395 0.12127
0.385 0.12159
0.35 0.121884
0.3 0.122036
0.24 0.122456
0.29 0.122349
0.265 0.123073
0.255 0.123673
0.33 0.124794
0.245 0.126082
0.305 0.127315
0.325 0.127979
0.39 0.129101
0.4 0.129882
0.365 0.130573
0.455 0.132733
0.4 0.133928
0.465 0.134747
0.435 0.136426
0.445 0.138366
0.44 0.140926
0.405 0.14316
0.385 0.14636
0.37 0.149061
0.395 0.150771
0.465 0.152207
0.46 0.154061
0.485 0.156767
0.5 0.158217
0.59 0.159018
0.585 0.160919
0.565 0.162855
0.58 0.165063
0.54 0.16802
0.535 0.170737
0.6 0.173427
0.63 0.175318
0.655 0.175723
0.73 0.175603
0.675 0.174299
0.585 0.172581
0.49 0.170444
0.505 0.168326
0.485 0.16651
0.44 0.163718
0.41 0.161028
0.365 0.158653
0.325 0.157077
0.345 0.155083
0.38 0.15342
0.45 0.151662
0.435 0.150222
0.485 0.149156
0.43 0.147101
0.51 0.146526
0.455 0.145869
0.395 0.146368
0.41 0.146538
0.46 0.147172
0.47 0.148512
0.465 0.148999
0.43 0.15006
0.5 0.151321
0.49 0.152188
0.535 0.154328
0.53 0.156094
0.515 0.157208
0.505 0.15735
0.545 0.157882
0.515 0.158997
0.535 0.160694
0.485 0.161828
0.52 0.163353
0.47 0.165017
0.515 0.167499
0.56 0.169058
0.59 0.170189
0.555 0.170499
0.54 0.170729
0.55 0.171324
0.59 0.172405
0.525 0.173369
0.585 0.174254
0.635 0.174684
0.65 0.1751
0.645 0.175422
0.66 0.175284
0.595 0.174179
0.575 0.172936
0.645 0.17225
0.74 0.172248
0.73 0.171355
0.785 0.1708
0.785 0.169265
0.82 0.16806
0.82 0.166141
0.815 0.165
0.805 0.163177
0.805 0.160271
0.755 0.158122
0.765 0.156748
0.765 0.156073
0.73 0.155521
0.695 0.15435
0.64 0.153619
0.63 0.152689
0.635 0.150137
0.66 0.147332
0.715 0.144502
0.69 0.142688
0.72 0.140229
0.7 0.138069
0.675 0.13647
0.695 0.134737
0.73 0.132537
0.765 0.130036
0.785 0.129058
0.82 0.127241
0.84 0.125839
0.865 0.123596
0.8 0.122303
0.73 0.12123
0.795 0.119915
0.825 0.117846
0.775 0.115007
0.805 0.111617
0.905 0.109084
0.87 0.106275
0.85 0.103642
0.91 0.102001
0.9 0.100471
0.855 0.0997275
0.85 0.0977873
0.835 0.0946709
0.81 0.0920864
0.71 0.0892835
0.715 0.08723
0.77 0.0844281
0.71 0.0811001
0.735 0.0788769
0.705 0.0771424
0.765 0.0739111
0.78 0.0694767
0.735 0.065342
0.74 0.0617208
0.77 0.0572999
0.77 0.052712
0.76 0.0491632
0.76 0.0457688
0.77 0.0411963
0.785 0.0366089
0.7 0.0321224
0.71 0.0273871
0.7 0.0228876
0.745 0.0195563
0.77 0.0158794
0.81 0.0126783
0.79 0.00837689
0.845 0.004381
0.815 -0.000605295
0.88 -0.00548883
0.89 -0.0110415
0.84 -0.0159382
0.785 -0.020869
0.77 -0.0260813
0.81 -0.0312981
0.81 -0.0372961
0.785 -0.0429996
0.815 -0.0469393
0.84 -0.0511614
0.78 -0.0543503
0.795 -0.0578745
0.79 -0.0611121
0.79 -0.0640518
0.845 -0.0685435
0.85 -0.0717758
0.86 -0.0741566
0.87 -0.0764665
0.855 -0.0787333
0.84 -0.0813388
0.845 -0.0841626
0.875 -0.0871344
0.925 -0.0902767
0.875 -0.0943926
0.87 -0.0978526
0.855 -0.101319
0.905 -0.103089
0.86 -0.105105
0.855 -0.106164
0.89 -0.107405
0.82 -0.108238
0.755 -0.108762
0.805 -0.108398
0.82 -0.108916
0.81 -0.109283
0.84 -0.109448
0.79 -0.109042
0.79 -0.108794
0.815 -0.109007
0.745 -0.109761
0.765 -0.110968
0.75 -0.112486
0.775 -0.114495
0.805 -0.115172
0.81 -0.115051
0.835 -0.114192
0.795 -0.112353
0.76 -0.109848
0.72 -0.108244
0.71 -0.107281
0.66 -0.106019
0.71 -0.105958
0.795 -0.106303
0.705 -0.105877
0.675 -0.10522
0.685 -0.104199
0.69 -0.103222
0.74 -0.103316
0.68 -0.103752
0.625 -0.104266
0.485 -0.104689
0.45 -0.105222
0.535 -0.104971
0.5 -0.104702
0.475 -0.10409
0.55 -0.103539
0.59 -0.102833
0.615 -0.101883
0.6 -0.101327
0.635 -0.100211
0.655 -0.0998768
0.68 -0.098844
0.755 -0.0969927
0.785 -0.0963348
0.73 -0.094823
0.74 -0.0937636
0.815 -0.0935717
0.75 -0.0930083
0.73 -0.0932761
0.76 -0.0922042
0.85 -0.091736
0.85 -0.0901234
0.88 -0.0883808
0.9 -0.0868299
0.895 -0.0858363
0.89 -0.084134
0.9 -0.0819833
0.9 -0.0798145
0.84 -0.0779244
0.815 -0.0758304
0.835 -0.0738071
0.86 -0.0725645
0.835 -0.0716594
0.785 -0.0712789
0.73 -0.0710583
0.77 -0.0706221
0.77 -0.0703464
0.825 -0.0701483
0.84 -0.0707826
0.84 -0.0721454
0.79 -0.0743855
0.78 -0.0777827
0.8 -0.0806196
0.86 -0.0834939
0.84 -0.0865294
0.78 -0.087954
0.715 -0.0904734
0.695 -0.0928715
0.75 -0.0953206
0.725 -0.0969252
0.73 -0.0976361
0.74 -0.0982962
0.71 -0.0997137
0.68 -0.102055
0.65 -0.103191
0.675 -0.104124
0.55 -0.105512
0.59 -0.106241
0.63 -0.106743
0.59 -0.107522
0.665 -0.109496
0.725 -0.110665
0.75 -0.110997
0.745 -0.111112
0.725 -0.11111
0.75 -0.110657
0.645 -0.109593
0.72 -0.108827
0.72 -0.108217
0.735 -0.108344
0.79 -0.107988
0.77 -0.107962
0.8 -0.108247
0.825 -0.107512
0.845 -0.105718
0.8 -0.103882
0.805 -0.10188
0.865 -0.100119
0.865 -0.0995696
0.84 -0.098346
0.86 -0.0967472
0.85 -0.0951792
0.825 -0.0947543
0.795 -0.0940987
0.735 -0.0939842
0.73 -0.0942219
0.67 -0.0945687
0.61 -0.0949549
0.635 -0.0944026
0.68 -0.0947546
0.69 -0.0953063
0.665 -0.0956586
0.645 -0.0959818
0.64 -0.0961545
0.7 -0.0959488
0.715 -0.0949725
0.685 -0.0948691
0.615 -0.0939476
0.7 -0.0929227
0.65 -0.0926721
0.625 -0.0930617
0.575 -0.0937089
0.575 -0.093978
0.565 -0.0937193
0.61 -0.0939394
0.59 -0.0935027
0.58 -0.0927629
0.605 -0.0916721
0.59 -0.0898079
0.645 -0.0898807
0.635 -0.0901386
0.605 -0.0911962
0.63 -0.0927735
0.565 -0.0927459
0.55 -0.0934419
0.58 -0.0937037
0.61 -0.0937931
0.685 -0.0935184
0.605 -0.0933635
0.595 -0.0938204
0.65 -0.0943884
0.67 -0.0952209
0.67 -0.0960176
0.655 -0.0961442
0.61 -0.0967614
0.615 -0.096141
0.57 -0.0958152
0.63 -0.0959145
0.73 -0.0965679
0.67 -0.0971115
0.665 -0.0983262
0.695 -0.0999445
0.685 -0.102033
0.635 -0.102774
0.68 -0.104003
0.62 -0.105283
0.655 -0.106786
0.725 -0.108125
0.735 -0.108623
0.67 -0.108527
0.72 -0.108351
0.705 -0.10856
0.78 -0.107999
0.81 -0.107691
0.785 -0.109403
0.76 -0.111308
0.825 -0.112862
0.86 -0.114167
0.875 -0.116856
0.835 -0.118749
0.845 -0.120613
0.795 -0.122666
0.75 -0.124799
0.745 -0.126931
0.74 -0.128451
0.65 -0.129406
0.665 -0.129516
0.715 -0.12962
0.72 -0.129884
0.755 -0.130965
0.74 -0.131585
0.79 -0.132439
0.75 -0.133805
0.66 -0.134854
0.67 -0.134905
0.7 -0.133437
0.78 -0.133147
0.73 -0.131858
0.72 -0.131082
0.705 -0.130446
0.695 -0.130184
0.715 -0.129791
0.715 -0.129065
0.725 -0.129157
0.74 -0.128175
0.79 -0.12764
0.84 -0.127808
0.845 -0.128834
0.8 -0.129972
0.8 -0.132147
0.75 -0.135924
0.795 -0.139052
0.82 -0.141937
0.8 -0.144492
0.755 -0.14648
0.75 -0.14911
0.82 -0.151653
0.775 -0.153972
0.6 -0.156
0.68 -0.157748
0.72 -0.160118
0.685 -0.162918
0.66 -0.16558
0.66 -0.167416
0.68 -0.168746
0.59 -0.168925
0.61 -0.170643
0.65 -0.171786
0.65 -0.172865
0.59 -0.172966
0.66 -0.173806
0.67 -0.174726
0.645 -0.175388
0.675 -0.176729
0.705 -0.178104
0.745 -0.180492
0.82 -0.184061
0.81 -0.187884
0.84 -0.191272
0.805 -0.194305
0.76 -0.198072
0.77 -0.201284
0.745 -0.205197
0.735 -0.209071
0.735 -0.212112
0.725 -0.215509
0.68 -0.218868
0.625 -0.222228
0.625 -0.225305
0.635 -0.227233
0.665 -0.230387
0.74 -0.2328
0.805 -0.235779
0.8 -0.238699
0.865 -0.240834
0.785 -0.243318
0.745 -0.245147
0.765 -0.246999
0.85 -0.249044
0.825 -0.25043
0.86 -0.252574
0.82 -0.254333
0.845 -0.25596
0.8 -0.257034
0.785 -0.257657
0.8 -0.258683
0.83 -0.259204
0.86 -0.258903
0.875 -0.259926
0.84 -0.25979
0.81 -0.25927
0.825 -0.258644
0.8 -0.259296
0.77 -0.260553
0.8 -0.261275
0.765 -0.262186
0.74 -0.263952
0.78 -0.265934
0.865 -0.268124
0.81 -0.270577
0.84 -0.272463
0.83 -0.274411
0.77 -0.275662
0.695 -0.276577
0.63 -0.277614
0.575 -0.278837
0.545 -0.279254
0.475 -0.279861
0.505 -0.281561
0.43 -0.282291
0.38 -0.282846
0.375 -0.283478
0.36 -0.28426
0.335 -0.285042
0.295 -0.285642
0.33 -0.287272
0.37 -0.289107
0.325 -0.29035
0.305 -0.29098
0.215 -0.290096
0.17 -0.28872
0.17 -0.286045
0.185 -0.283874
0.18 -0.282708
0.27 -0.281263
0.275 -0.279605
0.31 -0.277412
0.42 -0.274418
0.42 -0.272674
0.41 -0.271738
0.415 -0.271111
0.42 -0.270178
0.535 -0.269902
0.52 -0.270641
0.56 -0.272731
0.57 -0.273772
0.575 -0.274276
0.53 -0.274624
0.555 -0.27387
0.52 -0.273442
0.43 -0.27184
0.445 -0.271276
0.53 -0.270678
0.565 -0.269595
0.515 -0.268886
0.5 -0.267567
0.485 -0.266197
0.425 -0.264109
0.475 -0.261987
0.52 -0.260072
0.465 -0.259874
0.375 -0.259167
0.34 -0.259109
0.24 -0.258688
0.3 -0.259711
0.3 -0.259817
0.34 -0.25911
0.295 -0.257498
0.295 -0.257062
0.255 -0.256508
0.27 -0.255796
0.22 -0.255012
0.25 -0.25388
0.22 -0.252734
0.275 -0.251445
0.26 -0.250897
0.265 -0.249834
0.22 -0.248244
0.205 -0.246652
0.175 -0.244904
0.185 -0.241907
0.105 -0.238286
0.085 -0.235849
0.115 -0.233366
0.185 -0.230769
0.185 -0.228558
0.185 -0.227302
0.17 -0.225727
0.13 -0.224209
0.05 -0.222523
0.01 -0.221529
0.08 -0.220228
0.09 -0.218336
0.05 -0.21756
0.085 -0.215993
0.175 -0.215045
0.145 -0.2136
0.035 -0.211749
0.015 -0.209405
0.045 -0.206167
0.04 -0.203206
0.06 -0.200049
0.015 -0.197597
0.06 -0.195678
0.075 -0.19384
0.07 -0.191104
0.025 -0.187798
0.065 -0.184405
0.01 -0.180504
0.035 -0.177466
0.055 -0.173644
0.06 -0.170831
0.11 -0.167923
0.05 -0.165842
0.12 -0.163887
0.085 -0.161987
0 -0.159635
0.01 -0.15757
0.055 -0.154996
0.055 -0.153095
0.015 -0.151026
0.07 -0.149027
0.05 -0.147284
0.09 -0.146067
0.095 -0.145323
0.055 -0.144357
0.07 -0.143402
0.075 -0.14379
0.085 -0.143875
0.045 -0.143991
0.055 -0.144953
0.05 -0.145711
0.015 -0.14649
0.02 -0.146929
0.04 -0.147615
0.1 -0.147855
0.045 -0.146484
0.125 -0.145557
0.08 -0.143829
0.03 -0.142739
0.07 -0.140888
0.015 -0.137675
0.115 -0.133355
0.125 -0.130413
0.115 -0.127435
0.19 -0.124431
0.225 -0.120732
0.18 -0.117528
0.175 -0.114881
0.16 -0.111601
0.21 -0.109814
0.19 -0.108157
0.26 -0.106545
0.275 -0.10445
0.275 -0.102602
0.35 -0.101123
0.4 -0.100334
0.42 -0.0997868
0.375 -0.0991439
0.33 -0.0985986
0.395 -0.0981077
0.395 -0.0978861
0.445 -0.0983444
0.44 -0.0985849
0.45 -0.098698
0.405 -0.0984775
0.46 -0.0986671
0.37 -0.0989838
0.335 -0.0982628
0.395 -0.0968037
0.375 -0.0946246
0.425 -0.0920401
0.425 -0.090092
0.48 -0.0879152
0.54 -0.0863557
0.585 -0.0850628
0.57 -0.0840643
0.59 -0.0835921
0.595 -0.0825268
0.575 -0.0811977
0.605 -0.0811694
0.655 -0.0817603
0.67 -0.0824174
0.65 -0.0836698
0.685 -0.0850244
0.62 -0.0871263
0.63 -0.0894204
0.65 -0.0922896
0.715 -0.0941211
0.74 -0.0968016
0.77 -0.0991001
0.75 -0.102005
0.74 -0.104819
0.76 -0.107467
0.77 -0.110546
0.755 -0.113853
0.82 -0.118083
0.84 -0.122513
0.77 -0.126661
0.735 -0.13066
0.695 -0.134082
0.675 -0.137139
0.735 -0.138269
0.8 -0.138755
0.825 -0.139166
0.835 -0.138737
0.8 -0.138609
0.77 -0.13721
0.815 -0.135728
0.875 -0.134468
0.85 -0.132754
0.83 -0.132653
0.815 -0.131555
0.87 -0.130184
0.815 -0.129133
0.815 -0.129192
0.82 -0.129141
0.87 -0.129863
0.89 -0.129962
0.865 -0.129826
0.83 -0.129164
0.835 -0.130511
0.83 -0.131251
0.87 -0.13149
0.88 -0.132811
0.835 -0.133303
0.905 -0.133271
0.88 -0.13359
0.85 -0.133874
0.78 -0.134263
0.83 -0.133944
0.815 -0.133535
0.76 -0.132891
0.805 -0.132728
0.815 -0.132865
0.83 -0.13221
0.8 -0.130377
0.825 -0.12859
0.84 -0.127004
0.83 -0.125238
0.85 -0.123775
0.815 -0.122747
0.81 -0.121404
0.79 -0.119427
0.845 -0.116212
0.81 -0.115155
0.84 -0.114301
0.79 -0.113534
0.78 -0.111989
0.82 -0.110745
0.775 -0.108521
0.83 -0.107044
0.865 -0.106281
0.865 -0.105293
0.87 -0.104586
0.885 -0.103224
0.92 -0.102275
0.855 -0.101163
0.78 -0.100242
0.755 -0.0995203
0.76 -0.0992544
0.8 -0.09983
0.79 -0.100191
0.77 -0.100637
0.775 -0.0999811
0.795 -0.0994521
0.795 -0.098981
0.855 -0.0993972
0.78 -0.0998632
0.745 -0.0995247
0.78 -0.0990856
0.79 -0.0982968
0.72 -0.0962836
0.75 -0.0950024
0.725 -0.0933497
0.77 -0.0926278
0.81 -0.0920148
0.765 -0.0918931
0.825 -0.091457
0.81 -0.0923854
0.735 -0.094621
0.75 -0.0981169
0.715 -0.102566
0.76 -0.107155
0.8 -0.11014
0.75 -0.112553
0.735 -0.114688
0.715 -0.116658
0.695 -0.119053
0.64 -0.121594
0.555 -0.123491
0.545 -0.125662
0.585 -0.128414
0.57 -0.131243
0.615 -0.133759
0.64 -0.136017
0.655 -0.138102
0.69 -0.140355
0.71 -0.142298
0.66 -0.144072
0.595 -0.146085
0.49 -0.147464
0.465 -0.148717
0.48 -0.150818
0.53 -0.152517
0.63 -0.153786
0.65 -0.154689
0.635 -0.156359
0.66 -0.158661
0.61 -0.160283
0.53 -0.161036
0.505 -0.161543
0.485 -0.1614
0.55 -0.162272
0.485 -0.162772
0.455 -0.163112
0.43 -0.163556
0.455 -0.164876
0.595 -0.166344
0.55 -0.166991
0.525 -0.167037
0.57 -0.168115
0.565 -0.168985
0.605 -0.169495
0.645 -0.168748
0.58 -0.167124
0.54 -0.166249
0.55 -0.164968
0.58 -0.164303
0.55 -0.164187
0.545 -0.163756
0.49 -0.161984
0.5 -0.160244
0.485 -0.159009
0.495 -0.156895
0.47 -0.155141
0.58 -0.152937
0.675 -0.151465
0.57 -0.149144
0.62 -0.147619
0.64 -0.146476
0.64 -0.14617
0.605 -0.146187
0.655 -0.145457
0.715 -0.145965
0.675 -0.147432
0.615 -0.148838
0.57 -0.149092
0.57 -0.149943
0.52 -0.149711
0.405 -0.148685
0.365 -0.148271
0.47 -0.147081
0.43 -0.145745
0.41 -0.143746
0.505 -0.142762
0.485 -0.140056
0.5 -0.137203
0.47 -0.134461
0.5 -0.131996
0.525 -0.129545
0.485 -0.127422
0.415 -0.124731
0.425 -0.121444
0.495 -0.117469
0.545 -0.113886
0.52 -0.111031
0.55 -0.107858
0.555 -0.104016
0.485 -0.0993471
0.495 -0.0951023
0.48 -0.0906529
0.45 -0.0861535
0.49 -0.0824896
0.435 -0.080388
0.545 -0.0778358
0.56 -0.0750674
0.55 -0.072722
0.515 -0.0704285
0.505 -0.0687945
0.465 -0.0669884
0.525 -0.0660402
0.53 -0.0659366
0.57 -0.065148
0.535 -0.0642631
0.495 -0.0629667
0.465 -0.0611778
0.475 -0.0590573
0.455 -0.058022
0.42 -0.0566
0.475 -0.0555072
0.525 -0.0527348
0.525 -0.0492828
0.52 -0.0457297
0.515 -0.0420275
0.435 -0.0392053
0.445 -0.0374576
0.495 -0.0338907
0.475 -0.031103
0.465 -0.0292271
0.45 -0.0267667
0.47 -0.0258332
0.42 -0.0245737
0.375 -0.0245229
0.345 -0.0234183
0.38 -0.0220879
0.335 -0.0209662
0.35 -0.0193588
0.29 -0.0171324
0.245 -0.0151883
0.215 -0.0133892
0.205 -0.0112664
0.175 -0.00984298
0.185 -0.00860653
0.135 -0.00687024
0.245 -0.00499381
0.205 -0.00323433
0.195 -0.00155748
0.235 -0.000654683
0.325 0.000349933
0.335 0.0012666
0.385 0.0026585
0.41 0.00377062
0.43 0.00541022
0.49 0.00707378
0.45 0.00987795
0.545 0.0127922
0.535 0.0149751
0.6 0.0170439
0.59 0.0184141
0.585 0.0198148
0.695 0.0203835
0.605 0.0209583
0.66 0.0220034
0.675 0.022195
0.75 0.0228027
0.655 0.0229929
0.625 0.0230917
0.665 0.0235152
0.67 0.0226131
0.71 0.0213831
0.64 0.0210194
0.605 0.0221044
0.665 0.0235775
0.695 0.0249565
0.74 0.0266599
0.765 0.0279242
0.825 0.0286483
0.81 0.0294408
0.805 0.0298036
0.84 0.0300209
0.89 0.030714
0.865 0.0297143
0.865 0.0283388
0.84 0.0269605
0.855 0.0255252
0.82 0.02469
0.785 0.024122
0.79 0.0232451
0.755 0.0232566
0.73 0.0236687
0.715 0.025607
0.69 0.0258413
0.675 0.0258066
0.65 0.0254078
0.655 0.0249447
0.68 0.0260987
0.705 0.0281018
0.745 0.0298148
0.68 0.0311539
0.67 0.0331326
0.69 0.0345797
0.72 0.0362462
0.705 0.0379108
0.67 0.0388699
0.635 0.0394727
0.59 0.0395365
0.605 0.0389525
0.59 0.0370665
0.65 0.0354525
0.625 0.0344702
0.61 0.0338345
0.585 0.0326547
0.565 0.0312867
0.66 0.0299084
0.595 0.0296398
0.69 0.0295493
0.685 0.0297508
0.7 0.0301602
0.685 0.0307348
0.76 0.0306526
0.75 0.0309853
0.755 0.0308816
0.745 0.0304788
0.685 0.0303251
0.715 0.0310013
0.615 0.0312261
0.615 0.0313248
0.635 0.0311076
0.59 0.0313289
0.64 0.0310481
0.69 0.0306416
0.695 0.0295065
0.68 0.0282906
0.63 0.0268427
0.625 0.0257622
0.575 0.0249701
0.58 0.0254485
0.58 0.0247014
0.66 0.0229009
0.72 0.0216946
0.69 0.0197919
0.7 0.0185363
0.635 0.0186076
0.74 0.018289
0.74 0.0172772
0.795 0.0165202
0.8 0.0153992
0.82 0.0131089
0.82 0.0105324
0.875 0.00777146
0.86 0.00558919
0.875 0.00311784
0.905 0.000501121
0.91 -0.00117064
0.93 -0.00296527
0.87 -0.0037734
0.835 -0.00401622
0.815 -0.00501103
0.83 -0.00675379
0.82 -0.00853151
0.79 -0.00890107
0.795 -0.0100451
0.78 -0.0107049
0.795 -0.0111694
0.755 -0.0106189
0.725 -0.00899313
0.7 -0.00715512
0.725 -0.00402765
0.755 -0.00199581
0.775 -0.000906888
0.79 0.00104397
0.745 0.00358961
0.825 0.00565405
0.815 0.0086696
0.795 0.0111654
0.74 0.0135511
0.685 0.0153458
0.695 0.0172473
0.835 0.020679
0.82 0.0238247
0.82 0.0257115
0.765 0.0272605
0.83 0.0279556
0.845 0.028381
0.795 0.027923
0.82 0.027124
0.715 0.0266944
0.76 0.027447
0.73 0.0278361
0.755 0.0277702
0.79 0.0265292
0.775 0.0243326
0.775 0.02297
0.785 0.0222251
0.85 0.0224647
0.81 0.0220884
0.87 0.0205452
0.87 0.0187411
0.775 0.0180427
0.8 0.017113
0.815 0.0160086
0.795 0.0151192
0.755 0.0134054
0.79 0.0120513
0.77 0.0101905
0.695 0.00823915
0.635 0.00708868
0.595 0.00676622
0.62 0.00711667
0.67 0.00665768
0.625 0.0047383
0.705 0.00298562
0.74 0.00210465
0.76 0.000736942
0.725 -0.000586963
0.78 -0.00248194
0.81 -0.00436423
0.815 -0.0068899
0.835 -0.0104159
0.835 -0.0130452
0.81 -0.0144537
0.805 -0.0168681
0.785 -0.0180615
0.78 -0.0194588
0.75 -0.0200795
0.74 -0.0215046
0.75 -0.021936
0.8 -0.0231765
0.795 -0.0251014
0.855 -0.0274366
0.84 -0.0300897
0.86 -0.033197
0.855 -0.0361279
0.865 -0.0394906
0.825 -0.0429629
0.81 -0.0458784
0.78 -0.0482038
0.83 -0.0510875
0.815 -0.0537599
0.815 -0.0567249
0.84 -0.0592299
0.85 -0.0617512
0.86 -0.0650641
0.83 -0.0682057
0.855 -0.0694503
0.825 -0.0715062
0.79 -0.0732901
0.76 -0.0760198
0.77 -0.0789836
0.805 -0.0806508
0.86 -0.082176
0.83 -0.0823366
0.845 -0.0826078
0.795 -0.0830898
0.8 -0.083662
0.845 -0.0844708
0.825 -0.0845401
0.82 -0.0848328
0.8 -0.0852621
0.785 -0.086157
0.77 -0.0865982
0.765 -0.0871925
0.785 -0.0867341
0.84 -0.0853063
0.785 -0.0840422
0.74 -0.0835808
0.79 -0.0836239
0.8 -0.0832766
0.81 -0.0829555
0.765 -0.0823731
0.805 -0.0822656
0.785 -0.081119
0.745 -0.0801658
0.82 -0.07829
0.87 -0.0763265
0.825 -0.0744274
0.825 -0.0726782
0.73 -0.0705064
0.725 -0.0674206
0.73 -0.065072
0.76 -0.0628102
0.85 -0.0602357
0.87 -0.0580823
0.815 -0.0555831
0.795 -0.0523849
0.805 -0.0486888
0.77 -0.0448899
0.7 -0.0412667
0.65 -0.0375804
0.675 -0.0336022
0.69 -0.0281598
0.75 -0.022721
0.825 -0.0180133
0.82 -0.0135595
0.83 -0.00998711
0.885 -0.00708298
0.895 -0.00276849
0.89 0.000858125
0.875 0.0051154
0.86 0.00957984
0.83 0.0134065
0.865 0.0161979
0.83 0.0191735
0.81 0.0219011
0.725 0.0245762
0.715 0.0270736
0.58 0.0287502
0.65 0.0299791
0.73 0.0312113
0.7 0.0334233
0.735 0.0346897
0.73 0.0361643
0.715 0.0369846
0.765 0.0382876
0.725 0.0392809
0.785 0.0415183
0.785 0.0446943
0.78 0.0480599
0.85 0.051039
0.78 0.053186
0.8 0.0539421
0.81 0.0539274
0.8 0.0524744
0.8 0.0512771
0.79 0.0513293
0.805 0.0508936
0.795 0.0502009
0.815 0.0482169
0.835 0.047007
0.805 0.0467741
0.805 0.0471064
0.765 0.0473821
0.68 0.0461459
0.77 0.0453895
0.72 0.0444803
0.695 0.0430446
0.63 0.0413883
0.595 0.0397461
0.565 0.0386292
0.545 0.0385824
0.62 0.0381439
0.595 0.0379488
0.57 0.0381683
0.58 0.0393427
0.625 0.0403849
0.76 0.0402122
0.785 0.0399397
0.8 0.0380191
0.795 0.0364504
0.775 0.0349564
0.825 0.0345614
0.895 0.0340073
0.885 0.0325289
0.87 0.0315103
0.915 0.0304777
0.875 0.0298136
0.82 0.0297279
0.825 0.0293751
0.84 0.0290463
0.86 0.0287886
0.88 0.0283139
0.88 0.0277287
0.8 0.026925
0.77 0.025655
0.835 0.0249622
0.845 0.0241975
0.75 0.0231381
0.795 0.022284
0.745 0.0218977
0.71 0.0220326
0.73 0.0219174
0.725 0.0214247
0.655 0.0220859
0.62 0.0227168
0.645 0.0232801
0.735 0.0235928
0.7 0.0246442
0.72 0.0253283
0.655 0.0262934
0.75 0.026524
0.78 0.0276019
0.7 0.0306622
0.65 0.0333811
0.58 0.0362987
0.615 0.0382708
0.605 0.0407885
0.62 0.0421482
0.685 0.0432983
0.8 0.0442568
0.755 0.0464359
0.75 0.0479301
0.725 0.0491959
0.745 0.0499798
0.755 0.051238
0.815 0.0527656
0.815 0.0532213
0.8 0.0524911
0.875 0.0513374
0.925 0.0505322
0.91 0.0492295
0.895 0.0470957
0.875 0.0444851
0.85 0.0417092
0.89 0.0382977
0.84 0.0349109
0.825 0.0311804
0.815 0.027234
0.8 0.0237285
0.775 0.020269
0.745 0.017468
0.73 0.0158523
0.73 0.0147871
0.76 0.0134398
0.7 0.0122551
0.735 0.0112127
0.775 0.0109643
0.745 0.00993747
0.765 0.00933258
0.865 0.00744785
0.86 0.00500536
0.835 0.00246858
0.855 2.25159e-05
0.855 -0.00294187
0.91 -0.00546447
0.91 -0.00899701
0.905 -0.0110212
0.865 -0.0120697
0.8 -0.0138735
0.835 -0.0149377
0.785 -0.0156286
0.805 -0.0163561
0.86 -0.0173405
0.86 -0.0188886
0.835 -0.0208043
0.825 -0.0218717
0.88 -0.0229902
0.87 -0.0237167
0.765 -0.0243428
0.775 -0.0252189
0.735 -0.0257396
0.77 -0.0266729
0.76 -0.0268349
0.705 -0.0268683
0.69 -0.0265555
0.72 -0.0279522
0.72 -0.0292489
0.755 -0.0307191
0.67 -0.0305457
0.665 -0.0304097
0.685 -0.0318916
0.675 -0.0332656
0.725 -0.0343062
0.695 -0.035088
0.65 -0.0359833
0.69 -0.0358831
0.735 -0.0358834
0.73 -0.0354285
0.65 -0.0358293
0.68 -0.0363476
0.64 -0.0363959
0.625 -0.0369951
0.58 -0.0375979
0.565 -0.0377672
0.63 -0.0381884
0.695 -0.0385785
0.68 -0.0390914
0.76 -0.0390143
0.69 -0.0399574
0.655 -0.0411455
0.73 -0.0424209
0.745 -0.0436445
0.765 -0.0448661
0.785 -0.0455155
0.745 -0.0462393
0.67 -0.0460062
0.64 -0.0451501
0.625 -0.0451599
0.6 -0.0469081
0.655 -0.0483623
0.59 -0.0502613
0.66 -0.0509131
0.67 -0.0521424
0.725 -0.052704
0.74 -0.0534555
0.775 -0.0549725
0.765 -0.0566827
0.745 -0.0596673
0.84 -0.0629156
0.885 -0.0669734
0.89 -0.0715686
0.845 -0.0752172
0.845 -0.0791054
0.84 -0.0833666
0.805 -0.0866497
0.745 -0.0887948
0.74 -0.0901225
0.76 -0.0919413
0.74 -0.0935686
0.755 -0.0957152
0.71 -0.0986655
0.74 -0.100884
0.795 -0.102958
0.815 -0.105068
0.82 -0.107236
0.815 -0.109474
0.81 -0.111081
0.79 -0.112003
0.775 -0.113097
0.765 -0.113609
0.74 -0.113718
0.825 -0.115137
0.86 -0.116792
0.855 -0.119052
0.865 -0.121022
0.885 -0.123241
0.925 -0.124576
0.925 -0.126494
0.92 -0.12773
0.855 -0.128972
0.88 -0.131201
0.84 -0.134103
0.79 -0.136537
0.81 -0.137856
0.76 -0.139001
0.805 -0.139337
0.785 -0.138387
0.71 -0.138605
0.705 -0.138362
0.76 -0.137376
0.73 -0.135625
0.8 -0.13357
0.73 -0.1305
0.745 -0.127755
0.705 -0.124974
0.72 -0.122315
0.715 -0.119375
0.7 -0.116865
0.765 -0.114567
0.735 -0.112714
0.765 -0.110406
0.865 -0.108936
0.855 -0.107747
0.925 -0.106368
0.85 -0.104803
0.85 -0.102582
0.76 -0.100518
0.785 -0.0972002
0.775 -0.094958
0.79 -0.0931997
0.78 -0.0911491
0.815 -0.0896111
0.885 -0.0894531
0.875 -0.0879669
0.865 -0.0869788
0.875 -0.0863581
0.875 -0.0847731
0.865 -0.0833767
0.88 -0.081836
0.83 -0.0805355
0.805 -0.0770626
0.785 -0.074
0.825 -0.0708136
0.91 -0.0677961
0.865 -0.0654208
0.825 -0.0614786
0.875 -0.0583469
0.895 -0.0540269
0.85 -0.0496284
0.82 -0.0456192
0.72 -0.0422844
0.72 -0.0391678
0.75 -0.0362176
0.74 -0.0331389
0.76 -0.0304547
0.785 -0.0271863
0.82 -0.0244747
0.785 -0.0224864
0.79 -0.02
0.845 -0.017263
0.8 -0.013522
0.81 -0.0110767
0.835 -0.0085093
0.85 -0.00535973
0.85 -0.00216395
0.785 0.00155778
0.78 0.00438606
0.84 0.00731778
0.795 0.00970974
0.785 0.0114177
0.85 0.0123466
0.83 0.0131469
0.87 0.014662
0.875 0.0166162
0.875 0.0203821
0.87 0.0236709
0.815 0.0274337
0.8 0.031627
0.775 0.0351497
0.76 0.0386971
0.78 0.0428396
0.715 0.0472552
0.63 0.0516483
0.64 0.0540921
0.64 0.0565302
0.68 0.0603155
0.63 0.0644971
0.77 0.0688308
0.76 0.0729799
0.795 0.0755878
0.785 0.0799118
0.79 0.0834954
0.705 0.0874225
0.745 0.0905753
0.745 0.0940737
0.705 0.0985697
0.745 0.102877
0.71 0.106243
0.69 0.110525
0.74 0.114588
0.755 0.118285
0.71 0.12154
0.715 0.125704
0.68 0.129982
0.685 0.132575
0.665 0.134562
0.765 0.136683
0.77 0.139431
0.76 0.142205
0.745 0.144663
0.785 0.147061
0.82 0.147851
0.775 0.149506
0.75 0.150239
0.75 0.150714
0.745 0.150505
0.755 0.150456
0.72 0.150594
0.765 0.150891
0.8 0.150925
0.745 0.151182
0.7 0.151753
0.66 0.151336
0.71 0.151354
0.705 0.15229
0.635 0.152973
0.685 0.153826
0.735 0.15326
0.82 0.152625
0.79 0.152911
0.8 0.153437
0.79 0.152446
0.81 0.150405
0.875 0.148362
0.845 0.146223
0.855 0.145141
0.885 0.142943
0.9 0.141226
0.885 0.139698
0.855 0.137575
0.835 0.134172
0.85 0.131871
0.835 0.128753
0.855 0.125347
0.75 0.123379
0.725 0.120834
0.725 0.118701
0.75 0.116059
0.695 0.112395
0.58 0.108936
0.615 0.105839
0.685 0.102688
0.69 0.098198
0.74 0.0942177
0.77 0.0910156
0.78 0.0883178
0.79 0.0863081
0.775 0.0845251
0.795 0.0830773
0.785 0.0807135
0.78 0.0773631
0.75 0.0753773
0.7 0.0720341
0.665 0.0696374
0.675 0.0655746
0.695 0.0621603
0.595 0.0596325
0.67 0.0577065
0.655 0.0560297
0.645 0.0545536
0.63 0.0535832
0.54 0.0519471
0.51 0.0515278
0.515 0.0503234
0.56 0.0484716
0.585 0.0461924
0.58 0.0447585
0.565 0.043718
0.575 0.0414832
0.555 0.0394538
0.465 0.037525
0.48 0.0360388
0.405 0.0338186
0.475 0.0325621
0.48 0.0320969
0.465 0.0309475
0.48 0.0294151
0.485 0.0268208
0.445 0.0250163
0.33 0.0222475
0.375 0.0203628
0.42 0.017776
0.5 0.0156572
0.41 0.0137041
0.405 0.0126099
0.365 0.0118584
0.425 0.00870455
0.47 0.00603765
0.51 0.0032106
0.475 0.000484658
0.395 -0.00174395
0.425 -0.00319543
0.52 -0.00459753
0.555 -0.00736758
0.565 -0.0100693
0.585 -0.0127878
0.63 -0.0166844
0.535 -0.0212184
0.595 -0.0261402
0.59 -0.0298092
0.545 -0.0327585
0.57 -0.0356038
0.615 -0.0390382
0.615 -0.0436239
0.535 -0.0481701
0.505 -0.0523768
0.515 -0.0557492
0.555 -0.0591932
0.565 -0.06198
0.535 -0.0647875
0.595 -0.0672906
0.605 -0.0703097
0.67 -0.0741835
0.65 -0.0783049
0.565 -0.082806
0.515 -0.0864691
0.49 -0.0894464
0.57 -0.0916265
0.595 -0.0929018
0.575 -0.0939843
0.59 -0.0948854
0.605 -0.0945396
0.605 -0.0938772
0.65 -0.0952448
0.66 -0.0968499
0.7 -0.0981805
0.685 -0.0996885
0.725 -0.101039
0.69 -0.103317
0.67 -0.10645
0.645 -0.110484
0.61 -0.114787
0.605 -0.118853
0.475 -0.123239
0.55 -0.128759
0.515 -0.134753
0.515 -0.139938
0.57 -0.144037
0.615 -0.148209
0.58 -0.151299
0.515 -0.15402
0.46 -0.156849
0.35 -0.159282
0.475 -0.161216
0.44 -0.163204
0.385 -0.165306
0.51 -0.166497
0.44 -0.16839
0.47 -0.169791
0.41 -0.170736
0.35 -0.170983
0.37 -0.171004
0.275 -0.170366
0.31 -0.16848
0.345 -0.165961
0.47 -0.163985
0.355 -0.162498
0.375 -0.161735
0.375 -0.161184
0.345 -0.160817
0.255 -0.161061
0.215 -0.161063
0.225 -0.161792
0.09 -0.162756
0.23 -0.163899
0.13 -0.164541
0.175 -0.164894
0.16 -0.164945
0.1 -0.162938
0.035 -0.160682
0.04 -0.158406
0.06 -0.157167
0.085 -0.156439
0.045 -0.156818
0.03 -0.15761
0.025 -0.159519
0.04 -0.160372
0.025 -0.161208
0.025 -0.162375
0.08 -0.162491
0.04 -0.162473
0.04 -0.16363
0.02 -0.16536
0.04 -0.165961
0.025 -0.164886
0 -0.163619
0.015 -0.161336
0.025 -0.159919
0.015 -0.15793
0.08 -0.154714
0.04 -0.151496
0.025 -0.147663
0.11 -0.144397
0.14 -0.14178
0.13 -0.138847
0.155 -0.136663
0.235 -0.13531
0.205 -0.133975
0.255 -0.132959
0.21 -0.132146
0.145 -0.131821
0.14 -0.131548
0.18 -0.130153
0.225 -0.129009
0.195 -0.127534
0.15 -0.126449
0.05 -0.125721
0.025 -0.125779
0.02 -0.124634
0.015 -0.123957
0.065 -0.123724
0.11 -0.124278
0.095 -0.12404
0.05 -0.124165
0.085 -0.123866
0.035 -0.123208
0.085 -0.12276
0.08 -0.12353
0 -0.123146
0.03 -0.122008
0.035 -0.121391
0.02 -0.121108
0 -0.121111
0.045 -0.120337
0.055 -0.119925
0.035 -0.119179
0.045 -0.118451
0.09 -0.119301
0.08 -0.119806
0.06 -0.117967
0.065 -0.115067
0.085 -0.112209
0.09 -0.10936
0.105 -0.107245
0.115 -0.104554
0.23 -0.10183
0.225 -0.0989334
0.265 -0.0955996
0.325 -0.0909127
0.335 -0.086566
0.29 -0.082073
0.28 -0.0779962
0.29 -0.0741421
0.32 -0.0699907
0.305 -0.0678305
0.345 -0.0649554
0.355 -0.0621572
0.305 -0.058612
0.305 -0.0561142
0.345 -0.0545197
0.375 -0.0523966
0.35 -0.0498017
0.315 -0.0472496
0.265 -0.0444258
0.17 -0.0413826
0.17 -0.0375582
0.205 -0.0330062
0.215 -0.0285
0.21 -0.024408
0.17 -0.0209098
0.12 -0.0173413
0.18 -0.0126151
0.235 -0.00919587
0.335 -0.00525041
0.455 -0.00197861
0.46 0.000716024
0.515 0.00358735
0.49 0.00599273
0.52 0.00874556
0.46 0.0122101
0.515 0.0149615
0.505 0.0165923
0.525 0.0194356
0.5 0.0209812
0.48 0.0222691
0.37 0.0243312
0.375 0.026575
0.325 0.0286076
0.315 0.0293499
0.32 0.0306229
0.345 0.0310434
0.32 0.0319395
0.355 0.0333519
0.27 0.0339647
0.305 0.034562
0.265 0.0338696
0.195 0.0321253
0.165 0.0304807
0.19 0.0294408
0.145 0.0291409
0.23 0.0299564
0.2 0.0321084
0.16 0.0329555
0.175 0.0330541
0.165 0.0318516
0.235 0.0314123
0.23 0.0295932
0.23 0.0278388
0.19 0.0259198
0.11 0.0232034
0.12 0.0209631
0.005 0.0172061
0.005 0.0146697
0.05 0.0125005
0 0.0104679
0.015 0.00786803
0.005 0.00426242
0.065 0.00187728
0.02 -0.00147393
0.005 -0.00408372
0.065 -0.00636735
0.105 -0.00963326
0.1 -0.0133957
0.06 -0.0170274
0.12 -0.0216294
0.105 -0.0265216
0.19 -0.0311011
0.1 -0.0366368
0.11 -0.041812
0.09 -0.0469258
0.02 -0.0513598
0.015 -0.0545152
0.055 -0.0566752
0.06 -0.0593501
0.125 -0.0609335
0.16 -0.0620638
0.19 -0.0633042
0.105 -0.0642578
0.05 -0.065119
0.025 -0.0652719
0.02 -0.065123
0.005 -0.0642717
0.025 -0.0649153
0.05 -0.0657783
0.055 -0.0660354
0.05 -0.065813
0.065 -0.0661749
0.075 -0.0669813
0.075 -0.0679763
0.075 -0.0682785
0.14 -0.0683404
0.095 -0.0682193
0.075 -0.0669014
0.02 -0.0654269
0.03 -0.064712
0.01 -0.0645444
0.03 -0.0654537
0.07 -0.0674462
0.02 -0.0698584
0.22 -0.0730383
0.245 -0.0754527
0.355 -0.0780919
0.38 -0.0816385
0.35 -0.0850954
0.3 -0.0883752
0.285 -0.0914003
0.395 -0.0944246
0.41 -0.0970089
0.355 -0.100122
0.345 -0.100737
0.45 -0.100954
0.52 -0.101404
0.54 -0.102489
0.555 -0.103308
0.64 -0.105125
0.675 -0.106494
0.6 -0.107946
0.555 -0.109269
0.53 -0.110503
0.535 -0.112157
0.55 -0.114489
0.56 -0.115526
0.57 -0.11674
0.595 -0.118156
0.655 -0.120074
0.585 -0.121693
0.605 -0.123622
0.625 -0.127199
0.6 -0.131992
0.61 -0.137139
0.535 -0.141089
0.45 -0.145056
0.5 -0.148833
0.5 -0.151727
0.535 -0.155072
0.475 -0.158264
0.52 -0.161281
0.59 -0.164523
0.62 -0.16896
0.46 -0.173315
0.415 -0.176648
0.345 -0.180457
0.445 -0.183699
0.5 -0.185477
0.51 -0.187806
0.46 -0.189464
0.465 -0.190172
0.445 -0.190722
0.515 -0.19226
0.475 -0.194111
0.415 -0.196178
0.525 -0.196772
0.56 -0.196694
0.505 -0.194237
0.465 -0.192636
0.425 -0.191727
0.43 -0.189977
0.455 -0.189541
0.535 -0.188456
0.515 -0.187907
0.45 -0.187372
0.44 -0.185998
0.415 -0.184482
0.46 -0.182127
0.51 -0.179837
0.55 -0.178204
0.48 -0.177004
0.46 -0.176287
0.5 -0.176269
0.515 -0.176805
0.47 -0.176084
0.42 -0.17531
0.425 -0.173576
0.405 -0.172655
0.365 -0.169771
0.33 -0.166347
0.245 -0.16363
0.24 -0.160656
0.3 -0.157749
0.35 -0.155715
0.405 -0.153578
0.41 -0.152539
0.47 -0.151347
0.465 -0.150526
0.335 -0.149498
0.395 -0.148274
0.355 -0.147984
0.415 -0.147858
0.4 -0.147361
0.46 -0.147384
0.385 -0.148028
0.385 -0.146513
0.41 -0.144478
0.42 -0.142079
0.325 -0.139285
0.295 -0.135992
0.29 -0.133248
0.4 -0.131855
0.46 -0.131064
0.445 -0.128972
0.4 -0.125227
0.305 -0.121856
0.28 -0.117711
0.24 -0.114468
0.325 -0.112476
0.32 -0.109304
0.31 -0.105711
0.34 -0.101864
0.345 -0.0992491
0.42 -0.0957442
0.345 -0.0919428
0.385 -0.0882533
0.365 -0.0844568
0.34 -0.0811119
0.295 -0.0781174
0.355 -0.0746341
0.39 -0.0721178
0.44 -0.070957
0.315 -0.0701427
0.26 -0.0672697
0.29 -0.0644084
0.26 -0.061637
0.205 -0.0588858
0.205 -0.0555592
0.105 -0.0516112
0.16 -0.0486197
0.165 -0.0464401
0.115 -0.0442895
0.115 -0.0419329
0.185 -0.0404533
0.13 -0.0389963
0.22 -0.0372627
0.215 -0.0348843
0.21 -0.0322639
0.24 -0.0296458
0.245 -0.0272621
0.275 -0.0259559
0.29 -0.0248637
0.335 -0.0244109
0.355 -0.0240565
0.315 -0.0228508
0.345 -0.0216898
0.3 -0.0195435
0.275 -0.0179233
0.24 -0.0151977
0.165 -0.0126085
0.245 -0.00985184
0.275 -0.00793276
0.265 -0.00510383
0.26 -0.00300053
0.2 -0.00174283
0.12 -0.000871955
0.065 -0.000516431
0.02 0.000380007
0 0.00268548
0.09 0.00668342
0.06 0.00946327
0.07 0.0116624
0.015 0.0137463
0.04 0.0164436
0 0.019004
0 0.0207594
0.015 0.0221436
0.085 0.0241443
0.05 0.0275046
0.025 0.0292939
0.055 0.0313573
0.045 0.0331452
0.055 0.0337519
0.035 0.0351666
0.01 0.0367379
0.025 0.0384108
0.02 0.0400017
0.09 0.0418159
0.04 0.0435706
0.005 0.0445651
0.065 0.0448
0.07 0.0449288
0.14 0.0449682
0.11 0.044082
0.16 0.0417913
0.21 0.0396858
0.2 0.0369203
0.24 0.0364764
0.285 0.0339668
0.3 0.0335286
0.215 0.0337883
0.295 0.0335615
0.33 0.0348625
0.37 0.0348485
0.435 0.0347335
0.44 0.0351691
0.39 0.0361617
0.42 0.0369453
0.37 0.0382594
0.4 0.0401968
0.45 0.0432411
0.42 0.045157
0.415 0.0470468
0.415 0.0490592
0.435 0.0502092
0.455 0.0522759
0.425 0.0547045
0.525 0.0582193
0.54 0.0619629
0.45 0.0647531
0.49 0.0674114
0.52 0.0705997
0.49 0.0737019
0.495 0.0764529
0.49 0.079291
0.45 0.0829789
0.47 0.0857892
0.435 0.0890337
0.48 0.0907018
0.485 0.0916991
0.48 0.0932971
0.505 0.0946432
0.455 0.0954825
0.585 0.0942477
0.51 0.0937071
0.615 0.0928573
0.525 0.0924638
0.58 0.0921022
0.525 0.0926615
0.545 0.0945884
0.51 0.0975856
0.515 0.100498
0.565 0.10194
0.56 0.102593
0.53 0.103805
0.575 0.105708
0.645 0.108662
0.57 0.111073
0.615 0.112951
0.565 0.11429
0.565 0.116635
0.63 0.119292
0.64 0.121688
0.59 0.122414
0.58 0.12414
0.545 0.126514
0.56 0.127975
0.55 0.128044
0.515 0.12828
0.505 0.12831
0.47 0.127444
0.47 0.126219
0.42 0.125396
0.45 0.124609
0.5 0.124885
0.485 0.123863
0.46 0.123261
0.41 0.120956
0.445 0.119238
0.465 0.118086
0.485 0.116948
0.505 0.114662
0.46 0.114044
0.415 0.112397
0.41 0.111756
0.33 0.111046
0.22 0.108903
0.18 0.106798
0.155 0.104086
0.225 0.102165
0.23 0.100317
0.21 0.0981027
0.14 0.0961326
0.14 0.0942273
0.175 0.0920575
0.22 0.0895024
0.225 0.0866807
0.265 0.083697
0.33 0.0812862
0.265 0.0777617
0.31 0.0763782
0.36 0.0754134
0.385 0.0743009
0.335 0.0734941
0.43 0.0734608
0.46 0.0724232
0.455 0.0705439
0.48 0.0687629
0.53 0.0670819
0.595 0.0655152
0.6 0.0643214
0.65 0.0640985
0.585 0.062509
0.545 0.0605568
0.54 0.0596015
0.525 0.0584457
0.545 0.0571392
0.49 0.0559587
0.47 0.0549045
0.485 0.0529211
0.485 0.0503062
0.49 0.047829
0.495 0.044663
0.53 0.0410576
0.465 0.0364779
0.46 0.0329665
0.475 0.0293514
0.5 0.0257533
0.48 0.0227422
0.485 0.0200943
0.485 0.0182078
0.495 0.0153799
0.51 0.0136897
0.515 0.0133292
0.4 0.0136535
0.4 0.0141392
0.36 0.0129373
0.375 0.0126233
0.395 0.0124226
0.36 0.0126177
0.365 0.0136083
0.46 0.0134567
0.505 0.0144761
0.535 0.015974
0.59 0.0176619
0.66 0.0192229
0.63 0.0207581
0.635 0.0227752
0.615 0.0229713
0.665 0.0220268
0.655 0.0206428
0.71 0.0206538
0.695 0.0214439
0.645 0.0224029
0.59 0.0227539
0.57 0.0221559
0.525 0.0212904
0.545 0.020377
0.515 0.0208083
0.505 0.0193136
0.49 0.0186701
0.505 0.0192547
0.475 0.0193311
0.52 0.019775
0.565 0.0191717
0.565 0.0188821
0.57 0.0186018
0.565 0.0179675
0.585 0.0172145
0.55 0.0158389
0.53 0.0142085
0.535 0.0129413
0.525 0.0129717
0.475 0.0115676
0.46 0.0114258
0.535 0.00976518
0.525 0.00925776
0.53 0.00791495
0.48 0.00621604
0.42 0.00426864
0.45 0.0017625
0.525 -0.00201366
0.535 -0.00532975
0.54 -0.00955132
0.395 -0.0129507
0.435 -0.0167731
0.475 -0.020483
0.455 -0.0236568
0.46 -0.0268354
0.4 -0.0306406
0.32 -0.032801
0.305 -0.0338422
0.23 -0.0335065
0.21 -0.0327189
0.31 -0.0305345
0.21 -0.0290689
0.305 -0.0276485
0.225 -0.0265259
0.16 -0.0258827
0.115 -0.0244613
0.05 -0.0227085
0.02 -0.0218989
0.045 -0.0212197
0.105 -0.0207297
0.065 -0.0202326
0 -0.0191803
0.035 -0.0187316
0.02 -0.0183709
0.07 -0.0175789
0.035 -0.0157813
0.075 -0.0129024
0.09 -0.0106712
0.08 -0.00885972
0.04 -0.00830372
0.055 -0.0074622
0.095 -0.0090701
0.105 -0.0103213
0.1 -0.0115446
0.035 -0.0131511
0.095 -0.0146543
0.12 -0.0169383
0.15 -0.0186643
0.19 -0.020124
0.095 -0.0218972
0.12 -0.0233778
0.205 -0.0246294
0.22 -0.0255995
0.175 -0.0266013
0.24 -0.0271427
0.16 -0.0267432
0.23 -0.0270505
0.255 -0.0261736
0.295 -0.0261106
0.255 -0.0267871
0.25 -0.0262258
0.22 -0.0249432
0.265 -0.022502
0.17 -0.018778
0.21 -0.0152741
0.25 -0.0121668
0.29 -0.0100606
0.31 -0.00857136
0.285 -0.00751402
0.345 -0.00711058
0.355 -0.00727806
0.34 -0.00556036
0.42 -0.00318105
0.4 -0.0021868
0.385 -0.00228968
0.365 -0.0026589
0.335 -0.00180242
0.365 -0.00120862
0.345 -0.00101532
0.3 0.000883271
0.375 0.00315823
0.435 0.00490298
0.495 0.00636135
0.505 0.00582948
0.5 0.00516111
0.47 0.00467137
0.45 0.00349537
0.435 0.00128158
0.48 -0.00195704
0.435 -0.00349235
0.445 -0.00518834
0.475 -0.00776607
0.405 -0.0104123
0.42 -0.0138372
0.45 -0.0178638
0.435 -0.0223892
0.345 -0.0262603
0.37 -0.0281108
0.44 -0.0292088
0.45 -0.0312304
0.45 -0.0330962
0.415 -0.0341153
0.445 -0.0349834
0.35 -0.0360321
0.415 -0.0375628
0.365 -0.0406191
0.425 -0.0427394
0.405 -0.0434768
0.38 -0.0452555
0.39 -0.0467972
0.47 -0.0481704
0.445 -0.0499912
0.41 -0.0511412
0.32 -0.0528308
0.38 -0.0546213
0.39 -0.0569925
0.405 -0.0594986
0.36 -0.0608642
0.36 -0.0633832
0.405 -0.0664177
0.365 -0.0706185
0.34 -0.0742901
0.375 -0.0780903
0.47 -0.0814949
0.42 -0.0850719
0.475 -0.0878273
0.455 -0.0898779
0.445 -0.0924951
0.425 -0.0946304
0.41 -0.0969246
0.365 -0.0988133
0.34 -0.100035
0.425 -0.10009
0.425 -0.0994416
0.5 -0.0987072
0.485 -0.0977656
0.575 -0.0963093
0.58 -0.094969
0.54 -0.0936227
0.57 -0.0913931
0.58 -0.0899891
0.65 -0.0865439
0.65 -0.0837799
0.71 -0.0809003
0.715 -0.0775502
0.795 -0.0753024
0.74 -0.0721567
0.755 -0.0671751
0.77 -0.0630743
0.77 -0.0586976
0.78 -0.0554707
0.79 -0.0533239
0.79 -0.0491286
0.845 -0.0462682
0.83 -0.0433698
0.825 -0.0398754
0.84 -0.037372
0.79 -0.0331833
0.7 -0.0303394
0.72 -0.0253645
0.69 -0.0198171
0.71 -0.0145708
0.69 -0.0110186
0.675 -0.00709568
0.72 -0.00489527
0.68 -0.00227328
0.645 0.000723135
0.7 0.00388924
0.675 0.00667511
0.67 0.0102677
0.685 0.0146597
0.66 0.0194151
0.63 0.0249314
0.595 0.0315754
0.575 0.0369996
0.505 0.042661
0.555 0.0490503
0.63 0.054982
0.7 0.0620013
0.78 0.0675322
0.825 0.0742426
0.91 0.080694
0.84 0.0859604
0.85 0.0919257
0.85 0.0963309
0.76 0.101344
0.725 0.106704
0.715 0.111934
0.72 0.114923
0.73 0.117832
0.73 0.120387
0.735 0.122356
0.8 0.125373
0.825 0.128574
0.885 0.131769
0.89 0.133892
0.825 0.136036
0.78 0.138361
0.745 0.139615
0.735 0.141379
0.78 0.143148
0.745 0.144416
0.785 0.144296
0.785 0.144297
0.78 0.144541
0.765 0.143347
0.805 0.142732
0.835 0.141896
0.795 0.140936
0.785 0.140137
0.79 0.140239
0.77 0.139807
0.79 0.139253
0.76 0.137645
0.75 0.134955
0.785 0.13269
0.815 0.129344
0.825 0.126254
0.785 0.123166
0.795 0.120254
0.85 0.117308
0.835 0.114217
0.82 0.112139
0.855 0.109582
0.875 0.106013
0.865 0.101844
0.84 0.0969926
0.805 0.0912054
0.78 0.0868329
0.82 0.0829822
0.825 0.0793442
0.775 0.0766045
0.745 0.0746924
0.71 0.0725187
0.725 0.0702176
0.74 0.0688298
0.765 0.0663588
0.78 0.0663147
0.77 0.0655439
0.76 0.0664961
0.805 0.0671685
0.795 0.067289
0.82 0.0667713
0.815 0.0679939
0.76 0.0701573
0.785 0.0716699
0.795 0.0736211
0.84 0.074362
0.79 0.0740711
0.775 0.0747107
0.815 0.0750472
0.83 0.0751243
0.83 0.0761884
0.875 0.0776333
0.855 0.0778353
0.895 0.0771767
0.84 0.075086
0.85 0.073548
0.84 0.0714732
0.85 0.0698115
0.825 0.0670144
0.815 0.0657651
0.73 0.0652007
0.685 0.0667262
0.63 0.0675697
0.7 0.0685665
0.685 0.069201
0.705 0.0710352
0.695 0.0741177
0.635 0.077615
0.625 0.0822078
0.685 0.0871423
0.81 0.0902045
0.82 0.0940128
0.76 0.0992023
0.79 0.103354
0.785 0.105555
0.775 0.10969
0.8 0.112646
0.79 0.117133
0.845 0.122618
0.805 0.128118
0.86 0.132056
0.855 0.135634
0.855 0.138768
0.83 0.141122
0.86 0.142519
0.87 0.144291
0.845 0.147698
0.87 0.152224
0.815 0.156677
0.76 0.160221
0.77 0.16298
0.75 0.164623
0.645 0.165797
0.705 0.164886
0.785 0.164216
0.84 0.162942
0.85 0.162356
0.82 0.162753
0.84 0.163891
0.855 0.166338
0.83 0.169441
0.815 0.174103
0.84 0.177574
0.82 0.180296
0.845 0.180857
0.805 0.182547
0.805 0.183685
0.775 0.18301
0.745 0.182893
0.725 0.182364
0.73 0.181618
0.755 0.180997
0.745 0.179805
0.76 0.179749
0.735 0.180618
0.735 0.182132
0.71 0.184804
0.675 0.186644
0.665 0.188498
0.665 0.191501
0.68 0.19385
0.685 0.195777
0.62 0.197092
0.655 0.198244
0.65 0.198892
0.635 0.199788
0.635 0.199748
0.63 0.200274
0.665 0.200863
0.705 0.202068
0.68 0.20352
0.68 0.20469
0.69 0.203515
0.785 0.203228
0.78 0.203491
0.78 0.203607
0.81 0.203953
0.76 0.205025
0.76 0.206756
0.71 0.208107
0.75 0.20933
0.725 0.209606
0.745 0.210572
0.71 0.212238
0.715 0.213738
0.74 0.215605
0.755 0.217271
0.78 0.21931
0.765 0.221435
0.81 0.224096
0.785 0.225654
0.805 0.22803
0.76 0.229785
0.815 0.232828
0.89 0.234046
0.915 0.234908
0.92 0.235425
0.855 0.23737
0.855 0.238436
0.855 0.238864
0.87 0.238944
0.85 0.239763
0.8 0.241192
0.86 0.242501
0.89 0.244477
0.905 0.245229
0.86 0.245416
0.825 0.246155
0.81 0.24696
0.835 0.247875
0.79 0.248699
0.795 0.251249
0.85 0.252093
0.81 0.252991
0.825 0.252935
0.805 0.253449
0.765 0.253381
0.785 0.254403
0.775 0.254086
0.765 0.253751
0.785 0.252567
0.77 0.251735
0.775 0.252287
0.825 0.252251
0.725 0.250813
0.72 0.251067
0.765 0.250649
0.79 0.250034
0.82 0.249282
0.95 0.24909
0.88 0.249681
0.815 0.249611
0.86 0.248767
0.865 0.249002
0.86 0.248418
0.835 0.248634
0.83 0.249047
0.855 0.249634
0.835 0.24959
0.805 0.247542
0.775 0.244587
0.815 0.242169
0.785 0.239112
0.765 0.236085
0.77 0.233858
0.715 0.231465
0.795 0.229205
0.78 0.226815
0.835 0.225393
0.845 0.223536
0.87 0.22163
0.835 0.220091
0.86 0.221017
0.865 0.219432
0.875 0.218398
0.85 0.216902
0.83 0.216604
0.79 0.214084
0.81 0.211977
0.835 0.210076
0.835 0.208366
0.8 0.208014
0.79 0.207515
0.825 0.205922
0.835 0.203782
0.85 0.201997
0.815 0.202161
0.85 0.200531
0.85 0.197947
0.805 0.195952
0.78 0.193307
0.76 0.190361
0.715 0.188775
0.725 0.186592
0.67 0.185187
0.77 0.183762
0.725 0.181265
0.7 0.179144
0.635 0.177077
0.705 0.176701
0.67 0.17691
0.655 0.176381
0.65 0.175825
0.665 0.174738
0.66 0.174293
0.69 0.173777
0.74 0.173446
0.745 0.174229
0.725 0.17584
0.705 0.177721
0.73 0.178934
0.68 0.179604
0.7 0.180879
0.705 0.183192
0.73 0.186452
0.775 0.189596
0.785 0.193409
0.805 0.195694
0.86 0.197266
0.825 0.199532
0.855 0.202872
0.88 0.204052
0.86 0.204167
0.805 0.205678
0.775 0.206016
0.76 0.206946
0.78 0.208193
0.87 0.209886
0.86 0.211057
0.85 0.212654
0.81 0.213491
0.835 0.213205
0.85 0.214333
0.835 0.216658
0.88 0.218595
0.825 0.21915
0.84 0.217577
0.825 0.214743
0.73 0.212739
0.695 0.212456
0.7 0.211776
0.72 0.21208
0.68 0.212027
0.685 0.210844
0.735 0.209419
0.82 0.208048
0.815 0.205338
0.695 0.201793
0.68 0.198361
0.705 0.193928
0.735 0.189458
0.66 0.186343
0.72 0.184905
0.715 0.182414
0.75 0.181045
0.775 0.17846
0.785 0.174242
0.805 0.169458
0.79 0.163517
0.84 0.159848
0.815 0.155428
0.83 0.149834
0.825 0.145108
0.8 0.140501
0.715 0.136726
0.69 0.132502
0.76 0.12913
0.81 0.125382
0.765 0.121813
0.765 0.117952
0.69 0.114713
0.695 0.1106
0.715 0.106112
0.695 0.103164
0.665 0.100097
0.595 0.0974389
0.57 0.0962939
0.58 0.094072
0.645 0.0931401
0.645 0.0903445
0.66 0.0873175
0.625 0.0834084
0.56 0.0798208
0.5 0.0765505
0.56 0.0726418
0.505 0.069989
0.525 0.0665593
0.54 0.0628227
0.53 0.0598902
0.52 0.0561908
0.535 0.0532586
0.54 0.0509506
0.55 0.0503975
0.62 0.0492728
0.735 0.0480182
0.705 0.0459094
0.67 0.0444733
0.63 0.0425344
0.67 0.0395169
0.76 0.0366101
0.775 0.0339781
0.805 0.030793
0.805 0.0271681
0.8 0.0243263
0.755 0.0227537
0.775 0.0196318
0.75 0.0164373
0.74 0.013425
0.755 0.0104746
0.785 0.00726279
0.745 0.00440151
0.7 0.000892144
0.735 -0.00268562
0.7 -0.0041624
0.625 -0.00578996
0.625 -0.00779344
0.705 -0.0101145
0.75 -0.0120103
0.735 -0.0134404
0.72 -0.0140533
0.635 -0.0139955
0.645 -0.0146419
0.67 -0.0153861
0.68 -0.0150094
0.685 -0.0139641
0.725 -0.0135459
0.74 -0.0127503
0.73 -0.0123642
0.775 -0.0114933
0.81 -0.0104006
0.78 -0.0085437
0.79 -0.00519252
0.725 -0.00264491
0.66 -0.00255275
0.705 -0.00186095
0.71 -0.000362023
0.76 0.00111422
0.78 0.00360473
0.855 0.00663897
0.86 0.00856501
0.795 0.0109233
0.83 0.0126487
0.785 0.015727
0.735 0.0192948
0.78 0.0224692
0.78 0.0245863
0.68 0.0265036
0.7 0.0285481
0.775 0.0283542
0.81 0.0284632
0.785 0.0291949
0.79 0.0314078
0.79 0.0347405
0.795 0.0370556
0.735 0.0393625
0.69 0.0410246
0.685 0.0436933
0.655 0.0467271
0.565 0.0509568
0.57 0.0541036
0.535 0.0570342
0.455 0.0604908
0.425 0.0656312
0.445 0.0714305
0.41 0.0778824
0.415 0.0853234
0.5 0.0934468
0.5 0.0993983
0.51 0.105123
0.575 0.111183
0.525 0.116099
0.46 0.121326
0.5 0.126882
0.545 0.131796
0.57 0.136217
0.525 0.141501
0.545 0.146533
0.465 0.151967
0.515 0.157601
0.56 0.163905
0.58 0.170465
0.57 0.176234
0.495 0.182853
0.475 0.188976
0.425 0.19387
0.435 0.197954
0.59 0.200702
0.59 0.203681
0.655 0.205944
0.67 0.208126
0.68 0.209815
0.66 0.211758
0.67 0.212639
0.63 0.213875
0.645 0.215681
0.645 0.216439
0.585 0.217116
0.575 0.217435
0.535 0.21822
0.53 0.219305
0.54 0.21944
0.595 0.219469
0.61 0.219058
0.615 0.219019
0.575 0.220554
0.555 0.221038
0.66 0.222559
0.615 0.225153
0.615 0.226653
0.625 0.226849
0.66 0.225106
0.69 0.222927
0.65 0.219149
0.59 0.214742
0.58 0.211253
0.575 0.207741
0.62 0.204977
0.64 0.202524
0.585 0.20076
0.67 0.199247
0.66 0.197164
0.665 0.196052
0.67 0.193799
0.69 0.19207
0.755 0.189914
0.76 0.188192
0.73 0.187294
0.755 0.186598
0.695 0.185027
0.67 0.182411
0.655 0.180685
0.685 0.178367
0.73 0.176896
0.75 0.176615
0.72 0.178583
0.785 0.178759
0.745 0.177959
0.795 0.179483
0.73 0.180531
0.69 0.181607
0.635 0.182377
0.62 0.183533
0.565 0.184856
0.46 0.184684
0.495 0.184233
0.57 0.182949
0.585 0.182322
0.63 0.18186
0.6 0.182291
0.565 0.1823
0.57 0.182784
0.56 0.182302
0.56 0.180769
0.56 0.181605
0.66 0.182235
0.655 0.184073
0.69 0.185586
0.605 0.187197
0.6 0.188694
0.605 0.189964
0.64 0.193321
0.615 0.196334
0.605 0.197938
0.64 0.198784
0.585 0.199683
0.555 0.201399
0.485 0.204206
0.54 0.20651
0.52 0.208854
0.545 0.212117
0.605 0.213967
0.61 0.214446
0.61 0.214289
0.52 0.214836
0.48 0.215147
0.4 0.215124
0.5 0.215723
0.5 0.217801
0.56 0.220055
0.575 0.220948
0.54 0.221639
0.58 0.223377
0.545 0.226206
0.56 0.228607
0.6 0.23
0.57 0.229501
0.605 0.230551
0.625 0.231106
0.64 0.231287
0.61 0.232197
0.605 0.231195
0.605 0.230462
0.605 0.229997
0.59 0.229083
0.55 0.229373
0.615 0.229306
0.625 0.230593
0.69 0.230853
0.695 0.229476
0.765 0.227829
0.74 0.22648
0.705 0.224005
0.685 0.219985
0.675 0.21521
0.655 0.211406
0.675 0.207094
0.64 0.202414
0.705 0.199416
0.715 0.197305
0.685 0.194782
0.74 0.190935
0.75 0.18633
0.785 0.181965
0.69 0.177708
0.675 0.173734
0.69 0.171001
0.69 0.168135
0.67 0.165435
0.685 0.161478
0.67 0.15756
0.67 0.154234
0.675 0.149782
0.675 0.14476
0.71 0.139875
0.68 0.135311
0.695 0.131201
0.675 0.127223
0.705 0.122201
0.725 0.118638
0.73 0.11583
0.725 0.112362
0.665 0.109612
0.67 0.105198
0.645 0.100968
0.585 0.0955292
0.605 0.0920262
0.53 0.0887233
0.54 0.0854803
0.51 0.0827455
0.47 0.0810278
0.52 0.0778135
0.57 0.0750858
0.61 0.072163
0.62 0.0704641
0.66 0.070135
0.675 0.0711797
0.65 0.0722488
0.695 0.0722687
0.725 0.0700249
0.7 0.0679739
0.71 0.0649662
0.705 0.0614761
0.675 0.0571358
0.645 0.0524852
0.7 0.048285
0.725 0.0435793
0.71 0.0374928
0.71 0.0325971
0.705 0.0268804
0.68 0.021178
0.71 0.0144617
0.685 0.0078479
0.79 0.00107454
0.845 -0.00647693
0.79 -0.0130154
0.795 -0.0215169
0.755 -0.0296811
0.715 -0.0376327
0.75 -0.0456335
0.725 -0.0547139
0.72 -0.0637564
0.725 -0.0713661
0.74 -0.0793863
0.695 -0.0856181
0.695 -0.0922617
0.655 -0.0983942
0.62 -0.104911
0.625 -0.110441
0.635 -0.114274
0.595 -0.118156
0.625 -0.121357
0.705 -0.124872
0.735 -0.12858
0.77 -0.133187
0.775 -0.136672
0.73 -0.140307
0.68 -0.143676
0.675 -0.146208
0.775 -0.149687
0.755 -0.152766
0.735 -0.156778
0.815 -0.160093
0.825 -0.163612
0.77 -0.167397
0.785 -0.170608
0.835 -0.174149
0.815 -0.176959
0.87 -0.180007
0.845 -0.184102
0.845 -0.187502
0.82 -0.189982
0.775 -0.193385
0.755 -0.197099
0.77 -0.200633
0.8 -0.204412
0.825 -0.206802
0.755 -0.207304
0.775 -0.205657
0.79 -0.203774
0.715 -0.204541
0.76 -0.206083
0.77 -0.207449
0.87 -0.208597
0.85 -0.209324
0.82 -0.210444
0.735 -0.210312
0.755 -0.210753
0.725 -0.211825
0.755 -0.212069
0.75 -0.213494
0.68 -0.214984
0.66 -0.216766
0.68 -0.217656
0.665 -0.216431
0.715 -0.215989
0.715 -0.215223
0.77 -0.216449
0.695 -0.216551
0.675 -0.216406
0.74 -0.217084
0.67 -0.21716
0.62 -0.216851
0.655 -0.216071
0.705 -0.215923
0.755 -0.21594
0.68 -0.216538
0.66 -0.215553
0.68 -0.214952
0.66 -0.215452
0.695 -0.214679
0.755 -0.216371
0.735 -0.218813
0.735 -0.222501
0.735 -0.22437
0.77 -0.226171
0.86 -0.228118
0.815 -0.227683
0.695 -0.228348
0.71 -0.227339
0.725 -0.224653
0.715 -0.221892
0.775 -0.21788
0.765 -0.213006
0.8 -0.208153
0.82 -0.203181
0.815 -0.19776
0.825 -0.192619
0.81 -0.187828
0.805 -0.184949
0.775 -0.182489
0.7 -0.180512
0.815 -0.179035
0.78 -0.176279
0.8 -0.171724
0.865 -0.166536
0.915 -0.161001
0.855 -0.158333
0.815 -0.155166
0.725 -0.153634
0.68 -0.152013
0.77 -0.149945
0.755 -0.148017
0.75 -0.146365
0.735 -0.145174
0.715 -0.143583
0.745 -0.141207
0.72 -0.139816
0.65 -0.13711
0.725 -0.133283
0.66 -0.128127
0.61 -0.123223
0.58 -0.119109
0.66 -0.116442
0.61 -0.112883
0.58 -0.109481
0.53 -0.10728
0.505 -0.106392
0.475 -0.105533
0.49 -0.103141
0.565 -0.102129
0.55 -0.100874
0.5 -0.0978869
0.5 -0.0961469
0.46 -0.0919767
0.47 -0.0880811
0.505 -0.0825982
0.49 -0.0773908
0.425 -0.0726325
0.43 -0.0662273
0.41 -0.0606004
0.365 -0.0566696
0.32 -0.051809
0.29 -0.0453498
0.275 -0.0387689
0.29 -0.0332448
0.34 -0.0290742
0.4 -0.0235619
0.345 -0.018144
0.355 -0.0121787
0.345 -0.00491398
0.285 0.00156366
0.32 0.00609914
0.405 0.0104715
0.485 0.013931
0.545 0.0174446
0.52 0.0198403
0.475 0.0208697
0.44 0.0233495
0.39 0.0265636
0.335 0.030696
0.305 0.0339373
0.25 0.0391909
0.22 0.0441898
0.315 0.0486243
0.32 0.052586
0.415 0.0550206
0.445 0.0592073
0.525 0.0636426
0.555 0.067558
0.565 0.0707856
0.64 0.0744175
0.59 0.0772789
0.62 0.0798027
0.615 0.0806595
0.595 0.0811357
0.63 0.081117
0.645 0.0791408
0.61 0.075608
0.63 0.0727666
0.6 0.0704449
0.655 0.0678153
0.635 0.0658318
0.615 0.0661639
0.62 0.0645455
0.63 0.061266
0.63 0.0578366
0.725 0.0545698
0.765 0.0501943
0.685 0.0475984
0.685 0.0454556
0.68 0.0434677
0.685 0.0408279
0.65 0.0387081
0.685 0.0383956
0.67 0.0380156
0.68 0.0371821
0.745 0.0376182
0.7 0.0397862
0.7 0.0406346
0.725 0.0437311
0.795 0.0470167
0.835 0.0492286
0.845 0.0483731
0.895 0.0459147
0.925 0.0437606
0.915 0.0410121
0.895 0.0375449
0.915 0.0336091
0.905 0.0308102
0.88 0.0289193
0.885 0.027281
0.855 0.0224637
0.8 0.0178663
0.795 0.0118853
0.775 0.00729011
0.845 0.0026307
0.84 -0.00315435
0.79 -0.0107302
0.78 -0.0188035
0.805 -0.0271079
0.73 -0.0327671
0.815 -0.0397763
0.86 -0.0463904
0.76 -0.0541095
0.7 -0.0624495
0.675 -0.0692139
0.745 -0.0763507
0.715 -0.0834654
0.72 -0.0882419
0.78 -0.0926358
0.83 -0.0964062
0.855 -0.100417
0.86 -0.105784
0.865 -0.109757
0.91 -0.113462
0.92 -0.117928
0.845 -0.120899
0.785 -0.122796
0.805 -0.126775
0.74 -0.131427
0.82 -0.135796
0.825 -0.139975
0.84 -0.144832
0.8 -0.151007
0.8 -0.155383
0.85 -0.159172
0.89 -0.16234
0.87 -0.164499
0.85 -0.165993
0.83 -0.166846
0.805 -0.167816
0.755 -0.169149
0.66 -0.169434
0.615 -0.170469
0.625 -0.171212
0.605 -0.171782
0.65 -0.171585
0.695 -0.170139
0.75 -0.169375
0.775 -0.169119
0.67 -0.170309
0.615 -0.173875
0.67 -0.177161
0.745 -0.179858
0.75 -0.183094
0.87 -0.187054
0.8 -0.190106
0.79 -0.192456
0.84 -0.195898
0.8 -0.199949
0.885 -0.204093
0.85 -0.209329
0.85 -0.214289
0.835 -0.217188
0.81 -0.21925
0.825 -0.221521
0.85 -0.224484
0.83 -0.227754
0.81 -0.230806
0.735 -0.234289
0.725 -0.238149
0.71 -0.242524
0.72 -0.245767
0.785 -0.248683
0.73 -0.249633
0.785 -0.250221
0.83 -0.250192
0.8 -0.251053
0.83 -0.251415
0.785 -0.251099
0.675 -0.250393
0.745 -0.250658
0.755 -0.249629
0.755 -0.247992
0.79 -0.24801
0.795 -0.246652
0.81 -0.244725
0.765 -0.242355
0.705 -0.238677
0.705 -0.236978
0.715 -0.235358
0.71 -0.234613
0.745 -0.232085
0.79 -0.229303
0.75 -0.226851
0.81 -0.22591
0.79 -0.223745
0.845 -0.222467
0.89 -0.220208
0.87 -0.217896
0.89 -0.213345
0.825 -0.209692
0.795 -0.204709
0.815 -0.201292
0.785 -0.197936
0.755 -0.194835
0.685 -0.190358
0.73 -0.184892
0.645 -0.179925
0.67 -0.175273
0.715 -0.172382
0.755 -0.169235
0.77 -0.166929
0.765 -0.166103
0.785 -0.162343
0.79 -0.159079
0.765 -0.156427
0.695 -0.154388
0.695 -0.152654
0.7 -0.152178
0.715 -0.151376
0.725 -0.149166
0.755 -0.146369
0.77 -0.145072
0.735 -0.142729
0.72 -0.141235
0.705 -0.139073
0.63 -0.137301
0.6 -0.134956
0.61 -0.134859
0.645 -0.136809
0.645 -0.137984
0.65 -0.138377
0.585 -0.139047
0.555 -0.139827
0.61 -0.140561
0.61 -0.140956
0.605 -0.140859
0.585 -0.137688
0.47 -0.133822
0.37 -0.130236
0.4 -0.126498
0.47 -0.122556
0.515 -0.119391
0.54 -0.115967
0.555 -0.111331
0.515 -0.107585
0.6 -0.104038
0.68 -0.100458
0.7 -0.0980378
0.68 -0.0952085
0.65 -0.0928941
0.66 -0.0887328
0.63 -0.0851263
0.625 -0.080925
0.64 -0.0757293
0.74 -0.0736798
0.78 -0.0713393
0.795 -0.0689151
0.785 -0.0651792
0.8 -0.0612313
0.735 -0.0580359
0.755 -0.0556531
0.72 -0.0524034
0.745 -0.0503708
0.83 -0.0475647
0.835 -0.0412626
0.795 -0.0359051
0.805 -0.0318778
0.76 -0.0271056
0.79 -0.0228701
0.775 -0.0186556
0.87 -0.0156687
0.87 -0.0129822
0.885 -0.010489
0.785 -0.0093778
0.77 -0.00699628
0.74 -0.00377118
0.745 -5.94841e-05
0.735 0.00540101
0.775 0.0100818
0.775 0.0161579
0.78 0.019124
0.765 0.0218076
0.79 0.0254003
0.8 0.0284799
0.805 0.032739
0.8 0.0364087
0.765 0.0403409
0.775 0.0436584
0.81 0.0475792
0.835 0.0489464
0.81 0.0513063
0.765 0.0521847
0.815 0.0540771
0.845 0.0562105
0.8 0.0591622
0.81 0.0629246
0.78 0.0656549
0.845 0.0672512
0.845 0.068912
0.86 0.069476
0.86 0.0708859
0.895 0.0720891
0.91 0.0756743
0.895 0.081603
0.88 0.0867479
0.88 0.092274
0.855 0.0955466
0.795 0.0993097
0.78 0.102421
0.765 0.104561
0.605 0.106708
0.66 0.106957
0.665 0.107086
0.745 0.10569
0.79 0.105082
0.79 0.102965
0.735 0.100103
0.78 0.0955442
0.795 0.0914086
0.805 0.0864549
0.76 0.080448
0.81 0.073925
0.83 0.0687851
0.72 0.0642495
0.765 0.0589114
0.77 0.0518171
0.71 0.0455636
0.685 0.0393848
0.645 0.0329459
0.635 0.0289215
0.66 0.0249083
0.62 0.0206792
0.66 0.0162147
0.705 0.0132337
0.7 0.0118169
0.735 0.00986752
0.74 0.00792178
0.81 0.00407208
0.695 -0.000964202
0.735 -0.00643832
0.705 -0.0125073
0.73 -0.0185781
0.74 -0.0228544
0.8 -0.0271799
0.79 -0.0323034
0.71 -0.0375119
0.695 -0.0420657
0.75 -0.046011
0.685 -0.0492943
0.625 -0.0499004
0.655 -0.051017
0.725 -0.0510879
0.82 -0.0510045
0.81 -0.0504132
0.825 -0.0493749
0.8 -0.048962
0.88 -0.04774
0.88 -0.0450414
0.88 -0.0433319
0.875 -0.044126
0.86 -0.0438
0.83 -0.0433234
0.85 -0.0422097
0.87 -0.0427574
0.825 -0.0449691
0.795 -0.0480681
0.765 -0.0506523
0.815 -0.053439
0.745 -0.0544977
0.745 -0.0573977
0.765 -0.0595767
0.775 -0.0614789
0.8 -0.0635762
0.79 -0.0637936
0.735 -0.0672577
0.76 -0.0706715
0.795 -0.0742156
0.83 -0.0773139
0.88 -0.0797116
0.785 -0.0815007
0.785 -0.0839379
0.695 -0.0868107
0.71 -0.0888424
0.785 -0.0931966
0.805 -0.0977021
0.815 -0.101195
0.76 -0.101756
0.675 -0.102343
0.635 -0.103483
0.645 -0.104314
0.685 -0.105696
0.625 -0.109572
0.655 -0.112394
0.765 -0.116463
0.77 -0.119847
0.77 -0.123377
0.745 -0.128352
0.75 -0.133149
0.8 -0.137445
0.805 -0.140968
0.765 -0.145264
0.695 -0.149751
0.69 -0.15565
0.755 -0.162588
0.725 -0.170064
0.71 -0.177733
0.76 -0.185591
0.715 -0.190867
0.62 -0.193886
0.63 -0.197122
0.69 -0.199575
0.68 -0.202385
0.74 -0.205456
0.635 -0.205784
0.66 -0.206093
0.665 -0.206059
0.625 -0.205201
0.73 -0.204436
0.785 -0.204164
0.775 -0.201972
0.775 -0.200146
0.785 -0.197685
0.74 -0.197053
0.725 -0.197082
0.71 -0.197564
0.62 -0.196779
0.66 -0.195446
0.68 -0.19387
0.705 -0.194161
0.665 -0.19339
0.615 -0.193083
0.66 -0.192372
0.68 -0.190158
0.71 -0.189171
0.725 -0.186946
0.7 -0.185036
0.65 -0.183926
0.71 -0.182417
0.645 -0.181925
0.625 -0.18283
0.575 -0.182763
0.535 -0.181928
0.505 -0.182914
0.495 -0.183197
0.54 -0.183303
0.535 -0.180171
0.44 -0.17872
0.425 -0.176203
0.475 -0.175662
0.465 -0.174774
0.485 -0.17126
0.355 -0.169655
0.395 -0.167517
0.395 -0.164633
0.43 -0.163034
0.46 -0.158623
0.39 -0.153248
0.43 -0.147357
0.31 -0.14078
0.405 -0.133635
0.34 -0.124927
0.465 -0.117375
0.445 -0.111834
0.4 -0.104865
0.385 -0.0994831
0.285 -0.0936202
0.27 -0.0888614
0.215 -0.0832043
0.27 -0.0779931
0.24 -0.0735261
0.15 -0.0679975
0.135 -0.0618554
0.11 -0.0556832
0.19 -0.050232
0.175 -0.0427201
0.245 -0.0341582
0.27 -0.026683
0.23 -0.0178603
0.245 -0.00900823
0.235 -0.00176224
0.27 0.0040108
0.245 0.0107269
0.22 0.0174943
0.265 0.0212546
0.305 0.0254468
0.29 0.0297329
0.35 0.0365599
0.36 0.0417848
0.39 0.0473592
0.41 0.0534831
0.39 0.0576373
0.33 0.0613816
0.235 0.0638884
0.285 0.0673787
0.3 0.0676242
0.245 0.070111
0.29 0.0720714
0.195 0.073628
0.21 0.0741706
0.24 0.0745021
0.34 0.0747417
0.39 0.0741312
0.355 0.0756531
0.345 0.0767221
0.39 0.0771126
0.33 0.0766967
0.335 0.0768887
0.385 0.0783135
0.435 0.0800368
0.44 0.0843802
0.42 0.0890035
0.515 0.0943903
0.42 0.101319
0.485 0.108273
0.525 0.115033
0.515 0.119843
0.535 0.12587
0.405 0.131847
0.395 0.137495
0.4 0.144767
0.435 0.149894
0.44 0.154752
0.385 0.158367
0.41 0.162632
0.475 0.166777
0.455 0.168115
0.375 0.167707
0.375 0.164876
0.33 0.164222
0.41 0.16346
0.37 0.162648
0.455 0.160988
0.44 0.158735
0.465 0.158292
0.41 0.157664
0.49 0.157717
0.46 0.155864
0.41 0.155432
0.345 0.155349
0.375 0.154681
0.395 0.154327
0.43 0.155186
0.445 0.155277
0.345 0.154846
0.345 0.155176
0.3 0.155035
0.285 0.156562
0.21 0.15787
0.29 0.161056
0.325 0.16462
0.295 0.16803
0.34 0.172208
0.385 0.177509
0.4 0.183001
0.35 0.189997
0.33 0.196073
0.245 0.201522
0.29 0.20547
0.375 0.206785
0.395 0.209729
0.395 0.211983
0.315 0.214207
0.24 0.216854
0.275 0.220045
0.26 0.22426
0.315 0.228997
0.39 0.232993
0.51 0.235969
0.62 0.239226
0.57 0.24211
0.7 0.244751
0.66 0.248639
0.725 0.253054
0.765 0.255987
0.78 0.261195
0.735 0.265346
0.71 0.270529
0.745 0.275509
0.7 0.279972
0.77 0.285566
0.69 0.288825
0.66 0.292929
0.72 0.294666
0.68 0.29477
0.735 0.295263
0.67 0.296116
0.67 0.298334
0.62 0.30075
0.64 0.301257
0.625 0.299775
0.615 0.297499
0.665 0.294931
0.625 0.293908
0.63 0.291692
0.61 0.290781
0.505 0.289654
0.5 0.287333
0.465 0.283736
0.48 0.280575
0.485 0.279474
0.46 0.278025
0.545 0.276603
0.435 0.275603
0.37 0.272692
0.435 0.269345
0.47 0.268023
0.485 0.268714
0.52 0.267663
0.54 0.265987
0.51 0.263628
0.465 0.261262
0.485 0.26147
0.48 0.263317
0.51 0.267424
0.48 0.269244
0.44 0.272199
0.46 0.275461
0.565 0.277262
0.525 0.276215
0.495 0.273508
0.54 0.27099
0.5 0.269233
0.41 0.267858
0.385 0.266569
0.255 0.266519
0.195 0.267213
0.165 0.267885
0.2 0.268777
0.25 0.268466
0.215 0.268863
0.255 0.271377
0.27 0.272738
0.405 0.273765
0.54 0.275251
0.715 0.275788
0.73 0.273676
0.65 0.272174
0.615 0.270702
0.615 0.270341
0.575 0.271136
0.655 0.271989
0.685 0.272904
0.73 0.273615
0.715 0.273771
0.765 0.275054
0.8 0.274796
0.81 0.272028
0.81 0.26937
0.745 0.264714
0.715 0.258479
0.66 0.25191
0.64 0.245364
0.59 0.242383
0.58 0.239025
0.575 0.236721
0.645 0.23427
0.58 0.230423
0.5 0.226077
0.6 0.221541
0.625 0.217635
0.635 0.212719
0.635 0.207037
0.7 0.203583
0.685 0.203449
0.665 0.202874
0.645 0.198948
0.72 0.195088
0.69 0.190133
0.65 0.185013
0.73 0.178977
0.73 0.176017
0.76 0.172764
0.73 0.17097
0.725 0.171039
0.785 0.170934
0.715 0.170966
0.735 0.168818
0.7 0.167246
0.795 0.165209
0.8 0.162322
0.86 0.159913
0.82 0.158011
0.745 0.156165
0.7 0.154318
0.7 0.151639
0.685 0.148936
0.67 0.146794
0.63 0.14352
0.65 0.140001
0.725 0.136512
0.705 0.13372
0.71 0.130957
0.725 0.129424
0.785 0.127349
0.88 0.123962
0.91 0.119006
0.865 0.113855
0.845 0.109264
0.855 0.103631
0.905 0.097404
0.855 0.0928085
0.835 0.0900339
0.895 0.0889317
0.85 0.0882691
0.88 0.0860583
0.795 0.0849036
0.78 0.0825455
0.76 0.0790532
0.74 0.0758328
0.71 0.0731322
0.73 0.07018
0.77 0.0680004
0.75 0.0657275
0.7 0.0636029
0.68 0.0609554
0.675 0.0577755
0.645 0.0554533
0.685 0.0517446
0.72 0.049294
0.74 0.0485182
0.74 0.048171
0.72 0.0486497
0.755 0.0475889
0.705 0.0486371
0.675 0.0491978
0.68 0.0504146
0.63 0.0519419
0.675 0.0524273
0.65 0.0546553
0.72 0.0570577
0.73 0.0582629
0.765 0.0601145
0.75 0.0644797
0.8 0.070248
0.775 0.0751693
0.79 0.0771041
0.745 0.0784572
0.815 0.0803003
0.775 0.0828488
0.765 0.0875816
0.785 0.0924789
0.745 0.0973796
0.73 0.102866
0.74 0.108924
0.685 0.116309
0.72 0.121861
0.725 0.126584
0.715 0.133736
0.78 0.140697
0.715 0.145679
0.75 0.149966
0.765 0.151657
0.78 0.151581
0.74 0.150221
0.725 0.149133
0.68 0.149546
0.605 0.149274
0.6 0.147671
0.555 0.14659
0.555 0.147846
0.455 0.150412
0.49 0.153068
0.525 0.156308
0.49 0.158564
0.53 0.159741
0.535 0.162292
0.56 0.166526
0.525 0.167553
0.53 0.170785
0.515 0.172519
0.51 0.172144
0.53 0.172683
0.525 0.172593
0.615 0.175129
0.615 0.178046
0.645 0.179023
0.565 0.18145
0.51 0.180487
0.42 0.182253
0.385 0.183727
0.38 0.183159
0.295 0.184057
0.3 0.183422
0.305 0.181681
0.385 0.178785
0.445 0.173961
0.46 0.167185
0.52 0.161734
0.495 0.155006
0.47 0.147731
0.405 0.141372
0.455 0.133787
0.385 0.128337
0.45 0.12244
0.505 0.116655
0.505 0.110227
0.485 0.103178
0.47 0.0969192
0.51 0.0889536
0.43 0.0814623
0.46 0.0727621
0.425 0.0643985
0.38 0.0567868
0.37 0.0496102
0.335 0.0435864
0.355 0.0377976
0.385 0.0333837
0.315 0.0302715
0.26 0.028205
0.26 0.026504
0.29 0.0242293
0.35 0.0222148
0.34 0.0218995
0.275 0.0194105
0.195 0.016016
0.265 0.0122252
0.265 0.00980103
0.235 0.00803771
0.135 0.00696236
0.17 0.00633532
0.2 0.00397864
0.31 0.00243082
0.31 -0.00146434
0.405 -0.00478162
0.4 -0.00651623
0.41 -0.00646112
0.38 -0.00737255
0.365 -0.00842609
0.415 -0.0100181
0.51 -0.0138831
0.525 -0.01837
0.46 -0.0230674
0.495 -0.0284372
0.385 -0.0361266
0.445 -0.0421562
0.46 -0.0449996
0.47 -0.0467783
0.55 -0.0496326
0.4 -0.0545101
0.4 -0.0574962
0.28 -0.0617219
0.235 -0.0651205
0.255 -0.0686698
0.34 -0.0710019
0.285 -0.0717118
0.205 -0.0711486
0.23 -0.0698857
0.22 -0.0699401
0.23 -0.0724518
0.195 -0.0764174
0.32 -0.0791604
0.395 -0.0800039
0.43 -0.0829719
0.38 -0.0870207
0.345 -0.0899479
0.49 -0.0921474
0.46 -0.0937265
0.47 -0.0979431
0.46 -0.101298
0.47 -0.106004
0.485 -0.110437
0.545 -0.115085
0.47 -0.12089
0.505 -0.128776
0.5 -0.135411
0.505 -0.142364
0.5 -0.14946
0.345 -0.156782
0.425 -0.16246
0.47 -0.170108
0.48 -0.174676
0.45 -0.176998
0.515 -0.181926
0.535 -0.187261
0.57 -0.189618
0.58 -0.189707
0.59 -0.189664
0.535 -0.189715
0.5 -0.191063
0.5 -0.194182
0.36 -0.199252
0.355 -0.202456
0.365 -0.203397
0.43 -0.202505
0.51 -0.201627
0.505 -0.200307
0.465 -0.201831
0.5 -0.205749
0.575 -0.208908
0.695 -0.211606
0.71 -0.213317
0.73 -0.217425
0.76 -0.221266
0.765 -0.226309
0.77 -0.230652
0.815 -0.235436
0.75 -0.240416
0.82 -0.242393
0.775 -0.244163
0.84 -0.245525
0.88 -0.250168
0.935 -0.25269
0.925 -0.255343
0.895 -0.255916
0.895 -0.254888
0.905 -0.254977
0.85 -0.256915
0.885 -0.257058
0.88 -0.25547
0.81 -0.254512
0.85 -0.253508
0.87 -0.251362
0.795 -0.24866
0.76 -0.245561
0.72 -0.242055
0.715 -0.239511
0.655 -0.236652
0.715 -0.233957
0.745 -0.231264
0.84 -0.22999
0.78 -0.23051
0.77 -0.230645
0.74 -0.230775
0.67 -0.228991
0.675 -0.228215
0.65 -0.227738
0.69 -0.227077
0.66 -0.225111
0.735 -0.221495
0.735 -0.221224
0.675 -0.222107
0.785 -0.22244
0.72 -0.223073
0.655 -0.222073
0.67 -0.221273
0.735 -0.220104
0.665 -0.218266
0.695 -0.2161
0.66 -0.214823
0.73 -0.212872
0.765 -0.212199
0.75 -0.213096
0.78 -0.212572
0.85 -0.209305
0.855 -0.206571
0.82 -0.204475
0.835 -0.199799
0.83 -0.194679
0.79 -0.190046
0.725 -0.185938
0.795 -0.182663
0.78 -0.179808
0.83 -0.177307
0.855 -0.174681
0.845 -0.171636
0.825 -0.167824
0.875 -0.164383
0.88 -0.162121
0.86 -0.161414
0.765 -0.159185
0.78 -0.157399
0.795 -0.156496
0.825 -0.152869
0.835 -0.149977
0.785 -0.147451
0.855 -0.144801
0.855 -0.141337
0.875 -0.138613
0.88 -0.138381
0.865 -0.139484
0.82 -0.139565
0.75 -0.140086
0.745 -0.140604
0.76 -0.142302
0.715 -0.141951
0.605 -0.141244
0.645 -0.1415
0.685 -0.141018
0.695 -0.141971
0.665 -0.14405
0.705 -0.146466
0.73 -0.148795
0.725 -0.14896
0.78 -0.148361
0.755 -0.148144
0.725 -0.145888
0.76 -0.141712
0.775 -0.138965
0.765 -0.136171
0.715 -0.1347
0.725 -0.131552
0.72 -0.127765
0.71 -0.124847
0.785 -0.121505
0.805 -0.116712
0.77 -0.112301
0.77 -0.107242
0.765 -0.102526
0.77 -0.0958794
0.81 -0.0879
0.79 -0.0813343
0.8 -0.0734787
0.775 -0.0661818
0.825 -0.0621825
0.755 -0.0569787
0.775 -0.0480952
0.72 -0.0405812
0.725 -0.0352777
0.73 -0.0306707
0.755 -0.0269954
0.77 -0.023919
0.71 -0.0184019
0.71 -0.0106655
0.71 -0.00393881
0.67 0.00404897
0.775 0.0122122
0.73 0.0197071
0.765 0.022923
0.775 0.0274388
0.705 0.0331239
0.7 0.038889
0.73 0.045611
0.71 0.0509202
0.74 0.0571422
0.64 0.0621258
0.675 0.0677915
0.645 0.0720329
0.63 0.0741863
0.74 0.0792339
0.72 0.0845764
0.695 0.0913226
0.74 0.0959108
0.71 0.100463
0.665 0.10748
0.63 0.114973
0.665 0.120879
0.69 0.126238
0.74 0.127431
0.74 0.129337
0.79 0.131307
0.73 0.13379
0.73 0.136432
0.695 0.141536
0.705 0.144504
0.66 0.147924
0.65 0.14891
0.72 0.147075
0.645 0.145329
0.645 0.144932
0.725 0.145332
0.72 0.143269
0.66 0.141377
0.595 0.140934
0.575 0.140376
0.605 0.139225
0.645 0.137348
0.63 0.13356
0.59 0.131244
0.67 0.127823
0.61 0.125431
0.72 0.123849
0.71 0.121161
0.695 0.122591
0.775 0.126715
0.75 0.129212
0.735 0.131524
0.67 0.133922
0.64 0.133106
0.66 0.133887
0.645 0.132701
0.745 0.132418
0.72 0.132832
0.775 0.133049
0.77 0.135433
0.805 0.136348
0.8 0.138598
0.8 0.141458
0.835 0.14351
0.87 0.146884
0.9 0.148189
0.92 0.150801
0.895 0.154631
0.87 0.155091
0.835 0.153445
0.9 0.148941
0.855 0.143396
0.815 0.138012
0.765 0.133326
0.745 0.130021
0.71 0.128481
0.715 0.129927
0.7 0.134556
0.7 0.137988
0.685 0.139177
0.7 0.141226
0.635 0.143666
0.655 0.147137
0.61 0.151586
0.595 0.155607
0.6 0.158967
0.595 0.162606
0.665 0.165587
0.665 0.167159
0.62 0.167134
0.585 0.164731
0.575 0.162105
0.54 0.159854
0.59 0.159704
0.64 0.158307
0.685 0.154995
0.64 0.15198
0.59 0.151493
0.645 0.150399
0.64 0.14845
0.64 0.146191
0.655 0.144835
0.69 0.143437
0.69 0.144897
0.7 0.146915
0.665 0.148595
0.63 0.151434
0.655 0.153747
0.72 0.154867
0.715 0.153354
0.835 0.148977
0.825 0.14183
0.815 0.138205
0.815 0.136464
0.77 0.134184
0.785 0.131014
0.83 0.127618
0.755 0.1246
0.76 0.122688
0.83 0.120383
0.82 0.118099
0.805 0.116288
0.835 0.113608
0.805 0.113083
0.72 0.112489
0.73 0.115962
0.715 0.117606
0.675 0.118284
0.635 0.116903
0.645 0.113962
0.7 0.111356
0.7 0.108508
0.71 0.105769
0.7 0.106038
0.72 0.107628
0.69 0.1078
0.705 0.108285
0.705 0.10759
0.775 0.105856
0.785 0.101701
0.755 0.0996897
0.765 0.0959062
0.795 0.09195
0.825 0.0878445
0.82 0.0838715
0.81 0.0801326
0.76 0.0762068
0.775 0.0739377
0.79 0.070266
0.765 0.0686785
0.795 0.0700852
0.825 0.0702445
0.855 0.0700006
0.865 0.0686038
0.865 0.0662217
0.845 0.0656109
0.89 0.0634727
0.84 0.0613326
0.845 0.0599671
0.8 0.0590087
0.785 0.058403
0.745 0.0568318
0.795 0.0558546
0.77 0.0552353
0.705 0.0549105
0.715 0.0542317
0.75 0.0535458
0.72 0.0488578
0.7 0.0444077
0.73 0.0401697
0.75 0.0368218
0.745 0.032313
0.795 0.0296365
0.81 0.0273196
0.795 0.0259155
0.77 0.0233401
0.77 0.0191845
0.775 0.0135214
0.785 0.00797582
0.78 0.00319419
0.77 1.44127e-05
0.795 -0.00126377
0.76 -0.00117779
0.715 0.00086865
0.685 0.00372436
0.685 0.00395409
0.735 0.00283195
0.725 0.00241801
0.7 0.00406428
0.725 0.00448162
0.735 0.00223216
0.75 -0.00213801
0.69 -0.00655917
0.625 -0.0127492
0.68 -0.017577
0.695 -0.0227822
0.745 -0.0282071
0.725 -0.0325036
0.695 -0.0366476
0.665 -0.0392176
0.655 -0.0412085
0.655 -0.0434565
0.68 -0.0461719
0.675 -0.045596
0.63 -0.0433824
0.67 -0.0397586
0.65 -0.0375808
0.685 -0.0383774
0.74 -0.0383252
0.74 -0.0340319
0.705 -0.0307282
0.63 -0.0296963
0.54 -0.0276738
0.515 -0.0250338
0.49 -0.0208797
0.495 -0.0201496
0.52 -0.0193588
0.415 -0.0176825
0.435 -0.0174516
0.375 -0.0185882
0.255 -0.0189141
0.3 -0.0188134
0.34 -0.0193485
0.35 -0.0212878
0.32 -0.0249544
0.36 -0.028386
0.375 -0.0281745
0.31 -0.0260514
0.335 -0.0247451
0.255 -0.0209498
0.37 -0.0170691
0.335 -0.0119629
0.315 -0.00430631
0.34 0.00595978
0.34 0.0153286
0.315 0.02493
0.315 0.0344737
0.33 0.042792
0.365 0.0481855
0.36 0.0553172
0.335 0.0621082
0.295 0.067685
0.28 0.0730666
0.27 0.0762994
0.245 0.0782949
0.27 0.0776703
0.335 0.0787115
0.305 0.0770964
0.28 0.0782313
0.295 0.0815144
0.295 0.0826558
0.3 0.0835627
0.3 0.0833937
0.325 0.0819272
0.3 0.0823054
0.35 0.0808277
0.385 0.0832615
0.395 0.0844893
0.465 0.0866959
0.535 0.0886573
0.495 0.0932958
0.46 0.101554
0.495 0.109141
0.46 0.114613
0.43 0.122108
0.4 0.128998
0.405 0.137375
0.42 0.145677
0.44 0.151889
0.385 0.153175
0.32 0.154752
0.31 0.157028
0.35 0.161139
0.365 0.164651
0.365 0.168037
0.335 0.16871
0.355 0.167455
0.34 0.166024
0.345 0.162607
0.385 0.160621
0.37 0.161676
0.42 0.162681
0.47 0.162989
0.475 0.161635
0.455 0.160585
0.505 0.156941
0.5 0.155046
0.445 0.155178
0.395 0.154747
0.385 0.154809
0.415 0.155944
0.4 0.157063
0.32 0.158973
0.295 0.158419
0.3 0.157226
0.33 0.155621
0.42 0.154853
0.455 0.151694
0.425 0.151744
0.425 0.15035
0.47 0.151213
0.48 0.152008
0.39 0.151776
0.39 0.15106
0.36 0.149967
0.365 0.147275
0.405 0.143082
0.395 0.141414
0.425 0.139891
0.41 0.132692
0.4 0.12415
0.45 0.114902
0.425 0.107223
0.435 0.104969
0.44 0.0998787
0.435 0.0949676
0.415 0.0902297
0.445 0.0873211
0.38 0.0891984
0.41 0.0933151
0.415 0.0995705
0.4 0.104038
0.43 0.106898
0.36 0.111095
0.35 0.116976
0.435 0.121359
0.44 0.125522
0.425 0.130233
0.395 0.134797
0.31 0.143449
0.31 0.151869
0.32 0.158196
0.31 0.164333
0.31 0.166781
0.29 0.168679
0.3 0.169264
0.285 0.167605
0.355 0.169963
0.36 0.173313
0.39 0.174791
0.335 0.171714
0.455 0.166858
0.535 0.160796
0.49 0.152212
0.5 0.140378
0.505 0.13069
0.485 0.121917
0.475 0.114812
0.455 0.10893
0.41 0.105861
0.375 0.106088
0.4 0.10833
0.39 0.11159
0.395 0.115282
0.45 0.115838
0.44 0.113306
0.505 0.112179
0.53 0.113345
0.505 0.11522
0.585 0.116566
0.525 0.11288
0.48 0.108203
0.505 0.102499
0.47 0.099849
0.545 0.0957977
0.485 0.0945194
0.52 0.0909684
0.57 0.0838624
0.585 0.0765036
0.545 0.0698038
0.555 0.0602968
0.495 0.0494739
0.485 0.0398987
0.51 0.0285172
0.5 0.0142101
0.5 0.000380726
0.56 -0.00984486
0.5 -0.0171155
0.61 -0.0245388
0.635 -0.0379363
0.715 -0.0472958
0.68 -0.058965
0.665 -0.0699604
0.79 -0.0818529
0.85 -0.0967754
0.78 -0.106531
0.71 -0.115351
0.69 -0.119993
0.675 -0.128247
0.665 -0.136026
0.64 -0.144744
0.6 -0.150453
0.54 -0.157035
0.63 -0.169948
0.52 -0.182641
0.48 -0.19656
0.47 -0.206043
0.39 -0.219444
0.37 -0.232562
0.405 -0.24535
0.375 -0.258092
0.305 -0.270363
0.33 -0.285087
0.39 -0.296954
0.395 -0.309212
0.395 -0.321976
0.435 -0.332335
0.465 -0.347781
0.33 -0.361084
0.27 -0.373489
0.26 -0.383757
0.285 -0.394014
0.355 -0.404607
0.3 -0.413518
0.355 -0.421914
0.355 -0.426091
0.305 -0.426486
0.35 -0.424621
0.345 -0.424954
0.23 -0.426376
0.215 -0.427551
0.245 -0.434937
0.325 -0.437298
0.315 -0.440549
0.36 -0.441445
0.34 -0.442046
0.3 -0.442281
0.295 -0.439932
0.29 -0.439148
0.3 -0.43699
0.31 -0.434528
0.305 -0.431058
0.3 -0.429154
0.305 -0.426406
0.315 -0.419298
0.33 -0.413002
0.375 -0.406799
0.325 -0.402181
0.315 -0.396044
0.295 -0.39017
0.265 -0.384841
0.285 -0.380417
0.245 -0.379958
0.345 -0.379796
0.33 -0.377381
0.565 -0.375714
0.6 -0.378023
0.565 -0.381958
0.59 -0.380246
0.615 -0.377549
0.69 -0.374244
0.7 -0.372856
0.77 -0.370311
0.77 -0.365295
0.82 -0.35559
0.84 -0.344171
0.805 -0.334539
0.75 -0.329203
0.76 -0.326351
0.71 -0.321711
0.76 -0.316939
0.725 -0.310431
0.74 -0.302658
0.765 -0.299227
0.745 -0.292846
0.745 -0.28424
0.665 -0.279956
0.63 -0.277537
0.6 -0.272442
0.625 -0.26524
0.55 -0.256677
0.56 -0.248949
0.595 -0.243031
0.645 -0.238846
0.635 -0.231844
0.63 -0.222724
0.61 -0.216432
0.62 -0.211537
0.65 -0.205812
0.66 -0.197817
0.66 -0.188758
0.64 -0.175449
0.71 -0.161467
0.7 -0.149645
0.65 -0.134961
0.655 -0.119832
0.655 -0.106664
0.595 -0.0913203
0.605 -0.0756005
0.535 -0.063494
0.545 -0.0499171
0.555 -0.0391863
0.515 -0.0261348
0.465 -0.0157648
0.475 -0.00560438
0.53 -0.000183773
0.45 0.00385941
0.45 0.00979865
0.455 0.0156435
0.535 0.0209512
0.43 0.0234297
0.405 0.029956
0.35 0.0395911
0.41 0.0475575
0.41 0.0545912
0.415 0.0589607
0.275 0.0650554
0.245 0.0726141
0.295 0.0828646
0.27 0.0906182
0.25 0.0977825
0.245 0.106234
0.28 0.119724
0.315 0.131131
0.315 0.143087
0.31 0.156422
0.245 0.168658
0.265 0.180372
0.26 0.192279
0.26 0.204448
0.18 0.216991
0.21 0.223927
0.15 0.224277
0.16 0.225866
0.105 0.224338
0.1 0.223422
0.035 0.222151
0.015 0.224636
0.02 0.225412
0 0.230684
0.05 0.235875
0.12 0.240327
0.02 0.253309
0.005 0.266844
0.045 0.280519
0.075 0.285119
0.15 0.290304
0.17 0.294712
0.265 0.294113
0.245 0.293421
0.17 0.289586
0.21 0.285237
0.165 0.279714
0.135 0.276403
0.18 0.271659
0.26 0.263621
0.305 0.262465
0.39 0.256468
0.4 0.247683
0.45 0.238145
0.445 0.226549
0.465 0.220565
0.39 0.217779
0.34 0.219658
0.31 0.22314
0.36 0.22268
0.445 0.215631
0.545 0.210741
0.49 0.206528
0.445 0.199545
0.425 0.200202
0.52 0.201005
0.62 0.196634
0.595 0.19355
0.61 0.185829
0.59 0.179447
0.545 0.170038
0.615 0.160471
0.605 0.151049
0.66 0.139097
0.75 0.124021
0.7 0.112242
0.775 0.101572
0.7 0.0846035
0.735 0.0671847
0.74 0.0503177
0.81 0.0383242
0.815 0.0307114
0.805 0.0240379
0.845 0.0228487
0.82 0.022405
0.815 0.027324
0.8 0.036404
0.84 0.0477812
0.82 0.0567427
0.84 0.0603171
0.855 0.0680554
0.875 0.0703263
0.885 0.0724749
0.82 0.0745103
0.85 0.0743356
0.765 0.0724866
0.76 0.0671163
0.735 0.0622598
0.73 0.0529885
0.8 0.0400693
0.83 0.0264663
0.885 0.0103445
0.89 -0.00555674
0.805 -0.0176179
0.865 -0.0299515
0.855 -0.0409069
0.87 -0.0530683
0.84 -0.0628963
0.835 -0.0791637
0.765 -0.0885447
0.835 -0.0957624
0.85 -0.0982866
0.79 -0.0933211
0.85 -0.0961384
0.845 -0.0918656
0.865 -0.0809951
0.835 -0.0700532
0.79 -0.0589334
0.815 -0.0537747
0.8 -0.0491209
0.78 -0.0397072
0.675 -0.0295672
0.695 -0.0225327
0.63 -0.0184008
0.56 -0.0248187
0.53 -0.0309052
0.44 -0.0320422
0.435 -0.0356199
0.495 -0.0398076
0.565 -0.0456735
0.6 -0.0555642
0.585 -0.0622431
0.64 -0.0710594
0.71 -0.0770486
0.73 -0.0760712
0.735 -0.0753368
0.765 -0.0713446
0.775 -0.0646565
0.835 -0.0595327
0.89 -0.0564521
0.875 -0.057599
0.915 -0.0573829
0.83 -0.0497928
0.775 -0.037143
0.77 -0.0226814
0.75 -0.0154452
0.765 -0.0154915
0.725 -0.0147543
0.69 -0.00646831
0.695 0.000412362
0.66 0.00199651
0.665 -0.00139305
0.64 -0.00332736
0.615 -0.0119478
0.565 -0.0173871
0.55 -0.0181866
0.55 -0.0212052
0.48 -0.0134099
0.465 -0.00939025
0.54 -0.00675387
0.525 -0.0013404
0.595 -6.5572e-05
0.635 -0.000677755
0.66 -0.00314979
0.67 0.00142881
0.655 0.0132998
0.61 0.0220139
0.61 0.0168672
0.625 0.0142839
0.635 0.0127513
0.66 0.00718718
0.605 0.00683318
0.575 0.00498011
0.575 0.00164252
0.535 0.00454902
0.62 -0.00478305
0.635 -0.00894216
0.59 -0.0191538
0.59 -0.0268189
0.555 -0.0281992
0.49 -0.041394
0.52 -0.0516079
0.53 -0.0562795
0.545 -0.0561591
0.48 -0.0501723
0.485 -0.0400261
0.47 -0.0302212
0.455 -0.0289872
0.375 -0.0300065
0.465 -0.0309088
0.475 -0.0163727
0.475 -0.00747398
0.49 -0.00083458
0.48 0.00356412
0.51 0.000339674
0.45 0.00497195
0.48 0.0130771
0.585 0.0153182
0.51 0.0225002
0.455 0.033204
0.445 0.0390672
0.4 0.0476123
0.5 0.0420574
0.59 0.0419536
0.52 0.0534326
0.43 0.0600609
0.4 0.0534847
0.455 0.0388098
0.55 0.0109919
0.505 -0.0221897
0.55 -0.0437468
0.555 -0.0546187
0.54 -0.0536615
0.53 -0.042416
0.55 -0.0316437
0.635 -0.0365312
0.595 -0.0197158
0.615 -0.00930416
0.64 0.00208214
0.63 0.0197741
0.645 0.0173398
0.635 0.0231493
0.545 0.0164841
0.56 -0.0110637
0.51 -0.0225239
0.475 -0.0297496
0.39 -0.030968
0.31 -0.00379274
0.365 0.0137787
0.42 0.00530454
0.455 0.0157945
0.485 0.0116258
0.525 -0.0154044
0.47 0.00520508
0.505 -0.0148527
0.5 -0.0286445
0.44 0
