0.68 1
0.635 0.977379
0.58 0.956983
0.605 0.938216
0.615 0.920576
0.575 0.903055
0.55 0.886791
0.65 0.870746
0.51 0.855633
0.52 0.841179
0.55 0.826921
0.57 0.81255
0.545 0.79912
0.565 0.786667
0.525 0.775492
0.54 0.764005
0.53 0.752724
0.495 0.740523
0.505 0.72866
0.475 0.71686
0.52 0.705474
0.515 0.694749
0.46 0.684776
0.465 0.674428
0.465 0.664606
0.42 0.653267
0.45 0.641548
0.45 0.629472
0.545 0.618219
0.5 0.607083
0.53 0.597946
0.625 0.589756
0.59 0.581903
0.57 0.573758
0.545 0.566401
0.5 0.558891
0.52 0.551624
0.51 0.544511
0.41 0.537577
0.4 0.531626
0.475 0.525828
0.445 0.519586
0.365 0.512065
0.405 0.505143
0.325 0.497395
0.4 0.4896
0.385 0.482589
0.405 0.47527
0.395 0.467865
0.34 0.4603
0.36 0.452789
0.37 0.445436
0.35 0.438149
0.285 0.430759
0.29 0.423285
0.29 0.415402
0.27 0.40772
0.25 0.400248
0.205 0.39215
0.14 0.384333
0.095 0.376403
0.065 0.368997
0.035 0.362059
0.06 0.355493
0.085 0.349506
0.09 0.342829
0.07 0.335385
0.09 0.327986
0.01 0.320731
0.03 0.314161
0.07 0.307709
0.045 0.302924
0.065 0.298192
0.04 0.29314
0.11 0.287728
0.11 0.282771
0.085 0.276969
0.035 0.271112
0.01 0.266286
0.03 0.26065
0.13 0.255286
0.1 0.249952
0.145 0.245038
0.14 0.240772
0.105 0.236738
0.04 0.232403
0.105 0.228891
0.06 0.225581
0.12 0.220804
0.235 0.21571
0.305 0.209688
0.305 0.203768
0.245 0.197561
0.255 0.192024
0.265 0.185947
0.3 0.180233
0.235 0.174737
0.23 0.169486
0.225 0.163523
0.185 0.158139
0.205 0.153043
0.195 0.148205
0.27 0.142451
0.245 0.137031
0.28 0.131268
0.38 0.12574
0.42 0.119972
0.39 0.114249
0.345 0.108111
0.34 0.101363
0.385 0.0954268
0.42 0.090576
0.375 0.0860133
0.4 0.0817778
0.445 0.0778535
0.425 0.0749627
0.355 0.0713448
0.35 0.0670245
0.3 0.06287
0.335 0.0586055
0.465 0.0547372
0.575 0.0515158
0.555 0.0483643
0.555 0.0459093
0.465 0.0439003
0.5 0.0425087
0.43 0.0414195
0.515 0.0412318
0.45 0.0399757
0.44 0.0379923
0.52 0.0367282
0.595 0.035475
0.575 0.0350929
0.615 0.0339344
0.595 0.0316493
0.65 0.0299569
0.58 0.0288891
0.57 0.0268095
0.485 0.0251725
0.54 0.0252149
0.53 0.0250499
0.555 0.0238542
0.505 0.0222479
0.46 0.021311
0.42 0.0203925
0.405 0.0192324
0.36 0.0191284
0.415 0.0193512
0.405 0.0192035
0.36 0.0188602
0.405 0.0188988
0.36 0.018736
0.3 0.018628
0.42 0.0179871
0.405 0.0170373
0.44 0.0161581
0.365 0.0150923
0.51 0.0147645
0.47 0.0154319
0.43 0.0158866
0.515 0.0160431
0.58 0.0160956
0.56 0.0147529
0.57 0.0143596
0.625 0.0139566
0.545 0.0139064
0.545 0.0139093
0.58 0.0135407
0.545 0.0139222
0.555 0.0148442
0.555 0.0154306
0.565 0.0162819
0.57 0.0168157
0.58 0.0167212
0.54 0.0157478
0.63 0.0146935
0.625 0.0137077
0.66 0.0129185
0.685 0.0115142
0.615 0.0100103
0.545 0.008205
0.58 0.00654833
0.635 0.00488966
0.695 0.00231852
0.71 0.000612511
0.665 -0.00125555
0.72 -0.00326145
0.645 -0.00472403
0.7 -0.00610044
0.72 -0.00706816
0.755 -0.00861293
0.73 -0.0108378
0.755 -0.0131692
0.7 -0.0154985
0.685 -0.0182294
0.69 -0.0205668
0.75 -0.0232126
0.75 -0.0254003
0.815 -0.0272723
0.83 -0.0284255
0.81 -0.0299795
0.795 -0.0326078
0.73 -0.0354757
0.705 -0.0369237
0.76 -0.0386524
0.75 -0.0402627
0.73 -0.0418908
0.785 -0.0430764
0.745 -0.04383
0.76 -0.0446791
0.765 -0.0454832
0.755 -0.0458819
0.675 -0.0461691
0.74 -0.0460443
0.75 -0.0463254
0.74 -0.0462511
0.77 -0.0464208
0.785 -0.0463444
0.83 -0.0472277
0.79 -0.0480511
0.81 -0.04945
0.75 -0.0514944
0.785 -0.0542928
0.74 -0.0565026
0.775 -0.0591233
0.735 -0.0623518
0.755 -0.0659181
0.755 -0.0689523
0.755 -0.0717495
0.74 -0.0744868
0.72 -0.0769081
0.71 -0.0790333
0.71 -0.0814172
0.73 -0.0827057
0.665 -0.0844528
0.68 -0.0853004
0.65 -0.086607
0.725 -0.0886362
0.79 -0.0897629
0.81 -0.0917726
0.78 -0.0932734
0.78 -0.094165
0.775 -0.0944408
0.765 -0.0940943
0.78 -0.0934642
0.715 -0.0923654
0.635 -0.0922181
0.705 -0.0921275
0.71 -0.0922732
0.685 -0.0916911
0.72 -0.0906373
0.68 -0.0877681
0.635 -0.0850003
0.67 -0.0823072
0.695 -0.08051
0.625 -0.0780402
0.66 -0.0764204
0.66 -0.0754656
0.56 -0.0738182
0.465 -0.072666
0.455 -0.0719327
0.57 -0.0707126
0.545 -0.0692782
0.465 -0.0679295
0.56 -0.0668948
0.535 -0.0654782
0.5 -0.0629423
0.49 -0.0610003
0.45 -0.0580949
0.485 -0.0561848
0.455 -0.0552977
0.525 -0.0545791
0.545 -0.0538292
0.665 -0.0511969
0.64 -0.0486014
0.64 -0.0459865
0.635 -0.0443267
0.605 -0.042626
0.535 -0.0411817
0.57 -0.0388241
0.505 -0.0373219
0.475 -0.0366962
0.5 -0.0368836
0.565 -0.0366846
0.52 -0.0361293
0.5 -0.0352532
0.505 -0.0343395
0.565 -0.032277
0.595 -0.0302508
0.56 -0.0287026
0.55 -0.0251012
0.625 -0.02167
0.585 -0.0186361
0.615 -0.0162333
0.63 -0.0131676
0.635 -0.0110529
0.555 -0.00895273
0.655 -0.00570889
0.605 -0.00230726
0.56 0.000851926
0.615 0.00334049
0.655 0.00476672
0.635 0.00614802
0.555 0.00817014
0.57 0.0105455
0.55 0.0123985
0.415 0.0146048
0.38 0.0160275
0.44 0.0181146
0.42 0.0201585
0.36 0.022549
0.385 0.0245996
0.38 0.027107
0.37 0.0286208
0.39 0.0311471
0.35 0.0353882
0.295 0.0401812
0.24 0.043235
0.215 0.0463458
0.2 0.0490082
0.235 0.0517941
0.165 0.0548952
0.185 0.0574291
0.22 0.059948
0.165 0.0630122
0.24 0.0660819
0.265 0.0690428
0.19 0.0708527
0.285 0.0720788
0.27 0.0733149
0.245 0.0749132
0.275 0.0764271
0.325 0.0770335
0.285 0.0780075
0.285 0.0785507
0.335 0.0788416
0.295 0.0790495
0.225 0.0796268
0.18 0.0808154
0.235 0.0820476
0.235 0.0841692
0.26 0.0852563
0.195 0.0859561
0.22 0.0851409
0.28 0.0850141
0.265 0.0851056
0.33 0.0852045
0.335 0.086367
0.38 0.0866462
0.42 0.0866101
0.495 0.0865183
0.555 0.0867337
0.545 0.0873411
0.52 0.0876028
0.48 0.0880228
0.445 0.0877612
0.43 0.0878906
0.46 0.0875245
0.465 0.0872823
0.455 0.0879075
0.47 0.0880661
0.54 0.0888776
0.465 0.0900762
0.48 0.0917346
0.445 0.091946
0.47 0.0922873
0.535 0.0931792
0.5 0.0947903
0.57 0.0961336
0.51 0.0982325
0.48 0.0992789
0.395 0.0997173
0.33 0.100214
0.3 0.0993462
0.305 0.098754
0.21 0.096596
0.25 0.0950672
0.255 0.0935707
0.245 0.092613
0.22 0.0913292
0.2 0.088629
0.17 0.0865285
0.115 0.0846411
0.13 0.0836444
0.1 0.0828536
0.065 0.0821662
0.025 0.0812367
0.06 0.080406
0.105 0.079182
0.105 0.0784985
0.055 0.0786779
0.18 0.078278
0.085 0.0784653
0.03 0.0786944
0.005 0.0790337
0.025 0.0784048
0.105 0.0776069
0.13 0.0769417
0.185 0.0764819
0.075 0.0756182
0.16 0.0743156
0.16 0.0734341
0.145 0.0725239
0.145 0.072506
0.145 0.0723321
0.135 0.0720717
0.07 0.0723929
0.03 0.0730262
0.01 0.074015
0.025 0.0749223
0.11 0.0751305
0.145 0.0756511
0.155 0.0763891
0.155 0.0776877
0.18 0.0774989
0.235 0.0761076
0.175 0.0753208
0.13 0.0747978
0.135 0.0734798
0.11 0.0714442
0.095 0.0701181
0.105 0.0679115
0.08 0.0662848
0.05 0.0655052
0.03 0.0650536
0.04 0.0649907
0.04 0.0644411
0.085 0.0651824
0.075 0.0657473
0.08 0.0667508
0.055 0.0670998
0.075 0.0675315
0.05 0.0676834
0.1 0.0685289
0.08 0.0683423
0.12 0.0680902
0.09 0.0663853
0.08 0.0641636
0.015 0.062761
0.02 0.0617648
0.07 0.0614936
0.085 0.061125
0.145 0.0603576
0.09 0.0594049
0.145 0.0586748
0.26 0.0581713
0.31 0.0570907
0.365 0.0563253
0.295 0.0564784
0.325 0.056261
0.26 0.0560782
0.255 0.0559804
0.3 0.0563333
0.33 0.0569924
0.28 0.0578538
0.31 0.0578889
0.32 0.0578298
0.335 0.0581335
0.335 0.058774
0.29 0.0595946
0.265 0.0601376
0.255 0.0601794
0.22 0.0598668
0.27 0.0593704
0.28 0.058369
0.22 0.0578218
0.245 0.0585928
0.255 0.0584695
0.27 0.0591027
0.24 0.0594131
0.12 0.0592932
0.06 0.0587984
0.03 0.0577758
0.015 0.0579093
0.04 0.0585824
0.07 0.0587446
0.055 0.0592678
0.01 0.0592611
0 0.0581899
0.015 0.0569144
0.075 0.0560504
0.135 0.0540682
0.165 0.0519425
0.095 0.0501121
0.07 0.0495566
0.1 0.0492686
0.065 0.0486974
0.06 0.0486137
0.11 0.0483625
0.17 0.049222
0.11 0.0496005
0.02 0.0493169
0.01 0.0496061
0.045 0.0501668
0.135 0.0504943
0.035 0.0512349
0.04 0.0516621
0.1 0.0525999
0.065 0.0549095
0.065 0.0576537
0.06 0.0591959
0.02 0.0606697
0.015 0.06155
0.04 0.061897
0.025 0.0622218
0.08 0.0625154
0.115 0.0620957
0.065 0.0615596
0.11 0.0615266
0.14 0.0608061
0.02 0.0605065
0.005 0.0601867
0.045 0.0589984
0.06 0.0581856
0.04 0.057775
0.075 0.0571266
0.2 0.0555789
0.145 0.0549957
0.165 0.054038
0.185 0.0533928
0.275 0.0519048
0.265 0.0499589
0.245 0.0480175
0.19 0.0453872
0.24 0.0436672
0.225 0.0425102
0.195 0.0413048
0.13 0.0389744
0.18 0.0370241
0.165 0.0352333
0.125 0.0334984
0.095 0.0310254
0.19 0.0295874
0.17 0.0272433
0.13 0.0249583
0.19 0.0223411
0.095 0.0203949
0.14 0.0176984
0.135 0.0152623
0.085 0.0135694
0.165 0.0115751
0.115 0.00968689
0.065 0.00727052
0.095 0.00545195
0.12 0.00325086
0.12 0.00153094
0.115 -0.000423881
0.2 -0.00305652
0.19 -0.00589895
0.15 -0.0100864
0.16 -0.0143356
0.145 -0.0194464
0.14 -0.0237735
0.2 -0.0275443
0.235 -0.0312743
0.265 -0.0358612
0.345 -0.0386833
0.29 -0.0414187
0.21 -0.043786
0.235 -0.0468335
0.285 -0.0497425
0.28 -0.0528463
0.33 -0.0558847
0.36 -0.0582891
0.41 -0.0611162
0.4 -0.0647253
0.345 -0.0683884
0.375 -0.0720077
0.325 -0.0751734
0.415 -0.0781973
0.475 -0.0815631
0.455 -0.0837962
0.395 -0.0859621
0.47 -0.0881903
0.435 -0.0908765
0.455 -0.0935024
0.45 -0.0950757
0.415 -0.0963828
0.35 -0.0975847
0.38 -0.100223
0.395 -0.10339
0.405 -0.105484
0.375 -0.107407
0.315 -0.11012
0.35 -0.111812
0.335 -0.112377
0.35 -0.112822
0.455 -0.114766
0.555 -0.116793
0.515 -0.118783
0.56 -0.119739
0.6 -0.120889
0.665 -0.122734
0.69 -0.12436
0.645 -0.126102
0.515 -0.12822
0.495 -0.130871
0.5 -0.134468
0.45 -0.137962
0.36 -0.140192
0.355 -0.14307
0.41 -0.14631
0.305 -0.14892
0.345 -0.150906
0.425 -0.153044
0.48 -0.154733
0.57 -0.157126
0.54 -0.159284
0.545 -0.161111
0.57 -0.162721
0.63 -0.164592
0.6 -0.16734
0.605 -0.170543
0.665 -0.173492
0.72 -0.176681
0.67 -0.179533
0.675 -0.181028
0.65 -0.18188
0.675 -0.183735
0.7 -0.185743
0.695 -0.188321
0.78 -0.191399
0.775 -0.194892
0.785 -0.197856
0.83 -0.201804
0.75 -0.205673
0.73 -0.208446
0.65 -0.210979
0.66 -0.213353
0.75 -0.215393
0.79 -0.217569
0.79 -0.221628
0.74 -0.224632
0.72 -0.227604
0.735 -0.230843
0.765 -0.233959
0.73 -0.236777
0.685 -0.239715
0.725 -0.242148
0.745 -0.244872
0.685 -0.247696
0.705 -0.250703
0.675 -0.252524
0.68 -0.254465
0.66 -0.255877
0.745 -0.256347
0.725 -0.255959
0.705 -0.256204
0.73 -0.256139
0.775 -0.254718
0.71 -0.253866
0.635 -0.252629
0.71 -0.250958
0.705 -0.249455
0.605 -0.248861
0.62 -0.24932
0.725 -0.249971
0.73 -0.250871
0.775 -0.251972
0.72 -0.253414
0.75 -0.253332
0.78 -0.253379
0.795 -0.252966
0.835 -0.252081
0.815 -0.250522
0.835 -0.248193
0.865 -0.24652
0.94 -0.245642
0.925 -0.244893
0.875 -0.24319
0.855 -0.241943
0.835 -0.240513
0.855 -0.239831
0.885 -0.238954
0.85 -0.237954
0.78 -0.237245
0.775 -0.236492
0.765 -0.235626
0.72 -0.234677
0.675 -0.233715
0.665 -0.232737
0.67 -0.232642
0.565 -0.232435
0.555 -0.231577
0.64 -0.230241
0.66 -0.228954
0.655 -0.227562
0.65 -0.226178
0.585 -0.2245
0.615 -0.222273
0.58 -0.221102
0.595 -0.219674
0.58 -0.217621
0.585 -0.214666
0.5 -0.212934
0.47 -0.211778
0.475 -0.210271
0.53 -0.208445
0.535 -0.206536
0.545 -0.203839
0.47 -0.200748
0.67 -0.197408
0.665 -0.193538
0.725 -0.189245
0.73 -0.184779
0.795 -0.180731
0.835 -0.176026
0.79 -0.171873
0.78 -0.168344
0.77 -0.165156
0.78 -0.161583
0.77 -0.158206
0.765 -0.155553
0.78 -0.151786
0.765 -0.148243
0.775 -0.144946
0.765 -0.142249
0.745 -0.138275
0.7 -0.133604
0.685 -0.128972
0.795 -0.125144
0.79 -0.121962
0.74 -0.119011
0.74 -0.116168
0.775 -0.112381
0.78 -0.108865
0.735 -0.105333
0.685 -0.102667
0.68 -0.0999876
0.705 -0.0969492
0.7 -0.0939452
0.72 -0.090922
0.745 -0.086471
0.73 -0.082837
0.65 -0.0790634
0.7 -0.0757088
0.695 -0.072658
0.715 -0.0702001
0.78 -0.066522
0.775 -0.062721
0.82 -0.0590706
0.765 -0.0544321
0.745 -0.0500079
0.695 -0.0447655
0.8 -0.0397892
0.795 -0.0352008
0.78 -0.0315196
0.74 -0.0276702
0.72 -0.023842
0.76 -0.0210542
0.77 -0.0178874
0.8 -0.0151104
0.765 -0.0122961
0.705 -0.00831379
0.655 -0.00447748
0.63 -0.00190397
0.645 0.00111796
0.715 0.00401587
0.67 0.00723319
0.59 0.00869863
0.65 0.0111118
0.7 0.0126188
0.635 0.0137397
0.7 0.0151975
0.69 0.0167915
0.68 0.0173155
0.685 0.0173241
0.76 0.0176413
0.775 0.0177127
0.735 0.01677
0.685 0.015254
0.68 0.0124686
0.665 0.0102761
0.665 0.00601367
0.74 0.00254174
0.76 -9.77927e-05
0.765 -0.00170665
0.79 -0.00168846
0.81 -0.00099371
0.84 -0.00057816
0.79 0.000482162
0.76 0.00251736
0.77 0.00395198
0.74 0.00480589
0.705 0.00575426
0.705 0.00712011
0.725 0.00853048
0.645 0.00973029
0.65 0.0126829
0.69 0.0159368
0.695 0.019286
0.75 0.0215962
0.735 0.0235825
0.74 0.0251518
0.78 0.0274202
0.74 0.0299898
0.715 0.0328495
0.715 0.0356194
0.65 0.038186
0.675 0.0412298
0.695 0.0439426
0.74 0.0466826
0.69 0.0501314
0.75 0.0527539
0.7 0.0556129
0.685 0.0578693
0.74 0.0600637
0.61 0.0619788
0.595 0.0632392
0.74 0.0636954
0.695 0.0629363
0.725 0.0630954
0.735 0.0621538
0.715 0.0601233
0.755 0.0589221
0.7 0.0577626
0.695 0.0581139
0.67 0.0577326
0.66 0.0571837
0.625 0.0563348
0.62 0.0573881
0.59 0.0584104
0.61 0.0595988
0.595 0.0619107
0.64 0.0631965
0.61 0.0642167
0.54 0.0668041
0.55 0.0685634
0.535 0.0688866
0.485 0.0698622
0.51 0.0706229
0.485 0.0718515
0.465 0.0731028
0.405 0.074245
0.495 0.0762901
0.54 0.0779464
0.575 0.0796697
0.695 0.0817073
0.78 0.0843975
0.82 0.0864455
0.79 0.0884654
0.725 0.0907498
0.79 0.0925045
0.76 0.0933943
0.765 0.094076
0.71 0.0945318
0.685 0.0952978
0.7 0.0968909
0.71 0.0977426
0.64 0.096708
0.635 0.0963836
0.555 0.096062
0.495 0.0956039
0.52 0.095323
0.54 0.0956966
0.505 0.0941857
0.535 0.0927322
0.52 0.0911377
0.555 0.0895768
0.5 0.0876267
0.54 0.0857532
0.615 0.0844126
0.5 0.0837181
0.46 0.0830439
0.475 0.0823913
0.41 0.0806491
0.47 0.0798012
0.53 0.078528
0.485 0.07837
0.475 0.0783088
0.36 0.0773888
0.355 0.0767416
0.48 0.0768839
0.505 0.0777389
0.495 0.0785974
0.485 0.0790639
0.54 0.0794851
0.55 0.0804354
0.545 0.0818982
0.59 0.084382
0.67 0.0867349
0.715 0.0879375
0.705 0.0889789
0.72 0.0895881
0.72 0.0912004
0.675 0.0928241
0.57 0.0937852
0.595 0.0943149
0.565 0.0945448
0.6 0.094768
0.63 0.0959087
0.66 0.0958822
0.695 0.096083
0.665 0.096414
0.695 0.0968715
0.755 0.0978701
0.725 0.0979295
0.695 0.0978629
0.66 0.0984456
0.645 0.0987923
0.65 0.0992224
0.72 0.0990281
0.685 0.0988777
0.755 0.0996017
0.79 0.0990818
0.72 0.0987115
0.74 0.0973151
0.755 0.096715
0.8 0.0956488
0.725 0.0953892
0.71 0.0952989
0.805 0.0941897
0.73 0.0933791
0.72 0.0922208
0.705 0.090539
0.545 0.0913349
0.545 0.0909242
0.615 0.0917347
0.675 0.0918208
0.675 0.0922678
0.675 0.092791
0.68 0.092971
0.675 0.0926064
0.675 0.0921125
0.605 0.0911699
0.575 0.0909755
0.645 0.0906249
0.645 0.0897276
0.605 0.0886468
0.655 0.0878622
0.69 0.0876411
0.655 0.0877994
0.7 0.0876401
0.68 0.0889167
0.635 0.0897128
0.64 0.0900081
0.615 0.0892084
0.685 0.0878293
0.64 0.0854808
0.61 0.0837235
0.59 0.0816116
0.7 0.0793948
0.715 0.0770709
0.725 0.0747369
0.745 0.0726807
0.745 0.06926
0.705 0.0668422
0.695 0.0640896
0.62 0.0618577
0.58 0.0594954
0.585 0.0569724
0.625 0.0540537
0.59 0.050409
0.6 0.0484269
0.555 0.0448467
0.585 0.0419615
0.575 0.039416
0.595 0.0374126
0.54 0.0357249
0.585 0.0351094
0.65 0.0336269
0.665 0.033232
0.705 0.0324056
0.7 0.0306066
0.705 0.028596
0.605 0.0266256
0.62 0.0246607
0.625 0.0223803
0.7 0.0209718
0.745 0.0199483
0.63 0.0186615
0.59 0.0172371
0.575 0.0156026
0.515 0.0145391
0.48 0.0148096
0.46 0.0148716
0.465 0.0153848
0.43 0.0165269
0.445 0.0165274
0.37 0.0163316
0.32 0.0164895
0.265 0.0171228
0.285 0.0178359
0.34 0.0181011
0.385 0.018345
0.345 0.0179364
0.33 0.0175855
0.375 0.0178068
0.39 0.0176011
0.345 0.0182908
0.25 0.0178483
0.255 0.0160518
0.255 0.0156044
0.245 0.0151222
0.19 0.015278
0.2 0.0152644
0.155 0.0152704
0.135 0.0152447
0.15 0.0155418
0.18 0.0161676
0.245 0.0163931
0.295 0.0161765
0.22 0.0155768
0.175 0.0146093
0.18 0.0142026
0.22 0.0151693
0.175 0.017117
0.255 0.0199849
0.255 0.0226937
0.25 0.0231671
0.225 0.022193
0.22 0.0219297
0.175 0.0216716
0.18 0.0214124
0.225 0.0218101
0.28 0.0209097
0.2 0.0208172
0.355 0.0195498
0.225 0.0176269
0.355 0.0156179
0.32 0.0137338
0.31 0.0122014
0.315 0.0102161
0.335 0.00979501
0.435 0.00896677
0.43 0.00678029
0.475 0.00503096
0.49 0.00235556
0.535 -0.00146127
0.49 -0.0059333
0.535 -0.00917142
0.55 -0.0125424
0.66 -0.0146883
0.705 -0.0164233
0.63 -0.0179541
0.61 -0.018327
0.61 -0.0191244
0.64 -0.0204294
0.69 -0.022873
0.735 -0.0258294
0.725 -0.02728
0.75 -0.0298151
0.76 -0.0327803
0.76 -0.0352322
0.75 -0.0378145
0.705 -0.0399449
0.71 -0.0420625
0.77 -0.0425291
0.78 -0.0429195
0.735 -0.0431599
0.715 -0.043146
0.63 -0.042567
0.635 -0.0423491
0.64 -0.0417944
0.67 -0.0407819
0.745 -0.0395824
0.76 -0.0377798
0.805 -0.034837
0.765 -0.0307576
0.73 -0.0268395
0.62 -0.0231294
0.605 -0.0196779
0.59 -0.0158506
0.515 -0.0135419
0.505 -0.0112287
0.69 -0.0090918
0.795 -0.00762189
0.765 -0.00642841
0.7 -0.00540696
0.705 -0.00312902
0.675 -0.00171642
0.655 -0.00016509
0.675 0.00155887
0.795 0.00341229
0.745 0.00463002
0.705 0.00623047
0.755 0.00709869
0.735 0.00726708
0.735 0.00778714
0.715 0.00921589
0.74 0.0107881
0.725 0.0124798
0.73 0.0149868
0.71 0.0170988
0.745 0.0181593
0.695 0.0191983
0.66 0.0202009
0.57 0.0216376
0.555 0.0230935
0.61 0.0248784
0.64 0.025546
0.65 0.0255656
0.635 0.0256844
0.73 0.0263219
0.72 0.0263622
0.74 0.0262196
0.69 0.0259385
0.69 0.0253595
0.735 0.0242435
0.805 0.0238881
0.79 0.0224113
0.8 0.0214927
0.845 0.0199481
0.88 0.0185993
0.885 0.0179233
0.9 0.017567
0.9 0.0174716
0.925 0.017894
0.915 0.0176017
0.89 0.0171895
0.845 0.0171023
0.775 0.0160409
0.765 0.0164752
0.77 0.0168426
0.81 0.0187876
0.755 0.0205927
0.83 0.02173
0.9 0.0222093
0.87 0.022279
0.905 0.0227123
0.86 0.0243564
0.855 0.025846
0.9 0.0286791
0.89 0.0304716
0.93 0.0323786
0.925 0.033271
0.885 0.0330113
0.83 0.0330009
0.81 0.0338469
0.83 0.0349779
0.81 0.0358963
0.725 0.0366383
0.695 0.0379005
0.565 0.0378265
0.585 0.0370991
0.645 0.0363644
0.64 0.0352996
0.625 0.0345239
0.655 0.0354757
0.685 0.0360861
0.625 0.0372331
0.61 0.0376374
0.665 0.0378814
0.655 0.0382346
0.655 0.037701
0.615 0.0362169
0.685 0.0356897
0.755 0.036436
0.76 0.0373702
0.77 0.0364099
0.69 0.0360082
0.71 0.0348399
0.725 0.0332956
0.705 0.0332336
0.655 0.0324812
0.595 0.0315352
0.565 0.0300885
0.53 0.0282875
0.54 0.0263803
0.495 0.0245597
0.545 0.023237
0.485 0.0206649
0.495 0.018158
0.5 0.0157583
0.515 0.0136718
0.495 0.0118488
0.61 0.0102908
0.65 0.00870923
0.715 0.00722582
0.74 0.00570515
0.795 0.00412312
0.805 0.00304912
0.8 0.00299229
0.81 0.00333067
0.825 0.00270961
0.83 0.00158208
0.805 0.00138295
0.8 0.000392206
0.78 -0.000417968
0.755 -0.000168994
0.665 -0.000165019
0.755 -0.000589529
0.755 -0.00198955
0.77 -0.00252111
0.71 -0.0035153
0.755 -0.00460397
0.81 -0.00582177
0.805 -0.00789883
0.795 -0.0103356
0.75 -0.0123612
0.725 -0.0137148
0.745 -0.0161002
0.83 -0.0188161
0.83 -0.0209771
0.825 -0.0208273
0.8 -0.0208926
0.795 -0.0218093
0.805 -0.0223976
0.815 -0.0233412
0.79 -0.0250116
0.815 -0.0276235
0.785 -0.029718
0.765 -0.0322273
0.73 -0.0346917
0.77 -0.0366274
0.825 -0.0376873
0.815 -0.0395549
0.82 -0.0413703
0.83 -0.0422874
0.845 -0.0426953
0.875 -0.0423849
0.845 -0.0434667
0.84 -0.0441301
0.845 -0.0454532
0.84 -0.0459394
0.845 -0.0461907
0.78 -0.0454595
0.73 -0.0455337
0.735 -0.0462756
0.715 -0.047014
0.805 -0.048587
0.83 -0.0494008
0.84 -0.0510963
0.825 -0.052491
0.78 -0.0531476
0.865 -0.0518774
0.825 -0.0507296
0.74 -0.0495189
0.69 -0.0491944
0.64 -0.0493553
0.67 -0.0494623
0.7 -0.0493956
0.66 -0.0494078
0.685 -0.0482701
0.7 -0.0467207
0.72 -0.0457996
0.735 -0.0458043
0.715 -0.0458456
0.815 -0.0455134
0.815 -0.0459321
0.745 -0.0450335
0.715 -0.0455522
0.72 -0.0461919
0.76 -0.0455907
0.765 -0.0464091
0.785 -0.0465037
0.83 -0.0470392
0.805 -0.0479764
0.805 -0.0496751
0.78 -0.0502824
0.825 -0.0519207
0.79 -0.0520162
0.79 -0.0508608
0.8 -0.0501423
0.82 -0.0492966
0.825 -0.0489526
0.795 -0.0480844
0.815 -0.0467179
0.735 -0.0458569
0.765 -0.0444028
0.695 -0.0430062
0.69 -0.0415384
0.75 -0.0406873
0.77 -0.0402218
0.7 -0.0398182
0.68 -0.0386368
0.67 -0.0383684
0.55 -0.0372442
0.565 -0.0361787
0.59 -0.0350054
0.635 -0.0343256
0.63 -0.0345674
0.65 -0.034135
0.625 -0.0340825
0.6 -0.0342818
0.595 -0.0343778
0.505 -0.0345938
0.605 -0.03448
0.64 -0.0340694
0.665 -0.0336107
0.69 -0.0314343
0.635 -0.0295982
0.585 -0.0268507
0.625 -0.0256132
0.52 -0.0249404
0.65 -0.0259761
0.68 -0.0271342
0.625 -0.0276451
0.64 -0.0276655
0.635 -0.0264818
0.645 -0.0262998
0.625 -0.0267611
0.595 -0.0265018
0.595 -0.0265262
0.63 -0.0270978
0.615 -0.0266435
0.645 -0.0253353
0.645 -0.024818
0.59 -0.0241403
0.555 -0.0227637
0.54 -0.0225749
0.61 -0.0217558
0.58 -0.0209131
0.495 -0.020298
0.49 -0.0191359
0.455 -0.0182301
0.46 -0.0176148
0.44 -0.0176135
0.4 -0.0170245
0.37 -0.0155482
0.485 -0.0144781
0.57 -0.0129638
0.535 -0.0112207
0.485 -0.00793728
0.61 -0.00586852
0.64 -0.00326606
0.67 -0.000386287
0.68 0.0010791
0.62 0.00269223
0.545 0.00357879
0.545 0.00520804
0.505 0.00704676
0.365 0.00897618
0.43 0.011048
0.4 0.0137426
0.37 0.0161775
0.34 0.0172273
0.335 0.0194281
0.285 0.0215397
0.265 0.0230495
0.265 0.0258109
0.305 0.0287835
0.315 0.0319704
0.275 0.0344599
0.32 0.0379477
0.38 0.039788
0.425 0.0407804
0.455 0.0409488
0.445 0.0424128
0.465 0.0440313
0.46 0.0465461
0.5 0.0482268
0.49 0.0495593
0.44 0.050541
0.44 0.0509752
0.475 0.050981
0.445 0.0494782
0.53 0.0483067
0.56 0.0493021
0.58 0.0506819
0.505 0.0510631
0.52 0.0504897
0.495 0.0499754
0.5 0.0499599
0.465 0.0493078
0.495 0.0479366
0.505 0.0471709
0.515 0.0452063
0.615 0.0425388
0.645 0.0390421
0.71 0.0354984
0.815 0.0320267
0.785 0.0279965
0.765 0.0246783
0.765 0.0218707
0.79 0.018129
0.76 0.0157431
0.76 0.0136058
0.775 0.0109856
0.71 0.00671022
0.745 0.0026144
0.8 -0.000932565
0.785 -0.0058453
0.825 -0.00950635
0.765 -0.0124863
0.78 -0.0149747
0.8 -0.0179512
0.85 -0.0209498
0.84 -0.025117
0.82 -0.0290213
0.815 -0.0322161
0.805 -0.0371582
0.82 -0.0424897
0.78 -0.0480497
0.775 -0.0533771
0.745 -0.0584604
0.7 -0.0626022
0.68 -0.0668754
0.655 -0.0698385
0.66 -0.0735145
0.645 -0.0767563
0.685 -0.0801533
0.665 -0.0842995
0.66 -0.0875934
0.63 -0.091283
0.665 -0.0949417
0.675 -0.0985188
0.755 -0.101419
0.755 -0.104473
0.745 -0.106605
0.73 -0.109497
0.745 -0.114214
0.76 -0.119116
0.74 -0.124427
0.795 -0.128692
0.83 -0.132095
0.8 -0.135217
0.715 -0.137817
0.665 -0.139749
0.61 -0.140769
0.615 -0.142019
0.705 -0.141938
0.695 -0.141962
0.68 -0.141637
0.67 -0.140433
0.695 -0.140535
0.69 -0.1402
0.725 -0.139336
0.755 -0.138921
0.74 -0.139092
0.665 -0.139113
0.62 -0.138872
0.6 -0.138397
0.63 -0.138509
0.66 -0.139127
0.615 -0.139191
0.615 -0.140783
0.595 -0.142957
0.535 -0.14378
0.525 -0.144812
0.545 -0.146456
0.585 -0.147626
0.565 -0.148235
0.58 -0.151476
0.57 -0.154361
0.555 -0.156302
0.575 -0.159122
0.595 -0.162063
0.575 -0.164424
0.525 -0.166535
0.55 -0.168791
0.525 -0.17049
0.505 -0.1741
0.475 -0.178111
0.49 -0.181771
0.625 -0.185325
0.625 -0.188225
0.635 -0.191106
0.605 -0.193964
0.555 -0.196963
0.56 -0.199654
0.585 -0.20304
0.56 -0.205786
0.52 -0.207657
0.475 -0.209674
0.545 -0.210964
0.535 -0.212245
0.505 -0.213735
0.54 -0.215473
0.53 -0.217186
0.51 -0.218292
0.44 -0.219561
0.4 -0.219829
0.46 -0.218769
0.405 -0.218171
0.38 -0.218037
0.51 -0.218356
0.595 -0.218638
0.635 -0.218708
0.6 -0.2191
0.585 -0.22014
0.56 -0.219169
0.595 -0.219479
0.67 -0.22016
0.68 -0.220169
0.625 -0.220007
0.625 -0.220863
0.565 -0.222642
0.585 -0.223773
0.53 -0.223759
0.46 -0.223424
0.38 -0.222727
0.355 -0.22252
0.36 -0.222544
0.35 -0.22256
0.275 -0.222656
0.265 -0.22371
0.325 -0.224692
0.39 -0.224289
0.39 -0.223547
0.41 -0.2228
0.485 -0.221334
0.425 -0.220924
0.41 -0.219763
0.41 -0.218195
0.38 -0.216759
0.415 -0.214836
0.405 -0.213858
0.33 -0.213581
0.355 -0.212835
0.42 -0.211928
0.41 -0.211133
0.455 -0.209858
0.48 -0.207922
0.455 -0.206125
0.405 -0.20509
0.4 -0.202756
0.375 -0.199407
0.4 -0.196199
0.405 -0.193008
0.45 -0.189178
0.49 -0.185374
0.485 -0.18063
0.49 -0.17556
0.605 -0.171284
0.6 -0.167052
0.605 -0.162573
0.495 -0.159227
0.465 -0.157784
0.405 -0.156785
0.405 -0.156165
0.405 -0.156603
0.355 -0.156662
0.315 -0.157005
0.435 -0.157938
0.45 -0.157628
0.445 -0.157152
0.445 -0.15806
0.355 -0.158806
0.33 -0.159848
0.335 -0.161199
0.4 -0.162234
0.475 -0.162752
0.46 -0.162936
0.49 -0.163062
0.37 -0.16385
0.4 -0.165194
0.395 -0.166324
0.415 -0.167833
0.375 -0.169408
0.405 -0.171689
0.45 -0.174949
0.41 -0.179152
0.4 -0.182773
0.4 -0.186421
0.375 -0.189356
0.525 -0.191268
0.635 -0.193385
0.64 -0.19553
0.675 -0.19639
0.67 -0.196537
0.6 -0.197164
0.61 -0.197502
0.58 -0.197775
0.63 -0.199823
0.665 -0.200892
0.695 -0.201913
0.74 -0.203009
0.72 -0.205243
0.705 -0.207955
0.71 -0.210691
0.68 -0.213033
0.69 -0.216276
0.68 -0.219505
0.695 -0.222283
0.71 -0.225855
0.72 -0.228698
0.625 -0.231817
0.565 -0.234828
0.635 -0.238553
0.62 -0.242117
0.64 -0.245435
0.595 -0.24844
0.57 -0.251897
0.555 -0.25547
0.575 -0.25889
0.515 -0.262101
0.505 -0.265317
0.54 -0.268167
0.515 -0.269866
0.52 -0.270564
0.405 -0.271397
0.44 -0.272532
0.415 -0.272651
0.385 -0.272416
0.33 -0.27281
0.38 -0.271335
0.45 -0.269814
0.445 -0.267015
0.485 -0.264136
0.52 -0.260683
0.395 -0.258577
0.465 -0.256712
0.375 -0.253807
0.39 -0.250249
0.42 -0.246337
0.525 -0.242272
0.56 -0.239211
0.485 -0.235847
0.45 -0.231372
0.375 -0.227202
0.41 -0.222887
0.465 -0.218613
0.365 -0.215566
0.415 -0.213633
0.42 -0.210899
0.51 -0.207168
0.48 -0.203193
0.49 -0.199769
0.375 -0.197234
0.455 -0.195016
0.38 -0.192489
0.405 -0.190378
0.47 -0.188173
0.56 -0.186132
0.56 -0.184405
0.53 -0.183713
0.465 -0.184246
0.5 -0.183625
0.425 -0.182071
0.4 -0.181544
0.37 -0.18047
0.4 -0.178669
0.42 -0.17792
0.41 -0.176501
0.43 -0.175224
0.345 -0.173748
0.36 -0.172255
0.4 -0.170298
0.39 -0.167363
0.335 -0.165592
0.395 -0.164189
0.375 -0.162409
0.44 -0.160385
0.365 -0.158696
0.375 -0.156429
0.445 -0.154978
0.5 -0.153767
0.495 -0.152447
0.485 -0.149516
0.45 -0.146455
0.45 -0.142561
0.555 -0.138651
0.6 -0.133964
0.63 -0.130054
0.64 -0.127511
0.715 -0.124162
0.72 -0.121908
0.695 -0.119878
0.74 -0.117639
0.785 -0.114729
0.675 -0.112788
0.715 -0.110467
0.71 -0.107897
0.695 -0.105652
0.66 -0.105042
0.645 -0.104428
0.685 -0.103655
0.665 -0.102149
0.62 -0.0988683
0.54 -0.0944481
0.55 -0.090612
0.59 -0.0872966
0.57 -0.0844854
0.6 -0.0812467
0.565 -0.0777118
0.63 -0.0750496
0.605 -0.0702976
0.575 -0.0652473
0.495 -0.0597416
0.555 -0.0548996
0.595 -0.0519409
0.61 -0.0499831
0.72 -0.0466551
0.72 -0.0437241
0.72 -0.0416502
0.745 -0.040021
0.68 -0.0382042
0.66 -0.0357194
0.67 -0.0328736
0.635 -0.0299789
0.635 -0.0263445
0.655 -0.0233165
0.61 -0.0195601
0.615 -0.0158901
0.71 -0.0119057
0.695 -0.00819347
0.695 -0.00424641
0.65 -0.00112307
0.62 0.00108648
0.675 0.00246357
0.65 0.00356692
0.665 0.00521902
0.695 0.00670898
0.64 0.00898792
0.675 0.00991324
0.715 0.0103817
0.725 0.0105207
0.695 0.0106905
0.63 0.00972706
0.645 0.00991987
0.705 0.0107254
0.67 0.0118865
0.68 0.0126831
0.64 0.0126377
0.64 0.0132517
0.57 0.0141369
0.625 0.0146234
0.585 0.0148156
0.53 0.0142514
0.585 0.0132105
0.64 0.0123509
0.69 0.0111625
0.71 0.00921896
0.745 0.00878774
0.805 0.00768285
0.84 0.00708311
0.82 0.00597187
0.82 0.00426283
0.8 0.0025009
0.73 0.000189582
0.81 -0.00250333
0.83 -0.0056443
0.865 -0.00786903
0.835 -0.00927897
0.875 -0.0112507
0.875 -0.0110568
0.85 -0.0108859
0.83 -0.0109626
0.875 -0.0113327
0.905 -0.0128358
0.885 -0.0155148
0.87 -0.0182276
0.835 -0.0195434
0.83 -0.0205033
0.83 -0.0217498
0.81 -0.0241226
0.82 -0.025985
0.83 -0.0268688
0.865 -0.0284119
0.91 -0.0299326
0.91 -0.0311074
0.83 -0.0317292
0.825 -0.0321611
0.795 -0.0332045
0.8 -0.03623
0.86 -0.039604
0.865 -0.0428811
0.88 -0.0458605
0.89 -0.0496628
0.855 -0.0536788
0.84 -0.057378
0.835 -0.0605773
0.79 -0.0636456
0.805 -0.0674791
0.785 -0.070886
0.725 -0.0746395
0.655 -0.0756093
0.62 -0.0761377
0.62 -0.0763297
0.63 -0.0759642
0.545 -0.075056
0.57 -0.074316
0.515 -0.0741598
0.64 -0.0749188
0.685 -0.0742443
0.615 -0.0724889
0.58 -0.0702473
0.6 -0.0692091
0.495 -0.0680181
0.475 -0.0666894
0.505 -0.0663959
0.57 -0.0664135
0.615 -0.06658
0.67 -0.0671275
0.695 -0.0687502
0.735 -0.0699167
0.73 -0.070886
0.74 -0.0721962
0.78 -0.0735188
0.74 -0.0755389
0.72 -0.0770011
0.715 -0.0794584
0.705 -0.0819281
0.745 -0.0841964
0.69 -0.0864126
0.675 -0.0886858
0.65 -0.0916364
0.6 -0.0939817
0.65 -0.0966325
0.675 -0.0994238
0.705 -0.102651
0.725 -0.105151
0.655 -0.107963
0.605 -0.110401
0.615 -0.113312
0.67 -0.118048
0.735 -0.12185
0.765 -0.126686
0.75 -0.130836
0.815 -0.133501
0.785 -0.135086
0.73 -0.136863
0.695 -0.137476
0.72 -0.138417
0.715 -0.14013
0.625 -0.141256
0.62 -0.142519
0.61 -0.144285
0.625 -0.145847
0.66 -0.147012
0.63 -0.149283
0.515 -0.152096
0.59 -0.153168
0.65 -0.153732
0.665 -0.153464
0.605 -0.152958
0.65 -0.151448
0.61 -0.149802
0.65 -0.148046
0.685 -0.147031
0.68 -0.145895
0.62 -0.145634
0.555 -0.146005
0.57 -0.146603
0.58 -0.146159
0.61 -0.145912
0.585 -0.147155
0.58 -0.147586
0.59 -0.147518
0.565 -0.147241
0.635 -0.147658
0.545 -0.148351
0.58 -0.149302
0.615 -0.150488
0.61 -0.151638
0.625 -0.153962
0.75 -0.156378
0.745 -0.157382
0.74 -0.158645
0.73 -0.159756
0.695 -0.160574
0.63 -0.160608
0.62 -0.160714
0.575 -0.161634
0.6 -0.163722
0.675 -0.16507
0.675 -0.165238
0.715 -0.166031
0.715 -0.16693
0.755 -0.167597
0.735 -0.166931
0.69 -0.167028
0.74 -0.166707
0.675 -0.164973
0.565 -0.164411
0.54 -0.162806
0.525 -0.160991
0.52 -0.159265
0.53 -0.157746
0.46 -0.157336
0.5 -0.156278
0.52 -0.15712
0.45 -0.157615
0.425 -0.157672
0.445 -0.156548
0.38 -0.154838
0.425 -0.153737
0.395 -0.152366
0.45 -0.151828
0.375 -0.150924
0.38 -0.151896
0.42 -0.152342
0.53 -0.153065
0.535 -0.154079
0.57 -0.154536
0.595 -0.156559
0.59 -0.158081
0.615 -0.159001
0.555 -0.158389
0.59 -0.157169
0.665 -0.156201
0.7 -0.154428
0.785 -0.153716
0.74 -0.152311
0.765 -0.150333
0.735 -0.148299
0.71 -0.145092
0.75 -0.14205
0.72 -0.139158
0.745 -0.136611
0.765 -0.134817
0.735 -0.132759
0.69 -0.131316
0.69 -0.129736
0.73 -0.129064
0.775 -0.12835
0.75 -0.127671
0.73 -0.126144
0.76 -0.124831
0.795 -0.124506
0.775 -0.124238
0.705 -0.12406
0.76 -0.12463
0.815 -0.126234
0.795 -0.127396
0.75 -0.126975
0.795 -0.127157
0.82 -0.127523
0.82 -0.127634
0.805 -0.127789
0.835 -0.12944
0.8 -0.131164
0.81 -0.134024
0.675 -0.136644
0.67 -0.139898
0.715 -0.142214
0.745 -0.144268
0.75 -0.144987
0.765 -0.146004
0.795 -0.145952
0.825 -0.145717
0.785 -0.145454
0.79 -0.145447
0.745 -0.146675
0.815 -0.147647
0.825 -0.148687
0.795 -0.150551
0.755 -0.15285
0.79 -0.154713
0.81 -0.155283
0.83 -0.155484
0.77 -0.157184
0.68 -0.157834
0.74 -0.158461
0.74 -0.158589
0.775 -0.157885
0.83 -0.156413
0.81 -0.15463
0.66 -0.151616
0.705 -0.147525
0.735 -0.144576
0.705 -0.140793
0.75 -0.136882
0.755 -0.133059
0.78 -0.130376
0.745 -0.12952
0.75 -0.127935
0.68 -0.12698
0.765 -0.126874
0.81 -0.127131
0.745 -0.128075
0.775 -0.130196
0.735 -0.132472
0.755 -0.134347
0.705 -0.136128
0.745 -0.138741
0.725 -0.140105
0.725 -0.140077
0.635 -0.137948
0.515 -0.135418
0.6 -0.131227
0.655 -0.127407
0.615 -0.125516
0.58 -0.12491
0.68 -0.123738
0.72 -0.122761
0.68 -0.1213
0.755 -0.12142
0.66 -0.120447
0.695 -0.119305
0.67 -0.118446
0.715 -0.118131
0.71 -0.115946
0.69 -0.113815
0.625 -0.113374
0.64 -0.112658
0.675 -0.112391
0.68 -0.113168
0.63 -0.114807
0.605 -0.116701
0.63 -0.118268
0.67 -0.118818
0.655 -0.118383
0.625 -0.117246
0.67 -0.115166
0.595 -0.113681
0.615 -0.111895
0.66 -0.110115
0.645 -0.109169
0.73 -0.10807
0.69 -0.107435
0.74 -0.107647
0.71 -0.106097
0.69 -0.104102
0.7 -0.102633
0.685 -0.102369
0.735 -0.100715
0.685 -0.0996825
0.69 -0.0985469
0.715 -0.0977447
0.735 -0.0972076
0.755 -0.0968843
0.725 -0.0969384
0.79 -0.097018
0.735 -0.0982206
0.68 -0.0982898
0.675 -0.0985135
0.66 -0.0992513
0.725 -0.0991773
0.715 -0.0984886
0.715 -0.0986917
0.705 -0.0984956
0.725 -0.0981013
0.735 -0.0967516
0.71 -0.095298
0.705 -0.094256
0.66 -0.0936938
0.575 -0.0939797
0.59 -0.0936267
0.67 -0.0940948
0.71 -0.0949029
0.735 -0.0956085
0.735 -0.0955531
0.715 -0.0953374
0.675 -0.0963423
0.605 -0.0984282
0.595 -0.0995749
0.635 -0.100791
0.645 -0.103567
0.66 -0.104335
0.65 -0.105501
0.595 -0.106329
0.56 -0.107165
0.63 -0.108552
0.715 -0.109831
0.69 -0.111039
0.72 -0.111117
0.685 -0.110253
0.7 -0.110328
0.61 -0.110581
0.635 -0.111142
0.63 -0.110897
0.605 -0.111199
0.625 -0.112697
0.585 -0.114058
0.505 -0.115945
0.505 -0.116588
0.43 -0.118217
0.515 -0.119196
0.505 -0.120728
0.57 -0.122709
0.625 -0.124262
0.67 -0.127094
0.675 -0.129989
0.715 -0.133774
0.775 -0.136763
0.79 -0.139659
0.78 -0.143358
0.705 -0.146144
0.735 -0.149058
0.695 -0.151399
0.645 -0.15461
0.71 -0.156396
0.755 -0.15744
0.78 -0.158406
0.77 -0.158713
0.77 -0.158124
0.775 -0.157044
0.78 -0.156354
0.735 -0.155275
0.67 -0.153924
0.635 -0.152224
0.66 -0.151037
0.74 -0.150198
0.73 -0.149363
0.71 -0.148615
0.75 -0.148062
0.695 -0.147515
0.695 -0.147953
0.57 -0.148816
0.58 -0.148753
0.51 -0.148462
0.635 -0.147791
0.67 -0.14705
0.71 -0.147695
0.64 -0.148687
0.535 -0.149441
0.525 -0.14974
0.485 -0.150017
0.475 -0.150489
0.425 -0.151283
0.475 -0.152046
0.465 -0.153269
0.46 -0.153837
0.5 -0.154593
0.55 -0.15576
0.545 -0.157314
0.53 -0.156903
0.51 -0.156691
0.485 -0.156639
0.54 -0.156255
0.6 -0.155962
0.525 -0.156427
0.56 -0.157036
0.65 -0.158519
0.665 -0.159773
0.665 -0.161985
0.72 -0.163062
0.725 -0.163556
0.725 -0.163672
0.66 -0.163604
0.69 -0.163062
0.72 -0.162306
0.69 -0.161654
0.735 -0.161287
0.75 -0.160592
0.71 -0.159219
0.785 -0.157688
0.785 -0.156078
0.82 -0.15366
0.755 -0.151517
0.72 -0.150722
0.72 -0.149984
0.68 -0.148527
0.645 -0.147105
0.795 -0.147533
0.805 -0.14846
0.805 -0.149672
0.795 -0.151095
0.785 -0.151445
0.905 -0.151339
0.845 -0.150964
0.825 -0.149839
0.84 -0.148106
0.81 -0.14627
0.805 -0.142622
0.825 -0.13947
0.835 -0.136766
0.785 -0.134131
0.765 -0.131311
0.775 -0.128544
0.8 -0.125695
0.79 -0.122205
0.82 -0.119467
0.83 -0.117538
0.865 -0.114746
0.81 -0.11208
0.79 -0.109697
0.82 -0.107323
0.785 -0.106245
0.72 -0.10581
0.695 -0.106045
0.615 -0.106068
0.565 -0.105986
0.605 -0.104441
0.65 -0.103216
0.625 -0.101207
0.645 -0.099084
0.62 -0.0956652
0.635 -0.0911472
0.67 -0.0879415
0.65 -0.0853131
0.64 -0.0822982
0.71 -0.0795295
0.79 -0.0778087
0.71 -0.0776058
0.745 -0.0774176
0.74 -0.0763324
0.73 -0.074633
0.73 -0.0740526
0.685 -0.0742105
0.73 -0.0737116
0.695 -0.072886
0.64 -0.0713673
0.555 -0.0705309
0.565 -0.069077
0.59 -0.0676613
0.565 -0.065995
0.605 -0.0638899
0.605 -0.0614235
0.63 -0.0603139
0.64 -0.0574811
0.7 -0.0544003
0.76 -0.0497873
0.735 -0.0447347
0.705 -0.0400367
0.695 -0.0357088
0.725 -0.0309037
0.755 -0.0256873
0.8 -0.0219576
0.845 -0.0188957
0.845 -0.0167776
0.885 -0.015614
0.855 -0.0156378
0.85 -0.0141193
0.83 -0.0128526
0.755 -0.0118357
0.68 -0.011693
0.605 -0.0105542
0.68 -0.0100906
0.61 -0.00943757
0.64 -0.00828463
0.645 -0.00639047
0.605 -0.00501657
0.605 -0.00230054
0.61 0.000604275
0.575 0.00372124
0.57 0.00694063
0.69 0.00874263
0.655 0.0106513
0.565 0.0126859
0.495 0.0134324
0.465 0.014742
0.5 0.0161283
0.515 0.0177913
0.575 0.0193046
0.605 0.0214935
0.605 0.024143
0.615 0.0265556
0.575 0.0289957
0.58 0.0295778
0.59 0.0304599
0.62 0.0309051
0.63 0.0303781
0.545 0.0299357
0.595 0.0291089
0.56 0.0280556
0.465 0.0269887
0.435 0.0276708
0.41 0.0279649
0.395 0.0283834
0.445 0.027816
0.42 0.0260777
0.425 0.0251583
0.505 0.0252507
0.555 0.0251819
0.5 0.025001
0.525 0.0251233
0.525 0.0250007
0.54 0.0242406
0.545 0.0229322
0.6 0.0230158
0.555 0.0221598
0.585 0.0211694
0.59 0.018749
0.6 0.0165087
0.55 0.0138506
0.555 0.0127107
0.575 0.0107213
0.565 0.00864098
0.62 0.00659787
0.705 0.00758696
0.69 0.00800833
0.715 0.00800407
0.705 0.00768682
0.73 0.00622348
0.72 0.00439262
0.725 0.00307539
0.745 0.00373277
0.71 0.00518176
0.715 0.00729578
0.75 0.00903153
0.73 0.0124322
0.77 0.0172444
0.745 0.0217122
0.8 0.0247553
0.86 0.0272161
0.91 0.0289457
0.845 0.030777
0.86 0.0331161
0.855 0.0352972
0.825 0.0378454
0.79 0.0406731
0.78 0.0422842
0.85 0.0438092
0.865 0.0447443
0.815 0.0458081
0.79 0.0461789
0.705 0.0460235
0.73 0.0463166
0.705 0.0454313
0.69 0.0431462
0.665 0.0407681
0.66 0.0368189
0.725 0.033272
0.675 0.0293251
0.68 0.0253028
0.605 0.0215743
0.585 0.018519
0.625 0.0146905
0.61 0.0108535
0.595 0.00676589
0.535 0.00187578
0.635 -0.00412807
0.645 -0.00975559
0.55 -0.0144754
0.56 -0.0187706
0.55 -0.0223156
0.545 -0.02618
0.655 -0.030224
0.58 -0.0352049
0.53 -0.0410401
0.57 -0.0452732
0.625 -0.0492211
0.52 -0.0527164
0.47 -0.0560822
0.46 -0.0597617
0.555 -0.0649915
0.55 -0.0705588
0.605 -0.0760789
0.59 -0.0815159
0.525 -0.0866326
0.555 -0.0904767
0.535 -0.09335
0.53 -0.0955534
0.48 -0.0982202
0.43 -0.101628
0.415 -0.105273
0.45 -0.10812
0.44 -0.110305
0.405 -0.112867
0.42 -0.114484
0.385 -0.117386
0.35 -0.120513
0.365 -0.123575
0.4 -0.127248
0.33 -0.130689
0.37 -0.132821
0.36 -0.133453
0.34 -0.134606
0.265 -0.137844
0.305 -0.14051
0.245 -0.142363
0.205 -0.143442
0.225 -0.144049
0.245 -0.146138
0.34 -0.148782
0.34 -0.150164
0.37 -0.150075
0.345 -0.152529
0.365 -0.155259
0.385 -0.158909
0.305 -0.162241
0.215 -0.166411
0.215 -0.171013
0.17 -0.17636
0.19 -0.180848
0.175 -0.183864
0.07 -0.186993
0.19 -0.189206
0.23 -0.191484
0.245 -0.194039
0.255 -0.19529
0.3 -0.196309
0.36 -0.197602
0.33 -0.196737
0.29 -0.194914
0.445 -0.193313
0.4 -0.19246
0.375 -0.192716
0.3 -0.193968
0.25 -0.1959
0.25 -0.197009
0.305 -0.198995
0.325 -0.201531
0.335 -0.204284
0.355 -0.207029
0.355 -0.210332
0.28 -0.213113
0.235 -0.214749
0.2 -0.216268
0.21 -0.216616
0.19 -0.21762
0.185 -0.217955
0.32 -0.21762
0.33 -0.217272
0.275 -0.218039
0.34 -0.21865
0.45 -0.219143
0.38 -0.219885
0.43 -0.223014
0.47 -0.226875
0.395 -0.230978
0.365 -0.234204
0.35 -0.237791
0.35 -0.241142
0.365 -0.243283
0.32 -0.24583
0.34 -0.248053
0.285 -0.249886
0.395 -0.250676
0.35 -0.251509
0.45 -0.2533
0.38 -0.252796
0.475 -0.253615
0.47 -0.254003
0.495 -0.254126
0.535 -0.254544
0.49 -0.255211
0.565 -0.253429
0.56 -0.25237
0.525 -0.251388
0.535 -0.250354
0.575 -0.249543
0.565 -0.248256
0.53 -0.246066
0.56 -0.243196
0.63 -0.24095
0.62 -0.239666
0.66 -0.239803
0.635 -0.238432
0.575 -0.236438
0.605 -0.232813
0.505 -0.228382
0.505 -0.224243
0.475 -0.220226
0.43 -0.217411
0.39 -0.215434
0.42 -0.21486
0.37 -0.214399
0.355 -0.214628
0.33 -0.214076
0.27 -0.213928
0.315 -0.212498
0.37 -0.210629
0.435 -0.209836
0.435 -0.208349
0.42 -0.20521
0.415 -0.201691
0.52 -0.197929
0.55 -0.195018
0.505 -0.192638
0.54 -0.190177
0.63 -0.188916
0.67 -0.187133
0.75 -0.18482
0.72 -0.180114
0.74 -0.177087
0.74 -0.174614
0.83 -0.171845
0.785 -0.170188
0.825 -0.168759
0.83 -0.167727
0.855 -0.167015
0.865 -0.167198
0.855 -0.165261
0.845 -0.164419
0.805 -0.163704
0.825 -0.163044
0.81 -0.159991
0.75 -0.1571
0.8 -0.153163
0.84 -0.150532
0.76 -0.149776
0.795 -0.148315
0.805 -0.146768
0.745 -0.145657
0.715 -0.144858
0.755 -0.142672
0.745 -0.141655
0.7 -0.140246
0.71 -0.138891
0.73 -0.136779
0.8 -0.13554
0.78 -0.133154
0.76 -0.131614
0.76 -0.130265
0.755 -0.128338
0.765 -0.126222
0.825 -0.124281
0.785 -0.123546
0.73 -0.122301
0.735 -0.120087
0.665 -0.118538
0.665 -0.117548
0.615 -0.115512
0.58 -0.113608
0.48 -0.11123
0.42 -0.110411
0.46 -0.108442
0.415 -0.106975
0.545 -0.104983
0.615 -0.101007
0.67 -0.0966317
0.67 -0.0936255
0.675 -0.0894986
0.735 -0.0834783
0.675 -0.0789848
0.68 -0.0735087
0.725 -0.0676926
0.745 -0.062241
0.735 -0.0567742
0.715 -0.0521523
0.715 -0.0474478
0.595 -0.0428708
0.62 -0.0384343
0.69 -0.0341265
0.735 -0.0288891
0.73 -0.0231593
0.705 -0.0176599
0.605 -0.0130476
0.6 -0.00950233
0.585 -0.00615635
0.585 -0.00213772
0.58 0.00315308
0.535 0.00822103
0.525 0.0149002
0.57 0.0215888
0.525 0.0276468
0.54 0.034454
0.635 0.0415062
0.59 0.0475543
0.65 0.052643
0.64 0.0574795
0.63 0.0642333
0.545 0.0695176
0.57 0.0743573
0.515 0.0793816
0.555 0.084601
0.575 0.0870406
0.63 0.0916453
0.635 0.095009
0.695 0.0996905
0.66 0.102984
0.645 0.105559
0.69 0.107812
0.765 0.109987
0.815 0.110792
0.705 0.112447
0.72 0.113877
0.765 0.115116
0.755 0.115754
0.775 0.117773
0.78 0.11942
0.825 0.121029
0.8 0.120969
0.83 0.119764
0.83 0.118626
0.85 0.11888
0.865 0.119082
0.88 0.119165
0.88 0.117356
0.84 0.114744
0.775 0.112679
0.76 0.110734
0.73 0.108891
0.725 0.108211
0.77 0.107827
0.76 0.108038
0.685 0.109586
0.675 0.109905
0.72 0.110302
0.715 0.110971
0.765 0.110967
0.8 0.111591
0.785 0.111694
0.76 0.111708
0.815 0.113145
0.8 0.114234
0.76 0.115751
0.82 0.117147
0.815 0.117931
0.82 0.11881
0.795 0.122746
0.79 0.124609
0.79 0.126761
0.86 0.129424
0.745 0.130603
0.695 0.133447
0.77 0.137305
0.795 0.140796
0.8 0.144451
0.77 0.149218
0.765 0.152731
0.825 0.155588
0.855 0.158177
0.835 0.160861
0.89 0.164448
0.89 0.167659
0.83 0.171087
0.8 0.172182
0.74 0.173289
0.76 0.176321
0.745 0.178226
0.75 0.180593
0.725 0.183104
0.75 0.184455
0.775 0.186635
0.74 0.18919
0.69 0.191431
0.705 0.194125
0.745 0.196887
0.66 0.200384
0.605 0.205267
0.665 0.210774
0.6 0.21537
0.58 0.221367
0.53 0.226947
0.485 0.230629
0.515 0.232775
0.565 0.235799
0.46 0.238212
0.46 0.242373
0.42 0.246742
0.53 0.25136
0.495 0.254589
0.57 0.257063
0.575 0.260327
0.47 0.264623
0.525 0.268397
0.545 0.272693
0.54 0.277681
0.555 0.283981
0.515 0.29069
0.595 0.297923
0.665 0.304695
0.615 0.310518
0.65 0.314959
0.59 0.320499
0.63 0.324957
0.635 0.329573
0.64 0.333599
0.54 0.338353
0.55 0.341557
0.45 0.344076
0.5 0.348199
0.525 0.351674
0.445 0.354375
0.455 0.357387
0.48 0.360854
0.555 0.362728
0.59 0.363426
0.65 0.364898
0.7 0.364523
0.625 0.364202
0.635 0.36444
0.63 0.365584
0.69 0.366567
0.71 0.366761
0.695 0.365872
0.7 0.363654
0.7 0.363075
0.675 0.362277
0.705 0.361432
0.73 0.361154
0.765 0.360602
0.715 0.361556
0.7 0.363356
0.67 0.3659
0.695 0.369217
0.685 0.373317
0.605 0.374109
0.575 0.374405
0.605 0.375034
0.58 0.375966
0.525 0.375898
0.465 0.37517
0.445 0.376418
0.395 0.37815
0.465 0.381532
0.47 0.383912
0.53 0.386105
0.555 0.388345
0.605 0.389494
0.59 0.390292
0.63 0.390722
0.58 0.390154
0.525 0.390053
0.49 0.39107
0.465 0.391896
0.465 0.389633
0.455 0.38761
0.43 0.385776
0.41 0.383852
0.355 0.382666
0.395 0.38248
0.41 0.382982
0.315 0.381979
0.34 0.380419
0.35 0.378807
0.35 0.376973
0.265 0.374927
0.15 0.373535
0.195 0.373042
0.255 0.370332
0.21 0.367533
0.215 0.364294
0.255 0.361296
0.28 0.359602
0.3 0.359206
0.32 0.359028
0.285 0.357651
0.21 0.356747
0.235 0.356883
0.12 0.357606
0.04 0.357648
0.02 0.357963
0.065 0.358615
0.025 0.358886
0.025 0.359187
0.105 0.359295
0.085 0.359793
0.08 0.360384
0.12 0.361267
0.17 0.362817
0.21 0.36452
0.245 0.365445
0.23 0.366733
0.275 0.366736
0.255 0.366376
0.32 0.365439
0.355 0.364824
0.33 0.36365
0.265 0.36208
0.28 0.357805
0.21 0.353954
0.23 0.348164
0.175 0.343461
0.22 0.338118
0.26 0.333661
0.2 0.329598
0.145 0.327305
0.095 0.324249
0.085 0.321805
0.075 0.319507
0.13 0.316501
0.195 0.314168
0.27 0.311838
0.235 0.308904
0.275 0.307124
0.26 0.304039
0.19 0.302138
0.24 0.299686
0.33 0.298479
0.38 0.295453
0.435 0.292576
0.475 0.289441
0.52 0.287104
0.51 0.284162
0.56 0.279632
0.57 0.277085
0.6 0.274344
0.565 0.272118
0.505 0.269452
0.53 0.265371
0.48 0.260939
0.39 0.257448
0.43 0.254874
0.5 0.252517
0.545 0.250644
0.515 0.248576
0.53 0.24445
0.495 0.241141
0.505 0.238956
0.475 0.235491
0.47 0.232591
0.375 0.228968
0.38 0.224893
0.335 0.220038
0.375 0.214309
0.425 0.207415
0.4 0.201852
0.365 0.198374
0.33 0.193858
0.3 0.190124
0.315 0.189375
0.275 0.18813
0.23 0.18734
0.21 0.185918
0.31 0.183998
0.27 0.181158
0.285 0.176127
0.215 0.171703
0.195 0.16995
0.125 0.167788
0.15 0.167264
0.195 0.166893
0.14 0.166483
0.23 0.165905
0.225 0.164305
0.33 0.162374
0.305 0.16057
0.295 0.160608
0.255 0.161679
0.295 0.162935
0.315 0.162921
0.335 0.161727
0.33 0.161272
0.345 0.16181
0.305 0.162734
0.345 0.163556
0.48 0.166431
0.415 0.168655
0.445 0.170064
0.41 0.170387
0.395 0.168765
0.375 0.167703
0.37 0.166811
0.44 0.165896
0.485 0.165347
0.455 0.165595
0.47 0.165226
0.5 0.163355
0.51 0.159327
0.63 0.156228
0.625 0.151914
0.625 0.148044
0.615 0.145037
0.635 0.142275
0.6 0.137918
0.66 0.132012
0.715 0.124286
0.705 0.11736
0.705 0.110941
0.7 0.106017
0.745 0.101436
0.695 0.096122
0.65 0.0898778
0.555 0.083055
0.595 0.0759923
0.565 0.0698354
0.62 0.0633686
0.61 0.0570913
0.56 0.0505779
0.55 0.046357
0.59 0.0417803
0.67 0.0381539
0.665 0.0346739
0.64 0.0322585
0.67 0.030463
0.7 0.0284571
0.695 0.0266063
0.73 0.0244234
0.725 0.0222679
0.685 0.0196888
0.655 0.0168826
0.665 0.0148446
0.635 0.0145919
0.59 0.0147073
0.52 0.0155502
0.555 0.0183575
0.475 0.0194202
0.535 0.0191324
0.655 0.0176847
0.68 0.0161305
0.73 0.0148384
0.73 0.0130663
0.765 0.010566
0.75 0.00904067
0.71 0.00773745
0.725 0.00553591
0.665 0.00258969
0.74 -0.000797901
0.745 -0.00178347
0.77 -0.00399449
0.755 -0.00466541
0.685 -0.00426967
0.765 -0.00511194
0.765 -0.00602442
0.73 -0.00809272
0.755 -0.0105729
0.755 -0.0122383
0.73 -0.0145277
0.675 -0.0162138
0.645 -0.0182731
0.665 -0.0196182
0.665 -0.0212894
0.665 -0.0205625
0.77 -0.0215107
0.805 -0.0228863
0.74 -0.0251844
0.68 -0.0273734
0.755 -0.0287802
0.745 -0.0310462
0.76 -0.0325805
0.755 -0.0350509
0.715 -0.0365132
0.7 -0.0367291
0.6 -0.0355203
0.665 -0.0348986
0.615 -0.0328759
0.62 -0.0303972
0.65 -0.027339
0.655 -0.0252795
0.76 -0.0245983
0.75 -0.0245436
0.815 -0.0258491
0.86 -0.026549
0.885 -0.0272265
0.88 -0.029439
0.89 -0.0298865
0.845 -0.0301074
0.815 -0.0295384
0.82 -0.0294344
0.745 -0.0276684
0.755 -0.0265743
0.715 -0.0269935
0.71 -0.0270928
0.815 -0.0274404
0.845 -0.0286016
0.805 -0.0299643
0.765 -0.0302732
0.76 -0.0314029
0.85 -0.0319683
0.85 -0.032699
0.8 -0.0328963
0.82 -0.0315167
0.795 -0.0321441
0.79 -0.0335145
0.805 -0.0357295
0.84 -0.0376427
0.855 -0.041843
0.81 -0.0448362
0.84 -0.0476604
0.855 -0.0511021
0.865 -0.0549969
0.8 -0.0568922
0.725 -0.0598095
0.705 -0.0637356
0.72 -0.0679953
0.75 -0.0719009
0.69 -0.0748198
0.76 -0.0773586
0.81 -0.0792115
0.785 -0.0806298
0.81 -0.082018
0.88 -0.0817235
0.83 -0.0823927
0.83 -0.0806089
0.82 -0.0785091
0.86 -0.075773
0.86 -0.07322
0.885 -0.0709423
0.87 -0.0693994
0.825 -0.0677517
0.835 -0.0667268
0.83 -0.0648218
0.83 -0.0634382
0.775 -0.0626292
0.775 -0.062771
0.74 -0.0630305
0.785 -0.0625801
0.73 -0.0603861
0.71 -0.0581423
0.73 -0.0543777
0.765 -0.0496435
0.74 -0.0433926
0.68 -0.0382929
0.7 -0.0324711
0.675 -0.027145
0.68 -0.0221908
0.65 -0.0165823
0.63 -0.0111711
0.595 -0.00543102
0.585 -0.00099974
0.585 0.00221519
0.485 0.00622083
0.515 0.00835951
0.415 0.00905604
0.385 0.00911463
0.385 0.00999097
0.34 0.00884117
0.36 0.00890535
0.455 0.00917907
0.47 0.00935232
0.4 0.0103303
0.39 0.0125181
0.445 0.0157372
0.425 0.0192085
0.415 0.0217468
0.45 0.0264229
0.425 0.0303937
0.335 0.033634
0.46 0.0368059
0.395 0.0396146
0.36 0.0430218
0.315 0.0464395
0.43 0.0496259
0.42 0.0523451
0.405 0.0555496
0.41 0.058196
0.375 0.0616921
0.36 0.0652733
0.42 0.0685424
0.39 0.0719353
0.38 0.075417
0.355 0.0790885
0.35 0.0817558
0.315 0.0848732
0.255 0.0867127
0.345 0.0895593
0.315 0.0903299
0.305 0.0934048
0.305 0.095875
0.295 0.0977922
0.275 0.0989824
0.23 0.100649
0.265 0.101905
0.235 0.104516
0.255 0.108097
0.26 0.110723
0.255 0.113548
0.19 0.114207
0.22 0.114464
0.255 0.114392
0.255 0.113761
0.255 0.113167
0.3 0.115028
0.285 0.118773
0.215 0.122565
0.165 0.12752
0.195 0.132443
0.2 0.137823
0.11 0.143092
0.1 0.146682
0.18 0.150817
0.195 0.154704
0.245 0.160154
0.255 0.166572
0.27 0.172344
0.34 0.177687
0.26 0.183963
0.215 0.190659
0.22 0.198358
0.235 0.206296
0.22 0.21325
0.355 0.219579
0.425 0.226063
0.415 0.232
0.52 0.238606
0.54 0.243994
0.59 0.249883
0.59 0.255841
0.59 0.262842
0.535 0.267344
0.485 0.272015
0.34 0.275829
0.305 0.277621
0.29 0.2787
0.275 0.278754
0.27 0.278932
0.21 0.277976
0.25 0.27674
0.285 0.2747
0.335 0.272657
0.36 0.271858
0.425 0.270611
0.375 0.268045
0.34 0.267059
0.36 0.265343
0.34 0.263731
0.35 0.260853
0.315 0.257716
0.35 0.255913
0.23 0.254046
0.255 0.251705
0.155 0.249964
0.17 0.250522
0.225 0.251017
0.22 0.251894
0.23 0.251167
0.18 0.250236
0.12 0.250119
0.225 0.249232
0.2 0.247572
0.245 0.245789
0.275 0.242587
0.25 0.241166
0.29 0.240933
0.185 0.240736
0.24 0.239481
0.32 0.237218
0.315 0.234912
0.345 0.232746
0.305 0.230447
0.28 0.228283
0.27 0.227579
0.33 0.22716
0.315 0.226117
0.425 0.223858
0.375 0.220862
0.49 0.220926
0.495 0.223281
0.45 0.225357
0.425 0.225293
0.46 0.225099
0.435 0.224837
0.425 0.223438
0.36 0.220686
0.335 0.217907
0.345 0.215007
0.4 0.213719
0.35 0.212272
0.335 0.211265
0.315 0.210298
0.3 0.209302
0.295 0.209131
0.24 0.208201
0.24 0.208083
0.195 0.207618
0.08 0.20843
0.085 0.208105
0.095 0.208371
0.115 0.207284
0.2 0.206497
0.29 0.207401
0.31 0.207391
0.315 0.208785
0.25 0.208957
0.275 0.209182
0.29 0.208879
0.25 0.208819
0.255 0.207635
0.245 0.206948
0.325 0.206862
0.33 0.208261
0.305 0.210682
0.335 0.213564
0.38 0.216336
0.375 0.220332
0.45 0.22107
0.42 0.22191
0.475 0.222637
0.455 0.223397
0.42 0.223906
0.445 0.224378
0.465 0.223658
0.41 0.220799
0.435 0.217329
0.42 0.212306
0.405 0.207261
0.405 0.203373
0.395 0.198952
0.395 0.196586
0.35 0.195178
0.37 0.193005
0.35 0.19174
0.285 0.191452
0.315 0.189357
0.32 0.186802
0.275 0.184141
0.315 0.181451
0.325 0.176794
0.3 0.171091
0.355 0.165753
0.34 0.159326
0.35 0.15242
0.37 0.144835
0.4 0.136273
0.305 0.127606
0.275 0.11857
0.2 0.111817
0.305 0.105019
0.355 0.0976653
0.35 0.0916478
0.32 0.0873192
0.345 0.0844668
0.33 0.0811444
0.385 0.0795486
0.395 0.0788934
0.335 0.0787226
0.31 0.0780142
0.34 0.0776167
0.305 0.074958
0.22 0.071563
0.235 0.0678297
0.195 0.0638332
0.205 0.0577642
0.17 0.0525297
0.15 0.0485806
0.155 0.0437472
0.18 0.0389738
0.2 0.0345051
0.165 0.029801
0.135 0.0252915
0.09 0.0213225
0.095 0.0172955
0.03 0.012474
0.05 0.0081193
0.04 0.00368005
0.05 -0.000955278
0.005 -0.00517999
0.05 -0.00686103
0.04 -0.00923429
0.11 -0.0114306
0.105 -0.0148576
0.03 -0.0190752
0.01 -0.0240283
0.015 -0.0292451
0.06 -0.0333692
0.14 -0.0382478
0.05 -0.0425725
0.11 -0.0464021
0.065 -0.0514256
0.1 -0.0557782
0.14 -0.0594395
0.21 -0.0622971
0.17 -0.063315
0.185 -0.0627686
0.17 -0.0625914
0.14 -0.0617593
0.09 -0.0599709
0.125 -0.0585639
0.1 -0.0579043
0.085 -0.0580338
0.095 -0.0573645
0.125 -0.0554613
0.16 -0.0535361
0.165 -0.051418
0.18 -0.0492648
0.18 -0.0490135
0.115 -0.0478924
0.04 -0.0483336
0.07 -0.0492415
0.025 -0.0509731
0.05 -0.0527108
0.005 -0.0549075
0.045 -0.0572026
0.105 -0.0603061
0.15 -0.0637831
0.075 -0.06707
0.07 -0.0695532
0.01 -0.0709505
0.015 -0.0708835
0.1 -0.0722332
0.09 -0.0743153
0.095 -0.0778123
0.12 -0.0811227
0.05 -0.0848655
0.165 -0.0898682
0.17 -0.0958448
0.2 -0.100834
0.275 -0.104316
0.27 -0.107534
0.265 -0.113366
0.24 -0.119254
0.25 -0.124395
0.27 -0.129604
0.29 -0.135358
0.36 -0.13944
0.445 -0.14315
0.48 -0.144587
0.54 -0.146631
0.53 -0.148982
0.555 -0.15139
0.495 -0.155003
0.55 -0.157636
0.545 -0.159577
0.505 -0.160757
0.485 -0.162481
0.48 -0.164025
0.595 -0.16446
0.585 -0.1663
0.6 -0.167333
0.625 -0.16649
0.735 -0.166043
0.69 -0.167314
0.695 -0.16794
0.765 -0.170564
0.72 -0.17323
0.715 -0.176898
0.8 -0.181381
0.79 -0.185208
0.69 -0.187491
0.73 -0.18975
0.73 -0.191763
0.755 -0.193801
0.745 -0.195651
0.765 -0.197316
0.73 -0.198626
0.625 -0.199857
0.665 -0.199853
0.655 -0.200419
0.665 -0.199827
0.675 -0.199419
0.7 -0.198097
0.71 -0.197386
0.69 -0.196094
0.705 -0.193713
0.56 -0.193382
0.56 -0.191848
0.515 -0.190551
0.455 -0.191953
0.56 -0.193447
0.565 -0.194439
0.595 -0.196632
0.6 -0.198061
0.5 -0.199228
0.465 -0.198642
0.455 -0.200619
0.47 -0.202575
0.5 -0.203624
0.515 -0.203489
0.52 -0.204299
0.495 -0.206988
0.51 -0.207738
0.505 -0.20812
0.605 -0.207535
0.57 -0.205446
0.565 -0.201734
0.535 -0.199375
0.47 -0.198887
0.54 -0.197532
0.525 -0.194094
0.525 -0.192007
0.555 -0.190724
0.505 -0.188599
0.595 -0.187524
0.56 -0.186997
0.605 -0.18643
0.555 -0.186263
0.505 -0.18459
0.525 -0.183527
0.575 -0.18299
0.53 -0.182
0.53 -0.179833
0.515 -0.17841
0.54 -0.178486
0.505 -0.178493
0.525 -0.178967
0.57 -0.18021
0.585 -0.180642
0.545 -0.18026
0.6 -0.18003
0.66 -0.179666
0.6 -0.181726
0.655 -0.183707
0.605 -0.185882
0.555 -0.188615
0.605 -0.191473
0.595 -0.193448
0.645 -0.19847
0.605 -0.20152
0.59 -0.203993
0.61 -0.20501
0.595 -0.206152
0.66 -0.206897
0.735 -0.208304
0.74 -0.207969
0.725 -0.207332
0.73 -0.20534
0.64 -0.203975
0.6 -0.204506
0.665 -0.205302
0.645 -0.206294
0.62 -0.207437
0.635 -0.207866
0.7 -0.208902
0.68 -0.210201
0.645 -0.212552
0.615 -0.214886
0.455 -0.216374
0.455 -0.217876
0.47 -0.221435
0.495 -0.222617
0.435 -0.223416
0.47 -0.223545
0.5 -0.222285
0.52 -0.221916
0.505 -0.222241
0.435 -0.221737
0.455 -0.219395
0.52 -0.217543
0.47 -0.215389
0.51 -0.212732
0.5 -0.210878
0.56 -0.208455
0.475 -0.207308
0.45 -0.206528
0.43 -0.20602
0.44 -0.204356
0.43 -0.203476
0.46 -0.202707
0.485 -0.202514
0.47 -0.20441
0.47 -0.206196
0.455 -0.208274
0.455 -0.211333
0.435 -0.213609
0.505 -0.214958
0.51 -0.215264
0.5 -0.215565
0.48 -0.215008
0.49 -0.215867
0.495 -0.217161
0.465 -0.217983
0.5 -0.217807
0.485 -0.21635
0.535 -0.215561
0.555 -0.214877
0.6 -0.214011
0.615 -0.213998
0.545 -0.212074
0.555 -0.208868
0.615 -0.204949
0.535 -0.201377
0.505 -0.197962
0.575 -0.195689
0.625 -0.193065
0.66 -0.192535
0.65 -0.192041
0.67 -0.190173
0.73 -0.185786
0.655 -0.182455
0.67 -0.177173
0.665 -0.172088
0.655 -0.167446
0.67 -0.161889
0.7 -0.157804
0.615 -0.155689
0.645 -0.153949
0.675 -0.151165
0.705 -0.147527
0.795 -0.142089
0.845 -0.136312
0.875 -0.131028
0.92 -0.125412
0.85 -0.119575
0.885 -0.115033
0.815 -0.110842
0.81 -0.105045
0.83 -0.0977973
0.785 -0.0911203
0.785 -0.0855225
0.755 -0.0789657
0.715 -0.0730851
0.68 -0.0678803
0.67 -0.0628733
0.73 -0.0578713
0.7 -0.0525848
0.675 -0.0463772
0.635 -0.0387052
0.675 -0.0320397
0.695 -0.0277323
0.72 -0.0239174
0.795 -0.018405
0.735 -0.0131345
0.69 -0.00959124
0.73 -0.00710016
0.725 -0.0050316
0.69 -0.00208104
0.71 0.00130991
0.675 0.00252838
0.645 0.0030838
0.585 0.00513819
0.66 0.0073898
0.695 0.00947688
0.67 0.0124597
0.64 0.0148167
0.59 0.016133
0.605 0.018401
0.625 0.0217189
0.68 0.0256916
0.74 0.0301769
0.72 0.0334058
0.705 0.0369809
0.71 0.0431414
0.715 0.0494796
0.64 0.056192
0.63 0.0644216
0.635 0.0704395
0.68 0.0756611
0.7 0.0813276
0.765 0.0863506
0.735 0.0900774
0.695 0.0918232
0.73 0.0923221
0.65 0.0936541
0.7 0.0965638
0.72 0.0982273
0.71 0.100523
0.68 0.103394
0.66 0.107186
0.685 0.110469
0.695 0.113183
0.755 0.115844
0.66 0.1203
0.68 0.123953
0.615 0.127866
0.61 0.130469
0.615 0.132497
0.595 0.134061
0.505 0.13564
0.48 0.136061
0.495 0.137441
0.505 0.139662
0.49 0.141981
0.55 0.144001
0.575 0.146327
0.65 0.149688
0.58 0.15088
0.56 0.153923
0.495 0.156435
0.495 0.160482
0.48 0.165949
0.4 0.170038
0.335 0.173774
0.3 0.177984
0.31 0.182891
0.32 0.187228
0.365 0.193026
0.35 0.197488
0.325 0.201847
0.225 0.205801
0.23 0.207323
0.3 0.207394
0.295 0.209795
0.38 0.213197
0.405 0.214949
0.335 0.216859
0.37 0.219893
0.26 0.224066
0.19 0.226428
0.09 0.228152
0.13 0.229661
0.1 0.230805
0.08 0.232569
0.13 0.234561
0.085 0.235341
0.075 0.234782
0.005 0.234062
0.04 0.232153
0.02 0.232643
0.075 0.235268
0.15 0.236842
0.215 0.23762
0.305 0.237798
0.325 0.237909
0.205 0.23905
0.175 0.241662
0.215 0.244203
0.21 0.248733
0.195 0.255246
0.165 0.262501
0.18 0.270797
0.17 0.276889
0.13 0.281284
0.125 0.284889
0.11 0.289314
0.185 0.293464
0.18 0.294989
0.155 0.296172
0.205 0.295812
0.23 0.294772
0.28 0.294209
0.275 0.292191
0.28 0.290834
0.29 0.290997
0.31 0.292633
0.24 0.292506
0.23 0.291181
0.19 0.290206
0.235 0.28948
0.24 0.288404
0.235 0.289083
0.265 0.291233
0.245 0.293059
0.29 0.294585
0.325 0.297036
0.4 0.299114
0.31 0.299989
0.245 0.300917
0.245 0.301832
0.265 0.303883
0.26 0.30405
0.29 0.305657
0.365 0.305877
0.34 0.306254
0.425 0.305447
0.395 0.304749
0.305 0.302128
0.37 0.300223
0.405 0.299504
0.415 0.297355
0.345 0.295964
0.365 0.295547
0.37 0.294715
0.375 0.29186
0.36 0.289228
0.385 0.288664
0.48 0.287133
0.41 0.286895
0.38 0.28701
0.415 0.286922
0.39 0.287807
0.42 0.288159
0.45 0.288948
0.405 0.290256
0.385 0.288774
0.485 0.289518
0.495 0.29113
0.545 0.292217
0.58 0.292578
0.615 0.292249
0.62 0.291942
0.55 0.292378
0.585 0.293504
0.49 0.294867
0.42 0.296635
0.345 0.299528
0.32 0.302786
0.355 0.305063
0.33 0.30637
0.365 0.30882
0.315 0.310833
0.375 0.312668
0.405 0.312138
0.5 0.310488
0.455 0.309632
0.465 0.30821
0.35 0.306939
0.405 0.307848
0.425 0.308519
0.49 0.3087
0.515 0.307338
0.57 0.307081
0.575 0.307429
0.605 0.306347
0.615 0.306275
0.65 0.305948
0.68 0.306736
0.695 0.306838
0.74 0.307841
0.73 0.308163
0.755 0.307868
0.73 0.308234
0.64 0.309134
0.645 0.310575
0.58 0.311187
0.56 0.312284
0.495 0.315746
0.535 0.319008
0.46 0.322114
0.425 0.325359
0.45 0.329947
0.435 0.334158
0.355 0.338527
0.455 0.33956
0.445 0.339763
0.54 0.341282
0.475 0.342348
0.455 0.34312
0.5 0.343109
0.52 0.34158
0.51 0.341251
0.54 0.340765
0.58 0.340818
0.545 0.340007
0.515 0.340726
0.575 0.340883
0.575 0.341349
0.58 0.340392
0.62 0.33968
0.555 0.337848
0.575 0.3348
0.58 0.331711
0.615 0.329116
0.62 0.324766
0.65 0.32051
0.595 0.31566
0.585 0.310547
0.585 0.303915
0.55 0.299118
0.61 0.294933
0.67 0.29104
0.65 0.286554
0.68 0.280831
0.655 0.275686
0.66 0.271168
0.725 0.264157
0.8 0.257729
0.76 0.251732
0.725 0.247547
0.765 0.24456
0.8 0.240328
0.78 0.236439
0.805 0.234491
0.825 0.234706
0.8 0.234644
0.855 0.232408
0.805 0.229286
0.825 0.226057
0.735 0.225939
0.735 0.226215
0.755 0.226428
0.745 0.22443
0.77 0.223296
0.76 0.225687
0.78 0.229693
0.8 0.231545
0.775 0.233613
0.84 0.23552
0.83 0.236041
0.785 0.234542
0.73 0.23404
0.81 0.232258
0.825 0.230123
0.835 0.229451
0.885 0.227766
0.855 0.226353
0.88 0.224252
0.885 0.222527
0.88 0.220471
0.83 0.218453
0.825 0.217379
0.795 0.214952
0.825 0.212518
0.79 0.208898
0.775 0.205734
0.795 0.20393
0.775 0.202685
0.76 0.202048
0.645 0.201915
0.615 0.200349
0.56 0.198984
0.515 0.198116
0.525 0.197128
0.51 0.196033
0.42 0.195837
0.33 0.197456
0.325 0.199398
0.315 0.199432
0.4 0.198271
0.22 0.196555
0.23 0.195985
0.235 0.195965
0.35 0.195184
0.305 0.194316
0.27 0.194033
0.24 0.193784
0.305 0.19303
0.31 0.195292
0.36 0.198936
0.35 0.201625
0.42 0.204953
0.385 0.20884
0.4 0.21365
0.38 0.218185
0.475 0.221857
0.525 0.224322
0.515 0.227538
0.5 0.228894
0.545 0.230851
0.45 0.232424
0.46 0.236494
0.495 0.238598
0.5 0.240309
0.51 0.243392
0.535 0.246138
0.495 0.247784
0.47 0.250245
0.49 0.255696
0.52 0.25969
0.54 0.262653
0.575 0.265426
0.59 0.269036
0.57 0.271376
0.605 0.272452
0.595 0.272049
0.62 0.27139
0.61 0.270112
0.64 0.2684
0.675 0.265585
0.705 0.263614
0.71 0.261232
0.695 0.25801
0.605 0.253467
0.655 0.248733
0.69 0.247186
0.665 0.245646
0.72 0.242818
0.655 0.239489
0.695 0.236045
0.77 0.232206
0.77 0.229248
0.77 0.227769
0.84 0.227767
0.795 0.226995
0.775 0.225782
0.825 0.228907
0.79 0.232355
0.695 0.235191
0.645 0.237533
0.645 0.241395
0.605 0.245074
0.705 0.248308
0.71 0.250244
0.75 0.251263
0.705 0.253283
0.73 0.25523
0.76 0.260426
0.8 0.264977
0.84 0.269919
0.875 0.274909
0.855 0.2793
0.78 0.281677
0.77 0.282534
0.805 0.283377
0.78 0.285022
0.76 0.286165
0.745 0.29033
0.74 0.291542
0.695 0.293943
0.7 0.296783
0.695 0.299122
0.71 0.300651
0.69 0.300409
0.675 0.299799
0.68 0.299475
0.705 0.298707
0.66 0.298506
0.68 0.296886
0.74 0.294453
0.735 0.290237
0.675 0.286826
0.695 0.286278
0.675 0.285342
0.605 0.282812
0.645 0.280771
0.595 0.279557
0.585 0.278693
0.585 0.277144
0.625 0.275398
0.645 0.274464
0.665 0.274568
0.67 0.275118
0.635 0.274879
0.665 0.274262
0.63 0.273593
0.705 0.273509
0.695 0.270633
0.795 0.269492
0.805 0.265586
0.795 0.26237
0.765 0.259163
0.8 0.255345
0.74 0.250638
0.75 0.247944
0.75 0.247195
0.785 0.246012
0.81 0.245246
0.74 0.246165
0.775 0.243059
0.85 0.239558
0.73 0.236075
0.745 0.233435
0.685 0.231445
0.695 0.231759
0.69 0.234614
0.7 0.239027
0.73 0.243845
0.73 0.247586
0.715 0.252097
0.65 0.255223
0.67 0.260108
0.705 0.265463
0.61 0.269827
0.635 0.273806
0.53 0.276862
0.57 0.280467
0.555 0.28185
0.475 0.282737
0.5 0.283434
0.575 0.285391
0.51 0.287297
0.5 0.292128
0.55 0.29657
0.55 0.299822
0.525 0.302596
0.57 0.307228
0.6 0.309316
0.545 0.312721
0.505 0.317788
0.57 0.320882
0.68 0.324147
0.765 0.32559
0.795 0.326496
0.775 0.32854
0.715 0.327521
0.65 0.32669
0.66 0.326608
0.65 0.328487
0.605 0.328478
0.63 0.328436
0.64 0.329415
0.685 0.329881
0.73 0.330265
0.76 0.330785
0.74 0.33181
0.74 0.332806
0.735 0.335003
0.78 0.339084
0.785 0.341812
0.77 0.345715
0.735 0.345888
0.775 0.346774
0.725 0.346087
0.76 0.347354
0.745 0.347625
0.74 0.345502
0.725 0.341484
0.66 0.335779
0.64 0.331761
0.525 0.329511
0.59 0.328662
0.625 0.329566
0.59 0.330653
0.6 0.333309
0.57 0.337064
0.575 0.33943
0.585 0.341907
0.59 0.345052
0.545 0.34817
0.555 0.348814
0.58 0.351577
0.605 0.353495
0.585 0.355607
0.6 0.355472
0.645 0.354094
0.63 0.349217
0.615 0.347474
0.635 0.347674
0.705 0.348059
0.7 0.348592
0.67 0.350441
0.685 0.35177
0.63 0.353802
0.63 0.356434
0.59 0.3607
0.6 0.364248
0.63 0.370774
0.685 0.377898
0.635 0.386098
0.63 0.39407
0.63 0.40104
0.565 0.407223
0.615 0.41678
0.585 0.42452
0.6 0.433237
0.595 0.441535
0.62 0.449669
0.505 0.457097
0.455 0.464695
0.485 0.471228
0.525 0.476815
0.615 0.484696
0.585 0.494294
0.55 0.499994
0.5 0.505843
0.5 0.51107
0.45 0.516656
0.47 0.522307
0.57 0.530052
0.6 0.536325
0.58 0.542952
0.635 0.548129
0.58 0.552447
0.54 0.559094
0.545 0.565372
0.53 0.570569
0.58 0.575321
0.645 0.580596
0.7 0.586799
0.67 0.592567
0.67 0.5979
0.715 0.601128
0.695 0.60352
0.645 0.607239
0.64 0.611776
0.605 0.614366
0.605 0.616874
0.565 0.619598
0.5 0.623311
0.495 0.627348
0.425 0.6321
0.445 0.634727
0.48 0.636629
0.51 0.63929
0.51 0.639402
0.565 0.640219
0.56 0.641041
0.53 0.642203
0.555 0.641316
0.585 0.6385
0.585 0.635515
0.625 0.632258
0.7 0.629141
0.74 0.62725
0.765 0.624702
0.765 0.622864
0.745 0.618119
0.77 0.61342
0.815 0.610087
0.79 0.60839
0.775 0.603975
0.715 0.598041
0.775 0.591365
0.78 0.583593
0.74 0.577012
0.685 0.572931
0.72 0.567957
0.735 0.563357
0.735 0.558119
0.74 0.555164
0.745 0.550599
0.76 0.546093
0.7 0.539609
0.665 0.535471
0.675 0.532329
0.65 0.530192
0.535 0.527088
0.48 0.526788
0.505 0.525345
0.51 0.525433
0.56 0.524337
0.465 0.522882
0.485 0.521226
0.375 0.52024
0.395 0.519869
0.4 0.518218
0.415 0.51354
0.37 0.508051
0.34 0.503103
0.375 0.497948
0.33 0.493441
0.28 0.491126
0.315 0.486974
0.31 0.479424
0.32 0.472996
0.335 0.465386
0.265 0.455074
0.19 0.445573
0.24 0.436211
0.22 0.424931
0.095 0.416466
0.055 0.407871
0.005 0.399886
0.025 0.391768
0.165 0.383142
0.15 0.373518
0.115 0.366333
0.105 0.357819
0.105 0.351235
0.01 0.345963
0 0.34057
0.085 0.337502
0.055 0.333693
0.075 0.328884
0.145 0.323699
0.07 0.316433
0.12 0.309776
0.12 0.300724
0.155 0.292821
0.2 0.283342
0.21 0.272846
0.315 0.261713
0.32 0.251739
0.3 0.243494
0.23 0.236518
0.23 0.229153
0.275 0.220293
0.175 0.211813
0.035 0.203304
0.035 0.192309
0 0.183544
0.04 0.172953
0.05 0.162851
0.04 0.154903
0.04 0.145869
0.065 0.134546
0.055 0.122052
0.06 0.110831
0.045 0.0982777
0.095 0.0848883
0.16 0.0726649
0.06 0.0599557
0.08 0.0481779
0.04 0.0344469
0.04 0.0202452
0.115 0.0065121
0.095 -0.00687509
0.11 -0.0182696
0.105 -0.0273817
0.14 -0.0389434
0.075 -0.0492058
0.11 -0.0579515
0.035 -0.0674313
0.06 -0.0787342
0.045 -0.0908424
0.095 -0.0986532
0.06 -0.107273
0.065 -0.116942
0.05 -0.125236
0.085 -0.134116
0.145 -0.143308
0.2 -0.15286
0.02 -0.16084
0.035 -0.168892
0.07 -0.175713
0.06 -0.184901
0.055 -0.193175
0.01 -0.198014
0.06 -0.20131
0.135 -0.207047
0.175 -0.210927
0.265 -0.214455
0.24 -0.218274
0.19 -0.222259
0.255 -0.225087
0.31 -0.229192
0.31 -0.230676
0.275 -0.234554
0.295 -0.240052
0.12 -0.245501
0.1 -0.250942
0.115 -0.255481
0.12 -0.261397
0.145 -0.267316
0.105 -0.272834
0.05 -0.27765
0.105 -0.281946
0.02 -0.284979
0.08 -0.290378
0.01 -0.292601
0.06 -0.294121
0.09 -0.295696
0.125 -0.297367
0.06 -0.299286
0.12 -0.299472
0.105 -0.299445
0.105 -0.299989
0.1 -0.301767
0.075 -0.303593
0.025 -0.303018
0.02 -0.304644
0.035 -0.305418
0.055 -0.305889
0.015 -0.308349
0.035 -0.312693
0.04 -0.31657
0.03 -0.318261
0.1 -0.321301
0.125 -0.32365
0.085 -0.324942
0.06 -0.326356
0.02 -0.322699
0.13 -0.321365
0.19 -0.320226
0.1 -0.320483
0.14 -0.316485
0.14 -0.311526
0.19 -0.305952
0.295 -0.302364
0.33 -0.300447
0.405 -0.299711
0.395 -0.300386
0.475 -0.302049
0.51 -0.301257
0.435 -0.302573
0.445 -0.302765
0.495 -0.301736
0.52 -0.299036
0.555 -0.294271
0.52 -0.291878
0.555 -0.289147
0.615 -0.287126
0.685 -0.284706
0.68 -0.282734
0.665 -0.281804
0.64 -0.281303
0.62 -0.282105
0.645 -0.282323
0.695 -0.281567
0.72 -0.280663
0.65 -0.279787
0.595 -0.280521
0.61 -0.277545
0.64 -0.274216
0.66 -0.269169
0.68 -0.264945
0.685 -0.261436
0.735 -0.259221
0.715 -0.256082
0.72 -0.253808
0.76 -0.249035
0.755 -0.246481
0.755 -0.243812
0.785 -0.242942
0.8 -0.240962
0.745 -0.237003
0.705 -0.232473
0.72 -0.228636
0.695 -0.222002
0.7 -0.212411
0.63 -0.204443
0.63 -0.196932
0.6 -0.189608
0.6 -0.180265
0.58 -0.173207
0.565 -0.167037
0.65 -0.1636
0.63 -0.163194
0.615 -0.162655
0.585 -0.161351
0.57 -0.158847
0.555 -0.155908
0.585 -0.152442
0.63 -0.150608
0.65 -0.147297
0.65 -0.143999
0.735 -0.14176
0.69 -0.141391
0.725 -0.139104
0.72 -0.137541
0.675 -0.133154
0.7 -0.130017
0.725 -0.127156
0.735 -0.124854
0.745 -0.121716
0.78 -0.120912
0.755 -0.121163
0.715 -0.122736
0.695 -0.12362
0.64 -0.125156
0.58 -0.124651
0.665 -0.122816
0.725 -0.122044
0.695 -0.124165
0.72 -0.12233
0.74 -0.121035
0.685 -0.117706
0.67 -0.114961
0.63 -0.110172
0.625 -0.105835
0.555 -0.103773
0.55 -0.101909
0.55 -0.0989232
0.61 -0.095508
0.55 -0.0945557
0.57 -0.0940865
0.62 -0.0929956
0.62 -0.0933781
0.66 -0.093179
0.67 -0.0953026
0.7 -0.0967185
0.71 -0.098425
0.715 -0.0989053
0.715 -0.100184
0.635 -0.100604
0.61 -0.0983619
0.585 -0.0967397
0.595 -0.0971226
0.555 -0.0986684
0.555 -0.100503
0.505 -0.102543
0.505 -0.103188
0.575 -0.102557
0.49 -0.102892
0.495 -0.101194
0.505 -0.0996041
0.56 -0.101171
0.585 -0.0994625
0.565 -0.0983688
0.5 -0.098141
0.565 -0.0945654
0.63 -0.0950566
0.625 -0.0962505
0.635 -0.0947175
0.7 -0.0948751
0.745 -0.0950634
0.655 -0.098669
0.645 -0.101489
0.685 -0.102561
0.665 -0.102337
0.725 -0.104281
0.735 -0.10991
0.63 -0.116219
0.58 -0.12102
0.485 -0.12479
0.465 -0.127167
0.405 -0.127944
0.31 -0.12694
0.31 -0.126826
0.26 -0.123673
0.305 -0.119901
0.3 -0.118177
0.23 -0.116924
0.29 -0.11479
0.305 -0.113191
0.265 -0.11101
0.295 -0.108584
0.285 -0.106883
0.235 -0.103011
0.205 -0.0992014
0.155 -0.0973683
0.115 -0.0964518
0.075 -0.0968131
0.005 -0.0938819
0.035 -0.0916113
0.025 -0.0883052
0.01 -0.0840816
0.005 -0.0798344
0.04 -0.0756893
0.03 -0.069312
0.1 -0.0626949
0.09 -0.0549048
0.08 -0.0492134
0.185 -0.0452388
0.23 -0.0423346
0.295 -0.0394571
0.18 -0.0400052
0.155 -0.0410711
0.3 -0.0429225
0.305 -0.0467096
0.395 -0.0497093
0.39 -0.053846
0.37 -0.0581964
0.325 -0.0599176
0.26 -0.0625753
0.21 -0.0638328
0.2 -0.0629842
0.195 -0.0633192
0.11 -0.0632587
0.105 -0.0602533
0.045 -0.059862
0.125 -0.0612044
0.145 -0.0603744
0.125 -0.0615363
0.225 -0.0630293
0.17 -0.0645688
0.1 -0.0653705
0.13 -0.0662889
0.125 -0.064961
0.21 -0.062901
0.125 -0.0631787
0.09 -0.06113
0.035 -0.0560568
0.08 -0.0498291
0.01 -0.043794
0.05 -0.0373995
0.095 -0.0288824
0.15 -0.0217183
0.06 -0.0143403
0.105 -0.00631107
0.085 0.000537996
0.115 0.00713216
0.02 0.0135197
0.13 0.0189298
0.165 0.0239935
0.16 0.0305296
0.29 0.0371747
0.345 0.0428583
0.28 0.0474506
0.265 0.0544381
0.305 0.0604366
0.345 0.0658306
0.375 0.0701705
0.455 0.0757243
0.435 0.0810276
0.41 0.0837368
0.36 0.0835091
0.36 0.0846762
0.32 0.0827975
0.26 0.0814299
0.27 0.0822795
0.215 0.0839718
0.15 0.0885856
0.11 0.0903181
0.095 0.089926
0.12 0.0882794
0.05 0.0884996
0.08 0.0869436
0.105 0.0893481
0.195 0.0904537
0.165 0.0902548
0.205 0.0895575
0.175 0.090908
0.22 0.0921637
0.19 0.0935613
0.25 0.0945903
0.275 0.0967431
0.34 0.100264
0.36 0.102478
0.39 0.105813
0.34 0.106086
0.38 0.105976
0.37 0.10653
0.345 0.104827
0.255 0.103371
0.32 0.105073
0.36 0.106418
0.325 0.107075
0.275 0.106911
0.305 0.103911
0.455 0.101532
0.46 0.0972731
0.425 0.0946783
0.49 0.0964271
0.55 0.100009
0.545 0.102204
0.535 0.105728
0.52 0.11303
0.54 0.121356
0.53 0.12769
0.6 0.13469
0.61 0.141547
0.645 0.152396
0.63 0.163832
0.635 0.171717
0.675 0.178762
0.635 0.183197
0.54 0.183973
0.51 0.185988
0.565 0.19202
0.635 0.194338
0.64 0.193413
0.645 0.19489
0.655 0.198295
0.61 0.200724
0.625 0.203405
0.59 0.205954
0.615 0.209037
0.625 0.211121
0.595 0.215167
0.6 0.217058
0.585 0.215222
0.58 0.211812
0.52 0.209048
0.56 0.205863
0.585 0.204229
0.595 0.199687
0.56 0.195834
0.505 0.193064
0.47 0.192309
0.485 0.188397
0.485 0.1859
0.455 0.182526
0.415 0.179529
0.375 0.180719
0.39 0.181756
0.44 0.182838
0.475 0.182742
0.485 0.182949
0.47 0.180735
0.43 0.177145
0.505 0.175462
0.485 0.17209
0.505 0.169518
0.54 0.166849
0.545 0.166474
0.585 0.16657
0.54 0.166999
0.505 0.165266
0.5 0.163931
0.505 0.163297
0.5 0.163025
0.46 0.162824
0.43 0.164314
0.48 0.165013
0.5 0.166091
0.515 0.164557
0.525 0.164099
0.54 0.160963
0.615 0.156126
0.655 0.149788
0.595 0.142864
0.535 0.135972
0.49 0.133099
0.445 0.130505
0.425 0.128313
0.445 0.127716
0.505 0.122695
0.54 0.116351
0.6 0.111268
0.6 0.102845
0.565 0.0933554
0.555 0.0864113
0.525 0.078256
0.55 0.0699705
0.545 0.0623586
0.595 0.0541499
0.6 0.0434142
0.59 0.0387566
0.61 0.0332022
0.555 0.0283563
0.46 0.0241288
0.485 0.0169567
0.54 0.0106344
0.485 0.00426649
0.485 0.00098734
0.44 -0.00265556
0.345 -0.00649349
0.345 -0.0081158
0.35 -0.0058629
0.345 -0.00123776
0.305 -0.000447171
0.355 -0.000871824
0.395 -0.000581847
0.41 -0.00128131
0.345 -0.00109955
0.34 0.000841614
0.385 0.00368833
0.415 0.00889929
0.47 0.011863
0.485 0.015279
0.405 0.0176772
0.445 0.0197825
0.44 0.0236872
0.47 0.0304311
0.425 0.0371854
0.39 0.0459856
0.405 0.0513115
0.425 0.0549369
0.46 0.0590994
0.495 0.0662363
0.505 0.071364
0.47 0.0768398
0.49 0.0791509
0.455 0.0812659
0.46 0.0823294
0.39 0.0812371
0.43 0.0784329
0.485 0.0732204
0.48 0.0694946
0.49 0.0710218
0.525 0.0719244
0.545 0.0715769
0.5 0.0688746
0.55 0.0649607
0.55 0.0599405
0.59 0.0590683
0.585 0.0531977
0.565 0.0498732
0.535 0.0499004
0.675 0.048463
0.625 0.0472926
0.575 0.0473433
0.64 0.0472871
0.64 0.0474851
0.63 0.0479167
0.68 0.0481688
0.695 0.0488061
0.71 0.0494428
0.775 0.0488506
0.79 0.0495032
0.795 0.05168
0.795 0.0540514
0.825 0.058156
0.82 0.0631362
0.795 0.0686442
0.865 0.0748719
0.845 0.0785568
0.78 0.0818474
0.75 0.0843646
0.72 0.0881671
0.73 0.0900582
0.775 0.0926519
0.765 0.0948379
0.755 0.098281
0.735 0.0999215
0.825 0.102779
0.85 0.104187
0.82 0.105281
0.785 0.106293
0.86 0.106256
0.87 0.104035
0.84 0.0998296
0.86 0.0990341
0.84 0.0969775
0.83 0.0943263
0.88 0.0908315
0.855 0.0855851
0.83 0.0818085
0.865 0.0776286
0.915 0.0692159
0.89 0.0601507
0.92 0.0541602
0.85 0.046606
0.82 0.0382165
0.77 0.0325547
0.8 0.0260898
0.77 0.0186625
0.79 0.0141639
0.775 0.00573814
0.88 -0.00078325
0.885 -0.00985668
0.895 -0.0197449
0.835 -0.0330793
0.79 -0.0434432
0.765 -0.0536523
0.805 -0.0650011
0.765 -0.0720275
0.8 -0.0796183
0.78 -0.0879345
0.76 -0.0923688
0.805 -0.09861
0.85 -0.103994
0.79 -0.106195
0.805 -0.108379
0.865 -0.110493
0.855 -0.116037
0.87 -0.118532
0.855 -0.120916
0.785 -0.125066
0.79 -0.129468
0.795 -0.135833
0.775 -0.140644
0.815 -0.149111
0.765 -0.153113
0.85 -0.153843
0.87 -0.152885
0.81 -0.150176
0.755 -0.153981
0.735 -0.156877
0.73 -0.161435
0.755 -0.16505
0.695 -0.167271
0.72 -0.16847
0.715 -0.173297
0.765 -0.171335
0.735 -0.168868
0.665 -0.168412
0.61 -0.166482
0.64 -0.16659
0.665 -0.167729
0.65 -0.165709
0.625 -0.163404
0.59 -0.162263
0.535 -0.161558
0.63 -0.162828
0.64 -0.164889
0.635 -0.166934
0.755 -0.169456
0.765 -0.176283
0.81 -0.181626
0.815 -0.186435
0.69 -0.194688
0.74 -0.197961
0.73 -0.202371
0.72 -0.208236
0.71 -0.211588
0.67 -0.209496
0.715 -0.204863
0.685 -0.202189
0.645 -0.203846
0.645 -0.202454
0.67 -0.203341
0.7 -0.204909
0.68 -0.205677
0.705 -0.206988
0.655 -0.208977
0.755 -0.210078
0.795 -0.213943
0.82 -0.218205
0.75 -0.222014
0.79 -0.225388
0.845 -0.229078
0.79 -0.227635
0.83 -0.226609
0.81 -0.225302
0.835 -0.221137
0.87 -0.219218
0.855 -0.214071
0.875 -0.206408
0.795 -0.199879
0.79 -0.194299
0.82 -0.186507
0.775 -0.183079
0.74 -0.176379
0.665 -0.173961
0.6 -0.17154
0.67 -0.166174
0.685 -0.159958
0.72 -0.156762
0.745 -0.149088
0.795 -0.139614
0.68 -0.128581
0.76 -0.116261
0.845 -0.107592
0.825 -0.103109
0.81 -0.0983904
0.835 -0.0927812
0.82 -0.0868046
0.93 -0.0818559
0.89 -0.080193
0.875 -0.0784351
0.905 -0.0747886
0.895 -0.0758811
0.89 -0.0759861
0.885 -0.0784816
0.88 -0.0836596
0.8 -0.0880713
0.86 -0.0884579
0.85 -0.0932537
0.855 -0.095447
0.825 -0.100948
0.78 -0.0993359
0.8 -0.0942984
0.78 -0.0876683
0.815 -0.0830328
0.79 -0.0819768
0.735 -0.0803197
0.715 -0.0784792
0.725 -0.0765752
0.745 -0.0748152
0.695 -0.077631
0.755 -0.0787431
0.74 -0.0787822
0.74 -0.0812323
0.735 -0.0901521
0.67 -0.099145
0.745 -0.107869
0.75 -0.111712
0.7 -0.112936
0.73 -0.114054
0.82 -0.112881
0.855 -0.109773
0.865 -0.109443
0.855 -0.102796
0.81 -0.0984574
0.855 -0.0904891
0.89 -0.0813241
0.875 -0.0736063
0.86 -0.0610842
0.905 -0.0561525
0.915 -0.0530185
0.87 -0.049437
0.875 -0.0403947
0.78 -0.0322419
0.765 -0.0209782
0.73 -0.015475
0.76 -0.0109455
0.8 0.00157518
0.875 0.00734977
0.895 0.0113732
0.855 0.0172458
0.85 0.0239313
0.88 0.0346459
0.89 0.0484925
0.87 0.0528102
0.825 0.0576305
0.805 0.061142
0.77 0.0608901
0.73 0.0642305
0.745 0.0673701
0.7 0.070974
0.65 0.078592
0.625 0.0842551
0.585 0.0876919
0.595 0.0898303
0.6 0.0935651
0.57 0.0971651
0.61 0.102125
0.655 0.106199
0.685 0.109369
0.73 0.109878
0.725 0.109073
0.75 0.109277
0.815 0.10746
0.85 0.109982
0.815 0.110878
0.8 0.114899
0.71 0.120389
0.725 0.127833
0.7 0.132192
0.635 0.136427
0.665 0.141941
0.62 0.146516
0.705 0.15273
0.705 0.16075
0.78 0.168257
0.735 0.178366
0.805 0.189841
0.78 0.196091
0.835 0.201067
0.845 0.207937
0.82 0.215768
0.845 0.225006
0.84 0.23441
0.84 0.242484
0.835 0.245479
0.84 0.248858
0.825 0.250093
0.805 0.253439
0.8 0.255778
0.77 0.256571
0.74 0.25441
0.805 0.25595
0.84 0.255748
0.83 0.255701
0.85 0.255633
0.83 0.253392
0.845 0.253986
0.855 0.254618
0.85 0.250898
0.805 0.24044
0.77 0.22918
0.77 0.217478
0.77 0.206173
0.81 0.189626
0.71 0.172382
0.7 0.167119
0.695 0.161888
0.765 0.159703
0.75 0.153543
0.77 0.149233
0.715 0.144434
0.69 0.143101
0.69 0.143247
0.72 0.141661
0.715 0.140221
0.705 0.129844
0.775 0.126935
0.84 0.119387
0.835 0.10643
0.78 0.0993674
0.675 0.0954556
0.69 0.0886492
0.735 0.0884213
0.785 0.0830797
0.77 0.0711569
0.78 0.0597204
0.755 0.0504308
0.755 0.0435749
0.745 0.0399277
0.785 0.0345735
0.79 0.0254543
0.765 0.0163103
0.72 0.00949871
0.78 0.00102811
0.785 -0.00587926
0.74 -0.0149717
0.62 -0.0231948
0.59 -0.0294753
0.625 -0.0307632
0.65 -0.036301
0.635 -0.0430254
0.62 -0.0495445
0.69 -0.0612385
0.68 -0.0692147
0.65 -0.0771201
0.69 -0.0898049
0.64 -0.1077
0.66 -0.122329
0.63 -0.142745
0.49 -0.15828
0.5 -0.170541
0.435 -0.184706
0.43 -0.190972
0.455 -0.19799
0.445 -0.20583
0.35 -0.216484
0.38 -0.218059
0.42 -0.220252
0.43 -0.219403
0.5 -0.218179
0.45 -0.21884
0.395 -0.218301
0.41 -0.214216
0.515 -0.206413
0.58 -0.207735
0.635 -0.212968
0.615 -0.208807
0.595 -0.206987
0.585 -0.199834
0.635 -0.192569
0.61 -0.184883
0.65 -0.170649
0.665 -0.16025
0.685 -0.15255
0.7 -0.143163
0.75 -0.136582
0.695 -0.135911
0.8 -0.129856
0.765 -0.13105
0.765 -0.132712
0.76 -0.1356
0.78 -0.140888
0.725 -0.138002
0.635 -0.134895
0.635 -0.129786
0.585 -0.124846
0.65 -0.116477
0.66 -0.10523
0.64 -0.0976597
0.705 -0.0934115
0.715 -0.0937878
0.7 -0.0967218
0.665 -0.102953
0.53 -0.104272
0.51 -0.108921
0.505 -0.107582
0.445 -0.108914
0.46 -0.100546
0.42 -0.0915806
0.36 -0.0799019
0.425 -0.0620397
0.33 -0.0506274
0.45 -0.0285739
0.555 -0.00981876
0.55 0.00160587
0.515 0.00519839
0.545 0.013208
0.555 0.0230911
0.595 0.0300672
0.615 0.0393929
0.61 0.0405836
0.71 0.0430655
0.685 0.0459985
0.655 0.0483938
0.7 0.0541139
0.685 0.0535422
0.68 0.0518483
0.68 0.0567279
0.77 0.0685775
0.82 0.0732738
0.82 0.0715215
0.815 0.0734479
0.8 0.0787187
0.855 0.0921237
0.82 0.0927702
0.825 0.0917256
0.8 0.0971705
0.795 0.101237
0.81 0.111657
0.82 0.115464
0.855 0.11442
0.82 0.111171
0.79 0.102647
0.86 0.102786
0.895 0.0951978
0.89 0.0771812
0.87 0.0669494
0.825 0.055144
0.825 0.0454288
0.745 0.0373679
0.79 0.034651
0.795 0.0302581
0.765 0.0294671
0.77 0.0325766
0.755 0.0310189
0.715 0.0295755
0.735 0.0366707
0.71 0.0414217
0.61 0.0445716
0.695 0.0500657
0.67 0.0468918
0.69 0.0458813
0.71 0.0465649
0.64 0.0376662
0.685 0.0227928
0.72 0.0137042
0.72 -0.00611473
0.7 -0.0171079
0.705 -0.025422
0.695 -0.0440867
0.69 -0.051326
0.66 -0.0530921
0.675 -0.0448202
0.65 -0.0371313
0.685 -0.0298251
0.685 -0.0256104
0.66 -0.0132505
0.67 0.00168949
0.64 0.00485421
0.675 0.0139897
0.67 0.0264397
0.68 0.0354393
0.66 0.0457983
0.695 0.0570949
0.72 0.0664844
0.745 0.0689725
0.75 0.0730549
0.805 0.08436
0.81 0.0767768
0.815 0.0774146
0.85 0.0790086
0.87 0.0685931
0.86 0.0798747
0.905 0.0750378
0.93 0.0636253
0.845 0.0449546
0.835 0.0371366
0.79 0.0247607
0.745 0.0232417
0.755 0.00373262
0.65 -0.0202839
0.61 -0.00878792
0.575 -0.0224734
0.63 -0.00969908
0.625 -0.00670657
0.67 0.00126832
0.6 -0.0196879
0.6 -0.011881
0.715 0.0097199
0.675 0.00988641
0.69 0.0115052
0.645 -0.00234152
0.655 0
