0.92 1
0.895 0.983177
0.845 0.96879
0.855 0.954907
0.875 0.942231
0.845 0.929551
0.84 0.916679
0.815 0.904686
0.84 0.893408
0.81 0.881556
0.825 0.87056
0.86 0.859912
0.865 0.850147
0.89 0.840157
0.865 0.830491
0.855 0.821476
0.8 0.812464
0.745 0.804458
0.805 0.796704
0.835 0.788962
0.83 0.78178
0.885 0.774299
0.885 0.767087
0.89 0.760181
0.88 0.753255
0.86 0.745571
0.91 0.738114
0.855 0.731163
0.905 0.72472
0.925 0.718467
0.935 0.713323
0.9 0.70727
0.905 0.701904
0.845 0.696359
0.85 0.690982
0.9 0.686061
0.93 0.680958
0.89 0.676127
0.88 0.670685
0.9 0.66471
0.915 0.658969
0.89 0.653371
0.86 0.647737
0.845 0.642187
0.815 0.636939
0.87 0.63136
0.815 0.625869
0.825 0.620463
0.81 0.615386
0.875 0.61011
0.88 0.605111
0.83 0.600172
0.82 0.5959
0.76 0.591436
0.82 0.587618
0.85 0.583317
0.9 0.578719
0.87 0.57435
0.845 0.569275
0.865 0.565274
0.825 0.56136
0.72 0.557072
0.67 0.553239
0.705 0.548823
0.795 0.54428
0.73 0.539402
0.7 0.534245
0.695 0.528753
0.625 0.523581
0.68 0.518374
0.71 0.513186
0.625 0.508005
0.59 0.503444
0.61 0.499001
0.605 0.493978
0.615 0.488405
0.685 0.483218
0.73 0.478307
0.725 0.473912
0.775 0.469317
0.765 0.464837
0.76 0.459781
0.79 0.45502
0.855 0.449886
0.89 0.444668
0.845 0.439934
0.865 0.435703
0.88 0.431327
0.91 0.426231
0.875 0.421066
0.86 0.415814
0.86 0.411311
0.845 0.40633
0.79 0.401425
0.775 0.396645
0.845 0.391868
0.925 0.386968
0.87 0.382225
0.795 0.377676
0.81 0.372444
0.775 0.367438
0.775 0.362161
0.74 0.356619
0.815 0.35142
0.825 0.346289
0.885 0.340931
0.86 0.335454
0.78 0.329955
0.775 0.324969
0.765 0.320054
0.67 0.31558
0.67 0.311866
0.625 0.308198
0.685 0.30383
0.725 0.299235
0.73 0.294913
0.655 0.292032
0.68 0.288655
0.61 0.284892
0.645 0.280773
0.64 0.277261
0.66 0.273145
0.69 0.268921
0.695 0.264277
0.725 0.260084
0.795 0.255236
0.72 0.250728
0.705 0.246304
0.705 0.241836
0.76 0.23776
0.71 0.233236
0.72 0.22951
0.695 0.226616
0.67 0.223871
0.685 0.221418
0.6 0.218426
0.69 0.216122
0.74 0.214236
0.745 0.212695
0.79 0.209889
0.84 0.20772
0.815 0.20528
0.775 0.202902
0.785 0.200331
0.735 0.19789
0.795 0.195945
0.875 0.194368
0.875 0.193015
0.82 0.192027
0.89 0.191109
0.87 0.190876
0.87 0.189709
0.865 0.188052
0.875 0.185801
0.825 0.183205
0.845 0.180596
0.745 0.178024
0.75 0.175109
0.735 0.171947
0.735 0.169007
0.765 0.165836
0.725 0.1615
0.705 0.156439
0.67 0.151951
0.68 0.147734
0.705 0.143806
0.735 0.139898
0.74 0.136531
0.77 0.133639
0.85 0.1309
0.84 0.12767
0.875 0.124358
0.87 0.121456
0.865 0.118695
0.805 0.115746
0.845 0.113344
0.835 0.111301
0.85 0.108916
0.815 0.106283
0.81 0.104035
0.86 0.102061
0.805 0.0999137
0.83 0.0979158
0.87 0.0967389
0.895 0.0952067
0.85 0.0929945
0.77 0.0907837
0.79 0.0880904
0.785 0.0863084
0.805 0.0843913
0.755 0.0813383
0.815 0.0794392
0.855 0.077034
0.815 0.0751477
0.78 0.0729119
0.89 0.0707705
0.93 0.0684576
0.92 0.0655946
0.89 0.062914
0.9 0.0601098
0.905 0.0578513
0.845 0.0552438
0.845 0.0521068
0.875 0.0490381
0.825 0.0457216
0.86 0.0428452
0.9 0.0409156
0.915 0.0392044
0.925 0.037953
0.935 0.0362636
0.91 0.034414
0.895 0.0334954
0.945 0.0322601
0.9 0.0312188
0.895 0.0303814
0.92 0.0296259
0.895 0.0287977
0.835 0.0280463
0.87 0.0272627
0.9 0.0268383
0.85 0.0259407
0.83 0.0245521
0.815 0.0236338
0.8 0.0226463
0.825 0.0221615
0.835 0.0213297
0.805 0.0199679
0.83 0.0185375
0.805 0.0161848
0.845 0.0140386
0.835 0.012226
0.795 0.00993251
0.735 0.00789415
0.745 0.00540051
0.715 0.00231437
0.685 -0.00131042
0.635 -0.00491396
0.7 -0.00790576
0.685 -0.0107087
0.7 -0.0140197
0.72 -0.0165704
0.745 -0.0182637
0.73 -0.0200008
0.735 -0.0219355
0.635 -0.0241552
0.61 -0.0261616
0.665 -0.0278813
0.635 -0.029425
0.655 -0.0312336
0.615 -0.0325186
0.6 -0.0333035
0.67 -0.0337658
0.71 -0.0350014
0.73 -0.0353808
0.735 -0.036205
0.79 -0.0370484
0.835 -0.0380718
0.805 -0.0385889
0.845 -0.0389447
0.83 -0.0400448
0.845 -0.0415814
0.84 -0.0430485
0.875 -0.0445338
0.81 -0.0449404
0.825 -0.0454292
0.82 -0.0462318
0.815 -0.0463537
0.84 -0.0462223
0.82 -0.0453952
0.78 -0.0451457
0.785 -0.0449305
0.84 -0.044704
0.86 -0.0441224
0.905 -0.0443968
0.895 -0.0456063
0.89 -0.0473236
0.85 -0.048659
0.825 -0.0504745
0.865 -0.0517821
0.86 -0.0537494
0.845 -0.0561192
0.86 -0.0581348
0.845 -0.0609123
0.825 -0.0637753
0.855 -0.0661555
0.855 -0.0686242
0.82 -0.0715994
0.745 -0.0743949
0.745 -0.0763794
0.835 -0.0780274
0.79 -0.0795402
0.875 -0.0808775
0.85 -0.0822435
0.915 -0.0833715
0.895 -0.0851548
0.885 -0.0866899
0.93 -0.0882193
0.91 -0.0890792
0.89 -0.0908295
0.83 -0.0922566
0.795 -0.094136
0.815 -0.0955774
0.82 -0.0965027
0.855 -0.0968931
0.795 -0.0972433
0.815 -0.0963883
0.8 -0.09588
0.755 -0.0953943
0.79 -0.0961858
0.79 -0.0961881
0.81 -0.0960448
0.855 -0.0960708
0.8 -0.0961734
0.79 -0.0953889
0.825 -0.0946312
0.865 -0.0936493
0.885 -0.0927784
0.875 -0.0924121
0.925 -0.0921442
0.865 -0.0920118
0.85 -0.0910839
0.79 -0.0910512
0.795 -0.0901546
0.83 -0.0897529
0.805 -0.0890252
0.8 -0.0878874
0.845 -0.087119
0.845 -0.0859523
0.86 -0.084151
0.835 -0.082074
0.85 -0.0804805
0.905 -0.0785875
0.895 -0.0765898
0.85 -0.0745617
0.88 -0.0724939
0.86 -0.0694455
0.835 -0.0659799
0.86 -0.0617857
0.88 -0.0583319
0.885 -0.0550344
0.885 -0.0520303
0.91 -0.0495575
0.85 -0.047454
0.84 -0.045434
0.835 -0.0436691
0.83 -0.0427587
0.88 -0.0417193
0.91 -0.0409813
0.815 -0.0401048
0.805 -0.0401897
0.79 -0.0399647
0.775 -0.0391764
0.8 -0.0384101
0.82 -0.0382329
0.83 -0.0376247
0.81 -0.0377238
0.8 -0.0374276
0.805 -0.0370072
0.795 -0.0363505
0.82 -0.0361731
0.87 -0.0365474
0.775 -0.0364468
0.82 -0.0363433
0.855 -0.0353149
0.865 -0.0337501
0.825 -0.0317877
0.875 -0.0301458
0.87 -0.0282855
0.865 -0.0265359
0.86 -0.0246119
0.86 -0.022409
0.85 -0.0197715
0.885 -0.0176483
0.89 -0.0154608
0.87 -0.0139088
0.825 -0.0118743
0.76 -0.00883359
0.765 -0.00574023
0.73 -0.00324627
0.795 -0.000574193
0.76 0.0016105
0.7 0.0030975
0.715 0.00449906
0.75 0.00596721
0.87 0.00774695
0.835 0.00991095
0.815 0.0112784
0.835 0.0132314
0.8 0.0147509
0.745 0.0161584
0.71 0.017506
0.77 0.0187973
0.71 0.0200059
0.735 0.0213916
0.765 0.0239865
0.785 0.0262184
0.79 0.028088
0.74 0.0295519
0.795 0.0310925
0.855 0.0332551
0.85 0.0361189
0.825 0.0391974
0.81 0.0424588
0.81 0.0461802
0.78 0.0487472
0.805 0.0520681
0.79 0.0557432
0.78 0.0592652
0.745 0.0637647
0.79 0.0684215
0.78 0.0727241
0.735 0.0767573
0.75 0.0800528
0.745 0.0830451
0.755 0.0851679
0.78 0.0870844
0.81 0.0880982
0.79 0.0897847
0.775 0.0910131
0.86 0.0925126
0.795 0.0943315
0.75 0.0967861
0.795 0.0988667
0.8 0.100359
0.775 0.10199
0.74 0.103088
0.75 0.104821
0.73 0.106508
0.77 0.107641
0.795 0.108677
0.805 0.110152
0.84 0.111845
0.805 0.113727
0.845 0.115852
0.92 0.11697
0.9 0.117697
0.87 0.118822
0.865 0.120593
0.85 0.122989
0.885 0.125406
0.86 0.127691
0.8 0.130015
0.745 0.13256
0.68 0.134911
0.675 0.137014
0.595 0.138267
0.63 0.139402
0.62 0.140609
0.625 0.141898
0.605 0.143469
0.57 0.1436
0.605 0.144298
0.655 0.144563
0.69 0.144884
0.685 0.144993
0.62 0.144411
0.6 0.145643
0.64 0.146523
0.55 0.14709
0.625 0.146771
0.64 0.146896
0.655 0.147969
0.635 0.14885
0.665 0.148909
0.675 0.149406
0.63 0.149124
0.65 0.148266
0.695 0.147708
0.67 0.14704
0.665 0.146455
0.745 0.146074
0.725 0.14499
0.715 0.144733
0.66 0.144705
0.665 0.144996
0.655 0.145172
0.65 0.14583
0.655 0.145739
0.695 0.145771
0.68 0.146485
0.705 0.146187
0.695 0.146544
0.785 0.146785
0.77 0.147058
0.835 0.146729
0.76 0.146552
0.815 0.147038
0.835 0.147027
0.795 0.147247
0.715 0.147383
0.735 0.14756
0.82 0.148382
0.8 0.149116
0.78 0.150135
0.795 0.151069
0.78 0.151597
0.79 0.151616
0.845 0.151477
0.835 0.152094
0.915 0.15276
0.925 0.152559
0.89 0.151957
0.85 0.150757
0.885 0.149383
0.8 0.148064
0.785 0.147082
0.785 0.146283
0.75 0.14507
0.745 0.143645
0.705 0.143025
0.73 0.141754
0.795 0.140232
0.78 0.138258
0.75 0.136694
0.735 0.135514
0.755 0.134466
0.765 0.133311
0.755 0.132742
0.76 0.132291
0.785 0.131788
0.825 0.131127
0.8 0.130622
0.77 0.130192
0.8 0.129822
0.74 0.129814
0.78 0.129611
0.82 0.129327
0.88 0.128253
0.865 0.12571
0.805 0.124194
0.77 0.12321
0.81 0.122263
0.875 0.121239
0.92 0.12062
0.925 0.119701
0.9 0.118565
0.915 0.118179
0.91 0.117681
0.915 0.11682
0.855 0.115678
0.85 0.114823
0.805 0.114146
0.82 0.11299
0.865 0.112441
0.855 0.112216
0.87 0.111616
0.85 0.111966
0.78 0.11258
0.775 0.11346
0.815 0.113589
0.845 0.114051
0.885 0.114047
0.835 0.114426
0.835 0.115565
0.785 0.117277
0.825 0.11912
0.795 0.120417
0.865 0.121305
0.855 0.122097
0.79 0.124161
0.845 0.126065
0.81 0.127962
0.825 0.128957
0.805 0.130785
0.87 0.132076
0.83 0.13208
0.855 0.131846
0.825 0.131837
0.885 0.131943
0.85 0.131909
0.84 0.131483
0.79 0.131495
0.82 0.131556
0.725 0.1319
0.715 0.131897
0.725 0.130772
0.715 0.129569
0.735 0.128824
0.77 0.128495
0.795 0.128454
0.775 0.128457
0.665 0.128305
0.665 0.127614
0.61 0.1268
0.625 0.125936
0.635 0.125507
0.645 0.125116
0.68 0.124598
0.77 0.124873
0.725 0.125022
0.79 0.125034
0.875 0.124993
0.85 0.125061
0.885 0.125334
0.9 0.125943
0.87 0.126944
0.885 0.128714
0.89 0.130163
0.9 0.130804
0.955 0.131392
0.9 0.132001
0.885 0.132986
0.885 0.13392
0.85 0.13475
0.87 0.13584
0.905 0.136988
0.865 0.137655
0.83 0.138363
0.845 0.138856
0.78 0.139335
0.855 0.140817
0.885 0.141929
0.87 0.142482
0.855 0.143024
0.76 0.143649
0.77 0.144527
0.78 0.145611
0.77 0.147282
0.795 0.1486
0.8 0.149383
0.815 0.149651
0.82 0.150302
0.795 0.150287
0.81 0.149738
0.76 0.148825
0.74 0.147796
0.71 0.146726
0.65 0.145445
0.63 0.143971
0.68 0.142567
0.615 0.141017
0.6 0.138911
0.58 0.136394
0.665 0.134045
0.61 0.131381
0.6 0.129438
0.655 0.128212
0.655 0.126574
0.66 0.125039
0.645 0.122854
0.675 0.1207
0.675 0.118789
0.665 0.118002
0.685 0.117546
0.635 0.116749
0.645 0.116265
0.62 0.115829
0.61 0.115219
0.61 0.114161
0.65 0.113236
0.625 0.112648
0.615 0.112779
0.65 0.111231
0.665 0.110147
0.665 0.107996
0.645 0.106338
0.7 0.104269
0.605 0.102462
0.6 0.100671
0.545 0.0997028
0.515 0.0985017
0.455 0.097862
0.385 0.0974735
0.435 0.0970006
0.42 0.0959762
0.395 0.0946763
0.395 0.0934954
0.435 0.0927274
0.48 0.0925783
0.49 0.0914189
0.52 0.0904427
0.475 0.0888593
0.395 0.0873522
0.405 0.0864944
0.34 0.0857208
0.35 0.0853712
0.4 0.085799
0.33 0.0849318
0.27 0.084387
0.26 0.0849621
0.26 0.0847549
0.155 0.0844672
0.17 0.0847299
0.22 0.0853436
0.26 0.0868792
0.275 0.0876898
0.295 0.0883819
0.295 0.0887288
0.31 0.0890457
0.31 0.0878223
0.315 0.0874045
0.365 0.0867644
0.34 0.0858321
0.305 0.0851507
0.365 0.0842457
0.485 0.0836648
0.445 0.082459
0.5 0.0812913
0.405 0.0794208
0.46 0.0776986
0.515 0.0755911
0.58 0.0737562
0.63 0.0716712
0.62 0.0692445
0.675 0.0664387
0.68 0.0634741
0.61 0.0609007
0.71 0.0578685
0.755 0.0546113
0.81 0.0510594
0.795 0.0477497
0.77 0.0447625
0.765 0.0416497
0.765 0.0390105
0.71 0.036886
0.71 0.0357526
0.755 0.034695
0.765 0.0335
0.825 0.0318373
0.8 0.0305076
0.845 0.0285369
0.785 0.0264256
0.77 0.0255245
0.785 0.0245705
0.77 0.0228971
0.815 0.0201675
0.815 0.0169692
0.81 0.0138646
0.815 0.0108606
0.865 0.00775704
0.835 0.00393562
0.855 0.000435462
0.83 -0.00330037
0.845 -0.00657262
0.88 -0.00972861
0.885 -0.0127904
0.81 -0.0155825
0.82 -0.0184595
0.775 -0.0218719
0.775 -0.0246902
0.775 -0.0275312
0.76 -0.0298925
0.73 -0.0319948
0.715 -0.0345019
0.635 -0.0370431
0.55 -0.0394875
0.575 -0.0416256
0.575 -0.043106
0.55 -0.0441502
0.575 -0.0455008
0.545 -0.0468081
0.625 -0.0486723
0.64 -0.0507898
0.67 -0.052581
0.7 -0.054127
0.745 -0.055535
0.76 -0.0572729
0.725 -0.059613
0.755 -0.0614839
0.745 -0.0633255
0.73 -0.0654256
0.69 -0.0673729
0.65 -0.0699999
0.655 -0.0723189
0.66 -0.0744922
0.58 -0.0776231
0.62 -0.0805224
0.63 -0.0826719
0.61 -0.0856841
0.485 -0.0893801
0.525 -0.0925587
0.535 -0.095183
0.575 -0.0975605
0.615 -0.100712
0.62 -0.103677
0.655 -0.10764
0.66 -0.110909
0.725 -0.11382
0.655 -0.116526
0.7 -0.119074
0.65 -0.121482
0.625 -0.124292
0.535 -0.128022
0.495 -0.131775
0.58 -0.135185
0.615 -0.137705
0.565 -0.139998
0.6 -0.142493
0.65 -0.14411
0.66 -0.145631
0.675 -0.146795
0.675 -0.148348
0.695 -0.150165
0.79 -0.152431
0.795 -0.1557
0.79 -0.159935
0.865 -0.163029
0.855 -0.165623
0.81 -0.167788
0.8 -0.169802
0.855 -0.171772
0.83 -0.17364
0.885 -0.175725
0.855 -0.178794
0.865 -0.181563
0.885 -0.183914
0.895 -0.186134
0.885 -0.189487
0.89 -0.191891
0.79 -0.19518
0.79 -0.197906
0.82 -0.20037
0.865 -0.203013
0.855 -0.205665
0.8 -0.207796
0.82 -0.209023
0.8 -0.210659
0.82 -0.212654
0.795 -0.214893
0.8 -0.217529
0.835 -0.219831
0.87 -0.222047
0.795 -0.224196
0.735 -0.22667
0.71 -0.22882
0.695 -0.231826
0.685 -0.233329
0.59 -0.23438
0.645 -0.235204
0.74 -0.234855
0.695 -0.235147
0.6 -0.235182
0.545 -0.235247
0.555 -0.235049
0.57 -0.234674
0.58 -0.234408
0.71 -0.234252
0.76 -0.233577
0.83 -0.233488
0.84 -0.232781
0.865 -0.232396
0.88 -0.232663
0.86 -0.233418
0.91 -0.234597
0.92 -0.235474
0.9 -0.235624
0.85 -0.236202
0.865 -0.237236
0.87 -0.238932
0.89 -0.240123
0.85 -0.241496
0.855 -0.24284
0.86 -0.243784
0.79 -0.245749
0.755 -0.247476
0.735 -0.249637
0.785 -0.25209
0.82 -0.254737
0.825 -0.2577
0.84 -0.26067
0.82 -0.264338
0.82 -0.268159
0.805 -0.271458
0.79 -0.275331
0.81 -0.278837
0.8 -0.282267
0.77 -0.285322
0.85 -0.288203
0.845 -0.29085
0.86 -0.29306
0.81 -0.295158
0.835 -0.297035
0.785 -0.298881
0.785 -0.300541
0.77 -0.302021
0.8 -0.303302
0.8 -0.303758
0.785 -0.304544
0.795 -0.304873
0.81 -0.305373
0.825 -0.306294
0.82 -0.307389
0.775 -0.308296
0.74 -0.309077
0.73 -0.30991
0.775 -0.311124
0.795 -0.311839
0.665 -0.312818
0.65 -0.312603
0.59 -0.31193
0.655 -0.310735
0.745 -0.309456
0.7 -0.308815
0.72 -0.307855
0.755 -0.306523
0.765 -0.305447
0.8 -0.304365
0.82 -0.303702
0.865 -0.303322
0.76 -0.302634
0.73 -0.301808
0.79 -0.301558
0.775 -0.301319
0.76 -0.30177
0.775 -0.302333
0.8 -0.303015
0.845 -0.302971
0.86 -0.303996
0.9 -0.304688
0.835 -0.304506
0.87 -0.303455
0.83 -0.302282
0.83 -0.300631
0.875 -0.299293
0.85 -0.297584
0.865 -0.296166
0.86 -0.294677
0.895 -0.292658
0.875 -0.290597
0.815 -0.289304
0.81 -0.287821
0.825 -0.286396
0.825 -0.284913
0.775 -0.283599
0.81 -0.282525
0.775 -0.281153
0.77 -0.279028
0.8 -0.277795
0.835 -0.27674
0.865 -0.276883
0.855 -0.276618
0.85 -0.276698
0.82 -0.276839
0.79 -0.277271
0.8 -0.277476
0.78 -0.278141
0.765 -0.278699
0.775 -0.279458
0.755 -0.280737
0.65 -0.282338
0.68 -0.283579
0.65 -0.28428
0.705 -0.285418
0.725 -0.286462
0.665 -0.287796
0.71 -0.28949
0.74 -0.290299
0.73 -0.290648
0.83 -0.29084
0.785 -0.291145
0.78 -0.292201
0.725 -0.293653
0.76 -0.294692
0.705 -0.295238
0.745 -0.295454
0.745 -0.296509
0.74 -0.296117
0.695 -0.295319
0.715 -0.294545
0.72 -0.294379
0.725 -0.294401
0.69 -0.294025
0.725 -0.293824
0.72 -0.293631
0.73 -0.293025
0.675 -0.292392
0.675 -0.290696
0.735 -0.28926
0.73 -0.288057
0.75 -0.28623
0.805 -0.284991
0.715 -0.284415
0.73 -0.284371
0.735 -0.284041
0.745 -0.283488
0.78 -0.282146
0.81 -0.281025
0.845 -0.280064
0.825 -0.279802
0.865 -0.279083
0.83 -0.278065
0.845 -0.27778
0.86 -0.277182
0.85 -0.277161
0.875 -0.277567
0.845 -0.278373
0.87 -0.279094
0.85 -0.279755
0.885 -0.279364
0.915 -0.278644
0.89 -0.277303
0.93 -0.276964
0.895 -0.276016
0.905 -0.27585
0.885 -0.274617
0.85 -0.274032
0.865 -0.273309
0.88 -0.272599
0.89 -0.271908
0.86 -0.271372
0.805 -0.270798
0.775 -0.270673
0.86 -0.270518
0.815 -0.270684
0.875 -0.269894
0.9 -0.270067
0.895 -0.270474
0.885 -0.271886
0.875 -0.272925
0.88 -0.274189
0.855 -0.274824
0.84 -0.275439
0.745 -0.27547
0.78 -0.274351
0.825 -0.274164
0.775 -0.27469
0.745 -0.274352
0.735 -0.273418
0.75 -0.274128
0.795 -0.274444
0.805 -0.274911
0.81 -0.275706
0.8 -0.276127
0.72 -0.276324
0.775 -0.275735
0.78 -0.275855
0.78 -0.276206
0.815 -0.276334
0.745 -0.276142
0.755 -0.275433
0.835 -0.274415
0.795 -0.274349
0.84 -0.274121
0.845 -0.274756
0.89 -0.274231
0.895 -0.273799
0.925 -0.274293
0.9 -0.275829
0.87 -0.27651
0.82 -0.276022
0.81 -0.275974
0.785 -0.276163
0.78 -0.276356
0.79 -0.276183
0.76 -0.276182
0.8 -0.276179
0.84 -0.276731
0.82 -0.277392
0.825 -0.277627
0.86 -0.278156
0.855 -0.278241
0.875 -0.278637
0.86 -0.278396
0.88 -0.277338
0.865 -0.277296
0.885 -0.277729
0.92 -0.277364
0.905 -0.276813
0.955 -0.275434
0.92 -0.27441
0.915 -0.273427
0.945 -0.272214
0.925 -0.270764
0.935 -0.268922
0.905 -0.266376
0.91 -0.264648
0.92 -0.263061
0.905 -0.262417
0.845 -0.261838
0.88 -0.260594
0.92 -0.25942
0.945 -0.258904
0.92 -0.258307
0.885 -0.257144
0.89 -0.255984
0.9 -0.255499
0.885 -0.255362
0.88 -0.25461
0.88 -0.253461
0.9 -0.251923
0.915 -0.250643
0.935 -0.249985
0.925 -0.249469
0.9 -0.248776
0.89 -0.247677
0.86 -0.246713
0.87 -0.245224
0.855 -0.24388
0.81 -0.243786
0.825 -0.244565
0.795 -0.245559
0.84 -0.246444
0.81 -0.247746
0.855 -0.249087
0.815 -0.250189
0.835 -0.251012
0.81 -0.25194
0.76 -0.252901
0.73 -0.254456
0.695 -0.255228
0.69 -0.255246
0.715 -0.255483
0.73 -0.255692
0.77 -0.2551
0.75 -0.253863
0.8 -0.252069
0.745 -0.251125
0.78 -0.249545
0.72 -0.248002
0.705 -0.24647
0.795 -0.244591
0.76 -0.24295
0.745 -0.241502
0.785 -0.240033
0.785 -0.239653
0.835 -0.238411
0.835 -0.238124
0.82 -0.237138
0.915 -0.235466
0.935 -0.23508
0.925 -0.235531
0.89 -0.235968
0.915 -0.237234
0.955 -0.238645
0.955 -0.240431
0.95 -0.240887
0.915 -0.240908
0.89 -0.2403
0.855 -0.240036
0.865 -0.24019
0.86 -0.240432
0.875 -0.241581
0.84 -0.242089
0.92 -0.242477
0.91 -0.2433
0.92 -0.244006
0.845 -0.244675
0.835 -0.244862
0.805 -0.246446
0.755 -0.248215
0.705 -0.248803
0.74 -0.249877
0.725 -0.250227
0.735 -0.250927
0.695 -0.250628
0.73 -0.25028
0.7 -0.249776
0.675 -0.24911
0.76 -0.248218
0.85 -0.246986
0.86 -0.246018
0.81 -0.245402
0.86 -0.244124
0.87 -0.243639
0.84 -0.243758
0.86 -0.243606
0.795 -0.243321
0.75 -0.243079
0.705 -0.243611
0.66 -0.243913
0.685 -0.244469
0.76 -0.245269
0.72 -0.24619
0.725 -0.246786
0.8 -0.247423
0.83 -0.248463
0.87 -0.249612
0.88 -0.249553
0.87 -0.249573
0.86 -0.249749
0.865 -0.249537
0.845 -0.249418
0.87 -0.249114
0.85 -0.247925
0.895 -0.246515
0.855 -0.24519
0.91 -0.244121
0.915 -0.242157
0.885 -0.240421
0.845 -0.23774
0.805 -0.235308
0.78 -0.233276
0.785 -0.231674
0.8 -0.22988
0.74 -0.227988
0.76 -0.225456
0.75 -0.22269
0.82 -0.220173
0.85 -0.218124
0.88 -0.216329
0.925 -0.214557
0.855 -0.212698
0.795 -0.21172
0.755 -0.210545
0.725 -0.209137
0.655 -0.207501
0.605 -0.205984
0.635 -0.203794
0.625 -0.201989
0.635 -0.199682
0.595 -0.197922
0.62 -0.195968
0.615 -0.194629
0.685 -0.193441
0.685 -0.191897
0.67 -0.190555
0.74 -0.189085
0.7 -0.187509
0.72 -0.186655
0.75 -0.185424
0.78 -0.184301
0.81 -0.18276
0.835 -0.180564
0.855 -0.178503
0.85 -0.177388
0.85 -0.177162
0.845 -0.176512
0.88 -0.176129
0.9 -0.175822
0.9 -0.175799
0.915 -0.175373
0.855 -0.174683
0.83 -0.173648
0.895 -0.172009
0.87 -0.170391
0.835 -0.168719
0.795 -0.168292
0.82 -0.167828
0.84 -0.167964
0.84 -0.168339
0.85 -0.168395
0.84 -0.168226
0.795 -0.167817
0.84 -0.167135
0.86 -0.166839
0.875 -0.167113
0.85 -0.167919
0.865 -0.168462
0.895 -0.169705
0.885 -0.17078
0.78 -0.17202
0.825 -0.173672
0.805 -0.175337
0.75 -0.176753
0.725 -0.179185
0.715 -0.181833
0.765 -0.185119
0.72 -0.187
0.69 -0.188687
0.725 -0.189794
0.74 -0.191157
0.74 -0.192815
0.765 -0.194503
0.69 -0.195234
0.725 -0.194597
0.71 -0.194324
0.755 -0.194196
0.8 -0.194719
0.79 -0.195493
0.755 -0.195634
0.71 -0.195633
0.705 -0.195545
0.755 -0.195029
0.78 -0.194704
0.825 -0.193885
0.82 -0.1931
0.775 -0.192281
0.755 -0.190863
0.83 -0.189
0.885 -0.18785
0.82 -0.187099
0.755 -0.186752
0.88 -0.184456
0.9 -0.182537
0.815 -0.181746
0.88 -0.181735
0.88 -0.181712
0.845 -0.181674
0.795 -0.181179
0.785 -0.181722
0.83 -0.182194
0.83 -0.182954
0.81 -0.184254
0.77 -0.185386
0.73 -0.186432
0.78 -0.186502
0.82 -0.186
0.845 -0.185784
0.845 -0.185265
0.905 -0.184343
0.895 -0.183824
0.855 -0.183076
0.85 -0.183598
0.86 -0.184421
0.845 -0.186088
0.87 -0.187197
0.81 -0.188216
0.855 -0.18949
0.79 -0.190553
0.79 -0.192113
0.815 -0.193529
0.865 -0.194643
0.88 -0.195411
0.905 -0.195578
0.875 -0.195848
0.865 -0.195372
0.845 -0.19548
0.84 -0.196518
0.78 -0.196545
0.785 -0.197373
0.825 -0.19786
0.795 -0.197206
0.76 -0.196735
0.78 -0.195707
0.83 -0.19598
0.85 -0.196596
0.89 -0.197234
0.9 -0.198305
0.885 -0.199662
0.86 -0.20099
0.835 -0.201944
0.835 -0.202879
0.79 -0.203942
0.75 -0.205165
0.715 -0.207166
0.695 -0.209129
0.765 -0.211767
0.795 -0.214048
0.835 -0.216109
0.78 -0.218414
0.75 -0.221037
0.695 -0.223102
0.75 -0.225271
0.735 -0.227221
0.73 -0.229607
0.76 -0.230537
0.755 -0.230877
0.73 -0.231104
0.735 -0.230851
0.775 -0.232069
0.785 -0.232923
0.71 -0.233645
0.645 -0.233608
0.62 -0.233813
0.63 -0.233982
0.61 -0.233966
0.525 -0.234412
0.44 -0.234757
0.44 -0.234107
0.42 -0.234164
0.49 -0.234063
0.4 -0.234555
0.395 -0.234584
0.355 -0.234718
0.34 -0.234567
0.355 -0.233525
0.335 -0.232778
0.29 -0.232717
0.265 -0.232062
0.215 -0.231059
0.265 -0.229303
0.235 -0.227757
0.195 -0.22701
0.22 -0.226294
0.22 -0.225725
0.23 -0.224946
0.14 -0.223824
0.115 -0.221765
0.115 -0.218783
0.09 -0.215908
0.095 -0.212436
0.095 -0.208802
0 -0.204537
0.03 -0.200355
0.025 -0.196337
0.03 -0.192648
0.005 -0.188519
0.025 -0.184978
0.015 -0.180412
0.085 -0.17575
0.09 -0.171674
0.105 -0.167848
0.105 -0.163547
0.065 -0.160303
0.05 -0.157111
0.05 -0.154261
0.025 -0.152529
0.03 -0.15098
0.01 -0.14979
0.01 -0.148397
0.04 -0.146804
0.04 -0.145257
0.105 -0.143636
0.175 -0.141868
0.26 -0.14037
0.235 -0.13926
0.215 -0.13778
0.185 -0.136088
0.145 -0.134367
0.135 -0.132546
0.045 -0.130152
0.035 -0.127916
0.105 -0.125967
0.025 -0.123523
0.05 -0.121032
0.055 -0.118432
0.02 -0.116035
0.04 -0.113344
0.13 -0.110988
0.15 -0.108665
0.23 -0.105156
0.2 -0.102857
0.145 -0.101217
0.22 -0.0993842
0.205 -0.0975968
0.24 -0.0949698
0.155 -0.0929672
0.17 -0.0909572
0.16 -0.0887937
0.23 -0.0858899
0.185 -0.0832039
0.16 -0.0801826
0.145 -0.0766193
0.15 -0.073273
0.1 -0.0697806
0.05 -0.0669791
0.02 -0.0648047
0.02 -0.0630158
0.05 -0.0606735
0 -0.0586548
0.02 -0.0577089
0 -0.0576463
0.055 -0.056955
0.065 -0.0564465
0.15 -0.0565484
0.115 -0.056096
0.11 -0.0546099
0.115 -0.0532593
0.14 -0.0516825
0.185 -0.0502623
0.15 -0.0480339
0.12 -0.0462487
0.12 -0.0442782
0.07 -0.0419171
0.055 -0.0403799
0.035 -0.0384973
0.03 -0.0370778
0.075 -0.0343985
0.09 -0.031641
0.04 -0.0292189
0.075 -0.0267404
0.09 -0.024221
0.08 -0.0211226
0.085 -0.0181808
0.09 -0.0163957
0.085 -0.0133181
0.055 -0.0100526
0.125 -0.00705755
0.16 -0.00450777
0.19 -0.00189797
0.155 0.00108509
0.19 0.00390304
0.185 0.0075862
0.2 0.0103626
0.245 0.0139656
0.23 0.0173469
0.2 0.0204487
0.185 0.0235794
0.17 0.025544
0.2 0.0276251
0.205 0.0292545
0.13 0.0305242
0.175 0.0315687
0.15 0.0327905
0.125 0.0348184
0.195 0.0365478
0.17 0.0377726
0.105 0.0393378
0.065 0.0404071
0.005 0.0410856
0.045 0.0422252
0.15 0.0431951
0.155 0.0436855
0.17 0.0452328
0.145 0.047192
0.125 0.0491667
0.145 0.0511179
0.25 0.0530844
0.365 0.0551501
0.38 0.0561179
0.38 0.0576114
0.39 0.0585814
0.41 0.0594693
0.435 0.0586306
0.375 0.0575984
0.38 0.0570211
0.39 0.056637
0.405 0.0566256
0.405 0.0554317
0.39 0.053972
0.415 0.0522796
0.405 0.05106
0.425 0.0501142
0.445 0.0486487
0.44 0.0464938
0.49 0.0447845
0.425 0.0431951
0.4 0.0417163
0.365 0.0407847
0.36 0.0391999
0.34 0.0375041
0.27 0.0354281
0.24 0.0338017
0.265 0.0318456
0.2 0.0302628
0.24 0.0283318
0.235 0.0263023
0.145 0.024897
0.135 0.0235472
0.19 0.0235483
0.24 0.0239493
0.19 0.0249909
0.145 0.0259661
0.105 0.0264079
0.065 0.0258036
0.135 0.0259554
0.22 0.0261258
0.295 0.0269367
0.4 0.0279834
0.405 0.0293179
0.33 0.0302147
0.395 0.0312446
0.375 0.0320399
0.395 0.032927
0.41 0.0333635
0.455 0.0335235
0.45 0.0343458
0.445 0.0356104
0.29 0.0373278
0.315 0.038932
0.335 0.0406124
0.295 0.0415941
0.27 0.0427095
0.31 0.0439047
0.415 0.0466442
0.435 0.0486228
0.37 0.0500987
0.47 0.0511968
0.48 0.0520531
0.52 0.0534628
0.43 0.0541421
0.49 0.0545301
0.495 0.0542803
0.555 0.0545773
0.53 0.0541143
0.545 0.0534843
0.54 0.0531072
0.57 0.0531939
0.56 0.0535574
0.575 0.0548945
0.48 0.056065
0.54 0.0577674
0.525 0.059467
0.535 0.0608483
0.55 0.0617746
0.515 0.0622633
0.59 0.0615468
0.64 0.0609465
0.675 0.059938
0.66 0.0587743
0.715 0.0573143
0.665 0.055073
0.67 0.0531488
0.66 0.0514153
0.675 0.0507578
0.69 0.0489457
0.72 0.0467967
0.665 0.0446536
0.63 0.0429189
0.66 0.0409527
0.65 0.0394766
0.635 0.0367292
0.565 0.0345245
0.53 0.0316485
0.49 0.0285972
0.54 0.0268221
0.6 0.0249919
0.68 0.0230542
0.735 0.0214046
0.745 0.0203834
0.755 0.0191696
0.78 0.0181131
0.715 0.0162709
0.765 0.0153163
0.735 0.0149084
0.63 0.0144588
0.68 0.0144091
0.625 0.0137803
0.65 0.0137389
0.645 0.0144599
0.62 0.015706
0.585 0.0175112
0.575 0.0178856
0.51 0.0179381
0.56 0.0179704
0.55 0.0173362
0.545 0.0167947
0.55 0.01597
0.54 0.0158058
0.505 0.0164142
0.585 0.016735
0.56 0.0160895
0.535 0.0165865
0.61 0.016835
0.63 0.016011
0.645 0.0145358
0.64 0.0136185
0.645 0.0133378
0.585 0.0130744
0.575 0.0130018
0.54 0.0136368
0.525 0.014764
0.61 0.0145556
0.59 0.0132781
0.54 0.0130335
0.585 0.0128134
0.57 0.0124909
0.6 0.012312
0.605 0.0113212
0.64 0.0104846
0.65 0.00913409
0.545 0.00774043
0.55 0.00675051
0.56 0.00585586
0.575 0.00471228
0.515 0.00413001
0.49 0.00419024
0.55 0.00421288
0.52 0.00272167
0.5 0.00186076
0.515 0.00143094
0.525 0.00208811
0.445 0.00222946
0.41 0.00244604
0.415 0.0039027
0.375 0.00559788
0.465 0.00691136
0.485 0.00727106
0.52 0.00826947
0.545 0.00872607
0.59 0.00923894
0.645 0.00960875
0.655 0.00932566
0.745 0.00929019
0.705 0.00877223
0.715 0.00771704
0.68 0.00560784
0.745 0.00322265
0.775 -0.000198241
0.78 -0.00310629
0.76 -0.00579773
0.79 -0.00825983
0.69 -0.0111881
0.615 -0.0140952
0.545 -0.0175677
0.565 -0.0197984
0.545 -0.0227139
0.535 -0.0254308
0.53 -0.0284671
0.53 -0.031002
0.61 -0.0328565
0.595 -0.0352232
0.595 -0.0372016
0.5 -0.0383787
0.5 -0.0394797
0.505 -0.0407793
0.515 -0.0414425
0.595 -0.0426882
0.58 -0.043572
0.64 -0.0447016
0.585 -0.045603
0.55 -0.045986
0.55 -0.0460521
0.55 -0.0463569
0.585 -0.0476295
0.68 -0.0484755
0.71 -0.0482912
0.78 -0.0491588
0.74 -0.0492022
0.72 -0.0485558
0.76 -0.0475714
0.765 -0.0466179
0.755 -0.0458158
0.73 -0.0459378
0.64 -0.0464161
0.655 -0.0472892
0.665 -0.0470449
0.695 -0.0473346
0.65 -0.0474525
0.65 -0.0475994
0.625 -0.047485
0.6 -0.046983
0.61 -0.0480578
0.56 -0.0487247
0.56 -0.0497236
0.55 -0.0507114
0.625 -0.0520296
0.65 -0.0530232
0.73 -0.0543641
0.815 -0.0556798
0.76 -0.0575382
0.73 -0.0584086
0.765 -0.0589465
0.745 -0.0586143
0.795 -0.0582887
0.835 -0.0581581
0.825 -0.0580486
0.81 -0.0581778
0.825 -0.0589308
0.795 -0.0598954
0.835 -0.0598302
0.905 -0.0598034
0.9 -0.0607245
0.87 -0.0613333
0.87 -0.0620999
0.86 -0.0626818
0.885 -0.0638442
0.865 -0.0651288
0.895 -0.0660503
0.885 -0.0677121
0.86 -0.0686734
0.82 -0.0701829
0.785 -0.0708484
0.765 -0.070545
0.71 -0.0707698
0.78 -0.0708255
0.78 -0.0712672
0.75 -0.0715702
0.79 -0.0715369
0.82 -0.0723896
0.865 -0.0738332
0.85 -0.0753998
0.84 -0.0768654
0.81 -0.07877
0.795 -0.0812441
0.775 -0.0832613
0.775 -0.085035
0.805 -0.0868348
0.805 -0.0893876
0.8 -0.0913679
0.885 -0.0939501
0.855 -0.096779
0.81 -0.0992339
0.8 -0.101133
0.75 -0.102532
0.75 -0.104121
0.825 -0.106269
0.8 -0.107987
0.825 -0.109099
0.815 -0.110549
0.845 -0.112358
0.9 -0.113565
0.84 -0.114414
0.835 -0.115523
0.82 -0.117228
0.83 -0.117828
0.76 -0.119141
0.73 -0.119779
0.695 -0.120289
0.72 -0.119469
0.725 -0.118917
0.78 -0.119206
0.765 -0.119425
0.755 -0.119041
0.75 -0.119391
0.79 -0.11956
0.715 -0.119357
0.725 -0.11959
0.75 -0.120657
0.795 -0.122379
0.79 -0.123514
0.73 -0.124513
0.79 -0.125661
0.82 -0.127791
0.77 -0.129072
0.775 -0.129993
0.74 -0.130619
0.78 -0.130395
0.815 -0.13097
0.78 -0.131322
0.75 -0.131357
0.745 -0.131942
0.78 -0.13297
0.765 -0.134411
0.76 -0.134769
0.795 -0.133806
0.745 -0.132817
0.855 -0.132017
0.82 -0.132051
0.815 -0.132423
0.785 -0.133049
0.815 -0.133634
0.775 -0.133932
0.745 -0.133918
0.75 -0.132919
0.815 -0.133259
0.805 -0.131841
0.835 -0.130864
0.815 -0.129885
0.76 -0.128527
0.79 -0.126789
0.69 -0.125253
0.775 -0.122818
0.805 -0.120807
0.76 -0.118481
0.75 -0.116952
0.695 -0.115194
0.715 -0.113918
0.675 -0.112375
0.755 -0.11081
0.795 -0.108792
0.755 -0.106537
0.785 -0.104588
0.76 -0.103051
0.72 -0.101804
0.785 -0.100555
0.78 -0.100014
0.755 -0.0986085
0.85 -0.095597
0.86 -0.0927442
0.86 -0.089383
0.86 -0.0862109
0.81 -0.0813108
0.78 -0.0769394
0.775 -0.0736361
0.78 -0.0706646
0.78 -0.0669426
0.84 -0.06254
0.86 -0.0593125
0.87 -0.057139
0.855 -0.0548805
0.855 -0.0520968
0.885 -0.0492236
0.88 -0.046209
0.845 -0.0420759
0.875 -0.0391137
0.835 -0.0358081
0.795 -0.0319518
0.77 -0.0297807
0.75 -0.0268793
0.72 -0.0245688
0.67 -0.0214613
0.635 -0.0186967
0.605 -0.0165268
0.61 -0.0137405
0.52 -0.0120065
0.525 -0.0101835
0.485 -0.00998151
0.455 -0.00863219
0.405 -0.00719174
0.475 -0.00671471
0.48 -0.00666017
0.43 -0.0069157
0.405 -0.00700608
0.45 -0.00654627
0.38 -0.00641571
0.36 -0.00506073
0.385 -0.00379778
0.38 -0.00223116
0.32 0.00031998
0.295 0.0024379
0.245 0.00546239
0.225 0.00795024
0.205 0.0102559
0.295 0.0132331
0.26 0.0160291
0.32 0.0185213
0.31 0.0209435
0.215 0.0227386
0.2 0.0247769
0.205 0.0268999
0.235 0.0290421
0.255 0.0307759
0.34 0.0319185
0.28 0.0329223
0.275 0.0343438
0.215 0.0362766
0.195 0.0375993
0.205 0.0384981
0.09 0.0400522
0.08 0.0414636
0.07 0.0422489
0.135 0.0431131
0.125 0.0449669
0.145 0.0466101
0.105 0.048508
0.165 0.0503351
0.16 0.0526683
0.08 0.0555125
0.08 0.0585103
0.045 0.0604855
0.095 0.0628685
0.025 0.0654177
0.02 0.0674932
0.025 0.069693
0.065 0.0720398
0.1 0.0735247
0.095 0.0753864
0.155 0.0774367
0.225 0.0791439
0.225 0.0801634
0.31 0.0806083
0.335 0.0789879
0.31 0.0778232
0.315 0.0771137
0.38 0.0782906
0.425 0.0799531
0.5 0.0818236
0.505 0.0843296
0.455 0.0873478
0.455 0.0895413
0.445 0.0908733
0.465 0.0922147
0.355 0.0949114
0.305 0.0973674
0.315 0.0995063
0.32 0.101827
0.31 0.103857
0.32 0.106501
0.345 0.109287
0.295 0.11117
0.3 0.113298
0.305 0.114678
0.355 0.116614
0.395 0.118574
0.36 0.120116
0.345 0.12135
0.36 0.121954
0.325 0.123238
0.265 0.124306
0.235 0.124778
0.205 0.126429
0.3 0.128054
0.25 0.128547
0.24 0.128876
0.235 0.130228
0.19 0.132209
0.18 0.134337
0.205 0.135938
0.225 0.137375
0.215 0.138069
0.215 0.139017
0.205 0.139871
0.1 0.14045
0.155 0.140844
0.12 0.140584
0.09 0.139892
0.085 0.138907
0.12 0.138879
0.09 0.138421
0.03 0.139212
0.06 0.139842
0.075 0.140271
0.05 0.140146
0.03 0.141064
0.055 0.141416
0.02 0.142345
0.025 0.143033
0.07 0.143644
0.075 0.14451
0.05 0.147292
0.01 0.149949
0.01 0.151836
0.01 0.153238
0.02 0.153709
0.04 0.153633
0.04 0.154018
0.025 0.153607
0.01 0.153065
0.045 0.152481
0.015 0.151613
0.115 0.150795
0.095 0.149564
0.08 0.149061
0.035 0.149898
0.01 0.150872
0.045 0.152214
0.035 0.15406
0.02 0.15701
0.01 0.159982
0.005 0.162825
0.015 0.165261
0.01 0.168125
0.055 0.170974
0.12 0.171912
0.105 0.173645
0.1 0.176444
0.025 0.179485
0.085 0.182219
0.085 0.183854
0.035 0.184809
0.07 0.186575
0.045 0.187862
0.04 0.188264
0.01 0.189129
0.01 0.190198
0.06 0.191576
0.095 0.192446
0.085 0.193078
0.135 0.193722
0.005 0.194243
0.03 0.194287
0.01 0.194374
0.055 0.193621
0.045 0.193209
0.025 0.192845
0.095 0.191415
0.055 0.190233
0.035 0.189471
0.05 0.18855
0.08 0.187572
0.025 0.187363
0.01 0.187332
0.005 0.186557
0.175 0.186319
0.115 0.185253
0.12 0.184785
0.105 0.185282
0.18 0.186181
0.24 0.186794
0.245 0.187408
0.29 0.1884
0.255 0.188987
0.305 0.190421
0.245 0.190683
0.215 0.191384
0.22 0.192436
0.225 0.19265
0.285 0.193084
0.295 0.194228
0.26 0.195529
0.285 0.196645
0.25 0.198047
0.27 0.199564
0.28 0.202064
0.175 0.20451
0.155 0.207594
0.1 0.210953
0.12 0.21329
0.1 0.216135
0.155 0.218318
0.12 0.219538
0.17 0.220218
0.085 0.221203
0.105 0.222126
0.13 0.224409
0.175 0.225921
0.19 0.226992
0.15 0.229259
0.13 0.231164
0.18 0.232752
0.175 0.233668
0.25 0.234818
0.225 0.23611
0.15 0.237329
0.17 0.23901
0.25 0.240991
0.115 0.242422
0.105 0.243138
0.15 0.244581
0.11 0.246675
0.08 0.248367
0.055 0.249341
0.05 0.250504
0.015 0.251901
0.05 0.253669
0.16 0.255229
0.17 0.256141
0.225 0.257325
0.205 0.258832
0.315 0.260537
0.35 0.261066
0.28 0.262115
0.25 0.263614
0.145 0.265166
0.195 0.266733
0.13 0.267324
0.12 0.267696
0.125 0.268202
0.12 0.268827
0.035 0.268391
0.02 0.268444
0.065 0.267038
0.125 0.266815
0.065 0.26634
0.125 0.26589
0.09 0.264187
0.025 0.262316
0.045 0.26067
0.04 0.259588
0.02 0.25919
0.09 0.259643
0.135 0.25957
0.19 0.259647
0.21 0.260098
0.29 0.260948
0.235 0.261354
0.275 0.261366
0.285 0.261722
0.255 0.262494
0.27 0.263235
0.355 0.264054
0.385 0.263956
0.375 0.264353
0.375 0.264125
0.375 0.265004
0.44 0.265901
0.4 0.267388
0.35 0.268138
0.425 0.268332
0.35 0.268021
0.245 0.268592
0.1 0.269774
0.135 0.271842
0.115 0.274476
0.105 0.2767
0.12 0.279941
0.09 0.282838
0 0.284924
0.065 0.28765
0.045 0.289379
0.075 0.290133
0.14 0.289892
0.145 0.2891
0.13 0.289166
0.2 0.289536
0.27 0.290265
0.34 0.291256
0.355 0.292659
0.34 0.294574
0.415 0.295676
0.475 0.29623
0.515 0.296129
0.48 0.296645
0.46 0.297383
0.47 0.297125
0.4 0.297508
0.46 0.298418
0.425 0.298629
0.44 0.298241
0.44 0.298793
0.43 0.297763
0.415 0.296811
0.45 0.296794
0.39 0.296262
0.415 0.295532
0.435 0.29419
0.455 0.292317
0.415 0.290732
0.395 0.289445
0.395 0.288123
0.395 0.286796
0.38 0.284808
0.37 0.282661
0.355 0.280478
0.32 0.278946
0.35 0.276954
0.375 0.27436
0.34 0.27238
0.36 0.270943
0.355 0.268704
0.44 0.267726
0.41 0.266085
0.455 0.263675
0.44 0.261265
0.48 0.258576
0.48 0.256098
0.505 0.25419
0.535 0.251159
0.57 0.248083
0.625 0.244826
0.65 0.242446
0.68 0.239822
0.655 0.236857
0.685 0.234726
0.695 0.231915
0.755 0.228255
0.78 0.225279
0.795 0.221295
0.825 0.218465
0.85 0.216402
0.865 0.215295
0.82 0.214327
0.815 0.212833
0.79 0.210642
0.83 0.208802
0.865 0.208408
0.895 0.207391
0.855 0.207281
0.84 0.206669
0.875 0.206052
0.83 0.20492
0.82 0.203246
0.765 0.201858
0.825 0.200213
0.815 0.198006
0.845 0.195941
0.87 0.194542
0.84 0.192188
0.86 0.189997
0.865 0.187602
0.865 0.185119
0.82 0.182258
0.835 0.179816
0.845 0.178505
0.87 0.178153
0.94 0.177657
0.905 0.17737
0.9 0.176623
0.88 0.175125
0.84 0.173786
0.845 0.171696
0.845 0.169559
0.825 0.167504
0.815 0.164824
0.765 0.162309
0.815 0.16027
0.845 0.158263
0.805 0.156182
0.8 0.154354
0.785 0.152219
0.815 0.150061
0.82 0.14636
0.83 0.142315
0.83 0.138565
0.825 0.134074
0.805 0.128415
0.8 0.123214
0.765 0.118571
0.805 0.114929
0.81 0.109459
0.81 0.105076
0.81 0.100352
0.83 0.0954746
0.835 0.0910819
0.825 0.0859999
0.8 0.0809995
0.735 0.0767166
0.755 0.0730942
0.81 0.0690019
0.805 0.0650023
0.81 0.0607343
0.81 0.055867
0.84 0.0510407
0.88 0.0463084
0.915 0.0427376
0.885 0.0382501
0.835 0.0336268
0.845 0.0292861
0.855 0.0251647
0.86 0.0210167
0.86 0.0179458
0.87 0.0166334
0.94 0.0148746
0.93 0.013277
0.93 0.011584
0.895 0.0102302
0.89 0.00877566
0.84 0.00760083
0.88 0.00587378
0.905 0.00476828
0.9 0.0030141
0.865 0.000821846
0.89 -0.00222228
0.85 -0.00575898
0.83 -0.00890362
0.82 -0.0112945
0.82 -0.0127866
0.785 -0.0141887
0.78 -0.015987
0.735 -0.0174308
0.805 -0.0191807
0.82 -0.0206078
0.755 -0.0225389
0.715 -0.0239864
0.71 -0.0248517
0.78 -0.0252714
0.725 -0.0257964
0.745 -0.0255269
0.795 -0.0246058
0.825 -0.0238125
0.83 -0.0232881
0.86 -0.0232608
0.925 -0.0226902
0.93 -0.0230639
0.86 -0.0233287
0.83 -0.0224508
0.83 -0.0220793
0.86 -0.0223474
0.835 -0.0229306
0.76 -0.0233838
0.69 -0.023814
0.685 -0.0237973
0.65 -0.0233667
0.71 -0.0233331
0.72 -0.0237545
0.64 -0.0244244
0.675 -0.0242219
0.71 -0.0235701
0.74 -0.0224363
0.71 -0.0216044
0.7 -0.0204505
0.695 -0.0183776
0.675 -0.0162795
0.655 -0.0139338
0.7 -0.0122652
0.73 -0.0101259
0.665 -0.00760307
0.71 -0.0050336
0.7 -0.00294437
0.675 -0.00144998
0.74 0.000184168
0.795 0.00104302
0.76 0.00204576
0.86 0.00185964
0.83 0.00158773
0.835 0.00121595
0.82 0.000892103
0.83 0.000887097
0.79 0.000553625
0.83 0.00036171
0.855 -0.00026789
0.895 -0.000362202
0.935 -0.00149649
0.895 -0.00329629
0.91 -0.00484803
0.895 -0.00579762
0.86 -0.00506009
0.92 -0.00527194
0.875 -0.00584628
0.865 -0.00679788
0.885 -0.00507552
0.85 -0.00273948
0.82 -0.000717554
0.8 0.000625998
0.8 0.00109786
0.85 0.00073834
0.865 0.000546501
0.835 0.000182997
0.915 0.000813112
0.92 0.00134542
0.845 0.00181579
0.815 0.0022734
0.865 0.00260848
0.855 0.00246171
0.81 0.00190233
0.825 0.000115618
0.855 -0.00200547
0.83 -0.00380674
0.86 -0.00517831
0.82 -0.00686127
0.87 -0.00907306
0.825 -0.0106049
0.78 -0.0128074
0.78 -0.0148795
0.7 -0.0172372
0.715 -0.0186407
0.795 -0.0195979
0.785 -0.0200789
0.835 -0.0207238
0.8 -0.0222389
0.83 -0.024032
0.76 -0.0257513
0.83 -0.0267102
0.88 -0.0282891
0.88 -0.0289258
0.85 -0.0292686
0.865 -0.029026
0.86 -0.0289915
0.775 -0.0294056
0.8 -0.0283882
0.775 -0.0272094
0.82 -0.0258679
0.815 -0.0246361
0.84 -0.0233334
0.85 -0.0210951
0.85 -0.0196923
0.85 -0.0181953
0.82 -0.0176293
0.78 -0.0165996
0.765 -0.0165067
0.73 -0.0160793
0.74 -0.0160162
0.75 -0.0159639
0.805 -0.0166314
0.75 -0.017928
0.71 -0.018758
0.69 -0.019979
0.765 -0.0203342
0.69 -0.0208214
0.68 -0.0206831
0.715 -0.0195383
0.705 -0.0185885
0.69 -0.0179085
0.66 -0.0166588
0.72 -0.0161921
0.675 -0.01569
0.69 -0.0149075
0.74 -0.013343
0.735 -0.0107116
0.76 -0.00793523
0.73 -0.00507416
0.745 -0.0025422
0.73 -0.000140046
0.72 0.00288139
0.73 0.00514517
0.705 0.00643886
0.615 0.00774869
0.67 0.0103379
0.675 0.0117913
0.675 0.0135349
0.675 0.0145168
0.685 0.0163978
0.705 0.018492
0.75 0.0191211
0.725 0.0199889
0.665 0.0205939
0.72 0.0212952
0.665 0.0220834
0.67 0.0215322
0.635 0.0203042
0.58 0.0190924
0.575 0.0178655
0.62 0.0169137
0.595 0.0154929
0.62 0.0136543
0.55 0.0113633
0.525 0.00891121
0.57 0.00705352
0.575 0.00618459
0.535 0.00577786
0.51 0.00667522
0.565 0.00733737
0.6 0.00776336
0.635 0.00649471
0.705 0.00642124
0.715 0.00645478
0.725 0.00650381
0.685 0.00695128
0.695 0.00899555
0.7 0.0113984
0.665 0.0127947
0.665 0.0134995
0.635 0.0154583
0.62 0.0167615
0.63 0.0181757
0.63 0.0194935
0.61 0.0203358
0.675 0.0216067
0.635 0.0229159
0.595 0.0243529
0.48 0.0260515
0.56 0.0285004
0.63 0.0318418
0.56 0.0344786
0.625 0.0377068
0.59 0.0418178
0.59 0.0453002
0.65 0.0495397
0.655 0.053049
0.685 0.0551841
0.755 0.058307
0.75 0.0614487
0.82 0.0642854
0.8 0.0657584
0.81 0.0686437
0.785 0.0712717
0.83 0.073281
0.805 0.0748961
0.815 0.0769469
0.825 0.0788418
0.885 0.0794477
0.9 0.0801234
0.855 0.079501
0.805 0.0785982
0.815 0.0782774
0.79 0.0775394
0.77 0.0787291
0.82 0.0803943
0.785 0.0811605
0.815 0.0822417
0.805 0.0833704
0.865 0.0848512
0.925 0.0859496
0.9 0.0871871
0.925 0.0884903
0.915 0.0889761
0.89 0.0904285
0.875 0.0909252
0.89 0.0908705
0.88 0.0913523
0.88 0.0919971
0.9 0.0931595
0.905 0.0938803
0.86 0.094261
0.905 0.0952288
0.895 0.0957234
0.91 0.0955811
0.905 0.0945439
0.87 0.0941566
0.83 0.0941433
0.82 0.0933886
0.805 0.093909
0.795 0.0939319
0.79 0.0931731
0.795 0.0923373
0.81 0.0902093
0.845 0.088441
0.825 0.0855613
0.835 0.0836911
0.805 0.0823176
0.775 0.0806883
0.805 0.0787908
0.845 0.077911
0.84 0.0755888
0.87 0.0742033
0.845 0.0734128
0.845 0.0732308
0.8 0.0724976
0.845 0.0716237
0.835 0.0702356
0.77 0.0694159
0.845 0.070067
0.79 0.0694055
0.75 0.0705869
0.71 0.0715898
0.725 0.0729026
0.715 0.074647
0.665 0.0761175
0.72 0.0773647
0.665 0.0786609
0.695 0.0798758
0.8 0.0814385
0.79 0.0830641
0.83 0.0860786
0.86 0.0892959
0.865 0.0913399
0.84 0.093243
0.875 0.0950919
0.86 0.0974162
0.9 0.100046
0.9 0.1022
0.87 0.103358
0.85 0.10382
0.825 0.103585
0.86 0.104406
0.83 0.104841
0.835 0.105007
0.88 0.104827
0.88 0.105417
0.865 0.105177
0.835 0.10536
0.85 0.10621
0.83 0.106208
0.86 0.105825
0.87 0.105963
0.825 0.106469
0.825 0.107577
0.815 0.109421
0.82 0.112036
0.845 0.115264
0.815 0.11775
0.82 0.120409
0.79 0.123408
0.82 0.126383
0.85 0.129194
0.83 0.130444
0.82 0.131537
0.82 0.132817
0.83 0.133978
0.765 0.134934
0.75 0.135234
0.75 0.135514
0.73 0.135814
0.76 0.13492
0.79 0.134098
0.725 0.133014
0.79 0.13263
0.81 0.131205
0.77 0.128668
0.75 0.125655
0.735 0.122366
0.715 0.119637
0.755 0.116043
0.77 0.11288
0.745 0.109686
0.785 0.106248
0.81 0.102502
0.785 0.0987657
0.785 0.0946487
0.83 0.0905729
0.825 0.0864563
0.85 0.0831952
0.82 0.0797292
0.775 0.0769029
0.855 0.0738238
0.835 0.0717953
0.825 0.0689723
0.76 0.065988
0.8 0.0635904
0.815 0.0614715
0.81 0.0597211
0.77 0.0570362
0.745 0.0551523
0.67 0.0523526
0.65 0.0497323
0.57 0.0469901
0.59 0.0453199
0.685 0.0428783
0.72 0.0399662
0.715 0.0366285
0.715 0.0340378
0.665 0.0306216
0.66 0.0285513
0.575 0.0258316
0.565 0.0234325
0.59 0.0218169
0.515 0.0198297
0.53 0.0176773
0.45 0.016079
0.495 0.0143308
0.535 0.0122703
0.515 0.0100657
0.46 0.00832208
0.525 0.00726821
0.645 0.00652214
0.56 0.00557898
0.63 0.00378636
0.74 0.00198538
0.785 -2.46072e-05
0.84 -0.00216237
0.885 -0.00443089
0.855 -0.00688801
0.845 -0.00938749
0.855 -0.0109093
0.855 -0.0140636
0.855 -0.0180242
0.83 -0.0209364
0.81 -0.0222567
0.835 -0.0238178
0.795 -0.0262856
0.83 -0.0294159
0.82 -0.031286
0.805 -0.0340644
0.78 -0.0360555
0.83 -0.0392914
0.845 -0.0415407
0.89 -0.043593
0.865 -0.0470791
0.86 -0.0507785
0.88 -0.0533912
0.875 -0.0551232
0.92 -0.0582704
0.895 -0.0611732
0.87 -0.0639049
0.825 -0.0653605
0.86 -0.0671753
0.88 -0.0698782
0.835 -0.0727733
0.73 -0.0760994
0.705 -0.0789431
0.755 -0.0814393
0.74 -0.0839701
0.77 -0.0860709
0.785 -0.0880967
0.87 -0.089739
0.855 -0.0920097
0.885 -0.0947906
0.86 -0.0976425
0.85 -0.100276
0.805 -0.101909
0.775 -0.103616
0.815 -0.105089
0.87 -0.106604
0.875 -0.108444
0.835 -0.110025
0.76 -0.111167
0.835 -0.112062
0.795 -0.113385
0.785 -0.113206
0.775 -0.111519
0.73 -0.109858
0.725 -0.109288
0.65 -0.107727
0.615 -0.106759
0.595 -0.10463
0.655 -0.102056
0.69 -0.0999991
0.67 -0.0980486
0.67 -0.0966008
0.655 -0.09519
0.72 -0.0936126
0.675 -0.0935481
0.715 -0.0931743
0.71 -0.0941354
0.785 -0.0958211
0.765 -0.0962898
0.7 -0.0973847
0.67 -0.0970028
0.66 -0.0955112
0.59 -0.0942953
0.565 -0.0944254
0.64 -0.0948713
0.605 -0.0965171
0.565 -0.09728
0.565 -0.0984062
0.625 -0.100715
0.61 -0.103134
0.64 -0.104901
0.64 -0.107347
0.585 -0.109166
0.615 -0.110498
0.625 -0.11263
0.6 -0.114953
0.555 -0.116957
0.6 -0.118576
0.64 -0.11871
0.725 -0.118818
0.7 -0.118558
0.695 -0.118247
0.685 -0.118535
0.69 -0.118504
0.75 -0.117755
0.71 -0.118071
0.69 -0.117439
0.755 -0.11717
0.775 -0.117802
0.79 -0.117716
0.79 -0.117589
0.76 -0.116655
0.83 -0.116031
0.83 -0.115665
0.82 -0.11589
0.83 -0.117752
0.825 -0.11906
0.84 -0.119735
0.82 -0.119732
0.74 -0.119513
0.695 -0.119002
0.7 -0.119509
0.775 -0.119281
0.74 -0.11882
0.74 -0.117438
0.77 -0.114688
0.78 -0.111566
0.77 -0.108384
0.755 -0.104492
0.77 -0.100708
0.7 -0.0967361
0.645 -0.0928444
0.66 -0.0884826
0.625 -0.0846953
0.7 -0.0818717
0.69 -0.0790802
0.76 -0.0758014
0.815 -0.0727114
0.8 -0.0702263
0.89 -0.0699405
0.9 -0.0692862
0.915 -0.0694585
0.875 -0.0695436
0.87 -0.0694244
0.835 -0.0704551
0.815 -0.0717504
0.855 -0.0723088
0.84 -0.0731373
0.825 -0.0740867
0.8 -0.0751058
0.89 -0.0746213
0.87 -0.0752933
0.855 -0.0763581
0.825 -0.0770609
0.87 -0.0780719
0.835 -0.0785184
0.865 -0.0802341
0.84 -0.0823405
0.9 -0.0829411
0.88 -0.0845663
0.885 -0.0855824
0.895 -0.0859488
0.915 -0.0863491
0.865 -0.0860653
0.905 -0.0863222
0.885 -0.0871672
0.845 -0.0872788
0.86 -0.0877459
0.835 -0.089546
0.88 -0.0912902
0.875 -0.0929537
0.88 -0.0942521
0.91 -0.0946008
0.9 -0.0953644
0.91 -0.0961983
0.875 -0.0965809
0.855 -0.0969511
0.845 -0.0980828
0.825 -0.0997252
0.855 -0.10042
0.82 -0.10097
0.81 -0.102734
0.8 -0.103616
0.805 -0.104896
0.795 -0.10621
0.82 -0.106918
0.815 -0.10813
0.835 -0.109247
0.86 -0.110722
0.88 -0.111562
0.915 -0.112743
0.915 -0.114067
0.885 -0.114153
0.855 -0.115247
0.795 -0.115864
0.85 -0.11545
0.85 -0.115985
0.865 -0.116546
0.86 -0.116342
0.815 -0.116273
0.775 -0.115248
0.77 -0.114199
0.755 -0.112648
0.77 -0.112031
0.68 -0.111979
0.685 -0.111296
0.695 -0.109742
0.77 -0.108781
0.805 -0.108104
0.78 -0.107315
0.75 -0.106297
0.735 -0.105759
0.72 -0.10521
0.73 -0.104622
0.79 -0.104175
0.75 -0.103419
0.705 -0.102956
0.655 -0.102173
0.6 -0.102409
0.6 -0.102464
0.71 -0.101334
0.62 -0.0997178
0.7 -0.0981342
0.685 -0.0962579
0.7 -0.0943464
0.68 -0.0931591
0.67 -0.0925299
0.66 -0.0934845
0.65 -0.0948769
0.65 -0.0963332
0.615 -0.0975695
0.66 -0.0994309
0.7 -0.100778
0.705 -0.101695
0.69 -0.103438
0.735 -0.105238
0.755 -0.106167
0.765 -0.106992
0.83 -0.107068
0.86 -0.107746
0.87 -0.108495
0.865 -0.110093
0.82 -0.113074
0.775 -0.11583
0.79 -0.118133
0.805 -0.121152
0.755 -0.123659
0.73 -0.126127
0.675 -0.128012
0.655 -0.129126
0.69 -0.130801
0.725 -0.132205
0.705 -0.133782
0.755 -0.134732
0.755 -0.136072
0.785 -0.138705
0.81 -0.141057
0.82 -0.143687
0.835 -0.145693
0.86 -0.14732
0.85 -0.147713
0.84 -0.148861
0.87 -0.148765
0.86 -0.149033
0.805 -0.14912
0.86 -0.149426
0.84 -0.150078
0.825 -0.149235
0.81 -0.149078
0.735 -0.149578
0.7 -0.150131
0.67 -0.151033
0.68 -0.15307
0.67 -0.154522
0.67 -0.154395
0.71 -0.15522
0.72 -0.157297
0.655 -0.158105
0.705 -0.158588
0.715 -0.158016
0.73 -0.157441
0.73 -0.157154
0.745 -0.15642
0.795 -0.156016
0.805 -0.156188
0.775 -0.156305
0.87 -0.155054
0.86 -0.15295
0.845 -0.15045
0.83 -0.147366
0.795 -0.143582
0.785 -0.141282
0.76 -0.139552
0.765 -0.13811
0.76 -0.136355
0.7 -0.133713
0.725 -0.131354
0.78 -0.12932
0.795 -0.128266
0.765 -0.127334
0.81 -0.126644
0.795 -0.126068
0.845 -0.127038
0.88 -0.127978
0.85 -0.128708
0.825 -0.127816
0.8 -0.127671
0.79 -0.128462
0.725 -0.131377
0.745 -0.134144
0.76 -0.137276
0.775 -0.140334
0.835 -0.142366
0.85 -0.143863
0.795 -0.146543
0.785 -0.149681
0.795 -0.152603
0.85 -0.156396
0.845 -0.159463
0.88 -0.162742
0.85 -0.166436
0.855 -0.169963
0.845 -0.171873
0.84 -0.174507
0.855 -0.176873
0.835 -0.179383
0.85 -0.181127
0.875 -0.182349
0.895 -0.183813
0.925 -0.185863
0.91 -0.187354
0.89 -0.187985
0.895 -0.18959
0.895 -0.190952
0.9 -0.192895
0.89 -0.195226
0.865 -0.196668
0.875 -0.19703
0.885 -0.198041
0.89 -0.198634
0.885 -0.199057
0.865 -0.199106
0.815 -0.199286
0.8 -0.199186
0.81 -0.198491
0.75 -0.198064
0.75 -0.196174
0.77 -0.195211
0.855 -0.195059
0.865 -0.193562
0.86 -0.19409
0.88 -0.193447
0.89 -0.195158
0.865 -0.195041
0.92 -0.195281
0.885 -0.196158
0.895 -0.19777
0.91 -0.198736
0.885 -0.199559
0.9 -0.199956
0.905 -0.20048
0.87 -0.200731
0.855 -0.201796
0.81 -0.204132
0.775 -0.206103
0.76 -0.208235
0.72 -0.211371
0.76 -0.214991
0.755 -0.218162
0.81 -0.221221
0.84 -0.225007
0.84 -0.228029
0.82 -0.230277
0.88 -0.232691
0.85 -0.235513
0.875 -0.238813
0.87 -0.242064
0.8 -0.244761
0.845 -0.246496
0.86 -0.248814
0.88 -0.250891
0.865 -0.251225
0.845 -0.252705
0.915 -0.252
0.89 -0.251605
0.9 -0.250803
0.9 -0.249409
0.89 -0.247592
0.825 -0.246544
0.76 -0.245961
0.765 -0.245737
0.805 -0.243839
0.86 -0.242775
0.885 -0.24143
0.905 -0.23961
0.915 -0.236931
0.85 -0.234915
0.79 -0.233631
0.8 -0.231651
0.795 -0.22978
0.785 -0.226505
0.74 -0.222953
0.765 -0.21898
0.745 -0.214787
0.8 -0.209269
0.82 -0.204968
0.815 -0.2002
0.77 -0.195975
0.775 -0.191443
0.775 -0.187219
0.815 -0.18294
0.81 -0.179132
0.79 -0.177941
0.84 -0.176113
0.845 -0.175929
0.895 -0.176128
0.86 -0.175397
0.815 -0.175153
0.815 -0.17366
0.78 -0.173601
0.82 -0.174306
0.85 -0.174555
0.86 -0.174831
0.835 -0.173821
0.84 -0.172646
0.775 -0.17309
0.78 -0.173563
0.805 -0.174191
0.825 -0.173973
0.845 -0.173432
0.775 -0.17424
0.755 -0.174751
0.755 -0.174377
0.74 -0.173785
0.74 -0.174005
0.78 -0.174911
0.815 -0.17542
0.795 -0.174334
0.83 -0.173124
0.835 -0.171676
0.8 -0.169177
0.84 -0.166735
0.855 -0.16369
0.855 -0.160511
0.895 -0.156808
0.885 -0.15249
0.85 -0.148221
0.855 -0.143496
0.82 -0.13878
0.795 -0.134025
0.845 -0.129467
0.84 -0.125379
0.84 -0.122119
0.795 -0.119059
0.85 -0.117759
0.79 -0.116764
0.83 -0.114319
0.83 -0.111868
0.795 -0.110784
0.77 -0.110823
0.765 -0.111151
0.76 -0.111789
0.685 -0.112661
0.715 -0.114094
0.655 -0.115583
0.7 -0.116161
0.73 -0.117543
0.735 -0.118598
0.795 -0.119862
0.79 -0.120511
0.715 -0.120674
0.675 -0.120109
0.66 -0.121279
0.665 -0.121343
0.65 -0.121353
0.57 -0.121186
0.485 -0.121517
0.505 -0.119743
0.605 -0.117305
0.56 -0.11534
0.6 -0.112882
0.67 -0.109597
0.705 -0.106369
0.745 -0.103481
0.655 -0.101235
0.66 -0.0993771
0.685 -0.0973682
0.73 -0.0963166
0.695 -0.0966359
0.75 -0.0961189
0.79 -0.0954456
0.735 -0.0939016
0.805 -0.0930252
0.755 -0.0929734
0.8 -0.0924286
0.71 -0.0918313
0.76 -0.0903361
0.845 -0.0888613
0.82 -0.087801
0.795 -0.0858449
0.85 -0.0841947
0.865 -0.0818618
0.905 -0.0797699
0.855 -0.0784939
0.85 -0.0776635
0.83 -0.0754008
0.75 -0.0739748
0.805 -0.0708802
0.84 -0.0694821
0.855 -0.0682178
0.91 -0.0667944
0.93 -0.0656555
0.92 -0.0642882
0.935 -0.0630075
0.85 -0.0607703
0.87 -0.0585526
0.865 -0.0573808
0.84 -0.0565644
0.79 -0.0566738
0.79 -0.056988
0.825 -0.0569728
0.895 -0.0573394
0.915 -0.0570257
0.935 -0.0575194
0.925 -0.05731
0.89 -0.0582222
0.835 -0.0587397
0.825 -0.0596103
0.765 -0.0603127
0.775 -0.0604537
0.73 -0.059835
0.725 -0.0585682
0.735 -0.0571328
0.76 -0.0555795
0.75 -0.0538628
0.815 -0.0522132
0.72 -0.051731
0.715 -0.0497693
0.75 -0.0481661
0.755 -0.0465506
0.75 -0.0441127
0.675 -0.0422574
0.715 -0.0395829
0.695 -0.0376401
0.63 -0.0356544
0.62 -0.0333615
0.615 -0.0304405
0.66 -0.0277283
0.65 -0.0256071
0.655 -0.0245304
0.585 -0.0241917
0.52 -0.02494
0.605 -0.0259058
0.63 -0.0274758
0.645 -0.0283774
0.66 -0.0294054
0.655 -0.0302725
0.675 -0.0313566
0.625 -0.0316909
0.645 -0.0328931
0.715 -0.0317614
0.735 -0.0311022
0.795 -0.0294643
0.75 -0.0273074
0.755 -0.0238892
0.75 -0.0215181
0.755 -0.0194997
0.735 -0.0169263
0.69 -0.0157327
0.65 -0.014198
0.745 -0.0131258
0.835 -0.0131503
0.835 -0.0135792
0.82 -0.0140164
0.81 -0.0140764
0.77 -0.013863
0.775 -0.0140051
0.73 -0.0148788
0.765 -0.0166942
0.77 -0.0185579
0.795 -0.0205436
0.83 -0.0223788
0.825 -0.0247552
0.84 -0.0263959
0.86 -0.0283868
0.795 -0.0306112
0.795 -0.0327911
0.78 -0.0347087
0.76 -0.0368233
0.7 -0.0390309
0.73 -0.0414831
0.645 -0.0438865
0.645 -0.0461704
0.685 -0.0480942
0.73 -0.049577
0.755 -0.0514974
0.75 -0.0534135
0.725 -0.0550927
0.78 -0.056496
0.785 -0.0584763
0.785 -0.0597641
0.78 -0.0616905
0.88 -0.0627689
0.875 -0.0642316
0.855 -0.0657949
0.795 -0.0670092
0.75 -0.0670168
0.8 -0.0664107
0.8 -0.0674626
0.735 -0.0685742
0.725 -0.0702576
0.785 -0.0720917
0.765 -0.0735492
0.735 -0.0755267
0.715 -0.0775485
0.73 -0.079165
0.73 -0.0807364
0.745 -0.0804452
0.72 -0.0806877
0.68 -0.0804857
0.725 -0.0804943
0.73 -0.0806773
0.765 -0.0809712
0.695 -0.081041
0.715 -0.0809657
0.78 -0.0797188
0.815 -0.079205
0.785 -0.0789785
0.795 -0.0782505
0.785 -0.0761987
0.775 -0.0740796
0.75 -0.0714787
0.8 -0.0689788
0.81 -0.0670895
0.805 -0.0638386
0.815 -0.061465
0.795 -0.058644
0.82 -0.0561506
0.81 -0.0527956
0.82 -0.0512815
0.815 -0.0496905
0.81 -0.0491282
0.815 -0.0488581
0.795 -0.0485448
0.805 -0.0491674
0.775 -0.049616
0.815 -0.0491575
0.815 -0.048726
0.795 -0.0487555
0.76 -0.0496394
0.78 -0.0494862
0.795 -0.0491068
0.795 -0.0491384
0.825 -0.0490985
0.865 -0.0491044
0.87 -0.0486875
0.83 -0.0491477
0.815 -0.0510498
0.795 -0.0529556
0.83 -0.0540054
0.82 -0.0562735
0.85 -0.0592962
0.89 -0.062167
0.905 -0.0652016
0.91 -0.0666462
0.875 -0.068355
0.92 -0.0693375
0.875 -0.0709112
0.85 -0.0719054
0.88 -0.073477
0.865 -0.0747823
0.895 -0.0751692
0.865 -0.0762264
0.815 -0.0760803
0.835 -0.0759901
0.87 -0.0745445
0.885 -0.0740596
0.925 -0.0729483
0.925 -0.0724809
0.925 -0.0717829
0.91 -0.0707562
0.875 -0.0687245
0.85 -0.0661523
0.9 -0.0634215
0.85 -0.060754
0.825 -0.0580885
0.855 -0.0553894
0.775 -0.0547699
0.845 -0.0550496
0.86 -0.0560145
0.885 -0.0562315
0.875 -0.0562568
0.905 -0.056536
0.865 -0.0570891
0.81 -0.057724
0.735 -0.0590068
0.755 -0.0606326
0.77 -0.0617626
0.8 -0.0634139
0.76 -0.0655153
0.8 -0.0678909
0.78 -0.0700457
0.785 -0.0738286
0.8 -0.0779489
0.8 -0.0829003
0.84 -0.0871395
0.83 -0.092341
0.83 -0.0957692
0.83 -0.0983062
0.8 -0.100999
0.76 -0.104316
0.805 -0.107355
0.775 -0.110557
0.875 -0.11491
0.88 -0.119317
0.875 -0.123169
0.87 -0.124699
0.835 -0.126454
0.795 -0.129061
0.815 -0.132174
0.825 -0.135888
0.845 -0.138191
0.84 -0.140574
0.885 -0.141921
0.91 -0.143842
0.925 -0.146216
0.885 -0.149055
0.845 -0.150885
0.79 -0.153191
0.81 -0.155085
0.815 -0.158163
0.825 -0.15991
0.8 -0.162016
0.795 -0.16388
0.785 -0.166666
0.815 -0.16873
0.75 -0.170891
0.755 -0.174097
0.775 -0.176785
0.72 -0.178895
0.77 -0.180877
0.755 -0.184105
0.715 -0.189253
0.725 -0.192384
0.705 -0.193897
0.725 -0.19625
0.75 -0.198661
0.72 -0.200163
0.665 -0.200772
0.675 -0.199406
0.605 -0.199856
0.605 -0.199841
0.545 -0.199778
0.595 -0.199523
0.54 -0.199034
0.525 -0.197312
0.555 -0.196311
0.61 -0.195208
0.66 -0.194799
0.61 -0.195182
0.655 -0.195244
0.635 -0.195354
0.625 -0.194788
0.645 -0.193409
0.64 -0.193806
0.625 -0.1952
0.655 -0.196507
0.65 -0.197491
0.635 -0.198695
0.585 -0.199362
0.68 -0.20006
0.66 -0.200067
0.72 -0.200587
0.665 -0.202216
0.695 -0.202072
0.775 -0.201362
0.78 -0.201287
0.87 -0.201344
0.865 -0.202247
0.88 -0.20365
0.86 -0.204415
0.885 -0.204798
0.865 -0.205151
0.92 -0.205512
0.93 -0.205808
0.875 -0.207702
0.855 -0.208974
0.805 -0.209155
0.845 -0.208202
0.81 -0.207078
0.8 -0.205472
0.835 -0.204037
0.86 -0.203757
0.835 -0.202779
0.765 -0.201476
0.83 -0.200013
0.83 -0.199866
0.83 -0.199066
0.825 -0.197242
0.73 -0.196097
0.79 -0.194294
0.77 -0.191894
0.77 -0.191312
0.825 -0.190948
0.82 -0.190318
0.845 -0.18975
0.865 -0.190107
0.845 -0.190335
0.815 -0.191154
0.77 -0.191524
0.745 -0.191461
0.75 -0.191428
0.76 -0.193044
0.79 -0.193201
0.81 -0.193292
0.795 -0.194513
0.795 -0.19554
0.83 -0.194716
0.815 -0.192534
0.825 -0.191966
0.765 -0.192824
0.78 -0.193359
0.745 -0.192924
0.735 -0.192425
0.715 -0.193036
0.715 -0.193666
0.725 -0.194525
0.76 -0.194159
0.765 -0.193348
0.71 -0.192843
0.685 -0.193258
0.645 -0.193635
0.725 -0.194318
0.77 -0.194537
0.765 -0.192921
0.74 -0.191911
0.73 -0.190997
0.82 -0.189702
0.795 -0.189114
0.775 -0.187998
0.815 -0.187078
0.84 -0.186196
0.8 -0.184217
0.755 -0.182959
0.755 -0.181162
0.775 -0.178387
0.775 -0.178085
0.685 -0.176248
0.71 -0.17371
0.685 -0.171275
0.695 -0.169998
0.685 -0.167071
0.655 -0.165321
0.67 -0.16279
0.64 -0.159967
0.68 -0.15652
0.6 -0.153752
0.625 -0.150087
0.78 -0.147555
0.81 -0.145538
0.845 -0.143144
0.83 -0.14091
0.79 -0.138985
0.82 -0.137363
0.745 -0.13566
0.795 -0.133149
0.765 -0.132332
0.775 -0.130631
0.82 -0.130353
0.825 -0.130348
0.805 -0.131152
0.795 -0.132154
0.67 -0.132137
0.675 -0.132218
0.645 -0.132827
0.635 -0.134778
0.65 -0.136865
0.65 -0.138834
0.665 -0.140526
0.585 -0.142048
0.645 -0.142881
0.69 -0.142583
0.605 -0.142365
0.595 -0.141681
0.52 -0.142567
0.455 -0.142967
0.455 -0.143072
0.47 -0.144156
0.435 -0.145683
0.415 -0.147411
0.395 -0.149132
0.44 -0.14988
0.435 -0.149185
0.515 -0.148561
0.515 -0.149569
0.48 -0.148924
0.46 -0.149489
0.44 -0.148732
0.4 -0.147654
0.38 -0.145239
0.345 -0.142862
0.37 -0.138429
0.28 -0.134507
0.285 -0.132518
0.35 -0.129009
0.32 -0.125612
0.4 -0.121576
0.38 -0.11739
0.42 -0.113912
0.41 -0.110344
0.5 -0.106397
0.455 -0.10219
0.435 -0.0979955
0.38 -0.0945837
0.44 -0.0912211
0.395 -0.0893744
0.31 -0.0866722
0.255 -0.0831394
0.305 -0.0791976
0.255 -0.0750694
0.23 -0.0711553
0.245 -0.0681539
0.175 -0.0650486
0.15 -0.0612216
0.205 -0.0574588
0.135 -0.0547625
0.13 -0.0523708
0.105 -0.0498566
0.12 -0.0485347
0.07 -0.0478026
0.13 -0.0489207
0.185 -0.0502788
0.245 -0.0522859
0.305 -0.0555658
0.26 -0.0606559
0.25 -0.064584
0.265 -0.067973
0.265 -0.0719582
0.265 -0.0740582
0.24 -0.07585
0.335 -0.0764356
0.365 -0.0772417
0.335 -0.0795396
0.375 -0.0805769
0.375 -0.0811367
0.315 -0.0825053
0.235 -0.0841649
0.255 -0.0862861
0.275 -0.0882719
0.31 -0.0905225
0.325 -0.0934713
0.335 -0.0938815
0.305 -0.0949897
0.385 -0.0967336
0.375 -0.0973762
0.435 -0.097909
0.44 -0.0980019
0.38 -0.0993496
0.33 -0.0992993
0.37 -0.0994637
0.335 -0.100763
0.34 -0.101878
0.29 -0.102427
0.24 -0.101185
0.28 -0.100244
0.13 -0.0994748
0.225 -0.0977421
0.235 -0.0964934
0.23 -0.0960479
0.17 -0.0963131
0.225 -0.0952332
0.205 -0.094333
0.17 -0.0927357
0.165 -0.0912438
0.185 -0.090264
0.195 -0.0885358
0.26 -0.0881765
0.24 -0.0864355
0.265 -0.0848926
0.29 -0.0837709
0.305 -0.0833791
0.265 -0.0814318
0.28 -0.0790961
0.31 -0.0761934
0.31 -0.0733563
0.255 -0.0712811
0.21 -0.0703596
0.25 -0.0697938
0.26 -0.0703932
0.27 -0.0701555
0.255 -0.0703564
0.265 -0.0711799
0.19 -0.0718715
0.13 -0.0718925
0.14 -0.0717332
0.08 -0.0707906
0.135 -0.0708199
0.185 -0.0698464
0.24 -0.0695832
0.175 -0.0687628
0.175 -0.0683557
0.165 -0.0668651
0.29 -0.0651659
0.395 -0.0636449
0.37 -0.0608277
0.43 -0.0584648
0.435 -0.0560425
0.48 -0.0547844
0.485 -0.052164
0.525 -0.0503275
0.61 -0.0481315
0.63 -0.046463
0.635 -0.0441943
0.665 -0.0424718
0.7 -0.0405243
0.73 -0.0393273
0.765 -0.0383601
0.825 -0.0371668
0.82 -0.0365839
0.785 -0.0368584
0.76 -0.0374412
0.74 -0.0388442
0.695 -0.0410968
0.7 -0.043267
0.715 -0.0453256
0.62 -0.0465395
0.66 -0.0487869
0.59 -0.0501669
0.59 -0.0510558
0.65 -0.0516861
0.67 -0.052076
0.7 -0.0527556
0.695 -0.053782
0.675 -0.0546514
0.625 -0.054427
0.605 -0.0560816
0.595 -0.0594303
0.565 -0.062695
0.59 -0.0647077
0.505 -0.0661683
0.48 -0.0678156
0.555 -0.0689627
0.68 -0.0702291
0.62 -0.0731034
0.645 -0.0760525
0.555 -0.0773084
0.55 -0.0786652
0.565 -0.0799563
0.58 -0.0811076
0.565 -0.0822465
0.62 -0.0835165
0.69 -0.0836022
0.655 -0.0830791
0.73 -0.0827824
0.765 -0.0842561
0.75 -0.084637
0.78 -0.0849409
0.725 -0.0843477
0.7 -0.0823649
0.77 -0.0804683
0.81 -0.0779803
0.865 -0.0752302
0.87 -0.0716409
0.86 -0.0672163
0.91 -0.0628305
0.895 -0.0594144
0.875 -0.0557744
0.835 -0.0509048
0.865 -0.0464181
0.91 -0.0428208
0.93 -0.0397645
0.95 -0.037664
0.89 -0.0353845
0.875 -0.0320878
0.9 -0.0299898
0.855 -0.027791
0.82 -0.0263121
0.87 -0.0235999
0.89 -0.020044
0.91 -0.0165489
0.92 -0.0144058
0.885 -0.0115636
0.855 -0.0095653
0.855 -0.00910317
0.855 -0.0106025
0.81 -0.013875
0.825 -0.0158366
0.755 -0.0174674
0.755 -0.0190205
0.785 -0.0212793
0.835 -0.0226931
0.845 -0.0260733
0.92 -0.02911
0.865 -0.032974
0.81 -0.0368886
0.75 -0.0383517
0.75 -0.03922
0.76 -0.0378294
0.735 -0.0361066
0.61 -0.0339397
0.62 -0.0323761
0.63 -0.0316557
0.63 -0.0316604
0.705 -0.0297964
0.745 -0.0290299
0.67 -0.029122
0.6 -0.0293361
0.645 -0.028549
0.765 -0.0266102
0.78 -0.0259617
0.785 -0.0251686
0.77 -0.0243176
0.835 -0.0226559
0.845 -0.0219279
0.79 -0.0219658
0.755 -0.0224183
0.73 -0.0235585
0.71 -0.0230125
0.795 -0.0235151
0.775 -0.0241628
0.835 -0.0242634
0.83 -0.024285
0.865 -0.0259595
0.865 -0.027693
0.875 -0.0286472
0.855 -0.0305432
0.875 -0.0321024
0.875 -0.032584
0.93 -0.0339682
0.92 -0.0350106
0.905 -0.0365164
0.895 -0.0373199
0.835 -0.0365921
0.82 -0.0350553
0.835 -0.0334548
0.81 -0.0309652
0.83 -0.0282855
0.795 -0.0258151
0.825 -0.0238676
0.845 -0.0209281
0.875 -0.0184983
0.83 -0.0167324
0.835 -0.0141089
0.845 -0.0102691
0.795 -0.00740938
0.72 -0.00590311
0.7 -0.0042738
0.71 -0.00286375
0.675 -0.00312794
0.635 -0.00321558
0.66 -0.00319254
0.675 -0.00306413
0.625 -0.00366182
0.595 -0.004089
0.62 -0.00408542
0.66 -0.00278639
0.675 -0.00240015
0.775 -0.00236961
0.86 -0.00183362
0.83 -0.00234904
0.735 -0.00297907
0.705 -0.00357525
0.715 -0.00484342
0.72 -0.00696346
0.715 -0.00664076
0.755 -0.00600754
0.765 -0.00496619
0.81 -0.00565082
0.85 -0.00699817
0.82 -0.00968605
0.885 -0.0122174
0.88 -0.0158704
0.84 -0.0187918
0.775 -0.0204194
0.735 -0.0229742
0.73 -0.0276862
0.715 -0.0321808
0.745 -0.0354144
0.735 -0.0373645
0.72 -0.0399212
0.72 -0.0415128
0.71 -0.0430371
0.73 -0.0459327
0.66 -0.0489106
0.67 -0.051623
0.675 -0.0534416
0.725 -0.0541871
0.74 -0.0552815
0.765 -0.0570748
0.79 -0.0589558
0.675 -0.0589107
0.74 -0.0593723
0.73 -0.0596541
0.7 -0.0603843
0.67 -0.0608542
0.61 -0.0592851
0.655 -0.0573378
0.63 -0.0541938
0.67 -0.0514463
0.61 -0.0492714
0.645 -0.04558
0.605 -0.0413084
0.645 -0.0365916
0.68 -0.0331085
0.725 -0.0293893
0.695 -0.0264478
0.69 -0.0240052
0.655 -0.0238159
0.645 -0.0240358
0.685 -0.0236405
0.74 -0.0231968
0.695 -0.0230704
0.675 -0.0235867
0.68 -0.0259046
0.735 -0.0271301
0.67 -0.0286745
0.65 -0.0303572
0.695 -0.032642
0.64 -0.0345393
0.61 -0.0345044
0.59 -0.0357225
0.475 -0.0373854
0.5 -0.0370417
0.455 -0.0346543
0.57 -0.0326684
0.585 -0.0310063
0.5 -0.0300205
0.465 -0.0302242
0.49 -0.0294161
0.49 -0.0294984
0.56 -0.0292609
0.44 -0.0286664
0.425 -0.0282261
0.375 -0.0278787
0.385 -0.0266489
0.41 -0.0257957
0.38 -0.0246388
0.405 -0.023301
0.34 -0.0211743
0.34 -0.0200061
0.4 -0.0186693
0.335 -0.0180764
0.35 -0.0169678
0.305 -0.0140435
0.415 -0.0116775
0.435 -0.0081808
0.395 -0.00394929
0.44 -0.000523405
0.42 0.00223972
0.485 0.00494031
0.58 0.00732673
0.57 0.0108875
0.665 0.0135264
0.65 0.0170738
0.695 0.0191426
0.675 0.0232729
0.635 0.0249142
0.65 0.026282
0.69 0.0277176
0.715 0.0299112
0.74 0.0332927
0.85 0.034784
0.895 0.0357334
0.825 0.0367683
0.84 0.0369598
0.82 0.0360152
0.8 0.0352558
0.81 0.0347161
0.795 0.0330554
0.725 0.0326086
0.72 0.0317625
0.715 0.0308812
0.715 0.0295845
0.7 0.0284226
0.69 0.0263159
0.67 0.0244056
0.69 0.0220068
0.7 0.0203711
0.625 0.0188316
0.63 0.0179943
0.595 0.0166166
0.625 0.0143339
0.67 0.0115175
0.72 0.00798543
0.625 0.00483518
0.635 0.00174054
0.675 -0.0016546
0.69 -0.00435279
0.74 -0.00665804
0.785 -0.00879134
0.825 -0.0111265
0.83 -0.0143518
0.81 -0.0169348
0.835 -0.0190809
0.76 -0.0219716
0.815 -0.0232248
0.845 -0.0234529
0.805 -0.023713
0.82 -0.0236718
0.775 -0.0237745
0.735 -0.025048
0.78 -0.0265977
0.825 -0.0282807
0.775 -0.029697
0.81 -0.0321749
0.82 -0.0339555
0.785 -0.0365482
0.75 -0.0379179
0.715 -0.0412077
0.71 -0.0430899
0.7 -0.0434716
0.7 -0.0445012
0.615 -0.0435329
0.54 -0.0425394
0.485 -0.0403249
0.54 -0.038528
0.52 -0.0362283
0.425 -0.033504
0.36 -0.0330057
0.44 -0.0328208
0.47 -0.0317617
0.48 -0.0321865
0.38 -0.0322114
0.35 -0.0327925
0.325 -0.0322598
0.275 -0.0311217
0.295 -0.0299346
0.31 -0.0294923
0.295 -0.0281026
0.365 -0.027565
0.35 -0.0267543
0.42 -0.0251057
0.355 -0.0251519
0.315 -0.0263221
0.26 -0.0255933
0.285 -0.0234556
0.235 -0.022168
0.225 -0.0212791
0.19 -0.0200073
0.255 -0.0185804
0.245 -0.0178877
0.295 -0.0156299
0.355 -0.0155365
0.4 -0.0152748
0.41 -0.0141926
0.35 -0.0135456
0.315 -0.0122704
0.275 -0.0117589
0.295 -0.0116632
0.22 -0.0120309
0.25 -0.0119464
0.345 -0.0113131
0.44 -0.0116167
0.41 -0.0118902
0.45 -0.0112159
0.455 -0.0111119
0.52 -0.0113043
0.505 -0.0112654
0.485 -0.0117436
0.475 -0.0120528
0.41 -0.0119149
0.41 -0.0120331
0.425 -0.0112484
0.435 -0.0111067
0.42 -0.011278
0.34 -0.011013
0.37 -0.0100297
0.32 -0.0103946
0.275 -0.00990735
0.24 -0.00917285
0.265 -0.00881136
0.195 -0.00713469
0.23 -0.0063142
0.225 -0.00701822
0.215 -0.00707145
0.235 -0.00754349
0.295 -0.00780374
0.265 -0.00899484
0.215 -0.0089582
0.205 -0.00846323
0.235 -0.00746099
0.195 -0.00524356
0.21 -0.00260388
0.2 -0.000645515
0.235 0.000491391
0.27 0.000974574
0.33 0.00188259
0.33 0.00212383
0.28 0.00178765
0.265 0.00172791
0.185 -0.000241741
0.155 -0.00340751
0.125 -0.00525936
0.19 -0.00732218
0.26 -0.0106074
0.24 -0.0131028
0.185 -0.0150299
0.105 -0.0173481
0.11 -0.0187379
0.125 -0.0206243
0.16 -0.0206404
0.16 -0.0215253
0.25 -0.0211009
0.225 -0.0216008
0.285 -0.0226727
0.3 -0.0234896
0.32 -0.0248057
0.345 -0.0264328
0.435 -0.0280533
0.395 -0.0314757
0.455 -0.0333041
0.515 -0.0342813
0.52 -0.0341318
0.595 -0.0368756
0.61 -0.0379191
0.73 -0.0378008
0.7 -0.0390772
0.75 -0.0382791
0.805 -0.0371732
0.83 -0.0338334
0.885 -0.030847
0.855 -0.030855
0.81 -0.0299123
0.855 -0.0275007
0.845 -0.0251021
0.845 -0.0230962
0.86 -0.0206994
0.86 -0.0198259
0.89 -0.0187193
0.85 -0.0189691
0.85 -0.0193246
0.835 -0.0189965
0.865 -0.0190268
0.845 -0.020441
0.855 -0.0211955
0.88 -0.0216279
0.885 -0.0213849
0.84 -0.0214798
0.87 -0.0214335
0.875 -0.0214274
0.9 -0.0207294
0.875 -0.0213727
0.87 -0.0223196
0.87 -0.0245387
0.86 -0.0254854
0.855 -0.0263408
0.82 -0.0251041
0.845 -0.0240712
0.82 -0.0222251
0.81 -0.0211148
0.86 -0.0215742
0.86 -0.0209711
0.885 -0.0207041
0.885 -0.0203626
0.895 -0.018796
0.885 -0.0178775
0.895 -0.0184171
0.865 -0.0179149
0.865 -0.0166928
0.875 -0.0177228
0.81 -0.0186952
0.825 -0.0193061
0.86 -0.0199941
0.85 -0.0211492
0.79 -0.0217716
0.805 -0.0223817
0.785 -0.0226904
0.84 -0.0235336
0.82 -0.0253022
0.815 -0.0253478
0.805 -0.0276042
0.81 -0.0294642
0.81 -0.0294098
0.71 -0.0276124
0.74 -0.026807
0.745 -0.0255352
0.74 -0.0232602
0.73 -0.0209586
0.715 -0.0191718
0.75 -0.0193308
0.81 -0.018622
0.82 -0.0171137
0.825 -0.0152588
0.815 -0.0147768
0.855 -0.0148909
0.84 -0.0158602
0.825 -0.0144585
0.845 -0.0121431
0.805 -0.0105969
0.84 -0.0116452
0.82 -0.0113701
0.825 -0.0111522
0.8 -0.0131792
0.72 -0.015638
0.735 -0.0177484
0.715 -0.0206066
0.78 -0.0228638
0.81 -0.0256387
0.855 -0.0292857
0.835 -0.0323325
0.79 -0.0377793
0.84 -0.0411389
0.815 -0.0445689
0.85 -0.0466685
0.865 -0.046615
0.93 -0.0467833
0.92 -0.0480706
0.885 -0.0511723
0.915 -0.0522728
0.89 -0.0538134
0.87 -0.0531759
0.875 -0.0513958
0.885 -0.0492161
0.89 -0.046806
0.9 -0.0439213
0.88 -0.0419446
0.835 -0.0390692
0.845 -0.0355905
0.845 -0.0311592
0.825 -0.0273974
0.835 -0.0227768
0.885 -0.019397
0.86 -0.0159843
0.895 -0.0117576
0.87 -0.00690914
0.84 -0.00270202
0.81 0.00187684
0.78 0.00630446
0.805 0.0106293
0.825 0.015378
0.725 0.0193998
0.765 0.0238853
0.785 0.0273117
0.74 0.0289248
0.76 0.0297693
0.735 0.0297353
0.735 0.0300618
0.845 0.031371
0.755 0.0322107
0.79 0.0334244
0.785 0.0327894
0.735 0.0326868
0.81 0.0323879
0.815 0.0319418
0.81 0.0316508
0.795 0.0311752
0.765 0.0317345
0.705 0.0285355
0.57 0.0280004
0.505 0.0261973
0.505 0.0240333
0.55 0.0196597
0.585 0.0159862
0.615 0.0124862
0.58 0.00853724
0.565 0.00362256
0.57 -0.00200705
0.595 -0.00804756
0.55 -0.012435
0.505 -0.0176282
0.51 -0.0204127
0.6 -0.0231295
0.57 -0.025979
0.525 -0.0284129
0.495 -0.0310015
0.56 -0.0324752
0.555 -0.0336169
0.49 -0.0353501
0.48 -0.0343247
0.595 -0.0323459
0.555 -0.032029
0.615 -0.030592
0.66 -0.0299153
0.62 -0.0269426
0.685 -0.0235418
0.64 -0.0208966
0.645 -0.0188522
0.715 -0.0160878
0.805 -0.0121281
0.765 -0.0102548
0.735 -0.0100132
0.73 -0.0104419
0.695 -0.0111894
0.685 -0.011413
0.74 -0.011374
0.72 -0.0128658
0.675 -0.0140997
0.65 -0.0160458
0.62 -0.0172501
0.58 -0.0184542
0.53 -0.0182692
0.48 -0.0183413
0.49 -0.0190105
0.405 -0.0204863
0.415 -0.020888
0.455 -0.0215622
0.53 -0.0218224
0.57 -0.0245159
0.585 -0.0270286
0.565 -0.0297565
0.54 -0.0329061
0.585 -0.0368767
0.57 -0.040495
0.655 -0.0434647
0.59 -0.0458073
0.585 -0.049186
0.59 -0.0520467
0.62 -0.0535417
0.63 -0.0536323
0.64 -0.0534536
0.63 -0.0537163
0.6 -0.0533785
0.56 -0.0523786
0.625 -0.0528592
0.64 -0.051572
0.68 -0.050141
0.61 -0.0501512
0.59 -0.0476815
0.62 -0.0467615
0.7 -0.0448328
0.69 -0.0432425
0.62 -0.0437636
0.615 -0.0446688
0.57 -0.0466136
0.615 -0.0494833
0.59 -0.0506246
0.565 -0.0520963
0.685 -0.0514823
0.635 -0.0506127
0.655 -0.0507686
0.735 -0.050818
0.74 -0.0494772
0.695 -0.0483802
0.74 -0.0472413
0.755 -0.0436132
0.835 -0.040784
0.81 -0.0386357
0.78 -0.0350172
0.805 -0.0334751
0.825 -0.0336748
0.87 -0.0355275
0.865 -0.0373298
0.865 -0.0361426
0.86 -0.0381717
0.875 -0.0401428
0.875 -0.043915
0.825 -0.0452139
0.77 -0.0472819
0.79 -0.0495638
0.785 -0.0509418
0.76 -0.052379
0.735 -0.0531121
0.65 -0.0547736
0.65 -0.0557033
0.645 -0.0562789
0.58 -0.0564257
0.54 -0.0559595
0.615 -0.0571265
0.635 -0.0587241
0.665 -0.0600652
0.73 -0.0608975
0.765 -0.0617889
0.715 -0.0597701
0.765 -0.0574999
0.775 -0.0559233
0.785 -0.0553676
0.765 -0.0545976
0.845 -0.0534986
0.845 -0.0537685
0.845 -0.053986
0.815 -0.0534774
0.755 -0.0528589
0.805 -0.0524448
0.79 -0.0506663
0.765 -0.0491179
0.835 -0.0476417
0.78 -0.0475549
0.815 -0.0462891
0.805 -0.0466736
0.82 -0.0462957
0.75 -0.0453509
0.775 -0.0440636
0.77 -0.0422999
0.78 -0.0392712
0.755 -0.0368848
0.73 -0.0357002
0.785 -0.0342946
0.785 -0.0317006
0.75 -0.0305397
0.735 -0.0304514
0.645 -0.0295896
0.665 -0.026868
0.7 -0.0247958
0.67 -0.0241677
0.67 -0.0221561
0.64 -0.0223322
0.575 -0.0196319
0.58 -0.016774
0.635 -0.0145551
0.67 -0.0105401
0.67 -0.00730531
0.72 -0.00376843
0.7 -0.000502754
0.745 0.00159956
0.74 0.00467596
0.78 0.00586287
0.78 0.00550966
0.715 0.00444392
0.725 0.0030573
0.69 0.0019142
0.6 0.00253348
0.61 0.00255028
0.645 0.00221839
0.63 0.000182258
0.645 -0.000954125
0.715 -0.00247474
0.775 -0.00423961
0.775 -0.0054555
0.81 -0.00370363
0.875 -0.00208958
0.85 0.000131227
0.865 0.00252041
0.905 0.00323639
0.89 0.00263277
0.885 0.00313265
0.885 0.00551429
0.885 0.00532451
0.805 0.0059504
0.765 0.00669889
0.795 0.010947
0.845 0.0128792
0.835 0.0156315
0.77 0.0147032
0.825 0.0145767
0.825 0.0135941
0.825 0.0133578
0.835 0.010677
0.84 0.0103324
0.835 0.00823597
0.845 0.00623321
0.83 0.00330301
0.835 0.000301499
0.835 -0.00260414
0.89 -0.00432774
0.88 -0.00506749
0.87 -0.00435993
0.905 -0.00410803
0.885 -0.00302161
0.87 -0.00311192
0.835 -0.00303753
0.85 -0.00181341
0.865 -4.79485e-05
0.87 0.000469373
0.86 0.00161544
0.855 0.00517488
0.885 0.00936774
0.83 0.011276
0.865 0.0133715
0.855 0.0137559
0.885 0.0141952
0.9 0.0148271
0.9 0.0145689
0.83 0.0148827
0.81 0.0149422
0.77 0.0146904
0.755 0.0161025
0.815 0.0164775
0.795 0.0159119
0.805 0.0164495
0.82 0.0166724
0.885 0.017484
0.85 0.0171219
0.84 0.0156098
0.81 0.015768
0.83 0.0167031
0.785 0.0192711
0.795 0.0193169
0.745 0.0201111
0.73 0.0200608
0.74 0.0202138
0.785 0.0176565
0.795 0.0131618
0.75 0.0102987
0.81 0.0088202
0.785 0.00744784
0.815 0.00459704
0.775 0.00121373
0.835 0.00136479
0.86 0.000528346
0.895 -0.00087578
0.89 -0.00353657
0.9 -0.00469307
0.88 -0.00570764
0.88 -0.0048293
0.9 -0.00592611
0.885 -0.00707947
0.885 -0.00708108
0.9 -0.00796727
0.885 -0.00937106
0.88 -0.00950503
0.85 -0.010108
0.825 -0.0106395
0.845 -0.0112279
0.855 -0.0111909
0.83 -0.0120087
0.865 -0.0117051
0.87 -0.0113053
0.885 -0.0107242
0.905 -0.0103575
0.91 -0.0125185
0.92 -0.0144665
0.91 -0.0140157
0.815 -0.013263
0.8 -0.0132509
0.795 -0.013732
0.825 -0.0139275
0.82 -0.0151711
0.815 -0.0156885
0.765 -0.0187786
0.775 -0.0190556
0.76 -0.019814
0.795 -0.022257
0.775 -0.0238908
0.815 -0.0239202
0.82 -0.0257254
0.81 -0.0271409
0.79 -0.0297809
0.79 -0.0323521
0.8 -0.0336459
0.755 -0.03405
0.715 -0.0365208
0.675 -0.0384396
0.635 -0.0381187
0.6 -0.0365479
0.59 -0.0330265
0.65 -0.0297698
0.635 -0.0263443
0.65 -0.0246182
0.65 -0.0232804
0.62 -0.0204452
0.62 -0.0179165
0.6 -0.0153907
0.7 -0.0125995
0.745 -0.0106268
0.735 -0.0106904
0.695 -0.0100049
0.725 -0.0119123
0.705 -0.0125215
0.65 -0.0131925
0.62 -0.0113751
0.705 -0.0120301
0.735 -0.0116645
0.755 -0.0117565
0.795 -0.0105232
0.79 -0.0122715
0.725 -0.0125456
0.72 -0.0112859
0.73 -0.0093165
0.79 -0.010005
0.79 -0.0088697
0.8 -0.00840121
0.79 -0.00619526
0.805 -0.0046129
0.815 -0.00217251
0.81 -0.00246172
0.815 -0.00444938
0.795 -0.00505877
0.8 -0.00725864
0.855 -0.00422712
0.805 -0.00369792
0.8 -0.00365321
0.845 -0.00313571
0.885 -0.00388509
0.83 -0.00524822
0.825 -0.00752297
0.88 -0.00512847
0.905 -0.00396257
0.905 -0.0051838
0.895 -0.005599
0.93 -0.00622865
0.885 -0.00529922
0.895 -0.00321286
0.9 -0.0051045
0.915 -0.00618631
0.905 -0.00808517
0.9 -0.00672873
0.86 -0.00772309
0.815 -0.00880318
0.79 -0.00790011
0.785 -0.00471699
0.815 -0.000446848
0.765 0.00330325
0.8 0.00509074
0.865 0.00847705
0.875 0.0107123
0.84 0.01321
0.87 0.0151954
0.87 0.0193487
0.825 0.0230691
0.815 0.0266229
0.845 0.0290835
0.815 0.0295571
0.855 0.0305969
0.885 0.0309989
0.93 0.031382
0.89 0.031632
0.92 0.0323703
0.865 0.0325858
0.845 0.0334873
0.78 0.0326962
0.81 0.0326545
0.87 0.0306059
0.835 0.0266784
0.855 0.025115
0.775 0.0242739
0.785 0.0258109
0.855 0.0289626
0.805 0.0298865
0.85 0.0314532
0.755 0.0324673
0.86 0.0322491
0.875 0.0321831
0.83 0.0325395
0.825 0.0329839
0.81 0.0343192
0.82 0.0348127
0.84 0.034426
0.8 0.0355518
0.83 0.0356465
0.805 0.0339783
0.835 0.0312158
0.765 0.0316269
0.83 0.0327782
0.84 0.032152
0.735 0.0323642
0.755 0.0325027
0.68 0.0304215
0.735 0.0277505
0.72 0.0247925
0.765 0.0208558
0.8 0.0167196
0.77 0.0134978
0.705 0.00991557
0.675 0.00805369
0.655 0.00623491
0.75 0.00595677
0.77 0.00546263
0.78 0.00317331
0.795 0.00306319
0.795 0.00291739
0.815 0.00276724
0.795 0.00450414
0.715 0.00779116
0.78 0.00932166
0.8 0.00882882
0.785 0.0069128
0.735 0.00615059
0.725 0.00689774
0.805 0.00719317
0.82 0.00887836
0.825 0.0108596
0.74 0.0144064
0.755 0.0185049
0.73 0.0212697
0.805 0.023482
0.78 0.0262721
0.82 0.0283909
0.765 0.0294762
0.77 0.0312285
0.72 0.0326362
0.685 0.0334972
0.575 0.0346303
0.63 0.0341314
0.585 0.0337708
0.685 0.0309722
0.635 0.0285471
0.64 0.0267416
0.665 0.0236853
0.665 0.020867
0.62 0.0198353
0.695 0.0172804
0.715 0.0151359
0.71 0.0143343
0.785 0.0124288
0.815 0.0120701
0.795 0.0101526
0.805 0.00894593
0.835 0.00845786
0.9 0.00889355
0.875 0.00933884
0.885 0.00925758
0.855 0.00930359
0.845 0.00575571
0.79 0.000884453
0.815 -0.00550266
0.78 -0.0119917
0.76 -0.0185253
0.78 -0.023965
0.76 -0.0289709
0.73 -0.031456
0.705 -0.0356198
0.665 -0.0398004
0.705 -0.0432001
0.7 -0.0471028
0.74 -0.0505886
0.73 -0.0534734
0.67 -0.0543224
0.635 -0.0543362
0.665 -0.0545652
0.66 -0.0526063
0.645 -0.0549323
0.68 -0.0538325
0.725 -0.0543072
0.655 -0.0536894
0.65 -0.0522005
0.69 -0.0511413
0.7 -0.0503099
0.675 -0.0488836
0.675 -0.0497922
0.685 -0.051941
0.68 -0.0554575
0.7 -0.0578768
0.76 -0.0598506
0.69 -0.0636269
0.655 -0.0665066
0.65 -0.0677176
0.68 -0.0686687
0.66 -0.0689085
0.645 -0.0680109
0.575 -0.0662898
0.635 -0.0659035
0.63 -0.0657636
0.61 -0.0643322
0.595 -0.0616599
0.555 -0.0599455
0.565 -0.0557309
0.585 -0.0486872
0.59 -0.0425493
0.585 -0.0395253
0.545 -0.0373561
0.605 -0.0354582
0.64 -0.0319483
0.575 -0.0301502
0.525 -0.0286339
0.52 -0.0248492
0.545 -0.0195246
0.57 -0.0168819
0.575 -0.0114649
0.655 -0.00799773
0.68 -0.00407608
0.61 -0.000497082
0.665 0.00254995
0.66 0.00696526
0.6 0.0114701
0.615 0.0154874
0.62 0.018205
0.66 0.0181249
0.7 0.019716
0.67 0.0210991
0.71 0.0228238
0.69 0.0236219
0.7 0.0260981
0.68 0.0269402
0.67 0.0261089
0.64 0.0264261
0.635 0.0252894
0.69 0.0233168
0.69 0.0209117
0.73 0.0197553
0.74 0.0198545
0.695 0.0189921
0.725 0.0170267
0.785 0.015963
0.8 0.0162027
0.805 0.0164598
0.855 0.0159342
0.855 0.0148238
0.87 0.0183443
0.89 0.0225016
0.855 0.0271667
0.81 0.0253605
0.82 0.0251725
0.82 0.025575
0.805 0.0279531
0.775 0.0284784
0.745 0.0277097
0.735 0.0269152
0.745 0.0289205
0.77 0.0290653
0.73 0.0259095
0.765 0.0269629
0.76 0.0292356
0.775 0.0325346
0.82 0.0346931
0.865 0.0351909
0.885 0.0355485
0.895 0.0359569
0.925 0.0334209
0.93 0.0329042
0.915 0.0319009
0.845 0.0317232
0.86 0.028471
0.86 0.0296826
0.89 0.030605
0.91 0.0330066
0.915 0.0352908
0.915 0.0346735
0.91 0.0362673
0.86 0.036274
0.895 0.0349945
0.88 0.0343118
0.885 0.0344272
0.845 0.0317335
0.825 0.0298829
0.865 0.0281567
0.825 0.0256673
0.85 0.0243017
0.85 0.0211945
0.9 0.0176098
0.9 0.0160585
0.9 0.0105838
0.845 0.0027013
0.865 -0.0027188
0.805 -0.00775629
0.86 -0.00849728
0.825 -0.00843797
0.77 -0.0116968
0.71 -0.0126274
0.78 -0.012127
0.71 -0.0134053
0.73 -0.0147048
0.74 -0.0155487
0.725 -0.0140213
0.73 -0.0118676
0.83 -0.00992495
0.84 -0.00951749
0.835 -0.0103042
0.89 -0.00861102
0.91 -0.00349982
0.875 -0.00125555
0.91 -0.000272238
0.905 0.000465333
0.905 0.00484874
0.95 0.00923122
0.94 0.0105315
0.92 0.00949585
0.935 0.00849114
0.91 0.00979444
0.9 0.0144816
0.91 0.0180113
0.91 0.0195014
0.88 0.0191185
0.795 0.018806
0.81 0.020146
0.835 0.0183438
0.81 0.013674
0.795 0.0125421
0.79 0.0119784
0.815 0.00945186
0.825 0.00585901
0.83 0.00200326
0.855 -0.001361
0.845 -0.00438191
0.785 -0.00659386
0.82 -0.0147393
0.745 -0.0215026
0.78 -0.0265382
0.76 -0.0322155
0.77 -0.0373493
0.775 -0.0430696
0.795 -0.0460689
0.815 -0.0492593
0.76 -0.0493257
0.745 -0.0496388
0.82 -0.0501136
0.85 -0.052056
0.835 -0.053208
0.78 -0.0562692
0.77 -0.0546274
0.77 -0.0549405
0.69 -0.0557783
0.63 -0.0594813
0.68 -0.0595195
0.735 -0.0575018
0.8 -0.0582137
0.725 -0.0583276
0.77 -0.057404
0.77 -0.053421
0.835 -0.0525429
0.87 -0.0535941
0.845 -0.0550552
0.86 -0.05442
0.88 -0.0515441
0.865 -0.0485303
0.88 -0.0456761
0.885 -0.0416789
0.87 -0.0372354
0.84 -0.0320999
0.86 -0.0242671
0.86 -0.0216505
0.83 -0.0158996
0.83 -0.0123631
0.85 -0.00930803
0.815 -0.00801857
0.76 -0.0099416
0.715 -0.0120929
0.695 -0.0124591
0.665 -0.0133926
0.775 -0.0127863
0.775 -0.0193638
0.71 -0.0262757
0.695 -0.0329316
0.665 -0.0390945
0.72 -0.0441413
0.665 -0.0486594
0.625 -0.0522816
0.625 -0.0527506
0.665 -0.0528304
0.6 -0.0537696
0.615 -0.0507604
0.525 -0.0485475
0.555 -0.0454312
0.61 -0.0446278
0.57 -0.0407994
0.61 -0.0347702
0.63 -0.0332369
0.595 -0.0282085
0.63 -0.0252906
0.66 -0.0186175
0.6 -0.0131127
0.68 -0.0068711
0.68 0.000200159
0.78 0.00832167
0.795 0.0173269
0.765 0.0207799
0.71 0.0211836
0.765 0.0240485
0.745 0.028707
0.76 0.0378464
0.81 0.0487495
0.77 0.0548601
0.805 0.0649515
0.825 0.0744273
0.8 0.0827622
0.81 0.0867788
0.865 0.0892024
0.865 0.0932033
0.9 0.0987075
0.93 0.102388
0.93 0.102193
0.91 0.100013
0.855 0.094249
0.855 0.0907285
0.86 0.085725
0.88 0.0781208
0.895 0.0690796
0.88 0.0626354
0.92 0.0558624
0.9 0.046712
0.91 0.0353209
0.9 0.024778
0.835 0.016601
0.89 0.0119771
0.875 0.00893033
0.925 0.00407132
0.915 -0.000525945
0.9 -0.000509149
0.885 0.00107027
0.895 -0.00441312
0.9 -0.00897729
0.89 -0.0151851
0.885 -0.0195946
0.87 -0.0284936
0.865 -0.0366874
0.83 -0.0405918
0.865 -0.0396429
0.865 -0.0412022
0.845 -0.0452861
0.875 -0.0502027
0.845 -0.0512497
0.885 -0.0451307
0.855 -0.0446573
0.885 -0.0427666
0.87 -0.0376772
0.915 -0.0275058
0.88 -0.0208307
0.83 -0.0160134
0.865 -0.00745075
0.905 0.00632265
0.885 0.0184827
0.885 0.0309389
0.89 0.0399849
0.86 0.0448782
0.92 0.0533467
0.88 0.0555678
0.895 0.0595467
0.885 0.0645883
0.895 0.0706195
0.91 0.0780203
0.9 0.0764303
0.875 0.0617571
0.825 0.0548918
0.815 0.0502471
0.885 0.054182
0.86 0.0541599
0.835 0.0480969
0.86 0.0424519
0.845 0.0379701
0.805 0.0364395
0.835 0.0305976
0.795 0.0238745
0.84 0.025519
0.84 0.0290448
0.715 0.0270151
0.69 0.0242552
0.66 0.0197017
0.7 0.0190138
0.725 0.0183689
0.64 0.0172314
0.675 0.0154105
0.74 0.00971364
0.71 0.00545374
0.75 0.00664035
0.77 0.00394573
0.74 -0.00208494
0.825 -0.00609359
0.785 -0.00944393
0.845 -0.0114924
0.795 -0.0247636
0.815 -0.0359839
0.83 -0.0438871
0.805 -0.0423926
0.815 -0.0319304
0.88 -0.0235316
0.91 -0.024069
0.9 -0.0300073
0.88 -0.0343359
0.875 -0.0387384
0.885 -0.0439452
0.895 -0.0421724
0.91 -0.0365463
0.88 -0.0295116
0.835 -0.0215217
0.805 -0.0159642
0.825 -0.00591545
0.875 -0.00259333
0.915 0.00430488
0.925 0.0144915
0.935 0.0242241
0.885 0.0329603
0.885 0.0320234
0.855 0.0222572
0.84 0.0146401
0.855 0.0102113
0.865 0.0126014
0.885 0.0180844
0.87 0.0238159
0.865 0.0299822
0.84 0.0325075
0.815 0.0301099
0.76 0.0146337
0.705 0.00239657
0.765 0.00819746
0.79 0.0108098
0.705 -0.00344229
0.635 -0.0185907
0.575 -0.0291607
0.63 -0.0140996
0.7 -0.00557171
0.705 -0.00825438
0.71 -0.00320213
0.735 0
