0.755859 1
0.748047 0.986031
0.746094 0.97301
0.710938 0.960965
0.703125 0.949644
0.677734 0.938942
0.673828 0.927999
0.648438 0.917509
0.662109 0.907308
0.675781 0.897601
0.712891 0.8877
0.697266 0.878614
0.617188 0.870104
0.564453 0.862059
0.574219 0.854575
0.585938 0.846588
0.582031 0.839322
0.580078 0.832512
0.519531 0.825359
0.556641 0.818013
0.527344 0.811348
0.535156 0.804769
0.554688 0.797393
0.558594 0.790277
0.544922 0.782986
0.552734 0.776223
0.578125 0.769592
0.544922 0.762239
0.486328 0.755444
0.46875 0.748885
0.447266 0.742579
0.496094 0.736364
0.496094 0.729806
0.474609 0.723825
0.488281 0.717982
0.501953 0.711441
0.517578 0.705126
0.496094 0.699212
0.496094 0.693799
0.460938 0.688
0.460938 0.681881
0.476562 0.676146
0.466797 0.670523
0.441406 0.664474
0.449219 0.658247
0.388672 0.652074
0.367188 0.645543
0.347656 0.638514
0.373047 0.631743
0.324219 0.625844
0.306641 0.620372
0.263672 0.615468
0.314453 0.610924
0.375 0.606305
0.353516 0.601252
0.361328 0.596682
0.447266 0.592001
0.441406 0.586977
0.349609 0.582197
0.351562 0.577503
0.367188 0.572212
0.380859 0.566389
0.380859 0.560805
0.396484 0.555631
0.355469 0.550232
0.357422 0.545329
0.341797 0.540115
0.306641 0.534843
0.242188 0.530557
0.1875 0.525961
0.169922 0.521874
0.164062 0.518117
0.216797 0.514682
0.208984 0.511314
0.255859 0.508289
0.283203 0.50492
0.275391 0.501704
0.289062 0.498871
0.308594 0.495557
0.339844 0.491804
0.289062 0.488059
0.291016 0.484584
0.318359 0.481101
0.328125 0.477422
0.373047 0.474006
0.378906 0.469956
0.363281 0.466158
0.365234 0.46205
0.40625 0.457762
0.398438 0.453612
0.441406 0.449404
0.447266 0.445858
0.376953 0.441748
0.378906 0.438028
0.421875 0.434932
0.431641 0.432596
0.412109 0.430737
0.414062 0.42916
0.4375 0.42758
0.390625 0.425352
0.416016 0.4233
0.433594 0.420664
0.394531 0.418246
0.408203 0.416321
0.365234 0.414327
0.347656 0.412281
0.345703 0.409537
0.369141 0.406831
0.353516 0.404623
0.353516 0.401867
0.34375 0.399097
0.345703 0.397195
0.300781 0.394639
0.335938 0.392518
0.318359 0.390302
0.322266 0.388282
0.330078 0.38596
0.291016 0.383612
0.3125 0.381725
0.316406 0.380046
0.242188 0.379143
0.294922 0.377969
0.294922 0.376384
0.332031 0.375396
0.378906 0.374866
0.402344 0.373779
0.384766 0.373168
0.369141 0.371317
0.337891 0.370023
0.291016 0.368035
0.3125 0.365266
0.320312 0.362843
0.361328 0.36084
0.367188 0.359063
0.402344 0.357431
0.419922 0.355758
0.396484 0.354341
0.416016 0.353382
0.369141 0.352113
0.367188 0.350847
0.363281 0.349697
0.378906 0.348789
0.375 0.347384
0.375 0.345338
0.412109 0.343422
0.425781 0.341893
0.410156 0.340634
0.380859 0.338858
0.447266 0.33617
0.462891 0.333338
0.392578 0.330163
0.380859 0.326972
0.361328 0.323781
0.333984 0.321006
0.302734 0.31877
0.267578 0.316684
0.294922 0.314937
0.306641 0.314224
0.324219 0.313464
0.320312 0.313045
0.328125 0.311778
0.318359 0.310731
0.289062 0.309628
0.357422 0.30814
0.341797 0.305961
0.355469 0.303436
0.326172 0.30114
0.376953 0.299039
0.40625 0.29654
0.384766 0.293576
0.400391 0.291109
0.371094 0.288525
0.353516 0.286211
0.302734 0.283542
0.320312 0.281016
0.3125 0.278556
0.330078 0.276228
0.365234 0.274108
0.390625 0.271958
0.423828 0.270168
0.390625 0.268412
0.394531 0.266843
0.416016 0.264694
0.326172 0.262844
0.357422 0.261207
0.388672 0.259906
0.355469 0.258617
0.337891 0.257699
0.34375 0.256891
0.322266 0.256291
0.339844 0.255176
0.324219 0.254
0.351562 0.253018
0.337891 0.252376
0.345703 0.251623
0.279297 0.250497
0.261719 0.249465
0.259766 0.248991
0.25 0.248482
0.220703 0.247758
0.216797 0.247241
0.242188 0.246896
0.265625 0.246789
0.279297 0.246443
0.300781 0.24617
0.25 0.245206
0.21875 0.245169
0.214844 0.244485
0.212891 0.243662
0.183594 0.242216
0.246094 0.240877
0.21875 0.240004
0.228516 0.238371
0.197266 0.236692
0.210938 0.234902
0.257812 0.233328
0.277344 0.231242
0.261719 0.229388
0.271484 0.226736
0.283203 0.224607
0.195312 0.222293
0.210938 0.220139
0.167969 0.218511
0.154297 0.216481
0.175781 0.214644
0.121094 0.212792
0.0878906 0.210846
0.0761719 0.208656
0.134766 0.206805
0.177734 0.20491
0.21875 0.20283
0.126953 0.20062
0.134766 0.198293
0.1875 0.19568
0.175781 0.192678
0.201172 0.189654
0.195312 0.18634
0.189453 0.183433
0.158203 0.180234
0.183594 0.177777
0.234375 0.175026
0.271484 0.1719
0.314453 0.16905
0.287109 0.166351
0.367188 0.163434
0.423828 0.160949
0.423828 0.158664
0.421875 0.156637
0.390625 0.15469
0.423828 0.152678
0.388672 0.150736
0.378906 0.148656
0.365234 0.146054
0.416016 0.143759
0.451172 0.141217
0.400391 0.138125
0.40625 0.134654
0.396484 0.131487
0.40625 0.128575
0.427734 0.125932
0.490234 0.12382
0.460938 0.121716
0.476562 0.119504
0.466797 0.117618
0.46875 0.115786
0.541016 0.113851
0.583984 0.111381
0.619141 0.109404
0.626953 0.107968
0.617188 0.106483
0.566406 0.105051
0.541016 0.104156
0.597656 0.101991
0.597656 0.0988933
0.640625 0.0963034
0.630859 0.093614
0.597656 0.09102
0.605469 0.0888841
0.570312 0.0863733
0.548828 0.0841345
0.546875 0.082032
0.525391 0.0798925
0.498047 0.0775705
0.509766 0.0747188
0.501953 0.0716479
0.488281 0.0686878
0.505859 0.0652222
0.523438 0.0621591
0.511719 0.0593466
0.529297 0.0571839
0.505859 0.0551581
0.544922 0.0534464
0.566406 0.0510793
0.550781 0.0489512
0.488281 0.0468163
0.519531 0.0448271
0.578125 0.0431686
0.542969 0.0404104
0.570312 0.0377773
0.560547 0.0356766
0.591797 0.0344931
0.582031 0.033565
0.542969 0.0328365
0.554688 0.032316
0.572266 0.0316218
0.59375 0.0306146
0.566406 0.0290885
0.572266 0.0278703
0.576172 0.0268683
0.607422 0.0257216
0.617188 0.024075
0.599609 0.0226056
0.595703 0.0210965
0.607422 0.019669
0.580078 0.0183023
0.605469 0.0164048
0.601562 0.0148469
0.613281 0.0124681
0.613281 0.0100076
0.636719 0.00785311
0.597656 0.00527836
0.630859 0.00277435
0.611328 -0.000211139
0.570312 -0.00269794
0.533203 -0.00535042
0.552734 -0.00837417
0.615234 -0.0115198
0.619141 -0.0147813
0.648438 -0.0178038
0.667969 -0.0200478
0.693359 -0.0211613
0.746094 -0.0226495
0.716797 -0.0244129
0.6875 -0.0264144
0.644531 -0.0278539
0.685547 -0.0288953
0.675781 -0.0302309
0.644531 -0.0309305
0.675781 -0.0320696
0.685547 -0.0329082
0.708984 -0.0339292
0.679688 -0.0344915
0.689453 -0.0346727
0.716797 -0.0356008
0.724609 -0.0362669
0.734375 -0.0369621
0.726562 -0.0377364
0.730469 -0.038594
0.755859 -0.0399288
0.789062 -0.0414073
0.740234 -0.0432009
0.744141 -0.0447764
0.746094 -0.0459694
0.726562 -0.0472903
0.699219 -0.0485989
0.730469 -0.0494097
0.710938 -0.0508563
0.722656 -0.0524176
0.699219 -0.0540129
0.621094 -0.0563214
0.644531 -0.0587054
0.609375 -0.0608591
0.623047 -0.0633158
0.636719 -0.0655449
0.640625 -0.0681687
0.679688 -0.0702148
0.685547 -0.0723209
0.677734 -0.0740378
0.666016 -0.0743512
0.691406 -0.0750798
0.712891 -0.0759197
0.689453 -0.0771429
0.683594 -0.0777137
0.644531 -0.0784184
0.640625 -0.0786893
0.638672 -0.0795231
0.634766 -0.0800908
0.626953 -0.0812906
0.634766 -0.0825829
0.613281 -0.0842399
0.582031 -0.087017
0.576172 -0.0896234
0.568359 -0.0920449
0.585938 -0.0948345
0.611328 -0.0978266
0.599609 -0.100825
0.585938 -0.103287
0.597656 -0.105047
0.570312 -0.106964
0.550781 -0.108432
0.556641 -0.109505
0.572266 -0.11032
0.582031 -0.110918
0.558594 -0.111553
0.541016 -0.1122
0.544922 -0.112444
0.552734 -0.113174
0.501953 -0.113705
0.5 -0.114065
0.441406 -0.113713
0.488281 -0.113662
0.470703 -0.114785
0.488281 -0.116371
0.525391 -0.118489
0.550781 -0.120188
0.560547 -0.121686
0.580078 -0.122878
0.570312 -0.123438
0.583984 -0.1235
0.625 -0.123106
0.638672 -0.122181
0.585938 -0.121478
0.556641 -0.120183
0.505859 -0.118722
0.501953 -0.117378
0.46875 -0.116112
0.4375 -0.115232
0.462891 -0.114783
0.4375 -0.114108
0.429688 -0.113957
0.410156 -0.114067
0.416016 -0.114513
0.375 -0.115225
0.384766 -0.115566
0.404297 -0.116781
0.423828 -0.118581
0.417969 -0.120299
0.455078 -0.121268
0.447266 -0.121473
0.419922 -0.121858
0.419922 -0.121805
0.423828 -0.122169
0.435547 -0.12218
0.419922 -0.122789
0.400391 -0.122666
0.384766 -0.122919
0.369141 -0.122513
0.330078 -0.121568
0.431641 -0.120935
0.460938 -0.119977
0.5 -0.118982
0.521484 -0.119138
0.525391 -0.118946
0.517578 -0.118898
0.515625 -0.118461
0.490234 -0.118381
0.539062 -0.118887
0.556641 -0.119653
0.529297 -0.121186
0.539062 -0.121763
0.466797 -0.122011
0.441406 -0.121851
0.490234 -0.121442
0.455078 -0.121236
0.46875 -0.120581
0.537109 -0.120858
0.525391 -0.120926
0.525391 -0.120673
0.505859 -0.119927
0.517578 -0.119434
0.544922 -0.119484
0.544922 -0.119472
0.552734 -0.119476
0.603516 -0.119383
0.570312 -0.120036
0.574219 -0.120363
0.576172 -0.121153
0.605469 -0.122411
0.640625 -0.123883
0.652344 -0.12584
0.662109 -0.127803
0.619141 -0.128757
0.626953 -0.128981
0.640625 -0.129381
0.609375 -0.129738
0.617188 -0.129911
0.607422 -0.130364
0.595703 -0.130654
0.603516 -0.130162
0.642578 -0.129732
0.644531 -0.129617
0.638672 -0.129295
0.638672 -0.128263
0.65625 -0.127179
0.652344 -0.126826
0.669922 -0.126877
0.693359 -0.12692
0.728516 -0.127224
0.701172 -0.127043
0.691406 -0.126678
0.701172 -0.126464
0.667969 -0.126106
0.642578 -0.125063
0.65625 -0.123461
0.619141 -0.121706
0.669922 -0.119964
0.646484 -0.118625
0.662109 -0.117022
0.6875 -0.115723
0.691406 -0.114213
0.740234 -0.112744
0.710938 -0.112188
0.691406 -0.110672
0.658203 -0.10876
0.597656 -0.10736
0.556641 -0.10621
0.595703 -0.105794
0.603516 -0.105479
0.642578 -0.104524
0.660156 -0.103659
0.662109 -0.102907
0.675781 -0.102116
0.683594 -0.101382
0.689453 -0.101164
0.626953 -0.100352
0.636719 -0.099173
0.681641 -0.0978817
0.673828 -0.0961131
0.677734 -0.0940945
0.654297 -0.0924163
0.654297 -0.0904711
0.695312 -0.0884919
0.660156 -0.0870526
0.666016 -0.0852088
0.699219 -0.0844233
0.708984 -0.0841782
0.730469 -0.0842505
0.746094 -0.0844417
0.707031 -0.0844584
0.695312 -0.0842608
0.689453 -0.084185
0.707031 -0.083697
0.71875 -0.083802
0.707031 -0.0838369
0.681641 -0.083943
0.669922 -0.0837131
0.720703 -0.0829206
0.728516 -0.0826002
0.712891 -0.0818142
0.640625 -0.081152
0.595703 -0.080059
0.607422 -0.0791231
0.640625 -0.077766
0.625 -0.0767737
0.630859 -0.0758278
0.666016 -0.0746239
0.669922 -0.0735798
0.728516 -0.071976
0.701172 -0.0705394
0.712891 -0.0692999
0.669922 -0.0677218
0.693359 -0.0660085
0.683594 -0.0643707
0.664062 -0.0628232
0.658203 -0.0610207
0.642578 -0.0588728
0.640625 -0.0572082
0.646484 -0.0555489
0.583984 -0.0535504
0.580078 -0.0514012
0.591797 -0.0491542
0.587891 -0.0468976
0.613281 -0.0445423
0.628906 -0.0421047
0.601562 -0.0399259
0.632812 -0.0375347
0.609375 -0.0353476
0.603516 -0.0331843
0.630859 -0.031382
0.689453 -0.0295655
0.675781 -0.0282899
0.664062 -0.0267927
0.662109 -0.024651
0.671875 -0.0226892
0.699219 -0.0210491
0.642578 -0.0202917
0.623047 -0.0191448
0.611328 -0.018201
0.556641 -0.0170783
0.611328 -0.0151677
0.619141 -0.0131597
0.615234 -0.0113867
0.591797 -0.00988434
0.625 -0.00823906
0.666016 -0.00687606
0.693359 -0.00590554
0.714844 -0.00449492
0.714844 -0.00350362
0.726562 -0.00353288
0.703125 -0.00293615
0.673828 -0.00283471
0.726562 -0.00281497
0.714844 -0.00288903
0.710938 -0.0033454
0.708984 -0.00303758
0.707031 -0.00252609
0.650391 -0.0025553
0.662109 -0.00239201
0.701172 -0.00225408
0.677734 -0.00218132
0.714844 -0.00151146
0.730469 -0.000423741
0.71875 0.000707297
0.746094 0.0028482
0.710938 0.00444938
0.646484 0.00561209
0.654297 0.00745088
0.667969 0.00936736
0.669922 0.0117601
0.644531 0.0144561
0.603516 0.0169615
0.597656 0.0189807
0.658203 0.0207304
0.623047 0.0218035
0.642578 0.0229156
0.623047 0.0243644
0.609375 0.0257301
0.572266 0.0268885
0.525391 0.0284842
0.523438 0.0300806
0.498047 0.0319308
0.472656 0.0344199
0.453125 0.0364487
0.421875 0.03897
0.466797 0.0411411
0.46875 0.0439491
0.455078 0.0473142
0.498047 0.0503958
0.462891 0.0529455
0.447266 0.0548278
0.433594 0.0555932
0.480469 0.0563387
0.474609 0.0573817
0.472656 0.057973
0.46875 0.0579827
0.427734 0.0575241
0.435547 0.0572234
0.419922 0.0574176
0.349609 0.0585018
0.320312 0.0599628
0.273438 0.0619489
0.212891 0.0643507
0.242188 0.0669568
0.263672 0.0695105
0.298828 0.072099
0.287109 0.0741857
0.316406 0.0762359
0.384766 0.0787685
0.388672 0.0810669
0.394531 0.0834641
0.380859 0.0856422
0.378906 0.0876636
0.337891 0.0889915
0.400391 0.0909035
0.390625 0.0920607
0.351562 0.093607
0.375 0.0957736
0.423828 0.0975889
0.386719 0.0994394
0.376953 0.101656
0.380859 0.104268
0.351562 0.106668
0.347656 0.10924
0.298828 0.111958
0.326172 0.114664
0.244141 0.117249
0.234375 0.120203
0.232422 0.123936
0.25 0.127213
0.246094 0.130587
0.269531 0.133601
0.238281 0.136803
0.261719 0.140099
0.292969 0.143259
0.285156 0.145517
0.296875 0.148043
0.275391 0.150712
0.259766 0.154249
0.279297 0.157318
0.304688 0.16003
0.320312 0.162881
0.292969 0.165482
0.255859 0.168597
0.232422 0.171644
0.25 0.175282
0.259766 0.178995
0.273438 0.182671
0.263672 0.186133
0.271484 0.188795
0.292969 0.191752
0.296875 0.194903
0.306641 0.198594
0.302734 0.202297
0.333984 0.206249
0.285156 0.209796
0.285156 0.212696
0.298828 0.214122
0.3125 0.215589
0.283203 0.217289
0.335938 0.219407
0.302734 0.222259
0.210938 0.224559
0.275391 0.226082
0.277344 0.227324
0.287109 0.228914
0.298828 0.230726
0.335938 0.232158
0.376953 0.233759
0.382812 0.235301
0.408203 0.236595
0.455078 0.238461
0.464844 0.240111
0.474609 0.242121
0.474609 0.24392
0.458984 0.245774
0.425781 0.2478
0.396484 0.249608
0.443359 0.250999
0.443359 0.252559
0.419922 0.253794
0.421875 0.254891
0.394531 0.256029
0.351562 0.25686
0.371094 0.258764
0.320312 0.260583
0.357422 0.262445
0.390625 0.264261
0.435547 0.265854
0.425781 0.266974
0.453125 0.268041
0.435547 0.26913
0.333984 0.270336
0.369141 0.271775
0.326172 0.273191
0.353516 0.274303
0.349609 0.275374
0.335938 0.276809
0.310547 0.277858
0.283203 0.278733
0.263672 0.279431
0.289062 0.279973
0.296875 0.280707
0.289062 0.281459
0.314453 0.282045
0.335938 0.282814
0.335938 0.283364
0.28125 0.28404
0.279297 0.284815
0.289062 0.284783
0.275391 0.284111
0.300781 0.283717
0.34375 0.283655
0.371094 0.283451
0.330078 0.283901
0.337891 0.284488
0.330078 0.284829
0.324219 0.284664
0.289062 0.284028
0.300781 0.283424
0.320312 0.282985
0.355469 0.281417
0.355469 0.279738
0.337891 0.277806
0.335938 0.27597
0.378906 0.274304
0.410156 0.273359
0.441406 0.272062
0.439453 0.271135
0.396484 0.270375
0.429688 0.270015
0.439453 0.269868
0.435547 0.270011
0.425781 0.269541
0.408203 0.268809
0.433594 0.267686
0.398438 0.267168
0.408203 0.266736
0.412109 0.265532
0.373047 0.263601
0.410156 0.261443
0.421875 0.259142
0.435547 0.256574
0.390625 0.25365
0.369141 0.250844
0.412109 0.248415
0.375 0.245557
0.392578 0.242647
0.330078 0.239483
0.353516 0.237519
0.367188 0.236356
0.324219 0.234218
0.341797 0.23213
0.357422 0.229738
0.349609 0.227223
0.341797 0.224658
0.357422 0.222199
0.351562 0.219544
0.28125 0.217714
0.267578 0.216579
0.277344 0.215388
0.246094 0.213464
0.212891 0.212039
0.212891 0.210906
0.257812 0.209433
0.25 0.207474
0.244141 0.205657
0.240234 0.203996
0.267578 0.201491
0.308594 0.198963
0.337891 0.196727
0.320312 0.194827
0.255859 0.192791
0.287109 0.191178
0.275391 0.190139
0.345703 0.189657
0.355469 0.189088
0.339844 0.188363
0.34375 0.187322
0.378906 0.186282
0.394531 0.184975
0.423828 0.183502
0.380859 0.182032
0.382812 0.180327
0.431641 0.179673
0.384766 0.177836
0.480469 0.176177
0.494141 0.17498
0.421875 0.173603
0.458984 0.173013
0.458984 0.173082
0.417969 0.173665
0.417969 0.175447
0.441406 0.177617
0.476562 0.179223
0.501953 0.18119
0.445312 0.18299
0.443359 0.184865
0.480469 0.185728
0.537109 0.185427
0.572266 0.184987
0.570312 0.184494
0.566406 0.183683
0.609375 0.182407
0.642578 0.180683
0.611328 0.17959
0.597656 0.177924
0.572266 0.176062
0.574219 0.174452
0.53125 0.17235
0.544922 0.171068
0.548828 0.169509
0.542969 0.168509
0.507812 0.168956
0.433594 0.168619
0.476562 0.16875
0.523438 0.168687
0.570312 0.169816
0.548828 0.171576
0.541016 0.173421
0.521484 0.175018
0.548828 0.176631
0.548828 0.1779
0.472656 0.178997
0.466797 0.179952
0.429688 0.181017
0.433594 0.181959
0.410156 0.182975
0.417969 0.183805
0.488281 0.184108
0.507812 0.184369
0.570312 0.184911
0.548828 0.185329
0.625 0.186582
0.580078 0.188751
0.605469 0.191646
0.617188 0.194432
0.566406 0.196504
0.570312 0.198702
0.570312 0.20057
0.5625 0.202306
0.496094 0.204028
0.447266 0.205768
0.417969 0.207779
0.431641 0.209742
0.447266 0.211022
0.417969 0.212355
0.462891 0.214227
0.466797 0.215121
0.484375 0.216189
0.5 0.21829
0.492188 0.220685
0.472656 0.223754
0.472656 0.226543
0.492188 0.229634
0.472656 0.232442
0.480469 0.234969
0.492188 0.237039
0.478516 0.239533
0.449219 0.241606
0.474609 0.244362
0.496094 0.247318
0.496094 0.250102
0.523438 0.252182
0.515625 0.254494
0.505859 0.256181
0.525391 0.257587
0.523438 0.258613
0.560547 0.259722
0.5625 0.260996
0.511719 0.261809
0.53125 0.262972
0.519531 0.263939
0.527344 0.264733
0.484375 0.265051
0.474609 0.264985
0.449219 0.265253
0.476562 0.265851
0.410156 0.267136
0.386719 0.268168
0.367188 0.268396
0.355469 0.267689
0.355469 0.267213
0.347656 0.266462
0.310547 0.265792
0.34375 0.264801
0.347656 0.263363
0.375 0.261702
0.367188 0.259786
0.349609 0.258328
0.367188 0.256746
0.294922 0.255763
0.291016 0.254906
0.28125 0.253172
0.224609 0.251231
0.230469 0.249705
0.185547 0.248126
0.205078 0.246553
0.154297 0.244813
0.167969 0.243157
0.148438 0.241356
0.207031 0.23981
0.220703 0.237899
0.216797 0.236155
0.210938 0.233836
0.216797 0.231652
0.160156 0.229191
0.111328 0.226068
0.130859 0.223463
0.158203 0.220722
0.205078 0.218552
0.166016 0.216223
0.132812 0.214223
0.162109 0.211928
0.128906 0.208714
0.0996094 0.206029
0.0292969 0.203425
0.0117188 0.201155
0.0253906 0.199097
0.0371094 0.197234
0.0292969 0.195066
0.0078125 0.194082
0.0390625 0.192969
0.0585938 0.191881
0.0507812 0.19208
0.03125 0.191975
0.0273438 0.191198
0.0410156 0.189447
0.00976562 0.187597
0.0253906 0.185723
0.0195312 0.18367
0.00390625 0.181594
0.03125 0.179677
0.00976562 0.177451
0.0371094 0.175461
0.0449219 0.173197
0.0546875 0.17021
0.078125 0.167044
0.0390625 0.164124
0.046875 0.161963
0.0449219 0.159998
0.0722656 0.158084
0.0253906 0.156595
0.0214844 0.155322
0.0351562 0.153844
0.046875 0.152658
0.0117188 0.151802
0.0410156 0.150652
0.0546875 0.149078
0.0136719 0.147447
0.0332031 0.14625
0.046875 0.145266
0.0078125 0.144241
0.0078125 0.143235
0.0292969 0.142137
0.0429688 0.141163
0.0820312 0.14047
0.0878906 0.140173
0.0292969 0.140551
0.0117188 0.140556
0.0683594 0.140859
0.0722656 0.140043
0.117188 0.13944
0.0722656 0.13874
0.00585938 0.137455
0.00976562 0.136442
0.0527344 0.135656
0.09375 0.135285
0.0820312 0.134645
0.105469 0.133772
0.0742188 0.132293
0.0898438 0.130092
0.046875 0.127301
0 0.124607
0.0292969 0.121797
0.0175781 0.119133
0.00976562 0.116944
0.0292969 0.115044
0.0332031 0.113182
0.0664062 0.111634
0.09375 0.111341
0.134766 0.11115
0.162109 0.110611
0.169922 0.109734
0.150391 0.109363
0.173828 0.109024
0.234375 0.108696
0.246094 0.108723
0.244141 0.10893
0.21875 0.108662
0.238281 0.108059
0.203125 0.107162
0.212891 0.106579
0.207031 0.106005
0.126953 0.105052
0.0625 0.103826
0.0878906 0.103158
0.0742188 0.102286
0.03125 0.101827
0.00195312 0.101639
0.0292969 0.100879
0.00976562 0.10036
0.0722656 0.0999825
0.0820312 0.0997864
0.0664062 0.0990726
0.078125 0.0977863
0.126953 0.0966907
0.119141 0.0960096
0.107422 0.0955202
0.15625 0.094802
0.21875 0.0939922
0.199219 0.0932301
0.285156 0.0928648
0.285156 0.0920817
0.308594 0.0896417
0.335938 0.0871173
0.380859 0.0848193
0.369141 0.0823246
0.353516 0.0796141
0.339844 0.0770833
0.339844 0.0742293
0.326172 0.0713817
0.294922 0.0689043
0.251953 0.0667621
0.289062 0.0659473
0.287109 0.0642268
0.328125 0.0632667
0.296875 0.0623323
0.302734 0.0607951
0.324219 0.0592455
0.34375 0.0576903
0.324219 0.0564208
0.347656 0.0555034
0.380859 0.0548163
0.419922 0.0535351
0.46875 0.0509115
0.431641 0.0484577
0.447266 0.0464734
0.453125 0.0442456
0.433594 0.042907
0.408203 0.0409035
0.425781 0.0387199
0.392578 0.0368724
0.382812 0.0347762
0.349609 0.0329512
0.3125 0.0314821
0.316406 0.0292665
0.328125 0.0275258
0.287109 0.0252682
0.279297 0.0230796
0.292969 0.0211873
0.347656 0.0192695
0.322266 0.0173225
0.339844 0.0153868
0.300781 0.0133531
0.339844 0.0114112
0.339844 0.00995881
0.341797 0.0080585
0.390625 0.00684362
0.384766 0.00452539
0.412109 0.00195736
0.412109 -0.000634019
0.371094 -0.00369889
0.394531 -0.00647897
0.423828 -0.00914801
0.400391 -0.0116174
0.402344 -0.0132681
0.404297 -0.0148759
0.375 -0.0164257
0.398438 -0.0176609
0.431641 -0.0196037
0.478516 -0.0206658
0.484375 -0.0214668
0.488281 -0.0226267
0.431641 -0.0243673
0.367188 -0.0253147
0.367188 -0.0261644
0.355469 -0.0277157
0.28125 -0.0297221
0.292969 -0.0314221
0.341797 -0.0333636
0.330078 -0.0349254
0.335938 -0.0366276
0.365234 -0.0387003
0.396484 -0.0401428
0.363281 -0.0414121
0.341797 -0.0425741
0.322266 -0.0445401
0.333984 -0.0469192
0.333984 -0.0489064
0.416016 -0.050447
0.417969 -0.0525637
0.429688 -0.0541672
0.449219 -0.0565318
0.509766 -0.059091
0.476562 -0.0616451
0.482422 -0.0647638
0.486328 -0.0672346
0.443359 -0.0699468
0.384766 -0.0729603
0.341797 -0.0765108
0.376953 -0.0795842
0.363281 -0.0826366
0.410156 -0.0861507
0.361328 -0.0896963
0.277344 -0.0924299
0.271484 -0.0944614
0.21875 -0.095526
0.255859 -0.0969972
0.189453 -0.0988867
0.214844 -0.100849
0.169922 -0.102977
0.166016 -0.105369
0.175781 -0.106861
0.144531 -0.108007
0.162109 -0.109373
0.126953 -0.110897
0.140625 -0.112797
0.15625 -0.115022
0.113281 -0.117064
0.117188 -0.118972
0.123047 -0.120319
0.173828 -0.121873
0.117188 -0.12321
0.115234 -0.124785
0.109375 -0.126649
0.107422 -0.127691
0.125 -0.128133
0.0839844 -0.128734
0.144531 -0.12926
0.123047 -0.129996
0.126953 -0.130422
0.160156 -0.130317
0.150391 -0.130664
0.105469 -0.131105
0.136719 -0.131284
0.183594 -0.131733
0.197266 -0.131358
0.179688 -0.131475
0.158203 -0.131287
0.21875 -0.131238
0.240234 -0.131051
0.259766 -0.131545
0.253906 -0.131641
0.248047 -0.131781
0.3125 -0.132105
0.335938 -0.133383
0.378906 -0.134414
0.396484 -0.135482
0.357422 -0.136875
0.330078 -0.137605
0.333984 -0.138925
0.330078 -0.140267
0.310547 -0.14208
0.330078 -0.143249
0.294922 -0.14404
0.335938 -0.144564
0.285156 -0.145543
0.255859 -0.146515
0.236328 -0.147433
0.232422 -0.147688
0.210938 -0.148501
0.214844 -0.148991
0.275391 -0.148874
0.277344 -0.149888
0.236328 -0.150858
0.21875 -0.150966
0.234375 -0.151484
0.259766 -0.151825
0.240234 -0.151524
0.345703 -0.151204
0.390625 -0.150782
0.373047 -0.150566
0.4375 -0.149861
0.402344 -0.148655
0.445312 -0.14773
0.472656 -0.147463
0.511719 -0.147389
0.509766 -0.148037
0.539062 -0.14883
0.585938 -0.149526
0.548828 -0.150432
0.566406 -0.151489
0.601562 -0.153195
0.609375 -0.155698
0.599609 -0.158324
0.621094 -0.160868
0.646484 -0.163616
0.697266 -0.166822
0.703125 -0.17049
0.720703 -0.174292
0.695312 -0.17798
0.734375 -0.180182
0.730469 -0.182463
0.714844 -0.184166
0.683594 -0.186223
0.613281 -0.188051
0.59375 -0.18953
0.601562 -0.19176
0.630859 -0.194151
0.580078 -0.196737
0.587891 -0.199127
0.548828 -0.201
0.537109 -0.202726
0.599609 -0.204893
0.625 -0.206657
0.599609 -0.208641
0.585938 -0.210478
0.589844 -0.211391
0.595703 -0.212329
0.564453 -0.213387
0.548828 -0.214705
0.474609 -0.215607
0.523438 -0.216713
0.429688 -0.217816
0.410156 -0.218057
0.410156 -0.21852
0.429688 -0.218918
0.451172 -0.219775
0.480469 -0.22019
0.529297 -0.2203
0.537109 -0.219865
0.591797 -0.220298
0.591797 -0.221814
0.566406 -0.224267
0.539062 -0.226268
0.576172 -0.228159
0.552734 -0.229386
0.574219 -0.230295
0.550781 -0.231385
0.578125 -0.232666
0.603516 -0.232901
0.626953 -0.233353
0.589844 -0.233536
0.609375 -0.233251
0.603516 -0.232213
0.650391 -0.231582
0.658203 -0.231071
0.632812 -0.231052
0.648438 -0.231227
0.625 -0.231874
0.625 -0.232308
0.673828 -0.232964
0.669922 -0.233521
0.720703 -0.235085
0.714844 -0.236857
0.728516 -0.239593
0.685547 -0.242253
0.660156 -0.244899
0.667969 -0.247964
0.669922 -0.250809
0.644531 -0.253148
0.636719 -0.254961
0.626953 -0.257435
0.621094 -0.259203
0.591797 -0.260561
0.556641 -0.261434
0.5625 -0.262626
0.537109 -0.263443
0.505859 -0.263697
0.548828 -0.264229
0.568359 -0.264667
0.535156 -0.264928
0.554688 -0.264896
0.542969 -0.265317
0.552734 -0.265195
0.5 -0.265066
0.527344 -0.265175
0.513672 -0.266069
0.53125 -0.266629
0.455078 -0.266561
0.443359 -0.26611
0.417969 -0.265564
0.416016 -0.264656
0.367188 -0.263205
0.339844 -0.262199
0.34375 -0.261017
0.322266 -0.260264
0.318359 -0.259198
0.302734 -0.257819
0.337891 -0.255392
0.324219 -0.253655
0.332031 -0.252441
0.335938 -0.252133
0.355469 -0.251101
0.341797 -0.251067
0.298828 -0.251004
0.320312 -0.25057
0.349609 -0.250367
0.351562 -0.250181
0.392578 -0.250315
0.408203 -0.250802
0.369141 -0.250593
0.390625 -0.250606
0.369141 -0.25046
0.337891 -0.250843
0.345703 -0.250516
0.365234 -0.250211
0.332031 -0.249656
0.330078 -0.249514
0.376953 -0.248543
0.398438 -0.247057
0.402344 -0.246163
0.400391 -0.244693
0.441406 -0.243774
0.408203 -0.242699
0.376953 -0.241812
0.349609 -0.241
0.365234 -0.240365
0.414062 -0.240595
0.359375 -0.242181
0.398438 -0.243727
0.349609 -0.245491
0.365234 -0.247185
0.265625 -0.24771
0.28125 -0.247691
0.302734 -0.248111
0.298828 -0.248655
0.369141 -0.248311
0.396484 -0.248997
0.361328 -0.249381
0.353516 -0.249574
0.302734 -0.249545
0.257812 -0.250121
0.289062 -0.251071
0.314453 -0.252717
0.345703 -0.254545
0.287109 -0.257187
0.257812 -0.259303
0.25 -0.260118
0.259766 -0.261377
0.302734 -0.262917
0.324219 -0.26486
0.357422 -0.266824
0.382812 -0.268756
0.40625 -0.270118
0.371094 -0.271085
0.345703 -0.272662
0.314453 -0.274128
0.304688 -0.276114
0.283203 -0.276713
0.285156 -0.277245
0.277344 -0.27724
0.238281 -0.277053
0.259766 -0.277051
0.259766 -0.276734
0.271484 -0.277044
0.300781 -0.277579
0.238281 -0.278683
0.175781 -0.279502
0.0996094 -0.280485
0.142578 -0.281738
0.15625 -0.283118
0.193359 -0.284477
0.205078 -0.285805
0.224609 -0.28758
0.179688 -0.2882
0.181641 -0.288181
0.123047 -0.287871
0.0898438 -0.287825
0.0722656 -0.287295
0.132812 -0.285942
0.164062 -0.285092
0.130859 -0.284058
0.167969 -0.283269
0.1875 -0.282284
0.193359 -0.281008
0.242188 -0.280447
0.261719 -0.279861
0.222656 -0.279186
0.134766 -0.278001
0.134766 -0.276193
0.158203 -0.274428
0.1875 -0.273234
0.160156 -0.271367
0.125 -0.26904
0.121094 -0.267174
0.0878906 -0.265497
0.0878906 -0.263667
0.0722656 -0.261592
0.0839844 -0.259008
0.152344 -0.255423
0.177734 -0.252419
0.113281 -0.250641
0.152344 -0.248865
0.162109 -0.246851
0.154297 -0.244592
0.177734 -0.242672
0.175781 -0.241641
0.179688 -0.240625
0.226562 -0.239959
0.197266 -0.239535
0.197266 -0.238419
0.199219 -0.238101
0.191406 -0.237787
0.164062 -0.237362
0.142578 -0.23735
0.121094 -0.236806
0.177734 -0.235855
0.222656 -0.235263
0.169922 -0.233654
0.263672 -0.232196
0.330078 -0.22975
0.328125 -0.227534
0.349609 -0.225422
0.289062 -0.223475
0.306641 -0.221207
0.359375 -0.21812
0.34375 -0.215224
0.341797 -0.211956
0.339844 -0.209619
0.298828 -0.207369
0.328125 -0.205084
0.353516 -0.203405
0.355469 -0.202446
0.371094 -0.202447
0.382812 -0.202137
0.394531 -0.202154
0.335938 -0.202001
0.302734 -0.201888
0.304688 -0.202004
0.291016 -0.201496
0.287109 -0.201539
0.306641 -0.2018
0.357422 -0.20157
0.380859 -0.201403
0.376953 -0.20064
0.427734 -0.199229
0.408203 -0.198004
0.414062 -0.196685
0.417969 -0.196252
0.457031 -0.195825
0.476562 -0.196313
0.507812 -0.196302
0.474609 -0.195958
0.441406 -0.195937
0.390625 -0.19667
0.435547 -0.196976
0.410156 -0.197441
0.431641 -0.198088
0.445312 -0.197697
0.439453 -0.196836
0.460938 -0.195643
0.453125 -0.194076
0.458984 -0.191984
0.507812 -0.1894
0.472656 -0.187511
0.492188 -0.185934
0.496094 -0.185016
0.494141 -0.183886
0.529297 -0.183047
0.501953 -0.181888
0.490234 -0.18048
0.470703 -0.178749
0.519531 -0.17723
0.5 -0.175092
0.521484 -0.173308
0.542969 -0.172101
0.527344 -0.171363
0.574219 -0.171195
0.59375 -0.171541
0.556641 -0.172597
0.546875 -0.173026
0.53125 -0.172945
0.496094 -0.172321
0.466797 -0.1719
0.533203 -0.171442
0.550781 -0.171431
0.541016 -0.171557
0.496094 -0.171895
0.470703 -0.172544
0.525391 -0.172304
0.546875 -0.172469
0.554688 -0.172747
0.527344 -0.173598
0.558594 -0.174782
0.550781 -0.175721
0.580078 -0.176098
0.582031 -0.176859
0.587891 -0.176952
0.548828 -0.177452
0.558594 -0.177175
0.544922 -0.176096
0.542969 -0.17454
0.560547 -0.172453
0.539062 -0.169937
0.521484 -0.167596
0.554688 -0.165311
0.560547 -0.164343
0.574219 -0.162879
0.568359 -0.160808
0.576172 -0.159044
0.533203 -0.157554
0.5625 -0.157433
0.582031 -0.157488
0.597656 -0.157744
0.595703 -0.158812
0.546875 -0.159255
0.582031 -0.159616
0.53125 -0.159595
0.548828 -0.159762
0.527344 -0.16124
0.523438 -0.162624
0.476562 -0.163596
0.462891 -0.164668
0.484375 -0.164947
0.478516 -0.164984
0.462891 -0.164774
0.396484 -0.164285
0.359375 -0.164742
0.40625 -0.165879
0.419922 -0.165632
0.416016 -0.165408
0.384766 -0.165056
0.396484 -0.165633
0.417969 -0.166296
0.431641 -0.167061
0.408203 -0.167803
0.390625 -0.168562
0.394531 -0.169935
0.402344 -0.171062
0.427734 -0.172163
0.402344 -0.1731
0.371094 -0.173704
0.376953 -0.174286
0.367188 -0.174308
0.396484 -0.174741
0.359375 -0.175067
0.404297 -0.175249
0.365234 -0.174589
0.378906 -0.173762
0.382812 -0.172862
0.388672 -0.172148
0.425781 -0.171566
0.429688 -0.170592
0.421875 -0.169805
0.396484 -0.168917
0.351562 -0.168309
0.351562 -0.167772
0.320312 -0.16688
0.349609 -0.166312
0.326172 -0.165861
0.308594 -0.164837
0.292969 -0.16397
0.279297 -0.162242
0.253906 -0.161021
0.271484 -0.159686
0.275391 -0.158376
0.292969 -0.157333
0.283203 -0.155671
0.296875 -0.154129
0.292969 -0.151422
0.292969 -0.148729
0.328125 -0.146085
0.3125 -0.143375
0.345703 -0.140399
0.332031 -0.138287
0.294922 -0.136555
0.248047 -0.135356
0.238281 -0.133808
0.244141 -0.131968
0.271484 -0.130377
0.236328 -0.12853
0.263672 -0.126763
0.271484 -0.1249
0.296875 -0.122746
0.302734 -0.120823
0.267578 -0.118577
0.283203 -0.115556
0.28125 -0.112272
0.28125 -0.108554
0.240234 -0.105594
0.232422 -0.102313
0.251953 -0.098808
0.265625 -0.0954714
0.304688 -0.092308
0.332031 -0.0889636
0.333984 -0.0859578
0.376953 -0.082534
0.404297 -0.07971
0.388672 -0.0768664
0.369141 -0.073479
0.396484 -0.0699596
0.378906 -0.0665541
0.359375 -0.0637757
0.333984 -0.0611148
0.335938 -0.0582219
0.373047 -0.0555604
0.365234 -0.0532465
0.375 -0.0507153
0.414062 -0.0478103
0.408203 -0.0449495
0.4375 -0.0419977
0.394531 -0.03962
0.394531 -0.0375196
0.316406 -0.0355592
0.357422 -0.0327046
0.3125 -0.0295004
0.292969 -0.0265535
0.267578 -0.0242339
0.246094 -0.0222148
0.242188 -0.0204815
0.236328 -0.018125
0.216797 -0.015651
0.28125 -0.0134759
0.28125 -0.0115772
0.261719 -0.00959965
0.269531 -0.00742507
0.289062 -0.00521562
0.220703 -0.00306525
0.238281 -0.00102053
0.179688 0.00251097
0.191406 0.00562102
0.199219 0.00837584
0.191406 0.0108807
0.226562 0.0132792
0.242188 0.0158872
0.193359 0.0175379
0.195312 0.0180545
0.216797 0.0188282
0.257812 0.019512
0.255859 0.0195362
0.265625 0.0199554
0.257812 0.0204033
0.222656 0.0207208
0.207031 0.0213154
0.216797 0.0220192
0.269531 0.0221301
0.251953 0.0222797
0.201172 0.0221856
0.15625 0.0214462
0.160156 0.0212782
0.183594 0.0214554
0.214844 0.0223708
0.208984 0.0232743
0.220703 0.0239166
0.271484 0.0253732
0.251953 0.0265693
0.259766 0.0272741
0.277344 0.0277667
0.25 0.0278714
0.244141 0.0273008
0.232422 0.0267155
0.234375 0.0251962
0.208984 0.0233875
0.220703 0.0227408
0.259766 0.0216445
0.199219 0.0199846
0.171875 0.0180917
0.191406 0.0166517
0.228516 0.0154407
0.214844 0.0141667
0.216797 0.0138323
0.208984 0.0140086
0.197266 0.0139915
0.171875 0.0137423
0.205078 0.0131702
0.173828 0.0129279
0.162109 0.012991
0.134766 0.0136656
0.136719 0.0139879
0.191406 0.0142015
0.189453 0.0138693
0.171875 0.0123763
0.169922 0.0105882
0.132812 0.00780218
0.125 0.00652486
0.105469 0.00496694
0.0546875 0.00353735
0.0136719 0.00164434
0.0703125 -0.000106811
0.0664062 -0.00191815
0.0722656 -0.0036836
0.0566406 -0.00576207
0.0410156 -0.00807545
0.0175781 -0.00894665
0.0664062 -0.00974119
0.107422 -0.010692
0.119141 -0.0127425
0.179688 -0.014168
0.0917969 -0.0153181
0.105469 -0.0153824
0.0996094 -0.01644
0.103516 -0.0179653
0.0664062 -0.0193411
0.0410156 -0.0204355
0 -0.0208583
0.0898438 -0.0210921
0.0703125 -0.020722
0.0546875 -0.0198143
0.0625 -0.0195253
0.0839844 -0.0194002
0.0664062 -0.0195649
0.0527344 -0.0188532
0.0898438 -0.0175924
0.0664062 -0.0161422
0.0410156 -0.0146953
0.0117188 -0.0130985
0.0605469 -0.0112591
0.0722656 -0.0104966
0.0449219 -0.00949565
0.0273438 -0.00794952
0.0429688 -0.0065128
0.0253906 -0.0057717
0.0136719 -0.00502336
0.0117188 -0.00390739
0.0214844 -0.00268406
0.0488281 -0.00199956
0.0683594 -0.00243869
0.0898438 -0.00300548
0.0957031 -0.00293249
0.128906 -0.00258748
0.164062 -0.00295148
0.140625 -0.003507
0.162109 -0.0032828
0.15625 -0.00373417
0.105469 -0.003794
0.078125 -0.00379138
0.0878906 -0.00289066
0.0957031 -0.00179382
0.0820312 -0.000462053
0.0761719 -0.000578338
0.0761719 -0.00166883
0.046875 -0.00285182
0.0273438 -0.00253454
0.0175781 -0.00178995
0.00195312 -0.000938662
0.015625 -0.000413747
0.0253906 0.000113058
0.0117188 0.000303072
0.0117188 0.000722758
0.0292969 0.00116649
0.0507812 0.0014857
0.0546875 0.00200218
0.0410156 0.00254396
0 0.00327556
0.0429688 0.00461666
0.00585938 0.00608566
0 0.00796255
0.0371094 0.00951292
0 0.0102764
0.0449219 0.0102066
0.00390625 0.00977144
0.0390625 0.00930289
0.0507812 0.00942607
0.0488281 0.00955543
0.00585938 0.0092575
0.0449219 0.0084751
0.00390625 0.00758644
0.078125 0.00716483
0.0722656 0.00665422
0.126953 0.00559456
0.132812 0.00440391
0.119141 0.00354383
0.136719 0.00300732
0.175781 0.00231491
0.15625 0.00191577
0.162109 0.00137948
0.185547 0.00155492
0.160156 0.00213897
0.166016 0.00282392
0.177734 0.00346771
0.185547 0.00379528
0.177734 0.00462334
0.189453 0.00605144
0.140625 0.00800516
0.134766 0.0103887
0.105469 0.0115467
0.109375 0.0123199
0.0644531 0.0123755
0.00390625 0.0121783
0.0410156 0.0124949
0.0429688 0.0130296
0.0390625 0.0124338
0.078125 0.0117233
0.125 0.0107569
0.140625 0.00942166
0.173828 0.00769766
0.138672 0.00515539
0.115234 0.0028572
0.09375 0.000327529
0.09375 -0.00161642
0.132812 -0.00321157
0.126953 -0.00440441
0.101562 -0.0053051
0.142578 -0.00581602
0.160156 -0.00571325
0.113281 -0.00585847
0.0761719 -0.00567487
0.046875 -0.00513581
0.0585938 -0.00462535
0.0449219 -0.00516906
0.0898438 -0.00539398
0.0214844 -0.00625159
0.0136719 -0.00622129
0.00390625 -0.00583197
0.0546875 -0.0053516
0.0292969 -0.00589784
0.0117188 -0.00660106
0.0332031 -0.00684148
0.0488281 -0.00692077
0.03125 -0.00663139
0.0292969 -0.00578097
0.0703125 -0.00523255
0.0917969 -0.00477829
0.125 -0.00450352
0.0820312 -0.0044327
0.0820312 -0.00469067
0.107422 -0.00515462
0.109375 -0.00667155
0.0742188 -0.00849529
0.0703125 -0.010517
0.0917969 -0.0128976
0.105469 -0.0158383
0.0585938 -0.0183366
0.00976562 -0.0195417
0.0253906 -0.0207592
0.0214844 -0.0215849
0.015625 -0.0227308
0.0449219 -0.0238349
0.0273438 -0.0249957
0.0839844 -0.0262588
0.0703125 -0.027633
0.0722656 -0.0280542
0.0878906 -0.0284246
0.0546875 -0.0283075
0.0585938 -0.0284213
0.0683594 -0.0287631
0.0996094 -0.0291692
0.0878906 -0.03016
0.140625 -0.0317503
0.123047 -0.0335298
0.117188 -0.0357149
0.103516 -0.0384904
0.0449219 -0.0405886
0.0371094 -0.0431779
0.121094 -0.0449323
0.107422 -0.047289
0.111328 -0.0499865
0.136719 -0.0526657
0.115234 -0.0546772
0.101562 -0.0565755
0.0957031 -0.0587758
0.0703125 -0.0605538
0.0957031 -0.061255
0.0527344 -0.0620712
0.0429688 -0.0627207
0.0449219 -0.0626112
0.0117188 -0.0625222
0.0117188 -0.0629366
0.015625 -0.0639887
0.00976562 -0.0653483
0.046875 -0.0666278
0.0605469 -0.0679464
0.00195312 -0.0692831
0.0371094 -0.0704426
0.0859375 -0.0717893
0.109375 -0.0733796
0.128906 -0.0751676
0.09375 -0.0775058
0.150391 -0.0793311
0.167969 -0.080894
0.183594 -0.0824826
0.220703 -0.0836948
0.160156 -0.0848329
0.117188 -0.085418
0.0898438 -0.0857164
0.0957031 -0.0866057
0.101562 -0.0866627
0.128906 -0.0865751
0.148438 -0.0857346
0.1875 -0.0857612
0.164062 -0.0862982
0.181641 -0.0869767
0.0957031 -0.087001
0.0839844 -0.0869111
0.0917969 -0.0863853
0.0898438 -0.0868822
0.132812 -0.0880901
0.0839844 -0.0887766
0.0214844 -0.0900718
0.0546875 -0.0896872
0.0605469 -0.0895505
0.109375 -0.08913
0.140625 -0.0888039
0.0917969 -0.0879761
0.0761719 -0.0863359
0.0996094 -0.0850012
0.078125 -0.0843328
0.123047 -0.0838231
0.164062 -0.0830792
0.193359 -0.0825565
0.207031 -0.080923
0.191406 -0.0796694
0.1875 -0.0790696
0.181641 -0.0792914
0.179688 -0.0792226
0.15625 -0.0789165
0.1875 -0.0780977
0.222656 -0.0767937
0.226562 -0.0758946
0.240234 -0.0755723
0.220703 -0.0751556
0.222656 -0.0739734
0.173828 -0.0726985
0.220703 -0.0716589
0.230469 -0.0708623
0.232422 -0.0690606
0.212891 -0.0673291
0.253906 -0.0658184
0.220703 -0.0646024
0.193359 -0.0637992
0.222656 -0.0616908
0.238281 -0.0594771
0.222656 -0.0583869
0.263672 -0.0567566
0.255859 -0.0553387
0.289062 -0.0535366
0.283203 -0.0515128
0.248047 -0.050146
0.265625 -0.0487815
0.294922 -0.0469407
0.279297 -0.0450763
0.265625 -0.0424737
0.263672 -0.0393096
0.244141 -0.0360961
0.271484 -0.0330842
0.240234 -0.0305651
0.269531 -0.0279365
0.275391 -0.0260401
0.285156 -0.0239393
0.261719 -0.0211286
0.232422 -0.0187153
0.210938 -0.0158655
0.224609 -0.0137386
0.212891 -0.0123673
0.287109 -0.0113993
0.300781 -0.0118404
0.339844 -0.0133513
0.267578 -0.0149812
0.242188 -0.0167306
0.208984 -0.0185412
0.207031 -0.0199779
0.15625 -0.0203402
0.142578 -0.0200136
0.0703125 -0.0196951
0.117188 -0.0190333
0.158203 -0.018918
0.150391 -0.0180833
0.205078 -0.0173487
0.232422 -0.0176186
0.238281 -0.0178603
0.222656 -0.0170142
0.146484 -0.0158502
0.207031 -0.015262
0.257812 -0.014422
0.234375 -0.0138309
0.242188 -0.0127574
0.216797 -0.0121919
0.201172 -0.0121623
0.285156 -0.012481
0.269531 -0.0138068
0.28125 -0.0150734
0.242188 -0.0163929
0.236328 -0.0174235
0.246094 -0.0177586
0.275391 -0.0182415
0.226562 -0.0190509
0.201172 -0.0200595
0.263672 -0.02114
0.242188 -0.0228188
0.21875 -0.0243715
0.195312 -0.0258932
0.171875 -0.0272401
0.177734 -0.0287419
0.134766 -0.0299739
0.144531 -0.031165
0.189453 -0.0330915
0.177734 -0.034733
0.117188 -0.0369919
0.162109 -0.0392144
0.193359 -0.0419054
0.226562 -0.0445793
0.232422 -0.0474076
0.238281 -0.0505492
0.167969 -0.0543786
0.152344 -0.0576991
0.191406 -0.0608707
0.201172 -0.0644924
0.236328 -0.066741
0.21875 -0.0692289
0.169922 -0.0723092
0.123047 -0.074886
0.140625 -0.0772825
0.136719 -0.079505
0.113281 -0.0818532
0.103516 -0.0843777
0.101562 -0.0862141
0.146484 -0.0875434
0.136719 -0.0903444
0.158203 -0.0933879
0.167969 -0.096044
0.199219 -0.0983233
0.179688 -0.101601
0.175781 -0.105435
0.173828 -0.108949
0.169922 -0.112591
0.248047 -0.114614
0.296875 -0.116158
0.302734 -0.118083
0.324219 -0.118974
0.369141 -0.119814
0.375 -0.12114
0.339844 -0.122551
0.339844 -0.1236
0.345703 -0.12367
0.332031 -0.12374
0.269531 -0.12509
0.238281 -0.126558
0.267578 -0.128653
0.292969 -0.130769
0.300781 -0.132374
0.314453 -0.134838
0.269531 -0.137788
0.269531 -0.140638
0.273438 -0.143472
0.25 -0.146076
0.212891 -0.148072
0.199219 -0.149881
0.203125 -0.151468
0.166016 -0.152309
0.130859 -0.152773
0.125 -0.15306
0.154297 -0.153243
0.224609 -0.153131
0.248047 -0.153159
0.226562 -0.152851
0.201172 -0.152216
0.208984 -0.151159
0.160156 -0.14946
0.130859 -0.147617
0.117188 -0.145879
0.111328 -0.14472
0.0878906 -0.144044
0.115234 -0.142643
0.107422 -0.140415
0.148438 -0.139178
0.125 -0.138145
0.0996094 -0.137359
0.0722656 -0.136179
0.111328 -0.135178
0.134766 -0.13378
0.140625 -0.132501
0.126953 -0.131111
0.146484 -0.128655
0.222656 -0.125992
0.216797 -0.122892
0.251953 -0.119505
0.275391 -0.116602
0.261719 -0.11378
0.271484 -0.111136
0.289062 -0.108465
0.267578 -0.107049
0.265625 -0.105498
0.283203 -0.104519
0.300781 -0.103647
0.371094 -0.103605
0.392578 -0.103803
0.435547 -0.103517
0.435547 -0.103156
0.429688 -0.102887
0.464844 -0.102291
0.480469 -0.101917
0.484375 -0.101957
0.494141 -0.101417
0.515625 -0.101058
0.525391 -0.0995563
0.525391 -0.0983997
0.472656 -0.0979626
0.464844 -0.0964824
0.458984 -0.0947388
0.472656 -0.0936281
0.470703 -0.0931158
0.470703 -0.0931258
0.429688 -0.0929558
0.472656 -0.0922731
0.541016 -0.0918605
0.535156 -0.0923715
0.564453 -0.0936596
0.560547 -0.0953739
0.525391 -0.0966669
0.572266 -0.0973779
0.541016 -0.0987554
0.548828 -0.0996985
0.537109 -0.100229
0.517578 -0.10053
0.507812 -0.100351
0.519531 -0.099918
0.566406 -0.0986621
0.566406 -0.0980522
0.591797 -0.0979728
0.642578 -0.0971789
0.669922 -0.0968279
0.658203 -0.0971871
0.679688 -0.0982363
0.632812 -0.0985764
0.632812 -0.0992374
0.664062 -0.0999749
0.669922 -0.100957
0.615234 -0.102576
0.632812 -0.10361
0.634766 -0.103931
0.601562 -0.102996
0.591797 -0.102084
0.527344 -0.101475
0.490234 -0.100466
0.542969 -0.0997433
0.583984 -0.0997551
0.535156 -0.0993115
0.542969 -0.0982157
0.515625 -0.09689
0.517578 -0.096125
0.556641 -0.0959181
0.589844 -0.096437
0.660156 -0.097017
0.617188 -0.0979093
0.564453 -0.0982842
0.541016 -0.0984157
0.5625 -0.0981451
0.613281 -0.0973674
0.568359 -0.0971434
0.554688 -0.0974514
0.541016 -0.0980322
0.503906 -0.0979868
0.560547 -0.0972188
0.515625 -0.096713
0.544922 -0.0960521
0.568359 -0.0948108
0.552734 -0.0940734
0.611328 -0.0925159
0.566406 -0.0910312
0.582031 -0.0892504
0.550781 -0.0877804
0.582031 -0.0868672
0.591797 -0.0857995
0.613281 -0.0848913
0.634766 -0.0841826
0.642578 -0.083769
0.628906 -0.0837799
0.644531 -0.0842598
0.660156 -0.0842265
0.632812 -0.0849799
0.642578 -0.0856634
0.640625 -0.0860722
0.675781 -0.0859433
0.724609 -0.08634
0.689453 -0.0864659
0.660156 -0.0863709
0.720703 -0.0861845
0.689453 -0.0859732
0.710938 -0.0855523
0.722656 -0.0859767
0.75 -0.0863632
0.716797 -0.0874403
0.728516 -0.0878223
0.726562 -0.0875
0.722656 -0.0881591
0.695312 -0.0882417
0.683594 -0.0882185
0.666016 -0.0896924
0.703125 -0.0912763
0.699219 -0.0927516
0.707031 -0.0933124
0.710938 -0.0940913
0.724609 -0.0952256
0.748047 -0.0969074
0.791016 -0.0983957
0.785156 -0.09925
0.804688 -0.0988307
0.835938 -0.0987979
0.824219 -0.0989829
0.828125 -0.0995667
0.822266 -0.10004
0.808594 -0.0996762
0.777344 -0.0988245
0.742188 -0.098014
0.714844 -0.0974932
0.707031 -0.0971784
0.701172 -0.0977576
0.695312 -0.0981485
0.621094 -0.099089
0.623047 -0.100201
0.611328 -0.100511
0.660156 -0.100739
0.662109 -0.101463
0.660156 -0.101918
0.667969 -0.102563
0.699219 -0.103398
0.71875 -0.104253
0.677734 -0.105135
0.703125 -0.105545
0.714844 -0.106462
0.777344 -0.107252
0.800781 -0.108624
0.755859 -0.109763
0.771484 -0.111308
0.751953 -0.112395
0.732422 -0.113707
0.763672 -0.115312
0.742188 -0.1173
0.777344 -0.119001
0.806641 -0.120578
0.785156 -0.122664
0.794922 -0.124643
0.798828 -0.127041
0.816406 -0.129452
0.818359 -0.131702
0.794922 -0.133884
0.763672 -0.135272
0.783203 -0.136645
0.769531 -0.138808
0.794922 -0.14178
0.841797 -0.144689
0.832031 -0.147171
0.832031 -0.149585
0.820312 -0.152435
0.826172 -0.154637
0.783203 -0.156634
0.814453 -0.158884
0.824219 -0.161103
0.794922 -0.163407
0.8125 -0.166002
0.785156 -0.168627
0.767578 -0.171342
0.771484 -0.173753
0.755859 -0.176397
0.8125 -0.178664
0.810547 -0.180793
0.808594 -0.183282
0.849609 -0.185288
0.847656 -0.187197
0.808594 -0.189451
0.791016 -0.192275
0.785156 -0.19492
0.798828 -0.195643
0.753906 -0.197464
0.787109 -0.199517
0.794922 -0.201166
0.810547 -0.203475
0.794922 -0.206154
0.775391 -0.209592
0.777344 -0.214021
0.785156 -0.219059
0.75 -0.223183
0.716797 -0.227326
0.705078 -0.231067
0.710938 -0.234862
0.636719 -0.238964
0.59375 -0.241769
0.589844 -0.244359
0.544922 -0.245757
0.537109 -0.24585
0.5625 -0.245464
0.570312 -0.245734
0.626953 -0.245817
0.615234 -0.245724
0.632812 -0.24603
0.599609 -0.245792
0.5625 -0.245814
0.591797 -0.245596
0.632812 -0.245159
0.613281 -0.24512
0.623047 -0.245461
0.589844 -0.246111
0.601562 -0.246425
0.626953 -0.246778
0.636719 -0.247215
0.572266 -0.248537
0.554688 -0.247619
0.550781 -0.246664
0.535156 -0.246217
0.550781 -0.246595
0.537109 -0.247415
0.597656 -0.24827
0.59375 -0.249519
0.595703 -0.250113
0.609375 -0.249866
0.605469 -0.249259
0.591797 -0.24818
0.578125 -0.247025
0.615234 -0.246439
0.578125 -0.245908
0.611328 -0.244162
0.638672 -0.243106
0.664062 -0.242611
0.652344 -0.242875
0.644531 -0.243154
0.638672 -0.243788
0.621094 -0.244183
0.591797 -0.244389
0.564453 -0.243368
0.558594 -0.242866
0.595703 -0.242333
0.589844 -0.241197
0.628906 -0.240078
0.636719 -0.239312
0.623047 -0.239111
0.572266 -0.238466
0.568359 -0.237407
0.5625 -0.236195
0.550781 -0.235423
0.589844 -0.234291
0.558594 -0.233704
0.595703 -0.232581
0.572266 -0.232153
0.576172 -0.232083
0.544922 -0.231851
0.589844 -0.230974
0.578125 -0.230464
0.619141 -0.230213
0.566406 -0.229514
0.572266 -0.228073
0.53125 -0.226183
0.550781 -0.223728
0.535156 -0.221375
0.552734 -0.219193
0.572266 -0.216391
0.498047 -0.214709
0.558594 -0.212585
0.501953 -0.211217
0.478516 -0.208882
0.525391 -0.206743
0.544922 -0.205266
0.544922 -0.204159
0.537109 -0.204203
0.570312 -0.203773
0.589844 -0.203205
0.615234 -0.203142
0.632812 -0.203721
0.658203 -0.202703
0.621094 -0.202369
0.587891 -0.201501
0.574219 -0.200694
0.597656 -0.200273
0.638672 -0.199378
0.630859 -0.198253
0.603516 -0.19657
0.589844 -0.194867
0.570312 -0.192717
0.519531 -0.191043
0.572266 -0.189804
0.587891 -0.188743
0.578125 -0.187159
0.560547 -0.185477
0.591797 -0.184148
0.580078 -0.183715
0.623047 -0.183686
0.671875 -0.183582
0.644531 -0.182883
0.642578 -0.182369
0.644531 -0.182378
0.626953 -0.182923
0.640625 -0.182987
0.625 -0.182722
0.654297 -0.18271
0.667969 -0.182017
0.644531 -0.181587
0.595703 -0.180816
0.587891 -0.180204
0.566406 -0.180602
0.589844 -0.180485
0.554688 -0.181
0.554688 -0.180924
0.542969 -0.180465
0.585938 -0.180582
0.595703 -0.180638
0.566406 -0.179601
0.574219 -0.178709
0.615234 -0.17898
0.615234 -0.180271
0.646484 -0.181649
0.632812 -0.181808
0.642578 -0.181257
0.621094 -0.181874
0.597656 -0.181824
0.529297 -0.182381
0.511719 -0.182778
0.513672 -0.182372
0.539062 -0.181699
0.558594 -0.180983
0.550781 -0.180644
0.498047 -0.17972
0.507812 -0.179324
0.507812 -0.179109
0.474609 -0.179603
0.484375 -0.180089
0.486328 -0.180833
0.464844 -0.181839
0.408203 -0.18269
0.404297 -0.183846
0.375 -0.184467
0.390625 -0.184926
0.371094 -0.185482
0.369141 -0.186434
0.332031 -0.187142
0.277344 -0.187866
0.271484 -0.188585
0.279297 -0.188135
0.316406 -0.18771
0.298828 -0.187645
0.283203 -0.188533
0.316406 -0.189554
0.298828 -0.19034
0.355469 -0.191108
0.417969 -0.192423
0.427734 -0.193981
0.455078 -0.195381
0.400391 -0.196366
0.410156 -0.197643
0.388672 -0.198823
0.382812 -0.200708
0.433594 -0.202084
0.412109 -0.204243
0.478516 -0.20704
0.503906 -0.210689
0.462891 -0.214888
0.429688 -0.218888
0.466797 -0.223286
0.466797 -0.226873
0.398438 -0.23036
0.396484 -0.233467
0.402344 -0.237464
0.359375 -0.241805
0.392578 -0.245469
0.404297 -0.249273
0.384766 -0.252871
0.359375 -0.256591
0.373047 -0.259815
0.324219 -0.262562
0.369141 -0.264883
0.361328 -0.267315
0.400391 -0.270036
0.378906 -0.272282
0.359375 -0.274317
0.359375 -0.276145
0.376953 -0.278042
0.355469 -0.279962
0.330078 -0.281422
0.333984 -0.283488
0.300781 -0.285771
0.324219 -0.287484
0.289062 -0.28886
0.318359 -0.289959
0.302734 -0.291645
0.3125 -0.293598
0.357422 -0.295391
0.384766 -0.297065
0.398438 -0.299395
0.390625 -0.301113
0.337891 -0.302904
0.320312 -0.303831
0.326172 -0.304633
0.320312 -0.306239
0.316406 -0.307551
0.267578 -0.308526
0.304688 -0.309125
0.273438 -0.310377
0.261719 -0.312075
0.273438 -0.312536
0.255859 -0.313022
0.238281 -0.313884
0.205078 -0.315127
0.224609 -0.31607
0.226562 -0.31642
0.203125 -0.316729
0.189453 -0.316761
0.191406 -0.315623
0.183594 -0.314479
0.195312 -0.313442
0.242188 -0.31153
0.287109 -0.309894
0.304688 -0.30884
0.339844 -0.30807
0.326172 -0.307052
0.337891 -0.305684
0.373047 -0.3045
0.410156 -0.303819
0.380859 -0.303144
0.328125 -0.302891
0.339844 -0.301423
0.324219 -0.299962
0.283203 -0.297495
0.294922 -0.294694
0.285156 -0.292361
0.259766 -0.290196
0.273438 -0.287707
0.259766 -0.285702
0.265625 -0.282618
0.242188 -0.279384
0.216797 -0.276506
0.236328 -0.274031
0.251953 -0.272486
0.251953 -0.271148
0.232422 -0.269835
0.255859 -0.269026
0.230469 -0.268764
0.201172 -0.268861
0.220703 -0.268552
0.224609 -0.269249
0.240234 -0.26987
0.296875 -0.26995
0.285156 -0.269786
0.238281 -0.270578
0.259766 -0.27112
0.28125 -0.271284
0.296875 -0.271116
0.292969 -0.27101
0.289062 -0.271122
0.285156 -0.271222
0.337891 -0.27054
0.34375 -0.270175
0.328125 -0.270854
0.353516 -0.271752
0.373047 -0.272691
0.392578 -0.274264
0.404297 -0.275719
0.419922 -0.278026
0.433594 -0.280583
0.447266 -0.282488
0.410156 -0.284719
0.429688 -0.286006
0.388672 -0.287421
0.384766 -0.289445
0.398438 -0.29114
0.355469 -0.293271
0.326172 -0.294607
0.330078 -0.296229
0.326172 -0.297532
0.28125 -0.298733
0.271484 -0.299512
0.365234 -0.300173
0.398438 -0.300386
0.333984 -0.300046
0.314453 -0.298533
0.316406 -0.297812
0.382812 -0.298239
0.357422 -0.300184
0.410156 -0.302115
0.351562 -0.303682
0.335938 -0.304623
0.322266 -0.304968
0.283203 -0.306682
0.279297 -0.307478
0.246094 -0.309091
0.287109 -0.310917
0.259766 -0.312215
0.289062 -0.313705
0.300781 -0.315263
0.296875 -0.316989
0.238281 -0.318583
0.240234 -0.320398
0.226562 -0.321787
0.197266 -0.32307
0.279297 -0.322891
0.261719 -0.323573
0.216797 -0.324637
0.148438 -0.325645
0.169922 -0.326321
0.173828 -0.327743
0.212891 -0.328921
0.207031 -0.330361
0.189453 -0.331046
0.152344 -0.333313
0.107422 -0.336165
0.0761719 -0.337955
0.0703125 -0.339805
0.0390625 -0.340351
0.0507812 -0.340773
0.0664062 -0.340761
0.0546875 -0.340686
0.03125 -0.340288
0.046875 -0.339973
0.0195312 -0.33958
0.0253906 -0.339062
0.00390625 -0.337618
0.015625 -0.336515
0.00390625 -0.336227
0.015625 -0.335753
0.0507812 -0.335965
0.0859375 -0.335893
0.0839844 -0.335652
0.0410156 -0.336245
0.0351562 -0.336395
0.046875 -0.336129
0.00195312 -0.335507
0.00390625 -0.335034
0.0117188 -0.333784
0.0195312 -0.331778
0.00195312 -0.33029
0.00976562 -0.329328
0.0078125 -0.328008
0.0371094 -0.326043
0.0429688 -0.323057
0.0546875 -0.320423
0.0429688 -0.317626
0.015625 -0.3134
0.0292969 -0.30946
0.0273438 -0.305172
0.00390625 -0.299833
0.0078125 -0.294747
0.0351562 -0.289558
0.0898438 -0.284501
0.0351562 -0.279876
0.0507812 -0.274617
0.0957031 -0.271193
0.121094 -0.268099
0.0976562 -0.264808
0.121094 -0.260947
0.126953 -0.257079
0.128906 -0.252516
0.00390625 -0.247725
0.0175781 -0.242606
0.0488281 -0.236709
0.0078125 -0.229643
0.0234375 -0.222251
0.0410156 -0.215398
0.00585938 -0.208605
0.0214844 -0.201917
0.119141 -0.195731
0.140625 -0.190329
0.150391 -0.185391
0.164062 -0.17997
0.171875 -0.175366
0.169922 -0.171078
0.162109 -0.167499
0.158203 -0.163174
0.0976562 -0.158808
0.125 -0.153794
0.115234 -0.149657
0.117188 -0.145383
0.117188 -0.141557
0.121094 -0.137867
0.173828 -0.134157
0.207031 -0.13082
0.242188 -0.127981
0.236328 -0.125797
0.279297 -0.122838
0.275391 -0.121219
0.316406 -0.119934
0.277344 -0.118607
0.261719 -0.117543
0.257812 -0.115908
0.261719 -0.115033
0.238281 -0.114681
0.234375 -0.113823
0.208984 -0.112855
0.232422 -0.111567
0.238281 -0.109437
0.273438 -0.106983
0.248047 -0.105201
0.236328 -0.102804
0.224609 -0.100518
0.244141 -0.0982493
0.214844 -0.0965677
0.224609 -0.0955827
0.273438 -0.094382
0.242188 -0.0934437
0.222656 -0.0922824
0.298828 -0.0906592
0.3125 -0.0891697
0.230469 -0.0881535
0.230469 -0.0869951
0.212891 -0.0863984
0.21875 -0.0874704
0.21875 -0.0883588
0.238281 -0.0890445
0.246094 -0.089272
0.267578 -0.08877
0.298828 -0.0875372
0.263672 -0.0866293
0.248047 -0.0854147
0.222656 -0.0836852
0.205078 -0.0820354
0.232422 -0.0792191
0.263672 -0.0766123
0.251953 -0.0744182
0.296875 -0.0729074
0.302734 -0.0715816
0.365234 -0.0692459
0.386719 -0.0661014
0.308594 -0.0626994
0.306641 -0.0585223
0.287109 -0.0550657
0.347656 -0.0525046
0.378906 -0.0507113
0.359375 -0.0487875
0.378906 -0.0477032
0.337891 -0.0470201
0.294922 -0.0466963
0.318359 -0.0463517
0.246094 -0.0455675
0.279297 -0.0437355
0.294922 -0.0417514
0.287109 -0.0404026
0.314453 -0.0386096
0.351562 -0.036582
0.289062 -0.0346318
0.283203 -0.0328695
0.273438 -0.0304621
0.244141 -0.0282527
0.259766 -0.026712
0.238281 -0.0255241
0.226562 -0.0247427
0.21875 -0.0236432
0.265625 -0.0234551
0.353516 -0.0234206
0.365234 -0.0237405
0.359375 -0.0241128
0.332031 -0.0243464
0.347656 -0.0242929
0.380859 -0.0243017
0.359375 -0.0250453
0.380859 -0.0248116
0.3125 -0.0230987
0.269531 -0.0215374
0.238281 -0.0196178
0.224609 -0.0179058
0.25 -0.0165075
0.212891 -0.0146944
0.210938 -0.0132302
0.173828 -0.0126092
0.138672 -0.0112435
0.160156 -0.0104758
0.171875 -0.00990673
0.193359 -0.00916505
0.203125 -0.00832706
0.230469 -0.00782511
0.232422 -0.00662321
0.220703 -0.00620709
0.212891 -0.00413524
0.183594 -0.00163442
0.164062 0.000488163
0.167969 0.00222029
0.150391 0.00283781
0.15625 0.00468432
0.167969 0.00621215
0.203125 0.00860252
0.199219 0.0101225
0.214844 0.0114956
0.306641 0.0132666
0.267578 0.0140356
0.302734 0.0154041
0.330078 0.015124
0.328125 0.0141161
0.296875 0.0140985
0.263672 0.0147324
0.291016 0.0159138
0.335938 0.0171675
0.375 0.0180869
0.345703 0.0188026
0.373047 0.0197675
0.449219 0.0205534
0.384766 0.0212122
0.373047 0.0223283
0.308594 0.0235022
0.316406 0.0253999
0.324219 0.0269965
0.308594 0.0286769
0.359375 0.029822
0.359375 0.0306172
0.322266 0.0316227
0.314453 0.0326515
0.335938 0.0345026
0.353516 0.0353101
0.351562 0.0364481
0.378906 0.0373798
0.34375 0.0374485
0.326172 0.0378025
0.316406 0.0381444
0.300781 0.0380639
0.285156 0.037292
0.236328 0.0376011
0.300781 0.0384844
0.251953 0.0397629
0.205078 0.0403684
0.197266 0.0421386
0.230469 0.0448834
0.283203 0.0468523
0.310547 0.049659
0.275391 0.0511633
0.248047 0.0527854
0.306641 0.0555925
0.402344 0.0586589
0.394531 0.0613689
0.384766 0.0626451
0.394531 0.0633671
0.410156 0.0648612
0.392578 0.0661243
0.367188 0.0673333
0.365234 0.0686439
0.353516 0.071108
0.376953 0.0731196
0.386719 0.0752601
0.388672 0.0770319
0.427734 0.0791245
0.417969 0.0813918
0.441406 0.0837566
0.439453 0.0855011
0.423828 0.0863802
0.371094 0.087318
0.392578 0.0893982
0.40625 0.0909438
0.427734 0.093449
0.396484 0.0961578
0.431641 0.0989129
0.451172 0.101491
0.490234 0.105113
0.466797 0.108051
0.4375 0.11124
0.423828 0.114784
0.412109 0.1184
0.416016 0.12266
0.330078 0.126572
0.376953 0.130846
0.351562 0.134957
0.335938 0.138475
0.337891 0.142806
0.333984 0.146958
0.333984 0.150991
0.371094 0.154175
0.417969 0.157618
0.474609 0.16119
0.451172 0.164792
0.433594 0.168285
0.449219 0.171917
0.4375 0.175798
0.496094 0.179536
0.478516 0.183179
0.451172 0.187839
0.455078 0.193013
0.466797 0.197472
0.513672 0.201173
0.492188 0.204559
0.457031 0.207028
0.421875 0.210567
0.425781 0.214304
0.359375 0.217063
0.386719 0.220713
0.414062 0.224538
0.412109 0.227308
0.449219 0.230174
0.361328 0.233231
0.359375 0.236275
0.361328 0.239477
0.386719 0.242451
0.419922 0.245617
0.414062 0.249316
0.439453 0.252462
0.425781 0.255408
0.427734 0.258273
0.4375 0.261596
0.433594 0.264151
0.447266 0.267075
0.425781 0.268658
0.412109 0.27012
0.427734 0.271601
0.388672 0.272055
0.363281 0.273028
0.376953 0.273329
0.333984 0.273188
0.349609 0.273129
0.34375 0.272742
0.365234 0.272745
0.392578 0.273075
0.40625 0.273498
0.439453 0.274647
0.46875 0.276056
0.476562 0.276919
0.416016 0.277391
0.441406 0.278302
0.484375 0.277702
0.480469 0.275983
0.494141 0.274975
0.5 0.274704
0.466797 0.274335
0.402344 0.273295
0.427734 0.273141
0.443359 0.273612
0.484375 0.273912
0.447266 0.272758
0.427734 0.273003
0.419922 0.273786
0.445312 0.274318
0.464844 0.274767
0.455078 0.275065
0.480469 0.274394
0.441406 0.274852
0.466797 0.27703
0.492188 0.27799
0.539062 0.2784
0.587891 0.278586
0.603516 0.278811
0.654297 0.278615
0.626953 0.277629
0.623047 0.275844
0.685547 0.274623
0.640625 0.273228
0.650391 0.272349
0.671875 0.27154
0.658203 0.269789
0.658203 0.267818
0.695312 0.265505
0.669922 0.263311
0.630859 0.262703
0.615234 0.261784
0.630859 0.260866
0.544922 0.258936
0.521484 0.258368
0.486328 0.257325
0.554688 0.256837
0.552734 0.256627
0.574219 0.25516
0.46875 0.253792
0.523438 0.253175
0.515625 0.251336
0.513672 0.249469
0.552734 0.24731
0.519531 0.245166
0.542969 0.243748
0.580078 0.242086
0.513672 0.239717
0.498047 0.239048
0.474609 0.238598
0.494141 0.23802
0.519531 0.236754
0.523438 0.235791
0.494141 0.234234
0.501953 0.233261
0.494141 0.233156
0.552734 0.233968
0.568359 0.234094
0.572266 0.232678
0.546875 0.23154
0.484375 0.229804
0.494141 0.227494
0.462891 0.224369
0.414062 0.220551
0.445312 0.216989
0.408203 0.214106
0.427734 0.211945
0.367188 0.209638
0.392578 0.208198
0.357422 0.207144
0.378906 0.206929
0.384766 0.206477
0.404297 0.206481
0.367188 0.207382
0.398438 0.208824
0.455078 0.209494
0.464844 0.210364
0.462891 0.210243
0.484375 0.210406
0.458984 0.211991
0.476562 0.212968
0.480469 0.213606
0.496094 0.214896
0.464844 0.215829
0.425781 0.21591
0.433594 0.215611
0.496094 0.214154
0.511719 0.213074
0.431641 0.21292
0.416016 0.213416
0.433594 0.21461
0.416016 0.215684
0.361328 0.215916
0.400391 0.215949
0.384766 0.215892
0.453125 0.216001
0.457031 0.217181
0.445312 0.219378
0.466797 0.2219
0.470703 0.225032
0.470703 0.228106
0.472656 0.230114
0.46875 0.232517
0.445312 0.234468
0.419922 0.236296
0.427734 0.237942
0.455078 0.237891
0.478516 0.236993
0.5 0.236524
0.494141 0.23467
0.494141 0.232275
0.486328 0.230155
0.451172 0.2286
0.429688 0.227041
0.503906 0.226281
0.544922 0.224696
0.556641 0.224441
0.560547 0.223514
0.552734 0.222152
0.554688 0.221261
0.517578 0.221285
0.558594 0.221441
0.554688 0.221236
0.566406 0.220905
0.580078 0.220823
0.574219 0.222324
0.533203 0.223669
0.609375 0.225842
0.617188 0.227422
0.599609 0.229082
0.613281 0.230969
0.554688 0.233178
0.501953 0.235539
0.5 0.239691
0.472656 0.243079
0.554688 0.245294
0.546875 0.246662
0.53125 0.248729
0.517578 0.251236
0.492188 0.253429
0.570312 0.25574
0.554688 0.257338
0.558594 0.25909
0.525391 0.260636
0.535156 0.26113
0.525391 0.261058
0.533203 0.261054
0.527344 0.262
0.503906 0.261912
0.488281 0.261294
0.482422 0.261383
0.505859 0.261662
0.476562 0.261142
0.474609 0.26136
0.509766 0.261838
0.537109 0.262086
0.568359 0.263449
0.564453 0.264306
0.591797 0.265175
0.578125 0.265144
0.552734 0.265716
0.527344 0.265243
0.496094 0.264757
0.523438 0.264765
0.583984 0.26507
0.503906 0.265064
0.517578 0.265372
0.503906 0.266072
0.4375 0.266861
0.441406 0.266756
0.404297 0.267568
0.390625 0.268168
0.380859 0.268281
0.396484 0.268511
0.421875 0.269159
0.408203 0.270046
0.40625 0.271718
0.392578 0.273227
0.337891 0.273788
0.410156 0.274626
0.376953 0.275413
0.382812 0.277269
0.416016 0.279296
0.435547 0.280447
0.474609 0.282388
0.474609 0.284559
0.486328 0.286553
0.457031 0.288707
0.439453 0.290547
0.457031 0.292427
0.486328 0.294715
0.480469 0.294846
0.490234 0.294148
0.535156 0.293635
0.544922 0.293734
0.556641 0.294367
0.529297 0.294716
0.541016 0.294844
0.564453 0.295881
0.503906 0.296272
0.511719 0.295643
0.525391 0.295189
0.5 0.293913
0.507812 0.29348
0.496094 0.292169
0.542969 0.290955
0.492188 0.289636
0.447266 0.288737
0.365234 0.287679
0.384766 0.285692
0.378906 0.284486
0.335938 0.283876
0.365234 0.283992
0.375 0.283819
0.353516 0.283394
0.369141 0.283256
0.322266 0.282322
0.330078 0.28136
0.3125 0.281361
0.308594 0.282168
0.263672 0.283271
0.308594 0.283494
0.300781 0.284053
0.361328 0.284462
0.373047 0.286245
0.382812 0.287787
0.402344 0.289408
0.425781 0.290085
0.400391 0.29168
0.441406 0.293441
0.435547 0.29467
0.441406 0.296074
0.443359 0.29587
0.441406 0.294616
0.404297 0.29316
0.404297 0.291573
0.417969 0.290596
0.414062 0.289554
0.365234 0.288995
0.384766 0.28829
0.416016 0.288099
0.414062 0.287415
0.404297 0.286659
0.373047 0.285721
0.373047 0.284937
0.306641 0.284797
0.310547 0.285236
0.332031 0.285401
0.369141 0.28517
0.408203 0.284551
0.421875 0.282029
0.431641 0.279895
0.425781 0.278059
0.470703 0.277355
0.492188 0.276062
0.498047 0.274187
0.458984 0.272364
0.425781 0.271514
0.396484 0.271086
0.386719 0.271
0.376953 0.269693
0.40625 0.268869
0.351562 0.268228
0.328125 0.267645
0.326172 0.268006
0.341797 0.267069
0.328125 0.265733
0.322266 0.264807
0.417969 0.263854
0.417969 0.26227
0.417969 0.261557
0.386719 0.260274
0.363281 0.25866
0.337891 0.257276
0.347656 0.255883
0.375 0.254715
0.388672 0.253663
0.408203 0.252419
0.457031 0.250358
0.449219 0.248422
0.382812 0.246753
0.388672 0.245736
0.345703 0.244495
0.322266 0.241555
0.351562 0.239206
0.412109 0.236076
0.445312 0.232399
0.457031 0.228383
0.462891 0.224487
0.470703 0.219038
0.542969 0.21322
0.53125 0.20722
0.566406 0.201617
0.59375 0.195503
0.548828 0.189277
0.511719 0.183491
0.533203 0.179304
0.558594 0.1758
0.478516 0.172486
0.544922 0.169071
0.537109 0.165199
0.519531 0.162549
0.449219 0.160436
0.464844 0.158803
0.486328 0.156465
0.507812 0.154291
0.503906 0.151123
0.464844 0.146746
0.460938 0.143871
0.486328 0.141224
0.486328 0.13903
0.457031 0.136255
0.439453 0.132193
0.537109 0.127481
0.574219 0.122651
0.597656 0.117652
0.542969 0.112077
0.509766 0.107208
0.492188 0.101539
0.492188 0.0963894
0.541016 0.0908225
0.53125 0.0849712
0.535156 0.0804444
0.556641 0.0768936
0.583984 0.0736792
0.578125 0.0694636
0.611328 0.0653211
0.617188 0.0629021
0.628906 0.0603589
0.654297 0.0568356
0.667969 0.0534994
0.667969 0.0497526
0.654297 0.0454483
0.675781 0.0412258
0.693359 0.037711
0.6875 0.0340276
0.65625 0.0308252
0.638672 0.0281522
0.632812 0.0250379
0.619141 0.0229724
0.578125 0.0220792
0.603516 0.0202113
0.59375 0.0180111
0.583984 0.0165558
0.587891 0.0149029
0.611328 0.01375
0.626953 0.0112121
0.628906 0.00934514
0.617188 0.00849767
0.669922 0.00798204
0.697266 0.00797628
0.695312 0.00777868
0.671875 0.00734375
0.677734 0.00727959
0.695312 0.00799168
0.728516 0.00945201
0.671875 0.0107904
0.675781 0.0125616
0.722656 0.0131297
0.705078 0.0126686
0.658203 0.0128903
0.652344 0.013472
0.681641 0.0136914
0.640625 0.0127141
0.615234 0.0114149
0.693359 0.0095302
0.683594 0.00829188
0.636719 0.00719667
0.644531 0.00669521
0.628906 0.00608455
0.585938 0.00587681
0.597656 0.00566895
0.658203 0.00488698
0.580078 0.00460819
0.572266 0.00415905
0.599609 0.00430931
0.591797 0.00438892
0.628906 0.00486809
0.599609 0.00465295
0.572266 0.00476796
0.613281 0.00468309
0.603516 0.00469961
0.566406 0.00512391
0.572266 0.00604539
0.542969 0.00757431
0.507812 0.00930568
0.462891 0.0107648
0.472656 0.0134363
0.5 0.015869
0.53125 0.016792
0.535156 0.0172892
0.505859 0.0169363
0.595703 0.0182363
0.582031 0.0192518
0.570312 0.0196269
0.580078 0.0194484
0.572266 0.0194807
0.580078 0.0187141
0.546875 0.0178407
0.572266 0.0177705
0.611328 0.0165872
0.595703 0.0158892
0.566406 0.0155849
0.574219 0.0148349
0.580078 0.0134309
0.615234 0.0127582
0.691406 0.0116545
0.630859 0.0106601
0.632812 0.00986947
0.619141 0.00920129
0.628906 0.00812008
0.65625 0.00581156
0.646484 0.00378277
0.644531 0.00251844
0.634766 0.00116657
0.582031 -0.00126207
0.597656 -0.00238699
0.578125 -0.0040825
0.574219 -0.00636476
0.597656 -0.0080244
0.572266 -0.0105489
0.554688 -0.0122176
0.513672 -0.0137028
0.453125 -0.0149231
0.466797 -0.0151767
0.519531 -0.0162968
0.5 -0.0176154
0.505859 -0.0184854
0.470703 -0.0198114
0.416016 -0.0200543
0.410156 -0.0200127
0.414062 -0.0196576
0.386719 -0.0200436
0.433594 -0.0209321
0.412109 -0.0215702
0.421875 -0.0211811
0.484375 -0.0203641
0.482422 -0.0197112
0.507812 -0.0178821
0.464844 -0.016494
0.511719 -0.0151361
0.548828 -0.0134897
0.548828 -0.0125085
0.548828 -0.0118084
0.533203 -0.0118616
0.490234 -0.0114815
0.521484 -0.0111687
0.574219 -0.0109584
0.568359 -0.0107328
0.542969 -0.0105779
0.494141 -0.00955536
0.515625 -0.00881883
0.517578 -0.00889201
0.480469 -0.00883216
0.517578 -0.00849414
0.521484 -0.00743252
0.525391 -0.00669694
0.496094 -0.00555462
0.505859 -0.0032602
0.542969 -0.00106695
0.541016 -0.000384936
0.53125 0.000410497
0.494141 0.000763124
0.507812 0.00132673
0.544922 0.00127057
0.515625 0.00062821
0.5625 -0.000377482
0.525391 -0.00193297
0.472656 -0.00172998
0.496094 -0.000968117
0.498047 -0.000332395
0.470703 0.00125751
0.490234 0.0035202
0.486328 0.00586336
0.484375 0.00781494
0.474609 0.0100648
0.509766 0.0131587
0.519531 0.0156256
0.488281 0.0178308
0.511719 0.0207533
0.560547 0.0223798
0.509766 0.0232822
0.527344 0.0235109
0.517578 0.0234582
0.505859 0.0243395
0.505859 0.0240902
0.566406 0.0244759
0.558594 0.0233447
0.574219 0.0219786
0.544922 0.0204219
0.525391 0.0197609
0.517578 0.0196001
0.521484 0.0201731
0.539062 0.0206422
0.529297 0.0210542
0.527344 0.0217419
0.494141 0.0230603
0.46875 0.0249253
0.478516 0.0272183
0.496094 0.0313481
0.5 0.0336422
0.511719 0.0366906
0.423828 0.0399783
0.527344 0.0438327
0.544922 0.0468355
0.539062 0.0492874
0.556641 0.0516816
0.5625 0.0529188
0.605469 0.0546528
0.580078 0.0562462
0.521484 0.0584242
0.501953 0.0617654
0.517578 0.0643575
0.480469 0.0676266
0.486328 0.0713657
0.523438 0.0747935
0.556641 0.0776926
0.558594 0.0818816
0.609375 0.0858648
0.574219 0.0897765
0.589844 0.094004
0.607422 0.0970222
0.632812 0.0990862
0.597656 0.10048
0.589844 0.102405
0.585938 0.103835
0.589844 0.104657
0.617188 0.105822
0.560547 0.107448
0.546875 0.108785
0.583984 0.110212
0.529297 0.111432
0.539062 0.113733
0.519531 0.116821
0.546875 0.12128
0.5 0.124081
0.496094 0.128106
0.539062 0.130594
0.583984 0.133026
0.613281 0.136251
0.652344 0.138874
0.632812 0.141051
0.617188 0.14337
0.599609 0.145364
0.626953 0.146466
0.648438 0.148908
0.644531 0.149406
0.666016 0.149124
0.673828 0.148319
0.681641 0.147912
0.658203 0.147241
0.673828 0.145989
0.691406 0.143094
0.736328 0.140095
0.703125 0.136708
0.685547 0.133639
0.708984 0.130583
0.632812 0.127569
0.630859 0.124741
0.664062 0.121552
0.652344 0.118403
0.677734 0.115652
0.669922 0.112664
0.642578 0.109721
0.609375 0.107058
0.585938 0.104459
0.603516 0.102272
0.587891 0.100179
0.607422 0.0977001
0.595703 0.0941857
0.628906 0.0899569
0.634766 0.0856469
0.640625 0.0817622
0.658203 0.0788142
0.660156 0.0747244
0.693359 0.0706338
0.691406 0.0679317
0.759766 0.0677949
0.728516 0.0667217
0.746094 0.066444
0.738281 0.0662643
0.777344 0.0648923
0.75 0.0647852
0.724609 0.065992
0.761719 0.0676268
0.710938 0.0681501
0.658203 0.0687264
0.625 0.0707515
0.589844 0.0728718
0.640625 0.0745909
0.607422 0.0761541
0.638672 0.077454
0.625 0.0774679
0.605469 0.0756212
0.601562 0.0743881
0.636719 0.0725383
0.638672 0.0709191
0.607422 0.069263
0.582031 0.0673768
0.576172 0.0661889
0.529297 0.0663639
0.523438 0.0655346
0.544922 0.0642287
0.574219 0.0621519
0.564453 0.0601498
0.554688 0.0588309
0.570312 0.0563741
0.509766 0.0533068
0.517578 0.0514492
0.560547 0.0486367
0.5625 0.0451302
0.574219 0.0412423
0.572266 0.0377412
0.578125 0.0338835
0.550781 0.0296779
0.501953 0.0260483
0.466797 0.022501
0.515625 0.0196885
0.560547 0.0170505
0.511719 0.0152569
0.517578 0.0144845
0.505859 0.0148414
0.480469 0.0161447
0.517578 0.0164299
0.523438 0.0161623
0.517578 0.016401
0.53125 0.015962
0.513672 0.0144418
0.541016 0.013256
0.615234 0.0125585
0.599609 0.0118363
0.583984 0.0105884
0.576172 0.00968411
0.587891 0.0100948
0.583984 0.00966454
0.548828 0.00888173
0.521484 0.00811396
0.564453 0.00691549
0.572266 0.00664314
0.554688 0.00742036
0.570312 0.00804546
0.550781 0.0091204
0.548828 0.0111204
0.548828 0.0140227
0.537109 0.0164097
0.552734 0.0196887
0.539062 0.0239203
0.546875 0.0272989
0.511719 0.031005
0.496094 0.0334945
0.5 0.034996
0.511719 0.0367997
0.503906 0.0385935
0.507812 0.0403
0.539062 0.0416754
0.558594 0.0431427
0.574219 0.0457932
0.542969 0.0496507
0.546875 0.0539424
0.550781 0.0579038
0.550781 0.0614738
0.535156 0.065584
0.554688 0.0698148
0.529297 0.0740019
0.505859 0.0783593
0.472656 0.0827705
0.470703 0.0874475
0.519531 0.0905821
0.560547 0.0922284
0.607422 0.0940066
0.615234 0.0954219
0.605469 0.0974655
0.597656 0.098739
0.578125 0.0994176
0.613281 0.099129
0.632812 0.0989957
0.642578 0.0977713
0.638672 0.09714
0.605469 0.0972416
0.623047 0.0978948
0.570312 0.100194
0.509766 0.101937
0.498047 0.103885
0.492188 0.105712
0.529297 0.107686
0.529297 0.110346
0.505859 0.112325
0.585938 0.115349
0.630859 0.117589
0.601562 0.119808
0.605469 0.121515
0.599609 0.122626
0.589844 0.124897
0.568359 0.126967
0.570312 0.129393
0.541016 0.131558
0.548828 0.133957
0.523438 0.13669
0.494141 0.140059
0.488281 0.143732
0.429688 0.147523
0.462891 0.152375
0.478516 0.15576
0.492188 0.159472
0.513672 0.162404
0.527344 0.164883
0.53125 0.166597
0.535156 0.167628
0.548828 0.169812
0.615234 0.171378
0.628906 0.173107
0.578125 0.173929
0.564453 0.174845
0.603516 0.1757
0.664062 0.175766
0.714844 0.175424
0.697266 0.175146
0.671875 0.175657
0.679688 0.176605
0.660156 0.17759
0.666016 0.178032
0.650391 0.178654
0.617188 0.178146
0.591797 0.179368
0.615234 0.180485
0.632812 0.181568
0.630859 0.184471
0.673828 0.18592
0.691406 0.186385
0.685547 0.185864
0.6875 0.184815
0.648438 0.183699
0.646484 0.182824
0.648438 0.180848
0.621094 0.178727
0.572266 0.17643
0.621094 0.173848
0.632812 0.170719
0.623047 0.168752
0.609375 0.166844
0.578125 0.166006
0.576172 0.165756
0.513672 0.166108
0.527344 0.166746
0.541016 0.166525
0.578125 0.165619
0.570312 0.164221
0.615234 0.163255
0.611328 0.161737
0.589844 0.160905
0.589844 0.160905
0.582031 0.159666
0.636719 0.158542
0.654297 0.1584
0.638672 0.157734
0.689453 0.156537
0.642578 0.154254
0.652344 0.151958
0.654297 0.149416
0.675781 0.147114
0.582031 0.144086
0.595703 0.14249
0.605469 0.141201
0.564453 0.138873
0.574219 0.13632
0.576172 0.132163
0.552734 0.12944
0.554688 0.127686
0.525391 0.125773
0.546875 0.124386
0.591797 0.124107
0.595703 0.12351
0.611328 0.122464
0.630859 0.121002
0.613281 0.119518
0.585938 0.118395
0.533203 0.118136
0.466797 0.118015
0.474609 0.117337
0.443359 0.11739
0.466797 0.118393
0.425781 0.119069
0.462891 0.119399
0.476562 0.118592
0.496094 0.11844
0.537109 0.119221
0.482422 0.118355
0.472656 0.117446
0.476562 0.116736
0.449219 0.114169
0.478516 0.11209
0.523438 0.11043
0.509766 0.108341
0.523438 0.107625
0.515625 0.106263
0.503906 0.104475
0.511719 0.101994
0.511719 0.0997251
0.498047 0.0968881
0.511719 0.0945067
0.501953 0.0935582
0.517578 0.0925078
0.546875 0.0918342
0.529297 0.0914271
0.515625 0.0909534
0.474609 0.0910028
0.443359 0.0926772
0.486328 0.0950143
0.480469 0.0976378
0.458984 0.10018
0.46875 0.102779
0.490234 0.103918
0.478516 0.1026
0.496094 0.102276
0.529297 0.101727
0.517578 0.101117
0.550781 0.10055
0.582031 0.0999333
0.589844 0.0979459
0.574219 0.0952649
0.5625 0.0935906
0.496094 0.0918863
0.486328 0.0912233
0.501953 0.090551
0.580078 0.0891501
0.544922 0.087485
0.544922 0.0868866
0.556641 0.0866869
0.550781 0.0863166
0.597656 0.0869617
0.578125 0.0865527
0.517578 0.086481
0.505859 0.0869577
0.595703 0.0880963
0.609375 0.0887378
0.583984 0.0877898
0.576172 0.0859769
0.621094 0.0839051
0.595703 0.0825566
0.529297 0.0818234
0.550781 0.0826317
0.554688 0.0837561
0.5625 0.083429
0.574219 0.0839233
0.568359 0.0846817
0.548828 0.0863499
0.539062 0.087869
0.484375 0.0906696
0.449219 0.0945567
0.425781 0.0987917
0.458984 0.103554
0.552734 0.107692
0.537109 0.111907
0.539062 0.116112
0.554688 0.120817
0.541016 0.127079
0.554688 0.134005
0.578125 0.138812
0.601562 0.143659
0.572266 0.150385
0.595703 0.156249
0.560547 0.161325
0.560547 0.165123
0.568359 0.169248
0.566406 0.172432
0.626953 0.175589
0.660156 0.178075
0.701172 0.179666
0.71875 0.181524
0.746094 0.183202
0.728516 0.184009
0.748047 0.184983
0.732422 0.185698
0.751953 0.187916
0.708984 0.189728
0.744141 0.191847
0.753906 0.193837
0.78125 0.195342
0.738281 0.197756
0.783203 0.200284
0.705078 0.202335
0.695312 0.20492
0.707031 0.208485
0.734375 0.212248
0.746094 0.216182
0.730469 0.220875
0.740234 0.226816
0.714844 0.233105
0.757812 0.239984
0.763672 0.246385
0.742188 0.253295
0.732422 0.260696
0.722656 0.267001
0.697266 0.272309
0.71875 0.276537
0.693359 0.277897
0.683594 0.280271
0.666016 0.283298
0.671875 0.285289
0.652344 0.287801
0.642578 0.289821
0.621094 0.292844
0.603516 0.296034
0.570312 0.29872
0.554688 0.301845
0.583984 0.303585
0.523438 0.30564
0.394531 0.307072
0.408203 0.31055
0.412109 0.313661
0.392578 0.316834
0.445312 0.320375
0.453125 0.323053
0.474609 0.326313
0.421875 0.329238
0.373047 0.333444
0.361328 0.337327
0.369141 0.341358
0.421875 0.34486
0.423828 0.347577
0.435547 0.350444
0.394531 0.352719
0.429688 0.3552
0.371094 0.356432
0.316406 0.35766
0.320312 0.358848
0.351562 0.361453
0.292969 0.362723
0.308594 0.362142
0.318359 0.362666
0.351562 0.363571
0.375 0.366014
0.390625 0.367723
0.382812 0.368637
0.396484 0.370155
0.384766 0.373167
0.388672 0.377179
0.351562 0.380486
0.353516 0.384477
0.34375 0.38843
0.310547 0.393882
0.345703 0.399873
0.384766 0.405375
0.326172 0.410723
0.324219 0.415483
0.34375 0.420299
0.306641 0.424111
0.335938 0.428319
0.335938 0.431015
0.324219 0.434189
0.310547 0.436968
0.353516 0.438803
0.376953 0.440375
0.384766 0.441231
0.408203 0.442771
0.421875 0.44375
0.457031 0.446046
0.484375 0.449041
0.517578 0.449673
0.568359 0.451275
0.572266 0.452673
0.583984 0.454972
0.576172 0.457135
0.595703 0.458338
0.642578 0.460052
0.599609 0.462629
0.654297 0.465583
0.615234 0.466639
0.607422 0.467957
0.580078 0.467984
0.546875 0.466857
0.550781 0.466489
0.550781 0.466442
0.501953 0.466492
0.556641 0.468076
0.527344 0.468841
0.583984 0.469528
0.601562 0.470108
0.599609 0.471122
0.599609 0.472542
0.623047 0.471942
0.630859 0.471449
0.623047 0.470794
0.621094 0.47024
0.642578 0.467666
0.628906 0.463283
0.609375 0.458194
0.615234 0.454154
0.654297 0.451456
0.646484 0.447952
0.658203 0.44444
0.679688 0.440321
0.71875 0.436943
0.714844 0.432182
0.761719 0.427314
0.722656 0.422785
0.689453 0.418784
0.707031 0.416996
0.710938 0.413487
0.71875 0.411007
0.763672 0.408708
0.744141 0.406551
0.724609 0.40498
0.714844 0.403256
0.740234 0.402411
0.714844 0.399897
0.708984 0.397003
0.714844 0.393755
0.759766 0.391901
0.751953 0.388542
0.779297 0.38526
0.742188 0.381201
0.714844 0.376914
0.720703 0.374142
0.703125 0.370369
0.722656 0.366617
0.673828 0.362951
0.650391 0.360645
0.632812 0.357334
0.623047 0.353684
0.613281 0.351358
0.630859 0.348722
0.615234 0.347499
0.583984 0.34579
0.617188 0.344256
0.595703 0.34192
0.638672 0.338254
0.621094 0.336005
0.623047 0.333708
0.636719 0.330581
0.669922 0.327657
0.667969 0.323641
0.677734 0.318618
0.705078 0.312909
0.695312 0.308426
0.664062 0.304181
0.705078 0.299482
0.683594 0.294501
0.6875 0.28929
0.703125 0.284781
0.708984 0.280081
0.712891 0.276917
0.714844 0.273934
0.734375 0.270861
0.707031 0.266642
0.714844 0.263612
0.681641 0.261064
0.671875 0.259022
0.623047 0.257375
0.621094 0.255237
0.640625 0.252379
0.625 0.248739
0.638672 0.244059
0.662109 0.238808
0.652344 0.23259
0.601562 0.225398
0.613281 0.219877
0.666016 0.216555
0.646484 0.212172
0.628906 0.207339
0.591797 0.202112
0.537109 0.19678
0.529297 0.192952
0.576172 0.188877
0.560547 0.183683
0.597656 0.180092
0.582031 0.173696
0.611328 0.167434
0.650391 0.16125
0.628906 0.155452
0.628906 0.150854
0.623047 0.145308
0.611328 0.140666
0.587891 0.135801
0.583984 0.130429
0.648438 0.12423
0.630859 0.118698
0.597656 0.112609
0.582031 0.106325
0.558594 0.0998328
0.542969 0.0946238
0.525391 0.0902861
0.550781 0.0881007
0.537109 0.0855758
0.568359 0.0847399
0.587891 0.084069
0.5625 0.0837312
0.583984 0.0847482
0.619141 0.0857887
0.611328 0.0866915
0.617188 0.0878439
0.601562 0.0893853
0.65625 0.0897603
0.638672 0.090648
0.644531 0.0914777
0.65625 0.0917004
0.623047 0.0907937
0.591797 0.0900917
0.609375 0.0906888
0.585938 0.0907576
0.564453 0.090774
0.585938 0.090572
0.597656 0.0915703
0.623047 0.0917811
0.636719 0.0908022
0.638672 0.0891518
0.693359 0.0864457
0.675781 0.0839329
0.677734 0.0834474
0.677734 0.0816936
0.689453 0.0785191
0.648438 0.0764028
0.583984 0.0742034
0.607422 0.0719977
0.59375 0.0698214
0.591797 0.0678622
0.564453 0.0671141
0.488281 0.0662114
0.457031 0.0645499
0.460938 0.0628185
0.476562 0.0620948
0.460938 0.0615215
0.427734 0.0603244
0.417969 0.0603692
0.435547 0.0614315
0.423828 0.0625316
0.482422 0.0633752
0.486328 0.0628436
0.519531 0.0611773
0.539062 0.0600339
0.511719 0.0575764
0.533203 0.0558742
0.537109 0.0551027
0.597656 0.0539328
0.619141 0.0507784
0.574219 0.0458482
0.621094 0.0418299
0.628906 0.037448
0.605469 0.0342318
0.587891 0.0317334
0.5 0.0308683
0.533203 0.0314634
0.529297 0.0323859
0.503906 0.0332989
0.449219 0.0342775
0.392578 0.0364827
0.375 0.0401292
0.351562 0.0426104
0.451172 0.0448964
0.419922 0.0474002
0.441406 0.0504683
0.429688 0.0517779
0.449219 0.0522933
0.457031 0.0530984
0.458984 0.0555542
0.427734 0.0591513
0.429688 0.0644576
0.460938 0.0685963
0.439453 0.0714789
0.466797 0.074683
0.519531 0.0772366
0.509766 0.0804861
0.480469 0.0856904
0.367188 0.0916394
0.365234 0.0959407
0.423828 0.0998724
0.441406 0.103567
0.458984 0.107059
0.445312 0.111814
0.441406 0.116959
0.396484 0.123378
0.439453 0.130702
0.402344 0.136975
0.419922 0.142403
0.435547 0.147133
0.384766 0.150371
0.400391 0.153763
0.367188 0.155438
0.382812 0.156273
0.396484 0.157503
0.439453 0.158988
0.496094 0.158792
0.546875 0.157579
0.589844 0.157369
0.556641 0.156813
0.5625 0.157076
0.582031 0.157402
0.582031 0.15804
0.580078 0.1568
0.572266 0.156364
0.568359 0.155092
0.576172 0.154158
0.5625 0.153565
0.597656 0.152707
0.59375 0.151745
0.591797 0.150284
0.580078 0.147737
0.523438 0.14491
0.533203 0.143688
0.560547 0.141711
0.556641 0.140293
0.521484 0.137071
0.591797 0.133035
0.564453 0.128768
0.519531 0.12427
0.46875 0.12072
0.513672 0.116659
0.5 0.111416
0.46875 0.10653
0.455078 0.10179
0.451172 0.096234
0.494141 0.0902064
0.513672 0.0839676
0.507812 0.0765661
0.490234 0.0697121
0.4375 0.0641645
0.451172 0.0591098
0.439453 0.0547158
0.421875 0.0506298
0.4375 0.046437
0.425781 0.0419412
0.412109 0.0386186
0.388672 0.03802
0.380859 0.036118
0.386719 0.0350722
0.376953 0.034072
0.380859 0.0320718
0.427734 0.0305993
0.423828 0.0291277
0.396484 0.0281015
0.384766 0.0263695
0.394531 0.0249951
0.425781 0.0233261
0.427734 0.0213565
0.441406 0.0194912
0.427734 0.0179694
0.462891 0.0161357
0.488281 0.013624
0.433594 0.0110867
0.462891 0.00743906
0.472656 0.00351701
0.484375 -0.00172922
0.535156 -0.00737962
0.501953 -0.0120297
0.501953 -0.016812
0.470703 -0.0215299
0.462891 -0.0259861
0.476562 -0.0303446
0.501953 -0.0343759
0.519531 -0.0375133
0.517578 -0.0401524
0.515625 -0.0430952
0.521484 -0.0453623
0.564453 -0.0466459
0.53125 -0.0482853
0.519531 -0.050073
0.509766 -0.0530053
0.533203 -0.054912
0.490234 -0.0546501
0.509766 -0.0535626
0.525391 -0.0537131
0.490234 -0.0511571
0.496094 -0.0478106
0.505859 -0.0461608
0.505859 -0.0460727
0.507812 -0.0464698
0.548828 -0.0471596
0.501953 -0.0482721
0.498047 -0.0479285
0.511719 -0.0472725
0.505859 -0.0453612
0.490234 -0.0435944
0.505859 -0.0429422
0.482422 -0.041324
0.460938 -0.0394682
0.476562 -0.0371395
0.482422 -0.0350649
0.472656 -0.0349744
0.53125 -0.0327931
0.505859 -0.0309857
0.568359 -0.0299065
0.583984 -0.029971
0.552734 -0.0295557
0.5625 -0.0287099
0.566406 -0.0278088
0.570312 -0.0275434
0.544922 -0.0290066
0.537109 -0.0296399
0.564453 -0.0299187
0.587891 -0.0322935
0.646484 -0.0344435
0.599609 -0.0364942
0.591797 -0.0376399
0.572266 -0.0389036
0.595703 -0.0419462
0.638672 -0.0458549
0.648438 -0.0494885
0.681641 -0.0534967
0.666016 -0.0593441
0.654297 -0.0635331
0.662109 -0.0669891
0.664062 -0.0707578
0.636719 -0.0757382
0.623047 -0.0805906
0.617188 -0.0851489
0.621094 -0.0894542
0.619141 -0.0948953
0.646484 -0.102259
0.626953 -0.109362
0.617188 -0.11576
0.601562 -0.120869
0.601562 -0.126917
0.603516 -0.131118
0.603516 -0.13334
0.623047 -0.135529
0.623047 -0.137717
0.621094 -0.140246
0.597656 -0.142136
0.634766 -0.144155
0.701172 -0.14822
0.701172 -0.154371
0.667969 -0.16072
0.667969 -0.167475
0.642578 -0.174899
0.667969 -0.18097
0.628906 -0.188732
0.667969 -0.196104
0.660156 -0.203993
0.667969 -0.212196
0.681641 -0.220691
0.669922 -0.22911
0.630859 -0.238051
0.636719 -0.24799
0.638672 -0.256693
0.595703 -0.264303
0.632812 -0.272424
0.632812 -0.282439
0.660156 -0.292589
0.644531 -0.301857
0.583984 -0.310302
0.580078 -0.318502
0.527344 -0.327013
0.5 -0.334051
0.515625 -0.340338
0.492188 -0.34705
0.441406 -0.35606
0.423828 -0.364953
0.357422 -0.374306
0.355469 -0.382304
0.332031 -0.389341
0.363281 -0.393396
0.355469 -0.396893
0.34375 -0.399826
0.380859 -0.400713
0.382812 -0.402455
0.341797 -0.403359
0.378906 -0.402996
0.423828 -0.404799
0.445312 -0.406403
0.455078 -0.4069
0.498047 -0.407975
0.558594 -0.409063
0.615234 -0.411289
0.568359 -0.413705
0.511719 -0.41532
0.568359 -0.415941
0.578125 -0.416066
0.556641 -0.416664
0.546875 -0.417727
0.587891 -0.417638
0.601562 -0.418422
0.634766 -0.420459
0.597656 -0.423149
0.607422 -0.42567
0.623047 -0.427722
0.634766 -0.429838
0.664062 -0.429538
0.6875 -0.429729
0.697266 -0.429084
0.693359 -0.428923
0.707031 -0.428892
0.695312 -0.427071
0.710938 -0.426938
0.683594 -0.428849
0.634766 -0.430075
0.673828 -0.429054
0.693359 -0.427784
0.71875 -0.426908
0.648438 -0.426738
0.664062 -0.424909
0.634766 -0.423511
0.660156 -0.42236
0.644531 -0.420899
0.560547 -0.418882
0.529297 -0.414439
0.523438 -0.408773
0.494141 -0.402377
0.509766 -0.396971
0.457031 -0.392256
0.443359 -0.386815
0.466797 -0.382308
0.470703 -0.37733
0.445312 -0.372035
0.460938 -0.364609
0.441406 -0.357141
0.382812 -0.350344
0.435547 -0.344525
0.458984 -0.341451
0.513672 -0.340457
0.507812 -0.339249
0.494141 -0.337665
0.451172 -0.336377
0.458984 -0.33391
0.470703 -0.330495
0.498047 -0.32714
0.53125 -0.323154
0.517578 -0.318787
0.576172 -0.314847
0.533203 -0.312722
0.529297 -0.309629
0.523438 -0.306212
0.505859 -0.302414
0.537109 -0.299461
0.509766 -0.30045
0.498047 -0.300227
0.537109 -0.298358
0.472656 -0.297341
0.443359 -0.296354
0.464844 -0.295162
0.464844 -0.294052
0.492188 -0.293094
0.498047 -0.293522
0.447266 -0.29433
0.464844 -0.294586
0.447266 -0.294657
0.464844 -0.295237
0.431641 -0.295142
0.466797 -0.293097
0.484375 -0.29164
0.482422 -0.287823
0.542969 -0.284986
0.580078 -0.281877
0.628906 -0.278396
0.607422 -0.276079
0.654297 -0.271962
0.640625 -0.270328
0.607422 -0.269134
0.654297 -0.266762
0.673828 -0.265662
0.636719 -0.267085
0.595703 -0.26714
0.597656 -0.264525
0.597656 -0.262905
0.632812 -0.26173
0.574219 -0.261641
0.566406 -0.258346
0.5625 -0.254224
0.582031 -0.249804
0.564453 -0.246705
0.578125 -0.243607
0.605469 -0.239325
0.619141 -0.234708
0.646484 -0.228966
0.716797 -0.224578
0.728516 -0.219021
0.714844 -0.212733
0.740234 -0.207406
0.730469 -0.204382
0.765625 -0.200745
0.75 -0.196655
0.763672 -0.193114
0.724609 -0.187865
0.757812 -0.181877
0.751953 -0.175157
0.716797 -0.168853
0.699219 -0.162911
0.667969 -0.157596
0.691406 -0.151196
0.681641 -0.144048
0.724609 -0.138379
0.75 -0.132256
0.677734 -0.126128
0.65625 -0.120728
0.65625 -0.116481
0.65625 -0.113447
0.650391 -0.110131
0.59375 -0.106286
0.617188 -0.101814
0.560547 -0.0976857
0.591797 -0.0930867
0.587891 -0.0894495
0.609375 -0.0865494
0.634766 -0.0844754
0.587891 -0.0830547
0.580078 -0.0799713
0.623047 -0.0758056
0.623047 -0.0726207
0.65625 -0.071013
0.683594 -0.0700805
0.667969 -0.0697956
0.677734 -0.0690055
0.628906 -0.0662404
0.619141 -0.0613269
0.691406 -0.0559107
0.753906 -0.0516262
0.792969 -0.0495323
0.789062 -0.0501846
0.806641 -0.0484895
0.804688 -0.0480231
0.769531 -0.0491364
0.740234 -0.0501112
0.744141 -0.0510804
0.787109 -0.0515709
0.767578 -0.0516135
0.734375 -0.0517952
0.699219 -0.0514526
0.703125 -0.0494087
0.701172 -0.0476966
0.669922 -0.0458067
0.623047 -0.0445118
0.662109 -0.0429459
0.642578 -0.0409931
0.648438 -0.0402648
0.607422 -0.0404662
0.585938 -0.0407215
0.5625 -0.0392227
0.533203 -0.0386168
0.521484 -0.0381362
0.539062 -0.0373398
0.574219 -0.0370083
0.601562 -0.0362165
0.611328 -0.035321
0.583984 -0.0346122
0.568359 -0.0316126
0.585938 -0.0285593
0.603516 -0.0290146
0.626953 -0.0309318
0.644531 -0.0334397
0.695312 -0.0377288
0.695312 -0.0412725
0.710938 -0.0438816
0.736328 -0.0459027
0.691406 -0.0477007
0.652344 -0.0497248
0.626953 -0.0531178
0.640625 -0.0569757
0.673828 -0.0604477
0.669922 -0.0637193
0.652344 -0.0676197
0.623047 -0.0722901
0.642578 -0.0755359
0.640625 -0.0805725
0.626953 -0.0848279
0.613281 -0.0878749
0.636719 -0.0904783
0.660156 -0.0922997
0.589844 -0.0940497
0.574219 -0.0938248
0.566406 -0.0936399
0.544922 -0.0970374
0.576172 -0.100846
0.576172 -0.105974
0.558594 -0.111122
0.585938 -0.116705
0.583984 -0.123333
0.5625 -0.131943
0.548828 -0.140114
0.503906 -0.148885
0.509766 -0.157572
0.525391 -0.165835
0.523438 -0.173257
0.570312 -0.179634
0.587891 -0.184928
0.634766 -0.1905
0.699219 -0.196967
0.707031 -0.204957
0.693359 -0.212061
0.685547 -0.218839
0.6875 -0.225656
0.695312 -0.231353
0.685547 -0.239307
0.697266 -0.246238
0.675781 -0.252732
0.664062 -0.25654
0.652344 -0.259261
0.650391 -0.260434
0.628906 -0.261657
0.615234 -0.263863
0.632812 -0.266421
0.636719 -0.270349
0.646484 -0.275416
0.628906 -0.280925
0.59375 -0.285157
0.589844 -0.287187
0.523438 -0.287788
0.486328 -0.288127
0.519531 -0.286924
0.517578 -0.287233
0.525391 -0.287307
0.529297 -0.285939
0.554688 -0.285441
0.525391 -0.287578
0.482422 -0.28963
0.457031 -0.290879
0.439453 -0.291178
0.474609 -0.29059
0.480469 -0.28899
0.40625 -0.286681
0.375 -0.282337
0.373047 -0.276419
0.404297 -0.271236
0.466797 -0.265921
0.431641 -0.261297
0.400391 -0.257905
0.447266 -0.253063
0.464844 -0.247512
0.5 -0.241048
0.439453 -0.233793
0.480469 -0.227174
0.5 -0.221247
0.460938 -0.215497
0.417969 -0.210034
0.433594 -0.204058
0.425781 -0.196794
0.400391 -0.190263
0.396484 -0.182907
0.392578 -0.175427
0.341797 -0.17067
0.306641 -0.164834
0.34375 -0.157658
0.306641 -0.149991
0.332031 -0.141154
0.394531 -0.130496
0.40625 -0.122182
0.392578 -0.114697
0.369141 -0.107926
0.417969 -0.0999957
0.392578 -0.0933525
0.375 -0.0860832
0.419922 -0.078723
0.427734 -0.0740465
0.435547 -0.0679818
0.455078 -0.0637998
0.445312 -0.0599012
0.447266 -0.0577036
0.427734 -0.0533175
0.421875 -0.0490925
0.398438 -0.0479921
0.378906 -0.0476883
0.410156 -0.0454806
0.414062 -0.0417079
0.429688 -0.0406756
0.414062 -0.0403302
0.470703 -0.0394637
0.455078 -0.0379834
0.462891 -0.0355441
0.5 -0.0356098
0.519531 -0.0347924
0.498047 -0.0326043
0.513672 -0.0276911
0.529297 -0.0256582
0.556641 -0.0237021
0.548828 -0.0233125
0.587891 -0.0213152
0.537109 -0.0220671
0.539062 -0.0235596
0.511719 -0.0248161
0.523438 -0.0225099
0.525391 -0.0184515
0.525391 -0.0164953
0.546875 -0.012915
0.564453 -0.00972806
0.541016 -0.00728696
0.537109 -0.00437967
0.59375 -0.00100164
0.580078 0.000783632
0.548828 -0.00152251
0.5625 -0.00322671
0.544922 -0.00659372
0.539062 -0.0075763
0.462891 -0.00787997
0.494141 -0.00507043
0.525391 -0.0026849
0.501953 -0.00101647
0.476562 0.000707913
0.486328 0.00418531
0.480469 0.00694085
0.457031 0.0061038
0.458984 0.00515409
0.439453 0.00270115
0.458984 -0.00043007
0.410156 -0.00369689
0.416016 -0.00403979
0.398438 -0.00432072
0.394531 -0.00569179
0.404297 -0.00625262
0.376953 -0.00697825
0.402344 -0.00448166
0.357422 -0.00139468
0.367188 -0.000805675
0.357422 -0.000324729
0.330078 0.000632782
0.365234 0.0013246
0.326172 -0.000716932
0.275391 -0.000881212
0.246094 -0.00227554
0.240234 -0.00456437
0.253906 -0.00655911
0.265625 -0.00691496
0.25 -0.00670904
0.248047 -0.00718284
0.275391 -0.00732612
0.251953 -0.0054307
0.242188 -0.00300045
0.193359 -0.000135904
0.185547 0.00468886
0.197266 0.0112227
0.1875 0.0173143
0.183594 0.0242711
0.169922 0.033414
0.230469 0.0437659
0.242188 0.054206
0.230469 0.0629076
0.214844 0.0724139
0.232422 0.0832318
0.271484 0.095414
0.28125 0.105676
0.306641 0.11577
0.25 0.122657
0.257812 0.131056
0.246094 0.137812
0.332031 0.142872
0.269531 0.146383
0.292969 0.153527
0.330078 0.162017
0.40625 0.169252
0.431641 0.175966
0.472656 0.182331
0.4375 0.188145
0.363281 0.191828
0.373047 0.198168
0.337891 0.202823
0.341797 0.209418
0.357422 0.215632
0.365234 0.22017
0.390625 0.225837
0.382812 0.23028
0.324219 0.233508
0.380859 0.237477
0.408203 0.237987
0.367188 0.23835
0.363281 0.241616
0.373047 0.245159
0.363281 0.247393
0.359375 0.250673
0.324219 0.254687
0.273438 0.257975
0.318359 0.260683
0.353516 0.263376
0.314453 0.266682
0.328125 0.272989
0.386719 0.277421
0.402344 0.277453
0.429688 0.278783
0.419922 0.278947
0.474609 0.278138
0.441406 0.277003
0.414062 0.277486
0.396484 0.27771
0.419922 0.278163
0.451172 0.279381
0.474609 0.281099
0.453125 0.281968
0.447266 0.283378
0.464844 0.284008
0.515625 0.282669
0.546875 0.279561
0.583984 0.276118
0.59375 0.271504
0.582031 0.265035
0.591797 0.257858
0.552734 0.251013
0.587891 0.246198
0.617188 0.239007
0.5625 0.231498
0.501953 0.223574
0.541016 0.217162
0.583984 0.209798
0.605469 0.199983
0.580078 0.190085
0.544922 0.17924
0.5625 0.167905
0.519531 0.154568
0.525391 0.144316
0.527344 0.136129
0.519531 0.127248
0.505859 0.121178
0.503906 0.116539
0.451172 0.111012
0.474609 0.107335
0.498047 0.104538
0.517578 0.0979114
0.552734 0.0862058
0.574219 0.0724881
0.570312 0.0617241
0.556641 0.0522907
0.533203 0.043076
0.523438 0.0346107
0.568359 0.0271907
0.59375 0.0207124
0.607422 0.0113108
0.591797 -0.0010129
0.544922 -0.00996637
0.539062 -0.015463
0.507812 -0.0249035
0.488281 -0.0343753
0.494141 -0.0387147
0.527344 -0.0444956
0.521484 -0.0505848
0.496094 -0.0551185
0.529297 -0.0589604
0.492188 -0.0620346
0.488281 -0.063905
0.498047 -0.0645028
0.488281 -0.0636909
0.46875 -0.0613983
0.455078 -0.0586626
0.472656 -0.0574603
0.466797 -0.0591621
0.449219 -0.0604379
0.466797 -0.0631895
0.482422 -0.0667862
0.449219 -0.0728348
0.441406 -0.0773444
0.464844 -0.0814175
0.458984 -0.0882734
0.498047 -0.0965042
0.462891 -0.105661
0.453125 -0.109526
0.429688 -0.111766
0.402344 -0.11136
0.337891 -0.109026
0.330078 -0.105499
0.339844 -0.103014
0.300781 -0.103686
0.279297 -0.103228
0.259766 -0.102902
0.222656 -0.0965106
0.144531 -0.0912209
0.177734 -0.0805876
0.150391 -0.0686471
0.205078 -0.0550259
0.183594 -0.0444096
0.259766 -0.032778
0.25 -0.0254226
0.222656 -0.0175448
0.255859 -0.00701748
0.248047 -0.000250367
0.208984 0.00438322
0.173828 0.00988314
0.169922 0.0181775
0.208984 0.0272529
0.273438 0.0354092
0.234375 0.0439526
0.208984 0.0540449
0.267578 0.0659945
0.289062 0.0731902
0.273438 0.0788244
0.25 0.0830479
0.294922 0.0862116
0.253906 0.0827858
0.273438 0.0831212
0.283203 0.080452
0.318359 0.0778547
0.326172 0.0756983
0.324219 0.0750544
0.345703 0.0724405
0.34375 0.0692228
0.339844 0.0685613
0.378906 0.0693003
0.384766 0.0685635
0.304688 0.0668566
0.328125 0.0648612
0.341797 0.0623009
0.347656 0.061663
0.404297 0.061754
0.423828 0.0605743
0.400391 0.0597476
0.433594 0.06087
0.439453 0.0589262
0.46875 0.052728
0.496094 0.0448406
0.507812 0.0350038
0.416016 0.024331
0.408203 0.0188522
0.396484 0.0129783
0.361328 0.00600433
0.363281 0.00090981
0.363281 -0.00317037
0.333984 -0.00828596
0.392578 -0.0102621
0.357422 -0.0127836
0.273438 -0.0124425
0.316406 -0.00950401
0.353516 -0.00565165
0.373047 -0.00241441
0.357422 -0.000526668
0.363281 0.000270803
0.375 -0.00154716
0.333984 -0.00517517
0.308594 -0.00671946
0.263672 -0.0127157
0.251953 -0.0195132
0.246094 -0.0271717
0.242188 -0.0361751
0.283203 -0.0443781
0.283203 -0.0546898
0.310547 -0.068508
0.255859 -0.0837982
0.302734 -0.0981196
0.259766 -0.1158
0.257812 -0.131104
0.257812 -0.142565
0.263672 -0.154196
0.257812 -0.163818
0.234375 -0.169599
0.205078 -0.173187
0.216797 -0.177226
0.232422 -0.181732
0.230469 -0.186818
0.236328 -0.195163
0.234375 -0.202627
0.279297 -0.208864
0.253906 -0.217335
0.244141 -0.223426
0.255859 -0.228989
0.201172 -0.236965
0.263672 -0.241516
0.203125 -0.248695
0.152344 -0.251986
0.138672 -0.251562
0.166016 -0.2512
0.220703 -0.254494
0.232422 -0.264798
0.21875 -0.274136
0.222656 -0.28
0.224609 -0.283501
0.212891 -0.285785
0.244141 -0.288786
0.248047 -0.297552
0.246094 -0.307092
0.261719 -0.321694
0.275391 -0.336378
0.236328 -0.351233
0.236328 -0.363445
0.208984 -0.373056
0.175781 -0.38187
0.164062 -0.389354
0.1875 -0.398498
0.158203 -0.412391
0.107422 -0.421214
0.101562 -0.428708
0.0957031 -0.430444
0.0996094 -0.427921
0.154297 -0.423471
0.181641 -0.423286
0.224609 -0.424111
0.195312 -0.425051
0.177734 -0.425572
0.175781 -0.425406
0.179688 -0.424924
0.179688 -0.421396
0.201172 -0.419508
0.183594 -0.421832
0.193359 -0.422512
0.205078 -0.417756
0.175781 -0.416348
0.162109 -0.411871
0.148438 -0.403336
0.123047 -0.390562
0.0488281 -0.376455
0.0859375 -0.352647
0.101562 -0.335251
0.0820312 -0.320332
0.0507812 -0.30014
0.0332031 -0.27551
0.0703125 -0.244114
0.00390625 -0.209425
0.0292969 -0.165117
0.0917969 -0.122107
0.160156 -0.084144
0.220703 -0.0529094
0.267578 -0.0243257
0.251953 0.0049067
0.273438 0.0349973
0.261719 0.0519642
0.273438 0.0688402
0.248047 0.0854388
0.285156 0.102649
0.283203 0.114415
0.277344 0.122247
0.306641 0.134931
0.357422 0.149499
0.410156 0.159798
0.429688 0.158879
0.458984 0.15323
0.474609 0.149071
0.4375 0.141734
0.427734 0.141831
0.400391 0.148233
0.443359 0.156875
0.400391 0.160473
0.408203 0.169066
0.470703 0.177932
0.470703 0.179234
0.460938 0.184289
0.419922 0.187341
0.435547 0.195897
0.414062 0.203084
0.431641 0.210211
0.478516 0.212463
0.457031 0.20907
0.375 0.205788
0.410156 0.212024
0.402344 0.215872
0.416016 0.220179
0.40625 0.221665
0.384766 0.222766
0.404297 0.228202
0.466797 0.230491
0.484375 0.231452
0.511719 0.232589
0.519531 0.236071
0.505859 0.237032
0.550781 0.241591
0.578125 0.237839
0.544922 0.228699
0.576172 0.220562
0.552734 0.206715
0.507812 0.197651
0.480469 0.196104
0.482422 0.195338
0.5 0.195199
0.523438 0.191076
0.490234 0.181877
0.501953 0.175692
0.505859 0.167299
0.496094 0.166267
0.443359 0.161336
0.451172 0.16396
0.472656 0.156608
0.492188 0.139795
0.447266 0.120001
0.457031 0.104557
0.425781 0.0897519
0.445312 0.0772799
0.423828 0.0587118
0.396484 0.044657
0.412109 0.0331761
0.427734 0.0168689
0.398438 -0.00457177
0.355469 -0.0216096
0.304688 -0.0263132
0.289062 -0.0218901
0.277344 -0.0192478
0.253906 -0.0188991
0.273438 -0.0240783
0.234375 -0.0356769
0.222656 -0.0409659
0.257812 -0.035902
0.242188 -0.031011
0.261719 -0.0185764
0.271484 -0.00631884
0.320312 0.00111976
0.34375 0.00396765
0.326172 0.00014695
0.333984 0.000881699
0.318359 0
