0.125 1
0.0820312 0.98969
0.123047 0.980433
0.0703125 0.971495
0 0.962596
0.00195312 0.953861
0.0332031 0.945128
0.03125 0.936449
0.015625 0.928028
0 0.920041
0.00976562 0.912158
0.0566406 0.903991
0.0683594 0.896394
0.123047 0.888613
0.0976562 0.880996
0.0996094 0.873687
0.0839844 0.866579
0.046875 0.859478
0.0371094 0.852745
0.0449219 0.846068
0.0234375 0.839512
0.0078125 0.832897
0.00585938 0.826526
0.0390625 0.820262
0.103516 0.813649
0.117188 0.807536
0.0742188 0.801183
0.140625 0.795158
0.158203 0.789138
0.160156 0.783458
0.173828 0.777652
0.246094 0.771814
0.25 0.766571
0.144531 0.761131
0.181641 0.755511
0.201172 0.750408
0.164062 0.745001
0.1875 0.739808
0.222656 0.734556
0.167969 0.729284
0.185547 0.72342
0.21875 0.717703
0.226562 0.711414
0.224609 0.70499
0.203125 0.698716
0.175781 0.692431
0.207031 0.68651
0.291016 0.680834
0.294922 0.675466
0.371094 0.670219
0.388672 0.664564
0.373047 0.6593
0.427734 0.653654
0.443359 0.64706
0.439453 0.640966
0.470703 0.634999
0.447266 0.629411
0.486328 0.624206
0.462891 0.6189
0.453125 0.613306
0.443359 0.607257
0.470703 0.601273
0.486328 0.595521
0.480469 0.589945
0.505859 0.584626
0.507812 0.579065
0.513672 0.573553
0.517578 0.568212
0.503906 0.563499
0.4375 0.559391
0.451172 0.555237
0.453125 0.551099
0.421875 0.546881
0.457031 0.542706
0.486328 0.538559
0.541016 0.534577
0.515625 0.530287
0.515625 0.526115
0.490234 0.521557
0.574219 0.516859
0.574219 0.512739
0.556641 0.508927
0.535156 0.505409
0.574219 0.501785
0.599609 0.49867
0.580078 0.495301
0.537109 0.491854
0.521484 0.488214
0.525391 0.484717
0.570312 0.480917
0.537109 0.47759
0.556641 0.474745
0.503906 0.471729
0.535156 0.46863
0.537109 0.465383
0.578125 0.462194
0.525391 0.459165
0.580078 0.456031
0.605469 0.453191
0.59375 0.450273
0.580078 0.447295
0.570312 0.444109
0.585938 0.440498
0.582031 0.436804
0.552734 0.432951
0.488281 0.429191
0.464844 0.425236
0.431641 0.421344
0.429688 0.417199
0.449219 0.413002
0.412109 0.408603
0.408203 0.404192
0.363281 0.399861
0.339844 0.396156
0.326172 0.391963
0.308594 0.387926
0.310547 0.383634
0.361328 0.379398
0.404297 0.375609
0.433594 0.37194
0.474609 0.36873
0.435547 0.365581
0.488281 0.362651
0.462891 0.359955
0.466797 0.357119
0.474609 0.354906
0.511719 0.352663
0.488281 0.350419
0.476562 0.348542
0.447266 0.346005
0.455078 0.343532
0.414062 0.341736
0.435547 0.340166
0.421875 0.338718
0.478516 0.337165
0.501953 0.33552
0.490234 0.33373
0.503906 0.331874
0.523438 0.33043
0.554688 0.328861
0.53125 0.327737
0.509766 0.326164
0.527344 0.325143
0.554688 0.324016
0.607422 0.322786
0.597656 0.321103
0.636719 0.319526
0.615234 0.318552
0.597656 0.317953
0.623047 0.316895
0.673828 0.315507
0.650391 0.314371
0.626953 0.312679
0.607422 0.311117
0.605469 0.309473
0.638672 0.307857
0.609375 0.306147
0.615234 0.304476
0.597656 0.302968
0.650391 0.301591
0.634766 0.300182
0.621094 0.298894
0.554688 0.29804
0.570312 0.296984
0.587891 0.296242
0.513672 0.295858
0.492188 0.295316
0.449219 0.295126
0.433594 0.294938
0.427734 0.294653
0.423828 0.293929
0.427734 0.292823
0.435547 0.292197
0.369141 0.291424
0.326172 0.290577
0.332031 0.289095
0.345703 0.287536
0.316406 0.286289
0.337891 0.284363
0.351562 0.28258
0.382812 0.280783
0.386719 0.279271
0.367188 0.27806
0.361328 0.27705
0.359375 0.276397
0.339844 0.275629
0.332031 0.274245
0.294922 0.272523
0.304688 0.27041
0.298828 0.268369
0.261719 0.266328
0.269531 0.263965
0.285156 0.261646
0.230469 0.25936
0.238281 0.257411
0.226562 0.255815
0.240234 0.254016
0.248047 0.252487
0.275391 0.251134
0.298828 0.249663
0.28125 0.248487
0.285156 0.246943
0.353516 0.245005
0.349609 0.243101
0.357422 0.241348
0.314453 0.240446
0.357422 0.239734
0.300781 0.238882
0.337891 0.237621
0.355469 0.236781
0.355469 0.235344
0.414062 0.233867
0.371094 0.232547
0.349609 0.231368
0.322266 0.230401
0.359375 0.229289
0.324219 0.228175
0.341797 0.227128
0.337891 0.226573
0.388672 0.226278
0.361328 0.225738
0.347656 0.225424
0.367188 0.225123
0.373047 0.225159
0.326172 0.225096
0.357422 0.2248
0.400391 0.224647
0.441406 0.225096
0.482422 0.225927
0.527344 0.22657
0.599609 0.226922
0.576172 0.227566
0.539062 0.228262
0.587891 0.228539
0.605469 0.228666
0.605469 0.22883
0.556641 0.22891
0.533203 0.228751
0.517578 0.22918
0.523438 0.229778
0.494141 0.229978
0.535156 0.229741
0.525391 0.229392
0.550781 0.228578
0.535156 0.227839
0.511719 0.226846
0.46875 0.225885
0.423828 0.224433
0.490234 0.22279
0.525391 0.221219
0.572266 0.219092
0.583984 0.217671
0.529297 0.216178
0.525391 0.214783
0.496094 0.21309
0.46875 0.211687
0.441406 0.210136
0.472656 0.208866
0.474609 0.207829
0.505859 0.207014
0.515625 0.206261
0.490234 0.205648
0.498047 0.204817
0.480469 0.203999
0.457031 0.203554
0.457031 0.202714
0.443359 0.202588
0.505859 0.202075
0.523438 0.201358
0.585938 0.200582
0.603516 0.200239
0.623047 0.199845
0.634766 0.199354
0.611328 0.198701
0.626953 0.197797
0.623047 0.196842
0.611328 0.196173
0.595703 0.195271
0.617188 0.194638
0.615234 0.194158
0.597656 0.193461
0.603516 0.192735
0.576172 0.192144
0.591797 0.191053
0.539062 0.189513
0.488281 0.187577
0.474609 0.185995
0.474609 0.184302
0.492188 0.182817
0.470703 0.181217
0.441406 0.179845
0.445312 0.178605
0.470703 0.177558
0.429688 0.176188
0.449219 0.175043
0.451172 0.173985
0.412109 0.172843
0.421875 0.171757
0.394531 0.17017
0.382812 0.168511
0.322266 0.166846
0.291016 0.165094
0.351562 0.163312
0.28125 0.161162
0.333984 0.15949
0.326172 0.157941
0.380859 0.156577
0.353516 0.155246
0.296875 0.153915
0.302734 0.152327
0.253906 0.150883
0.261719 0.149845
0.240234 0.148863
0.230469 0.147972
0.263672 0.147284
0.291016 0.146805
0.236328 0.146432
0.212891 0.146134
0.285156 0.145872
0.310547 0.144988
0.337891 0.144019
0.347656 0.142887
0.375 0.141614
0.369141 0.140084
0.392578 0.138779
0.341797 0.137341
0.34375 0.13534
0.357422 0.133359
0.337891 0.131223
0.349609 0.129628
0.332031 0.128028
0.335938 0.125768
0.355469 0.123365
0.335938 0.121184
0.302734 0.119182
0.326172 0.116557
0.304688 0.114024
0.333984 0.111246
0.228516 0.10795
0.236328 0.104501
0.208984 0.100549
0.203125 0.0967634
0.1875 0.09283
0.150391 0.0886692
0.154297 0.0845079
0.146484 0.0800899
0.150391 0.0758336
0.146484 0.0716997
0.154297 0.0674316
0.173828 0.0632586
0.164062 0.0590039
0.210938 0.0542273
0.150391 0.0499652
0.126953 0.0452823
0.109375 0.0404915
0.109375 0.0356551
0.117188 0.0308786
0.150391 0.0266095
0.175781 0.0223148
0.136719 0.0176926
0.169922 0.0133918
0.166016 0.00886759
0.214844 0.00490874
0.273438 0.00119018
0.279297 -0.00225368
0.265625 -0.00568092
0.308594 -0.0086183
0.28125 -0.0115512
0.314453 -0.014537
0.339844 -0.0172135
0.318359 -0.0195607
0.345703 -0.0214112
0.384766 -0.0230222
0.40625 -0.0245669
0.388672 -0.0258125
0.400391 -0.0268892
0.416016 -0.0283013
0.435547 -0.0296174
0.394531 -0.0307007
0.460938 -0.0312213
0.496094 -0.0314955
0.548828 -0.0323197
0.558594 -0.0333088
0.566406 -0.0344556
0.566406 -0.0360299
0.546875 -0.0379226
0.515625 -0.039266
0.492188 -0.0410047
0.564453 -0.042142
0.564453 -0.0433728
0.601562 -0.0449311
0.626953 -0.045954
0.648438 -0.0471321
0.646484 -0.0479529
0.646484 -0.0487686
0.650391 -0.0488732
0.632812 -0.049235
0.595703 -0.0493481
0.648438 -0.049848
0.675781 -0.0499291
0.662109 -0.0499339
0.673828 -0.0504007
0.638672 -0.0505845
0.648438 -0.0510854
0.650391 -0.0509968
0.650391 -0.0509412
0.701172 -0.0502271
0.685547 -0.0493392
0.744141 -0.0484453
0.724609 -0.0474178
0.726562 -0.0463798
0.728516 -0.0457423
0.708984 -0.0452344
0.695312 -0.0450956
0.724609 -0.0452074
0.759766 -0.0454944
0.712891 -0.045645
0.6875 -0.0462031
0.681641 -0.046692
0.658203 -0.0472893
0.697266 -0.0475474
0.630859 -0.047854
0.623047 -0.0487621
0.617188 -0.0500215
0.603516 -0.051388
0.601562 -0.0529765
0.603516 -0.0546994
0.597656 -0.0562455
0.607422 -0.0576663
0.625 -0.0581614
0.630859 -0.058196
0.646484 -0.0587644
0.636719 -0.0594442
0.619141 -0.0603399
0.646484 -0.0611129
0.660156 -0.0617606
0.708984 -0.0622407
0.681641 -0.062706
0.650391 -0.0629744
0.644531 -0.0633299
0.648438 -0.0632293
0.660156 -0.0628828
0.664062 -0.0619553
0.650391 -0.0609225
0.652344 -0.0597916
0.669922 -0.058621
0.705078 -0.0571803
0.732422 -0.0558966
0.708984 -0.0538812
0.712891 -0.0520592
0.699219 -0.0505866
0.691406 -0.0489253
0.652344 -0.0476137
0.558594 -0.0464143
0.582031 -0.0453011
0.587891 -0.0443689
0.554688 -0.0437321
0.550781 -0.0431463
0.544922 -0.0430298
0.574219 -0.0433248
0.529297 -0.0434507
0.515625 -0.0433794
0.525391 -0.0433541
0.527344 -0.0431343
0.554688 -0.042797
0.558594 -0.0419973
0.582031 -0.0416637
0.605469 -0.0409971
0.638672 -0.0406705
0.611328 -0.0403377
0.623047 -0.03968
0.626953 -0.0389594
0.675781 -0.0379847
0.634766 -0.0367629
0.662109 -0.0357501
0.595703 -0.0350725
0.587891 -0.0345349
0.626953 -0.0336612
0.615234 -0.0326808
0.652344 -0.0316041
0.699219 -0.0299974
0.673828 -0.0276644
0.654297 -0.025881
0.6875 -0.0244854
0.726562 -0.02294
0.748047 -0.0214123
0.744141 -0.0200902
0.724609 -0.0193542
0.757812 -0.0192127
0.734375 -0.0192486
0.712891 -0.0195332
0.6875 -0.019784
0.697266 -0.0198046
0.677734 -0.0195292
0.658203 -0.0188351
0.601562 -0.0182141
0.597656 -0.0182417
0.636719 -0.0177072
0.595703 -0.0171977
0.601562 -0.0165731
0.605469 -0.0159123
0.623047 -0.0153784
0.589844 -0.0143003
0.572266 -0.013095
0.611328 -0.0116716
0.636719 -0.0105903
0.625 -0.00939035
0.625 -0.00864319
0.568359 -0.00813711
0.566406 -0.00790096
0.587891 -0.00790049
0.587891 -0.00760504
0.558594 -0.00751632
0.558594 -0.00748004
0.582031 -0.0073645
0.583984 -0.00710927
0.625 -0.00709979
0.666016 -0.00751869
0.654297 -0.00804843
0.642578 -0.00853578
0.644531 -0.0088187
0.611328 -0.00906374
0.611328 -0.00884296
0.570312 -0.00834876
0.566406 -0.00800494
0.529297 -0.00836259
0.505859 -0.00882871
0.527344 -0.00955716
0.542969 -0.0106075
0.595703 -0.0115723
0.582031 -0.0125816
0.570312 -0.0138285
0.576172 -0.0148648
0.578125 -0.0154916
0.644531 -0.0161906
0.658203 -0.0167907
0.671875 -0.0174595
0.685547 -0.0180245
0.662109 -0.0187409
0.589844 -0.0195425
0.634766 -0.0202733
0.623047 -0.0202823
0.599609 -0.0207901
0.640625 -0.0208513
0.626953 -0.0206423
0.609375 -0.020616
0.632812 -0.0200572
0.630859 -0.0195652
0.603516 -0.019122
0.591797 -0.0182979
0.585938 -0.0177067
0.59375 -0.0175159
0.591797 -0.0172011
0.566406 -0.016534
0.5625 -0.0161012
0.595703 -0.0154827
0.630859 -0.0148026
0.640625 -0.013855
0.664062 -0.0129268
0.685547 -0.0119214
0.681641 -0.0112133
0.654297 -0.0105311
0.638672 -0.0100345
0.626953 -0.0094997
0.636719 -0.00876278
0.654297 -0.00843062
0.636719 -0.00814764
0.638672 -0.00858597
0.587891 -0.0087332
0.605469 -0.00878479
0.605469 -0.00906521
0.529297 -0.00946453
0.525391 -0.00989527
0.478516 -0.00973845
0.433594 -0.00955595
0.417969 -0.0094792
0.425781 -0.00945836
0.425781 -0.00944387
0.382812 -0.00864167
0.40625 -0.0081039
0.421875 -0.00764826
0.482422 -0.00673941
0.494141 -0.00563626
0.523438 -0.00488223
0.5625 -0.00388837
0.568359 -0.00261967
0.542969 -0.00164396
0.546875 -0.000266754
0.576172 0.000852749
0.550781 0.00187866
0.583984 0.0028757
0.566406 0.00415754
0.580078 0.0053094
0.607422 0.00655203
0.605469 0.00746231
0.626953 0.00837866
0.613281 0.00898161
0.570312 0.00970469
0.558594 0.0102991
0.566406 0.0104519
0.523438 0.0105373
0.529297 0.0105384
0.505859 0.0102027
0.535156 0.0100023
0.482422 0.00970349
0.488281 0.00963979
0.484375 0.00965248
0.457031 0.00997961
0.46875 0.0101054
0.490234 0.0102901
0.509766 0.00988457
0.476562 0.00926878
0.447266 0.00876006
0.453125 0.00879517
0.390625 0.00887559
0.425781 0.00868532
0.435547 0.00851772
0.408203 0.00811443
0.376953 0.00808391
0.378906 0.00862794
0.388672 0.00941489
0.427734 0.0103015
0.462891 0.01092
0.441406 0.0110801
0.5 0.0110051
0.486328 0.0110334
0.501953 0.0109374
0.511719 0.0103084
0.464844 0.00986025
0.492188 0.00916656
0.470703 0.0087788
0.476562 0.00809438
0.519531 0.00712984
0.580078 0.00638804
0.634766 0.00567724
0.597656 0.00489056
0.617188 0.00417094
0.601562 0.00413123
0.568359 0.00383552
0.583984 0.00347071
0.597656 0.00316232
0.609375 0.00271738
0.630859 0.00295912
0.638672 0.00299596
0.632812 0.00331951
0.658203 0.00317823
0.662109 0.00329165
0.632812 0.00320388
0.601562 0.00392626
0.609375 0.00452667
0.605469 0.00531532
0.560547 0.00572358
0.574219 0.00572476
0.576172 0.00540763
0.613281 0.00562504
0.626953 0.00573093
0.597656 0.00555719
0.605469 0.00551927
0.625 0.00582788
0.626953 0.00623248
0.642578 0.00611779
0.660156 0.0059309
0.644531 0.00561613
0.636719 0.00458181
0.619141 0.00349109
0.589844 0.00254688
0.582031 0.00156124
0.521484 0.000196522
0.507812 -0.0014216
0.519531 -0.00298144
0.484375 -0.0045089
0.492188 -0.00571851
0.458984 -0.0072549
0.474609 -0.00924062
0.492188 -0.011575
0.53125 -0.0138886
0.482422 -0.0160547
0.421875 -0.0180017
0.490234 -0.0196461
0.470703 -0.0213822
0.517578 -0.0231712
0.535156 -0.0242481
0.490234 -0.0251571
0.482422 -0.0259505
0.488281 -0.0269081
0.486328 -0.0280721
0.519531 -0.0292458
0.529297 -0.030774
0.537109 -0.0321685
0.5625 -0.0336216
0.646484 -0.0348745
0.652344 -0.0357484
0.662109 -0.036644
0.703125 -0.0375089
0.673828 -0.038048
0.675781 -0.0388378
0.675781 -0.0395613
0.740234 -0.0403032
0.75 -0.0411727
0.75 -0.04193
0.714844 -0.0426194
0.753906 -0.0430501
0.75 -0.043024
0.755859 -0.0428189
0.757812 -0.0429388
0.791016 -0.0431996
0.738281 -0.042991
0.728516 -0.0428928
0.720703 -0.0424852
0.716797 -0.0420521
0.71875 -0.0415751
0.736328 -0.0418047
0.708984 -0.041815
0.748047 -0.0411601
0.755859 -0.0404018
0.765625 -0.0398227
0.722656 -0.0393137
0.710938 -0.0387797
0.710938 -0.0379822
0.761719 -0.0377417
0.757812 -0.0371096
0.732422 -0.0363281
0.712891 -0.0356704
0.699219 -0.0345409
0.691406 -0.0337049
0.734375 -0.0327025
0.722656 -0.0315641
0.693359 -0.0306026
0.707031 -0.0304479
0.767578 -0.0298067
0.777344 -0.0290507
0.757812 -0.0282839
0.769531 -0.0279203
0.761719 -0.0275431
0.742188 -0.0272489
0.765625 -0.0272626
0.722656 -0.027539
0.714844 -0.0284012
0.724609 -0.0294804
0.697266 -0.0301623
0.693359 -0.0309395
0.722656 -0.032007
0.730469 -0.0322761
0.771484 -0.0322116
0.769531 -0.0320291
0.761719 -0.0316945
0.773438 -0.0310692
0.736328 -0.0303361
0.769531 -0.0300032
0.787109 -0.0300011
0.740234 -0.0301222
0.664062 -0.030666
0.677734 -0.0311747
0.671875 -0.0316863
0.642578 -0.0323998
0.605469 -0.0328663
0.599609 -0.033464
0.634766 -0.0339892
0.658203 -0.0345937
0.642578 -0.0350481
0.566406 -0.035429
0.582031 -0.0361584
0.556641 -0.0369055
0.59375 -0.0374059
0.597656 -0.0377867
0.607422 -0.0377648
0.542969 -0.0375997
0.570312 -0.0374579
0.5625 -0.037114
0.580078 -0.0365412
0.609375 -0.0367416
0.595703 -0.0370184
0.587891 -0.0375953
0.613281 -0.038192
0.638672 -0.0386506
0.630859 -0.0384699
0.619141 -0.0382679
0.617188 -0.038056
0.648438 -0.0378678
0.617188 -0.0372118
0.615234 -0.0369111
0.658203 -0.0367244
0.707031 -0.0361568
0.703125 -0.0356825
0.728516 -0.0352684
0.740234 -0.0346661
0.736328 -0.0342146
0.722656 -0.0338072
0.736328 -0.0333539
0.761719 -0.0335237
0.71875 -0.0333446
0.714844 -0.0327945
0.720703 -0.0317272
0.724609 -0.03082
0.763672 -0.0290838
0.771484 -0.027678
0.748047 -0.0265671
0.785156 -0.0251191
0.810547 -0.0235011
0.732422 -0.0217034
0.75 -0.0201782
0.740234 -0.0186371
0.679688 -0.0177327
0.632812 -0.0169987
0.636719 -0.0159608
0.636719 -0.0153346
0.646484 -0.0146939
0.650391 -0.0138554
0.644531 -0.0133123
0.671875 -0.0127243
0.675781 -0.0122171
0.683594 -0.0118933
0.697266 -0.0117808
0.689453 -0.0120337
0.708984 -0.0123188
0.703125 -0.0118068
0.740234 -0.0112403
0.71875 -0.0102594
0.740234 -0.00926118
0.748047 -0.00815858
0.697266 -0.00664574
0.695312 -0.00494083
0.753906 -0.00376572
0.748047 -0.00260341
0.716797 -0.00142995
0.716797 -0.00061352
0.748047 0.000472608
0.71875 0.00171313
0.708984 0.00293776
0.740234 0.00461151
0.728516 0.00610846
0.685547 0.0070952
0.660156 0.007315
0.597656 0.00812551
0.595703 0.00896902
0.619141 0.00972974
0.619141 0.0102882
0.597656 0.0105014
0.564453 0.0105529
0.548828 0.0105569
0.521484 0.010343
0.509766 0.00991117
0.541016 0.00944074
0.566406 0.00900395
0.576172 0.00854559
0.505859 0.00831748
0.490234 0.00802922
0.472656 0.0070928
0.496094 0.00620102
0.533203 0.00531295
0.560547 0.00459032
0.513672 0.00448247
0.525391 0.00427405
0.488281 0.00423581
0.517578 0.00432167
0.492188 0.00441426
0.529297 0.00491498
0.564453 0.00526183
0.576172 0.00581543
0.603516 0.00633589
0.574219 0.0071576
0.580078 0.0077165
0.576172 0.00770901
0.597656 0.00733261
0.607422 0.00681269
0.574219 0.00627574
0.574219 0.00544283
0.511719 0.00446163
0.558594 0.00343405
0.548828 0.00224996
0.535156 0.000818785
0.484375 -0.000756409
0.515625 -0.002383
0.541016 -0.00382757
0.511719 -0.00513427
0.535156 -0.00637719
0.527344 -0.007827
0.537109 -0.00969378
0.564453 -0.0112516
0.554688 -0.0124291
0.605469 -0.0138129
0.591797 -0.0152547
0.583984 -0.0168591
0.589844 -0.018528
0.626953 -0.0200515
0.582031 -0.0211328
0.597656 -0.0218555
0.638672 -0.0227871
0.681641 -0.0240633
0.646484 -0.0252276
0.628906 -0.026452
0.609375 -0.0275139
0.607422 -0.0283954
0.621094 -0.0289693
0.609375 -0.0289446
0.660156 -0.028404
0.638672 -0.0279544
0.599609 -0.0268248
0.59375 -0.0265392
0.601562 -0.0261457
0.613281 -0.0261333
0.630859 -0.026235
0.558594 -0.0267581
0.59375 -0.0265243
0.583984 -0.0260456
0.519531 -0.0260413
0.492188 -0.0258129
0.427734 -0.0256805
0.382812 -0.0261361
0.371094 -0.0264964
0.345703 -0.0263837
0.34375 -0.0269264
0.349609 -0.0273679
0.386719 -0.0276099
0.40625 -0.027996
0.470703 -0.0282027
0.464844 -0.0281535
0.460938 -0.0280984
0.501953 -0.0284267
0.541016 -0.0286864
0.5 -0.0290288
0.515625 -0.0296319
0.490234 -0.030105
0.46875 -0.0303925
0.464844 -0.0308931
0.449219 -0.0312887
0.470703 -0.0315828
0.466797 -0.0321459
0.53125 -0.0326658
0.5625 -0.0330811
0.554688 -0.0330238
0.570312 -0.0330608
0.582031 -0.0330455
0.564453 -0.0337184
0.574219 -0.034486
0.525391 -0.0354487
0.546875 -0.0364599
0.537109 -0.0374753
0.521484 -0.0384367
0.535156 -0.0400299
0.546875 -0.0416166
0.525391 -0.0432167
0.533203 -0.0445918
0.601562 -0.0456916
0.597656 -0.0471275
0.537109 -0.0481243
0.480469 -0.0495401
0.46875 -0.051572
0.498047 -0.0529975
0.498047 -0.0546931
0.527344 -0.0561963
0.511719 -0.0578353
0.505859 -0.0594327
0.462891 -0.0611362
0.513672 -0.0622847
0.488281 -0.0631496
0.498047 -0.0640602
0.546875 -0.064824
0.529297 -0.0653786
0.558594 -0.0660169
0.541016 -0.0674524
0.492188 -0.0683932
0.5 -0.069416
0.482422 -0.0706505
0.509766 -0.0716766
0.539062 -0.0729339
0.564453 -0.0734056
0.580078 -0.0736705
0.568359 -0.0743888
0.580078 -0.0743304
0.607422 -0.0746325
0.607422 -0.0748416
0.640625 -0.074676
0.595703 -0.0748428
0.591797 -0.0747627
0.580078 -0.0744949
0.603516 -0.0746762
0.632812 -0.0747347
0.650391 -0.0742294
0.652344 -0.0742418
0.685547 -0.0747545
0.71875 -0.0750572
0.712891 -0.0759928
0.716797 -0.077045
0.685547 -0.0776481
0.724609 -0.0781989
0.753906 -0.0784533
0.679688 -0.0782796
0.691406 -0.0782259
0.683594 -0.0776875
0.740234 -0.0775055
0.773438 -0.0771463
0.761719 -0.0767221
0.738281 -0.0766775
0.71875 -0.0764747
0.726562 -0.0759491
0.740234 -0.0754309
0.716797 -0.0750543
0.761719 -0.0747264
0.789062 -0.0744647
0.771484 -0.0738814
0.757812 -0.0732042
0.703125 -0.0725822
0.705078 -0.0722772
0.683594 -0.0718068
0.710938 -0.0714516
0.71875 -0.0710324
0.71875 -0.070355
0.724609 -0.0694258
0.707031 -0.0688904
0.701172 -0.0682683
0.675781 -0.0674481
0.679688 -0.0670752
0.730469 -0.0665391
0.71875 -0.0657656
0.712891 -0.0655552
0.726562 -0.0648734
0.730469 -0.0640519
0.726562 -0.0637183
0.724609 -0.0636026
0.693359 -0.0635878
0.683594 -0.063525
0.667969 -0.0635984
0.646484 -0.0632965
0.652344 -0.0628729
0.658203 -0.0626745
0.666016 -0.0619091
0.708984 -0.0609023
0.681641 -0.0594533
0.730469 -0.0579035
0.748047 -0.0566275
0.734375 -0.0551114
0.734375 -0.0539804
0.732422 -0.0523363
0.697266 -0.0511594
0.693359 -0.0500079
0.697266 -0.048652
0.634766 -0.0479311
0.644531 -0.0472493
0.654297 -0.0461985
0.673828 -0.0455152
0.6875 -0.0450394
0.666016 -0.0446286
0.625 -0.0439044
0.642578 -0.0435553
0.623047 -0.0430648
0.632812 -0.0428482
0.589844 -0.0429215
0.576172 -0.042872
0.630859 -0.0425808
0.583984 -0.042387
0.580078 -0.0422673
0.587891 -0.0423376
0.576172 -0.0428595
0.570312 -0.0435248
0.546875 -0.0444973
0.560547 -0.0453885
0.580078 -0.0463119
0.537109 -0.0469396
0.517578 -0.0478711
0.501953 -0.0487511
0.470703 -0.0493515
0.455078 -0.0494454
0.435547 -0.0494659
0.4375 -0.0496035
0.478516 -0.0495196
0.492188 -0.0492408
0.546875 -0.0491597
0.535156 -0.0482787
0.541016 -0.0481553
0.583984 -0.0473021
0.591797 -0.0465992
0.578125 -0.0455861
0.589844 -0.0450367
0.523438 -0.0445761
0.472656 -0.0445874
0.466797 -0.0448647
0.507812 -0.0456753
0.539062 -0.0464284
0.523438 -0.0472121
0.484375 -0.0476498
0.486328 -0.0479367
0.498047 -0.0483384
0.53125 -0.0487976
0.496094 -0.0493154
0.46875 -0.050091
0.414062 -0.0512102
0.416016 -0.0523143
0.365234 -0.0537133
0.371094 -0.055516
0.324219 -0.0570815
0.265625 -0.0589559
0.214844 -0.0614436
0.230469 -0.0640026
0.236328 -0.0656876
0.222656 -0.0674207
0.160156 -0.0693696
0.130859 -0.0709982
0.162109 -0.0729822
0.154297 -0.0748289
0.179688 -0.0762136
0.179688 -0.0774118
0.244141 -0.0786206
0.189453 -0.0797239
0.189453 -0.0810115
0.208984 -0.0822748
0.255859 -0.0835747
0.291016 -0.0852441
0.310547 -0.0873035
0.3125 -0.0890797
0.363281 -0.0909236
0.378906 -0.0931427
0.378906 -0.0950563
0.369141 -0.0966786
0.357422 -0.0981708
0.34375 -0.0993558
0.367188 -0.101103
0.365234 -0.102925
0.414062 -0.10472
0.417969 -0.106266
0.386719 -0.107963
0.339844 -0.110239
0.337891 -0.112545
0.339844 -0.115177
0.357422 -0.116843
0.365234 -0.118039
0.34375 -0.118943
0.378906 -0.119581
0.410156 -0.119399
0.412109 -0.119469
0.400391 -0.120071
0.404297 -0.120727
0.326172 -0.121556
0.333984 -0.122589
0.345703 -0.123733
0.257812 -0.124758
0.283203 -0.125546
0.275391 -0.126179
0.287109 -0.126795
0.328125 -0.127169
0.349609 -0.127489
0.369141 -0.127857
0.412109 -0.127473
0.425781 -0.126773
0.388672 -0.126065
0.419922 -0.125794
0.382812 -0.125552
0.398438 -0.125582
0.402344 -0.12527
0.408203 -0.124957
0.390625 -0.125519
0.416016 -0.126474
0.402344 -0.127426
0.402344 -0.128506
0.40625 -0.12927
0.378906 -0.129828
0.359375 -0.130156
0.357422 -0.130748
0.410156 -0.131301
0.421875 -0.13116
0.458984 -0.131085
0.458984 -0.131581
0.455078 -0.131816
0.425781 -0.131495
0.371094 -0.130946
0.433594 -0.130356
0.361328 -0.129349
0.371094 -0.128398
0.292969 -0.127665
0.291016 -0.12744
0.304688 -0.127005
0.291016 -0.126107
0.273438 -0.125105
0.267578 -0.124092
0.220703 -0.123236
0.248047 -0.122002
0.224609 -0.120498
0.234375 -0.118985
0.238281 -0.11719
0.203125 -0.115792
0.208984 -0.114637
0.232422 -0.112939
0.189453 -0.111358
0.191406 -0.110089
0.191406 -0.108928
0.191406 -0.107772
0.212891 -0.10669
0.173828 -0.105338
0.177734 -0.104431
0.111328 -0.103931
0.115234 -0.103395
0.101562 -0.10299
0.0976562 -0.102855
0.117188 -0.103238
0.148438 -0.10376
0.203125 -0.104004
0.175781 -0.104207
0.128906 -0.104489
0.154297 -0.104318
0.146484 -0.104501
0.201172 -0.104662
0.130859 -0.104507
0.150391 -0.105002
0.189453 -0.104927
0.160156 -0.104711
0.164062 -0.104714
0.152344 -0.104501
0.101562 -0.10447
0.117188 -0.104354
0.103516 -0.104434
0.0859375 -0.104841
0.0742188 -0.105428
0.0703125 -0.10522
0.0253906 -0.105025
0.0292969 -0.10508
0.0527344 -0.105138
0.0839844 -0.105227
0.0546875 -0.104904
0.0351562 -0.104518
0.0507812 -0.104529
0.0390625 -0.104731
0.0351562 -0.105193
0.00976562 -0.105945
0.015625 -0.106863
0.00976562 -0.107226
0.0546875 -0.107514
0.00585938 -0.108328
0.0078125 -0.109374
0.0078125 -0.11033
0.0117188 -0.110814
0.0507812 -0.111199
0.0625 -0.111978
0.0683594 -0.112956
0.0683594 -0.113735
0.0117188 -0.113898
0.0292969 -0.114167
0.0371094 -0.114299
0.0878906 -0.114446
0.113281 -0.114672
0.189453 -0.114773
0.238281 -0.114498
0.216797 -0.114084
0.21875 -0.113641
0.203125 -0.11306
0.255859 -0.112618
0.25 -0.112012
0.271484 -0.111558
0.339844 -0.110462
0.298828 -0.109823
0.332031 -0.108848
0.353516 -0.107719
0.271484 -0.10648
0.304688 -0.105542
0.271484 -0.104206
0.322266 -0.103655
0.318359 -0.103378
0.289062 -0.102924
0.267578 -0.102
0.267578 -0.101594
0.259766 -0.100848
0.1875 -0.100699
0.201172 -0.101117
0.216797 -0.100723
0.15625 -0.100621
0.158203 -0.100707
0.158203 -0.101058
0.208984 -0.101513
0.283203 -0.1014
0.341797 -0.101153
0.357422 -0.100361
0.333984 -0.0999636
0.345703 -0.0997963
0.333984 -0.0987019
0.359375 -0.0979775
0.341797 -0.0975826
0.271484 -0.0969303
0.232422 -0.0963906
0.203125 -0.0961148
0.238281 -0.0959642
0.332031 -0.0956194
0.347656 -0.0949599
0.328125 -0.0944099
0.296875 -0.0936567
0.298828 -0.0933105
0.287109 -0.0935497
0.304688 -0.0941552
0.279297 -0.0948341
0.378906 -0.0959086
0.384766 -0.0969875
0.369141 -0.0977518
0.318359 -0.097955
0.263672 -0.0983554
0.236328 -0.0981227
0.279297 -0.0982765
0.294922 -0.0988367
0.253906 -0.0996972
0.203125 -0.100292
0.181641 -0.10097
0.169922 -0.101624
0.201172 -0.102557
0.224609 -0.103025
0.244141 -0.10375
0.269531 -0.104019
0.285156 -0.103414
0.257812 -0.102505
0.292969 -0.100899
0.302734 -0.0993402
0.330078 -0.0977725
0.304688 -0.0956261
0.337891 -0.0936192
0.306641 -0.0914704
0.34375 -0.088993
0.369141 -0.0862213
0.376953 -0.0836217
0.363281 -0.0815508
0.375 -0.0794546
0.392578 -0.0773023
0.380859 -0.0749699
0.378906 -0.0729028
0.371094 -0.070809
0.287109 -0.0695307
0.324219 -0.0681386
0.316406 -0.0671902
0.34375 -0.0665747
0.335938 -0.0657444
0.304688 -0.0648361
0.255859 -0.0635507
0.240234 -0.0620015
0.3125 -0.0603043
0.300781 -0.0589697
0.326172 -0.0572662
0.34375 -0.0555229
0.337891 -0.053824
0.234375 -0.0516539
0.210938 -0.0494179
0.208984 -0.0471689
0.158203 -0.045718
0.197266 -0.0439094
0.164062 -0.0424059
0.207031 -0.0409466
0.181641 -0.039267
0.203125 -0.0373531
0.226562 -0.0359075
0.21875 -0.0344151
0.222656 -0.0323664
0.191406 -0.0303548
0.205078 -0.0285957
0.214844 -0.0265837
0.248047 -0.0251618
0.242188 -0.0236537
0.236328 -0.0218244
0.246094 -0.0205135
0.228516 -0.0187368
0.224609 -0.0169497
0.197266 -0.0149457
0.134766 -0.0135768
0.09375 -0.0125176
0.0429688 -0.0113188
0.0585938 -0.0101939
0.0761719 -0.0100656
0.0898438 -0.00993097
0.0703125 -0.0098676
0.0488281 -0.00960459
0.0449219 -0.00960702
0.0820312 -0.00908965
0.105469 -0.00903493
0.0722656 -0.00864501
0.09375 -0.00755477
0.121094 -0.00648206
0.181641 -0.0052661
0.197266 -0.00420904
0.183594 -0.00408629
0.179688 -0.00349282
0.199219 -0.00274945
0.160156 -0.00224777
0.0976562 -0.00205467
0.111328 -0.00182165
0.0859375 -0.00157063
0.0371094 -0.00147144
0.0390625 -0.0015066
0.0742188 -0.000892457
0.0527344 7.17394e-05
0.0878906 0.00105492
0.0917969 0.00251799
0.0957031 0.00415444
0.0683594 0.00578364
0.0839844 0.00678039
0.078125 0.0081314
0.0332031 0.0096392
0.0898438 0.0109013
0.0703125 0.0121231
0.0488281 0.0138968
0.0585938 0.0153121
0.0722656 0.0162693
0.0996094 0.0172094
0.0761719 0.0179814
0.0761719 0.0183214
0.0234375 0.0184458
0.00976562 0.0179397
0.00585938 0.0181105
0.00585938 0.0180083
0.0644531 0.0177066
0.0507812 0.0177715
0.03125 0.0177169
0.0117188 0.0179542
0.0117188 0.0185806
0.00976562 0.0187469
0.0371094 0.0188049
0.0410156 0.0193838
0.03125 0.0196537
0.00585938 0.0201493
0.0332031 0.0202988
0.0546875 0.0208237
0.0214844 0.0214701
0.0214844 0.0219398
0.0175781 0.0226968
0.0273438 0.023416
0.00195312 0.0239499
0.00195312 0.0244691
0.00976562 0.0251654
0.0117188 0.0265533
0.0078125 0.0281491
0.0390625 0.0294226
0.046875 0.0305183
0.148438 0.0320379
0.183594 0.0336173
0.164062 0.0357926
0.189453 0.0375673
0.189453 0.0389084
0.177734 0.0400734
0.160156 0.0412584
0.154297 0.0427601
0.134766 0.0442446
0.119141 0.0455076
0.148438 0.0467377
0.119141 0.0477005
0.136719 0.0485996
0.228516 0.0488475
0.228516 0.0492024
0.205078 0.0498801
0.167969 0.050503
0.175781 0.0504138
0.171875 0.0498295
0.154297 0.0498026
0.123047 0.0500505
0.103516 0.0502691
0.126953 0.0503257
0.185547 0.0508451
0.199219 0.0513541
0.201172 0.0521598
0.201172 0.0523681
0.251953 0.0525902
0.285156 0.0530033
0.310547 0.0538601
0.304688 0.0541262
0.355469 0.0538901
0.375 0.0541388
0.392578 0.0549256
0.351562 0.055604
0.380859 0.0562765
0.369141 0.0574009
0.328125 0.0581575
0.34375 0.0588159
0.386719 0.0594057
0.457031 0.0593401
0.501953 0.059531
0.507812 0.0595457
0.527344 0.0597578
0.498047 0.0594886
0.470703 0.058705
0.476562 0.0579781
0.443359 0.0572593
0.490234 0.0567043
0.517578 0.0560857
0.521484 0.0550033
0.501953 0.0538078
0.478516 0.0527277
0.453125 0.0519323
0.521484 0.0514677
0.519531 0.0513371
0.544922 0.0513028
0.529297 0.0513762
0.570312 0.0520308
0.613281 0.0523303
0.621094 0.0528737
0.65625 0.053842
0.685547 0.0543362
0.658203 0.0538857
0.683594 0.053821
0.646484 0.0540306
0.630859 0.0543644
0.626953 0.0542027
0.648438 0.0539067
0.615234 0.0527323
0.685547 0.0516261
0.673828 0.0511445
0.697266 0.0506413
0.699219 0.0495542
0.679688 0.0485047
0.685547 0.0468926
0.691406 0.0459178
0.703125 0.0449748
0.6875 0.0441332
0.667969 0.0429645
0.611328 0.0422728
0.615234 0.0416698
0.560547 0.0411201
0.521484 0.0403403
0.494141 0.0397871
0.527344 0.0392041
0.546875 0.0387403
0.589844 0.0389115
0.542969 0.0388608
0.566406 0.0387834
0.570312 0.0380201
0.574219 0.0373268
0.566406 0.0368415
0.568359 0.0366124
0.546875 0.0361516
0.582031 0.035617
0.576172 0.0352389
0.570312 0.0346818
0.603516 0.0336791
0.626953 0.0328022
0.660156 0.031622
0.630859 0.0309691
0.636719 0.0300921
0.650391 0.0289539
0.652344 0.0277077
0.634766 0.0256564
0.667969 0.0235879
0.664062 0.0222021
0.652344 0.0205107
0.664062 0.0187517
0.681641 0.016853
0.734375 0.0149145
0.734375 0.0134234
0.732422 0.0120438
0.724609 0.01027
0.6875 0.00855739
0.716797 0.0065892
0.681641 0.00439254
0.685547 0.00177112
0.695312 -0.000931878
0.716797 -0.00353796
0.677734 -0.00628081
0.671875 -0.00908571
0.666016 -0.0123168
0.673828 -0.0148343
0.630859 -0.0170295
0.669922 -0.0199441
0.697266 -0.0225734
0.724609 -0.0247531
0.738281 -0.0263987
0.726562 -0.0278094
0.761719 -0.0290946
0.751953 -0.0304553
0.730469 -0.0323234
0.744141 -0.0338805
0.757812 -0.0349537
0.728516 -0.0360907
0.75 -0.0373615
0.726562 -0.0385603
0.740234 -0.0401343
0.722656 -0.0416524
0.75 -0.0432373
0.751953 -0.0447224
0.714844 -0.04657
0.699219 -0.0484404
0.724609 -0.0501763
0.705078 -0.0525854
0.691406 -0.0549388
0.650391 -0.0574802
0.701172 -0.0601555
0.6875 -0.0629608
0.693359 -0.0656508
0.675781 -0.0678454
0.667969 -0.0703523
0.632812 -0.0726194
0.640625 -0.0749074
0.654297 -0.0771174
0.652344 -0.0786427
0.646484 -0.0795657
0.703125 -0.0799602
0.667969 -0.0805475
0.666016 -0.0815691
0.644531 -0.0823131
0.714844 -0.0827195
0.724609 -0.0832471
0.716797 -0.0834772
0.712891 -0.0837452
0.728516 -0.0839417
0.724609 -0.0836975
0.746094 -0.083531
0.728516 -0.083813
0.683594 -0.0840228
0.712891 -0.0841955
0.669922 -0.085046
0.685547 -0.0855479
0.728516 -0.0863837
0.753906 -0.0871937
0.753906 -0.087872
0.705078 -0.0886877
0.654297 -0.0899553
0.683594 -0.0914248
0.705078 -0.0928141
0.667969 -0.094346
0.658203 -0.0965
0.621094 -0.0990565
0.611328 -0.101001
0.582031 -0.102937
0.626953 -0.104092
0.638672 -0.104886
0.558594 -0.105423
0.582031 -0.10605
0.566406 -0.106845
0.589844 -0.10683
0.566406 -0.107423
0.591797 -0.108156
0.541016 -0.108826
0.509766 -0.10991
0.544922 -0.110633
0.513672 -0.111795
0.505859 -0.112901
0.509766 -0.113705
0.470703 -0.114458
0.458984 -0.115783
0.472656 -0.1173
0.496094 -0.118866
0.539062 -0.119386
0.572266 -0.119252
0.570312 -0.119131
0.597656 -0.119309
0.605469 -0.118655
0.589844 -0.117752
0.644531 -0.117149
0.658203 -0.115779
0.623047 -0.114599
0.644531 -0.113957
0.658203 -0.113016
0.625 -0.111928
0.630859 -0.110776
0.615234 -0.110038
0.660156 -0.109701
0.662109 -0.109172
0.65625 -0.108178
0.630859 -0.106961
0.599609 -0.106173
0.599609 -0.105532
0.582031 -0.104823
0.556641 -0.104394
0.591797 -0.10346
0.513672 -0.10299
0.550781 -0.102212
0.476562 -0.100595
0.482422 -0.0985365
0.513672 -0.0968292
0.517578 -0.0949714
0.470703 -0.0928812
0.474609 -0.090997
0.498047 -0.0891901
0.525391 -0.0871815
0.53125 -0.0852507
0.496094 -0.0833833
0.515625 -0.0816761
0.523438 -0.080088
0.503906 -0.0781982
0.484375 -0.0763958
0.517578 -0.0744097
0.525391 -0.0722949
0.503906 -0.0703545
0.580078 -0.0674858
0.589844 -0.0643581
0.572266 -0.0613154
0.583984 -0.0585594
0.574219 -0.0554827
0.548828 -0.0529754
0.515625 -0.0504146
0.488281 -0.0483928
0.449219 -0.0459105
0.402344 -0.0436279
0.441406 -0.0418907
0.439453 -0.039859
0.439453 -0.0377941
0.46875 -0.0360709
0.404297 -0.0341952
0.400391 -0.0325434
0.40625 -0.0310551
0.441406 -0.0295439
0.431641 -0.0277598
0.402344 -0.0255799
0.433594 -0.0235897
0.427734 -0.0213857
0.390625 -0.019509
0.378906 -0.017452
0.363281 -0.0154048
0.357422 -0.0138132
0.353516 -0.01288
0.351562 -0.0120879
0.324219 -0.0120036
0.275391 -0.0120999
0.283203 -0.0121598
0.318359 -0.0119033
0.371094 -0.0123628
0.376953 -0.0128263
0.363281 -0.0131179
0.349609 -0.0135791
0.339844 -0.0138596
0.302734 -0.0151367
0.308594 -0.016573
0.34375 -0.0176884
0.335938 -0.0183053
0.273438 -0.0194755
0.294922 -0.0211164
0.294922 -0.022058
0.304688 -0.0231639
0.296875 -0.0240897
0.300781 -0.0251744
0.283203 -0.0257876
0.273438 -0.0265253
0.240234 -0.0272823
0.246094 -0.0281179
0.273438 -0.0287587
0.300781 -0.0294458
0.339844 -0.0287607
0.375 -0.0274735
0.445312 -0.0261993
0.431641 -0.0246486
0.417969 -0.0231174
0.402344 -0.0214197
0.386719 -0.0195823
0.396484 -0.0177479
0.439453 -0.0165396
0.417969 -0.0156829
0.412109 -0.0142369
0.410156 -0.0132838
0.421875 -0.0130201
0.367188 -0.0129499
0.376953 -0.0128362
0.373047 -0.0129898
0.357422 -0.0133484
0.400391 -0.0137361
0.400391 -0.0145844
0.466797 -0.0153786
0.441406 -0.0164193
0.414062 -0.0179378
0.353516 -0.0195599
0.339844 -0.021598
0.355469 -0.0239651
0.398438 -0.025698
0.371094 -0.02701
0.349609 -0.0285205
0.337891 -0.0300902
0.339844 -0.0314522
0.408203 -0.032916
0.425781 -0.0337923
0.464844 -0.0345004
0.396484 -0.0347303
0.376953 -0.0357815
0.400391 -0.0366039
0.398438 -0.0380148
0.425781 -0.0395623
0.396484 -0.0412779
0.404297 -0.043011
0.427734 -0.0443482
0.474609 -0.0453121
0.513672 -0.0461745
0.498047 -0.0469245
0.515625 -0.0475408
0.529297 -0.0487408
0.535156 -0.0493793
0.541016 -0.05015
0.541016 -0.0516915
0.576172 -0.0529204
0.564453 -0.0541534
0.582031 -0.0555332
0.589844 -0.0565357
0.625 -0.0572501
0.640625 -0.0578789
0.644531 -0.0584017
0.642578 -0.0587959
0.601562 -0.0597449
0.617188 -0.0607765
0.65625 -0.0615132
0.689453 -0.0619869
0.662109 -0.0627427
0.646484 -0.0636537
0.636719 -0.0644178
0.648438 -0.0645046
0.617188 -0.0651465
0.634766 -0.0657465
0.65625 -0.0660852
0.607422 -0.0668279
0.613281 -0.0667421
0.615234 -0.0673155
0.591797 -0.0684798
0.617188 -0.0694815
0.611328 -0.0707289
0.605469 -0.0721798
0.615234 -0.0734358
0.654297 -0.0751279
0.634766 -0.0772807
0.625 -0.0791667
0.609375 -0.0813227
0.587891 -0.0835373
0.642578 -0.0858277
0.667969 -0.0882867
0.615234 -0.090168
0.615234 -0.0917503
0.632812 -0.0935595
0.634766 -0.0951321
0.587891 -0.0966414
0.574219 -0.0983152
0.605469 -0.100301
0.595703 -0.10228
0.583984 -0.103537
0.564453 -0.105018
0.533203 -0.106131
0.544922 -0.107115
0.505859 -0.108061
0.546875 -0.108781
0.507812 -0.109451
0.470703 -0.109777
0.466797 -0.110549
0.421875 -0.111583
0.466797 -0.112343
0.484375 -0.113421
0.519531 -0.114334
0.539062 -0.114849
0.548828 -0.115105
0.525391 -0.115006
0.519531 -0.114448
0.519531 -0.113812
0.529297 -0.113128
0.5625 -0.112386
0.630859 -0.111197
0.648438 -0.110263
0.683594 -0.108849
0.646484 -0.107589
0.609375 -0.106832
0.625 -0.106287
0.630859 -0.105928
0.636719 -0.105454
0.628906 -0.104782
0.658203 -0.104705
0.576172 -0.104363
0.648438 -0.104463
0.658203 -0.104946
0.621094 -0.10579
0.568359 -0.10712
0.570312 -0.108558
0.53125 -0.1101
0.529297 -0.11203
0.542969 -0.113761
0.546875 -0.115349
0.589844 -0.116779
0.576172 -0.118071
0.582031 -0.119438
0.535156 -0.120992
0.527344 -0.122911
0.511719 -0.124532
0.498047 -0.126695
0.523438 -0.128472
0.503906 -0.130487
0.496094 -0.132458
0.490234 -0.134714
0.470703 -0.13706
0.496094 -0.139423
0.480469 -0.141835
0.503906 -0.143767
0.5 -0.145351
0.505859 -0.146968
0.445312 -0.148882
0.46875 -0.150517
0.480469 -0.152124
0.601562 -0.153718
0.595703 -0.155206
0.591797 -0.156364
0.603516 -0.157014
0.589844 -0.157451
0.603516 -0.158014
0.564453 -0.158156
0.537109 -0.158453
0.482422 -0.158711
0.478516 -0.159654
0.513672 -0.160567
0.462891 -0.16169
0.423828 -0.163471
0.486328 -0.165077
0.511719 -0.166608
0.517578 -0.168224
0.488281 -0.169621
0.501953 -0.171185
0.472656 -0.172394
0.517578 -0.173343
0.494141 -0.173698
0.501953 -0.173947
0.492188 -0.174077
0.519531 -0.174576
0.478516 -0.174683
0.480469 -0.175325
0.460938 -0.175674
0.441406 -0.175268
0.412109 -0.174775
0.341797 -0.174709
0.316406 -0.17483
0.298828 -0.174582
0.3125 -0.174271
0.347656 -0.173674
0.347656 -0.173347
0.375 -0.17315
0.376953 -0.172519
0.365234 -0.171747
0.423828 -0.170728
0.400391 -0.170146
0.386719 -0.169242
0.416016 -0.168551
0.427734 -0.16754
0.435547 -0.166292
0.417969 -0.164885
0.398438 -0.163816
0.392578 -0.162564
0.396484 -0.161513
0.390625 -0.160593
0.419922 -0.159875
0.408203 -0.158571
0.460938 -0.157616
0.443359 -0.156701
0.466797 -0.155571
0.441406 -0.154702
0.457031 -0.153215
0.476562 -0.151074
0.462891 -0.149126
0.433594 -0.146973
0.40625 -0.14464
0.376953 -0.1423
0.333984 -0.140459
0.34375 -0.138629
0.382812 -0.136818
0.314453 -0.135014
0.345703 -0.133675
0.332031 -0.131978
0.238281 -0.130303
0.259766 -0.128186
0.273438 -0.126055
0.292969 -0.124428
0.259766 -0.123055
0.287109 -0.121834
0.28125 -0.121166
0.308594 -0.120948
0.302734 -0.12061
0.333984 -0.120886
0.314453 -0.121473
0.294922 -0.121882
0.318359 -0.122353
0.292969 -0.122338
0.255859 -0.122531
0.292969 -0.122941
0.226562 -0.12367
0.207031 -0.124179
0.246094 -0.125046
0.240234 -0.125389
0.257812 -0.125389
0.3125 -0.124453
0.351562 -0.123765
0.380859 -0.121894
0.347656 -0.119996
0.367188 -0.118207
0.363281 -0.11669
0.408203 -0.114769
0.414062 -0.112743
0.400391 -0.110567
0.425781 -0.108416
0.447266 -0.105896
0.464844 -0.103704
0.474609 -0.101511
0.492188 -0.0994335
0.486328 -0.0971283
0.46875 -0.0943383
0.46875 -0.0913993
0.484375 -0.0886647
0.458984 -0.0865381
0.466797 -0.0843967
0.496094 -0.0817655
0.458984 -0.0789873
0.458984 -0.076552
0.439453 -0.074555
0.457031 -0.0729542
0.466797 -0.0712448
0.431641 -0.0696833
0.435547 -0.0678346
0.408203 -0.0664436
0.380859 -0.0647066
0.373047 -0.0626425
0.417969 -0.0603441
0.388672 -0.0579064
0.339844 -0.0556481
0.326172 -0.0539266
0.371094 -0.0523477
0.376953 -0.0506354
0.363281 -0.0488849
0.380859 -0.047394
0.464844 -0.0451957
0.482422 -0.0428824
0.447266 -0.0396268
0.447266 -0.0369457
0.451172 -0.0340926
0.410156 -0.0313951
0.455078 -0.0289273
0.458984 -0.026898
0.490234 -0.0249551
0.484375 -0.0229849
0.443359 -0.0208399
0.441406 -0.0180845
0.388672 -0.0156612
0.394531 -0.0138842
0.404297 -0.0120461
0.326172 -0.0104594
0.333984 -0.00884722
0.289062 -0.00719408
0.269531 -0.00588721
0.294922 -0.00503362
0.302734 -0.00371916
0.251953 -0.0027514
0.277344 -0.00187655
0.277344 -0.00136751
0.263672 -0.000640587
0.291016 -0.000367347
0.320312 -0.000869278
0.304688 -0.00104663
0.240234 -0.00189381
0.208984 -0.00241089
0.248047 -0.00297344
0.220703 -0.00407847
0.214844 -0.00556805
0.191406 -0.00658131
0.136719 -0.00800431
0.123047 -0.0101526
0.101562 -0.012582
0.0859375 -0.0145436
0.03125 -0.016636
0.0585938 -0.0184605
0.0664062 -0.0206308
0.0234375 -0.0224293
0.0410156 -0.0246055
0.0234375 -0.0262897
0.0351562 -0.0280707
0.0351562 -0.0299893
0.101562 -0.0319682
0.119141 -0.0337373
0.109375 -0.0348923
0.175781 -0.035646
0.177734 -0.036422
0.169922 -0.0366866
0.197266 -0.0366349
0.181641 -0.0370249
0.234375 -0.0374934
0.277344 -0.03811
0.259766 -0.0393958
0.265625 -0.0403797
0.263672 -0.0407489
0.3125 -0.0406564
0.318359 -0.0412366
0.324219 -0.0415947
0.28125 -0.0419493
0.289062 -0.0424048
0.330078 -0.0427387
0.371094 -0.0432159
0.337891 -0.0434908
0.373047 -0.0443833
0.371094 -0.0447434
0.404297 -0.0451936
0.417969 -0.0452312
0.460938 -0.0458406
0.476562 -0.046397
0.490234 -0.0468923
0.496094 -0.0470611
0.46875 -0.0469799
0.482422 -0.0467018
0.482422 -0.0468348
0.480469 -0.0474476
0.492188 -0.0483537
0.486328 -0.0489659
0.480469 -0.0497585
0.431641 -0.0507919
0.5 -0.0522169
0.556641 -0.0532171
0.503906 -0.0537592
0.537109 -0.0544426
0.513672 -0.0554034
0.509766 -0.0560087
0.542969 -0.0565362
0.507812 -0.0573295
0.527344 -0.0584749
0.464844 -0.0604104
0.488281 -0.0625782
0.410156 -0.065683
0.439453 -0.0686469
0.431641 -0.071159
0.4375 -0.0738513
0.433594 -0.0764724
0.416016 -0.0792065
0.423828 -0.0814251
0.496094 -0.0839704
0.490234 -0.0856797
0.501953 -0.0867286
0.517578 -0.0879692
0.537109 -0.0889499
0.546875 -0.0906276
0.587891 -0.0922387
0.59375 -0.0936719
0.556641 -0.0951175
0.539062 -0.0965211
0.537109 -0.0979833
0.560547 -0.099043
0.599609 -0.099691
0.644531 -0.0998199
0.636719 -0.0994481
0.673828 -0.0988525
0.728516 -0.0982483
0.720703 -0.0980689
0.683594 -0.098498
0.708984 -0.0993651
0.691406 -0.100525
0.710938 -0.102139
0.708984 -0.103957
0.736328 -0.105252
0.730469 -0.106657
0.722656 -0.108121
0.720703 -0.109478
0.728516 -0.11109
0.714844 -0.113226
0.716797 -0.11506
0.675781 -0.117056
0.664062 -0.118981
0.6875 -0.121706
0.703125 -0.124225
0.65625 -0.126443
0.654297 -0.128322
0.632812 -0.129607
0.619141 -0.130789
0.623047 -0.131598
0.605469 -0.132304
0.603516 -0.133472
0.568359 -0.134758
0.548828 -0.136543
0.574219 -0.138254
0.578125 -0.140277
0.5625 -0.141891
0.552734 -0.143167
0.568359 -0.1447
0.558594 -0.146145
0.535156 -0.146967
0.556641 -0.147608
0.587891 -0.148003
0.554688 -0.147964
0.548828 -0.147503
0.619141 -0.146796
0.609375 -0.146868
0.626953 -0.146467
0.599609 -0.146388
0.638672 -0.14614
0.638672 -0.145809
0.628906 -0.145704
0.642578 -0.145719
0.652344 -0.14597
0.640625 -0.145788
0.623047 -0.145189
0.658203 -0.144554
0.640625 -0.144595
0.652344 -0.144679
0.636719 -0.145125
0.638672 -0.145847
0.642578 -0.146641
0.677734 -0.146771
0.630859 -0.146545
0.6875 -0.146575
0.722656 -0.145961
0.710938 -0.145122
0.689453 -0.143919
0.708984 -0.143211
0.759766 -0.143303
0.777344 -0.142927
0.785156 -0.143241
0.773438 -0.143365
0.765625 -0.143572
0.804688 -0.143892
0.78125 -0.144519
0.763672 -0.144979
0.748047 -0.145556
0.71875 -0.146342
0.673828 -0.146781
0.65625 -0.147413
0.646484 -0.148228
0.628906 -0.149024
0.59375 -0.150108
0.607422 -0.151359
0.638672 -0.152333
0.615234 -0.153862
0.638672 -0.155219
0.636719 -0.156694
0.611328 -0.158284
0.623047 -0.160877
0.580078 -0.162635
0.609375 -0.164447
0.59375 -0.165959
0.623047 -0.168268
0.583984 -0.170921
0.550781 -0.173224
0.623047 -0.175309
0.648438 -0.177122
0.597656 -0.178657
0.595703 -0.180332
0.611328 -0.181756
0.611328 -0.182852
0.580078 -0.183697
0.611328 -0.184914
0.630859 -0.186487
0.578125 -0.187871
0.595703 -0.189876
0.550781 -0.191298
0.558594 -0.193531
0.576172 -0.197065
0.541016 -0.200701
0.523438 -0.20414
0.546875 -0.20663
0.546875 -0.208421
0.542969 -0.210455
0.560547 -0.21294
0.554688 -0.214976
0.548828 -0.21712
0.550781 -0.218706
0.591797 -0.220447
0.595703 -0.221878
0.613281 -0.222946
0.626953 -0.224284
0.59375 -0.225493
0.582031 -0.227037
0.601562 -0.22788
0.585938 -0.228986
0.501953 -0.229959
0.525391 -0.230583
0.539062 -0.230911
0.546875 -0.230173
0.595703 -0.229341
0.664062 -0.228038
0.646484 -0.226888
0.669922 -0.225979
0.701172 -0.224796
0.681641 -0.223043
0.636719 -0.221615
0.605469 -0.219894
0.552734 -0.218435
0.515625 -0.217078
0.544922 -0.215788
0.5625 -0.21433
0.554688 -0.213468
0.554688 -0.212656
0.568359 -0.21205
0.591797 -0.211474
0.564453 -0.210669
0.535156 -0.209693
0.525391 -0.208575
0.521484 -0.208029
0.554688 -0.207554
0.589844 -0.207741
0.583984 -0.208027
0.603516 -0.208246
0.607422 -0.208757
0.560547 -0.2097
0.527344 -0.210722
0.5625 -0.2119
0.449219 -0.213153
0.441406 -0.215501
0.431641 -0.21721
0.429688 -0.218445
0.400391 -0.22026
0.394531 -0.221683
0.398438 -0.223214
0.412109 -0.224572
0.410156 -0.225469
0.380859 -0.226462
0.404297 -0.227676
0.392578 -0.228022
0.394531 -0.22831
0.423828 -0.228144
0.433594 -0.227701
0.423828 -0.226861
0.380859 -0.225801
0.351562 -0.224607
0.390625 -0.223153
0.402344 -0.222006
0.376953 -0.220716
0.349609 -0.219643
0.355469 -0.219103
0.330078 -0.21873
0.330078 -0.218675
0.349609 -0.219171
0.378906 -0.220585
0.335938 -0.221201
0.339844 -0.221283
0.339844 -0.221221
0.359375 -0.220803
0.355469 -0.220691
0.345703 -0.221058
0.363281 -0.22137
0.353516 -0.22154
0.324219 -0.221798
0.279297 -0.222506
0.259766 -0.223585
0.271484 -0.224636
0.267578 -0.225647
0.294922 -0.226676
0.267578 -0.227682
0.291016 -0.229185
0.277344 -0.230579
0.263672 -0.231837
0.298828 -0.233137
0.265625 -0.234186
0.234375 -0.234428
0.263672 -0.234921
0.283203 -0.235469
0.275391 -0.236298
0.253906 -0.237184
0.320312 -0.238545
0.314453 -0.23951
0.330078 -0.240445
0.365234 -0.2407
0.335938 -0.241328
0.335938 -0.241606
0.279297 -0.242515
0.28125 -0.243085
0.291016 -0.243261
0.240234 -0.24339
0.259766 -0.243406
0.269531 -0.24386
0.238281 -0.244308
0.234375 -0.244938
0.263672 -0.246086
0.255859 -0.246715
0.285156 -0.24712
0.271484 -0.247812
0.263672 -0.248239
0.263672 -0.248605
0.240234 -0.248158
0.289062 -0.248027
0.255859 -0.247484
0.275391 -0.246779
0.291016 -0.246111
0.267578 -0.24624
0.207031 -0.246674
0.25 -0.24766
0.279297 -0.248205
0.308594 -0.248755
0.34375 -0.248865
0.341797 -0.249781
0.332031 -0.250741
0.246094 -0.252318
0.177734 -0.25422
0.226562 -0.256666
0.240234 -0.25948
0.220703 -0.262249
0.169922 -0.26488
0.185547 -0.267913
0.183594 -0.270843
0.191406 -0.273956
0.134766 -0.276307
0.0800781 -0.280084
0.03125 -0.28436
0.0507812 -0.288398
0.0507812 -0.293029
0.0957031 -0.297901
0.0917969 -0.302919
0.0175781 -0.307849
0.00390625 -0.313112
0.00976562 -0.318266
0.0371094 -0.322936
0.0371094 -0.327327
0.00390625 -0.331558
0.0117188 -0.335537
0 -0.338977
0.015625 -0.342043
0.00976562 -0.345368
0.00976562 -0.347306
0.0429688 -0.348632
0.0488281 -0.34893
0.0800781 -0.349134
0.078125 -0.349116
0.0683594 -0.34957
0.0878906 -0.349602
0.109375 -0.349624
0.15625 -0.349868
0.158203 -0.350331
0.169922 -0.350349
0.158203 -0.350737
0.142578 -0.350827
0.158203 -0.350845
0.208984 -0.350861
0.226562 -0.350987
0.279297 -0.351025
0.294922 -0.351358
0.337891 -0.351536
0.300781 -0.351409
0.324219 -0.350831
0.328125 -0.350988
0.361328 -0.35044
0.306641 -0.349755
0.291016 -0.34944
0.285156 -0.349272
0.308594 -0.350163
0.3125 -0.351051
0.320312 -0.352492
0.326172 -0.353357
0.314453 -0.353966
0.300781 -0.354221
0.308594 -0.354808
0.326172 -0.355344
0.332031 -0.355378
0.332031 -0.355781
0.332031 -0.3561
0.335938 -0.356299
0.369141 -0.356342
0.384766 -0.356046
0.384766 -0.356092
0.357422 -0.356121
0.316406 -0.356404
0.265625 -0.356654
0.255859 -0.357312
0.251953 -0.357181
0.267578 -0.357338
0.306641 -0.357451
0.300781 -0.358106
0.287109 -0.358323
0.318359 -0.359017
0.332031 -0.358583
0.339844 -0.358298
0.333984 -0.35826
0.384766 -0.358286
0.341797 -0.357705
0.335938 -0.358075
0.351562 -0.358124
0.337891 -0.357695
0.330078 -0.357694
0.275391 -0.357936
0.271484 -0.358359
0.314453 -0.358671
0.285156 -0.359175
0.271484 -0.359666
0.259766 -0.360023
0.269531 -0.360004
0.236328 -0.35979
0.265625 -0.359932
0.226562 -0.359754
0.25 -0.360082
0.25 -0.359891
0.3125 -0.360012
0.367188 -0.359728
0.382812 -0.359389
0.337891 -0.35869
0.347656 -0.358036
0.384766 -0.357299
0.382812 -0.356422
0.369141 -0.355629
0.363281 -0.354914
0.353516 -0.354206
0.361328 -0.353479
0.367188 -0.352966
0.378906 -0.35235
0.386719 -0.352485
0.361328 -0.353052
0.355469 -0.35336
0.345703 -0.352864
0.320312 -0.351964
0.351562 -0.351578
0.351562 -0.351395
0.324219 -0.351022
0.308594 -0.350536
0.339844 -0.349882
0.367188 -0.349078
0.398438 -0.348167
0.421875 -0.347147
0.404297 -0.345737
0.378906 -0.344196
0.386719 -0.343043
0.363281 -0.341749
0.314453 -0.340576
0.3125 -0.339246
0.330078 -0.337685
0.349609 -0.336337
0.347656 -0.334777
0.359375 -0.332452
0.3125 -0.330015
0.347656 -0.327335
0.398438 -0.32457
0.392578 -0.321353
0.363281 -0.318927
0.396484 -0.316273
0.392578 -0.313118
0.419922 -0.310294
0.402344 -0.307488
0.398438 -0.30502
0.394531 -0.3024
0.349609 -0.299502
0.382812 -0.296417
0.400391 -0.293402
0.423828 -0.290382
0.435547 -0.286403
0.414062 -0.282966
0.388672 -0.27963
0.416016 -0.275782
0.380859 -0.272269
0.427734 -0.269129
0.443359 -0.26529
0.427734 -0.261439
0.443359 -0.257991
0.460938 -0.25499
0.474609 -0.251478
0.46875 -0.247812
0.451172 -0.243672
0.478516 -0.239399
0.400391 -0.235378
0.375 -0.23079
0.380859 -0.226629
0.349609 -0.222597
0.357422 -0.21913
0.371094 -0.215305
0.335938 -0.211793
0.333984 -0.208048
0.283203 -0.204253
0.267578 -0.200266
0.259766 -0.196489
0.273438 -0.192888
0.226562 -0.188876
0.238281 -0.185115
0.201172 -0.180896
0.183594 -0.176178
0.195312 -0.17156
0.210938 -0.167456
0.216797 -0.164247
0.212891 -0.161252
0.257812 -0.157847
0.271484 -0.154311
0.304688 -0.151094
0.212891 -0.148034
0.193359 -0.145795
0.146484 -0.143866
0.136719 -0.142669
0.103516 -0.141347
0.0644531 -0.140342
0.0996094 -0.139863
0.158203 -0.139121
0.121094 -0.138622
0.189453 -0.138408
0.169922 -0.138105
0.138672 -0.137249
0.152344 -0.136393
0.140625 -0.135611
0.160156 -0.135336
0.126953 -0.135426
0.140625 -0.13505
0.130859 -0.134159
0.123047 -0.132792
0.152344 -0.130646
0.140625 -0.127896
0.134766 -0.125629
0.0742188 -0.122465
0.107422 -0.119887
0.0957031 -0.117035
0.152344 -0.114025
0.128906 -0.111418
0.117188 -0.108726
0.138672 -0.106259
0.0996094 -0.103069
0.0917969 -0.0996621
0.0742188 -0.0973892
0.0644531 -0.0951932
0.0664062 -0.0927129
0.0683594 -0.0903323
0.169922 -0.0882923
0.175781 -0.085738
0.193359 -0.0831388
0.232422 -0.0807992
0.222656 -0.078673
0.197266 -0.0771622
0.210938 -0.076009
0.291016 -0.0743917
0.306641 -0.0727077
0.322266 -0.0708779
0.289062 -0.068327
0.322266 -0.0657633
0.310547 -0.0632768
0.324219 -0.0609655
0.320312 -0.0582313
0.324219 -0.0554882
0.328125 -0.0524714
0.316406 -0.0502369
0.326172 -0.0486242
0.369141 -0.0471005
0.308594 -0.0458095
0.345703 -0.0452065
0.337891 -0.043657
0.314453 -0.0425718
0.3125 -0.0419613
0.283203 -0.0415303
0.230469 -0.0410403
0.177734 -0.0406095
0.158203 -0.0399502
0.154297 -0.0398193
0.150391 -0.0402277
0.123047 -0.0403852
0.0742188 -0.040943
0.117188 -0.0413341
0.0957031 -0.0413761
0.00390625 -0.0416638
0.0449219 -0.0417405
0.0117188 -0.0415
0.00585938 -0.0418059
0.0175781 -0.0414528
0.00585938 -0.0415533
0.00976562 -0.0416738
0.0351562 -0.0414742
0.015625 -0.0416741
0.0507812 -0.0419871
0.0507812 -0.0424726
0.00976562 -0.042459
0.0214844 -0.0420479
0.015625 -0.040908
0.0390625 -0.0395161
0.0253906 -0.0376495
0.0566406 -0.0355524
0.0703125 -0.0339963
0.0820312 -0.0328877
0.0664062 -0.0315613
0.015625 -0.0304121
0.03125 -0.0289538
0.0800781 -0.0273845
0.0742188 -0.0257717
0.0449219 -0.0248164
0.0976562 -0.0233412
0.0703125 -0.0218844
0.078125 -0.0205637
0.101562 -0.0187303
0.0507812 -0.0176566
0.105469 -0.0173109
0.146484 -0.0167411
0.105469 -0.0160412
0.128906 -0.0149324
0.144531 -0.013843
0.115234 -0.0132432
0.105469 -0.0122948
0.046875 -0.0106918
0.0722656 -0.010136
0.0859375 -0.0094784
0.0957031 -0.00908072
0.117188 -0.00799711
0.0800781 -0.00761714
0.128906 -0.00672955
0.0976562 -0.00599186
0.0449219 -0.00527975
0.00585938 -0.00493272
0.0390625 -0.0051462
0.0332031 -0.00489801
0.00195312 -0.00451437
0.0136719 -0.00387726
0.00976562 -0.00299401
0.0839844 -0.00161309
0.0683594 0.000646305
0.0605469 0.00290859
0.0195312 0.00483167
0.0234375 0.00674994
0.00976562 0.00821403
0.0117188 0.00966725
0.00195312 0.010935
0.00976562 0.0123636
0.0136719 0.0139593
0.0273438 0.0155036
0.0273438 0.0166795
0.0976562 0.0181696
0.109375 0.0191414
0.158203 0.0198081
0.128906 0.020834
0.119141 0.0221198
0.103516 0.023034
0.167969 0.0248061
0.166016 0.0257008
0.201172 0.0265595
0.226562 0.0273894
0.207031 0.0282557
0.189453 0.0290004
0.181641 0.0292673
0.169922 0.0296374
0.136719 0.0302188
0.0644531 0.0300367
0.0957031 0.0298101
0.0429688 0.0298586
0.078125 0.0287899
0.015625 0.0281532
0.0585938 0.0278981
0.0664062 0.0285219
0.0566406 0.0291402
0.103516 0.0295102
0.144531 0.0295557
0.140625 0.0304945
0.128906 0.0319762
0.138672 0.0337854
0.0976562 0.0354061
0.0664062 0.0364728
0.0859375 0.0374315
0.0644531 0.0385287
0.0488281 0.0396035
0.0117188 0.0406282
0.0234375 0.0420357
0.015625 0.0440034
0.03125 0.0463078
0.0527344 0.048395
0.09375 0.0502348
0.0488281 0.0526333
0.0976562 0.0543018
0.0488281 0.0561399
0.0234375 0.0579091
0.015625 0.0594333
0.0351562 0.0612857
0.00390625 0.0630912
0.00976562 0.0645377
0.015625 0.0658036
0.015625 0.0677206
0.0273438 0.069942
0.0625 0.0718452
0.0273438 0.073716
0.0664062 0.0754842
0 0.0768333
0.0195312 0.0785212
0.0449219 0.0811156
0.0078125 0.0829414
0.0234375 0.0843231
0.0136719 0.0860355
0.078125 0.0874856
0.121094 0.0893907
0.134766 0.0914437
0.138672 0.092968
0.146484 0.094387
0.154297 0.0964979
0.152344 0.0993775
0.140625 0.102591
0.144531 0.105475
0.119141 0.108453
0.0820312 0.111122
0.128906 0.11336
0.0996094 0.115806
0.0585938 0.118652
0.00195312 0.120978
0.03125 0.122176
0.0507812 0.123517
0.03125 0.124801
0.0585938 0.125707
0.0683594 0.127417
0.0957031 0.128398
0.0703125 0.129714
0.0839844 0.131393
0.115234 0.132215
0.136719 0.133584
0.144531 0.135512
0.164062 0.137865
0.132812 0.140418
0.109375 0.142792
0.146484 0.145158
0.15625 0.147576
0.117188 0.150221
0.0878906 0.1529
0.105469 0.155449
0.0664062 0.158066
0.0917969 0.160444
0.0605469 0.161939
0.0761719 0.163702
0.107422 0.166131
0.113281 0.168854
0.0625 0.17149
0.0898438 0.173519
0.152344 0.175494
0.210938 0.177757
0.1875 0.180147
0.263672 0.181158
0.242188 0.18227
0.199219 0.182824
0.179688 0.183567
0.220703 0.184226
0.226562 0.185092
0.234375 0.186344
0.216797 0.187946
0.244141 0.189719
0.222656 0.191799
0.263672 0.193405
0.238281 0.19464
0.199219 0.195466
0.199219 0.196539
0.181641 0.197227
0.216797 0.198758
0.226562 0.199715
0.251953 0.200923
0.267578 0.202545
0.285156 0.204954
0.322266 0.207888
0.341797 0.210479
0.314453 0.213365
0.304688 0.215953
0.3125 0.219086
0.28125 0.221841
0.341797 0.224692
0.371094 0.22744
0.375 0.230206
0.345703 0.232934
0.394531 0.234792
0.353516 0.237087
0.40625 0.23968
0.419922 0.242944
0.361328 0.245464
0.384766 0.247376
0.380859 0.249107
0.341797 0.25084
0.275391 0.252404
0.28125 0.252962
0.300781 0.253924
0.291016 0.254599
0.318359 0.255332
0.318359 0.256119
0.259766 0.25726
0.236328 0.257707
0.226562 0.257399
0.251953 0.257302
0.261719 0.257581
0.302734 0.257564
0.292969 0.257872
0.306641 0.257822
0.349609 0.257333
0.330078 0.257345
0.322266 0.257406
0.298828 0.25764
0.34375 0.256845
0.375 0.256094
0.380859 0.255819
0.349609 0.255881
0.3125 0.255839
0.371094 0.255155
0.339844 0.253853
0.322266 0.253007
0.335938 0.252412
0.318359 0.252044
0.257812 0.251977
0.253906 0.251731
0.257812 0.250767
0.269531 0.249523
0.292969 0.248856
0.271484 0.248052
0.242188 0.247888
0.271484 0.247206
0.292969 0.246532
0.300781 0.245871
0.271484 0.244717
0.253906 0.243616
0.263672 0.242745
0.251953 0.242204
0.273438 0.241712
0.238281 0.242159
0.269531 0.242231
0.269531 0.242909
0.232422 0.24418
0.148438 0.244869
0.177734 0.24522
0.117188 0.24567
0.175781 0.245953
0.15625 0.246918
0.185547 0.248645
0.228516 0.250436
0.21875 0.252108
0.210938 0.254011
0.191406 0.255636
0.146484 0.256657
0.144531 0.257572
0.152344 0.258446
0.140625 0.25852
0.152344 0.258431
0.113281 0.258436
0.0742188 0.257168
0.0332031 0.255667
0.0566406 0.253678
0.0449219 0.251782
0.0742188 0.249656
0.125 0.2477
0.136719 0.246223
0.169922 0.245124
0.181641 0.243538
0.171875 0.241259
0.132812 0.239403
0.128906 0.237793
0.113281 0.236501
0.0605469 0.23426
0.105469 0.231701
0.126953 0.229518
0.0917969 0.227681
0.0664062 0.22648
0.0820312 0.225305
0.0683594 0.224101
0.126953 0.222922
0.117188 0.222246
0.191406 0.221345
0.193359 0.220433
0.152344 0.219714
0.138672 0.21915
0.154297 0.217697
0.167969 0.216839
0.144531 0.215705
0.107422 0.214941
0.0839844 0.214033
0.169922 0.213287
0.183594 0.212467
0.191406 0.211295
0.224609 0.210523
0.271484 0.210241
0.292969 0.209715
0.324219 0.209708
0.296875 0.209768
0.259766 0.209614
0.238281 0.210341
0.175781 0.210573
0.220703 0.210737
0.1875 0.210779
0.216797 0.211116
0.257812 0.210628
0.257812 0.210234
0.224609 0.209416
0.255859 0.208845
0.228516 0.207523
0.220703 0.206315
0.228516 0.204428
0.183594 0.201916
0.203125 0.199206
0.226562 0.197096
0.177734 0.195098
0.1875 0.193201
0.166016 0.191582
0.0957031 0.190112
0.0976562 0.188433
0.113281 0.186856
0.111328 0.186031
0.09375 0.185689
0.119141 0.184768
0.132812 0.183457
0.126953 0.182242
0.138672 0.180175
0.15625 0.178569
0.167969 0.176488
0.205078 0.174523
0.205078 0.172934
0.183594 0.171514
0.195312 0.170086
0.222656 0.16827
0.267578 0.166407
0.294922 0.164818
0.267578 0.163742
0.193359 0.161991
0.134766 0.159981
0.15625 0.15798
0.119141 0.155991
0.0703125 0.154378
0.113281 0.152539
0.132812 0.15135
0.154297 0.149916
0.078125 0.148247
0.0644531 0.145775
0.0917969 0.143385
0.0292969 0.141532
0.0136719 0.13931
0.00390625 0.137435
0.0234375 0.135798
0.0566406 0.135146
0.0449219 0.134642
0.0117188 0.134753
0.0078125 0.13517
0.0253906 0.135557
0.0449219 0.136428
0.0859375 0.137183
0.0351562 0.137929
0.0410156 0.138475
0.0820312 0.139265
0.0507812 0.140624
0.0722656 0.142502
0.109375 0.144163
0.0644531 0.145375
0.0800781 0.146635
0.0703125 0.147279
0.107422 0.147931
0.0996094 0.148373
0.0839844 0.148339
0.105469 0.148236
0.103516 0.148614
0.0703125 0.149187
0.078125 0.149287
0.0996094 0.14957
0.0976562 0.150503
0.0507812 0.151493
0.0429688 0.150894
0.111328 0.150686
0.03125 0.150709
0.0546875 0.150627
0.0410156 0.150751
0.0488281 0.150748
0.0664062 0.151225
0.0722656 0.151275
0.0898438 0.15148
0.0722656 0.152225
0.0644531 0.152685
0.0449219 0.153214
0.0214844 0.153322
0.0488281 0.154895
0.078125 0.157115
0.0644531 0.159229
0.03125 0.161634
0.0078125 0.163448
0.0253906 0.164848
0.015625 0.166607
0.0664062 0.168934
0 0.171974
0.0117188 0.173985
0.0761719 0.176355
0.0527344 0.178978
0.0292969 0.181309
0.0585938 0.182765
0.0625 0.184287
0.0273438 0.185691
0.0429688 0.187511
0.0351562 0.189337
0.046875 0.190975
0.0351562 0.191934
0.0585938 0.193118
0.015625 0.193552
0.00976562 0.193311
0.00195312 0.193414
0.0410156 0.194283
0.0410156 0.194925
0.0117188 0.194972
0.0234375 0.194445
0.0644531 0.194075
0.0253906 0.19438
0.0195312 0.194843
0.0527344 0.195035
0.0976562 0.19603
0.0566406 0.19729
0.101562 0.199515
0.111328 0.201454
0.140625 0.203843
0.1875 0.206679
0.1875 0.209514
0.191406 0.212136
0.191406 0.213948
0.152344 0.215623
0.136719 0.216801
0.175781 0.217995
0.205078 0.218899
0.183594 0.219064
0.166016 0.21912
0.134766 0.219423
0.15625 0.218767
0.164062 0.218812
0.169922 0.219871
0.175781 0.220504
0.179688 0.22124
0.207031 0.221546
0.179688 0.222204
0.134766 0.222427
0.121094 0.22305
0.105469 0.223075
0.046875 0.223561
0.0253906 0.224063
0.0117188 0.223122
0.0078125 0.222688
0.03125 0.221523
0.00976562 0.220695
0.00195312 0.219583
0.0371094 0.218046
0.0253906 0.216753
0.0292969 0.215271
0.0234375 0.213405
0.046875 0.210355
0.113281 0.2072
0.164062 0.204927
0.179688 0.202688
0.144531 0.201008
0.134766 0.19971
0.175781 0.197404
0.166016 0.195364
0.142578 0.192936
0.09375 0.190302
0.0742188 0.18772
0.0605469 0.184684
0.0234375 0.18213
0.0527344 0.179611
0.0625 0.176888
0.0703125 0.173483
0.107422 0.170818
0.123047 0.167652
0.144531 0.164437
0.130859 0.161892
0.132812 0.159095
0.115234 0.15578
0.126953 0.152063
0.150391 0.14846
0.207031 0.144717
0.173828 0.140964
0.1875 0.137093
0.242188 0.13317
0.195312 0.12907
0.162109 0.125456
0.177734 0.122274
0.136719 0.119119
0.113281 0.115699
0.0917969 0.112538
0.0683594 0.109466
0.00195312 0.105612
0.0078125 0.101288
0.0722656 0.0970959
0.0742188 0.0935413
0.0625 0.0911758
0.0644531 0.0891155
0.0566406 0.0879065
0.0859375 0.0869611
0.0742188 0.0851833
0.0820312 0.0837793
0.132812 0.0821252
0.148438 0.0810089
0.175781 0.0800614
0.132812 0.078953
0.132812 0.0779724
0.142578 0.0770577
0.193359 0.0755367
0.162109 0.074302
0.162109 0.0727829
0.134766 0.0706529
0.0976562 0.0680806
0.0878906 0.0649695
0.0976562 0.0612534
0.0839844 0.0570304
0.0371094 0.0527504
0.0292969 0.0482373
0.03125 0.0442917
0.0117188 0.040774
0.00390625 0.0363882
0.0136719 0.0323139
0.0273438 0.0279435
0.0839844 0.0234144
0.0800781 0.0188834
0.0488281 0.0151319
0.0859375 0.0118192
0.115234 0.00848922
0.109375 0.00577846
0.0664062 0.00324719
0.117188 0.00116483
0.0898438 -0.00067615
0.136719 -0.00280762
0.195312 -0.00442999
0.138672 -0.00669821
0.164062 -0.00854103
0.158203 -0.010442
0.117188 -0.0116541
0.140625 -0.0124378
0.134766 -0.0126558
0.0976562 -0.012853
0.0878906 -0.0142235
0.0234375 -0.0149651
0.0136719 -0.0163505
0.0253906 -0.0175597
0.0175781 -0.0186309
0.0664062 -0.0199538
0.0585938 -0.0207606
0.0664062 -0.0213362
0 -0.0224795
0.0195312 -0.0226443
0.0117188 -0.024272
0.03125 -0.0265478
0.078125 -0.0286855
0.0507812 -0.0307374
0.0175781 -0.0330333
0.0683594 -0.0354069
0.0683594 -0.03655
0.0644531 -0.037137
0.0761719 -0.0379829
0.105469 -0.0379649
0.0253906 -0.0386358
0.0429688 -0.0390794
0.046875 -0.0388899
0.0390625 -0.0387225
0.046875 -0.0385331
0.0507812 -0.0378465
0.0214844 -0.0360938
0.00390625 -0.0345074
0.0273438 -0.0336279
0.00195312 -0.0332719
0.0214844 -0.0332357
0.0410156 -0.0335249
0.0273438 -0.0330493
0.0488281 -0.0323914
0.0605469 -0.0317957
0.0292969 -0.0321648
0.0078125 -0.032474
0.00390625 -0.0327549
0.0214844 -0.0330794
0.0253906 -0.0333233
0.0722656 -0.0331323
0.0410156 -0.0322557
0.00195312 -0.0320168
0.0136719 -0.0320964
0.0449219 -0.0319595
0.0449219 -0.032038
0.0488281 -0.0320149
0.0585938 -0.0324399
0.0410156 -0.0324344
0.0507812 -0.0323969
0.0820312 -0.0317295
0.0878906 -0.030771
0.0273438 -0.0304177
0.0117188 -0.0306754
0.00195312 -0.0300952
0.00195312 -0.0291406
0.03125 -0.0284101
0.0566406 -0.0271353
0.0820312 -0.0257524
0.0664062 -0.0251256
0.0898438 -0.0250621
0.126953 -0.0247111
0.119141 -0.0245298
0.101562 -0.0249311
0.136719 -0.0253246
0.162109 -0.0253419
0.136719 -0.0249036
0.09375 -0.0250923
0.109375 -0.0256754
0.166016 -0.0265691
0.230469 -0.0271021
0.195312 -0.0269086
0.177734 -0.0272638
0.179688 -0.0279211
0.136719 -0.029331
0.140625 -0.030921
0.103516 -0.0326449
0.0488281 -0.0343511
0.0351562 -0.0354986
0.015625 -0.0373149
0.0234375 -0.0395508
0.0683594 -0.0414081
0.0664062 -0.0431807
0.0722656 -0.0444856
0.0800781 -0.0458539
0.0839844 -0.0463489
0.0898438 -0.0463243
0.0878906 -0.0463803
0.0722656 -0.046896
0.0761719 -0.0470247
0.101562 -0.0472791
0.0722656 -0.0475234
0.0332031 -0.0485665
0.0820312 -0.0494558
0.0859375 -0.0500885
0.0136719 -0.0506783
0.0839844 -0.0513341
0.0976562 -0.0517441
0.0957031 -0.0525722
0.0839844 -0.0536823
0.0859375 -0.0549381
0.146484 -0.0562638
0.148438 -0.0586557
0.125 -0.0607412
0.119141 -0.0629776
0.0898438 -0.065116
0.152344 -0.066934
0.224609 -0.0692138
0.152344 -0.0713032
0.175781 -0.0740624
0.148438 -0.0764921
0.132812 -0.0790361
0.136719 -0.0813973
0.0566406 -0.0847526
0.0917969 -0.087935
0.0664062 -0.091459
0.134766 -0.0945029
0.128906 -0.0974786
0.183594 -0.100558
0.177734 -0.103187
0.201172 -0.106291
0.226562 -0.109793
0.273438 -0.112159
0.212891 -0.115195
0.261719 -0.11791
0.294922 -0.12066
0.242188 -0.123456
0.277344 -0.126841
0.324219 -0.12988
0.361328 -0.132826
0.345703 -0.134077
0.326172 -0.135984
0.355469 -0.137676
0.337891 -0.139901
0.291016 -0.142214
0.248047 -0.145145
0.257812 -0.147876
0.236328 -0.149931
0.238281 -0.151774
0.324219 -0.153976
0.25 -0.155638
0.251953 -0.157848
0.246094 -0.160523
0.236328 -0.163533
0.265625 -0.166722
0.3125 -0.169223
0.289062 -0.171715
0.283203 -0.173768
0.302734 -0.17623
0.314453 -0.178837
0.376953 -0.181154
0.341797 -0.183158
0.369141 -0.185442
0.392578 -0.186547
0.447266 -0.18764
0.490234 -0.188322
0.515625 -0.189688
0.46875 -0.190321
0.441406 -0.191129
0.462891 -0.191831
0.457031 -0.19283
0.457031 -0.193666
0.476562 -0.195502
0.486328 -0.197025
0.492188 -0.198725
0.445312 -0.200012
0.488281 -0.201381
0.449219 -0.202489
0.462891 -0.203491
0.480469 -0.204916
0.445312 -0.206022
0.451172 -0.207236
0.488281 -0.208575
0.521484 -0.209677
0.505859 -0.210576
0.421875 -0.211524
0.392578 -0.212607
0.392578 -0.213922
0.337891 -0.214926
0.353516 -0.216377
0.357422 -0.217461
0.353516 -0.219004
0.386719 -0.220311
0.421875 -0.221867
0.353516 -0.22294
0.359375 -0.223194
0.318359 -0.222969
0.314453 -0.223054
0.292969 -0.223485
0.292969 -0.223667
0.306641 -0.224144
0.298828 -0.224369
0.300781 -0.224559
0.306641 -0.22448
0.230469 -0.223701
0.263672 -0.223706
0.306641 -0.223269
0.322266 -0.222887
0.283203 -0.221782
0.289062 -0.220664
0.351562 -0.220428
0.341797 -0.220061
0.332031 -0.219612
0.328125 -0.218993
0.279297 -0.218746
0.310547 -0.218055
0.332031 -0.21782
0.341797 -0.217051
0.378906 -0.215894
0.398438 -0.214162
0.384766 -0.211476
0.320312 -0.20997
0.341797 -0.208972
0.353516 -0.209125
0.337891 -0.209152
0.324219 -0.208998
0.291016 -0.209672
0.289062 -0.209437
0.222656 -0.209187
0.197266 -0.208973
0.189453 -0.208568
0.171875 -0.208834
0.126953 -0.209364
0.150391 -0.209855
0.0957031 -0.210863
0.0878906 -0.211888
0.0175781 -0.212409
0.015625 -0.213268
0.00195312 -0.21388
0 -0.214084
0.0351562 -0.21466
0.0117188 -0.214706
0.0078125 -0.214554
0.0078125 -0.214954
0.0566406 -0.215795
0.015625 -0.21612
0.015625 -0.216685
0.0371094 -0.2169
0.0625 -0.216397
0.0917969 -0.215699
0.0878906 -0.214788
0.00585938 -0.213865
0.0527344 -0.213572
0.0429688 -0.212571
0.0214844 -0.211935
0.0429688 -0.211074
0.0273438 -0.210854
0.0253906 -0.211011
0.0078125 -0.212249
0.00390625 -0.213837
0.046875 -0.215248
0.015625 -0.216189
0.0625 -0.218191
0.00390625 -0.21976
0.00390625 -0.222472
0.0214844 -0.224472
0.00976562 -0.224882
0.0722656 -0.225064
0.0996094 -0.224578
0.107422 -0.223797
0.128906 -0.222925
0.109375 -0.221003
0.0644531 -0.219899
0.0878906 -0.218425
0.121094 -0.216482
0.164062 -0.214128
0.125 -0.21182
0.138672 -0.209776
0.0996094 -0.207383
0.0488281 -0.205159
0.0742188 -0.203019
0.107422 -0.201222
0.0820312 -0.198829
0.0703125 -0.196356
0.0664062 -0.194374
0.0722656 -0.192642
0.0742188 -0.191709
0.0820312 -0.192003
0.0742188 -0.19206
0.0703125 -0.192116
0.0917969 -0.191501
0.0957031 -0.190886
0.0683594 -0.190949
0.0664062 -0.190766
0.0820312 -0.190465
0.111328 -0.189491
0.0742188 -0.188989
0.0585938 -0.188705
0.0820312 -0.188795
0.09375 -0.188535
0.134766 -0.188044
0.134766 -0.187876
0.119141 -0.18792
0.0566406 -0.186802
0.0996094 -0.18553
0.142578 -0.184201
0.189453 -0.182284
0.265625 -0.180596
0.300781 -0.179097
0.273438 -0.177541
0.337891 -0.176616
0.347656 -0.174711
0.378906 -0.172235
0.384766 -0.169637
0.351562 -0.167019
0.333984 -0.163753
0.369141 -0.160614
0.378906 -0.156572
0.412109 -0.153437
0.396484 -0.150371
0.380859 -0.146421
0.339844 -0.143917
0.353516 -0.141672
0.320312 -0.139242
0.310547 -0.136493
0.289062 -0.134212
0.308594 -0.132705
0.285156 -0.131523
0.292969 -0.130172
0.263672 -0.128658
0.236328 -0.126818
0.232422 -0.124395
0.232422 -0.121654
0.191406 -0.119491
0.197266 -0.117515
0.214844 -0.115514
0.208984 -0.11389
0.167969 -0.112134
0.208984 -0.110522
0.232422 -0.108619
0.246094 -0.106476
0.238281 -0.105183
0.226562 -0.102998
0.228516 -0.1008
0.238281 -0.0982296
0.207031 -0.0950916
0.181641 -0.0917804
0.177734 -0.0887815
0.201172 -0.0856548
0.199219 -0.0828446
0.199219 -0.0795503
0.251953 -0.0765089
0.296875 -0.0733392
0.300781 -0.0705992
0.273438 -0.0671517
0.302734 -0.062654
0.267578 -0.0582546
0.263672 -0.0537397
0.330078 -0.0490714
0.376953 -0.0437726
0.378906 -0.0393081
0.359375 -0.0352664
0.351562 -0.0305931
0.375 -0.0260351
0.382812 -0.0214342
0.380859 -0.0177239
0.357422 -0.0140986
0.361328 -0.0103291
0.353516 -0.00602874
0.324219 -0.000379145
0.357422 0.0057791
0.376953 0.0118003
0.386719 0.0175976
0.380859 0.0230455
0.404297 0.0276117
0.433594 0.0318559
0.394531 0.0368989
0.429688 0.0412908
0.417969 0.0455762
0.447266 0.0492607
0.441406 0.0537247
0.412109 0.0584667
0.404297 0.0634466
0.462891 0.0688179
0.458984 0.0735604
0.427734 0.0775945
0.416016 0.0813974
0.462891 0.0849468
0.445312 0.088906
0.421875 0.0930764
0.435547 0.096547
0.427734 0.0991518
0.4375 0.10193
0.427734 0.104405
0.447266 0.10715
0.445312 0.109919
0.410156 0.112299
0.382812 0.114711
0.373047 0.116096
0.378906 0.117495
0.376953 0.117912
0.460938 0.118315
0.466797 0.119461
0.441406 0.120288
0.439453 0.120439
0.427734 0.120465
0.421875 0.120996
0.449219 0.120733
0.474609 0.120782
0.460938 0.120778
0.480469 0.121161
0.490234 0.121882
0.486328 0.122507
0.486328 0.122577
0.474609 0.121894
0.519531 0.121445
0.462891 0.121283
0.501953 0.120521
0.478516 0.120499
0.474609 0.120267
0.421875 0.119098
0.429688 0.118261
0.408203 0.118237
0.400391 0.118321
0.451172 0.119107
0.441406 0.120126
0.474609 0.120416
0.484375 0.121057
0.466797 0.122746
0.478516 0.123496
0.53125 0.123977
0.550781 0.125234
0.515625 0.126413
0.544922 0.12739
0.568359 0.128739
0.556641 0.129981
0.574219 0.131098
0.564453 0.131802
0.619141 0.131518
0.570312 0.131662
0.552734 0.131529
0.542969 0.13076
0.523438 0.13038
0.53125 0.129326
0.525391 0.12833
0.535156 0.127854
0.517578 0.127066
0.507812 0.12654
0.486328 0.126599
0.476562 0.125998
0.572266 0.125015
0.539062 0.124613
0.513672 0.124303
0.527344 0.124327
0.533203 0.12456
0.535156 0.124763
0.589844 0.124297
0.568359 0.124442
0.658203 0.123798
0.669922 0.12276
0.708984 0.122611
0.685547 0.122341
0.708984 0.122243
0.697266 0.122845
0.699219 0.12321
0.699219 0.123364
0.699219 0.123539
0.714844 0.123659
0.736328 0.124561
0.740234 0.125664
0.708984 0.126116
0.695312 0.126575
0.681641 0.127179
0.681641 0.127933
0.677734 0.128579
0.662109 0.12813
0.685547 0.127068
0.667969 0.126287
0.65625 0.125015
0.679688 0.123649
0.685547 0.122841
0.699219 0.121612
0.6875 0.12166
0.693359 0.122117
0.673828 0.122459
0.697266 0.123166
0.669922 0.12345
0.673828 0.123129
0.625 0.122634
0.646484 0.121798
0.636719 0.121396
0.634766 0.120997
0.667969 0.120467
0.662109 0.120273
0.640625 0.119774
0.630859 0.118618
0.626953 0.117131
0.662109 0.115948
0.646484 0.114557
0.660156 0.113926
0.599609 0.113149
0.667969 0.11245
0.666016 0.11124
0.693359 0.110197
0.660156 0.108935
0.652344 0.107357
0.660156 0.105827
0.662109 0.104219
0.691406 0.10256
0.652344 0.100785
0.685547 0.0986849
0.671875 0.0965194
0.699219 0.0953152
0.658203 0.0946568
0.632812 0.0947477
0.658203 0.0943522
0.714844 0.0944137
0.720703 0.0952743
0.683594 0.0964278
0.748047 0.0974622
0.734375 0.0988896
0.716797 0.10047
0.664062 0.101682
0.6875 0.102368
0.693359 0.103057
0.650391 0.103614
0.6875 0.103629
0.654297 0.10317
0.685547 0.101913
0.650391 0.101914
0.611328 0.101239
0.652344 0.101291
0.607422 0.101529
0.626953 0.101301
0.662109 0.101053
0.697266 0.10149
0.705078 0.102244
0.677734 0.103314
0.685547 0.10371
0.697266 0.104458
0.714844 0.104403
0.724609 0.104784
0.730469 0.104775
0.734375 0.104688
0.732422 0.104953
0.710938 0.105292
0.714844 0.105675
0.673828 0.105731
0.705078 0.105025
0.675781 0.104932
0.695312 0.104371
0.673828 0.103577
0.710938 0.102365
0.679688 0.102342
0.707031 0.103544
0.691406 0.105511
0.671875 0.10769
0.699219 0.109102
0.751953 0.110689
0.726562 0.112778
0.736328 0.114969
0.755859 0.117025
0.794922 0.118319
0.804688 0.120301
0.771484 0.122799
0.771484 0.124921
0.794922 0.127129
0.808594 0.128887
0.824219 0.131176
0.794922 0.133829
0.757812 0.137159
0.753906 0.139695
0.787109 0.142492
0.806641 0.144909
0.828125 0.147368
0.828125 0.149779
0.802734 0.152489
0.777344 0.154814
0.810547 0.15704
0.8125 0.159553
0.789062 0.161593
0.792969 0.163357
0.744141 0.16447
0.738281 0.165873
0.810547 0.167399
0.779297 0.168588
0.751953 0.168929
0.732422 0.169314
0.742188 0.16934
0.757812 0.169796
0.707031 0.170668
0.707031 0.171393
0.730469 0.171627
0.763672 0.170813
0.789062 0.170083
0.767578 0.170163
0.730469 0.169618
0.724609 0.169306
0.720703 0.169166
0.705078 0.16894
0.740234 0.169499
0.714844 0.170466
0.726562 0.170503
0.732422 0.17066
0.763672 0.171069
0.759766 0.17226
0.773438 0.173348
0.755859 0.174214
0.707031 0.17516
0.675781 0.174833
0.671875 0.175702
0.636719 0.175905
0.689453 0.175578
0.714844 0.175864
0.720703 0.175498
0.695312 0.175408
0.693359 0.175544
0.699219 0.17539
0.683594 0.174572
0.728516 0.173991
0.703125 0.173587
0.716797 0.172912
0.730469 0.172492
0.728516 0.171476
0.726562 0.171379
0.699219 0.171882
0.701172 0.172019
0.669922 0.171807
0.632812 0.172148
0.628906 0.172759
0.613281 0.17321
0.611328 0.173338
0.646484 0.173779
0.640625 0.173782
0.615234 0.173945
0.621094 0.173211
0.59375 0.172117
0.589844 0.171177
0.632812 0.170075
0.650391 0.168653
0.638672 0.167911
0.628906 0.167273
0.597656 0.167602
0.617188 0.166841
0.664062 0.165671
0.669922 0.16499
0.642578 0.164949
0.613281 0.16487
0.652344 0.163721
0.634766 0.163381
0.628906 0.163832
0.605469 0.164337
0.548828 0.164769
0.576172 0.163952
0.589844 0.163289
0.53125 0.162055
0.501953 0.160549
0.527344 0.159599
0.550781 0.158255
0.607422 0.157058
0.564453 0.156936
0.591797 0.156814
0.539062 0.157623
0.537109 0.158926
0.560547 0.16042
0.589844 0.162026
0.632812 0.164041
0.671875 0.166189
0.628906 0.167631
0.673828 0.169807
0.671875 0.172101
0.630859 0.173837
0.625 0.17414
0.611328 0.175004
0.580078 0.17542
0.599609 0.175433
0.580078 0.176407
0.576172 0.177085
0.595703 0.17717
0.603516 0.176507
0.626953 0.176423
0.642578 0.175808
0.615234 0.175917
0.580078 0.176063
0.542969 0.176494
0.509766 0.176823
0.519531 0.177475
0.529297 0.177817
0.546875 0.178312
0.548828 0.179579
0.503906 0.180563
0.527344 0.181897
0.539062 0.184093
0.498047 0.185705
0.560547 0.188095
0.525391 0.190993
0.494141 0.193206
0.505859 0.195707
0.498047 0.199184
0.492188 0.202764
0.517578 0.205547
0.507812 0.209463
0.490234 0.213429
0.513672 0.217875
0.542969 0.222241
0.603516 0.225886
0.583984 0.229459
0.640625 0.231596
0.660156 0.233851
0.650391 0.235482
0.669922 0.236007
0.589844 0.236823
0.542969 0.237619
0.519531 0.237272
0.496094 0.237327
0.470703 0.238245
0.453125 0.237738
0.486328 0.236944
0.501953 0.235383
0.525391 0.234999
0.527344 0.234494
0.494141 0.233839
0.476562 0.232979
0.484375 0.231404
0.441406 0.230063
0.443359 0.228753
0.4375 0.227704
0.466797 0.226159
0.447266 0.224901
0.423828 0.222927
0.447266 0.221118
0.474609 0.219314
0.427734 0.216599
0.474609 0.21465
0.447266 0.212733
0.449219 0.211241
0.445312 0.209723
0.416016 0.20806
0.388672 0.20619
0.369141 0.204504
0.386719 0.202125
0.396484 0.19942
0.388672 0.197166
0.373047 0.194717
0.376953 0.192185
0.298828 0.188927
0.330078 0.185531
0.3125 0.182042
0.304688 0.178716
0.287109 0.176154
0.267578 0.174433
0.294922 0.172534
0.355469 0.171559
0.335938 0.171497
0.3125 0.172323
0.310547 0.173385
0.292969 0.173926
0.308594 0.173425
0.294922 0.171212
0.265625 0.168356
0.263672 0.166071
0.255859 0.163757
0.287109 0.160918
0.300781 0.159226
0.3125 0.15844
0.330078 0.15723
0.326172 0.155548
0.365234 0.153809
0.400391 0.152947
0.373047 0.153273
0.316406 0.15282
0.347656 0.151417
0.359375 0.15029
0.324219 0.149104
0.355469 0.148035
0.335938 0.147318
0.304688 0.145997
0.285156 0.144734
0.248047 0.14304
0.240234 0.141659
0.238281 0.139831
0.248047 0.137051
0.261719 0.134868
0.201172 0.132538
0.181641 0.130395
0.148438 0.12798
0.154297 0.125077
0.173828 0.122008
0.15625 0.118623
0.208984 0.115449
0.220703 0.113396
0.226562 0.110928
0.265625 0.108144
0.285156 0.105417
0.287109 0.10397
0.251953 0.101913
0.248047 0.0995297
0.271484 0.0967156
0.269531 0.0945271
0.257812 0.0928117
0.246094 0.0916701
0.244141 0.0903978
0.248047 0.0905874
0.25 0.0913617
0.21875 0.0915024
0.226562 0.0912761
0.242188 0.0916054
0.234375 0.0929452
0.199219 0.0934635
0.226562 0.0923969
0.21875 0.0911993
0.220703 0.090352
0.212891 0.0908696
0.183594 0.0904486
0.226562 0.0895817
0.189453 0.0894042
0.148438 0.0877019
0.177734 0.0866117
0.167969 0.0859675
0.162109 0.0859301
0.173828 0.0862375
0.189453 0.0871522
0.208984 0.087905
0.201172 0.0884324
0.185547 0.0883777
0.214844 0.0880602
0.234375 0.0889716
0.177734 0.0903015
0.171875 0.0909648
0.140625 0.0914227
0.128906 0.0911783
0.169922 0.0915722
0.154297 0.0925353
0.130859 0.0927837
0.160156 0.0930878
0.164062 0.0946622
0.150391 0.0954318
0.1875 0.0962168
0.181641 0.097188
0.15625 0.0977084
0.177734 0.0977708
0.222656 0.0968397
0.185547 0.0967913
0.224609 0.0969818
0.199219 0.097215
0.201172 0.0965042
0.21875 0.095959
0.146484 0.0964981
0.150391 0.096691
0.21875 0.0971334
0.212891 0.0977049
0.259766 0.0981038
0.224609 0.0996069
0.210938 0.100901
0.201172 0.102333
0.203125 0.103625
0.226562 0.105033
0.146484 0.105687
0.130859 0.105965
0.146484 0.106245
0.138672 0.104588
0.148438 0.102729
0.162109 0.100366
0.207031 0.0985775
0.212891 0.0970319
0.267578 0.0959617
0.287109 0.0958565
0.292969 0.0955853
0.273438 0.0953769
0.226562 0.095683
0.222656 0.095716
0.160156 0.0962459
0.162109 0.0965117
0.134766 0.0970576
0.15625 0.0967529
0.152344 0.0962404
0.169922 0.0951762
0.107422 0.0942672
0.150391 0.0925805
0.150391 0.0909738
0.179688 0.0888203
0.199219 0.0873383
0.244141 0.0862716
0.248047 0.0851647
0.205078 0.0843101
0.173828 0.0833071
0.140625 0.0810392
0.123047 0.0781171
0.119141 0.0755673
0.136719 0.0734575
0.154297 0.0712498
0.152344 0.0682637
0.128906 0.0657724
0.09375 0.062776
0.0703125 0.0597526
0.046875 0.0566126
0.0683594 0.0535718
0.0820312 0.0519395
0.00195312 0.0508282
0.0488281 0.0492253
0.09375 0.0482205
0.158203 0.0467967
0.181641 0.0449761
0.210938 0.043265
0.195312 0.0417637
0.197266 0.041191
0.185547 0.0397832
0.220703 0.0388917
0.208984 0.0383421
0.195312 0.0371951
0.193359 0.0349655
0.253906 0.0324062
0.271484 0.0303442
0.257812 0.0275697
0.277344 0.0239903
0.324219 0.0209068
0.369141 0.0185769
0.363281 0.0172639
0.34375 0.0157448
0.316406 0.0137849
0.292969 0.0121198
0.257812 0.0111191
0.259766 0.0100519
0.224609 0.00901126
0.246094 0.00829745
0.248047 0.00802152
0.253906 0.00908521
0.238281 0.00916076
0.236328 0.00907477
0.199219 0.0108072
0.203125 0.0120299
0.189453 0.0130578
0.238281 0.0134233
0.203125 0.0151184
0.201172 0.0163831
0.214844 0.0174267
0.191406 0.0193144
0.273438 0.0214044
0.285156 0.0234304
0.339844 0.0253015
0.355469 0.0278311
0.404297 0.0304701
0.388672 0.0331439
0.369141 0.0361355
0.285156 0.0390092
0.253906 0.0405065
0.25 0.0400618
0.269531 0.0400474
0.253906 0.0396881
0.291016 0.0400727
0.277344 0.0393141
0.232422 0.039094
0.25 0.0383653
0.289062 0.037406
0.298828 0.0377998
0.257812 0.0379568
0.292969 0.0387685
0.255859 0.0394678
0.289062 0.0396865
0.287109 0.0403131
0.255859 0.0397097
0.251953 0.0378442
0.255859 0.0361298
0.232422 0.0350918
0.273438 0.0316589
0.275391 0.0289886
0.310547 0.0265311
0.291016 0.0246739
0.306641 0.0229729
0.320312 0.0216508
0.291016 0.0206259
0.285156 0.0187925
0.34375 0.0176673
0.388672 0.0165223
0.386719 0.0158219
0.382812 0.0155733
0.417969 0.0152453
0.378906 0.0165564
0.347656 0.0175491
0.380859 0.0173878
0.388672 0.0177467
0.365234 0.0178848
0.351562 0.0187539
0.390625 0.0190497
0.40625 0.0192167
0.402344 0.0194285
0.455078 0.0199852
0.453125 0.0211056
0.460938 0.0218469
0.398438 0.0222802
0.388672 0.0214671
0.447266 0.0208188
0.447266 0.0218083
0.443359 0.0228566
0.474609 0.0229702
0.466797 0.0237303
0.423828 0.0252878
0.378906 0.0255983
0.419922 0.0254068
0.423828 0.0244462
0.458984 0.0238316
0.476562 0.023926
0.408203 0.0237304
0.351562 0.0232434
0.355469 0.0224052
0.351562 0.0218156
0.376953 0.0207796
0.324219 0.0206279
0.310547 0.0206762
0.306641 0.0198772
0.3125 0.0180064
0.316406 0.0153448
0.283203 0.0124754
0.275391 0.00936918
0.302734 0.00627988
0.318359 0.00321528
0.287109 0.000145443
0.285156 -0.00201985
0.251953 -0.00469985
0.232422 -0.00838138
0.292969 -0.0122931
0.283203 -0.0154136
0.251953 -0.0187586
0.238281 -0.0228452
0.277344 -0.0264612
0.308594 -0.0300367
0.337891 -0.0331303
0.369141 -0.0359638
0.359375 -0.0374852
0.363281 -0.0402528
0.384766 -0.0431278
0.369141 -0.0459234
0.332031 -0.0484041
0.310547 -0.0513141
0.349609 -0.0552365
0.376953 -0.0587256
0.363281 -0.0613466
0.34375 -0.0646127
0.408203 -0.0676543
0.427734 -0.0715382
0.429688 -0.0734
0.404297 -0.0764717
0.341797 -0.0786474
0.353516 -0.0810244
0.361328 -0.0834958
0.367188 -0.0858552
0.386719 -0.0865538
0.369141 -0.0882028
0.341797 -0.0914262
0.341797 -0.0942712
0.285156 -0.097152
0.25 -0.100236
0.244141 -0.104173
0.253906 -0.108392
0.222656 -0.112504
0.226562 -0.117544
0.220703 -0.121733
0.232422 -0.127656
0.3125 -0.133888
0.316406 -0.139254
0.271484 -0.143976
0.318359 -0.149837
0.291016 -0.155825
0.285156 -0.162109
0.25 -0.16831
0.253906 -0.174705
0.251953 -0.180736
0.271484 -0.186407
0.263672 -0.192152
0.248047 -0.198069
0.287109 -0.204749
0.259766 -0.21054
0.275391 -0.215976
0.28125 -0.220227
0.232422 -0.224992
0.232422 -0.229339
0.224609 -0.233157
0.226562 -0.236221
0.251953 -0.238219
0.230469 -0.239566
0.220703 -0.240811
0.306641 -0.242103
0.292969 -0.241584
0.300781 -0.241321
0.298828 -0.240238
0.298828 -0.237526
0.287109 -0.235327
0.275391 -0.233636
0.357422 -0.233992
0.347656 -0.234152
0.330078 -0.233469
0.345703 -0.231282
0.376953 -0.229935
0.384766 -0.228499
0.375 -0.224846
0.341797 -0.221052
0.355469 -0.216265
0.361328 -0.211527
0.396484 -0.207293
0.390625 -0.203238
0.384766 -0.19979
0.398438 -0.196201
0.414062 -0.193143
0.357422 -0.189615
0.394531 -0.187634
0.384766 -0.184487
0.378906 -0.181342
0.425781 -0.177973
0.378906 -0.174375
0.419922 -0.171125
0.412109 -0.166371
0.390625 -0.16233
0.371094 -0.157901
0.345703 -0.154324
0.347656 -0.150066
0.359375 -0.144584
0.369141 -0.138986
0.392578 -0.13262
0.402344 -0.126449
0.388672 -0.119525
0.369141 -0.113687
0.419922 -0.108522
0.417969 -0.104231
0.400391 -0.101485
0.353516 -0.0979985
0.308594 -0.0963795
0.34375 -0.0949004
0.337891 -0.0937281
0.341797 -0.0927562
0.332031 -0.0916658
0.324219 -0.0913965
0.332031 -0.0916332
0.347656 -0.0915784
0.330078 -0.0909853
0.289062 -0.0915391
0.365234 -0.0926023
0.326172 -0.0921955
0.332031 -0.0926836
0.279297 -0.0927243
0.324219 -0.0928678
0.320312 -0.0932016
0.351562 -0.0950221
0.320312 -0.0953919
0.339844 -0.0968296
0.34375 -0.0990373
0.332031 -0.101117
0.371094 -0.103751
0.367188 -0.105726
0.441406 -0.109162
0.447266 -0.111224
0.453125 -0.113272
0.453125 -0.11404
0.359375 -0.115834
0.386719 -0.12001
0.433594 -0.124244
0.441406 -0.12696
0.455078 -0.128914
0.4375 -0.130753
0.425781 -0.132687
0.376953 -0.135225
0.400391 -0.136964
0.363281 -0.138933
0.396484 -0.141149
0.396484 -0.14262
0.472656 -0.144929
0.447266 -0.146308
0.416016 -0.149482
0.421875 -0.152887
0.443359 -0.15543
0.455078 -0.156726
0.474609 -0.1587
0.523438 -0.161149
0.525391 -0.163802
0.507812 -0.1677
0.511719 -0.172371
0.515625 -0.176757
0.503906 -0.181289
0.494141 -0.186108
0.521484 -0.191587
0.505859 -0.195424
0.535156 -0.199585
0.548828 -0.202553
0.607422 -0.204268
0.603516 -0.204684
0.599609 -0.203463
0.583984 -0.202039
0.603516 -0.200121
0.595703 -0.197954
0.591797 -0.19705
0.613281 -0.195943
0.591797 -0.193832
0.535156 -0.192349
0.537109 -0.19192
0.503906 -0.192037
0.558594 -0.192082
0.574219 -0.192339
0.564453 -0.19285
0.552734 -0.193365
0.544922 -0.193209
0.546875 -0.195111
0.589844 -0.195924
0.576172 -0.197061
0.541016 -0.197871
0.519531 -0.198808
0.554688 -0.199518
0.576172 -0.199383
0.589844 -0.199173
0.582031 -0.198375
0.558594 -0.198071
0.521484 -0.198061
0.501953 -0.199129
0.533203 -0.200169
0.529297 -0.201446
0.548828 -0.203001
0.519531 -0.203993
0.509766 -0.205715
0.509766 -0.208342
0.494141 -0.210187
0.453125 -0.212458
0.486328 -0.215164
0.515625 -0.218287
0.539062 -0.220972
0.583984 -0.223696
0.628906 -0.224679
0.623047 -0.225633
0.595703 -0.227954
0.662109 -0.230254
0.65625 -0.231087
0.662109 -0.23157
0.609375 -0.231313
0.597656 -0.233571
0.576172 -0.234888
0.591797 -0.236275
0.501953 -0.235885
0.470703 -0.236939
0.474609 -0.237085
0.501953 -0.238552
0.505859 -0.24036
0.503906 -0.241439
0.517578 -0.243376
0.503906 -0.247303
0.496094 -0.249488
0.498047 -0.253555
0.462891 -0.258202
0.484375 -0.263385
0.451172 -0.26912
0.472656 -0.275236
0.507812 -0.280785
0.474609 -0.285666
0.501953 -0.288996
0.496094 -0.292037
0.503906 -0.294523
0.5 -0.297501
0.490234 -0.299261
0.533203 -0.30133
0.554688 -0.301583
0.542969 -0.300838
0.498047 -0.30145
0.527344 -0.301746
0.546875 -0.301402
0.519531 -0.300268
0.560547 -0.299625
0.595703 -0.299434
0.595703 -0.297686
0.589844 -0.294566
0.560547 -0.291461
0.589844 -0.289832
0.601562 -0.288524
0.615234 -0.285565
0.609375 -0.283089
0.580078 -0.279988
0.605469 -0.277759
0.539062 -0.274638
0.509766 -0.273135
0.525391 -0.270852
0.501953 -0.268159
0.542969 -0.26665
0.533203 -0.26456
0.478516 -0.261793
0.5 -0.259169
0.449219 -0.256763
0.482422 -0.254793
0.466797 -0.251525
0.425781 -0.246396
0.447266 -0.24145
0.451172 -0.236682
0.458984 -0.23171
0.474609 -0.226468
0.527344 -0.220775
0.552734 -0.215624
0.566406 -0.209619
0.601562 -0.202548
0.568359 -0.194778
0.548828 -0.18736
0.521484 -0.180452
0.486328 -0.174823
0.445312 -0.170657
0.427734 -0.16821
0.445312 -0.166952
0.421875 -0.166531
0.398438 -0.165007
0.335938 -0.164223
0.351562 -0.164206
0.347656 -0.164148
0.302734 -0.162235
0.253906 -0.160679
0.240234 -0.159082
0.326172 -0.156905
0.328125 -0.155106
0.332031 -0.153086
0.289062 -0.15084
0.263672 -0.148541
0.279297 -0.145175
0.259766 -0.142132
0.28125 -0.138486
0.287109 -0.133861
0.302734 -0.130785
0.269531 -0.128546
0.259766 -0.127325
0.21875 -0.124684
0.283203 -0.122262
0.302734 -0.119465
0.300781 -0.116994
0.279297 -0.115667
0.269531 -0.113526
0.253906 -0.112541
0.251953 -0.112298
0.232422 -0.112999
0.251953 -0.113932
0.220703 -0.113652
0.257812 -0.113486
0.21875 -0.113196
0.261719 -0.115573
0.228516 -0.116882
0.164062 -0.116602
0.125 -0.116649
0.126953 -0.118281
0.162109 -0.11838
0.185547 -0.118817
0.164062 -0.119792
0.216797 -0.121546
0.21875 -0.123799
0.183594 -0.125287
0.164062 -0.128219
0.199219 -0.132045
0.197266 -0.135822
0.152344 -0.140224
0.167969 -0.144655
0.144531 -0.149492
0.199219 -0.152919
0.230469 -0.155008
0.244141 -0.156844
0.1875 -0.158341
0.220703 -0.160649
0.216797 -0.161631
0.265625 -0.16364
0.287109 -0.164848
0.265625 -0.166134
0.248047 -0.167389
0.294922 -0.168927
0.259766 -0.170567
0.285156 -0.171522
0.328125 -0.173536
0.333984 -0.173986
0.378906 -0.174375
0.361328 -0.175773
0.378906 -0.178072
0.419922 -0.179779
0.431641 -0.182187
0.498047 -0.185474
0.472656 -0.185731
0.458984 -0.186879
0.464844 -0.187423
0.537109 -0.189375
0.521484 -0.190646
0.515625 -0.193062
0.488281 -0.195248
0.482422 -0.198455
0.498047 -0.203933
0.539062 -0.20893
0.527344 -0.213167
0.560547 -0.216852
0.546875 -0.221413
0.558594 -0.225049
0.554688 -0.229037
0.539062 -0.232176
0.539062 -0.235223
0.507812 -0.238494
0.554688 -0.242193
0.578125 -0.243977
0.648438 -0.246706
0.646484 -0.248537
0.611328 -0.249907
0.642578 -0.250518
0.628906 -0.251776
0.671875 -0.253133
0.703125 -0.255308
0.671875 -0.256949
0.666016 -0.257841
0.654297 -0.258883
0.632812 -0.257748
0.640625 -0.257918
0.660156 -0.257134
0.646484 -0.25389
0.650391 -0.251849
0.667969 -0.251418
0.664062 -0.250729
0.609375 -0.24933
0.589844 -0.250533
0.591797 -0.251578
0.572266 -0.253388
0.537109 -0.254949
0.509766 -0.255777
0.541016 -0.256374
0.585938 -0.256755
0.597656 -0.256688
0.583984 -0.256591
0.628906 -0.258656
0.650391 -0.260325
0.712891 -0.26083
0.742188 -0.260296
0.689453 -0.258757
0.6875 -0.258151
0.714844 -0.257086
0.697266 -0.255608
0.708984 -0.25283
0.710938 -0.248211
0.695312 -0.24523
0.738281 -0.24094
0.742188 -0.235562
0.748047 -0.23073
0.722656 -0.22683
0.701172 -0.222315
0.691406 -0.216225
0.699219 -0.208973
0.703125 -0.200606
0.720703 -0.192438
0.689453 -0.184852
0.708984 -0.177139
0.707031 -0.172052
0.707031 -0.167014
0.722656 -0.162039
0.738281 -0.155347
0.695312 -0.148912
0.751953 -0.141518
0.763672 -0.132466
0.736328 -0.124317
0.771484 -0.116943
0.800781 -0.109394
0.775391 -0.101841
0.765625 -0.09577
0.773438 -0.0877742
0.722656 -0.0793402
0.699219 -0.0731039
0.71875 -0.069258
0.724609 -0.0663228
0.679688 -0.0624338
0.691406 -0.0598565
0.664062 -0.0564454
0.646484 -0.0541244
0.652344 -0.0503203
0.617188 -0.0454618
0.617188 -0.0405847
0.585938 -0.0349084
0.601562 -0.0296113
0.621094 -0.0252737
0.666016 -0.0210385
0.681641 -0.0163874
0.673828 -0.0109757
0.701172 -0.00849858
0.6875 -0.00539072
0.640625 -0.00187179
0.632812 0.000634358
0.554688 0.00335743
0.585938 0.00320912
0.566406 0.00207727
0.607422 0.000185549
0.585938 0.000844604
0.578125 -0.000958184
0.611328 -0.00207392
0.59375 -0.00111985
0.535156 -0.000600345
0.513672 -0.000539138
0.529297 -0.00153088
0.511719 -0.00200305
0.480469 -0.00304093
0.480469 -0.00395633
0.451172 -0.00450503
0.449219 -0.00589661
0.462891 -0.00719632
0.457031 -0.00736904
0.441406 -0.00702426
0.480469 -0.00807337
0.53125 -0.00859839
0.537109 -0.00956261
0.548828 -0.0101175
0.541016 -0.00963224
0.521484 -0.00956539
0.546875 -0.00796006
0.546875 -0.00540216
0.583984 -0.00256231
0.597656 -0.000332901
0.615234 0.00120954
0.636719 0.00515027
0.611328 0.00860707
0.585938 0.0105564
0.583984 0.010737
0.550781 0.0120803
0.511719 0.00985141
0.509766 0.00668544
0.476562 0.00184227
0.457031 -0.00481123
0.439453 -0.010764
0.466797 -0.0182584
0.439453 -0.0242763
0.472656 -0.0293356
0.447266 -0.0355505
0.449219 -0.0421327
0.470703 -0.0491673
0.4375 -0.0560459
0.449219 -0.0652635
0.443359 -0.0708307
0.455078 -0.0760633
0.484375 -0.0798563
0.480469 -0.0851491
0.480469 -0.0909356
0.492188 -0.0976799
0.513672 -0.105166
0.501953 -0.111179
0.470703 -0.117983
0.476562 -0.125527
0.449219 -0.132749
0.46875 -0.137444
0.464844 -0.14136
0.478516 -0.145199
0.498047 -0.148548
0.5 -0.150882
0.511719 -0.152104
0.480469 -0.153652
0.5 -0.153623
0.482422 -0.151965
0.460938 -0.151859
0.480469 -0.149968
0.466797 -0.147735
0.439453 -0.147142
0.441406 -0.148466
0.433594 -0.149723
0.423828 -0.15062
0.404297 -0.151855
0.369141 -0.152691
0.375 -0.153332
0.339844 -0.15233
0.351562 -0.151131
0.4375 -0.149904
0.375 -0.146804
0.396484 -0.145595
0.417969 -0.144966
0.429688 -0.142567
0.400391 -0.140022
0.373047 -0.138343
0.367188 -0.137103
0.373047 -0.137394
0.371094 -0.137672
0.337891 -0.138037
0.416016 -0.138363
0.464844 -0.137988
0.490234 -0.135511
0.486328 -0.131815
0.494141 -0.128955
0.472656 -0.126147
0.535156 -0.123785
0.541016 -0.12078
0.537109 -0.118285
0.513672 -0.113777
0.511719 -0.111342
0.513672 -0.10862
0.501953 -0.105622
0.419922 -0.104471
0.398438 -0.108349
0.357422 -0.113111
0.361328 -0.117685
0.314453 -0.121211
0.292969 -0.12574
0.3125 -0.129392
0.326172 -0.133764
0.373047 -0.138281
0.388672 -0.141232
0.359375 -0.144351
0.376953 -0.148626
0.417969 -0.151165
0.421875 -0.153334
0.445312 -0.156081
0.482422 -0.156919
0.453125 -0.159198
0.451172 -0.160971
0.445312 -0.163788
0.421875 -0.167005
0.40625 -0.174426
0.421875 -0.181427
0.439453 -0.18565
0.392578 -0.190273
0.431641 -0.194802
0.474609 -0.198041
0.460938 -0.19925
0.480469 -0.20266
0.486328 -0.204397
0.476562 -0.205165
0.523438 -0.208282
0.511719 -0.214262
0.490234 -0.221377
0.455078 -0.22901
0.421875 -0.238581
0.431641 -0.246662
0.429688 -0.257084
0.46875 -0.264168
0.417969 -0.271424
0.412109 -0.279257
0.447266 -0.287593
0.472656 -0.296186
0.46875 -0.303667
0.490234 -0.310666
0.472656 -0.316031
0.458984 -0.323242
0.507812 -0.329554
0.46875 -0.335019
0.427734 -0.340607
0.453125 -0.34836
0.445312 -0.356872
0.457031 -0.363321
0.429688 -0.369093
0.447266 -0.37497
0.433594 -0.379553
0.453125 -0.382757
0.466797 -0.388162
0.517578 -0.394572
0.482422 -0.398545
0.462891 -0.403026
0.519531 -0.409454
0.523438 -0.413741
0.5 -0.41981
0.423828 -0.425641
0.46875 -0.432733
0.464844 -0.437444
0.525391 -0.443489
0.589844 -0.446982
0.589844 -0.447533
0.595703 -0.449213
0.578125 -0.449352
0.564453 -0.449111
0.605469 -0.44774
0.574219 -0.443794
0.617188 -0.437362
0.615234 -0.430851
0.615234 -0.421299
0.572266 -0.411959
0.582031 -0.404561
0.619141 -0.395957
0.644531 -0.387431
0.617188 -0.378713
0.626953 -0.370504
0.609375 -0.362086
0.546875 -0.357028
0.527344 -0.353323
0.513672 -0.347782
0.535156 -0.343801
0.496094 -0.335287
0.507812 -0.324774
0.492188 -0.313112
0.5 -0.30316
0.490234 -0.292661
0.476562 -0.281974
0.431641 -0.271063
0.443359 -0.260358
0.404297 -0.250505
0.376953 -0.239793
0.347656 -0.228924
0.341797 -0.217411
0.308594 -0.206927
0.324219 -0.200147
0.378906 -0.197592
0.361328 -0.193781
0.328125 -0.189516
0.322266 -0.189527
0.335938 -0.187601
0.314453 -0.185279
0.332031 -0.184806
0.332031 -0.182854
0.396484 -0.178634
0.363281 -0.174038
0.328125 -0.171084
0.306641 -0.166273
0.320312 -0.16188
0.269531 -0.156555
0.244141 -0.15727
0.242188 -0.158194
0.291016 -0.15835
0.265625 -0.15723
0.261719 -0.160863
0.273438 -0.166726
0.244141 -0.17009
0.232422 -0.174469
0.246094 -0.179336
0.226562 -0.18254
0.263672 -0.187522
0.248047 -0.193032
0.242188 -0.198881
0.226562 -0.206305
0.265625 -0.215835
0.292969 -0.221879
0.306641 -0.226254
0.296875 -0.230439
0.273438 -0.232744
0.298828 -0.237099
0.271484 -0.239444
0.21875 -0.244535
0.240234 -0.253273
0.208984 -0.261523
0.152344 -0.269526
0.1875 -0.277504
0.181641 -0.283365
0.191406 -0.288318
0.242188 -0.293979
0.246094 -0.298175
0.238281 -0.303004
0.246094 -0.305749
0.246094 -0.308179
0.238281 -0.309488
0.3125 -0.306422
0.304688 -0.298324
0.257812 -0.293236
0.277344 -0.290721
0.271484 -0.286121
0.277344 -0.285281
0.28125 -0.28318
0.320312 -0.278264
0.322266 -0.270998
0.318359 -0.262659
0.289062 -0.253654
0.246094 -0.242405
0.222656 -0.237347
0.222656 -0.23294
0.251953 -0.227705
0.287109 -0.220016
0.298828 -0.209992
0.322266 -0.201316
0.304688 -0.191592
0.279297 -0.183453
0.228516 -0.176298
0.181641 -0.173608
0.185547 -0.176493
0.125 -0.17813
0.1875 -0.178697
0.177734 -0.176806
0.207031 -0.177001
0.189453 -0.168308
0.220703 -0.163936
0.246094 -0.154717
0.222656 -0.141109
0.291016 -0.129762
0.253906 -0.118312
0.283203 -0.103627
0.242188 -0.0879855
0.279297 -0.0788084
0.255859 -0.0664521
0.189453 -0.0570284
0.201172 -0.0537903
0.216797 -0.0493501
0.212891 -0.0426714
0.15625 -0.035987
0.132812 -0.0302932
0.144531 -0.0181639
0.15625 -0.00639986
0.183594 0.00793978
0.183594 0.0253653
0.144531 0.039431
0.1875 0.0460844
0.222656 0.0526359
0.208984 0.0579539
0.207031 0.0622073
0.238281 0.0712319
0.199219 0.0760389
0.1875 0.0803694
0.164062 0.0908088
0.117188 0.0977523
0.105469 0.10649
0.164062 0.113891
0.203125 0.122077
0.175781 0.127099
0.199219 0.127909
0.205078 0.125478
0.150391 0.125121
0.0898438 0.116748
0.111328 0.106614
0.113281 0.104709
0.0859375 0.09751
0.158203 0.0923402
0.134766 0.0912651
0.123047 0.0905658
0.134766 0.0934646
0.103516 0.098438
0.0644531 0.0985416
0.103516 0.0946543
0.0917969 0.0917137
0.103516 0.091294
0.09375 0.0903468
0.0839844 0.0874042
0.078125 0.0869317
0.0273438 0.0885305
0.015625 0.0896702
0.0292969 0.0932928
0.0273438 0.094515
0.0449219 0.0945307
0.0273438 0.0808752
0.0117188 0.0628018
0.0410156 0.0497174
0.0234375 0.0319923
0.0234375 0.0129213
0.0449219 -0.00704856
0.0371094 -0.0177302
0.00976562 -0.0322007
0.015625 -0.0364084
0.015625 -0.0313778
0.0664062 -0.0152333
0.0605469 0.0018072
0.0761719 0.0165855
0.123047 0.029272
0.134766 0.0332797
0.140625 0.0295763
0.125 0.0186215
0.132812 0.00664577
0.0820312 -0.0197931
0.130859 -0.0373993
0.0976562 -0.054421
0.078125 -0.0638793
0.115234 -0.0527995
0.126953 -0.0412993
0.160156 -0.0330796
0.207031 -0.0248997
0.240234 -0.00738736
0.244141 0.00516448
0.263672 0.00125466
0.292969 -0.0015442
0.28125 0.00707757
0.251953 0
