0.748047 1
0.771484 0.948071
0.757812 0.903016
0.771484 0.861732
0.765625 0.822514
0.787109 0.788559
0.773438 0.758197
0.804688 0.727687
0.808594 0.698567
0.849609 0.670014
0.832031 0.643815
0.830078 0.620431
0.837891 0.598508
0.845703 0.577043
0.847656 0.559349
0.851562 0.543415
0.876953 0.528621
0.857422 0.513761
0.820312 0.499396
0.794922 0.484861
0.773438 0.471173
0.804688 0.459537
0.802734 0.448418
0.791016 0.438797
0.822266 0.429576
0.806641 0.422658
0.767578 0.414535
0.767578 0.404661
0.757812 0.396018
0.785156 0.386457
0.777344 0.376163
0.761719 0.365131
0.75 0.353968
0.767578 0.344285
0.763672 0.334927
0.775391 0.327212
0.796875 0.321602
0.771484 0.316173
0.78125 0.312952
0.767578 0.306444
0.785156 0.301243
0.804688 0.295885
0.808594 0.286612
0.818359 0.278499
0.798828 0.271047
0.837891 0.265278
0.822266 0.2609
0.826172 0.25658
0.798828 0.25326
0.792969 0.252416
0.765625 0.251411
0.769531 0.251559
0.763672 0.2528
0.8125 0.249084
0.806641 0.247519
0.779297 0.245704
0.751953 0.243689
0.728516 0.243347
0.738281 0.241894
0.753906 0.239482
0.792969 0.239144
0.818359 0.237408
0.779297 0.2347
0.748047 0.23284
0.736328 0.233253
0.701172 0.233326
0.732422 0.233547
0.699219 0.230948
0.71875 0.225054
0.773438 0.220938
0.769531 0.217823
0.804688 0.215412
0.8125 0.21066
0.818359 0.203786
0.791016 0.19555
0.755859 0.185383
0.757812 0.175061
0.744141 0.168461
0.763672 0.162793
0.771484 0.160988
0.773438 0.158099
0.773438 0.154736
0.785156 0.154575
0.755859 0.154996
0.738281 0.156286
0.746094 0.156087
0.738281 0.155223
0.757812 0.153261
0.777344 0.151453
0.779297 0.149773
0.744141 0.14986
0.751953 0.147092
0.724609 0.147577
0.746094 0.149068
0.736328 0.150128
0.742188 0.151894
0.746094 0.15285
0.748047 0.151803
0.792969 0.151472
0.818359 0.151957
0.820312 0.152274
0.832031 0.151511
0.818359 0.150938
0.833984 0.147831
0.787109 0.144323
0.759766 0.1399
0.769531 0.13744
0.761719 0.133668
0.75 0.129948
0.710938 0.124276
0.744141 0.115765
0.755859 0.108647
0.759766 0.102681
0.773438 0.0938494
0.71875 0.0882035
0.714844 0.0843668
0.693359 0.0811324
0.683594 0.0782684
0.681641 0.0751668
0.679688 0.0725904
0.662109 0.0713962
0.671875 0.0716909
0.658203 0.0711256
0.677734 0.0715769
0.667969 0.0714624
0.707031 0.0703095
0.734375 0.0681174
0.738281 0.0666786
0.693359 0.0649858
0.710938 0.0645496
0.724609 0.064698
0.685547 0.0677266
0.681641 0.0676826
0.667969 0.0677069
0.623047 0.0674622
0.595703 0.0665834
0.5625 0.0699292
0.570312 0.0756891
0.609375 0.0801361
0.646484 0.0839938
0.664062 0.0865519
0.660156 0.086264
0.617188 0.0884388
0.650391 0.0910404
0.646484 0.0918816
0.685547 0.090629
0.685547 0.0879533
0.675781 0.0851114
0.664062 0.0825078
0.65625 0.080584
0.669922 0.0786533
0.681641 0.075536
0.646484 0.075093
0.654297 0.0728766
0.625 0.070878
0.646484 0.0705502
0.667969 0.0728478
0.662109 0.074668
0.634766 0.0776892
0.65625 0.0792806
0.626953 0.0796344
0.613281 0.0796585
0.628906 0.080833
0.636719 0.0822456
0.587891 0.0859342
0.621094 0.0878079
0.583984 0.0876517
0.644531 0.0881041
0.634766 0.087166
0.630859 0.0878488
0.640625 0.0859936
0.591797 0.0827736
0.574219 0.0802954
0.605469 0.0758506
0.603516 0.0721002
0.619141 0.0685352
0.591797 0.0627533
0.615234 0.0585396
0.642578 0.0550483
0.658203 0.0511424
0.632812 0.0472295
0.642578 0.0420671
0.669922 0.0364779
0.669922 0.0309291
0.703125 0.0270931
0.695312 0.0219792
0.685547 0.0198127
0.707031 0.016066
0.708984 0.0142662
0.699219 0.0137065
0.699219 0.0140191
0.701172 0.0117349
0.695312 0.0107406
0.662109 0.00785745
0.671875 0.00355592
0.623047 -0.00249506
0.65625 -0.00767204
0.716797 -0.0123178
0.71875 -0.0152878
0.705078 -0.0184731
0.691406 -0.0216558
0.675781 -0.0248676
0.642578 -0.0293522
0.65625 -0.03312
0.623047 -0.0357375
0.697266 -0.0404382
0.710938 -0.045533
0.714844 -0.0491494
0.693359 -0.0532859
0.683594 -0.058289
0.689453 -0.0632916
0.691406 -0.0686028
0.714844 -0.0716315
0.673828 -0.0722213
0.644531 -0.0734777
0.65625 -0.0735084
0.625 -0.0723294
0.666016 -0.0722526
0.640625 -0.0726099
0.648438 -0.073837
0.681641 -0.0752396
0.683594 -0.0759672
0.699219 -0.0739423
0.6875 -0.0723431
0.667969 -0.0699089
0.716797 -0.0686966
0.757812 -0.0677262
0.765625 -0.0673532
0.785156 -0.0664724
0.800781 -0.0629944
0.802734 -0.0613665
0.792969 -0.0576681
0.808594 -0.0569351
0.806641 -0.0582829
0.798828 -0.0568266
0.767578 -0.0570559
0.787109 -0.0529656
0.787109 -0.0512809
0.787109 -0.0484542
0.792969 -0.0467171
0.777344 -0.0481046
0.796875 -0.0497388
0.794922 -0.0504828
0.798828 -0.0519876
0.791016 -0.0520272
0.777344 -0.054006
0.783203 -0.0548158
0.785156 -0.0552307
0.792969 -0.0582679
0.822266 -0.0624545
0.830078 -0.0676778
0.808594 -0.0712846
0.824219 -0.0738922
0.810547 -0.0789411
0.8125 -0.0821396
0.84375 -0.0838621
0.853516 -0.0852509
0.837891 -0.0837528
0.839844 -0.082453
0.828125 -0.0810163
0.853516 -0.0807169
0.84375 -0.0805626
0.857422 -0.0794174
0.845703 -0.0779861
0.855469 -0.0754601
0.896484 -0.0751458
0.837891 -0.0756488
0.865234 -0.0738393
0.820312 -0.0711728
0.851562 -0.0692511
0.861328 -0.0665228
0.882812 -0.0653747
0.826172 -0.0628749
0.789062 -0.0646788
0.748047 -0.0655369
0.765625 -0.0697678
0.771484 -0.0734483
0.751953 -0.0772124
0.755859 -0.0815216
0.773438 -0.0847646
0.751953 -0.0879234
0.775391 -0.0915677
0.779297 -0.0950379
0.816406 -0.0960891
0.798828 -0.0967223
0.8125 -0.096485
0.824219 -0.0954284
0.826172 -0.0945074
0.808594 -0.0933613
0.775391 -0.0897557
0.787109 -0.0878015
0.757812 -0.0871312
0.763672 -0.0866695
0.808594 -0.0860583
0.806641 -0.0852105
0.769531 -0.0828477
0.798828 -0.0801739
0.816406 -0.0749118
0.806641 -0.0730721
0.792969 -0.0720488
0.792969 -0.0707238
0.796875 -0.0711321
0.779297 -0.0742014
0.78125 -0.0758333
0.763672 -0.0788476
0.773438 -0.0817572
0.751953 -0.0845065
0.763672 -0.0874022
0.746094 -0.0865672
0.783203 -0.0831473
0.787109 -0.0805097
0.753906 -0.0796715
0.777344 -0.0800246
0.730469 -0.0806313
0.671875 -0.0838433
0.71875 -0.085434
0.740234 -0.0888725
0.755859 -0.0931598
0.742188 -0.0950868
0.732422 -0.0973946
0.746094 -0.0982742
0.744141 -0.0980471
0.753906 -0.0965693
0.748047 -0.0960169
0.792969 -0.0961539
0.767578 -0.0946248
0.763672 -0.0950678
0.785156 -0.0960962
0.777344 -0.0980762
0.785156 -0.0980112
0.798828 -0.0980722
0.830078 -0.0997649
0.820312 -0.0994392
0.818359 -0.0994004
0.847656 -0.100875
0.849609 -0.102978
0.837891 -0.102916
0.824219 -0.103945
0.798828 -0.104636
0.791016 -0.107244
0.833984 -0.108909
0.787109 -0.112953
0.783203 -0.116575
0.792969 -0.120126
0.8125 -0.12407
0.830078 -0.126978
0.828125 -0.126899
0.820312 -0.130203
0.814453 -0.134837
0.837891 -0.137846
0.859375 -0.138819
0.830078 -0.136587
0.810547 -0.135158
0.833984 -0.130278
0.847656 -0.12752
0.886719 -0.123983
0.871094 -0.121932
0.861328 -0.12078
0.896484 -0.117977
0.886719 -0.115925
0.871094 -0.112149
0.878906 -0.112803
0.867188 -0.114436
0.839844 -0.113927
0.833984 -0.117023
0.818359 -0.122092
0.824219 -0.12613
0.853516 -0.126798
0.869141 -0.12817
0.851562 -0.129205
0.882812 -0.130364
0.871094 -0.13235
0.853516 -0.135207
0.839844 -0.141063
0.818359 -0.143141
0.822266 -0.14418
0.822266 -0.14548
0.806641 -0.148757
0.765625 -0.148439
0.744141 -0.145999
0.720703 -0.143467
0.689453 -0.141595
0.677734 -0.140345
0.714844 -0.138169
0.744141 -0.135452
0.755859 -0.136159
0.757812 -0.133675
0.777344 -0.131584
0.779297 -0.129973
0.763672 -0.127058
0.791016 -0.125845
0.837891 -0.124203
0.810547 -0.121895
0.769531 -0.118547
0.785156 -0.115328
0.800781 -0.111142
0.818359 -0.105123
0.816406 -0.100043
0.828125 -0.0961368
0.820312 -0.0930088
0.789062 -0.0928253
0.800781 -0.0898269
0.810547 -0.0890379
0.820312 -0.0897395
0.837891 -0.0904514
0.841797 -0.0911369
0.867188 -0.0907395
0.853516 -0.0898648
0.855469 -0.0892902
0.890625 -0.0898488
0.876953 -0.0899541
0.845703 -0.0910207
0.841797 -0.0918172
0.837891 -0.0931078
0.8125 -0.0972411
0.826172 -0.100764
0.832031 -0.102899
0.822266 -0.105569
0.822266 -0.10865
0.865234 -0.115127
0.847656 -0.116774
0.833984 -0.11762
0.826172 -0.118847
0.837891 -0.117625
0.847656 -0.117502
0.851562 -0.117805
0.865234 -0.116106
0.886719 -0.11317
0.861328 -0.110398
0.861328 -0.105444
0.880859 -0.0995707
0.845703 -0.0964224
0.822266 -0.0902524
0.865234 -0.0845743
0.869141 -0.0796144
0.84375 -0.0744247
0.855469 -0.0717767
0.882812 -0.0701327
0.871094 -0.0683292
0.876953 -0.066426
0.894531 -0.0650069
0.884766 -0.0640742
0.886719 -0.0616621
0.839844 -0.0611151
0.849609 -0.064767
0.84375 -0.069352
0.806641 -0.0736289
0.783203 -0.0779431
0.800781 -0.0813002
0.822266 -0.0839957
0.841797 -0.0856747
0.855469 -0.0864046
0.880859 -0.0875256
0.859375 -0.087386
0.851562 -0.0826299
0.869141 -0.0817903
0.857422 -0.0795523
0.857422 -0.0760155
0.818359 -0.0715249
0.830078 -0.0657133
0.800781 -0.0596143
0.802734 -0.0534137
0.783203 -0.0480701
0.816406 -0.0435142
0.84375 -0.0388547
0.857422 -0.0343925
0.833984 -0.0297883
0.806641 -0.0239473
0.800781 -0.0169629
0.824219 -0.0100134
0.826172 -0.00273111
0.861328 0.0033294
0.849609 0.00787354
0.84375 0.0101803
0.794922 0.00890137
0.777344 0.00802046
0.769531 0.00548808
0.765625 0.00324897
0.783203 0.00400002
0.798828 0.00449666
0.78125 0.00229824
0.769531 -0.000362178
0.748047 -0.00213711
0.751953 -0.00323701
0.746094 -0.00300055
0.724609 -0.00239316
0.730469 -0.00370422
0.710938 -0.00278215
0.716797 -0.00176004
0.744141 0.00135136
0.722656 0.00435164
0.732422 0.00605278
0.753906 0.00693627
0.714844 0.00831816
0.710938 0.0115534
0.693359 0.0158983
0.716797 0.0213595
0.734375 0.0254522
0.757812 0.0287463
0.787109 0.0313867
0.767578 0.034865
0.759766 0.0384786
0.746094 0.0407198
0.777344 0.0406042
0.757812 0.0393479
0.78125 0.0368412
0.792969 0.0345203
0.8125 0.028984
0.796875 0.0249495
0.818359 0.0224817
0.794922 0.0180027
0.796875 0.0133815
0.833984 0.0075437
0.873047 0.00385715
0.863281 0.000474544
0.863281 -0.00230605
0.867188 -0.00522416
0.861328 -0.006815
0.855469 -0.00634176
0.878906 -0.00618947
0.859375 -0.00791352
0.873047 -0.0101694
0.898438 -0.0115435
0.908203 -0.0100652
0.908203 -0.00736121
0.892578 -0.00544361
0.902344 -0.00342582
0.912109 0.000430241
0.916016 0.00555092
0.902344 0.0105914
0.916016 0.0124484
0.902344 0.0155082
0.888672 0.017778
0.886719 0.0184225
0.863281 0.0212552
0.816406 0.0238277
0.783203 0.0233959
0.833984 0.0258569
0.792969 0.0276964
0.789062 0.0299595
0.791016 0.0319305
0.796875 0.0356847
0.8125 0.0378723
0.822266 0.038163
0.802734 0.0410294
0.792969 0.0434618
0.826172 0.0443142
0.861328 0.0439417
0.841797 0.0442646
0.833984 0.0472469
0.839844 0.0485947
0.847656 0.0497056
0.818359 0.0510346
0.816406 0.0517802
0.835938 0.0554887
0.814453 0.0573917
0.826172 0.0595449
0.814453 0.059805
0.837891 0.0608886
0.859375 0.0615591
0.830078 0.0646455
0.847656 0.0684377
0.865234 0.0706235
0.884766 0.0722468
0.904297 0.0716854
0.90625 0.0699916
0.935547 0.0687502
0.933594 0.0701953
0.931641 0.0726766
0.921875 0.0749187
0.880859 0.0769269
0.869141 0.077195
0.876953 0.0777476
0.851562 0.0803439
0.857422 0.0819954
0.869141 0.0856304
0.873047 0.0873859
0.884766 0.088616
0.869141 0.0870315
0.849609 0.0914643
0.867188 0.0966732
0.884766 0.101616
0.902344 0.106425
0.890625 0.111104
0.859375 0.11328
0.84375 0.114757
0.867188 0.112024
0.847656 0.109394
0.878906 0.104877
0.921875 0.100318
0.894531 0.0982071
0.882812 0.0965091
0.875 0.0946808
0.863281 0.0923621
0.855469 0.0896645
0.832031 0.0846318
0.810547 0.0793684
0.800781 0.0769316
0.789062 0.0760452
0.798828 0.0764444
0.796875 0.0794819
0.794922 0.0827251
0.814453 0.0830985
0.800781 0.0816895
0.789062 0.0786748
0.779297 0.0741144
0.78125 0.0714711
0.78125 0.0694506
0.816406 0.0674733
0.833984 0.0636788
0.847656 0.0600283
0.830078 0.0553698
0.808594 0.0515634
0.787109 0.0446167
0.800781 0.0406733
0.806641 0.0390273
0.789062 0.0357341
0.791016 0.0325211
0.822266 0.0306529
0.787109 0.0297379
0.757812 0.0289929
0.816406 0.0284853
0.806641 0.0259913
0.810547 0.0242037
0.808594 0.0236733
0.789062 0.0240027
0.767578 0.0268186
0.744141 0.0319986
0.794922 0.036
0.777344 0.0392578
0.828125 0.0411573
0.787109 0.0425828
0.789062 0.0414956
0.753906 0.0442438
0.785156 0.0475336
0.787109 0.0515113
0.794922 0.0557728
0.765625 0.0591403
0.763672 0.0605094
0.78125 0.0618691
0.826172 0.0660642
0.798828 0.0685786
0.810547 0.0708994
0.841797 0.0734977
0.820312 0.075388
0.861328 0.0772215
0.841797 0.0787799
0.820312 0.0801041
0.814453 0.0822519
0.837891 0.0838546
0.818359 0.0856667
0.820312 0.0890953
0.830078 0.0950756
0.820312 0.097885
0.792969 0.0988285
0.769531 0.099271
0.785156 0.099188
0.810547 0.0994098
0.822266 0.101808
0.833984 0.102172
0.828125 0.103866
0.822266 0.105286
0.794922 0.1047
0.798828 0.102556
0.806641 0.100506
0.808594 0.0980351
0.779297 0.0969868
0.751953 0.0947864
0.755859 0.0935839
0.767578 0.09485
0.802734 0.0951247
0.818359 0.0953132
0.822266 0.0948057
0.833984 0.0943916
0.792969 0.0931546
0.777344 0.0937139
0.804688 0.090749
0.808594 0.0870336
0.763672 0.0843648
0.775391 0.0832286
0.791016 0.080878
0.802734 0.0809423
0.816406 0.0772245
0.800781 0.0733261
0.808594 0.0678132
0.814453 0.0648218
0.800781 0.0623626
0.789062 0.0618751
0.826172 0.0615153
0.832031 0.058123
0.847656 0.0558437
0.851562 0.0541719
0.830078 0.0551621
0.822266 0.0553584
0.824219 0.0522671
0.84375 0.0481503
0.863281 0.045387
0.871094 0.041941
0.857422 0.0373504
0.857422 0.0346221
0.84375 0.033698
0.794922 0.0341695
0.832031 0.0322922
0.773438 0.0297228
0.767578 0.027869
0.787109 0.0246977
0.806641 0.0246029
0.785156 0.0265917
0.832031 0.0295281
0.832031 0.0332211
0.820312 0.037288
0.830078 0.0410504
0.791016 0.0446159
0.791016 0.0481297
0.794922 0.0513498
0.775391 0.0547255
0.775391 0.0579761
0.761719 0.0578422
0.75 0.0572416
0.6875 0.0554438
0.65625 0.0531553
0.654297 0.0526408
0.646484 0.0514196
0.634766 0.0494541
0.619141 0.0472239
0.619141 0.0432254
0.625 0.0394157
0.585938 0.0378068
0.615234 0.0367087
0.619141 0.0371321
0.636719 0.0389519
0.646484 0.0398622
0.648438 0.0423254
0.654297 0.0458338
0.634766 0.0466087
0.638672 0.0482694
0.669922 0.0447535
0.669922 0.0421036
0.671875 0.0393179
0.660156 0.0394976
0.667969 0.0398262
0.689453 0.0400462
0.71875 0.0434662
0.685547 0.045719
0.695312 0.0468495
0.701172 0.0480558
0.677734 0.0498028
0.705078 0.0508282
0.691406 0.0531563
0.705078 0.0527428
0.699219 0.0501809
0.724609 0.0468046
0.703125 0.0411102
0.703125 0.0351299
0.699219 0.0307495
0.699219 0.024044
0.660156 0.0187106
0.681641 0.0142333
0.722656 0.0114297
0.699219 0.0087005
0.679688 0.00842863
0.714844 0.00644215
0.693359 0.00179843
0.677734 -0.00160065
0.644531 -0.00545911
0.634766 -0.00876318
0.666016 -0.0134572
0.667969 -0.0148353
0.648438 -0.0138315
0.648438 -0.0137893
0.632812 -0.0141094
0.601562 -0.0129506
0.529297 -0.0137841
0.527344 -0.0122275
0.556641 -0.0115336
0.544922 -0.0106506
0.503906 -0.0109479
0.488281 -0.0151108
0.488281 -0.0204271
0.462891 -0.0234821
0.478516 -0.0282655
0.490234 -0.0310206
0.482422 -0.0336952
0.478516 -0.0366592
0.492188 -0.0404715
0.496094 -0.0439762
0.472656 -0.0475121
0.470703 -0.0475422
0.441406 -0.0502772
0.474609 -0.0524379
0.492188 -0.0538286
0.515625 -0.0550991
0.535156 -0.0558422
0.566406 -0.0527403
0.621094 -0.0481861
0.615234 -0.0421043
0.636719 -0.0373642
0.626953 -0.0318064
0.667969 -0.0254666
0.695312 -0.0182874
0.720703 -0.0107305
0.716797 -0.00425899
0.744141 -0.000559741
0.769531 -0.000432755
0.792969 0.000293111
0.810547 0.00085581
0.808594 0.00138126
0.804688 0.00213712
0.808594 0.0021023
0.8125 0.00177719
0.826172 0.00120442
0.835938 0.000757687
0.855469 0.000619305
0.839844 -0.000116254
0.84375 -0.00165261
0.796875 -0.00404311
0.808594 -0.00646506
0.824219 -0.00670526
0.837891 -0.00533742
0.855469 -0.0023318
0.857422 -0.00112773
0.863281 -0.000758141
0.847656 0.00123702
0.816406 0.00646735
0.796875 0.00991811
0.785156 0.0136475
0.826172 0.0164738
0.824219 0.0187904
0.833984 0.020846
0.835938 0.020471
0.851562 0.0194414
0.853516 0.018443
0.869141 0.016534
0.841797 0.0144494
0.839844 0.0124197
0.863281 0.0109037
0.853516 0.00917017
0.875 0.00601246
0.847656 0.00482948
0.839844 0.00419787
0.878906 0.00560493
0.882812 0.00911326
0.880859 0.0100188
0.875 0.00959271
0.890625 0.00786424
0.904297 0.0080777
0.888672 0.00823408
0.871094 0.00786629
0.871094 0.00556896
0.837891 0.00369442
0.830078 0.00371332
0.808594 0.00357137
0.798828 0.0026763
0.777344 0.00408851
0.753906 0.000862135
0.767578 -0.000793116
0.755859 -0.00366013
0.787109 -0.00655466
0.769531 -0.0078978
0.777344 -0.00688284
0.789062 -0.00871066
0.808594 -0.0102708
0.808594 -0.0116223
0.826172 -0.0145284
0.835938 -0.0170595
0.816406 -0.0208032
0.845703 -0.0231125
0.796875 -0.0249933
0.794922 -0.0283778
0.798828 -0.0292118
0.828125 -0.0329632
0.814453 -0.0352708
0.845703 -0.0352915
0.849609 -0.0357926
0.861328 -0.036307
0.851562 -0.0379487
0.84375 -0.0407832
0.863281 -0.042928
0.886719 -0.0461802
0.919922 -0.050211
0.904297 -0.0527942
0.882812 -0.0565929
0.894531 -0.0599889
0.914062 -0.0607036
0.886719 -0.0603941
0.890625 -0.0613025
0.884766 -0.0611356
0.884766 -0.0619698
0.869141 -0.0605979
0.826172 -0.0604818
0.847656 -0.061264
0.841797 -0.0587099
0.839844 -0.055242
0.853516 -0.0545153
0.875 -0.0534265
0.880859 -0.0514996
0.835938 -0.0508449
0.853516 -0.0502874
0.869141 -0.0489022
0.898438 -0.0495153
0.910156 -0.0479892
0.931641 -0.0455886
0.945312 -0.0430506
0.933594 -0.0441015
0.910156 -0.0437448
0.917969 -0.0416095
0.892578 -0.0416616
0.859375 -0.0407244
0.853516 -0.0373192
0.847656 -0.0347719
0.830078 -0.0322707
0.859375 -0.0309261
0.861328 -0.0294536
0.867188 -0.0259551
0.867188 -0.0234034
0.871094 -0.0220213
0.830078 -0.0194928
0.835938 -0.0174635
0.828125 -0.0160818
0.853516 -0.0168599
0.820312 -0.0187735
0.820312 -0.020056
0.835938 -0.0215005
0.833984 -0.0233876
0.830078 -0.0246299
0.84375 -0.0237197
0.835938 -0.0230193
0.832031 -0.0236348
0.808594 -0.0268493
0.771484 -0.0320003
0.804688 -0.0355369
0.798828 -0.0399723
0.779297 -0.0429195
0.755859 -0.0460104
0.787109 -0.0482374
0.792969 -0.0489442
0.804688 -0.0496403
0.777344 -0.0508741
0.748047 -0.051829
0.748047 -0.0517088
0.814453 -0.0512595
0.839844 -0.0519343
0.810547 -0.0537155
0.830078 -0.056172
0.845703 -0.0594225
0.816406 -0.0622072
0.837891 -0.0641842
0.837891 -0.0655577
0.857422 -0.0658971
0.863281 -0.0642105
0.886719 -0.0623374
0.853516 -0.0614986
0.853516 -0.0588764
0.855469 -0.0572763
0.839844 -0.0575691
0.849609 -0.0573026
0.826172 -0.0593753
0.818359 -0.0612902
0.828125 -0.0622069
0.802734 -0.0638923
0.78125 -0.0636931
0.785156 -0.0587586
0.75 -0.0548674
0.779297 -0.0508663
0.816406 -0.0485803
0.78125 -0.0487815
0.814453 -0.0483181
0.818359 -0.0455332
0.837891 -0.0445164
0.851562 -0.0443772
0.859375 -0.0450594
0.861328 -0.0425938
0.882812 -0.0415492
0.839844 -0.0428334
0.835938 -0.0437505
0.818359 -0.0430003
0.820312 -0.0410512
0.789062 -0.041016
0.808594 -0.040775
0.828125 -0.0406866
0.814453 -0.0403628
0.787109 -0.0427795
0.789062 -0.0439702
0.765625 -0.0454075
0.773438 -0.0474825
0.810547 -0.0470137
0.820312 -0.0463024
0.832031 -0.045323
0.863281 -0.0430343
0.859375 -0.0423519
0.833984 -0.0392707
0.839844 -0.0336458
0.853516 -0.0282937
0.869141 -0.0260578
0.84375 -0.0242346
0.841797 -0.0252342
0.804688 -0.0253941
0.818359 -0.0251095
0.830078 -0.0263809
0.84375 -0.0288042
0.818359 -0.0333704
0.810547 -0.0359509
0.84375 -0.0388228
0.818359 -0.038665
0.816406 -0.0399111
0.880859 -0.0411775
0.867188 -0.0421325
0.880859 -0.0430144
0.869141 -0.0436803
0.880859 -0.0450624
0.933594 -0.0459685
0.902344 -0.0464382
0.882812 -0.0470178
0.871094 -0.0466512
0.849609 -0.0486604
0.865234 -0.045087
0.880859 -0.04117
0.847656 -0.0373656
0.847656 -0.0340508
0.851562 -0.0311961
0.865234 -0.028328
0.876953 -0.0262024
0.878906 -0.0225399
0.900391 -0.0216397
0.865234 -0.0217975
0.894531 -0.0231335
0.863281 -0.0254572
0.845703 -0.0275659
0.845703 -0.027372
0.802734 -0.0255716
0.796875 -0.0255023
0.84375 -0.0252377
0.824219 -0.0217908
0.824219 -0.0187744
0.861328 -0.0147844
0.830078 -0.0114363
0.865234 -0.0110772
0.857422 -0.0138081
0.839844 -0.0187603
0.837891 -0.0234429
0.810547 -0.0283384
0.826172 -0.0311886
0.824219 -0.0330935
0.794922 -0.0332101
0.806641 -0.0345328
0.78125 -0.0361067
0.794922 -0.0385442
0.785156 -0.0409253
0.779297 -0.0403768
0.736328 -0.0428198
0.712891 -0.0460108
0.75 -0.0465493
0.75 -0.0487926
0.777344 -0.050576
0.740234 -0.0527225
0.716797 -0.0575659
0.730469 -0.0622426
0.728516 -0.0653159
0.746094 -0.0690119
0.716797 -0.0691406
0.710938 -0.0696564
0.730469 -0.0710295
0.714844 -0.074189
0.736328 -0.0772802
0.740234 -0.0825642
0.794922 -0.0890977
0.791016 -0.0948199
0.789062 -0.0993915
0.837891 -0.106103
0.810547 -0.111418
0.833984 -0.114873
0.789062 -0.118131
0.769531 -0.118589
0.78125 -0.116878
0.824219 -0.117252
0.806641 -0.116994
0.785156 -0.115615
0.755859 -0.114369
0.773438 -0.112824
0.806641 -0.109434
0.802734 -0.105797
0.8125 -0.103001
0.769531 -0.0998237
0.75 -0.0981338
0.751953 -0.0972029
0.734375 -0.0972748
0.705078 -0.0991212
0.671875 -0.0976211
0.675781 -0.0967057
0.654297 -0.0964851
0.662109 -0.0967228
0.677734 -0.0950834
0.677734 -0.0942693
0.701172 -0.0951408
0.724609 -0.0943302
0.740234 -0.0934242
0.724609 -0.0932883
0.736328 -0.0919644
0.710938 -0.0884918
0.667969 -0.086882
0.701172 -0.08411
0.707031 -0.0813392
0.6875 -0.0796805
0.71875 -0.0782468
0.748047 -0.078312
0.763672 -0.0756924
0.792969 -0.0750992
0.835938 -0.0767426
0.871094 -0.0776118
0.863281 -0.0779934
0.824219 -0.0814142
0.800781 -0.0813149
0.796875 -0.080963
0.824219 -0.0829426
0.835938 -0.0817986
0.791016 -0.0814634
0.802734 -0.0822221
0.830078 -0.0840045
0.839844 -0.0842882
0.871094 -0.0846915
0.894531 -0.08461
0.908203 -0.0843495
0.908203 -0.0852827
0.90625 -0.0872497
0.917969 -0.0884843
0.892578 -0.0856934
0.871094 -0.0845226
0.857422 -0.0823562
0.845703 -0.0826639
0.822266 -0.0829544
0.822266 -0.0801822
0.857422 -0.0759019
0.835938 -0.0717354
0.806641 -0.0720797
0.792969 -0.0744199
0.800781 -0.0787897
0.773438 -0.0807305
0.767578 -0.084429
0.759766 -0.0890983
0.746094 -0.0948591
0.744141 -0.0996142
0.783203 -0.102278
0.789062 -0.105946
0.789062 -0.108222
0.792969 -0.10927
0.785156 -0.11184
0.787109 -0.112798
0.792969 -0.113904
0.792969 -0.115192
0.814453 -0.116827
0.841797 -0.116563
0.824219 -0.118778
0.841797 -0.119381
0.832031 -0.12057
0.835938 -0.122837
0.832031 -0.122056
0.816406 -0.120872
0.765625 -0.122088
0.806641 -0.123387
0.822266 -0.123522
0.8125 -0.124427
0.777344 -0.125412
0.802734 -0.123952
0.808594 -0.12378
0.732422 -0.126178
0.740234 -0.126784
0.746094 -0.126596
0.751953 -0.128221
0.738281 -0.131007
0.746094 -0.131477
0.777344 -0.129253
0.736328 -0.127001
0.722656 -0.123525
0.716797 -0.119565
0.765625 -0.118567
0.759766 -0.11791
0.763672 -0.116813
0.759766 -0.116891
0.748047 -0.11587
0.761719 -0.115462
0.794922 -0.115216
0.818359 -0.112754
0.800781 -0.108373
0.806641 -0.105057
0.839844 -0.100913
0.835938 -0.0932201
0.837891 -0.0877685
0.849609 -0.0828893
0.855469 -0.076351
0.853516 -0.0710735
0.830078 -0.0681131
0.855469 -0.0649304
0.863281 -0.0650514
0.845703 -0.0650276
0.837891 -0.0664846
0.84375 -0.0698826
0.84375 -0.0720378
0.878906 -0.0717877
0.867188 -0.0709644
0.865234 -0.066744
0.882812 -0.0638047
0.851562 -0.0618188
0.832031 -0.0600213
0.837891 -0.0563959
0.837891 -0.0540689
0.837891 -0.0524234
0.830078 -0.0528873
0.8125 -0.0545644
0.84375 -0.0572146
0.8125 -0.0596187
0.816406 -0.0576779
0.767578 -0.0569622
0.775391 -0.0560863
0.814453 -0.0564818
0.787109 -0.0587726
0.791016 -0.0583525
0.794922 -0.0596236
0.804688 -0.0622117
0.787109 -0.0641297
0.806641 -0.0685863
0.841797 -0.0709412
0.830078 -0.0720946
0.806641 -0.0718278
0.814453 -0.0724122
0.845703 -0.0732547
0.849609 -0.0756538
0.855469 -0.0772354
0.847656 -0.0773538
0.845703 -0.0806322
0.867188 -0.083063
0.837891 -0.0865175
0.822266 -0.0922514
0.830078 -0.0988877
0.863281 -0.103257
0.884766 -0.106622
0.878906 -0.107426
0.869141 -0.111272
0.828125 -0.113242
0.855469 -0.114707
0.867188 -0.116895
0.869141 -0.11944
0.876953 -0.120631
0.875 -0.122623
0.855469 -0.125382
0.847656 -0.12935
0.875 -0.134414
0.875 -0.140102
0.878906 -0.146678
0.857422 -0.152439
0.859375 -0.157902
0.847656 -0.16531
0.835938 -0.170572
0.851562 -0.173436
0.824219 -0.175928
0.857422 -0.17866
0.810547 -0.180496
0.796875 -0.183024
0.791016 -0.186426
0.810547 -0.187366
0.8125 -0.189962
0.810547 -0.192892
0.796875 -0.195128
0.806641 -0.197474
0.814453 -0.198092
0.783203 -0.195707
0.787109 -0.194044
0.810547 -0.196125
0.804688 -0.198131
0.837891 -0.199988
0.810547 -0.200305
0.841797 -0.200151
0.853516 -0.197098
0.835938 -0.193996
0.886719 -0.191065
0.849609 -0.18658
0.830078 -0.182287
0.816406 -0.177405
0.833984 -0.174414
0.822266 -0.174208
0.849609 -0.17358
0.832031 -0.171347
0.835938 -0.171008
0.841797 -0.170259
0.851562 -0.17007
0.824219 -0.17027
0.832031 -0.169434
0.839844 -0.170385
0.792969 -0.168586
0.755859 -0.16594
0.769531 -0.162669
0.771484 -0.159637
0.755859 -0.158118
0.78125 -0.155421
0.773438 -0.154454
0.716797 -0.150238
0.703125 -0.14338
0.724609 -0.138426
0.746094 -0.135158
0.775391 -0.131288
0.810547 -0.129828
0.816406 -0.126669
0.828125 -0.123039
0.798828 -0.120388
0.830078 -0.121119
0.804688 -0.122685
0.779297 -0.122741
0.767578 -0.122649
0.705078 -0.123154
0.707031 -0.124762
0.708984 -0.125502
0.736328 -0.128392
0.791016 -0.134835
0.792969 -0.139225
0.787109 -0.143114
0.798828 -0.145694
0.800781 -0.147219
0.808594 -0.147334
0.816406 -0.150237
0.833984 -0.150099
0.835938 -0.149639
0.832031 -0.150932
0.845703 -0.15029
0.847656 -0.147749
0.871094 -0.145383
0.84375 -0.142193
0.865234 -0.138096
0.849609 -0.13424
0.802734 -0.133971
0.787109 -0.133297
0.814453 -0.133385
0.8125 -0.130438
0.818359 -0.124469
0.841797 -0.122214
0.835938 -0.120037
0.869141 -0.12038
0.841797 -0.122103
0.828125 -0.123987
0.847656 -0.124787
0.869141 -0.124026
0.841797 -0.125404
0.845703 -0.129602
0.822266 -0.132955
0.832031 -0.13325
0.863281 -0.133002
0.873047 -0.134435
0.865234 -0.1334
0.869141 -0.13391
0.859375 -0.133277
0.822266 -0.131921
0.814453 -0.130297
0.792969 -0.126763
0.791016 -0.121298
0.804688 -0.118272
0.837891 -0.119918
0.810547 -0.11999
0.828125 -0.120539
0.822266 -0.120292
0.802734 -0.120744
0.775391 -0.121882
0.773438 -0.120338
0.804688 -0.119723
0.832031 -0.119088
0.816406 -0.116454
0.830078 -0.11643
0.792969 -0.117595
0.791016 -0.122061
0.814453 -0.124634
0.794922 -0.130046
0.798828 -0.133992
0.824219 -0.138912
0.832031 -0.144282
0.779297 -0.148959
0.783203 -0.154184
0.791016 -0.157245
0.802734 -0.159603
0.810547 -0.158998
0.830078 -0.158635
0.824219 -0.156589
0.830078 -0.157121
0.808594 -0.156245
0.763672 -0.154358
0.789062 -0.153837
0.785156 -0.152505
0.794922 -0.152971
0.822266 -0.155134
0.859375 -0.157717
0.867188 -0.162908
0.828125 -0.164743
0.867188 -0.166929
0.863281 -0.169844
0.876953 -0.17041
0.902344 -0.171929
0.925781 -0.173114
0.892578 -0.173968
0.898438 -0.175147
0.841797 -0.174558
0.830078 -0.173826
0.824219 -0.173041
0.822266 -0.173008
0.800781 -0.171975
0.789062 -0.170857
0.818359 -0.170679
0.806641 -0.168113
0.796875 -0.162819
0.800781 -0.156822
0.794922 -0.153227
0.845703 -0.150826
0.824219 -0.148306
0.832031 -0.146642
0.845703 -0.143802
0.824219 -0.142969
0.832031 -0.143683
0.839844 -0.144926
0.835938 -0.147193
0.833984 -0.150094
0.853516 -0.151579
0.832031 -0.154954
0.857422 -0.155601
0.845703 -0.158789
0.835938 -0.162862
0.851562 -0.163806
0.894531 -0.162733
0.904297 -0.164308
0.919922 -0.164452
0.902344 -0.165671
0.90625 -0.163424
0.896484 -0.160972
0.871094 -0.156954
0.865234 -0.153135
0.828125 -0.151256
0.84375 -0.149274
0.804688 -0.147158
0.837891 -0.144874
0.845703 -0.142569
0.839844 -0.13984
0.822266 -0.136833
0.832031 -0.1353
0.84375 -0.133962
0.841797 -0.133371
0.828125 -0.135814
0.808594 -0.136215
0.826172 -0.135333
0.814453 -0.134036
0.814453 -0.132507
0.802734 -0.134608
0.796875 -0.137259
0.775391 -0.138237
0.755859 -0.134604
0.75 -0.135248
0.787109 -0.133417
0.755859 -0.133854
0.748047 -0.134284
0.763672 -0.134664
0.759766 -0.134655
0.71875 -0.134214
0.755859 -0.133562
0.78125 -0.13367
0.740234 -0.136405
0.753906 -0.139711
0.800781 -0.141279
0.796875 -0.147217
0.802734 -0.152001
0.771484 -0.155039
0.808594 -0.157368
0.84375 -0.158209
0.830078 -0.158372
0.804688 -0.160529
0.814453 -0.162164
0.8125 -0.165677
0.767578 -0.167572
0.746094 -0.167676
0.78125 -0.166224
0.806641 -0.165408
0.783203 -0.166267
0.810547 -0.167636
0.822266 -0.168951
0.814453 -0.170572
0.869141 -0.17277
0.855469 -0.175798
0.851562 -0.178157
0.822266 -0.179828
0.824219 -0.178702
0.814453 -0.179251
0.808594 -0.180759
0.783203 -0.182822
0.8125 -0.185345
0.830078 -0.186635
0.794922 -0.185879
0.792969 -0.182705
0.779297 -0.181274
0.755859 -0.177071
0.773438 -0.174672
0.798828 -0.173301
0.796875 -0.170929
0.814453 -0.169164
0.798828 -0.166083
0.787109 -0.162589
0.746094 -0.159912
0.716797 -0.159254
0.712891 -0.156002
0.712891 -0.152793
0.732422 -0.150577
0.724609 -0.145386
0.736328 -0.139576
0.742188 -0.136044
0.722656 -0.131502
0.720703 -0.129345
0.714844 -0.126286
0.710938 -0.12321
0.75 -0.117809
0.765625 -0.110901
0.744141 -0.102354
0.751953 -0.0960183
0.738281 -0.0888316
0.71875 -0.0856135
0.763672 -0.0816011
0.804688 -0.074637
0.814453 -0.0685886
0.800781 -0.0637573
0.755859 -0.0598796
0.783203 -0.0553261
0.769531 -0.0507529
0.761719 -0.0465713
0.769531 -0.0456003
0.794922 -0.0446846
0.804688 -0.0446403
0.804688 -0.0435526
0.814453 -0.0457641
0.806641 -0.0478912
0.789062 -0.0522006
0.806641 -0.0578981
0.783203 -0.0624327
0.775391 -0.0647264
0.773438 -0.0664114
0.792969 -0.069476
0.8125 -0.0711207
0.810547 -0.0724939
0.814453 -0.071906
0.837891 -0.0697304
0.802734 -0.0698589
0.814453 -0.0730066
0.808594 -0.0752827
0.808594 -0.0783987
0.820312 -0.0825877
0.792969 -0.0877258
0.835938 -0.0951962
0.828125 -0.100597
0.832031 -0.106326
0.794922 -0.109092
0.796875 -0.111127
0.798828 -0.11266
0.816406 -0.115324
0.794922 -0.114898
0.833984 -0.116268
0.853516 -0.117265
0.853516 -0.119309
0.841797 -0.121945
0.859375 -0.121917
0.857422 -0.122614
0.833984 -0.12364
0.861328 -0.127198
0.873047 -0.130001
0.837891 -0.131347
0.857422 -0.133581
0.826172 -0.136141
0.84375 -0.137874
0.818359 -0.138569
0.849609 -0.135777
0.851562 -0.135163
0.857422 -0.132688
0.832031 -0.127842
0.830078 -0.122666
0.800781 -0.118047
0.767578 -0.109694
0.763672 -0.102704
0.734375 -0.09436
0.78125 -0.0874424
0.71875 -0.0816263
0.6875 -0.0769173
0.697266 -0.0735387
0.716797 -0.0684293
0.736328 -0.0658625
0.779297 -0.0645205
0.757812 -0.0620179
0.730469 -0.0596169
0.736328 -0.0571559
0.775391 -0.0524283
0.753906 -0.0477899
0.777344 -0.0422356
0.742188 -0.0380014
0.757812 -0.0333204
0.730469 -0.0318431
0.792969 -0.02813
0.796875 -0.0248446
0.8125 -0.0215913
0.828125 -0.0184559
0.773438 -0.013968
0.78125 -0.00890327
0.789062 -0.00205815
0.785156 0.00473035
0.773438 0.00730762
0.767578 0.00901742
0.75 0.0122769
0.726562 0.0127426
0.714844 0.0136906
0.722656 0.0155382
0.728516 0.0178212
0.744141 0.0181784
0.765625 0.015938
0.777344 0.0164277
0.820312 0.0154865
0.818359 0.0177107
0.824219 0.0191548
0.837891 0.0216414
0.861328 0.0214044
0.8125 0.0186894
0.849609 0.0190465
0.861328 0.0166616
0.837891 0.0139366
0.830078 0.0111966
0.833984 0.00966294
0.830078 0.00944588
0.876953 0.0105439
0.865234 0.0120012
0.875 0.013661
0.878906 0.0142246
0.892578 0.0119662
0.873047 0.0116797
0.851562 0.0136477
0.818359 0.00965944
0.857422 0.00204842
0.847656 -0.00660274
0.818359 -0.0141976
0.837891 -0.0197748
0.830078 -0.0212903
0.810547 -0.0236733
0.763672 -0.0212656
0.8125 -0.0189872
0.837891 -0.020187
0.851562 -0.023312
0.841797 -0.0246031
0.832031 -0.026155
0.804688 -0.0264917
0.820312 -0.0272374
0.785156 -0.0291868
0.791016 -0.0267667
0.789062 -0.0257007
0.763672 -0.0249468
0.753906 -0.027338
0.761719 -0.0294978
0.769531 -0.0317596
0.779297 -0.0319846
0.755859 -0.034091
0.792969 -0.0350272
0.771484 -0.0329239
0.794922 -0.0287455
0.769531 -0.0233552
0.728516 -0.0200657
0.71875 -0.0191653
0.736328 -0.0169067
0.779297 -0.0129517
0.796875 -0.00735602
0.832031 -0.0025541
0.837891 0.00229729
0.835938 0.00991881
0.869141 0.0178897
0.849609 0.0249283
0.845703 0.0322985
0.845703 0.0365638
0.857422 0.0417647
0.810547 0.0454743
0.824219 0.0513256
0.816406 0.0590752
0.802734 0.063894
0.798828 0.0707753
0.767578 0.076298
0.763672 0.0835165
0.705078 0.0897874
0.728516 0.0938007
0.744141 0.0956648
0.769531 0.0942279
0.810547 0.0940171
0.798828 0.0951457
0.822266 0.0938427
0.806641 0.0940117
0.802734 0.0950385
0.804688 0.0949537
0.808594 0.0955197
0.845703 0.0960346
0.839844 0.0967244
0.830078 0.0948233
0.849609 0.0939127
0.833984 0.0939302
0.84375 0.0953909
0.853516 0.099427
0.818359 0.103976
0.791016 0.108548
0.796875 0.112585
0.804688 0.116078
0.822266 0.116493
0.802734 0.115522
0.822266 0.114
0.814453 0.111538
0.779297 0.110096
0.783203 0.107336
0.779297 0.104327
0.792969 0.104058
0.783203 0.101471
0.783203 0.0976096
0.761719 0.0931014
0.761719 0.0891002
0.730469 0.0847217
0.71875 0.0844873
0.740234 0.0830661
0.763672 0.0791068
0.753906 0.0770918
0.787109 0.0713549
0.777344 0.0682017
0.806641 0.0637562
0.841797 0.0622268
0.814453 0.0584565
0.791016 0.0522533
0.787109 0.0465839
0.789062 0.0426362
0.785156 0.0377908
0.8125 0.0328905
0.796875 0.0317712
0.794922 0.0289359
0.769531 0.027597
0.800781 0.0244865
0.814453 0.0213784
0.804688 0.0210215
0.804688 0.0213795
0.765625 0.0211956
0.728516 0.023062
0.734375 0.0269353
0.728516 0.0333848
0.75 0.0380775
0.740234 0.0419397
0.789062 0.0450238
0.800781 0.046614
0.792969 0.0471022
0.791016 0.0522582
0.78125 0.0549396
0.759766 0.057838
0.775391 0.0603511
0.759766 0.0627853
0.728516 0.0634286
0.763672 0.0631395
0.765625 0.0670594
0.785156 0.0714628
0.730469 0.0757235
0.726562 0.0784486
0.794922 0.0814204
0.798828 0.0831192
0.826172 0.0845778
0.78125 0.0874654
0.775391 0.0902467
0.75 0.093039
0.742188 0.0958868
0.707031 0.100989
0.761719 0.105563
0.785156 0.110469
0.724609 0.115323
0.716797 0.120924
0.675781 0.12573
0.681641 0.130452
0.699219 0.136871
0.71875 0.14004
0.716797 0.142592
0.726562 0.143648
0.775391 0.141945
0.796875 0.142401
0.767578 0.142888
0.8125 0.14186
0.814453 0.140481
0.810547 0.139885
0.832031 0.13998
0.833984 0.139218
0.839844 0.138326
0.855469 0.1413
0.871094 0.141754
0.873047 0.135814
0.857422 0.1296
0.859375 0.1236
0.818359 0.120997
0.800781 0.11989
0.820312 0.116005
0.783203 0.114406
0.820312 0.115917
0.816406 0.117026
0.796875 0.119019
0.814453 0.120467
0.837891 0.123087
0.773438 0.124608
0.783203 0.123692
0.818359 0.12391
0.867188 0.123796
0.845703 0.121872
0.818359 0.12069
0.806641 0.117949
0.777344 0.11525
0.804688 0.110485
0.787109 0.108133
0.806641 0.104295
0.800781 0.100035
0.779297 0.0973259
0.798828 0.0920688
0.791016 0.0871777
0.826172 0.0846625
0.808594 0.0821334
0.746094 0.0809235
0.730469 0.076021
0.71875 0.0711718
0.710938 0.0674699
0.734375 0.0630235
0.722656 0.0601797
0.714844 0.0559298
0.726562 0.0501562
0.722656 0.0444232
0.712891 0.0358395
0.710938 0.0261966
0.689453 0.0185119
0.683594 0.0105595
0.683594 0.0041044
0.673828 -0.00243924
0.683594 -0.00928538
0.699219 -0.011378
0.685547 -0.0145586
0.650391 -0.0175967
0.650391 -0.0184998
0.632812 -0.0188099
0.609375 -0.0244739
0.636719 -0.0264801
0.652344 -0.0254827
0.679688 -0.0218339
0.621094 -0.0160754
0.566406 -0.00909756
0.646484 -0.00330403
0.658203 0.000411537
0.660156 0.00100422
0.654297 0.00404577
0.675781 0.00743379
0.685547 0.0115727
0.666016 0.0146783
0.679688 0.0177183
0.693359 0.0222555
0.658203 0.024458
0.636719 0.0265061
0.628906 0.0267703
0.650391 0.0286726
0.595703 0.0323466
0.59375 0.0316459
0.605469 0.0297148
0.580078 0.0275943
0.599609 0.0255037
0.632812 0.0233708
0.636719 0.0201368
0.634766 0.0167283
0.626953 0.0120783
0.625 0.00978989
0.662109 0.00480763
0.714844 0.00136794
0.732422 0.0025394
0.779297 -0.000281698
0.767578 -0.00401803
0.773438 -0.00747331
0.746094 -0.0156536
0.759766 -0.0201782
0.765625 -0.0271511
0.755859 -0.0339839
0.732422 -0.037523
0.740234 -0.0419382
0.773438 -0.0464238
0.742188 -0.0498886
0.71875 -0.0514955
0.744141 -0.0522444
0.681641 -0.0521022
0.660156 -0.0516267
0.730469 -0.048459
0.710938 -0.0424652
0.726562 -0.0386078
0.730469 -0.0339245
0.736328 -0.0317867
0.753906 -0.0312326
0.765625 -0.029641
0.716797 -0.0296478
0.773438 -0.0320342
0.794922 -0.0321218
0.839844 -0.0316704
0.824219 -0.0325976
0.787109 -0.0326146
0.78125 -0.032088
0.785156 -0.0309418
0.783203 -0.0292
0.767578 -0.025386
0.744141 -0.0193198
0.738281 -0.0151311
0.761719 -0.00995666
0.767578 -0.00718531
0.736328 -0.00422992
0.712891 0.00239528
0.693359 0.00629776
0.689453 0.00919779
0.648438 0.0109096
0.691406 0.01372
0.683594 0.0187676
0.714844 0.0225299
0.71875 0.0263877
0.744141 0.0296178
0.746094 0.0334917
0.769531 0.0368513
0.759766 0.0377504
0.748047 0.0405534
0.759766 0.0396982
0.716797 0.0384492
0.681641 0.0355119
0.693359 0.0331618
0.654297 0.0288583
0.648438 0.0257948
0.724609 0.0243414
0.667969 0.0236151
0.673828 0.0221147
0.662109 0.0216545
0.660156 0.0211692
0.660156 0.0202117
0.728516 0.017847
0.710938 0.0142724
0.707031 0.011261
0.732422 0.0100124
0.771484 0.00863341
0.736328 0.008542
0.724609 0.00954172
0.691406 0.0102576
0.697266 0.0165209
0.701172 0.0226609
0.710938 0.0328621
0.755859 0.0417224
0.714844 0.0482242
0.708984 0.0541343
0.708984 0.0581368
0.71875 0.0578549
0.714844 0.0570544
0.732422 0.0598062
0.746094 0.0603407
0.742188 0.0636259
0.765625 0.0689599
0.779297 0.0710641
0.783203 0.0712075
0.789062 0.0711336
0.769531 0.0734276
0.746094 0.0743157
0.759766 0.0739252
0.728516 0.0740597
0.767578 0.0724819
0.716797 0.0700468
0.693359 0.0673949
0.699219 0.0636513
0.726562 0.0604059
0.724609 0.0567172
0.761719 0.0531883
0.775391 0.0511343
0.746094 0.0475844
0.775391 0.0400549
0.771484 0.0335815
0.736328 0.0259628
0.732422 0.0172926
0.730469 0.0134693
0.748047 0.00920339
0.75 0.0049758
0.738281 0.00349802
0.761719 -0.000782146
0.744141 -0.00444045
0.740234 -0.00856213
0.726562 -0.0127799
0.714844 -0.0161656
0.748047 -0.0217796
0.748047 -0.0294772
0.714844 -0.0356697
0.703125 -0.0446428
0.654297 -0.0495951
0.666016 -0.0537251
0.683594 -0.0571883
0.697266 -0.0579078
0.730469 -0.0568822
0.726562 -0.0576982
0.738281 -0.0555484
0.708984 -0.0539562
0.724609 -0.0497847
0.710938 -0.044015
0.742188 -0.0377318
0.769531 -0.0318865
0.767578 -0.0284043
0.746094 -0.0261347
0.736328 -0.0245525
0.734375 -0.0226498
0.744141 -0.0215208
0.777344 -0.0207471
0.769531 -0.0223476
0.738281 -0.0258527
0.730469 -0.0255827
0.722656 -0.0264887
0.714844 -0.0282001
0.726562 -0.0299477
0.726562 -0.0332161
0.734375 -0.036031
0.767578 -0.0390142
0.767578 -0.0410889
0.769531 -0.0409202
0.806641 -0.0375716
0.775391 -0.0338651
0.753906 -0.0284396
0.740234 -0.0241662
0.742188 -0.0221358
0.748047 -0.0203717
0.771484 -0.0209649
0.755859 -0.0197549
0.720703 -0.0167076
0.716797 -0.0145008
0.714844 -0.0132807
0.703125 -0.0127438
0.714844 -0.0135912
0.785156 -0.014317
0.798828 -0.0153001
0.783203 -0.016735
0.794922 -0.0169479
0.773438 -0.0173185
0.775391 -0.019278
0.787109 -0.0208645
0.785156 -0.021346
0.767578 -0.0239649
0.791016 -0.0292872
0.792969 -0.0334594
0.832031 -0.0388758
0.832031 -0.0423412
0.845703 -0.0410904
0.867188 -0.0400101
0.830078 -0.0388142
0.761719 -0.0363888
0.775391 -0.0343383
0.769531 -0.029201
0.755859 -0.0226137
0.769531 -0.0157111
0.785156 -0.0115341
0.769531 -0.00873064
0.787109 -0.00910494
0.826172 -0.00968353
0.845703 -0.0104679
0.828125 -0.0111119
0.826172 -0.0133246
0.806641 -0.014805
0.785156 -0.0170037
0.792969 -0.0181276
0.794922 -0.0179648
0.78125 -0.0181091
0.75 -0.0145777
0.748047 -0.0126013
0.738281 -0.0119455
0.740234 -0.00836508
0.746094 -0.00760128
0.681641 -0.00865545
0.681641 -0.0100231
0.691406 -0.0132058
0.689453 -0.0140047
0.708984 -0.016753
0.707031 -0.019068
0.675781 -0.0217685
0.636719 -0.0202745
0.621094 -0.0204949
0.640625 -0.0244506
0.644531 -0.0257314
0.667969 -0.0276632
0.699219 -0.0299203
0.740234 -0.0284874
0.707031 -0.0279888
0.71875 -0.0294509
0.716797 -0.0321929
0.730469 -0.0333752
0.705078 -0.0337809
0.708984 -0.0353771
0.712891 -0.0359308
0.662109 -0.0370608
0.638672 -0.036919
0.648438 -0.0361466
0.638672 -0.036723
0.658203 -0.0390501
0.671875 -0.041871
0.677734 -0.0440309
0.660156 -0.0463616
0.666016 -0.0487109
0.648438 -0.0491346
0.654297 -0.0510366
0.695312 -0.0523864
0.675781 -0.0556426
0.662109 -0.0587249
0.666016 -0.057558
0.658203 -0.0561011
0.705078 -0.055656
0.714844 -0.0542374
0.726562 -0.0511213
0.732422 -0.0506819
0.775391 -0.0500262
0.759766 -0.0489027
0.761719 -0.050364
0.78125 -0.0541233
0.810547 -0.0553618
0.800781 -0.0561973
0.796875 -0.0534026
0.804688 -0.0490504
0.794922 -0.0471108
0.775391 -0.0444473
0.769531 -0.0421171
0.753906 -0.0393019
0.814453 -0.0382517
0.761719 -0.0364368
0.736328 -0.0360942
0.763672 -0.0372584
0.761719 -0.0377595
0.728516 -0.0383692
0.712891 -0.0409233
0.714844 -0.0424835
0.708984 -0.0456531
0.697266 -0.0474999
0.714844 -0.0491417
0.720703 -0.049846
0.724609 -0.0489799
0.763672 -0.0459421
0.773438 -0.0424082
0.783203 -0.0404651
0.820312 -0.0395594
0.818359 -0.0401309
0.810547 -0.0446208
0.796875 -0.0486927
0.775391 -0.0499188
0.773438 -0.0524689
0.808594 -0.0554122
0.833984 -0.0582143
0.84375 -0.0626024
0.853516 -0.0658647
0.818359 -0.0692106
0.84375 -0.0689237
0.847656 -0.0712481
0.855469 -0.0729555
0.873047 -0.0758994
0.867188 -0.0769619
0.865234 -0.0809388
0.863281 -0.0852293
0.859375 -0.0888625
0.835938 -0.0914191
0.84375 -0.0931172
0.792969 -0.0937934
0.818359 -0.0922091
0.8125 -0.088927
0.863281 -0.0867405
0.841797 -0.085046
0.816406 -0.0834139
0.822266 -0.0827411
0.830078 -0.0817621
0.828125 -0.080224
0.8125 -0.0786175
0.833984 -0.0748031
0.857422 -0.0714548
0.861328 -0.0684774
0.865234 -0.0644443
0.839844 -0.0600797
0.849609 -0.052496
0.822266 -0.0450547
0.828125 -0.038208
0.861328 -0.0325505
0.849609 -0.0254248
0.861328 -0.0208384
0.873047 -0.017291
0.873047 -0.0155859
0.853516 -0.011773
0.818359 -0.00653232
0.820312 -0.00186874
0.835938 0.00136397
0.802734 0.00285837
0.785156 0.00375716
0.78125 0.00740553
0.779297 0.0118308
0.753906 0.0164745
0.708984 0.0212848
0.693359 0.0241397
0.71875 0.0279797
0.714844 0.0333752
0.734375 0.0373707
0.726562 0.0395029
0.767578 0.0408217
0.789062 0.0410291
0.789062 0.0414373
0.759766 0.0432433
0.71875 0.0477723
0.714844 0.0503494
0.722656 0.0521788
0.751953 0.0551636
0.779297 0.0574169
0.798828 0.0604563
0.798828 0.0659762
0.824219 0.0678109
0.78125 0.0664381
0.802734 0.0671563
0.796875 0.0650308
0.785156 0.0610191
0.767578 0.0595287
0.767578 0.0598815
0.755859 0.0642246
0.773438 0.0694837
0.775391 0.0736051
0.830078 0.0790918
0.828125 0.0851208
0.865234 0.0889072
0.830078 0.0897117
0.818359 0.0885962
0.826172 0.0886766
0.828125 0.0858066
0.832031 0.0834586
0.841797 0.0840283
0.835938 0.0820804
0.839844 0.079323
0.806641 0.0755678
0.798828 0.0717559
0.861328 0.0677393
0.867188 0.0662409
0.853516 0.0615606
0.84375 0.0578077
0.865234 0.0583578
0.851562 0.0561383
0.828125 0.0555052
0.818359 0.0522473
0.789062 0.052494
0.765625 0.054407
0.773438 0.0600228
0.804688 0.0684056
0.8125 0.0771654
0.832031 0.0871065
0.816406 0.0944405
0.832031 0.100846
0.794922 0.105855
0.785156 0.113233
0.808594 0.12081
0.800781 0.125703
0.787109 0.128884
0.822266 0.128424
0.822266 0.131179
0.78125 0.131581
0.791016 0.133304
0.777344 0.136929
0.792969 0.141569
0.802734 0.14653
0.830078 0.151964
0.859375 0.157531
0.849609 0.162092
0.863281 0.164889
0.853516 0.168675
0.849609 0.168814
0.873047 0.168653
0.875 0.171061
0.884766 0.174673
0.853516 0.17989
0.849609 0.18416
0.837891 0.18935
0.789062 0.186944
0.804688 0.186365
0.771484 0.188096
0.775391 0.189855
0.765625 0.191765
0.792969 0.194296
0.789062 0.196386
0.800781 0.197943
0.867188 0.198105
0.861328 0.197714
0.857422 0.196004
0.888672 0.196561
0.886719 0.193407
0.871094 0.185753
0.867188 0.178518
0.878906 0.171603
0.861328 0.16438
0.859375 0.158153
0.857422 0.152606
0.863281 0.150581
0.873047 0.148453
0.890625 0.143899
0.867188 0.138342
0.847656 0.134085
0.884766 0.129636
0.867188 0.124938
0.845703 0.118883
0.845703 0.113336
0.837891 0.10793
0.804688 0.103755
0.783203 0.100367
0.769531 0.0946713
0.761719 0.091051
0.804688 0.0816272
0.804688 0.0723957
0.802734 0.0641304
0.779297 0.0572833
0.761719 0.0491518
0.775391 0.0433542
0.785156 0.0373872
0.78125 0.0299269
0.791016 0.0235765
0.777344 0.0164817
0.794922 0.0101936
0.849609 0.00461867
0.873047 0.000742065
0.865234 -0.00427875
0.839844 -0.0073837
0.835938 -0.00768724
0.886719 -0.00827346
0.886719 -0.00641717
0.876953 -0.00365304
0.880859 -0.00294113
0.878906 -0.000550256
0.867188 0.000769272
0.841797 0.0038493
0.859375 0.011625
0.804688 0.0190848
0.796875 0.0282575
0.810547 0.0356934
0.851562 0.0429599
0.867188 0.0505504
0.865234 0.0575102
0.847656 0.0640177
0.832031 0.0673113
0.835938 0.0695889
0.867188 0.0715286
0.8125 0.0763279
0.798828 0.0830933
0.765625 0.0913132
0.794922 0.09794
0.806641 0.106244
0.847656 0.115332
0.855469 0.12338
0.873047 0.13148
0.871094 0.140868
0.867188 0.149741
0.837891 0.159414
0.830078 0.166708
0.830078 0.173978
0.839844 0.177684
0.826172 0.181215
0.851562 0.184936
0.867188 0.186726
0.861328 0.186727
0.882812 0.186881
0.84375 0.190259
0.859375 0.190982
0.832031 0.194226
0.822266 0.197836
0.841797 0.20103
0.835938 0.208483
0.814453 0.216034
0.841797 0.219091
0.828125 0.222297
0.839844 0.225609
0.861328 0.226125
0.835938 0.226314
0.863281 0.225892
0.910156 0.221161
0.916016 0.216052
0.902344 0.208591
0.910156 0.200169
0.90625 0.189739
0.910156 0.177727
0.876953 0.172457
0.859375 0.16575
0.861328 0.162815
0.859375 0.160875
0.839844 0.161325
0.863281 0.159885
0.884766 0.158141
0.884766 0.156665
0.861328 0.157387
0.847656 0.158845
0.828125 0.160344
0.822266 0.159457
0.828125 0.161703
0.830078 0.163386
0.824219 0.165122
0.800781 0.16687
0.830078 0.16554
0.853516 0.166948
0.835938 0.169279
0.810547 0.17183
0.794922 0.17052
0.761719 0.172624
0.78125 0.172626
0.777344 0.1723
0.746094 0.171505
0.71875 0.168804
0.724609 0.1667
0.71875 0.164004
0.759766 0.16094
0.759766 0.161949
0.757812 0.167217
0.777344 0.173254
0.771484 0.176121
0.744141 0.178852
0.75 0.179349
0.751953 0.176633
0.726562 0.175041
0.724609 0.173322
0.712891 0.174336
0.6875 0.171324
0.701172 0.170735
0.720703 0.16924
0.708984 0.16784
0.716797 0.168358
0.703125 0.170895
0.724609 0.172404
0.71875 0.175437
0.738281 0.176951
0.742188 0.178121
0.755859 0.178022
0.765625 0.175703
0.800781 0.175032
0.792969 0.174511
0.820312 0.170947
0.802734 0.168991
0.828125 0.16569
0.861328 0.163795
0.853516 0.165707
0.837891 0.170665
0.851562 0.176019
0.851562 0.183054
0.880859 0.188309
0.859375 0.193137
0.875 0.197494
0.873047 0.198487
0.882812 0.194163
0.861328 0.191559
0.841797 0.187747
0.845703 0.184093
0.859375 0.180114
0.814453 0.177505
0.830078 0.175509
0.800781 0.175677
0.794922 0.173705
0.785156 0.171017
0.771484 0.167803
0.779297 0.165144
0.759766 0.161312
0.824219 0.158152
0.818359 0.155104
0.794922 0.151577
0.8125 0.14718
0.806641 0.141292
0.783203 0.136379
0.775391 0.131542
0.802734 0.127463
0.791016 0.123736
0.777344 0.118074
0.78125 0.112239
0.777344 0.105296
0.771484 0.10003
0.771484 0.0937105
0.794922 0.0882571
0.791016 0.0788962
0.810547 0.0698855
0.806641 0.0623143
0.806641 0.0563692
0.773438 0.0514598
0.722656 0.0494575
0.744141 0.048339
0.765625 0.0441952
0.792969 0.0405467
0.835938 0.0357239
0.830078 0.0306458
0.816406 0.0268774
0.841797 0.0201557
0.851562 0.0146925
0.824219 0.0086098
0.808594 0.00325073
0.824219 -0.00263507
0.808594 -0.00777207
0.84375 -0.0100497
0.796875 -0.0142432
0.773438 -0.0125128
0.787109 -0.00789141
0.810547 -0.00347774
0.814453 -0.000488198
0.769531 0.00258058
0.759766 0.00499391
0.792969 0.00649312
0.757812 0.00604484
0.777344 0.00779715
0.779297 0.00807881
0.792969 0.0107307
0.78125 0.0164725
0.787109 0.0213895
0.792969 0.0250216
0.755859 0.0263961
0.730469 0.0293276
0.742188 0.0315752
0.736328 0.0374592
0.705078 0.0447942
0.691406 0.047973
0.728516 0.0540031
0.742188 0.0568914
0.748047 0.0585018
0.769531 0.0586695
0.771484 0.0572024
0.707031 0.0558833
0.699219 0.0535433
0.716797 0.0535628
0.746094 0.0543465
0.755859 0.0587648
0.759766 0.0656461
0.769531 0.0718079
0.740234 0.0785631
0.71875 0.084399
0.714844 0.085683
0.742188 0.086401
0.748047 0.0870374
0.736328 0.0885668
0.755859 0.0903365
0.789062 0.0930981
0.734375 0.0941581
0.740234 0.0952123
0.763672 0.0956264
0.726562 0.101058
0.742188 0.104635
0.732422 0.10669
0.757812 0.105801
0.816406 0.101274
0.804688 0.098082
0.771484 0.0968986
0.751953 0.0960817
0.765625 0.0959072
0.767578 0.0957718
0.710938 0.0937644
0.669922 0.0910821
0.673828 0.088819
0.650391 0.0876037
0.658203 0.0844351
0.667969 0.0828582
0.669922 0.0816915
0.644531 0.0809986
0.646484 0.0803577
0.689453 0.0770606
0.666016 0.0747877
0.705078 0.0718867
0.691406 0.0650144
0.662109 0.0575182
0.699219 0.0521311
0.685547 0.0461995
0.664062 0.0422494
0.630859 0.0397628
0.660156 0.0375828
0.681641 0.0347811
0.654297 0.0332898
0.667969 0.0320561
0.658203 0.0320308
0.675781 0.0319258
0.679688 0.0307492
0.671875 0.0295633
0.675781 0.0287354
0.697266 0.0263448
0.65625 0.0259456
0.636719 0.0248607
0.605469 0.02327
0.626953 0.0217028
0.591797 0.0214393
0.599609 0.0187304
0.601562 0.0138469
0.621094 0.00997876
0.628906 0.00691408
0.634766 0.00955715
0.611328 0.0089547
0.601562 0.0120964
0.654297 0.0148222
0.634766 0.0207514
0.603516 0.0218856
0.574219 0.0245404
0.587891 0.0294028
0.587891 0.0302285
0.583984 0.028919
0.626953 0.0258236
0.619141 0.0228417
0.607422 0.0215881
0.615234 0.0192121
0.617188 0.0177271
0.619141 0.0141051
0.652344 0.00774456
0.615234 0.00352911
0.580078 0.0014838
0.583984 1.04718e-05
0.642578 0.00367363
0.650391 0.00674459
0.658203 0.0112928
0.664062 0.0160176
0.644531 0.0175084
0.619141 0.0181702
0.611328 0.0179037
0.664062 0.0193481
0.679688 0.0210849
0.673828 0.0217037
0.677734 0.0181037
0.693359 0.0136612
0.638672 0.00900946
0.679688 0.00873957
0.705078 0.00918249
0.701172 0.0124374
0.724609 0.013182
0.71875 0.0116678
0.742188 0.00949398
0.738281 0.00900891
0.783203 0.0111387
0.802734 0.0173145
0.810547 0.0202909
0.822266 0.0219197
0.824219 0.0234243
0.789062 0.0262977
0.796875 0.0252656
0.763672 0.026412
0.773438 0.0253804
0.761719 0.0261852
0.738281 0.0274863
0.75 0.0281443
0.748047 0.0310956
0.767578 0.0336354
0.779297 0.0329627
0.847656 0.0337161
0.847656 0.0369559
0.830078 0.0377075
0.785156 0.0413999
0.802734 0.0431391
0.808594 0.0445446
0.810547 0.0471939
0.814453 0.046077
0.824219 0.0478652
0.810547 0.0498532
0.794922 0.0469465
0.8125 0.0443513
0.818359 0.042219
0.845703 0.0381391
0.8125 0.0348611
0.806641 0.0350368
0.8125 0.0367581
0.806641 0.0368416
0.773438 0.038456
0.763672 0.0426781
0.736328 0.0440382
0.728516 0.0429655
0.738281 0.0455538
0.744141 0.044273
0.724609 0.0450127
0.765625 0.0456105
0.761719 0.0433665
0.728516 0.0414353
0.726562 0.0407127
0.740234 0.03911
0.738281 0.0338744
0.759766 0.0294536
0.785156 0.0240221
0.777344 0.0210433
0.806641 0.0158572
0.785156 0.0129
0.779297 0.0107615
0.791016 0.0100864
0.802734 0.00823417
0.773438 0.00621403
0.763672 0.00617739
0.728516 0.00523825
0.724609 0.00635351
0.707031 0.00432436
0.710938 0.00360908
0.720703 0.00380856
0.681641 0.00567377
0.675781 0.0104594
0.634766 0.012104
0.615234 0.0129962
0.566406 0.0175206
0.625 0.0176632
0.613281 0.0198885
0.587891 0.0232221
0.591797 0.0248306
0.589844 0.0261954
0.617188 0.0276715
0.634766 0.0333394
0.666016 0.0370382
0.667969 0.0395737
0.703125 0.0398727
0.707031 0.0392385
0.681641 0.0378866
0.666016 0.0351442
0.638672 0.0355249
0.650391 0.0396825
0.693359 0.0417195
0.703125 0.0432137
0.689453 0.0447629
0.720703 0.0506396
0.685547 0.054497
0.666016 0.0552028
0.658203 0.0555602
0.697266 0.054142
0.683594 0.0548216
0.703125 0.0575618
0.677734 0.0608709
0.685547 0.061768
0.699219 0.061935
0.671875 0.062871
0.638672 0.0642657
0.671875 0.0650946
0.669922 0.0673239
0.681641 0.0699831
0.689453 0.0711798
0.671875 0.0732808
0.710938 0.0774737
0.707031 0.0799848
0.683594 0.0828642
0.660156 0.086135
0.685547 0.0887727
0.677734 0.0890807
0.722656 0.0899799
0.712891 0.0903541
0.705078 0.0927968
0.722656 0.0938668
0.734375 0.0945723
0.726562 0.0939293
0.712891 0.0912752
0.730469 0.0874905
0.765625 0.0830284
0.722656 0.081993
0.652344 0.0811257
0.673828 0.0817827
0.658203 0.0863433
0.650391 0.0910315
0.658203 0.0921538
0.617188 0.092868
0.673828 0.0913741
0.621094 0.0905311
0.638672 0.0910645
0.652344 0.0946846
0.646484 0.0980261
0.625 0.102047
0.605469 0.106255
0.630859 0.107546
0.642578 0.109202
0.666016 0.111486
0.703125 0.118737
0.720703 0.123525
0.707031 0.12282
0.708984 0.121059
0.707031 0.117666
0.695312 0.115581
0.689453 0.113769
0.707031 0.11024
0.732422 0.108624
0.738281 0.108392
0.714844 0.106547
0.726562 0.106303
0.703125 0.109145
0.722656 0.110136
0.746094 0.110649
0.767578 0.11008
0.740234 0.110862
0.746094 0.112909
0.769531 0.113567
0.748047 0.112465
0.716797 0.11229
0.722656 0.108682
0.736328 0.104699
0.701172 0.102072
0.701172 0.0983527
0.708984 0.0982772
0.71875 0.0982557
0.728516 0.0994556
0.703125 0.101289
0.730469 0.100636
0.734375 0.0954077
0.724609 0.0922749
0.744141 0.0875931
0.751953 0.0836748
0.720703 0.0834205
0.71875 0.0830015
0.716797 0.0825843
0.730469 0.0807066
0.763672 0.0779792
0.769531 0.0758366
0.794922 0.0744024
0.765625 0.0714579
0.748047 0.0706478
0.757812 0.0703541
0.798828 0.0715662
0.824219 0.0712563
0.771484 0.0723272
0.787109 0.0728654
0.810547 0.0768745
0.804688 0.0830215
0.796875 0.091175
0.810547 0.0954324
0.787109 0.100675
0.794922 0.105221
0.785156 0.111604
0.832031 0.118706
0.810547 0.124183
0.816406 0.127752
0.8125 0.129424
0.792969 0.130976
0.833984 0.137108
0.853516 0.141633
0.861328 0.141102
0.861328 0.14002
0.849609 0.138243
0.800781 0.137421
0.78125 0.137948
0.800781 0.142325
0.779297 0.14764
0.8125 0.149253
0.796875 0.151702
0.791016 0.153438
0.78125 0.158656
0.832031 0.162746
0.853516 0.164691
0.833984 0.167931
0.853516 0.169951
0.822266 0.17046
0.818359 0.174712
0.830078 0.178572
0.808594 0.184476
0.789062 0.187296
0.777344 0.187727
0.791016 0.188769
0.798828 0.18711
0.814453 0.186658
0.810547 0.184599
0.787109 0.176388
0.763672 0.170454
0.792969 0.164593
0.771484 0.16047
0.800781 0.15857
0.808594 0.154181
0.796875 0.148353
0.806641 0.143699
0.804688 0.14213
0.775391 0.139671
0.816406 0.138554
0.84375 0.135561
0.847656 0.136724
0.837891 0.133592
0.785156 0.130855
0.779297 0.124804
0.779297 0.119849
0.757812 0.113903
0.746094 0.109591
0.748047 0.109213
0.75 0.107511
0.771484 0.10641
0.789062 0.103474
0.765625 0.0995071
0.759766 0.0944888
0.765625 0.0905583
0.802734 0.0866865
0.785156 0.0823631
0.783203 0.0792122
0.804688 0.078903
0.841797 0.0744787
0.849609 0.0708457
0.847656 0.0706424
0.826172 0.0707364
0.847656 0.0708537
0.822266 0.0677107
0.775391 0.0611674
0.775391 0.05696
0.78125 0.0551671
0.75 0.0559395
0.822266 0.0554473
0.814453 0.055273
0.816406 0.0552272
0.824219 0.0508128
0.794922 0.0477672
0.818359 0.0444066
0.828125 0.0420283
0.857422 0.0395783
0.845703 0.0377102
0.828125 0.0373677
0.828125 0.0379268
0.808594 0.0370802
0.855469 0.0367583
0.830078 0.0377324
0.841797 0.0357516
0.8125 0.0362312
0.828125 0.0385985
0.847656 0.0418122
0.835938 0.045243
0.853516 0.0456837
0.826172 0.0462049
0.802734 0.0463978
0.816406 0.047985
0.785156 0.0492532
0.755859 0.0531276
0.765625 0.0533402
0.759766 0.050253
0.742188 0.0500469
0.763672 0.0500781
0.775391 0.0504737
0.757812 0.0542641
0.796875 0.0570159
0.818359 0.0589757
0.833984 0.0591485
0.841797 0.0583899
0.833984 0.0535386
0.810547 0.0485847
0.794922 0.0404845
0.808594 0.0377326
0.800781 0.0348922
0.800781 0.0326943
0.818359 0.0313045
0.794922 0.0320165
0.78125 0.0350482
0.769531 0.0398625
0.720703 0.0420704
0.75 0.0473067
0.740234 0.0466518
0.763672 0.0495712
0.779297 0.0540159
0.755859 0.0594479
0.755859 0.062589
0.773438 0.0664571
0.783203 0.0724581
0.800781 0.0726569
0.818359 0.0754147
0.814453 0.0776651
0.847656 0.076863
0.892578 0.0778091
0.839844 0.0783652
0.849609 0.0817945
0.8125 0.0852176
0.818359 0.0862646
0.814453 0.0848174
0.771484 0.0827451
0.773438 0.0802113
0.771484 0.0760622
0.792969 0.0748367
0.755859 0.0682362
0.785156 0.0641239
0.771484 0.0600649
0.755859 0.0609098
0.785156 0.0634813
0.818359 0.0651595
0.841797 0.0666655
0.853516 0.0646738
0.871094 0.064193
0.863281 0.0640558
0.880859 0.0618196
0.876953 0.0559471
0.896484 0.0478781
0.892578 0.0420589
0.908203 0.0417126
0.910156 0.040619
0.859375 0.0385637
0.839844 0.0367461
0.816406 0.0362476
0.791016 0.0353003
0.751953 0.0347346
0.783203 0.0361705
0.767578 0.0408179
0.775391 0.0457432
0.802734 0.051333
0.802734 0.0566924
0.800781 0.0605093
0.800781 0.0641672
0.832031 0.0673973
0.828125 0.0703064
0.857422 0.0755458
0.851562 0.0777835
0.859375 0.0788124
0.855469 0.0818899
0.878906 0.0829667
0.871094 0.084386
0.869141 0.0842642
0.859375 0.0836343
0.855469 0.0780101
0.839844 0.0741432
0.824219 0.0704648
0.794922 0.0707474
0.8125 0.0730416
0.783203 0.0733653
0.832031 0.0745246
0.841797 0.0783751
0.837891 0.0796507
0.863281 0.0799794
0.84375 0.0828478
0.802734 0.0844788
0.791016 0.0847424
0.791016 0.0819169
0.8125 0.0784524
0.804688 0.0749287
0.791016 0.0695833
0.789062 0.0698062
0.804688 0.0682523
0.787109 0.0645723
0.816406 0.0588573
0.833984 0.0546329
0.841797 0.0483024
0.859375 0.0426997
0.832031 0.041012
0.871094 0.0385047
0.882812 0.0371276
0.910156 0.0340998
0.894531 0.032544
0.90625 0.0301865
0.888672 0.0276927
0.876953 0.0311485
0.851562 0.0359068
0.818359 0.0375538
0.810547 0.0349887
0.830078 0.0277244
0.853516 0.021098
0.830078 0.0149782
0.853516 0.00846361
0.875 0.00573092
0.873047 0.00608509
0.880859 0.0026372
0.847656 -0.000533028
0.861328 -0.0021457
0.871094 -0.00562232
0.884766 -0.00743865
0.902344 -0.00901696
0.841797 -0.00994905
0.861328 -0.00992581
0.830078 -0.00956589
0.822266 -0.00500662
0.828125 0.00124468
0.830078 0.00704565
0.84375 0.0117662
0.837891 0.0144717
0.833984 0.0139974
0.822266 0.0168077
0.839844 0.0185421
0.816406 0.0268238
0.851562 0.0346199
0.798828 0.0376766
0.806641 0.0399462
0.796875 0.0427104
0.8125 0.0395997
0.769531 0.0361166
0.757812 0.0354104
0.753906 0.0351206
0.763672 0.0322326
0.763672 0.0286706
0.800781 0.0300351
0.787109 0.0319695
0.771484 0.0298779
0.791016 0.0244831
0.802734 0.0210358
0.814453 0.0180375
0.837891 0.0176071
0.832031 0.0191319
0.845703 0.0186037
0.828125 0.0217838
0.818359 0.0212935
0.826172 0.0153215
0.789062 0.0107785
0.767578 0.00865756
0.740234 0.00443959
0.744141 -0.000859501
0.732422 -0.00447773
0.740234 -0.00686344
0.75 -0.00925296
0.744141 -0.0111546
0.732422 -0.0123592
0.744141 -0.0147827
0.736328 -0.0173425
0.755859 -0.0148118
0.775391 -0.0128386
0.832031 -0.0143541
0.84375 -0.0176672
0.8125 -0.021443
0.806641 -0.024212
0.761719 -0.0293103
0.720703 -0.0320031
0.775391 -0.035664
0.755859 -0.0391612
0.763672 -0.0455671
0.804688 -0.0539849
0.791016 -0.0585765
0.857422 -0.0593641
0.863281 -0.0618741
0.865234 -0.064077
0.884766 -0.0643161
0.820312 -0.0647764
0.828125 -0.065894
0.835938 -0.063566
0.824219 -0.0646359
0.833984 -0.063051
0.855469 -0.0619684
0.875 -0.0635107
0.888672 -0.0625622
0.871094 -0.0583598
0.851562 -0.0575024
0.849609 -0.0533789
0.826172 -0.0488435
0.828125 -0.0459927
0.835938 -0.0448681
0.855469 -0.0406906
0.8125 -0.0388174
0.798828 -0.0352138
0.816406 -0.0310654
0.792969 -0.0314712
0.800781 -0.0308229
0.822266 -0.0297677
0.826172 -0.0311749
0.818359 -0.0366351
0.792969 -0.0425098
0.824219 -0.045963
0.806641 -0.0483063
0.839844 -0.0491686
0.851562 -0.0500693
0.828125 -0.0557541
0.873047 -0.0635669
0.859375 -0.0686986
0.833984 -0.0715608
0.804688 -0.0780981
0.791016 -0.0836897
0.785156 -0.0867301
0.822266 -0.0922342
0.839844 -0.0972246
0.845703 -0.1038
0.869141 -0.10684
0.826172 -0.109696
0.8125 -0.113441
0.779297 -0.115559
0.775391 -0.117364
0.769531 -0.123103
0.746094 -0.129101
0.761719 -0.134096
0.734375 -0.135934
0.712891 -0.133324
0.738281 -0.131016
0.761719 -0.130027
0.800781 -0.128501
0.8125 -0.128062
0.802734 -0.12624
0.78125 -0.121652
0.804688 -0.119599
0.810547 -0.11753
0.833984 -0.115724
0.84375 -0.114909
0.835938 -0.116058
0.830078 -0.118198
0.800781 -0.121622
0.773438 -0.124554
0.802734 -0.127782
0.84375 -0.131593
0.863281 -0.133021
0.839844 -0.130927
0.863281 -0.130873
0.896484 -0.131142
0.90625 -0.13157
0.876953 -0.135666
0.880859 -0.139772
0.871094 -0.142004
0.853516 -0.143007
0.880859 -0.147718
0.892578 -0.151323
0.882812 -0.152975
0.896484 -0.150473
0.896484 -0.147872
0.867188 -0.146293
0.873047 -0.145031
0.894531 -0.145637
0.898438 -0.146919
0.876953 -0.149024
0.851562 -0.148687
0.845703 -0.146372
0.792969 -0.14658
0.820312 -0.145625
0.820312 -0.146827
0.826172 -0.146783
0.863281 -0.144659
0.867188 -0.141342
0.861328 -0.140501
0.855469 -0.138595
0.857422 -0.136698
0.820312 -0.132992
0.828125 -0.133017
0.861328 -0.134857
0.830078 -0.138732
0.830078 -0.145535
0.863281 -0.146962
0.869141 -0.146151
0.841797 -0.142124
0.867188 -0.140512
0.863281 -0.142761
0.845703 -0.142373
0.847656 -0.141722
0.845703 -0.142828
0.835938 -0.144006
0.816406 -0.145321
0.833984 -0.145047
0.845703 -0.142162
0.878906 -0.138002
0.876953 -0.135516
0.857422 -0.13089
0.849609 -0.122194
0.853516 -0.115859
0.806641 -0.109475
0.787109 -0.101388
0.789062 -0.0931988
0.792969 -0.086424
0.800781 -0.0786567
0.806641 -0.0737211
0.773438 -0.0719245
0.794922 -0.0715698
0.798828 -0.0693098
0.794922 -0.0681935
0.794922 -0.0635457
0.816406 -0.061796
0.835938 -0.0573935
0.880859 -0.0520556
0.861328 -0.0488666
0.853516 -0.0481675
0.857422 -0.0465659
0.804688 -0.0483326
0.841797 -0.0553069
0.841797 -0.0616702
0.847656 -0.073141
0.855469 -0.0843256
0.859375 -0.0952227
0.837891 -0.107072
0.845703 -0.117355
0.833984 -0.125696
0.845703 -0.131889
0.8125 -0.136804
0.810547 -0.143272
0.810547 -0.151277
0.8125 -0.153411
0.800781 -0.153627
0.822266 -0.151447
0.847656 -0.146848
0.894531 -0.139618
0.898438 -0.135149
0.890625 -0.133478
0.896484 -0.131747
0.878906 -0.126333
0.853516 -0.122576
0.847656 -0.116242
0.892578 -0.111778
0.888672 -0.109043
0.886719 -0.106058
0.890625 -0.101363
0.861328 -0.0950781
0.818359 -0.0915775
0.837891 -0.0904716
0.849609 -0.0910703
0.884766 -0.0921523
0.861328 -0.094029
0.873047 -0.0923752
0.863281 -0.0916985
0.853516 -0.0942352
0.84375 -0.0924692
0.871094 -0.0919472
0.818359 -0.0939399
0.820312 -0.0925683
0.839844 -0.0942351
0.84375 -0.0951409
0.857422 -0.0966833
0.869141 -0.0992244
0.861328 -0.102753
0.859375 -0.107039
0.833984 -0.108818
0.841797 -0.111101
0.849609 -0.113615
0.857422 -0.115689
0.871094 -0.118037
0.845703 -0.119069
0.857422 -0.11856
0.855469 -0.115462
0.826172 -0.111951
0.835938 -0.107837
0.845703 -0.107615
0.841797 -0.107402
0.865234 -0.107378
0.867188 -0.109783
0.884766 -0.11351
0.888672 -0.116492
0.847656 -0.118859
0.855469 -0.121349
0.884766 -0.121638
0.882812 -0.123358
0.851562 -0.122621
0.853516 -0.121412
0.84375 -0.126327
0.863281 -0.126796
0.869141 -0.126034
0.863281 -0.122532
0.875 -0.118957
0.896484 -0.115318
0.878906 -0.108056
0.871094 -0.0986491
0.832031 -0.0916572
0.828125 -0.0894354
0.818359 -0.0881269
0.814453 -0.0804481
0.792969 -0.0782679
0.777344 -0.0710409
0.761719 -0.0641506
0.773438 -0.0550204
0.779297 -0.0467214
0.771484 -0.0419
0.789062 -0.0374348
0.787109 -0.030438
0.820312 -0.0223826
0.804688 -0.0185108
0.783203 -0.0181331
0.792969 -0.0222388
0.789062 -0.0225215
0.8125 -0.0210784
0.804688 -0.0166218
0.8125 -0.0171194
0.810547 -0.019478
0.828125 -0.025168
0.873047 -0.0293515
0.861328 -0.0326731
0.871094 -0.0345911
0.853516 -0.0355691
0.861328 -0.0348284
0.876953 -0.0345637
0.876953 -0.0317728
0.861328 -0.0311863
0.861328 -0.0346251
0.865234 -0.0375444
0.859375 -0.0393153
0.878906 -0.0420031
0.880859 -0.0464754
0.855469 -0.05466
0.853516 -0.0611138
0.871094 -0.0655833
0.865234 -0.06877
0.875 -0.0712752
0.878906 -0.0699449
0.878906 -0.0711286
0.875 -0.0755127
0.90625 -0.0762217
0.916016 -0.0724295
0.876953 -0.0687621
0.875 -0.0682142
0.859375 -0.0669987
0.882812 -0.0624146
0.896484 -0.0549375
0.882812 -0.0493951
0.867188 -0.0491562
0.859375 -0.0481892
0.851562 -0.045978
0.841797 -0.0479879
0.796875 -0.0538896
0.783203 -0.0584039
0.798828 -0.0638684
0.761719 -0.0649394
0.796875 -0.0651497
0.826172 -0.0617023
0.794922 -0.0643639
0.771484 -0.065971
0.798828 -0.0697758
0.787109 -0.072146
0.798828 -0.0755141
0.806641 -0.0745788
0.847656 -0.0734693
0.810547 -0.0678975
0.851562 -0.0593637
0.822266 -0.0489629
0.820312 -0.0378902
0.791016 -0.0275936
0.808594 -0.0213317
0.824219 -0.0146219
0.798828 -0.00809223
0.785156 -0.00484649
0.771484 0.000975802
0.806641 0.00875344
0.810547 0.0160564
0.830078 0.0196585
0.787109 0.021689
0.800781 0.0228358
0.835938 0.0233843
0.830078 0.0239533
0.839844 0.0205401
0.871094 0.0139409
0.869141 0.00644958
0.818359 -0.00124207
0.849609 -0.00963892
0.876953 -0.0154096
0.894531 -0.0178084
0.910156 -0.0187534
0.882812 -0.0211819
0.898438 -0.0253895
0.884766 -0.0280119
0.873047 -0.0290881
0.871094 -0.0321152
0.863281 -0.0341267
0.835938 -0.0367691
0.808594 -0.0368816
0.84375 -0.0404321
0.798828 -0.043852
0.814453 -0.0497348
0.833984 -0.0569752
0.853516 -0.0634074
0.816406 -0.0629285
0.832031 -0.0646984
0.841797 -0.064483
0.8125 -0.0644566
0.826172 -0.0608715
0.851562 -0.0585513
0.84375 -0.0564766
0.835938 -0.0576411
0.849609 -0.0589883
0.8125 -0.0591788
0.832031 -0.0625144
0.798828 -0.0658861
0.785156 -0.0652943
0.787109 -0.0684327
0.773438 -0.0693171
0.765625 -0.0718434
0.791016 -0.069114
0.802734 -0.0626483
0.78125 -0.0576897
0.779297 -0.0537629
0.763672 -0.0455878
0.748047 -0.0380625
0.751953 -0.0293368
0.716797 -0.0234943
0.744141 -0.0184329
0.738281 -0.014836
0.751953 -0.0138552
0.751953 -0.0135512
0.734375 -0.0108836
0.681641 -0.0078773
0.681641 -0.00275553
0.664062 0.00302934
0.746094 0.010337
0.761719 0.0149723
0.796875 0.0164459
0.78125 0.0198686
0.792969 0.021503
0.783203 0.0260513
0.810547 0.0324279
0.798828 0.0376252
0.794922 0.0411328
0.802734 0.0443343
0.820312 0.0456039
0.853516 0.0508368
0.855469 0.0543318
0.873047 0.0539345
0.853516 0.0583547
0.845703 0.0574319
0.855469 0.0583809
0.835938 0.0635639
0.806641 0.0711883
0.835938 0.0802189
0.837891 0.0868615
0.814453 0.0873573
0.78125 0.0851271
0.800781 0.0807578
0.800781 0.0772343
0.826172 0.0773297
0.804688 0.0772487
0.798828 0.0747612
0.830078 0.0754253
0.814453 0.0789836
0.841797 0.0827727
0.849609 0.0852521
0.851562 0.0901482
0.814453 0.0931705
0.833984 0.0968419
0.882812 0.0958898
0.888672 0.0933179
0.867188 0.0955557
0.859375 0.0981997
0.859375 0.102949
0.857422 0.108593
0.896484 0.113906
0.880859 0.120351
0.894531 0.127737
0.865234 0.129748
0.884766 0.133958
0.900391 0.137985
0.912109 0.140608
0.892578 0.140914
0.914062 0.136463
0.863281 0.133171
0.869141 0.128853
0.886719 0.125385
0.888672 0.123769
0.871094 0.12036
0.847656 0.118017
0.839844 0.115008
0.804688 0.114033
0.822266 0.114235
0.796875 0.117544
0.787109 0.119258
0.804688 0.117661
0.802734 0.117981
0.8125 0.119052
0.787109 0.121159
0.771484 0.119501
0.777344 0.115565
0.746094 0.107914
0.751953 0.0959075
0.724609 0.0850058
0.6875 0.0790312
0.720703 0.0727939
0.707031 0.0644811
0.757812 0.0560791
0.748047 0.0489046
0.785156 0.0432546
0.769531 0.0376114
0.785156 0.033483
0.8125 0.0290874
0.841797 0.0245408
0.861328 0.0251242
0.822266 0.0239865
0.818359 0.0207878
0.775391 0.0179347
0.716797 0.0153376
0.742188 0.0050628
0.75 -0.00559359
0.740234 -0.0185089
0.742188 -0.034084
0.775391 -0.045067
0.765625 -0.0543087
0.791016 -0.0593715
0.753906 -0.0602737
0.732422 -0.0643617
0.716797 -0.0645391
0.693359 -0.0649054
0.742188 -0.0648256
0.75 -0.0650379
0.732422 -0.0641735
0.707031 -0.0596141
0.712891 -0.0576339
0.755859 -0.05665
0.746094 -0.0545213
0.783203 -0.0534392
0.787109 -0.0500154
0.783203 -0.0478621
0.802734 -0.0464527
0.789062 -0.0457453
0.796875 -0.0439631
0.804688 -0.0382444
0.767578 -0.0309604
0.777344 -0.024512
0.746094 -0.016243
0.773438 -0.0105357
0.777344 -0.00256005
0.779297 0.000906664
0.734375 0.00593037
0.748047 0.00925534
0.769531 0.0107941
0.808594 0.0111504
0.820312 0.0183545
0.816406 0.0192315
0.779297 0.0216827
0.810547 0.0256223
0.808594 0.0275358
0.796875 0.0319889
0.765625 0.0348375
0.794922 0.0371685
0.783203 0.0421501
0.779297 0.0467457
0.779297 0.0513033
0.773438 0.0550666
0.783203 0.058787
0.78125 0.0612441
0.769531 0.0654815
0.757812 0.0676246
0.740234 0.0716123
0.757812 0.0791114
0.75 0.0879068
0.730469 0.0923069
0.716797 0.0926637
0.708984 0.0933834
0.730469 0.0875641
0.736328 0.0801716
0.796875 0.069723
0.822266 0.0615285
0.796875 0.0530987
0.789062 0.0419623
0.767578 0.0298298
0.783203 0.0204484
0.775391 0.01459
0.775391 0.00745317
0.810547 -0.0041697
0.808594 -0.0147809
0.796875 -0.02706
0.783203 -0.042251
0.779297 -0.0563708
0.751953 -0.0684463
0.748047 -0.078581
0.742188 -0.0830487
0.728516 -0.085847
0.710938 -0.0866708
0.693359 -0.0843888
0.695312 -0.0852061
0.648438 -0.0830983
0.642578 -0.0796003
0.646484 -0.0734695
0.617188 -0.0656568
0.603516 -0.0578209
0.611328 -0.0495527
0.628906 -0.0403749
0.65625 -0.0317942
0.71875 -0.0265033
0.697266 -0.0222554
0.675781 -0.0194774
0.710938 -0.0157279
0.724609 -0.0127061
0.746094 -0.00889313
0.779297 0.00115942
0.769531 0.013695
0.804688 0.025603
0.791016 0.0370848
0.791016 0.0446212
0.820312 0.0512045
0.824219 0.059542
0.865234 0.0669964
0.867188 0.0730085
0.830078 0.0749434
0.824219 0.0720144
0.828125 0.0710473
0.847656 0.0683562
0.84375 0.0626074
0.837891 0.0565539
0.820312 0.0416928
0.798828 0.0287328
0.785156 0.018279
0.798828 0.0109599
0.810547 0.00259468
0.802734 -0.00600676
0.792969 -0.0143632
0.804688 -0.0229151
0.810547 -0.0280204
0.806641 -0.0308279
0.824219 -0.0324423
0.832031 -0.0367969
0.861328 -0.0396092
0.845703 -0.0395224
0.851562 -0.0431066
0.826172 -0.0480214
0.808594 -0.0569859
0.851562 -0.0609316
0.869141 -0.0615114
0.880859 -0.0589301
0.873047 -0.0554608
0.853516 -0.0557801
0.849609 -0.058029
0.84375 -0.0602502
0.830078 -0.0670094
0.835938 -0.0747264
0.830078 -0.0875982
0.871094 -0.0976423
0.878906 -0.104483
0.878906 -0.110465
0.886719 -0.114165
0.863281 -0.115352
0.855469 -0.114637
0.888672 -0.124
0.898438 -0.134975
0.900391 -0.144462
0.871094 -0.149304
0.882812 -0.156461
0.880859 -0.162453
0.890625 -0.163939
0.867188 -0.167755
0.859375 -0.173178
0.839844 -0.181514
0.800781 -0.185083
0.833984 -0.188898
0.802734 -0.193664
0.804688 -0.19664
0.806641 -0.200785
0.8125 -0.201696
0.839844 -0.202298
0.818359 -0.20391
0.804688 -0.208106
0.820312 -0.214773
0.873047 -0.218782
0.878906 -0.223487
0.867188 -0.224959
0.890625 -0.223593
0.908203 -0.224967
0.921875 -0.229075
0.923828 -0.232088
0.939453 -0.237748
0.914062 -0.237445
0.910156 -0.235896
0.904297 -0.234273
0.886719 -0.232251
0.890625 -0.231152
0.853516 -0.236941
0.832031 -0.24393
0.820312 -0.254793
0.769531 -0.259524
0.705078 -0.259368
0.695312 -0.258523
0.712891 -0.258576
0.726562 -0.259165
0.740234 -0.262418
0.755859 -0.261687
0.761719 -0.259192
0.771484 -0.255896
0.773438 -0.254459
0.763672 -0.249287
0.763672 -0.244794
0.765625 -0.240984
0.755859 -0.240548
0.742188 -0.24176
0.767578 -0.238375
0.794922 -0.237878
0.84375 -0.236509
0.798828 -0.237262
0.791016 -0.235092
0.796875 -0.230319
0.794922 -0.224534
0.802734 -0.21859
0.841797 -0.216042
0.8125 -0.21159
0.818359 -0.208048
0.826172 -0.207891
0.833984 -0.207824
0.847656 -0.204356
0.855469 -0.196458
0.839844 -0.190748
0.845703 -0.1884
0.853516 -0.188553
0.890625 -0.191159
0.867188 -0.191647
0.863281 -0.19425
0.853516 -0.192523
0.861328 -0.196748
0.882812 -0.199298
0.910156 -0.203122
0.875 -0.202216
0.878906 -0.197968
0.894531 -0.195906
0.882812 -0.194643
0.849609 -0.189663
0.828125 -0.187881
0.822266 -0.181308
0.837891 -0.171076
0.835938 -0.166364
0.835938 -0.160994
0.875 -0.157312
0.882812 -0.156121
0.867188 -0.152907
0.878906 -0.150408
0.867188 -0.149637
0.865234 -0.145517
0.876953 -0.137433
0.869141 -0.132876
0.873047 -0.12801
0.873047 -0.120656
0.822266 -0.114631
0.751953 -0.110738
0.740234 -0.110957
0.697266 -0.119466
0.705078 -0.127854
0.71875 -0.142574
0.744141 -0.15405
0.708984 -0.161323
0.751953 -0.169726
0.753906 -0.17614
0.755859 -0.181197
0.734375 -0.189979
0.697266 -0.197388
0.734375 -0.207078
0.753906 -0.218119
0.740234 -0.227856
0.755859 -0.235697
0.699219 -0.240888
0.705078 -0.247782
0.738281 -0.253578
0.751953 -0.260722
0.740234 -0.263289
0.753906 -0.265349
0.773438 -0.268301
0.789062 -0.274031
0.783203 -0.280147
0.775391 -0.283389
0.78125 -0.286841
0.767578 -0.289296
0.761719 -0.288005
0.773438 -0.286454
0.773438 -0.283043
0.751953 -0.275249
0.695312 -0.270501
0.675781 -0.265069
0.634766 -0.258863
0.642578 -0.258219
0.695312 -0.255239
0.685547 -0.252786
0.671875 -0.251924
0.6875 -0.256063
0.701172 -0.260111
0.740234 -0.260276
0.746094 -0.261627
0.787109 -0.264196
0.791016 -0.266849
0.773438 -0.27264
0.794922 -0.278866
0.849609 -0.277871
0.859375 -0.278204
0.859375 -0.278174
0.841797 -0.276597
0.824219 -0.273889
0.814453 -0.268746
0.830078 -0.264714
0.84375 -0.264553
0.853516 -0.261236
0.849609 -0.261065
0.851562 -0.263768
0.884766 -0.263856
0.869141 -0.271028
0.865234 -0.285234
0.847656 -0.300875
0.845703 -0.317739
0.822266 -0.333272
0.824219 -0.346851
0.828125 -0.36025
0.796875 -0.371309
0.818359 -0.386723
0.816406 -0.406907
0.800781 -0.425577
0.783203 -0.435711
0.816406 -0.44415
0.867188 -0.451306
0.849609 -0.458492
0.832031 -0.46493
0.802734 -0.47211
0.808594 -0.479521
0.771484 -0.480625
0.78125 -0.478773
0.841797 -0.472671
0.849609 -0.465914
0.865234 -0.460277
0.849609 -0.450338
0.859375 -0.44038
0.863281 -0.430903
0.833984 -0.419196
0.794922 -0.409793
0.771484 -0.402537
0.794922 -0.398214
0.808594 -0.395177
0.810547 -0.387354
0.806641 -0.381166
0.779297 -0.373682
0.767578 -0.363972
0.796875 -0.350595
0.810547 -0.3407
0.822266 -0.33066
0.822266 -0.321002
0.833984 -0.312678
0.802734 -0.302844
0.808594 -0.294957
0.830078 -0.283585
0.816406 -0.278813
0.824219 -0.275614
0.820312 -0.272733
0.804688 -0.274667
0.789062 -0.275014
0.810547 -0.272498
0.792969 -0.273275
0.8125 -0.276025
0.845703 -0.280758
0.855469 -0.284351
0.84375 -0.284739
0.859375 -0.290509
0.863281 -0.295957
0.865234 -0.29772
0.847656 -0.296658
0.826172 -0.29668
0.875 -0.292888
0.882812 -0.287917
0.900391 -0.285912
0.888672 -0.280092
0.845703 -0.279055
0.853516 -0.278517
0.857422 -0.274667
0.820312 -0.276865
0.851562 -0.275714
0.833984 -0.275582
0.837891 -0.280007
0.837891 -0.288121
0.824219 -0.29339
0.835938 -0.295661
0.830078 -0.297793
0.830078 -0.306734
0.826172 -0.317425
0.789062 -0.32495
0.798828 -0.329985
0.763672 -0.328441
0.757812 -0.326609
0.783203 -0.321209
0.806641 -0.313843
0.765625 -0.310578
0.763672 -0.309626
0.792969 -0.313316
0.783203 -0.321769
0.794922 -0.32513
0.826172 -0.332595
0.824219 -0.340707
0.882812 -0.346611
0.847656 -0.347557
0.861328 -0.347489
0.859375 -0.345893
0.884766 -0.339657
0.830078 -0.328442
0.857422 -0.319131
0.896484 -0.310944
0.878906 -0.30508
0.869141 -0.297118
0.863281 -0.289065
0.857422 -0.277663
0.884766 -0.274201
0.896484 -0.275465
0.896484 -0.272878
0.894531 -0.272412
0.90625 -0.268825
0.896484 -0.263834
0.892578 -0.259507
0.898438 -0.252114
0.878906 -0.243446
0.851562 -0.243062
0.830078 -0.243697
0.810547 -0.245758
0.802734 -0.248546
0.822266 -0.241796
0.796875 -0.236254
0.808594 -0.234692
0.798828 -0.235698
0.783203 -0.240937
0.796875 -0.23991
0.798828 -0.233355
0.810547 -0.223243
0.845703 -0.210174
0.820312 -0.197264
0.816406 -0.186295
0.785156 -0.176345
0.804688 -0.171119
0.796875 -0.166103
0.8125 -0.160908
0.816406 -0.154628
0.773438 -0.149087
0.800781 -0.138483
0.800781 -0.123644
0.837891 -0.107109
0.865234 -0.0909245
0.845703 -0.0718935
0.859375 -0.0528727
0.902344 -0.0374118
0.912109 -0.0251115
0.912109 -0.0134545
0.900391 -0.00132492
0.916016 0.0114412
0.90625 0.0242137
0.908203 0.0354094
0.90625 0.0503937
0.904297 0.0607223
0.857422 0.0672498
0.878906 0.0744979
0.875 0.0766492
0.880859 0.0805504
0.878906 0.0872383
0.853516 0.0886479
0.865234 0.0971301
0.894531 0.107067
0.910156 0.112522
0.892578 0.11994
0.888672 0.127774
0.880859 0.130887
0.884766 0.137192
0.875 0.138362
0.865234 0.138624
0.875 0.144189
0.832031 0.145585
0.810547 0.149766
0.824219 0.153074
0.837891 0.159622
0.828125 0.165575
0.820312 0.171333
0.84375 0.173243
0.890625 0.17041
0.902344 0.16377
0.878906 0.161066
0.857422 0.158794
0.859375 0.154241
0.863281 0.147591
0.849609 0.140237
0.863281 0.135558
0.839844 0.127739
0.824219 0.121472
0.810547 0.118572
0.818359 0.117541
0.8125 0.121056
0.792969 0.122379
0.830078 0.121435
0.816406 0.123782
0.876953 0.122304
0.847656 0.123098
0.837891 0.124878
0.798828 0.127973
0.808594 0.134267
0.775391 0.141947
0.773438 0.146776
0.771484 0.150641
0.757812 0.15666
0.816406 0.16361
0.851562 0.176312
0.845703 0.190596
0.851562 0.19794
0.859375 0.210338
0.84375 0.223811
0.841797 0.238158
0.859375 0.255375
0.863281 0.269416
0.871094 0.285693
0.857422 0.298381
0.890625 0.308333
0.900391 0.322083
0.917969 0.334512
0.929688 0.342387
0.90625 0.35556
0.904297 0.36957
0.904297 0.382301
0.914062 0.393294
0.880859 0.40255
0.849609 0.408921
0.787109 0.412968
0.773438 0.409854
0.722656 0.410793
0.699219 0.40867
0.708984 0.407416
0.732422 0.404754
0.714844 0.404818
0.742188 0.406118
0.734375 0.409022
0.763672 0.406678
0.787109 0.403415
0.820312 0.398841
0.833984 0.395432
0.855469 0.389259
0.867188 0.389206
0.871094 0.388817
0.828125 0.389008
0.863281 0.38568
0.818359 0.383757
0.837891 0.376388
0.833984 0.365803
0.871094 0.360709
0.863281 0.361144
0.892578 0.363195
0.876953 0.368067
0.886719 0.372144
0.896484 0.374585
0.880859 0.376849
0.859375 0.379881
0.833984 0.375705
0.847656 0.376379
0.833984 0.377071
0.835938 0.378852
0.830078 0.374702
0.832031 0.367829
0.835938 0.3655
0.861328 0.364076
0.833984 0.364164
0.84375 0.357618
0.84375 0.346702
0.855469 0.330625
0.835938 0.311878
0.8125 0.288738
0.806641 0.273821
0.818359 0.258846
0.84375 0.246366
0.869141 0.238641
0.875 0.235132
0.880859 0.2298
0.888672 0.220399
0.876953 0.215788
0.873047 0.211294
0.884766 0.21328
0.902344 0.208106
0.882812 0.206253
0.882812 0.200501
0.857422 0.19063
0.873047 0.184303
0.841797 0.176931
0.814453 0.166404
0.794922 0.163724
0.798828 0.156654
0.794922 0.150071
0.773438 0.141995
0.796875 0.138902
0.765625 0.132738
0.726562 0.129198
0.755859 0.121863
0.705078 0.119415
0.705078 0.117753
0.724609 0.111096
0.664062 0.102738
0.669922 0.094062
0.671875 0.0892778
0.644531 0.0880314
0.640625 0.0852255
0.652344 0.0813605
0.677734 0.0797638
0.685547 0.0809526
0.658203 0.0839119
0.654297 0.0874084
0.667969 0.0914532
0.707031 0.0920826
0.689453 0.098796
0.724609 0.11415
0.736328 0.124919
0.761719 0.130899
0.773438 0.139278
0.771484 0.151236
0.736328 0.16606
0.703125 0.174775
0.763672 0.178083
0.746094 0.188327
0.740234 0.196896
0.755859 0.203926
0.714844 0.211526
0.71875 0.218135
0.751953 0.220263
0.751953 0.219595
0.767578 0.215229
0.773438 0.209401
0.769531 0.205641
0.767578 0.203347
0.796875 0.207599
0.765625 0.215634
0.794922 0.218507
0.785156 0.221003
0.783203 0.224495
0.828125 0.225963
0.847656 0.227737
0.867188 0.23163
0.828125 0.236552
0.789062 0.240002
0.814453 0.240349
0.832031 0.239446
0.796875 0.241399
0.830078 0.241965
0.832031 0.249367
0.822266 0.261563
0.824219 0.27125
0.835938 0.275869
0.828125 0.282385
0.792969 0.286849
0.802734 0.295826
0.791016 0.3066
0.798828 0.310431
0.800781 0.313874
0.78125 0.312756
0.816406 0.306765
0.78125 0.303386
0.820312 0.301062
0.820312 0.293262
0.832031 0.287562
0.828125 0.282369
0.841797 0.276012
0.828125 0.26896
0.835938 0.269018
0.869141 0.270012
0.873047 0.269865
0.875 0.268748
0.869141 0.26315
0.849609 0.258452
0.880859 0.25238
0.841797 0.242498
0.832031 0.235404
0.806641 0.226551
0.800781 0.209151
0.769531 0.193051
0.759766 0.182042
0.771484 0.160071
0.798828 0.137831
0.837891 0.113362
0.785156 0.0928756
0.789062 0.0714965
0.816406 0.0557611
0.826172 0.0469051
0.839844 0.045474
0.839844 0.0383615
0.863281 0.0291781
0.884766 0.0229631
0.865234 0.0165592
0.847656 0.0045659
0.810547 -0.00796847
0.777344 -0.0185141
0.751953 -0.0276522
0.748047 -0.0357559
0.775391 -0.0410609
0.767578 -0.0424696
0.742188 -0.0422905
0.720703 -0.0442769
0.689453 -0.0439809
0.660156 -0.0500374
0.662109 -0.053653
0.671875 -0.0604462
0.667969 -0.0653647
0.705078 -0.0732191
0.699219 -0.0760274
0.738281 -0.0781671
0.794922 -0.0730923
0.810547 -0.0757106
0.785156 -0.0748057
0.792969 -0.0761935
0.802734 -0.0828295
0.826172 -0.0863678
0.855469 -0.0876047
0.824219 -0.0892237
0.822266 -0.0937094
0.828125 -0.103491
0.822266 -0.109864
0.787109 -0.116232
0.773438 -0.120452
0.777344 -0.124063
0.787109 -0.133147
0.816406 -0.138222
0.830078 -0.143976
0.816406 -0.152332
0.796875 -0.155524
0.820312 -0.163046
0.806641 -0.171012
0.775391 -0.184057
0.757812 -0.19491
0.732422 -0.20663
0.736328 -0.217184
0.730469 -0.229305
0.724609 -0.234925
0.730469 -0.235307
0.697266 -0.240002
0.660156 -0.243214
0.689453 -0.245111
0.703125 -0.254264
0.712891 -0.260748
0.683594 -0.271836
0.669922 -0.282039
0.691406 -0.292475
0.712891 -0.301895
0.714844 -0.316891
0.703125 -0.323634
0.748047 -0.332181
0.714844 -0.341969
0.742188 -0.348353
0.728516 -0.354467
0.720703 -0.355768
0.691406 -0.356407
0.689453 -0.357647
0.691406 -0.353675
0.722656 -0.356211
0.640625 -0.356214
0.634766 -0.357158
0.623047 -0.357354
0.664062 -0.354637
0.638672 -0.352268
0.644531 -0.353215
0.587891 -0.350074
0.597656 -0.349579
0.642578 -0.35143
0.642578 -0.350516
0.662109 -0.347663
0.669922 -0.350589
0.652344 -0.350818
0.667969 -0.357657
0.683594 -0.358429
0.685547 -0.356288
0.703125 -0.353493
0.720703 -0.352044
0.716797 -0.350962
0.722656 -0.345537
0.699219 -0.337551
0.679688 -0.334906
0.666016 -0.332727
0.677734 -0.334577
0.675781 -0.328402
0.660156 -0.321332
0.646484 -0.310537
0.65625 -0.304068
0.695312 -0.294087
0.707031 -0.290875
0.707031 -0.291476
0.703125 -0.290764
0.703125 -0.300071
0.701172 -0.308855
0.689453 -0.307662
0.65625 -0.307928
0.679688 -0.304081
0.695312 -0.295794
0.685547 -0.288795
0.675781 -0.285813
0.654297 -0.278468
0.681641 -0.272618
0.677734 -0.265935
0.677734 -0.257856
0.673828 -0.246902
0.669922 -0.239821
0.65625 -0.240206
0.632812 -0.239689
0.621094 -0.237372
0.652344 -0.234039
0.675781 -0.231064
0.699219 -0.227856
0.753906 -0.223752
0.775391 -0.213783
0.769531 -0.208667
0.792969 -0.195567
0.787109 -0.188206
0.785156 -0.18269
0.791016 -0.177205
0.798828 -0.17851
0.806641 -0.173247
0.796875 -0.164345
0.806641 -0.156317
0.824219 -0.158942
0.857422 -0.162848
0.835938 -0.170186
0.818359 -0.171569
0.820312 -0.172837
0.794922 -0.175303
0.820312 -0.178509
0.775391 -0.178287
0.8125 -0.184264
0.814453 -0.186444
0.794922 -0.192778
0.767578 -0.20227
0.814453 -0.20683
0.769531 -0.209086
0.783203 -0.217404
0.757812 -0.219781
0.736328 -0.22845
0.771484 -0.228395
0.779297 -0.228006
0.775391 -0.232119
0.771484 -0.231377
0.746094 -0.230709
0.753906 -0.226468
0.724609 -0.219556
0.664062 -0.214607
0.621094 -0.214931
0.640625 -0.220305
0.691406 -0.224019
0.691406 -0.22499
0.697266 -0.226225
0.677734 -0.226058
0.65625 -0.224148
0.630859 -0.222903
0.570312 -0.225628
0.621094 -0.231425
0.662109 -0.236789
0.677734 -0.240658
0.699219 -0.239995
0.671875 -0.239
0.644531 -0.240142
0.673828 -0.247888
0.673828 -0.257915
0.707031 -0.265065
0.660156 -0.274111
0.679688 -0.285535
0.707031 -0.298917
0.746094 -0.306757
0.783203 -0.306967
0.791016 -0.306631
0.769531 -0.308519
0.783203 -0.306864
0.794922 -0.314536
0.804688 -0.320925
0.779297 -0.329025
0.761719 -0.336807
0.773438 -0.344666
0.753906 -0.35371
0.771484 -0.364692
0.777344 -0.371414
0.777344 -0.373411
0.832031 -0.373616
0.841797 -0.368015
0.873047 -0.367256
0.869141 -0.367701
0.869141 -0.363042
0.841797 -0.35898
0.861328 -0.358138
0.884766 -0.357046
0.896484 -0.357402
0.873047 -0.35161
0.890625 -0.353727
0.880859 -0.345355
0.855469 -0.334726
0.830078 -0.33011
0.826172 -0.322607
0.810547 -0.311123
0.824219 -0.306787
0.789062 -0.301642
0.804688 -0.297477
0.839844 -0.298529
0.802734 -0.298703
0.808594 -0.297947
0.769531 -0.3012
0.808594 -0.301085
0.816406 -0.301076
0.802734 -0.305102
0.8125 -0.305296
0.775391 -0.306165
0.783203 -0.293421
0.779297 -0.279816
0.759766 -0.275051
0.78125 -0.281996
0.785156 -0.280391
0.8125 -0.278612
0.800781 -0.281832
0.792969 -0.278237
0.791016 -0.272591
0.833984 -0.268424
0.810547 -0.272242
0.794922 -0.271018
0.78125 -0.268085
0.806641 -0.265202
0.835938 -0.260138
0.824219 -0.258083
0.857422 -0.258659
0.880859 -0.257418
0.873047 -0.255457
0.845703 -0.249403
0.845703 -0.250764
0.861328 -0.256413
0.837891 -0.260043
0.863281 -0.265373
0.851562 -0.272653
0.84375 -0.274224
0.847656 -0.285977
0.800781 -0.294353
0.791016 -0.303155
0.785156 -0.307431
0.775391 -0.311029
0.810547 -0.306241
0.816406 -0.304123
0.808594 -0.288885
0.832031 -0.281087
0.791016 -0.272018
0.828125 -0.265941
0.832031 -0.267112
0.835938 -0.266236
0.800781 -0.26736
0.771484 -0.267117
0.757812 -0.265854
0.802734 -0.267025
0.828125 -0.268406
0.8125 -0.271094
0.832031 -0.273223
0.826172 -0.272996
0.851562 -0.267778
0.826172 -0.260334
0.830078 -0.251631
0.865234 -0.243668
0.855469 -0.233659
0.847656 -0.219874
0.851562 -0.212656
0.867188 -0.211733
0.84375 -0.211967
0.847656 -0.215247
0.859375 -0.219528
0.847656 -0.225738
0.835938 -0.231636
0.833984 -0.240098
0.826172 -0.245354
0.855469 -0.252413
0.830078 -0.259061
0.828125 -0.267544
0.855469 -0.278038
0.855469 -0.299515
0.832031 -0.312977
0.808594 -0.32325
0.808594 -0.333704
0.787109 -0.351029
0.771484 -0.355446
0.783203 -0.363956
0.761719 -0.366421
0.767578 -0.368966
0.759766 -0.376675
0.791016 -0.384274
0.78125 -0.39408
0.777344 -0.405409
0.808594 -0.407725
0.832031 -0.407536
0.841797 -0.409396
0.820312 -0.405431
0.820312 -0.40397
0.837891 -0.408806
0.818359 -0.408384
0.851562 -0.400585
0.859375 -0.388765
0.859375 -0.379827
0.876953 -0.376942
0.869141 -0.368731
0.882812 -0.358297
0.871094 -0.349518
0.835938 -0.33603
0.84375 -0.329485
0.876953 -0.329901
0.873047 -0.332987
0.847656 -0.339668
0.847656 -0.340639
0.828125 -0.338451
0.822266 -0.338495
0.791016 -0.335449
0.767578 -0.331605
0.8125 -0.331165
0.826172 -0.322067
0.783203 -0.3141
0.777344 -0.311498
0.787109 -0.30986
0.763672 -0.307072
0.726562 -0.306211
0.75 -0.30955
0.765625 -0.318162
0.753906 -0.327047
0.775391 -0.320933
0.75 -0.311963
0.755859 -0.301305
0.783203 -0.285765
0.794922 -0.267322
0.808594 -0.251256
0.791016 -0.234614
0.771484 -0.209298
0.748047 -0.185045
0.75 -0.169978
0.714844 -0.151759
0.699219 -0.137618
0.695312 -0.123693
0.701172 -0.111983
0.685547 -0.114083
0.650391 -0.110483
0.625 -0.105402
0.644531 -0.103872
0.617188 -0.0868544
0.658203 -0.0772766
0.691406 -0.0660075
0.708984 -0.0661558
0.710938 -0.0742181
0.693359 -0.0798854
0.703125 -0.0834581
0.744141 -0.0844245
0.728516 -0.0800067
0.751953 -0.0705654
0.796875 -0.0667194
0.779297 -0.0537553
0.773438 -0.0375953
0.769531 -0.0293305
0.724609 -0.0210878
0.746094 -0.0127388
0.75 -0.00863511
0.734375 0.00209399
0.763672 0.0115208
0.755859 0.0211625
0.773438 0.0360969
0.787109 0.053961
0.773438 0.06649
0.8125 0.078728
0.787109 0.0877408
0.8125 0.0974153
0.824219 0.113885
0.833984 0.139834
0.832031 0.165688
0.8125 0.187815
0.8125 0.210923
0.824219 0.226114
0.820312 0.231363
0.826172 0.235209
0.832031 0.236119
0.837891 0.237389
0.851562 0.237896
0.865234 0.236955
0.878906 0.235785
0.863281 0.240278
0.875 0.251453
0.837891 0.259302
0.828125 0.2753
0.855469 0.276373
0.841797 0.272477
0.859375 0.275274
0.859375 0.283213
0.847656 0.287634
0.824219 0.301482
0.816406 0.312027
0.830078 0.325388
0.828125 0.325124
0.826172 0.331802
0.794922 0.330583
0.771484 0.332449
0.808594 0.342671
0.847656 0.356018
0.859375 0.37727
0.847656 0.405123
0.861328 0.430852
0.792969 0.455388
0.826172 0.476542
0.783203 0.490595
0.791016 0.504168
0.818359 0.51307
0.773438 0.513884
0.773438 0.517653
0.8125 0.521101
0.820312 0.524979
0.822266 0.533363
0.841797 0.536381
0.818359 0.541064
0.839844 0.545827
0.857422 0.555988
0.882812 0.568636
0.888672 0.573674
0.892578 0.573531
0.865234 0.579904
0.849609 0.577902
0.859375 0.585308
0.841797 0.59502
0.824219 0.60197
0.839844 0.610806
0.859375 0.616267
0.849609 0.621265
0.810547 0.630943
0.816406 0.641833
0.789062 0.656303
0.787109 0.668725
0.8125 0.668056
0.8125 0.672781
0.830078 0.670848
0.8125 0.671183
0.818359 0.669471
0.773438 0.662404
0.761719 0.661751
0.775391 0.660622
0.730469 0.656069
0.728516 0.65721
0.759766 0.659245
0.800781 0.657238
0.796875 0.649624
0.791016 0.641446
0.84375 0.618005
0.84375 0.59293
0.791016 0.569707
0.794922 0.540649
0.783203 0.516615
0.832031 0.492283
0.826172 0.463027
0.824219 0.436259
0.826172 0.401017
0.84375 0.375583
0.855469 0.356343
0.855469 0.350458
0.875 0.344361
0.857422 0.339461
0.837891 0.328771
0.849609 0.314877
0.849609 0.296709
0.855469 0.276394
0.851562 0.261736
0.832031 0.243015
0.792969 0.232435
0.798828 0.225168
0.75 0.219678
0.736328 0.217588
0.708984 0.217247
0.701172 0.202961
0.748047 0.197112
0.796875 0.191456
0.796875 0.179907
0.808594 0.1669
0.796875 0.147504
0.818359 0.135845
0.822266 0.122806
0.78125 0.107826
0.734375 0.0924119
0.773438 0.071136
0.765625 0.051331
0.816406 0.0316895
0.828125 0.0210877
0.830078 0.0158965
0.863281 0.00628569
0.851562 -0.0126309
0.828125 -0.0151352
0.818359 -0.0269768
0.806641 -0.0408377
0.800781 -0.0513264
0.822266 -0.073254
0.832031 -0.0968694
0.830078 -0.12375
0.839844 -0.150516
0.851562 -0.171829
0.875 -0.185517
0.847656 -0.212616
0.806641 -0.233247
0.808594 -0.248516
0.78125 -0.26181
0.804688 -0.261334
0.802734 -0.262249
0.783203 -0.264144
0.794922 -0.265806
0.806641 -0.277958
0.800781 -0.278046
0.78125 -0.277073
0.736328 -0.280759
0.726562 -0.272395
0.720703 -0.26827
0.724609 -0.265183
0.71875 -0.257372
0.763672 -0.249229
0.751953 -0.238192
0.716797 -0.237118
0.728516 -0.244265
0.742188 -0.266671
0.753906 -0.285123
0.751953 -0.299199
0.732422 -0.303496
0.753906 -0.287777
0.763672 -0.271685
0.777344 -0.261664
0.767578 -0.251375
0.769531 -0.246577
0.744141 -0.247526
0.742188 -0.24292
0.777344 -0.237153
0.775391 -0.222384
0.792969 -0.208868
0.798828 -0.189018
0.804688 -0.184338
0.779297 -0.180254
0.738281 -0.185427
0.697266 -0.203636
0.667969 -0.20682
0.699219 -0.218961
0.699219 -0.220707
0.6875 -0.239405
0.695312 -0.248543
0.728516 -0.258249
0.705078 -0.261977
0.703125 -0.261236
0.683594 -0.263696
0.714844 -0.265488
0.710938 -0.273895
0.753906 -0.281786
0.736328 -0.288196
0.736328 -0.289303
0.679688 -0.281674
0.652344 -0.268509
0.605469 -0.262884
0.576172 -0.248321
0.578125 -0.24195
0.556641 -0.237027
0.572266 -0.215045
0.634766 -0.20654
0.619141 -0.187711
0.638672 -0.170605
0.646484 -0.163234
0.646484 -0.15043
0.685547 -0.142063
0.691406 -0.142006
0.662109 -0.127268
0.652344 -0.124942
0.65625 -0.126421
0.693359 -0.132067
0.712891 -0.141799
0.71875 -0.153162
0.748047 -0.165453
0.753906 -0.175242
0.730469 -0.194842
0.714844 -0.199753
0.744141 -0.198374
0.740234 -0.195053
0.732422 -0.187351
0.707031 -0.199205
0.664062 -0.195902
0.638672 -0.204237
0.652344 -0.194874
0.65625 -0.179781
0.642578 -0.160821
0.673828 -0.147156
0.65625 -0.148897
0.652344 -0.144941
0.669922 -0.124135
0.660156 -0.105858
0.658203 -0.0792221
0.652344 -0.0682599
0.632812 -0.0643154
0.650391 -0.0608695
0.658203 -0.0651522
0.662109 -0.0598353
0.642578 -0.0602112
0.634766 -0.063897
0.625 -0.0774186
0.667969 -0.0987104
0.636719 -0.113147
0.632812 -0.121307
0.667969 -0.125722
0.615234 -0.138688
0.628906 -0.138174
0.705078 -0.146359
0.707031 -0.152748
0.679688 -0.157298
0.636719 -0.157735
0.667969 -0.163695
0.603516 -0.144727
0.59375 -0.124778
0.558594 -0.108622
0.578125 -0.0942516
0.580078 -0.0849697
0.595703 -0.0693063
0.654297 -0.0549448
0.599609 -0.0395068
0.607422 -0.0283792
0.621094 -0.0229526
0.636719 -0.0131134
0.630859 -0.0122761
0.630859 -0.0122269
0.636719 -0.0100928
0.666016 -0.00492195
0.619141 -0.00541753
0.636719 -0.0170833
0.636719 -0.0243352
0.605469 -0.0373575
0.59375 -0.0530936
0.634766 -0.0613833
0.650391 -0.0845482
0.673828 -0.0847392
0.671875 -0.0917421
0.6875 -0.108853
0.671875 -0.114553
0.71875 -0.139923
0.736328 -0.159171
0.767578 -0.170736
0.783203 -0.179821
0.796875 -0.179733
0.789062 -0.173922
0.791016 -0.162384
0.757812 -0.151377
0.751953 -0.14136
0.722656 -0.130827
0.724609 -0.139269
0.648438 -0.145101
0.669922 -0.140454
0.669922 -0.131032
0.644531 -0.115452
0.677734 -0.10595
0.664062 -0.0931013
0.642578 -0.0919512
0.689453 -0.0870338
0.697266 -0.0943314
0.716797 -0.0903474
0.775391 -0.0961773
0.740234 -0.109417
0.738281 -0.132961
0.710938 -0.14604
0.744141 -0.135558
0.767578 -0.120769
0.771484 -0.109158
0.75 -0.0951521
0.798828 -0.0903714
0.822266 -0.0977194
0.820312 -0.0909162
0.851562 -0.078202
0.8125 -0.0546113
0.814453 -0.0442244
0.857422 -0.0502336
0.859375 -0.0368524
0.873047 -0.0358077
0.878906 -0.0301544
0.841797 -0.0218859
0.841797 -0.0201743
0.837891 -0.0289104
0.839844 -0.0513643
0.871094 -0.0686529
0.875 -0.0802116
0.837891 -0.0708282
0.818359 -0.0626152
0.833984 -0.0547154
0.796875 -0.0377819
0.763672 -0.0259425
0.791016 -0.0316767
0.757812 -0.0290867
0.78125 -0.0374247
0.767578 -0.0336236
0.800781 -0.0253064
0.833984 -0.0157326
0.833984 0.00923295
0.822266 0.0140504
0.8125 0.0238302
0.779297 0.0187536
0.808594 0.0246394
0.8125 0.0170164
0.783203 0.0150526
0.779297 0.0112293
0.753906 0.0121612
0.779297 0.0157908
0.785156 0.0151365
0.78125 -0.0121557
0.777344 -0.0384254
0.779297 -0.0633611
0.792969 -0.0923099
0.765625 -0.111744
0.738281 -0.13373
0.730469 -0.140429
0.734375 -0.148155
0.755859 -0.159585
0.751953 -0.159989
0.730469 -0.159387
0.794922 -0.14902
0.78125 -0.15778
0.742188 -0.156037
0.779297 -0.165699
0.767578 -0.1712
0.720703 -0.171719
0.712891 -0.165813
0.714844 -0.153793
0.730469 -0.136279
0.789062 -0.136999
0.771484 -0.142975
0.757812 -0.144902
0.753906 -0.149304
0.761719 -0.155253
0.71875 -0.152631
0.732422 -0.135237
0.742188 -0.126833
0.732422 -0.133168
0.708984 -0.152185
0.695312 -0.178918
0.701172 -0.203784
0.679688 -0.240562
0.6875 -0.247913
0.695312 -0.272689
0.685547 -0.253867
0.671875 -0.248335
0.669922 -0.236509
0.695312 -0.215775
0.662109 -0.201407
0.691406 -0.221386
0.642578 -0.237545
0.701172 -0.268117
0.703125 -0.263799
0.734375 -0.223476
0.689453 -0.167081
0.650391 -0.113966
0.636719 -0.0839794
0.644531 -0.0712684
0.654297 -0.0580725
0.642578 -0.0357334
0.638672 0.00513144
0.654297 0.0301801
0.654297 0.0595474
0.671875 0.0619899
0.648438 0.0696817
0.617188 0.0740637
0.609375 0.0561772
0.617188 0.039092
0.626953 0.026126
0.6875 -0.00496397
0.701172 -0.0231502
0.722656 -0.0293056
0.71875 -0.0237229
0.714844 -0.0273362
0.753906 -0.0547352
0.734375 -0.05795
0.71875 -0.0650123
0.714844 -0.0721329
0.75 -0.0884556
0.753906 -0.0780164
0.771484 -0.0721785
0.78125 -0.0918499
0.78125 -0.0978173
0.785156 -0.0776324
0.796875 -0.0243838
0.802734 0.0015625
0.802734 0.0346594
0.783203 0.0659453
0.755859 0.0906597
0.798828 0.0883717
0.783203 0.119312
0.789062 0.178855
0.779297 0.245547
0.785156 0.250799
0.783203 0.235253
0.779297 0.21802
0.789062 0.196536
0.796875 0.160928
0.785156 0.138758
0.761719 0.13527
0.794922 0.0844164
0.849609 0.0269662
0.839844 -0.00771355
0.833984 0.00874628
0.853516 -0.00959513
0.859375 -0.000794739
0.839844 -0.0168916
0.841797 0.0148879
0.898438 -0.0289726
0.880859 -0.0163923
0.855469 -0.02696
0.832031 0
