0.837891 1
0.824219 0.927462
0.818359 0.865134
0.824219 0.813827
0.863281 0.76702
0.863281 0.72177
0.896484 0.681782
0.896484 0.646795
0.884766 0.614515
0.919922 0.58502
0.925781 0.558505
0.851562 0.534841
0.865234 0.518242
0.890625 0.502329
0.890625 0.483942
0.884766 0.462712
0.884766 0.442636
0.878906 0.422442
0.865234 0.40371
0.867188 0.387669
0.882812 0.371139
0.875 0.355769
0.878906 0.340516
0.886719 0.324526
0.863281 0.309788
0.835938 0.297024
0.835938 0.284281
0.867188 0.266463
0.871094 0.254978
0.857422 0.24446
0.853516 0.237011
0.826172 0.228192
0.861328 0.219663
0.876953 0.209705
0.873047 0.198545
0.845703 0.192042
0.863281 0.18214
0.861328 0.174925
0.863281 0.166873
0.888672 0.158334
0.878906 0.149009
0.871094 0.138149
0.851562 0.125543
0.869141 0.112634
0.873047 0.0989543
0.888672 0.0847879
0.861328 0.0734155
0.880859 0.0615652
0.875 0.0511214
0.869141 0.0476316
0.845703 0.0417727
0.839844 0.0367142
0.849609 0.0332562
0.826172 0.0311008
0.824219 0.0277175
0.804688 0.0219354
0.808594 0.015367
0.824219 0.0103224
0.820312 0.00440674
0.791016 0.000705835
0.763672 -0.00348877
0.746094 -0.00659664
0.771484 -0.0096087
0.761719 -0.0120865
0.775391 -0.0157972
0.808594 -0.0165848
0.796875 -0.0164035
0.785156 -0.0155704
0.771484 -0.0148759
0.832031 -0.0132447
0.816406 -0.00867687
0.796875 -0.00769086
0.828125 -0.00537079
0.783203 -0.0068089
0.792969 -0.00767239
0.775391 -0.0067412
0.757812 -0.00538572
0.753906 -0.00807449
0.820312 -0.0102641
0.830078 -0.0131846
0.835938 -0.014577
0.845703 -0.0166971
0.84375 -0.0193353
0.867188 -0.0174908
0.855469 -0.0137492
0.847656 -0.0103602
0.857422 -0.00833433
0.878906 -0.00641484
0.857422 -0.00191277
0.841797 0.00635284
0.845703 0.0116207
0.849609 0.0172569
0.826172 0.0197491
0.818359 0.0197309
0.841797 0.0187854
0.867188 0.0195418
0.851562 0.0193218
0.865234 0.0214389
0.871094 0.0237368
0.855469 0.0237775
0.875 0.0237587
0.867188 0.0248741
0.833984 0.026419
0.867188 0.0261495
0.867188 0.0285338
0.849609 0.0278516
0.828125 0.0249969
0.828125 0.0223409
0.837891 0.0190352
0.800781 0.0156785
0.826172 0.0157589
0.794922 0.0116478
0.800781 0.0086133
0.806641 0.00394599
0.818359 -0.00189644
0.820312 -0.00835886
0.835938 -0.0140177
0.861328 -0.023515
0.871094 -0.0300606
0.904297 -0.0348835
0.910156 -0.0394229
0.923828 -0.0438596
0.914062 -0.0439796
0.873047 -0.0460941
0.878906 -0.0509691
0.884766 -0.0543141
0.818359 -0.0583903
0.845703 -0.0619003
0.841797 -0.0653216
0.867188 -0.0712381
0.845703 -0.0766817
0.794922 -0.0865704
0.835938 -0.0962064
0.832031 -0.105465
0.830078 -0.109907
0.828125 -0.112608
0.818359 -0.113507
0.851562 -0.117884
0.865234 -0.11958
0.84375 -0.121163
0.867188 -0.12506
0.851562 -0.128529
0.861328 -0.133347
0.875 -0.138655
0.875 -0.142927
0.849609 -0.148518
0.806641 -0.151702
0.783203 -0.153546
0.761719 -0.155337
0.792969 -0.157773
0.804688 -0.160202
0.806641 -0.164123
0.783203 -0.164628
0.818359 -0.164359
0.84375 -0.158439
0.835938 -0.153614
0.830078 -0.146942
0.816406 -0.144242
0.832031 -0.144641
0.873047 -0.143104
0.867188 -0.139891
0.833984 -0.139189
0.824219 -0.137941
0.826172 -0.137023
0.839844 -0.137964
0.816406 -0.137827
0.855469 -0.139682
0.830078 -0.144649
0.818359 -0.1481
0.791016 -0.150946
0.775391 -0.152771
0.779297 -0.155158
0.785156 -0.154243
0.748047 -0.150443
0.759766 -0.148144
0.777344 -0.149011
0.796875 -0.14989
0.783203 -0.149635
0.763672 -0.150101
0.777344 -0.151536
0.757812 -0.153656
0.769531 -0.154045
0.769531 -0.151283
0.751953 -0.155179
0.742188 -0.156957
0.75 -0.156276
0.773438 -0.154525
0.767578 -0.151462
0.773438 -0.145312
0.794922 -0.132391
0.800781 -0.119614
0.775391 -0.107778
0.757812 -0.100023
0.761719 -0.0939944
0.802734 -0.0856931
0.798828 -0.0769471
0.800781 -0.0683194
0.810547 -0.0607762
0.783203 -0.0513965
0.755859 -0.0441408
0.744141 -0.0351288
0.738281 -0.0266875
0.734375 -0.0166784
0.753906 -0.0116923
0.707031 -0.0126669
0.683594 -0.0146648
0.71875 -0.0184469
0.732422 -0.0186675
0.697266 -0.0178604
0.710938 -0.0158267
0.746094 -0.0128975
0.78125 -0.00796372
0.775391 -0.00370316
0.792969 -0.000484342
0.792969 0.0041265
0.78125 0.00733165
0.806641 0.00976648
0.804688 0.0129037
0.828125 0.0158068
0.863281 0.018479
0.855469 0.0183245
0.859375 0.0161321
0.832031 0.0154089
0.845703 0.0164235
0.863281 0.0205648
0.876953 0.0223774
0.849609 0.0276403
0.849609 0.0349832
0.851562 0.0417851
0.878906 0.0467229
0.890625 0.0485674
0.888672 0.0521581
0.921875 0.0597937
0.916016 0.0675471
0.914062 0.0698115
0.910156 0.0728358
0.880859 0.0769164
0.84375 0.0768121
0.826172 0.0766077
0.789062 0.0770789
0.783203 0.0796931
0.787109 0.0800858
0.808594 0.0802199
0.798828 0.080185
0.800781 0.077577
0.822266 0.0773458
0.820312 0.0768287
0.880859 0.0756291
0.865234 0.0759546
0.853516 0.0788006
0.869141 0.0819724
0.857422 0.0851884
0.863281 0.0902469
0.826172 0.0952956
0.822266 0.0996034
0.841797 0.102141
0.826172 0.101237
0.802734 0.098937
0.785156 0.0977304
0.826172 0.0960272
0.851562 0.0944
0.875 0.0951557
0.859375 0.0986319
0.861328 0.0994744
0.884766 0.0993337
0.896484 0.101482
0.914062 0.101819
0.890625 0.105828
0.894531 0.108529
0.873047 0.111232
0.898438 0.114211
0.882812 0.115267
0.882812 0.1183
0.898438 0.122591
0.888672 0.126877
0.857422 0.128409
0.882812 0.12867
0.859375 0.124574
0.878906 0.124797
0.884766 0.121216
0.873047 0.116045
0.822266 0.109327
0.832031 0.102836
0.814453 0.0988428
0.794922 0.0974347
0.835938 0.0942921
0.808594 0.0925487
0.798828 0.0891737
0.792969 0.0869449
0.794922 0.0848613
0.826172 0.0792309
0.833984 0.0746028
0.839844 0.0710184
0.775391 0.0695034
0.783203 0.0708335
0.810547 0.0741978
0.777344 0.0740606
0.769531 0.0743343
0.791016 0.0764125
0.808594 0.0787776
0.765625 0.0829973
0.792969 0.0801709
0.816406 0.077881
0.808594 0.0734358
0.808594 0.0698544
0.808594 0.0674342
0.773438 0.0629316
0.787109 0.0598245
0.826172 0.0580982
0.808594 0.0571943
0.832031 0.0554965
0.818359 0.0546571
0.822266 0.0532415
0.777344 0.052386
0.777344 0.0554207
0.785156 0.0572361
0.775391 0.0633425
0.789062 0.0681543
0.773438 0.0714886
0.767578 0.071233
0.792969 0.0686118
0.810547 0.0687928
0.796875 0.0652072
0.775391 0.0629309
0.804688 0.0622061
0.789062 0.0642864
0.773438 0.0649004
0.8125 0.0666317
0.8125 0.0700143
0.771484 0.0743585
0.761719 0.0802411
0.800781 0.080757
0.818359 0.0787897
0.820312 0.0755322
0.804688 0.0706843
0.794922 0.0650933
0.810547 0.0578161
0.771484 0.0540157
0.755859 0.0504404
0.740234 0.0490839
0.761719 0.0455509
0.746094 0.0412133
0.722656 0.0368453
0.703125 0.0302481
0.695312 0.0253705
0.734375 0.0214422
0.783203 0.0223276
0.804688 0.0185336
0.804688 0.0170759
0.800781 0.0150353
0.818359 0.0135716
0.814453 0.0121564
0.798828 0.00951653
0.841797 0.00652307
0.785156 0.00684503
0.787109 0.0033406
0.759766 0.0011397
0.746094 -0.00188555
0.710938 -0.000453141
0.734375 -0.00229257
0.701172 -0.00632311
0.6875 -0.0092041
0.685547 -0.0109011
0.722656 -0.01201
0.708984 -0.00881247
0.697266 -0.0060982
0.677734 -0.00535121
0.667969 -0.00239627
0.654297 0.000785169
0.693359 0.00243677
0.738281 0.00259386
0.759766 0.00154885
0.757812 -0.000750303
0.769531 -0.00767928
0.777344 -0.00972609
0.791016 -0.0127242
0.789062 -0.0152569
0.816406 -0.0170665
0.84375 -0.0171729
0.8125 -0.0169909
0.837891 -0.0181509
0.828125 -0.0184341
0.787109 -0.0175866
0.748047 -0.0136154
0.763672 -0.0109432
0.796875 -0.0142212
0.796875 -0.0188385
0.783203 -0.0225878
0.818359 -0.0219055
0.820312 -0.020357
0.824219 -0.0197605
0.816406 -0.0173542
0.830078 -0.0142279
0.78125 -0.00854736
0.789062 -0.00562734
0.767578 -0.00128342
0.767578 -0.00010157
0.765625 -0.00168338
0.759766 -0.00618025
0.740234 -0.00883516
0.757812 -0.0110917
0.759766 -0.0121425
0.746094 -0.0110923
0.751953 -0.0108602
0.753906 -0.0130401
0.785156 -0.0136081
0.751953 -0.015185
0.740234 -0.0196786
0.761719 -0.0215611
0.75 -0.0227708
0.775391 -0.0265115
0.763672 -0.0329027
0.740234 -0.0377342
0.744141 -0.0444774
0.755859 -0.0520955
0.777344 -0.0576597
0.767578 -0.0602012
0.765625 -0.0615543
0.773438 -0.0611368
0.724609 -0.064176
0.740234 -0.0695402
0.746094 -0.0723131
0.736328 -0.0764481
0.726562 -0.0815348
0.753906 -0.0833043
0.765625 -0.0835827
0.720703 -0.0830991
0.740234 -0.0815609
0.748047 -0.0820853
0.769531 -0.0834682
0.785156 -0.0842573
0.785156 -0.083754
0.818359 -0.084343
0.800781 -0.0879676
0.779297 -0.0867325
0.802734 -0.0885943
0.808594 -0.0914592
0.810547 -0.0952241
0.802734 -0.0946535
0.828125 -0.0950837
0.814453 -0.0957203
0.792969 -0.0986123
0.792969 -0.0970921
0.787109 -0.0952491
0.828125 -0.0934089
0.820312 -0.0955263
0.796875 -0.0960558
0.824219 -0.0967728
0.796875 -0.100218
0.771484 -0.10338
0.757812 -0.103037
0.742188 -0.102664
0.740234 -0.103779
0.703125 -0.10445
0.728516 -0.104164
0.765625 -0.104448
0.738281 -0.103654
0.726562 -0.105675
0.714844 -0.105688
0.751953 -0.106094
0.755859 -0.103426
0.769531 -0.102397
0.771484 -0.104522
0.789062 -0.106067
0.824219 -0.105107
0.837891 -0.106627
0.835938 -0.10928
0.826172 -0.113909
0.830078 -0.115589
0.833984 -0.118826
0.810547 -0.120348
0.8125 -0.120736
0.826172 -0.121682
0.816406 -0.121802
0.824219 -0.122948
0.845703 -0.121708
0.824219 -0.121563
0.845703 -0.123611
0.857422 -0.123199
0.861328 -0.128983
0.849609 -0.134249
0.865234 -0.142426
0.851562 -0.148991
0.871094 -0.154774
0.857422 -0.155056
0.859375 -0.157679
0.837891 -0.159843
0.867188 -0.161455
0.847656 -0.160468
0.863281 -0.156004
0.886719 -0.151406
0.880859 -0.146222
0.886719 -0.144672
0.892578 -0.143246
0.898438 -0.139989
0.878906 -0.13947
0.90625 -0.134772
0.908203 -0.130063
0.921875 -0.127245
0.910156 -0.127813
0.865234 -0.125299
0.871094 -0.125752
0.884766 -0.123689
0.902344 -0.121365
0.890625 -0.120541
0.865234 -0.117933
0.867188 -0.114178
0.869141 -0.112124
0.869141 -0.110788
0.869141 -0.10934
0.886719 -0.108651
0.884766 -0.111014
0.917969 -0.114445
0.900391 -0.120486
0.910156 -0.124429
0.912109 -0.130105
0.900391 -0.133451
0.884766 -0.138013
0.904297 -0.140351
0.873047 -0.138833
0.869141 -0.137169
0.873047 -0.135661
0.882812 -0.132678
0.865234 -0.129644
0.833984 -0.124708
0.873047 -0.122951
0.867188 -0.121896
0.861328 -0.11695
0.853516 -0.109231
0.839844 -0.100421
0.855469 -0.09561
0.837891 -0.0887185
0.798828 -0.0831563
0.8125 -0.0820099
0.78125 -0.0820468
0.78125 -0.0828725
0.769531 -0.0839848
0.791016 -0.0822884
0.804688 -0.0863823
0.78125 -0.0878852
0.800781 -0.0844155
0.759766 -0.0834586
0.800781 -0.0834755
0.804688 -0.0826289
0.835938 -0.0806383
0.847656 -0.078505
0.839844 -0.0767986
0.853516 -0.0745085
0.851562 -0.0723812
0.814453 -0.0684403
0.859375 -0.0648994
0.841797 -0.0635225
0.857422 -0.0625816
0.837891 -0.0649687
0.847656 -0.0623218
0.822266 -0.0606549
0.783203 -0.056676
0.777344 -0.0552306
0.78125 -0.0530824
0.798828 -0.0488177
0.775391 -0.045136
0.761719 -0.0416319
0.775391 -0.0386531
0.771484 -0.0336335
0.742188 -0.0295993
0.767578 -0.022203
0.753906 -0.0153879
0.757812 -0.00859069
0.748047 -0.0021893
0.738281 0.00274481
0.748047 0.00747636
0.757812 0.00964387
0.816406 0.0116307
0.777344 0.0138833
0.814453 0.0136479
0.824219 0.00914758
0.796875 0.00385276
0.828125 -0.00160857
0.792969 -0.00230627
0.761719 -0.00248091
0.748047 -0.000808572
0.765625 0.00405768
0.765625 0.00883429
0.800781 0.0116752
0.800781 0.0150116
0.830078 0.0172799
0.837891 0.0206315
0.853516 0.0191981
0.835938 0.015806
0.798828 0.00955678
0.794922 0.00743852
0.802734 0.00563271
0.808594 0.00415528
0.810547 -0.000174751
0.804688 -0.00231541
0.791016 -0.00740559
0.802734 -0.0115001
0.816406 -0.0117355
0.8125 -0.0086757
0.800781 -0.00303347
0.820312 0.00237744
0.808594 0.00533551
0.818359 0.00443042
0.818359 0.00564921
0.785156 0.00876533
0.820312 0.0061209
0.818359 0.0059217
0.785156 0.00604516
0.771484 0.00816632
0.798828 0.00640049
0.802734 0.00499624
0.806641 0.00273387
0.794922 0.00322631
0.822266 0.00393255
0.84375 0.00470752
0.84375 0.00206164
0.830078 0.00286039
0.839844 0.00401741
0.833984 0.00383546
0.820312 0.00573379
0.832031 0.0101175
0.857422 0.0120688
0.828125 0.0146847
0.810547 0.0155597
0.845703 0.0183077
0.8125 0.022471
0.800781 0.0275082
0.800781 0.0319933
0.822266 0.038381
0.804688 0.046005
0.777344 0.052364
0.744141 0.055147
0.708984 0.0652148
0.662109 0.0714952
0.65625 0.0788906
0.664062 0.0858238
0.673828 0.0938254
0.728516 0.097913
0.724609 0.101205
0.722656 0.107166
0.712891 0.111484
0.679688 0.114612
0.673828 0.116318
0.650391 0.117359
0.708984 0.118514
0.716797 0.121272
0.701172 0.125564
0.740234 0.128167
0.714844 0.128474
0.755859 0.127394
0.787109 0.12714
0.791016 0.126629
0.771484 0.127375
0.787109 0.129544
0.804688 0.13246
0.839844 0.132775
0.835938 0.134761
0.802734 0.139575
0.767578 0.147075
0.787109 0.150116
0.779297 0.15179
0.769531 0.150396
0.791016 0.151457
0.8125 0.15058
0.830078 0.149678
0.824219 0.148947
0.867188 0.14971
0.875 0.151101
0.861328 0.15263
0.849609 0.152267
0.816406 0.151099
0.822266 0.152148
0.808594 0.152506
0.814453 0.151053
0.78125 0.148092
0.826172 0.145047
0.855469 0.142062
0.824219 0.138317
0.847656 0.135241
0.878906 0.133445
0.873047 0.130753
0.851562 0.125918
0.865234 0.120536
0.837891 0.115647
0.789062 0.113993
0.746094 0.113308
0.78125 0.110648
0.78125 0.103838
0.794922 0.0952464
0.816406 0.0888722
0.818359 0.0797014
0.820312 0.0704275
0.822266 0.0655022
0.798828 0.0588506
0.84375 0.054958
0.849609 0.0542113
0.84375 0.0515653
0.804688 0.0506967
0.806641 0.050436
0.826172 0.0476344
0.808594 0.0435798
0.863281 0.0419358
0.847656 0.0446025
0.855469 0.0462437
0.841797 0.047712
0.857422 0.046594
0.853516 0.0449009
0.820312 0.0401493
0.84375 0.0378112
0.835938 0.0353861
0.828125 0.0298646
0.791016 0.0269581
0.779297 0.0230161
0.832031 0.0222001
0.837891 0.0228338
0.835938 0.0217207
0.865234 0.0219548
0.873047 0.0217762
0.882812 0.0211791
0.898438 0.0196857
0.912109 0.0195128
0.894531 0.019906
0.910156 0.020472
0.923828 0.0189402
0.900391 0.0165384
0.855469 0.0111541
0.863281 0.00908061
0.880859 0.00760345
0.869141 0.00603457
0.865234 0.00669739
0.857422 0.00366688
0.853516 0.000151461
0.859375 -0.00461176
0.880859 -0.00707572
0.855469 -0.00645316
0.861328 -0.00821816
0.876953 -0.0098981
0.847656 -0.010869
0.822266 -0.0103109
0.822266 -0.0093617
0.810547 -0.00859681
0.806641 -0.00989714
0.800781 -0.0110299
0.773438 -0.0127049
0.798828 -0.0131869
0.794922 -0.0128418
0.775391 -0.012106
0.740234 -0.0104858
0.734375 -0.010219
0.771484 -0.0104625
0.785156 -0.0135954
0.800781 -0.017303
0.820312 -0.0193138
0.810547 -0.0246585
0.8125 -0.0275666
0.833984 -0.0266241
0.791016 -0.0233758
0.783203 -0.0200512
0.763672 -0.018179
0.787109 -0.0199973
0.746094 -0.0185955
0.773438 -0.0157989
0.732422 -0.013181
0.748047 -0.00876986
0.773438 -0.00229584
0.767578 0.00199936
0.746094 0.00430708
0.738281 0.00438156
0.724609 0.0057095
0.707031 0.00432297
0.673828 0.00488384
0.707031 0.00181438
0.705078 0.000968053
0.697266 -0.00162028
0.716797 -0.00387507
0.730469 -0.00754394
0.728516 -0.0107971
0.75 -0.0095221
0.732422 -0.00969311
0.771484 -0.0106735
0.796875 -0.0108615
0.796875 -0.0160477
0.771484 -0.0196612
0.822266 -0.0235882
0.800781 -0.0257143
0.820312 -0.030276
0.804688 -0.0352856
0.8125 -0.0405096
0.822266 -0.0440045
0.828125 -0.0465487
0.816406 -0.0477469
0.8125 -0.0517066
0.818359 -0.0542415
0.8125 -0.056733
0.851562 -0.0560297
0.826172 -0.0579849
0.839844 -0.0576558
0.839844 -0.0595269
0.841797 -0.064092
0.853516 -0.0681043
0.861328 -0.0704408
0.857422 -0.0707188
0.878906 -0.0695967
0.871094 -0.0684559
0.898438 -0.0692318
0.873047 -0.0676633
0.863281 -0.0651412
0.888672 -0.0594674
0.865234 -0.0544314
0.857422 -0.0536136
0.880859 -0.0524321
0.884766 -0.0533648
0.857422 -0.0519516
0.847656 -0.05636
0.857422 -0.0577509
0.853516 -0.0610517
0.853516 -0.0701773
0.859375 -0.0734221
0.830078 -0.0762344
0.822266 -0.0797972
0.853516 -0.0854362
0.84375 -0.0858814
0.851562 -0.0892913
0.865234 -0.0949389
0.884766 -0.101934
0.849609 -0.108574
0.867188 -0.113411
0.853516 -0.11513
0.882812 -0.114545
0.890625 -0.119371
0.882812 -0.121465
0.884766 -0.123317
0.845703 -0.126845
0.816406 -0.12888
0.787109 -0.134436
0.791016 -0.139927
0.796875 -0.140898
0.800781 -0.142694
0.808594 -0.146416
0.818359 -0.147784
0.789062 -0.145365
0.794922 -0.146219
0.806641 -0.146808
0.800781 -0.14399
0.777344 -0.142242
0.767578 -0.141864
0.798828 -0.142285
0.773438 -0.140247
0.751953 -0.138292
0.732422 -0.133203
0.697266 -0.131048
0.734375 -0.130744
0.779297 -0.127852
0.792969 -0.125474
0.753906 -0.123337
0.707031 -0.125699
0.75 -0.123942
0.78125 -0.123079
0.777344 -0.122321
0.763672 -0.12406
0.771484 -0.123154
0.777344 -0.120105
0.765625 -0.119344
0.779297 -0.119235
0.787109 -0.123257
0.742188 -0.126142
0.740234 -0.126146
0.728516 -0.127033
0.736328 -0.125708
0.693359 -0.12574
0.691406 -0.122617
0.679688 -0.120085
0.679688 -0.120754
0.671875 -0.122374
0.691406 -0.121458
0.697266 -0.12019
0.724609 -0.119122
0.738281 -0.11743
0.740234 -0.116765
0.732422 -0.114181
0.71875 -0.109204
0.751953 -0.105317
0.765625 -0.101606
0.763672 -0.100424
0.808594 -0.0994962
0.75 -0.0969425
0.679688 -0.0898062
0.701172 -0.0860038
0.697266 -0.084304
0.671875 -0.0850983
0.673828 -0.0863536
0.724609 -0.0872538
0.748047 -0.0856835
0.732422 -0.0821006
0.728516 -0.0802397
0.765625 -0.077949
0.712891 -0.0789674
0.695312 -0.0814787
0.71875 -0.0796743
0.732422 -0.0740448
0.740234 -0.0656831
0.728516 -0.0605708
0.744141 -0.0515302
0.763672 -0.0460844
0.761719 -0.0394872
0.769531 -0.0322577
0.759766 -0.0233338
0.751953 -0.01551
0.755859 -0.0116748
0.802734 -0.00852108
0.751953 -0.0100419
0.730469 -0.00937051
0.806641 -0.00647467
0.816406 -0.00334284
0.8125 -0.00169349
0.822266 0.000199684
0.826172 0.00190452
0.789062 0.00184879
0.818359 0.00578387
0.822266 0.00903701
0.806641 0.0110601
0.798828 0.0114028
0.794922 0.0114909
0.806641 0.00948044
0.798828 0.00673952
0.798828 0.00405907
0.759766 0.0019303
0.775391 -0.000424626
0.808594 -0.000834555
0.8125 -0.00303858
0.806641 -0.00445034
0.8125 -0.00547595
0.814453 -0.00425664
0.837891 -0.000717886
0.832031 0.00309506
0.816406 0.00110957
0.84375 0.00027342
0.861328 -0.000598023
0.878906 -0.000800703
0.902344 -0.000133525
0.882812 0.00347503
0.880859 0.00303676
0.875 0.00138886
0.867188 -0.00149211
0.863281 -0.0102787
0.871094 -0.0166764
0.873047 -0.0165319
0.853516 -0.0140199
0.8125 -0.011463
0.78125 -0.00989308
0.736328 -0.00489541
0.791016 -0.00126717
0.798828 -0.00206756
0.783203 -0.0008137
0.802734 -0.00139215
0.8125 0.000275262
0.830078 0.00580395
0.816406 0.00869092
0.806641 0.0113219
0.767578 0.0119443
0.714844 0.0104314
0.699219 0.00682894
0.658203 0.00377692
0.669922 0.00336256
0.654297 0.00348329
0.677734 0.00497776
0.667969 0.0114844
0.671875 0.016014
0.683594 0.0214431
0.744141 0.0261422
0.701172 0.0296866
0.71875 0.0314846
0.712891 0.03195
0.677734 0.0346334
0.707031 0.035604
0.730469 0.0366106
0.744141 0.0386932
0.736328 0.0391901
0.712891 0.0402803
0.724609 0.0392185
0.730469 0.0372983
0.759766 0.0353972
0.765625 0.0340494
0.746094 0.0343817
0.748047 0.0359926
0.75 0.0356189
0.783203 0.0329506
0.78125 0.0315023
0.806641 0.0278695
0.828125 0.0262505
0.824219 0.0248981
0.802734 0.0232959
0.792969 0.0240132
0.837891 0.0253202
0.826172 0.0249728
0.810547 0.0240846
0.796875 0.0300418
0.785156 0.0388385
0.800781 0.045766
0.765625 0.0506711
0.761719 0.0551913
0.769531 0.0550852
0.746094 0.0533101
0.765625 0.0571746
0.830078 0.0612123
0.839844 0.0636197
0.847656 0.0641806
0.841797 0.0625185
0.853516 0.060557
0.863281 0.0604504
0.861328 0.0648624
0.830078 0.0653734
0.839844 0.0689052
0.845703 0.0738755
0.853516 0.0771039
0.802734 0.0814655
0.791016 0.0864071
0.773438 0.0899525
0.769531 0.0935604
0.810547 0.0944965
0.822266 0.0956413
0.8125 0.0957215
0.824219 0.100317
0.808594 0.1023
0.792969 0.103853
0.779297 0.105656
0.787109 0.107378
0.757812 0.103532
0.785156 0.104434
0.763672 0.106405
0.792969 0.106486
0.814453 0.106137
0.808594 0.105721
0.824219 0.10274
0.800781 0.10512
0.798828 0.106669
0.796875 0.105703
0.839844 0.104675
0.857422 0.105859
0.865234 0.10332
0.820312 0.100629
0.814453 0.100111
0.792969 0.100728
0.775391 0.102167
0.814453 0.103104
0.791016 0.105307
0.753906 0.109212
0.785156 0.10845
0.789062 0.11072
0.775391 0.110595
0.802734 0.113767
0.769531 0.114458
0.777344 0.117783
0.751953 0.117819
0.734375 0.118216
0.732422 0.117181
0.691406 0.119781
0.648438 0.117405
0.652344 0.113441
0.689453 0.114501
0.65625 0.113366
0.648438 0.111529
0.6875 0.109791
0.71875 0.108785
0.720703 0.108081
0.732422 0.103414
0.732422 0.0962437
0.746094 0.0914917
0.753906 0.0929693
0.789062 0.0925885
0.78125 0.0914436
0.775391 0.0870771
0.8125 0.0852125
0.810547 0.0828058
0.828125 0.080153
0.833984 0.0810201
0.818359 0.0801238
0.841797 0.0825136
0.835938 0.0799331
0.826172 0.0745652
0.841797 0.0692045
0.832031 0.066887
0.828125 0.0653142
0.841797 0.0630864
0.861328 0.0598444
0.830078 0.0538519
0.796875 0.0500204
0.816406 0.0490371
0.771484 0.0500103
0.740234 0.0500253
0.759766 0.0488071
0.765625 0.04812
0.791016 0.0477542
0.787109 0.0428048
0.814453 0.0398187
0.832031 0.0377718
0.828125 0.0397514
0.855469 0.0413267
0.873047 0.042136
0.855469 0.0403648
0.890625 0.0368145
0.878906 0.0329243
0.861328 0.0290343
0.835938 0.02753
0.826172 0.0274117
0.810547 0.0291419
0.787109 0.0286822
0.791016 0.0310803
0.757812 0.0312364
0.757812 0.028661
0.759766 0.0273426
0.802734 0.0266927
0.792969 0.028217
0.804688 0.0290898
0.765625 0.0300863
0.765625 0.0311571
0.789062 0.0275587
0.789062 0.0251436
0.785156 0.0193167
0.806641 0.0118346
0.787109 0.00256753
0.779297 -0.00505849
0.771484 -0.00988221
0.732422 -0.0121755
0.685547 -0.0101226
0.722656 -0.0104777
0.707031 -0.00928618
0.699219 -0.0114413
0.6875 -0.00894425
0.681641 -0.00981682
0.638672 -0.0115941
0.626953 -0.0158015
0.652344 -0.0188982
0.648438 -0.0232201
0.664062 -0.0300424
0.683594 -0.0389848
0.691406 -0.0393532
0.671875 -0.0426297
0.660156 -0.0462143
0.65625 -0.0493523
0.677734 -0.0501115
0.664062 -0.0478251
0.658203 -0.0448224
0.697266 -0.0466076
0.714844 -0.0524447
0.707031 -0.0555435
0.697266 -0.0577208
0.714844 -0.0591762
0.712891 -0.0572023
0.654297 -0.0564173
0.642578 -0.0550072
0.623047 -0.0581317
0.646484 -0.0609671
0.654297 -0.0642834
0.667969 -0.067802
0.658203 -0.0755843
0.667969 -0.0804762
0.671875 -0.0869634
0.675781 -0.0916878
0.642578 -0.0957218
0.650391 -0.101193
0.634766 -0.106486
0.644531 -0.114162
0.619141 -0.121799
0.632812 -0.127472
0.607422 -0.132303
0.662109 -0.131097
0.667969 -0.129521
0.675781 -0.129586
0.703125 -0.128608
0.669922 -0.1325
0.671875 -0.136811
0.662109 -0.138074
0.652344 -0.135099
0.632812 -0.135629
0.623047 -0.137166
0.685547 -0.14051
0.689453 -0.143001
0.726562 -0.14614
0.714844 -0.147862
0.734375 -0.150015
0.71875 -0.151224
0.71875 -0.150769
0.732422 -0.147661
0.78125 -0.147136
0.808594 -0.148171
0.792969 -0.147016
0.787109 -0.144989
0.769531 -0.145527
0.787109 -0.145365
0.765625 -0.147914
0.759766 -0.146743
0.777344 -0.148176
0.796875 -0.15378
0.779297 -0.158757
0.824219 -0.158026
0.841797 -0.1554
0.835938 -0.154299
0.855469 -0.152185
0.873047 -0.149959
0.863281 -0.142084
0.880859 -0.140949
0.853516 -0.136982
0.837891 -0.13635
0.832031 -0.135212
0.845703 -0.132746
0.857422 -0.128176
0.855469 -0.124965
0.853516 -0.117584
0.833984 -0.111121
0.833984 -0.106107
0.878906 -0.0999189
0.851562 -0.0898697
0.894531 -0.0833575
0.855469 -0.0784218
0.859375 -0.0732786
0.859375 -0.0666637
0.869141 -0.0592275
0.855469 -0.0510035
0.863281 -0.0425965
0.832031 -0.0358329
0.775391 -0.0321825
0.798828 -0.027697
0.830078 -0.0200351
0.806641 -0.0114175
0.830078 -0.00335563
0.832031 0.0068383
0.818359 0.0142499
0.820312 0.0243507
0.855469 0.0280647
0.869141 0.0300824
0.849609 0.0312167
0.863281 0.0355738
0.855469 0.0387439
0.84375 0.0398825
0.835938 0.0415302
0.855469 0.0466724
0.859375 0.0502151
0.876953 0.05411
0.875 0.0561943
0.826172 0.0609304
0.847656 0.0636079
0.884766 0.063841
0.875 0.0653068
0.871094 0.0667596
0.865234 0.0692163
0.878906 0.070349
0.861328 0.0706803
0.882812 0.0745399
0.857422 0.0753857
0.857422 0.073909
0.84375 0.0723646
0.828125 0.071585
0.824219 0.0679798
0.806641 0.0629205
0.828125 0.0567094
0.824219 0.0508861
0.849609 0.048959
0.845703 0.0480838
0.828125 0.0428489
0.828125 0.0355723
0.820312 0.0291131
0.835938 0.022397
0.853516 0.0158959
0.832031 0.0125319
0.841797 0.00718214
0.859375 0.00102516
0.880859 -0.00551578
0.884766 -0.0087352
0.884766 -0.0119447
0.892578 -0.010939
0.890625 -0.0078835
0.892578 -0.00368558
0.90625 -0.00453189
0.882812 -0.00223793
0.880859 -0.00336756
0.90625 -0.00527505
0.886719 -0.00870561
0.875 -0.00639277
0.865234 -0.00886183
0.837891 -0.0123823
0.841797 -0.0170116
0.826172 -0.0227258
0.822266 -0.0257936
0.820312 -0.0301183
0.806641 -0.033328
0.857422 -0.0345536
0.867188 -0.0321209
0.880859 -0.0247376
0.845703 -0.0160184
0.841797 -0.00962199
0.833984 -0.00269148
0.84375 0.00253893
0.833984 0.0049306
0.808594 0.00672433
0.830078 0.00919387
0.820312 0.0102703
0.785156 0.0172809
0.806641 0.0245091
0.767578 0.0296763
0.757812 0.0318131
0.771484 0.0387548
0.789062 0.0457275
0.761719 0.0548055
0.746094 0.0627969
0.759766 0.0743672
0.773438 0.0844113
0.804688 0.0920687
0.820312 0.0992357
0.849609 0.10204
0.832031 0.102703
0.84375 0.104664
0.822266 0.106008
0.765625 0.10828
0.783203 0.114499
0.791016 0.124433
0.769531 0.129294
0.763672 0.137919
0.779297 0.143411
0.767578 0.147497
0.78125 0.150984
0.785156 0.15341
0.798828 0.15361
0.818359 0.151717
0.791016 0.151675
0.798828 0.149684
0.804688 0.148749
0.808594 0.153569
0.814453 0.155195
0.806641 0.15639
0.804688 0.158569
0.808594 0.166752
0.814453 0.175117
0.798828 0.178247
0.78125 0.181811
0.792969 0.184481
0.808594 0.18748
0.855469 0.191623
0.808594 0.1986
0.84375 0.205991
0.835938 0.215259
0.859375 0.223322
0.857422 0.231467
0.876953 0.239187
0.904297 0.246515
0.894531 0.25022
0.880859 0.255164
0.869141 0.253315
0.859375 0.24953
0.853516 0.243454
0.855469 0.239777
0.875 0.23797
0.853516 0.234343
0.806641 0.231835
0.798828 0.226519
0.820312 0.22339
0.830078 0.219895
0.789062 0.21704
0.830078 0.211262
0.806641 0.203787
0.804688 0.197884
0.802734 0.192599
0.822266 0.185798
0.826172 0.178903
0.84375 0.173449
0.857422 0.16319
0.849609 0.154518
0.857422 0.146799
0.863281 0.142736
0.859375 0.1369
0.857422 0.131899
0.84375 0.123892
0.841797 0.117636
0.835938 0.109562
0.822266 0.102799
0.837891 0.0944948
0.830078 0.091514
0.859375 0.0931543
0.884766 0.0944032
0.886719 0.0929852
0.851562 0.0940215
0.851562 0.0917475
0.869141 0.0923283
0.861328 0.092025
0.884766 0.0926392
0.855469 0.0928252
0.841797 0.095083
0.84375 0.0946874
0.837891 0.0930275
0.835938 0.0885166
0.830078 0.0841788
0.826172 0.0826133
0.798828 0.0819082
0.796875 0.0833937
0.785156 0.0842008
0.796875 0.0791085
0.767578 0.0710305
0.800781 0.0633534
0.845703 0.0602707
0.832031 0.0545189
0.791016 0.0520224
0.78125 0.0498126
0.820312 0.050591
0.839844 0.048136
0.8125 0.0459991
0.824219 0.0439654
0.742188 0.0436284
0.732422 0.0438637
0.726562 0.0422344
0.705078 0.0426058
0.667969 0.0451522
0.703125 0.0426453
0.691406 0.039289
0.726562 0.0354945
0.705078 0.0329727
0.724609 0.0317439
0.744141 0.028308
0.712891 0.0246711
0.699219 0.0217897
0.6875 0.0201888
0.662109 0.0162257
0.667969 0.0131265
0.669922 0.00771754
0.6875 0.0033009
0.677734 0.00286865
0.707031 0.00183434
0.708984 0.00397049
0.71875 0.00470369
0.726562 0.0075056
0.683594 0.00991297
0.685547 0.0131735
0.732422 0.0166826
0.742188 0.0194499
0.759766 0.0204515
0.775391 0.0196118
0.806641 0.0148911
0.787109 0.010743
0.742188 0.0073192
0.751953 0.00316108
0.769531 -0.00298413
0.773438 -0.00880785
0.765625 -0.00764024
0.757812 -0.00184159
0.755859 0.000141929
0.761719 0.0039641
0.792969 0.00572104
0.802734 0.00739024
0.839844 0.0146629
0.835938 0.0169505
0.839844 0.016382
0.833984 0.0175288
0.855469 0.0165623
0.849609 0.0158195
0.835938 0.0166214
0.794922 0.0135974
0.771484 0.00959328
0.794922 0.00652534
0.761719 0.00330104
0.759766 -0.00244252
0.810547 -0.008612
0.810547 -0.0165515
0.820312 -0.020082
0.796875 -0.0273004
0.808594 -0.0326053
0.826172 -0.0384734
0.851562 -0.0435272
0.84375 -0.0487918
0.849609 -0.055855
0.894531 -0.0601044
0.873047 -0.0607251
0.880859 -0.0624212
0.847656 -0.0657102
0.837891 -0.0693289
0.859375 -0.0744052
0.845703 -0.0786638
0.880859 -0.0819884
0.888672 -0.0846872
0.884766 -0.0871541
0.898438 -0.0933035
0.884766 -0.0995054
0.892578 -0.102892
0.910156 -0.107673
0.896484 -0.110695
0.888672 -0.111505
0.873047 -0.113945
0.878906 -0.116213
0.865234 -0.117998
0.863281 -0.12133
0.882812 -0.127763
0.898438 -0.131086
0.90625 -0.131039
0.896484 -0.131054
0.865234 -0.130033
0.867188 -0.131844
0.818359 -0.130673
0.822266 -0.134137
0.810547 -0.134787
0.794922 -0.133789
0.816406 -0.131176
0.822266 -0.127645
0.841797 -0.124249
0.859375 -0.120007
0.871094 -0.116842
0.886719 -0.114491
0.904297 -0.113394
0.863281 -0.114177
0.873047 -0.108702
0.859375 -0.103646
0.84375 -0.0995644
0.802734 -0.0971881
0.787109 -0.0948905
0.777344 -0.0987733
0.804688 -0.103755
0.810547 -0.107887
0.824219 -0.113546
0.796875 -0.119778
0.837891 -0.122475
0.828125 -0.12139
0.816406 -0.122052
0.824219 -0.120101
0.818359 -0.118872
0.802734 -0.118279
0.804688 -0.121206
0.806641 -0.122233
0.8125 -0.123588
0.804688 -0.126112
0.796875 -0.12749
0.802734 -0.133324
0.833984 -0.138764
0.833984 -0.14302
0.826172 -0.147345
0.847656 -0.147903
0.853516 -0.149275
0.820312 -0.150309
0.78125 -0.14819
0.800781 -0.144656
0.804688 -0.14452
0.820312 -0.142891
0.828125 -0.140066
0.802734 -0.13621
0.792969 -0.132691
0.78125 -0.128892
0.779297 -0.123724
0.794922 -0.118479
0.837891 -0.114614
0.830078 -0.112197
0.828125 -0.110318
0.830078 -0.109303
0.886719 -0.104193
0.857422 -0.100219
0.871094 -0.0983502
0.847656 -0.10049
0.835938 -0.099314
0.828125 -0.0998555
0.818359 -0.0995174
0.839844 -0.100138
0.798828 -0.0997628
0.822266 -0.0969039
0.810547 -0.0934476
0.806641 -0.0886715
0.802734 -0.0832699
0.828125 -0.0793281
0.830078 -0.0763835
0.830078 -0.0790673
0.832031 -0.0826333
0.833984 -0.0880466
0.833984 -0.0915566
0.816406 -0.0937176
0.804688 -0.0920002
0.798828 -0.0890526
0.757812 -0.0846372
0.787109 -0.0848077
0.816406 -0.0850538
0.871094 -0.083639
0.853516 -0.0837815
0.855469 -0.080614
0.845703 -0.0804512
0.841797 -0.0804179
0.824219 -0.0792486
0.84375 -0.0788244
0.824219 -0.0762986
0.863281 -0.0757519
0.837891 -0.0726322
0.878906 -0.0676906
0.878906 -0.0636628
0.865234 -0.0595756
0.853516 -0.0582506
0.886719 -0.057078
0.894531 -0.0521513
0.90625 -0.0492306
0.90625 -0.0524445
0.894531 -0.0528234
0.859375 -0.0519485
0.849609 -0.0538078
0.802734 -0.0551793
0.806641 -0.0564084
0.822266 -0.051923
0.830078 -0.0485269
0.839844 -0.0488285
0.751953 -0.0463063
0.730469 -0.044512
0.728516 -0.0408991
0.748047 -0.0414842
0.755859 -0.0411436
0.796875 -0.0383144
0.820312 -0.0349397
0.84375 -0.0283529
0.865234 -0.0232941
0.847656 -0.01729
0.869141 -0.0138407
0.871094 -0.0117156
0.892578 -0.00640077
0.878906 -0.00184255
0.851562 0.00500881
0.902344 0.0081908
0.884766 0.0140718
0.886719 0.0209219
0.884766 0.0273776
0.880859 0.0326305
0.882812 0.041002
0.841797 0.0513145
0.869141 0.0602536
0.884766 0.06896
0.904297 0.0774407
0.884766 0.0870601
0.869141 0.0930205
0.890625 0.0986908
0.894531 0.100487
0.84375 0.102426
0.849609 0.107173
0.853516 0.106326
0.841797 0.108334
0.8125 0.111773
0.787109 0.116947
0.771484 0.120261
0.796875 0.121566
0.830078 0.123401
0.828125 0.124116
0.849609 0.12921
0.800781 0.130059
0.828125 0.12789
0.818359 0.124221
0.882812 0.125375
0.869141 0.124148
0.849609 0.125551
0.84375 0.127896
0.820312 0.12958
0.822266 0.130664
0.837891 0.133487
0.830078 0.129709
0.802734 0.127558
0.830078 0.126447
0.814453 0.129574
0.816406 0.132911
0.804688 0.134945
0.8125 0.13685
0.802734 0.138861
0.777344 0.144899
0.775391 0.148701
0.773438 0.150522
0.785156 0.15339
0.789062 0.153257
0.806641 0.15322
0.816406 0.152271
0.84375 0.154546
0.822266 0.151617
0.865234 0.149261
0.849609 0.145756
0.867188 0.13908
0.865234 0.13233
0.857422 0.126985
0.851562 0.125877
0.822266 0.126415
0.833984 0.13317
0.865234 0.138799
0.830078 0.141675
0.789062 0.143367
0.824219 0.146511
0.832031 0.146871
0.837891 0.14356
0.888672 0.138076
0.849609 0.130964
0.806641 0.130004
0.832031 0.128902
0.833984 0.122876
0.867188 0.120834
0.84375 0.119208
0.800781 0.116668
0.773438 0.113311
0.775391 0.108745
0.722656 0.106046
0.738281 0.102347
0.753906 0.0970192
0.779297 0.0896955
0.755859 0.0807344
0.759766 0.0719813
0.736328 0.0683738
0.769531 0.0694133
0.757812 0.072766
0.753906 0.0737218
0.767578 0.0752725
0.771484 0.0766339
0.751953 0.0746836
0.777344 0.0736271
0.791016 0.0707529
0.802734 0.0666721
0.818359 0.0618574
0.841797 0.056221
0.830078 0.0567479
0.835938 0.0556432
0.826172 0.0570404
0.814453 0.054198
0.84375 0.0508274
0.841797 0.0493986
0.847656 0.0517547
0.832031 0.0521064
0.814453 0.0511267
0.822266 0.0470726
0.800781 0.0460501
0.822266 0.0445682
0.855469 0.0432006
0.873047 0.0400899
0.857422 0.0371068
0.857422 0.0418613
0.833984 0.0456958
0.839844 0.0459419
0.847656 0.0459626
0.855469 0.0476504
0.857422 0.0508742
0.832031 0.0513714
0.828125 0.0529948
0.841797 0.0536877
0.804688 0.0555681
0.841797 0.0578873
0.865234 0.0587872
0.853516 0.0598861
0.861328 0.0594931
0.832031 0.0612699
0.818359 0.0591261
0.853516 0.0547635
0.839844 0.0528692
0.861328 0.0469855
0.884766 0.0445411
0.855469 0.0408568
0.861328 0.0374881
0.869141 0.0315492
0.878906 0.0258116
0.886719 0.0229723
0.890625 0.0188356
0.863281 0.0158954
0.855469 0.0132727
0.84375 0.00849795
0.839844 0.0056447
0.837891 0.0013336
0.839844 -0.00247431
0.845703 -0.0102337
0.845703 -0.0163562
0.830078 -0.0237534
0.835938 -0.0358322
0.822266 -0.0468067
0.808594 -0.0549842
0.824219 -0.0589419
0.794922 -0.0623689
0.802734 -0.0629019
0.806641 -0.0669274
0.826172 -0.068929
0.822266 -0.0772732
0.742188 -0.0843829
0.714844 -0.0864774
0.701172 -0.0902929
0.734375 -0.09446
0.75 -0.0969522
0.779297 -0.0984156
0.771484 -0.0982145
0.777344 -0.0978395
0.742188 -0.0962747
0.738281 -0.0950777
0.753906 -0.0931437
0.791016 -0.0864361
0.787109 -0.0891495
0.794922 -0.0895431
0.779297 -0.0919387
0.78125 -0.0940866
0.810547 -0.0944219
0.8125 -0.099299
0.816406 -0.103425
0.818359 -0.103374
0.839844 -0.104217
0.771484 -0.104413
0.779297 -0.103459
0.769531 -0.101616
0.736328 -0.10226
0.730469 -0.104609
0.730469 -0.102782
0.695312 -0.100909
0.699219 -0.099555
0.685547 -0.101093
0.679688 -0.103315
0.726562 -0.105174
0.699219 -0.10431
0.673828 -0.105397
0.705078 -0.102988
0.695312 -0.103144
0.689453 -0.10292
0.671875 -0.100976
0.710938 -0.104232
0.685547 -0.106649
0.6875 -0.106311
0.630859 -0.106974
0.632812 -0.107058
0.636719 -0.107501
0.675781 -0.107264
0.669922 -0.105706
0.652344 -0.102926
0.630859 -0.103214
0.628906 -0.10079
0.667969 -0.0997492
0.640625 -0.0982546
0.623047 -0.0958439
0.662109 -0.0949056
0.71875 -0.0937119
0.746094 -0.0932951
0.742188 -0.0933151
0.767578 -0.0965283
0.789062 -0.0983434
0.798828 -0.100235
0.773438 -0.0987403
0.78125 -0.09595
0.751953 -0.0916779
0.732422 -0.0885034
0.742188 -0.0858711
0.765625 -0.0812047
0.78125 -0.0761487
0.792969 -0.0727507
0.775391 -0.0671494
0.802734 -0.0603156
0.791016 -0.0524426
0.792969 -0.0461844
0.820312 -0.0374199
0.824219 -0.0318119
0.816406 -0.0321931
0.857422 -0.0331107
0.900391 -0.0317672
0.896484 -0.0303131
0.876953 -0.0303453
0.878906 -0.0313106
0.845703 -0.0291268
0.851562 -0.0289491
0.841797 -0.0218292
0.802734 -0.0189269
0.820312 -0.0191524
0.847656 -0.021392
0.873047 -0.0205022
0.867188 -0.0200094
0.855469 -0.0187563
0.806641 -0.0191878
0.789062 -0.0180306
0.798828 -0.0248059
0.814453 -0.03214
0.798828 -0.0431044
0.839844 -0.0503034
0.865234 -0.0550074
0.851562 -0.0566419
0.828125 -0.0625704
0.839844 -0.0609401
0.841797 -0.065251
0.804688 -0.0671585
0.820312 -0.0688046
0.783203 -0.0683826
0.798828 -0.0606259
0.802734 -0.0563769
0.802734 -0.0469655
0.8125 -0.0411043
0.810547 -0.0351413
0.828125 -0.0304551
0.832031 -0.0263711
0.847656 -0.0194377
0.851562 -0.0118587
0.861328 -0.00501682
0.835938 -0.00237174
0.818359 -0.000946241
0.832031 -0.00209959
0.882812 -0.00243847
0.880859 -0.00494688
0.869141 -0.00408234
0.853516 -0.0011406
0.865234 0.000806936
0.847656 0.00383436
0.849609 0.00450414
0.804688 0.00322049
0.830078 0.00392673
0.869141 0.00414974
0.876953 0.00639408
0.890625 0.00440984
0.865234 -0.000694146
0.851562 -0.00386325
0.859375 -0.00673037
0.865234 -0.0106799
0.832031 -0.0108006
0.857422 -0.0120074
0.849609 -0.0144509
0.835938 -0.0141122
0.878906 -0.0132952
0.841797 -0.0107817
0.816406 -0.00927061
0.839844 -0.00596498
0.777344 -0.00114009
0.791016 0.00234079
0.794922 0.00832073
0.794922 0.0153113
0.798828 0.0230831
0.816406 0.029326
0.808594 0.0316755
0.826172 0.0359542
0.851562 0.0401891
0.873047 0.042703
0.886719 0.0427548
0.865234 0.0464616
0.853516 0.0473162
0.833984 0.0467481
0.789062 0.0413065
0.802734 0.0341598
0.765625 0.0303637
0.759766 0.023813
0.746094 0.0174871
0.791016 0.0137103
0.802734 0.0141062
0.828125 0.0155126
0.826172 0.0137618
0.833984 0.0141406
0.8125 0.0184176
0.771484 0.0204927
0.753906 0.0208885
0.759766 0.0227732
0.78125 0.0267108
0.792969 0.0288314
0.791016 0.033898
0.837891 0.0431862
0.84375 0.0527902
0.806641 0.0591581
0.830078 0.0613167
0.841797 0.0640524
0.833984 0.0632444
0.785156 0.0625459
0.833984 0.0638832
0.841797 0.0649456
0.833984 0.0654299
0.857422 0.067942
0.880859 0.0668483
0.851562 0.0635372
0.839844 0.0634604
0.794922 0.0600414
0.777344 0.0611611
0.8125 0.0643462
0.804688 0.0685808
0.798828 0.0783027
0.841797 0.0845972
0.839844 0.0932873
0.8125 0.0956208
0.828125 0.0976938
0.828125 0.0990246
0.837891 0.100452
0.859375 0.103166
0.861328 0.109172
0.875 0.117225
0.876953 0.124774
0.875 0.13689
0.898438 0.145361
0.90625 0.15084
0.888672 0.156012
0.888672 0.159863
0.892578 0.161399
0.873047 0.158178
0.837891 0.155355
0.845703 0.153761
0.853516 0.153692
0.824219 0.155128
0.806641 0.154595
0.783203 0.155321
0.806641 0.154143
0.822266 0.153714
0.849609 0.153538
0.830078 0.151707
0.8125 0.147807
0.828125 0.140305
0.828125 0.134824
0.810547 0.131174
0.826172 0.124951
0.857422 0.120679
0.826172 0.11652
0.804688 0.114243
0.835938 0.110609
0.796875 0.113511
0.757812 0.110093
0.757812 0.108476
0.757812 0.109792
0.746094 0.108065
0.777344 0.10753
0.730469 0.106794
0.740234 0.105856
0.710938 0.10247
0.761719 0.100549
0.763672 0.0986772
0.771484 0.0991809
0.78125 0.0991871
0.806641 0.100184
0.814453 0.103285
0.820312 0.101272
0.814453 0.0992757
0.826172 0.0966818
0.820312 0.0959657
0.824219 0.0907508
0.816406 0.0855928
0.839844 0.0821899
0.832031 0.0784671
0.84375 0.0732622
0.804688 0.0697444
0.773438 0.0681751
0.753906 0.0674242
0.728516 0.0671629
0.763672 0.0662986
0.705078 0.0620661
0.705078 0.0559158
0.71875 0.0522118
0.755859 0.0469527
0.769531 0.0393962
0.736328 0.0351895
0.720703 0.035663
0.740234 0.037963
0.771484 0.0409192
0.759766 0.0443816
0.710938 0.0473215
0.673828 0.0477094
0.703125 0.0452278
0.675781 0.0409997
0.693359 0.0394464
0.707031 0.0374597
0.71875 0.0347179
0.746094 0.0355562
0.757812 0.0356504
0.75 0.0370201
0.773438 0.0399594
0.71875 0.0423698
0.720703 0.0437889
0.753906 0.0431898
0.748047 0.0416576
0.736328 0.0457683
0.71875 0.0446279
0.751953 0.0443386
0.705078 0.044434
0.697266 0.0480961
0.728516 0.0513879
0.748047 0.0525112
0.755859 0.0504292
0.738281 0.0489331
0.767578 0.0517406
0.808594 0.0535357
0.779297 0.0501281
0.777344 0.0477414
0.78125 0.0452369
0.775391 0.0476009
0.730469 0.0475536
0.6875 0.0459663
0.724609 0.0431476
0.728516 0.0416721
0.710938 0.0409115
0.720703 0.0463315
0.705078 0.0550536
0.703125 0.0618285
0.712891 0.0638771
0.705078 0.0645311
0.728516 0.0675252
0.748047 0.0752926
0.746094 0.0811799
0.742188 0.0816576
0.765625 0.0820538
0.767578 0.0816414
0.759766 0.0802411
0.742188 0.0787571
0.736328 0.0734262
0.683594 0.0693596
0.699219 0.0693804
0.734375 0.0695098
0.71875 0.0649097
0.724609 0.0574186
0.708984 0.0511099
0.708984 0.0459908
0.755859 0.0393837
0.746094 0.0347522
0.753906 0.0310371
0.748047 0.0271741
0.697266 0.0250839
0.673828 0.0230259
0.685547 0.0210375
0.671875 0.0172453
0.722656 0.0113745
0.714844 0.00417333
0.675781 -0.00304218
0.708984 -0.0125012
0.6875 -0.0167188
0.744141 -0.022515
0.777344 -0.0291208
0.742188 -0.0321142
0.785156 -0.0390999
0.753906 -0.0412508
0.773438 -0.0408214
0.769531 -0.0385183
0.804688 -0.0354095
0.78125 -0.0324332
0.769531 -0.0287762
0.767578 -0.0282567
0.785156 -0.0195764
0.808594 -0.0142606
0.765625 -0.0113219
0.789062 -0.0126185
0.798828 -0.0156116
0.8125 -0.019127
0.771484 -0.0216692
0.792969 -0.0240401
0.832031 -0.0288929
0.853516 -0.0338075
0.865234 -0.0396582
0.867188 -0.0464045
0.828125 -0.0517202
0.855469 -0.0562775
0.871094 -0.0562187
0.84375 -0.056569
0.837891 -0.0540727
0.826172 -0.0483897
0.847656 -0.0420089
0.855469 -0.0374057
0.871094 -0.0332676
0.876953 -0.030189
0.884766 -0.0305476
0.849609 -0.0300252
0.880859 -0.0315036
0.861328 -0.0367487
0.845703 -0.0381811
0.875 -0.04268
0.828125 -0.04626
0.810547 -0.0479684
0.791016 -0.051616
0.787109 -0.0546614
0.78125 -0.0560617
0.806641 -0.0564549
0.796875 -0.0578112
0.792969 -0.0543688
0.816406 -0.0497429
0.798828 -0.0447598
0.791016 -0.0391067
0.75 -0.0357383
0.78125 -0.0305689
0.755859 -0.0278476
0.726562 -0.0258732
0.714844 -0.0280681
0.732422 -0.0297874
0.726562 -0.0288214
0.763672 -0.0298021
0.740234 -0.0304818
0.740234 -0.032092
0.757812 -0.0294663
0.794922 -0.0303291
0.78125 -0.0317003
0.767578 -0.0336133
0.779297 -0.0320935
0.816406 -0.0256974
0.845703 -0.016029
0.810547 -0.0119509
0.783203 -0.0067947
0.822266 -0.00129166
0.830078 0.00154678
0.820312 0.00444374
0.841797 0.00665283
0.830078 0.00925336
0.839844 0.0133413
0.824219 0.0102951
0.769531 0.00780142
0.734375 0.00459705
0.71875 0.00486409
0.726562 0.00902518
0.708984 0.00994361
0.746094 0.00818246
0.779297 0.00711827
0.763672 0.00723161
0.738281 0.00536136
0.732422 0.00487899
0.732422 0.000120028
0.679688 -0.00376269
0.689453 -0.00723423
0.699219 -0.00968794
0.724609 -0.0125824
0.710938 -0.0157449
0.683594 -0.0176639
0.744141 -0.0204079
0.734375 -0.0228624
0.759766 -0.0248422
0.757812 -0.0279221
0.75 -0.0266081
0.728516 -0.0244509
0.748047 -0.026457
0.763672 -0.0280211
0.757812 -0.0300305
0.757812 -0.0356937
0.779297 -0.0389822
0.808594 -0.040927
0.820312 -0.0415271
0.833984 -0.0407023
0.818359 -0.0437859
0.75 -0.0451541
0.765625 -0.0476083
0.779297 -0.0496955
0.792969 -0.0535997
0.798828 -0.0544311
0.792969 -0.0535727
0.734375 -0.0556332
0.726562 -0.0587732
0.751953 -0.0628979
0.765625 -0.0638436
0.761719 -0.0661589
0.714844 -0.0699842
0.710938 -0.0719744
0.679688 -0.0748243
0.695312 -0.0764421
0.689453 -0.0786182
0.65625 -0.0827572
0.689453 -0.0865881
0.730469 -0.0903623
0.726562 -0.0923152
0.671875 -0.0923842
0.683594 -0.0926374
0.746094 -0.0959182
0.746094 -0.0994391
0.769531 -0.100353
0.767578 -0.0996368
0.763672 -0.0999172
0.761719 -0.102341
0.806641 -0.10686
0.841797 -0.109443
0.839844 -0.106316
0.8125 -0.108799
0.798828 -0.109525
0.804688 -0.1041
0.810547 -0.100448
0.78125 -0.0965517
0.789062 -0.0933377
0.804688 -0.0884889
0.791016 -0.0816643
0.771484 -0.0751807
0.798828 -0.0706821
0.833984 -0.0715494
0.841797 -0.0750304
0.859375 -0.0794879
0.835938 -0.0849447
0.84375 -0.0922106
0.8125 -0.0942573
0.78125 -0.0908158
0.78125 -0.085628
0.746094 -0.0811721
0.755859 -0.0784744
0.738281 -0.0750325
0.720703 -0.0706269
0.726562 -0.0673617
0.728516 -0.0651551
0.726562 -0.0688108
0.697266 -0.0666208
0.689453 -0.0603244
0.685547 -0.0546558
0.691406 -0.0503743
0.693359 -0.0448543
0.642578 -0.0381752
0.619141 -0.0322776
0.666016 -0.0289456
0.667969 -0.0263833
0.652344 -0.0224176
0.6875 -0.012777
0.685547 -0.00714079
0.671875 -0.00623975
0.693359 -0.00709164
0.675781 -0.00471646
0.693359 -0.0042708
0.707031 -0.00536645
0.669922 -0.00259372
0.654297 0.00190352
0.666016 0.00362709
0.732422 0.00746591
0.761719 0.00926796
0.787109 0.0129065
0.775391 0.0190913
0.779297 0.0212771
0.775391 0.0198761
0.78125 0.01946
0.771484 0.0224378
0.798828 0.0265397
0.808594 0.0256001
0.847656 0.0258391
0.863281 0.026453
0.867188 0.0255743
0.865234 0.0224078
0.853516 0.0201367
0.835938 0.0137473
0.826172 0.0126711
0.802734 0.00981276
0.806641 0.00590183
0.816406 0.00346867
0.791016 0.00486398
0.759766 0.00772229
0.726562 0.00717343
0.726562 0.00455059
0.744141 0.00228963
0.738281 0.00121987
0.771484 0.00186541
0.785156 0.00154069
0.798828 -0.00336328
0.796875 -0.00138364
0.802734 0.0016936
0.787109 0.00495946
0.796875 0.00347972
0.794922 0.00382208
0.773438 -0.00148909
0.734375 -0.00766081
0.767578 -0.00606431
0.791016 -0.00986569
0.792969 -0.0121336
0.783203 -0.0161067
0.773438 -0.0166841
0.814453 -0.0209263
0.830078 -0.0267613
0.824219 -0.0275268
0.824219 -0.028648
0.867188 -0.0367803
0.859375 -0.039118
0.826172 -0.0455603
0.828125 -0.0529197
0.785156 -0.0621879
0.810547 -0.0622052
0.830078 -0.0621466
0.794922 -0.0622438
0.792969 -0.0616516
0.835938 -0.0633863
0.808594 -0.0644989
0.818359 -0.0639737
0.830078 -0.0639101
0.804688 -0.0662669
0.847656 -0.0665955
0.847656 -0.0648305
0.892578 -0.0621438
0.890625 -0.0589848
0.9375 -0.0565806
0.900391 -0.0563696
0.861328 -0.0558603
0.863281 -0.0513553
0.867188 -0.0464809
0.882812 -0.044726
0.904297 -0.0414657
0.890625 -0.0460416
0.896484 -0.0527524
0.865234 -0.0540051
0.833984 -0.0519082
0.851562 -0.0509992
0.849609 -0.0507889
0.859375 -0.0451761
0.865234 -0.040525
0.841797 -0.034317
0.845703 -0.0286193
0.794922 -0.0243272
0.8125 -0.0193716
0.816406 -0.0127081
0.835938 -0.006374
0.816406 -0.00652268
0.828125 -0.00447348
0.822266 -0.00380546
0.810547 -0.00494365
0.84375 -0.00773793
0.808594 -0.0103448
0.814453 -0.0168805
0.818359 -0.0178071
0.84375 -0.0114579
0.841797 -0.0031355
0.820312 0.00131081
0.810547 0.00307684
0.800781 0.00520935
0.794922 0.0105936
0.802734 0.0155427
0.761719 0.0227621
0.828125 0.0267808
0.8125 0.0333774
0.847656 0.0376819
0.835938 0.0400924
0.802734 0.0357961
0.814453 0.0320484
0.789062 0.0266945
0.804688 0.0209832
0.816406 0.0157461
0.849609 0.00981075
0.833984 0.00267145
0.804688 -0.00715985
0.798828 -0.018624
0.755859 -0.024575
0.757812 -0.0264086
0.798828 -0.0321035
0.771484 -0.0372245
0.777344 -0.0394303
0.777344 -0.0407943
0.728516 -0.0449022
0.736328 -0.0491238
0.759766 -0.0546239
0.787109 -0.0575627
0.792969 -0.0595123
0.779297 -0.0569929
0.773438 -0.059508
0.771484 -0.062156
0.738281 -0.0592485
0.708984 -0.0559582
0.689453 -0.0559998
0.710938 -0.0545839
0.738281 -0.0535675
0.75 -0.0520612
0.736328 -0.0500188
0.746094 -0.0481592
0.789062 -0.0437959
0.765625 -0.039638
0.767578 -0.0388673
0.738281 -0.0388466
0.755859 -0.0376932
0.769531 -0.0403643
0.746094 -0.042617
0.742188 -0.043233
0.738281 -0.0445272
0.730469 -0.0478575
0.722656 -0.0513882
0.767578 -0.0516371
0.791016 -0.0558138
0.820312 -0.0529679
0.859375 -0.0555452
0.84375 -0.0561596
0.833984 -0.053988
0.851562 -0.0477841
0.830078 -0.0445201
0.841797 -0.042895
0.830078 -0.041112
0.8125 -0.0415626
0.824219 -0.0395895
0.847656 -0.0381356
0.847656 -0.0379261
0.84375 -0.0372199
0.882812 -0.0396645
0.917969 -0.0397976
0.898438 -0.0351617
0.904297 -0.0298716
0.875 -0.0270802
0.826172 -0.0266507
0.847656 -0.0265905
0.832031 -0.0282397
0.828125 -0.0323815
0.808594 -0.0337917
0.794922 -0.0331837
0.777344 -0.0303592
0.787109 -0.0276263
0.785156 -0.02723
0.839844 -0.0302278
0.824219 -0.0300626
0.863281 -0.0303723
0.820312 -0.0341259
0.822266 -0.0346053
0.849609 -0.0374479
0.857422 -0.0393307
0.841797 -0.041115
0.845703 -0.0405919
0.837891 -0.0411917
0.839844 -0.0394998
0.830078 -0.0313928
0.804688 -0.0254537
0.763672 -0.0199968
0.775391 -0.0166699
0.71875 -0.0126114
0.699219 -0.00828321
0.671875 -0.00324534
0.740234 0.00243693
0.728516 0.0133252
0.703125 0.0185679
0.707031 0.0178474
0.701172 0.0179667
0.683594 0.0183736
0.660156 0.0177275
0.681641 0.0157777
0.748047 0.0147984
0.746094 0.0122883
0.716797 0.013806
0.740234 0.0148368
0.746094 0.0155447
0.746094 0.0155345
0.767578 0.0150645
0.742188 0.013819
0.746094 0.0127978
0.726562 0.0101148
0.730469 0.0080919
0.722656 0.00787899
0.707031 0.00430176
0.710938 -0.00138232
0.708984 -0.00532545
0.732422 -0.00853405
0.712891 -0.00885423
0.697266 -0.00978506
0.708984 -0.0110693
0.703125 -0.0113585
0.685547 -0.011351
0.742188 -0.0102428
0.765625 -0.00757233
0.748047 -0.00698069
0.716797 -0.00855491
0.691406 -0.0110334
0.722656 -0.0154673
0.699219 -0.0225856
0.708984 -0.0301751
0.699219 -0.0395852
0.675781 -0.0449808
0.748047 -0.0479329
0.738281 -0.0491357
0.742188 -0.0484792
0.746094 -0.0465612
0.765625 -0.0425151
0.78125 -0.0419605
0.763672 -0.039713
0.746094 -0.0394639
0.742188 -0.0356981
0.746094 -0.0358374
0.732422 -0.0423746
0.742188 -0.0465305
0.771484 -0.0479291
0.816406 -0.0503084
0.810547 -0.0511549
0.835938 -0.0529464
0.794922 -0.0590359
0.771484 -0.0655672
0.740234 -0.0684022
0.71875 -0.0694071
0.728516 -0.0727493
0.763672 -0.0757846
0.746094 -0.0769187
0.78125 -0.072979
0.818359 -0.0687749
0.820312 -0.0644688
0.798828 -0.0623002
0.783203 -0.0630605
0.783203 -0.0654141
0.78125 -0.0674017
0.773438 -0.0655579
0.785156 -0.0664085
0.791016 -0.0662602
0.787109 -0.0660633
0.802734 -0.0689165
0.824219 -0.0686334
0.792969 -0.0699122
0.814453 -0.0707864
0.84375 -0.0748841
0.84375 -0.0766934
0.826172 -0.0794926
0.876953 -0.0785487
0.863281 -0.0790296
0.841797 -0.0740024
0.833984 -0.0702486
0.888672 -0.0683546
0.902344 -0.0652358
0.869141 -0.0619052
0.896484 -0.0616318
0.878906 -0.0622869
0.876953 -0.0635679
0.855469 -0.0601359
0.837891 -0.0598528
0.855469 -0.0626674
0.857422 -0.0662543
0.841797 -0.0683656
0.875 -0.0693532
0.886719 -0.0699194
0.880859 -0.0719365
0.853516 -0.0724972
0.855469 -0.0714517
0.880859 -0.0660938
0.894531 -0.059957
0.884766 -0.0554314
0.875 -0.0504378
0.876953 -0.0457379
0.869141 -0.0414415
0.869141 -0.0373523
0.833984 -0.0358212
0.833984 -0.032193
0.820312 -0.0291854
0.857422 -0.0268489
0.851562 -0.02841
0.878906 -0.0262424
0.849609 -0.0232289
0.839844 -0.0219775
0.810547 -0.021094
0.837891 -0.0207334
0.853516 -0.0210064
0.835938 -0.0174271
0.849609 -0.0131477
0.863281 -0.0117344
0.798828 -0.00656437
0.765625 -0.00702998
0.802734 -0.00478471
0.818359 -0.00317383
0.779297 -0.00468528
0.783203 -0.00425337
0.779297 -0.00897667
0.832031 -0.0149851
0.830078 -0.0216177
0.853516 -0.0320922
0.871094 -0.0376989
0.865234 -0.0401354
0.876953 -0.0429477
0.871094 -0.0405476
0.832031 -0.0356443
0.875 -0.0316908
0.826172 -0.0269828
0.876953 -0.025439
0.873047 -0.0222594
0.857422 -0.0222828
0.863281 -0.0259791
0.882812 -0.0305366
0.880859 -0.0358836
0.873047 -0.0417185
0.873047 -0.0436953
0.865234 -0.0479074
0.808594 -0.0520453
0.808594 -0.0555068
0.832031 -0.0542748
0.828125 -0.0557214
0.798828 -0.0620386
0.810547 -0.064956
0.783203 -0.0661265
0.755859 -0.0658325
0.779297 -0.0622144
0.839844 -0.0609773
0.835938 -0.0572786
0.84375 -0.0553991
0.830078 -0.0559061
0.855469 -0.056015
0.873047 -0.0478327
0.859375 -0.0380917
0.824219 -0.0279306
0.808594 -0.0168729
0.839844 -0.00937997
0.863281 -0.00309717
0.849609 0.00547453
0.839844 0.01242
0.861328 0.0186895
0.869141 0.0209041
0.876953 0.0226538
0.867188 0.0244629
0.861328 0.0307294
0.847656 0.0417367
0.847656 0.0544644
0.822266 0.0644287
0.800781 0.0678769
0.818359 0.067649
0.869141 0.0710355
0.853516 0.0721164
0.820312 0.0707813
0.849609 0.0717421
0.851562 0.0722827
0.888672 0.0742105
0.888672 0.0686545
0.90625 0.0648947
0.894531 0.0615326
0.910156 0.0601098
0.900391 0.0583058
0.867188 0.0559348
0.882812 0.0456763
0.845703 0.039945
0.869141 0.0358177
0.841797 0.0292023
0.859375 0.0196579
0.867188 0.00660715
0.841797 -0.00324083
0.839844 -0.00880307
0.833984 -0.00875871
0.863281 -0.0114417
0.884766 -0.0115684
0.908203 -0.0132743
0.880859 -0.0186775
0.882812 -0.0196633
0.876953 -0.0168216
0.859375 -0.0131222
0.853516 -0.00842804
0.865234 0.00144328
0.857422 0.00807528
0.863281 0.0125397
0.84375 0.014391
0.837891 0.0189625
0.867188 0.0244071
0.892578 0.0274445
0.916016 0.032538
0.900391 0.0382351
0.892578 0.0456194
0.869141 0.0514552
0.886719 0.0595354
0.892578 0.0700109
0.880859 0.0812886
0.867188 0.0938943
0.861328 0.103769
0.849609 0.111527
0.880859 0.116571
0.892578 0.118519
0.890625 0.120767
0.923828 0.116763
0.925781 0.113191
0.916016 0.108479
0.884766 0.111371
0.867188 0.107993
0.841797 0.10405
0.857422 0.104204
0.855469 0.105097
0.857422 0.107258
0.878906 0.108489
0.884766 0.110059
0.857422 0.114236
0.847656 0.117272
0.833984 0.118585
0.851562 0.120583
0.84375 0.122812
0.837891 0.128238
0.859375 0.131157
0.892578 0.13263
0.869141 0.13514
0.839844 0.142609
0.841797 0.149171
0.800781 0.154036
0.8125 0.153658
0.757812 0.158707
0.787109 0.163238
0.814453 0.169787
0.826172 0.174964
0.824219 0.17759
0.814453 0.182114
0.818359 0.187625
0.796875 0.194194
0.785156 0.203572
0.783203 0.210464
0.810547 0.213422
0.820312 0.209435
0.808594 0.214614
0.794922 0.216112
0.808594 0.210017
0.792969 0.203589
0.779297 0.197473
0.8125 0.194456
0.822266 0.193963
0.841797 0.191756
0.855469 0.194967
0.802734 0.198559
0.816406 0.196313
0.777344 0.1984
0.769531 0.201565
0.771484 0.205896
0.8125 0.213009
0.865234 0.221844
0.894531 0.230229
0.912109 0.237927
0.902344 0.23776
0.898438 0.237404
0.890625 0.236013
0.880859 0.235434
0.847656 0.228681
0.849609 0.220157
0.84375 0.210482
0.822266 0.20379
0.851562 0.197203
0.849609 0.190243
0.863281 0.186119
0.880859 0.184985
0.867188 0.183968
0.892578 0.181102
0.914062 0.172457
0.894531 0.161568
0.859375 0.152178
0.880859 0.145441
0.898438 0.138141
0.871094 0.139753
0.855469 0.134693
0.871094 0.128475
0.896484 0.120715
0.894531 0.109854
0.876953 0.0938851
0.880859 0.0814042
0.863281 0.0683321
0.84375 0.0512251
0.806641 0.0373631
0.798828 0.0299617
0.775391 0.0254092
0.792969 0.0236212
0.796875 0.0236276
0.794922 0.0260126
0.773438 0.0263063
0.8125 0.0219185
0.845703 0.0143032
0.833984 0.00185207
0.822266 -0.00714104
0.830078 -0.0163666
0.806641 -0.0280712
0.800781 -0.0367661
0.789062 -0.0453095
0.798828 -0.0562843
0.792969 -0.0626078
0.75 -0.0671581
0.753906 -0.0740986
0.728516 -0.075255
0.761719 -0.0722426
0.724609 -0.0761726
0.724609 -0.0831656
0.708984 -0.089683
0.691406 -0.0939594
0.693359 -0.0978462
0.689453 -0.0962171
0.660156 -0.0935411
0.652344 -0.0950493
0.669922 -0.0956268
0.658203 -0.0974404
0.638672 -0.10174
0.679688 -0.105488
0.685547 -0.110271
0.726562 -0.113316
0.714844 -0.119
0.710938 -0.1274
0.734375 -0.129975
0.751953 -0.12853
0.746094 -0.12874
0.730469 -0.131576
0.726562 -0.134187
0.753906 -0.134333
0.759766 -0.136324
0.726562 -0.138355
0.710938 -0.135214
0.740234 -0.13235
0.707031 -0.134311
0.6875 -0.133322
0.699219 -0.13208
0.722656 -0.13103
0.726562 -0.131342
0.673828 -0.127367
0.652344 -0.125475
0.65625 -0.116731
0.683594 -0.10753
0.6875 -0.102197
0.654297 -0.0966851
0.646484 -0.0893813
0.664062 -0.0783374
0.673828 -0.0677007
0.691406 -0.0590507
0.683594 -0.0492804
0.710938 -0.0446485
0.695312 -0.0353152
0.6875 -0.0258669
0.693359 -0.0156773
0.646484 -0.0044183
0.644531 0.0030185
0.615234 0.0151396
0.634766 0.032975
0.666016 0.0408537
0.71875 0.0469615
0.693359 0.0561644
0.695312 0.0644542
0.742188 0.0681625
0.773438 0.0715807
0.765625 0.0723016
0.736328 0.0685048
0.751953 0.0617604
0.757812 0.0604474
0.742188 0.0528487
0.746094 0.0444912
0.775391 0.0357266
0.771484 0.0286603
0.787109 0.0213136
0.75 0.0118936
0.751953 0.00626279
0.75 0.000613002
0.759766 0.000165403
0.742188 0.00269305
0.769531 0.00411269
0.744141 0.00155214
0.814453 0.00103456
0.824219 0.00243896
0.832031 0.00616049
0.863281 0.00922431
0.853516 0.0118449
0.835938 0.0117157
0.84375 0.0131401
0.863281 0.0134454
0.876953 0.012218
0.865234 0.0130941
0.904297 0.0105259
0.880859 0.00625971
0.839844 -0.000694635
0.8125 -0.0114232
0.828125 -0.020646
0.855469 -0.0240706
0.859375 -0.0250183
0.865234 -0.0257706
0.837891 -0.0267141
0.822266 -0.0312718
0.832031 -0.0387172
0.830078 -0.0500082
0.824219 -0.058645
0.84375 -0.0623307
0.839844 -0.0704583
0.851562 -0.0801033
0.839844 -0.0866376
0.794922 -0.0950209
0.810547 -0.105184
0.777344 -0.119314
0.763672 -0.13166
0.794922 -0.139559
0.824219 -0.147437
0.787109 -0.152082
0.785156 -0.148115
0.830078 -0.144987
0.837891 -0.139604
0.804688 -0.128672
0.78125 -0.11934
0.771484 -0.109339
0.763672 -0.102757
0.765625 -0.0973375
0.777344 -0.0954591
0.794922 -0.0942253
0.808594 -0.0958775
0.792969 -0.100457
0.808594 -0.0982032
0.765625 -0.0928373
0.744141 -0.0832324
0.777344 -0.0786299
0.751953 -0.0724133
0.791016 -0.0679105
0.804688 -0.0609992
0.800781 -0.0577159
0.833984 -0.0506576
0.851562 -0.0436527
0.847656 -0.0357211
0.855469 -0.0289948
0.824219 -0.024325
0.822266 -0.0192652
0.826172 -0.0193266
0.794922 -0.0188615
0.785156 -0.0222476
0.771484 -0.0251933
0.775391 -0.0261735
0.822266 -0.0253838
0.845703 -0.0235694
0.849609 -0.0211613
0.845703 -0.0175251
0.828125 -0.0115317
0.816406 -0.00955818
0.818359 -0.00552133
0.839844 0.00112791
0.845703 0.00640909
0.816406 0.0152388
0.849609 0.0219209
0.822266 0.0267041
0.8125 0.0317734
0.78125 0.0350435
0.816406 0.0349631
0.796875 0.0387856
0.849609 0.0475212
0.845703 0.0541091
0.822266 0.0631013
0.814453 0.0697225
0.800781 0.0766844
0.775391 0.078025
0.832031 0.0837779
0.810547 0.0897587
0.839844 0.0963203
0.830078 0.100202
0.830078 0.104225
0.826172 0.107759
0.826172 0.113066
0.824219 0.117
0.857422 0.119178
0.873047 0.120811
0.832031 0.119263
0.851562 0.120209
0.871094 0.121053
0.839844 0.129764
0.857422 0.137634
0.855469 0.14103
0.824219 0.145248
0.845703 0.153982
0.865234 0.162596
0.878906 0.169055
0.876953 0.170621
0.855469 0.170966
0.912109 0.166636
0.908203 0.165893
0.9375 0.163856
0.919922 0.164874
0.892578 0.165706
0.914062 0.165894
0.896484 0.168974
0.849609 0.169289
0.880859 0.169754
0.865234 0.171553
0.84375 0.172321
0.851562 0.169507
0.859375 0.167208
0.857422 0.164114
0.882812 0.159022
0.849609 0.153693
0.835938 0.153009
0.826172 0.155415
0.837891 0.153145
0.814453 0.147012
0.808594 0.143217
0.820312 0.13676
0.796875 0.129544
0.826172 0.12495
0.822266 0.116086
0.861328 0.111464
0.865234 0.109034
0.835938 0.104195
0.84375 0.100145
0.845703 0.098302
0.861328 0.0954424
0.851562 0.0919923
0.849609 0.0913498
0.861328 0.0850504
0.876953 0.080575
0.890625 0.0739743
0.916016 0.071399
0.898438 0.0682946
0.878906 0.0677586
0.855469 0.0639862
0.865234 0.0583231
0.855469 0.0552967
0.859375 0.0518691
0.873047 0.0432768
0.880859 0.0383018
0.820312 0.0333232
0.824219 0.0291731
0.830078 0.0275841
0.830078 0.0272045
0.832031 0.0241918
0.835938 0.0225919
0.857422 0.0191596
0.845703 0.0157079
0.880859 0.0100371
0.855469 0.00676598
0.869141 0.00537376
0.880859 0.00595155
0.837891 0.00577977
0.835938 0.00425297
0.826172 0.00124674
0.835938 -0.00451968
0.828125 -0.0124752
0.857422 -0.0191222
0.820312 -0.0236724
0.824219 -0.0296096
0.787109 -0.0328292
0.787109 -0.0353776
0.785156 -0.0362652
0.810547 -0.0439841
0.828125 -0.0464028
0.824219 -0.0458542
0.791016 -0.047417
0.779297 -0.0513915
0.728516 -0.0502948
0.714844 -0.0570594
0.728516 -0.0610117
0.736328 -0.0630392
0.761719 -0.0612472
0.746094 -0.0590725
0.714844 -0.0565728
0.714844 -0.0506532
0.681641 -0.0495485
0.691406 -0.0481532
0.695312 -0.0483527
0.703125 -0.0493251
0.726562 -0.0517089
0.708984 -0.0524273
0.701172 -0.0489522
0.714844 -0.0480102
0.708984 -0.039361
0.738281 -0.0301988
0.759766 -0.0177365
0.794922 -0.00723376
0.796875 -0.0024185
0.806641 0.00124715
0.783203 0.0102305
0.773438 0.0181823
0.798828 0.0245884
0.792969 0.0297819
0.816406 0.0400756
0.806641 0.0491022
0.802734 0.056193
0.783203 0.0618629
0.818359 0.0712871
0.808594 0.0776183
0.794922 0.077683
0.794922 0.0819767
0.75 0.0815857
0.720703 0.0778078
0.730469 0.0740921
0.748047 0.0666248
0.693359 0.0608207
0.712891 0.0518893
0.732422 0.0406099
0.734375 0.0302612
0.703125 0.0201613
0.761719 0.0100911
0.746094 0.00363949
0.763672 0.00531502
0.763672 0.00855614
0.748047 0.0110089
0.755859 0.0189069
0.736328 0.0209475
0.722656 0.0188269
0.734375 0.01191
0.699219 0.0111006
0.693359 0.00792404
0.695312 0.00565925
0.748047 0.00520808
0.773438 0.00278646
0.732422 0.00303961
0.675781 0.00123659
0.693359 0.0031628
0.720703 0.00754016
0.677734 0.00656319
0.6875 0.0055165
0.734375 0.00573533
0.728516 -0.00482034
0.740234 -0.0137789
0.728516 -0.0205373
0.695312 -0.0264683
0.660156 -0.027017
0.662109 -0.027277
0.621094 -0.0235788
0.642578 -0.0272424
0.626953 -0.0271532
0.638672 -0.0237061
0.640625 -0.019733
0.640625 -0.0190042
0.666016 -0.0204371
0.611328 -0.0229696
0.59375 -0.0283547
0.605469 -0.0335734
0.613281 -0.0386014
0.65625 -0.0414459
0.662109 -0.046075
0.638672 -0.0474267
0.642578 -0.0506966
0.625 -0.0508053
0.615234 -0.0559238
0.619141 -0.0566135
0.658203 -0.0567363
0.673828 -0.0531753
0.669922 -0.0525802
0.691406 -0.0501531
0.638672 -0.0469588
0.652344 -0.0429947
0.673828 -0.0370484
0.699219 -0.0314718
0.671875 -0.0289253
0.671875 -0.0244149
0.669922 -0.0209322
0.644531 -0.0160859
0.650391 -0.0126398
0.675781 -0.00633213
0.677734 -0.00270176
0.667969 0.000307703
0.691406 -0.00352229
0.722656 -0.00648224
0.751953 -0.0124784
0.722656 -0.0182406
0.724609 -0.0251188
0.722656 -0.0319245
0.683594 -0.0400636
0.699219 -0.0478688
0.722656 -0.0544371
0.736328 -0.0558138
0.724609 -0.0549637
0.71875 -0.0540453
0.699219 -0.0525554
0.761719 -0.05519
0.765625 -0.0595613
0.792969 -0.0547671
0.753906 -0.0508474
0.777344 -0.0438312
0.773438 -0.0351563
0.708984 -0.0303927
0.728516 -0.0302533
0.757812 -0.0296768
0.824219 -0.0224694
0.855469 -0.0173353
0.818359 -0.0155054
0.824219 -0.016969
0.8125 -0.0166474
0.806641 -0.0129276
0.822266 -0.0114707
0.787109 -0.00774025
0.800781 0.000716177
0.808594 0.0135419
0.777344 0.0221531
0.824219 0.0242776
0.814453 0.028073
0.822266 0.0285201
0.808594 0.0291375
0.824219 0.025402
0.826172 0.0180897
0.824219 0.0133819
0.818359 0.011785
0.8125 0.00763723
0.853516 0.00513826
0.841797 0.00249901
0.84375 0.00136609
0.816406 -0.000478436
0.833984 -0.00224772
0.837891 -0.00427716
0.867188 0.00067435
0.900391 0.00467718
0.882812 0.0113297
0.894531 0.0174785
0.880859 0.0181399
0.847656 0.0210452
0.841797 0.0236444
0.830078 0.0259971
0.849609 0.0320449
0.84375 0.0354536
0.839844 0.0364736
0.824219 0.0416741
0.777344 0.0503499
0.791016 0.0605004
0.769531 0.0694647
0.826172 0.072349
0.816406 0.0794632
0.800781 0.0832821
0.792969 0.0835207
0.804688 0.0866345
0.810547 0.0917098
0.824219 0.0991603
0.822266 0.104639
0.857422 0.107027
0.855469 0.10825
0.871094 0.110052
0.892578 0.105557
0.875 0.100773
0.875 0.0975013
0.888672 0.0976562
0.851562 0.100433
0.869141 0.107285
0.863281 0.113149
0.861328 0.119759
0.880859 0.129279
0.84375 0.134606
0.855469 0.134505
0.851562 0.135432
0.833984 0.13206
0.824219 0.126468
0.84375 0.124984
0.857422 0.124006
0.865234 0.119686
0.863281 0.11678
0.824219 0.119908
0.845703 0.117315
0.853516 0.11262
0.84375 0.105918
0.861328 0.0965522
0.863281 0.0943395
0.865234 0.0969288
0.849609 0.095359
0.845703 0.0953969
0.832031 0.0959838
0.876953 0.100977
0.896484 0.104449
0.830078 0.109264
0.84375 0.11548
0.837891 0.120101
0.824219 0.122505
0.828125 0.121087
0.818359 0.114636
0.867188 0.103519
0.832031 0.0957527
0.841797 0.0917448
0.835938 0.0888893
0.84375 0.0920047
0.851562 0.101843
0.869141 0.109241
0.849609 0.116466
0.833984 0.125826
0.859375 0.137326
0.853516 0.151374
0.837891 0.165163
0.806641 0.174558
0.800781 0.175012
0.767578 0.177002
0.789062 0.172162
0.783203 0.16552
0.787109 0.155967
0.792969 0.146663
0.796875 0.133552
0.833984 0.121427
0.841797 0.115608
0.828125 0.115277
0.804688 0.115301
0.839844 0.119494
0.871094 0.122299
0.849609 0.11861
0.839844 0.116375
0.875 0.117179
0.857422 0.106771
0.841797 0.0972443
0.837891 0.0927072
0.835938 0.0835597
0.847656 0.0708379
0.806641 0.0642955
0.804688 0.0618889
0.779297 0.058031
0.791016 0.0499022
0.837891 0.038436
0.808594 0.0263214
0.798828 0.0150042
0.779297 0.0105133
0.802734 0.00804236
0.789062 0.00911326
0.808594 0.00554765
0.806641 0.00987332
0.822266 0.00996687
0.794922 0.0147493
0.8125 0.0200745
0.810547 0.0327385
0.810547 0.0406767
0.810547 0.0458387
0.818359 0.0431911
0.796875 0.0382483
0.791016 0.0337425
0.783203 0.0250294
0.783203 0.0184532
0.767578 0.00863225
0.755859 0.00125501
0.785156 -0.00497655
0.78125 -0.00821046
0.734375 -0.00950769
0.730469 -0.00816022
0.763672 -0.00623299
0.736328 -0.00597032
0.753906 -0.00585313
0.759766 -0.00770061
0.765625 -0.0110948
0.792969 -0.0169564
0.777344 -0.0241223
0.802734 -0.0301987
0.822266 -0.0382022
0.794922 -0.0476262
0.773438 -0.0537525
0.796875 -0.0604476
0.802734 -0.0656533
0.835938 -0.0767579
0.810547 -0.0809378
0.816406 -0.0839704
0.839844 -0.083478
0.806641 -0.0780677
0.837891 -0.0758303
0.865234 -0.0748001
0.890625 -0.0734141
0.878906 -0.0706589
0.892578 -0.0653643
0.880859 -0.0583103
0.855469 -0.0478037
0.828125 -0.0383467
0.8125 -0.027565
0.875 -0.0184742
0.863281 -0.0127736
0.878906 -0.0111691
0.884766 -0.0109261
0.859375 -0.00660715
0.857422 -0.00687086
0.888672 -0.00927654
0.871094 -0.0103832
0.841797 -0.00664616
0.830078 -0.00559335
0.820312 -0.00214606
0.798828 0.00089548
0.792969 0.00170199
0.822266 0.00715436
0.808594 0.0129243
0.804688 0.0191531
0.810547 0.0191072
0.835938 0.0208687
0.841797 0.0193824
0.835938 0.0147961
0.867188 0.0150642
0.884766 0.0179604
0.855469 0.0250168
0.804688 0.0280578
0.835938 0.03213
0.859375 0.0395943
0.853516 0.0502753
0.841797 0.0592568
0.849609 0.0664809
0.84375 0.0780963
0.820312 0.082549
0.828125 0.088783
0.816406 0.0926967
0.808594 0.0957907
0.791016 0.0977657
0.78125 0.0987087
0.785156 0.0938194
0.794922 0.0856743
0.779297 0.0767689
0.763672 0.0720656
0.742188 0.0670862
0.730469 0.0637899
0.712891 0.0663761
0.736328 0.0720646
0.720703 0.0805363
0.738281 0.0941467
0.759766 0.108445
0.783203 0.117141
0.761719 0.12843
0.783203 0.131427
0.78125 0.137853
0.806641 0.140302
0.818359 0.143788
0.800781 0.13992
0.798828 0.133004
0.789062 0.129543
0.816406 0.124588
0.847656 0.12293
0.826172 0.118889
0.826172 0.110214
0.787109 0.108855
0.761719 0.102289
0.736328 0.0966237
0.708984 0.092345
0.705078 0.0914047
0.712891 0.0883233
0.708984 0.0797189
0.716797 0.077125
0.726562 0.0783426
0.726562 0.0771837
0.746094 0.0752608
0.746094 0.0743111
0.714844 0.0764214
0.740234 0.0827233
0.755859 0.0845728
0.726562 0.0813659
0.695312 0.077553
0.714844 0.0765285
0.759766 0.0705102
0.789062 0.0607031
0.824219 0.0575949
0.783203 0.0516706
0.759766 0.0511529
0.767578 0.0479203
0.810547 0.0445468
0.78125 0.0359184
0.757812 0.0293017
0.765625 0.0272358
0.753906 0.0240743
0.748047 0.0156448
0.699219 0.00307541
0.708984 -0.00352175
0.738281 -0.0101298
0.746094 -0.0222068
0.773438 -0.0309756
0.775391 -0.0306262
0.792969 -0.0337806
0.839844 -0.0317317
0.845703 -0.0314964
0.835938 -0.0313798
0.826172 -0.0364885
0.84375 -0.0400028
0.794922 -0.0450416
0.791016 -0.0501822
0.791016 -0.0529796
0.84375 -0.049907
0.773438 -0.0539888
0.771484 -0.0533776
0.744141 -0.0566817
0.744141 -0.0543559
0.761719 -0.0493644
0.810547 -0.0462476
0.787109 -0.0406008
0.757812 -0.0388741
0.75 -0.0401705
0.751953 -0.0387815
0.738281 -0.0413023
0.757812 -0.0386747
0.763672 -0.0346016
0.753906 -0.0356525
0.771484 -0.0319696
0.759766 -0.0305642
0.773438 -0.0286779
0.769531 -0.0264822
0.765625 -0.0236736
0.771484 -0.0211439
0.75 -0.0109572
0.763672 -0.00219393
0.732422 0.00358192
0.71875 0.00599092
0.757812 0.00675719
0.75 0.0113491
0.78125 0.0169265
0.798828 0.0208303
0.806641 0.0272273
0.8125 0.0311104
0.78125 0.0333791
0.732422 0.0394603
0.730469 0.0445244
0.75 0.0482735
0.738281 0.0566565
0.710938 0.062493
0.732422 0.0585368
0.716797 0.058508
0.751953 0.0581598
0.740234 0.0565207
0.763672 0.0511864
0.818359 0.0413195
0.826172 0.0295627
0.871094 0.0251714
0.875 0.0229039
0.892578 0.0190019
0.873047 0.0164214
0.839844 0.0191881
0.865234 0.0222904
0.865234 0.0220043
0.873047 0.0228757
0.867188 0.0318676
0.878906 0.0376846
0.859375 0.0390716
0.845703 0.0396107
0.787109 0.0412282
0.777344 0.0391184
0.791016 0.0332319
0.804688 0.0351426
0.785156 0.0320502
0.75 0.0255939
0.773438 0.0209542
0.806641 0.0159365
0.830078 0.0127935
0.855469 0.01388
0.869141 0.0170876
0.828125 0.0206036
0.810547 0.0288153
0.800781 0.0339564
0.78125 0.03827
0.740234 0.0359973
0.777344 0.0394224
0.746094 0.0449408
0.78125 0.0427267
0.802734 0.0466224
0.802734 0.0509172
0.792969 0.0498021
0.792969 0.0504362
0.798828 0.0488826
0.791016 0.0426631
0.787109 0.0348871
0.814453 0.0339987
0.808594 0.0302848
0.8125 0.0201766
0.826172 0.0122066
0.839844 0.00023016
0.859375 -0.00787955
0.880859 -0.0128568
0.875 -0.0165084
0.845703 -0.0206135
0.855469 -0.020002
0.878906 -0.023554
0.869141 -0.0290072
0.847656 -0.0282388
0.841797 -0.0287583
0.826172 -0.0379891
0.779297 -0.044724
0.802734 -0.0502694
0.804688 -0.0557166
0.779297 -0.06717
0.787109 -0.0760416
0.792969 -0.0841471
0.757812 -0.0917507
0.738281 -0.0983679
0.773438 -0.110903
0.78125 -0.121443
0.78125 -0.127704
0.794922 -0.132102
0.796875 -0.141544
0.785156 -0.150111
0.791016 -0.15857
0.814453 -0.163243
0.839844 -0.171189
0.865234 -0.17699
0.873047 -0.178114
0.853516 -0.179158
0.859375 -0.183273
0.84375 -0.189436
0.859375 -0.194649
0.839844 -0.200854
0.857422 -0.210612
0.894531 -0.217665
0.880859 -0.231175
0.882812 -0.242521
0.873047 -0.254122
0.847656 -0.26685
0.859375 -0.275581
0.876953 -0.272447
0.859375 -0.269579
0.855469 -0.264788
0.873047 -0.259732
0.880859 -0.257979
0.861328 -0.259395
0.826172 -0.258058
0.849609 -0.257309
0.820312 -0.264758
0.806641 -0.272799
0.767578 -0.280257
0.763672 -0.289846
0.736328 -0.297019
0.730469 -0.293252
0.759766 -0.284474
0.773438 -0.27354
0.78125 -0.259472
0.800781 -0.247038
0.787109 -0.232628
0.802734 -0.222121
0.796875 -0.204889
0.78125 -0.186606
0.800781 -0.172253
0.798828 -0.164682
0.783203 -0.157184
0.765625 -0.155831
0.761719 -0.150468
0.746094 -0.144169
0.734375 -0.135767
0.726562 -0.129624
0.728516 -0.122037
0.755859 -0.113119
0.753906 -0.102607
0.742188 -0.0923293
0.748047 -0.0928494
0.746094 -0.0936652
0.78125 -0.0890103
0.808594 -0.0871724
0.830078 -0.088737
0.802734 -0.0855719
0.808594 -0.0814885
0.800781 -0.0782967
0.806641 -0.0739722
0.792969 -0.0631436
0.775391 -0.0540235
0.814453 -0.0422683
0.830078 -0.0340603
0.771484 -0.028556
0.791016 -0.0257084
0.787109 -0.0233224
0.746094 -0.0232005
0.742188 -0.0236674
0.730469 -0.0176681
0.726562 -0.0145799
0.757812 -0.0178642
0.753906 -0.0170211
0.761719 -0.0115558
0.75 7.79324e-06
0.757812 0.00726677
0.730469 0.0053384
0.769531 0.00329472
0.759766 0.00212895
0.798828 0.000870062
0.798828 -0.00523354
0.818359 -0.0106129
0.826172 -0.0138047
0.865234 -0.0224626
0.855469 -0.0225333
0.853516 -0.0234417
0.853516 -0.028993
0.867188 -0.0336802
0.841797 -0.0369413
0.835938 -0.0443899
0.820312 -0.0481039
0.839844 -0.0542662
0.855469 -0.0622008
0.837891 -0.0654679
0.824219 -0.0655219
0.814453 -0.0687367
0.851562 -0.0765043
0.830078 -0.083916
0.828125 -0.0950744
0.802734 -0.105951
0.849609 -0.114379
0.855469 -0.124262
0.8125 -0.132001
0.820312 -0.139091
0.806641 -0.14136
0.824219 -0.152453
0.783203 -0.163729
0.8125 -0.162373
0.839844 -0.156251
0.849609 -0.158165
0.845703 -0.159956
0.849609 -0.161181
0.814453 -0.161116
0.830078 -0.155897
0.863281 -0.153421
0.869141 -0.150043
0.847656 -0.151534
0.849609 -0.152594
0.849609 -0.154202
0.8125 -0.158862
0.789062 -0.169201
0.802734 -0.179549
0.787109 -0.186968
0.744141 -0.196934
0.722656 -0.206443
0.701172 -0.212939
0.724609 -0.216065
0.763672 -0.215007
0.744141 -0.217032
0.712891 -0.221613
0.699219 -0.224607
0.757812 -0.226769
0.742188 -0.230229
0.765625 -0.232059
0.779297 -0.238715
0.771484 -0.246504
0.798828 -0.254139
0.808594 -0.259615
0.820312 -0.256969
0.792969 -0.251899
0.765625 -0.247648
0.759766 -0.244352
0.751953 -0.238593
0.757812 -0.228539
0.726562 -0.225899
0.691406 -0.219448
0.685547 -0.203733
0.712891 -0.184948
0.703125 -0.168571
0.734375 -0.155794
0.640625 -0.148763
0.644531 -0.144038
0.650391 -0.141493
0.671875 -0.137248
0.666016 -0.138211
0.708984 -0.13956
0.705078 -0.141852
0.748047 -0.1388
0.701172 -0.139316
0.710938 -0.139085
0.722656 -0.138614
0.716797 -0.13107
0.722656 -0.119656
0.728516 -0.107278
0.699219 -0.095219
0.695312 -0.0834471
0.703125 -0.0691877
0.736328 -0.0567265
0.716797 -0.0451219
0.767578 -0.0324611
0.757812 -0.027574
0.757812 -0.0185317
0.738281 -0.00721671
0.753906 -0.00132978
0.748047 -0.000690783
0.720703 0.00044384
0.734375 -0.00203059
0.730469 -0.00312168
0.734375 -0.00621938
0.746094 -0.00827773
0.761719 -0.00839915
0.751953 -0.0106301
0.777344 -0.00923077
0.789062 -0.010566
0.792969 -0.0119524
0.794922 -0.0138472
0.771484 -0.0170082
0.794922 -0.0172159
0.820312 -0.0180215
0.824219 -0.025399
0.810547 -0.0339278
0.804688 -0.0474349
0.783203 -0.0664362
0.773438 -0.0796991
0.757812 -0.0873787
0.722656 -0.0966304
0.689453 -0.107284
0.673828 -0.115339
0.699219 -0.124511
0.679688 -0.132277
0.703125 -0.133208
0.660156 -0.128994
0.638672 -0.127046
0.654297 -0.127234
0.681641 -0.125297
0.681641 -0.122682
0.707031 -0.120592
0.71875 -0.122508
0.714844 -0.124596
0.726562 -0.128819
0.726562 -0.130263
0.746094 -0.129379
0.742188 -0.125762
0.744141 -0.120539
0.759766 -0.116792
0.757812 -0.110513
0.783203 -0.100833
0.771484 -0.10099
0.759766 -0.0993865
0.763672 -0.0946632
0.814453 -0.090108
0.826172 -0.0870677
0.824219 -0.0807705
0.808594 -0.0792358
0.792969 -0.0791132
0.75 -0.0772441
0.755859 -0.0767482
0.761719 -0.0789105
0.748047 -0.0791242
0.791016 -0.0748462
0.796875 -0.0740908
0.775391 -0.0682585
0.769531 -0.0567819
0.787109 -0.05043
0.775391 -0.0490573
0.777344 -0.0368234
0.732422 -0.0263923
0.75 -0.018406
0.75 -0.0185778
0.757812 -0.0236525
0.759766 -0.0243807
0.75 -0.0220038
0.695312 -0.0147339
0.666016 -0.00938259
0.697266 0.000669341
0.658203 0.0098721
0.646484 0.0133113
0.658203 0.0235346
0.673828 0.0319348
0.666016 0.0341994
0.648438 0.035592
0.716797 0.0373848
0.738281 0.0399135
0.712891 0.0376483
0.724609 0.038802
0.714844 0.0446533
0.740234 0.0509571
0.740234 0.0596573
0.730469 0.0616798
0.683594 0.065274
0.695312 0.0654017
0.701172 0.0626046
0.669922 0.0600016
0.679688 0.0578821
0.664062 0.0534432
0.65625 0.047053
0.650391 0.0393139
0.652344 0.033352
0.607422 0.0268054
0.630859 0.0184275
0.683594 0.00965592
0.710938 0.00588633
0.699219 0.00452616
0.724609 0.00697657
0.708984 0.0155824
0.732422 0.0159969
0.755859 0.0164866
0.78125 0.0136126
0.751953 0.00286422
0.728516 -0.0110221
0.701172 -0.0249288
0.732422 -0.0439017
0.728516 -0.0600626
0.748047 -0.0787065
0.736328 -0.0923044
0.714844 -0.0969085
0.710938 -0.0975158
0.697266 -0.0907227
0.640625 -0.0825142
0.648438 -0.0761405
0.667969 -0.0688107
0.673828 -0.0625466
0.671875 -0.0586283
0.695312 -0.057283
0.679688 -0.057039
0.6875 -0.0504301
0.712891 -0.0488351
0.699219 -0.0509471
0.707031 -0.0533242
0.677734 -0.0555691
0.699219 -0.0625803
0.738281 -0.0728326
0.755859 -0.0761956
0.785156 -0.073545
0.802734 -0.0779092
0.783203 -0.0789493
0.732422 -0.0786439
0.742188 -0.0769883
0.728516 -0.0773875
0.769531 -0.0783687
0.726562 -0.0810962
0.757812 -0.0841965
0.810547 -0.0851951
0.791016 -0.0856229
0.785156 -0.0930024
0.820312 -0.0911532
0.841797 -0.0875583
0.818359 -0.0843802
0.78125 -0.0846976
0.779297 -0.0871503
0.738281 -0.0849559
0.744141 -0.0820662
0.769531 -0.0707648
0.779297 -0.065457
0.716797 -0.0656879
0.681641 -0.0667395
0.705078 -0.0654231
0.724609 -0.0631061
0.759766 -0.057739
0.771484 -0.053362
0.771484 -0.0498993
0.796875 -0.0502868
0.787109 -0.0478215
0.804688 -0.0474109
0.775391 -0.0468001
0.767578 -0.0517859
0.789062 -0.0557899
0.763672 -0.0555385
0.757812 -0.0554792
0.777344 -0.0525311
0.779297 -0.0560793
0.748047 -0.0561044
0.787109 -0.0532475
0.808594 -0.0577848
0.818359 -0.05746
0.845703 -0.0590353
0.841797 -0.0595842
0.796875 -0.0537209
0.8125 -0.0548404
0.800781 -0.0547673
0.796875 -0.05201
0.787109 -0.0466153
0.806641 -0.0416949
0.761719 -0.0451213
0.785156 -0.0445744
0.792969 -0.0491927
0.78125 -0.0539174
0.794922 -0.0564303
0.810547 -0.0518109
0.806641 -0.0435527
0.84375 -0.0350042
0.841797 -0.0267547
0.832031 -0.0198044
0.775391 -0.0153197
0.757812 -0.0073758
0.769531 0.00104575
0.773438 0.0115486
0.761719 0.0194457
0.761719 0.0215673
0.798828 0.0276015
0.777344 0.0310225
0.792969 0.0322913
0.816406 0.0354552
0.822266 0.0387268
0.835938 0.0314707
0.816406 0.0300846
0.839844 0.0357389
0.826172 0.0389995
0.796875 0.0388277
0.802734 0.0444713
0.8125 0.050901
0.818359 0.046859
0.847656 0.0394871
0.828125 0.0318395
0.822266 0.02284
0.855469 0.0157445
0.890625 0.0173828
0.904297 0.0154584
0.892578 0.0192066
0.884766 0.022341
0.886719 0.0245867
0.861328 0.0349508
0.873047 0.0434839
0.853516 0.043576
0.876953 0.0343661
0.876953 0.024306
0.855469 0.0211005
0.845703 0.0152625
0.845703 0.0114552
0.830078 0.00820721
0.792969 0.0107099
0.822266 0.0183987
0.808594 0.0293229
0.833984 0.0396656
0.810547 0.0461861
0.791016 0.0505161
0.789062 0.050875
0.769531 0.0523128
0.755859 0.0536769
0.775391 0.051188
0.759766 0.0445653
0.806641 0.04177
0.841797 0.0396927
0.830078 0.0487364
0.845703 0.0644147
0.824219 0.0747983
0.853516 0.083306
0.847656 0.091351
0.857422 0.0965322
0.878906 0.0972742
0.865234 0.0952651
0.835938 0.098146
0.828125 0.0980978
0.863281 0.102338
0.802734 0.102684
0.833984 0.100076
0.828125 0.0934499
0.845703 0.0971702
0.84375 0.104754
0.847656 0.109104
0.804688 0.108521
0.820312 0.110348
0.8125 0.117182
0.820312 0.124113
0.794922 0.125802
0.830078 0.128269
0.777344 0.128624
0.765625 0.123602
0.804688 0.118605
0.800781 0.114418
0.808594 0.105988
0.826172 0.0888067
0.820312 0.0794254
0.820312 0.0714765
0.824219 0.0613176
0.804688 0.0615213
0.783203 0.0576201
0.779297 0.0580564
0.806641 0.0546134
0.875 0.0504623
0.861328 0.0411601
0.847656 0.0346152
0.869141 0.0273373
0.822266 0.0157263
0.835938 0.00984221
0.880859 0.000193669
0.888672 -0.00690626
0.892578 -0.00944143
0.869141 -0.00590437
0.820312 -0.00477753
0.800781 -0.00929267
0.806641 -0.00510917
0.818359 0.00277323
0.841797 0.0100847
0.810547 0.0166936
0.804688 0.0215671
0.804688 0.0320679
0.863281 0.0370526
0.871094 0.0444106
0.841797 0.0486875
0.826172 0.0473639
0.851562 0.0445161
0.832031 0.0422393
0.822266 0.0346045
0.791016 0.0203664
0.787109 0.00480063
0.785156 -0.00861196
0.783203 -0.0190586
0.751953 -0.0329295
0.753906 -0.0452876
0.755859 -0.0587473
0.744141 -0.0666729
0.753906 -0.0763361
0.775391 -0.0826044
0.771484 -0.0897121
0.783203 -0.0936453
0.806641 -0.096994
0.789062 -0.0957487
0.785156 -0.0909981
0.775391 -0.0831171
0.740234 -0.0775361
0.695312 -0.0671024
0.722656 -0.06194
0.740234 -0.0596489
0.769531 -0.054502
0.742188 -0.049743
0.765625 -0.0416569
0.759766 -0.035676
0.779297 -0.0211708
0.777344 -0.00772415
0.761719 0.00527019
0.755859 0.0147214
0.765625 0.0298015
0.759766 0.0474528
0.732422 0.064736
0.751953 0.0758879
0.728516 0.0816629
0.699219 0.0855598
0.720703 0.0935748
0.746094 0.101505
0.779297 0.104952
0.791016 0.108645
0.777344 0.110597
0.761719 0.115479
0.765625 0.11956
0.761719 0.119088
0.75 0.123006
0.769531 0.122874
0.769531 0.117757
0.810547 0.108303
0.806641 0.106855
0.8125 0.105422
0.8125 0.104236
0.789062 0.101379
0.808594 0.096568
0.777344 0.0885582
0.783203 0.0909707
0.757812 0.0883368
0.757812 0.0897818
0.732422 0.0950311
0.755859 0.0999518
0.732422 0.099909
0.744141 0.0965168
0.796875 0.0950716
0.775391 0.0886223
0.798828 0.088624
0.800781 0.0892671
0.798828 0.0828349
0.814453 0.0759441
0.869141 0.0695151
0.875 0.0623569
0.859375 0.052319
0.841797 0.0425791
0.851562 0.0318962
0.833984 0.0150945
0.802734 -0.00714854
0.824219 -0.0277434
0.857422 -0.0460902
0.851562 -0.0664735
0.845703 -0.0797151
0.84375 -0.0906091
0.837891 -0.101615
0.853516 -0.105881
0.859375 -0.109682
0.867188 -0.117574
0.853516 -0.129626
0.816406 -0.13963
0.835938 -0.147349
0.865234 -0.151728
0.839844 -0.161836
0.822266 -0.169588
0.794922 -0.173406
0.777344 -0.179155
0.759766 -0.18147
0.732422 -0.183445
0.734375 -0.18008
0.75 -0.171535
0.748047 -0.169412
0.765625 -0.166206
0.744141 -0.163671
0.699219 -0.155981
0.693359 -0.145964
0.710938 -0.128415
0.683594 -0.111483
0.662109 -0.093383
0.640625 -0.0779899
0.654297 -0.0717897
0.638672 -0.0694918
0.638672 -0.0657321
0.644531 -0.0636766
0.669922 -0.0679939
0.65625 -0.0686529
0.703125 -0.0683835
0.746094 -0.0764155
0.712891 -0.0867926
0.748047 -0.0960525
0.738281 -0.110248
0.722656 -0.123148
0.726562 -0.133188
0.738281 -0.141486
0.736328 -0.147499
0.746094 -0.141831
0.755859 -0.139768
0.753906 -0.130104
0.798828 -0.123928
0.789062 -0.122148
0.771484 -0.11709
0.751953 -0.111886
0.732422 -0.108226
0.695312 -0.107807
0.693359 -0.105618
0.724609 -0.101885
0.742188 -0.098671
0.703125 -0.0947113
0.699219 -0.0810124
0.712891 -0.0640116
0.730469 -0.0512062
0.746094 -0.0407978
0.728516 -0.0414241
0.716797 -0.0444581
0.714844 -0.042256
0.748047 -0.0384366
0.771484 -0.0380132
0.767578 -0.0298213
0.751953 -0.0220679
0.748047 -0.0157003
0.734375 -0.00362366
0.746094 0.00919041
0.697266 0.0175549
0.683594 0.0308381
0.691406 0.0433112
0.75 0.0527327
0.765625 0.0539217
0.794922 0.0600242
0.833984 0.0634653
0.828125 0.0694375
0.814453 0.0717153
0.830078 0.0714313
0.820312 0.0812559
0.787109 0.0851832
0.785156 0.0939692
0.716797 0.103139
0.742188 0.111788
0.765625 0.115569
0.771484 0.113978
0.748047 0.110935
0.722656 0.109484
0.736328 0.108336
0.753906 0.112778
0.724609 0.115369
0.730469 0.122335
0.742188 0.126989
0.742188 0.127981
0.751953 0.130499
0.798828 0.130684
0.789062 0.127052
0.796875 0.122541
0.820312 0.11758
0.828125 0.109092
0.835938 0.0994958
0.855469 0.0913647
0.869141 0.086036
0.855469 0.0755645
0.851562 0.0726337
0.822266 0.070695
0.822266 0.0619167
0.828125 0.0594502
0.8125 0.0546094
0.832031 0.0519905
0.826172 0.0514598
0.830078 0.0481772
0.833984 0.0478646
0.839844 0.0438349
0.818359 0.0425303
0.798828 0.0340657
0.818359 0.0309324
0.824219 0.0342924
0.800781 0.0326753
0.8125 0.0306658
0.8125 0.0262145
0.826172 0.0195012
0.820312 0.0124784
0.810547 0.00207316
0.794922 -0.00549229
0.783203 -0.0140422
0.777344 -0.0195145
0.769531 -0.0208226
0.761719 -0.026748
0.742188 -0.0286306
0.748047 -0.0302903
0.804688 -0.0313883
0.804688 -0.0416494
0.818359 -0.0464985
0.820312 -0.0538089
0.791016 -0.0717403
0.820312 -0.0865399
0.818359 -0.095194
0.847656 -0.10795
0.814453 -0.122778
0.789062 -0.137217
0.806641 -0.146185
0.769531 -0.152507
0.792969 -0.150806
0.810547 -0.155438
0.814453 -0.161777
0.814453 -0.167076
0.796875 -0.173167
0.789062 -0.176745
0.820312 -0.180767
0.830078 -0.190321
0.855469 -0.199332
0.859375 -0.203734
0.861328 -0.211438
0.857422 -0.220553
0.855469 -0.228113
0.833984 -0.222292
0.826172 -0.218157
0.783203 -0.220939
0.769531 -0.216614
0.695312 -0.211889
0.707031 -0.221169
0.714844 -0.229319
0.742188 -0.237806
0.775391 -0.241743
0.791016 -0.252933
0.789062 -0.264354
0.783203 -0.269051
0.767578 -0.274069
0.761719 -0.277113
0.785156 -0.280987
0.783203 -0.282624
0.753906 -0.277205
0.748047 -0.271626
0.753906 -0.26144
0.765625 -0.255859
0.804688 -0.25642
0.8125 -0.260045
0.806641 -0.262266
0.798828 -0.257035
0.78125 -0.256568
0.744141 -0.249819
0.732422 -0.240117
0.728516 -0.233422
0.732422 -0.231381
0.736328 -0.223516
0.742188 -0.207767
0.769531 -0.200774
0.759766 -0.198234
0.791016 -0.190295
0.796875 -0.184405
0.826172 -0.166862
0.875 -0.144247
0.878906 -0.129616
0.878906 -0.11258
0.863281 -0.0918428
0.849609 -0.0795444
0.800781 -0.0653275
0.796875 -0.0436372
0.818359 -0.0327745
0.820312 -0.0267218
0.833984 -0.0297992
0.841797 -0.0271686
0.845703 -0.0189348
0.851562 -0.0116433
0.835938 -0.00761719
0.855469 -0.00452256
0.822266 4.91338e-05
0.867188 9.03457e-05
0.826172 -0.00676173
0.830078 -0.0140951
0.816406 -0.0108228
0.816406 -0.00136207
0.804688 0.00373876
0.833984 0.00733015
0.863281 0.00557634
0.832031 0.00738648
0.837891 0.0151906
0.847656 0.0185341
0.855469 0.0121619
0.847656 0.0031224
0.896484 0.0015197
0.900391 -0.00412513
0.884766 -0.00799518
0.900391 -0.00840716
0.880859 -0.0121598
0.857422 -0.0142981
0.845703 -0.00976545
0.824219 -0.00519865
0.796875 -0.00873958
0.757812 -0.0096671
0.787109 -0.0238482
0.78125 -0.034336
0.802734 -0.0391865
0.810547 -0.0492348
0.816406 -0.0586555
0.830078 -0.0656411
0.849609 -0.0750787
0.857422 -0.0852743
0.851562 -0.0955344
0.841797 -0.104537
0.851562 -0.121973
0.853516 -0.137004
0.826172 -0.156834
0.808594 -0.168271
0.861328 -0.177418
0.851562 -0.183176
0.822266 -0.186893
0.802734 -0.193077
0.814453 -0.19472
0.787109 -0.195644
0.796875 -0.19781
0.8125 -0.197737
0.810547 -0.191917
0.804688 -0.192616
0.783203 -0.188456
0.759766 -0.179413
0.746094 -0.17569
0.738281 -0.168509
0.71875 -0.162606
0.738281 -0.158062
0.712891 -0.150976
0.705078 -0.143779
0.693359 -0.130524
0.685547 -0.121337
0.677734 -0.106443
0.638672 -0.0912274
0.611328 -0.0776897
0.609375 -0.0658921
0.646484 -0.0548099
0.658203 -0.0470634
0.642578 -0.0389044
0.667969 -0.0419774
0.671875 -0.0476174
0.666016 -0.0498287
0.685547 -0.0544605
0.728516 -0.057464
0.699219 -0.0678406
0.705078 -0.0757358
0.697266 -0.0756107
0.673828 -0.0782071
0.681641 -0.0731788
0.652344 -0.0634117
0.607422 -0.056916
0.615234 -0.0514377
0.619141 -0.0440487
0.650391 -0.0377654
0.632812 -0.0313589
0.640625 -0.0321442
0.640625 -0.0414142
0.640625 -0.0561616
0.658203 -0.0664836
0.689453 -0.0788441
0.707031 -0.0883798
0.732422 -0.103572
0.765625 -0.0962227
0.785156 -0.0911309
0.810547 -0.0961028
0.792969 -0.0995885
0.796875 -0.0955375
0.771484 -0.0863201
0.787109 -0.0774746
0.804688 -0.0662954
0.800781 -0.0499601
0.800781 -0.0351705
0.806641 -0.022963
0.792969 -0.0170454
0.767578 -0.00802687
0.816406 0.00946393
0.773438 0.0190856
0.748047 0.0296272
0.724609 0.0315153
0.738281 0.0313793
0.787109 0.0335603
0.804688 0.0427553
0.832031 0.0431747
0.824219 0.0438697
0.785156 0.0474457
0.769531 0.057482
0.787109 0.0662849
0.802734 0.0706809
0.765625 0.0733392
0.75 0.0737349
0.724609 0.0815065
0.746094 0.0848906
0.746094 0.086744
0.707031 0.0867008
0.71875 0.0830854
0.765625 0.0705727
0.703125 0.0514636
0.671875 0.0352894
0.662109 0.0232322
0.660156 0.00278254
0.669922 -0.00548479
0.701172 -0.0100363
0.767578 -0.0233885
0.769531 -0.0268609
0.765625 -0.0220497
0.775391 -0.0140678
0.716797 0.00200302
0.736328 0.0189349
0.757812 0.0352836
0.755859 0.0555762
0.78125 0.0653356
0.753906 0.0780878
0.753906 0.0857769
0.761719 0.0874737
0.794922 0.0882322
0.769531 0.0812829
0.773438 0.0750546
0.789062 0.0599526
0.742188 0.0426374
0.755859 0.031594
0.783203 0.0175834
0.789062 0.00854535
0.820312 0.00520609
0.835938 0.00741638
0.863281 0.0105515
0.849609 0.0126272
0.839844 0.0163298
0.84375 0.0223342
0.861328 0.0189293
0.888672 0.0154038
0.865234 0.00611653
0.888672 -0.00281806
0.884766 -0.0104154
0.869141 -0.0266484
0.861328 -0.0389417
0.880859 -0.0453436
0.884766 -0.0454823
0.857422 -0.0508995
0.837891 -0.0591225
0.816406 -0.0512091
0.824219 -0.038499
0.837891 -0.0282027
0.830078 -0.0258257
0.800781 -0.00997848
0.814453 0.00918554
0.822266 0.0292923
0.802734 0.0458711
0.804688 0.057312
0.785156 0.068688
0.806641 0.0782799
0.830078 0.0791536
0.826172 0.0782299
0.808594 0.0735853
0.789062 0.0801115
0.753906 0.0720087
0.751953 0.0636851
0.789062 0.0689178
0.798828 0.0664033
0.732422 0.0658058
0.773438 0.0667278
0.775391 0.0697566
0.759766 0.0796455
0.789062 0.0851321
0.800781 0.0882109
0.820312 0.0841627
0.814453 0.0720333
0.792969 0.0620345
0.759766 0.0476797
0.738281 0.0228798
0.738281 0.00307255
0.765625 -0.00896936
0.794922 -0.0314965
0.8125 -0.061753
0.857422 -0.089755
0.828125 -0.0961338
0.78125 -0.102544
0.800781 -0.0972979
0.789062 -0.0922522
0.816406 -0.0777587
0.800781 -0.0612376
0.777344 -0.0547397
0.78125 -0.0459571
0.761719 -0.0225185
0.761719 -0.00279412
0.767578 0.00699115
0.757812 0.0175779
0.767578 0.0241707
0.751953 0.0309823
0.740234 0.0333053
0.724609 0.0403154
0.757812 0.0530852
0.767578 0.0639239
0.777344 0.075771
0.771484 0.0872591
0.779297 0.0973628
0.804688 0.0965327
0.8125 0.101129
0.828125 0.110839
0.802734 0.119939
0.816406 0.130618
0.796875 0.135716
0.759766 0.13617
0.757812 0.144007
0.761719 0.134275
0.771484 0.116899
0.783203 0.103224
0.777344 0.0959381
0.789062 0.0838211
0.818359 0.0728879
0.833984 0.0552274
0.830078 0.0285706
0.802734 0.0206396
0.826172 0.0158608
0.835938 0.00869261
0.851562 0.00701776
0.867188 0.0137272
0.855469 0.0280974
0.847656 0.0391835
0.837891 0.0506557
0.869141 0.0651043
0.832031 0.0831735
0.824219 0.0986271
0.830078 0.107643
0.798828 0.111149
0.789062 0.114401
0.763672 0.118619
0.796875 0.118745
0.8125 0.126331
0.851562 0.132216
0.833984 0.135238
0.853516 0.125169
0.880859 0.130408
0.865234 0.148234
0.839844 0.161692
0.833984 0.170266
0.875 0.177332
0.884766 0.189776
0.867188 0.219118
0.871094 0.230674
0.878906 0.232676
0.867188 0.234861
0.876953 0.240327
0.824219 0.247573
0.830078 0.251726
0.84375 0.236036
0.847656 0.231339
0.833984 0.229948
0.830078 0.230553
0.839844 0.221452
0.859375 0.218275
0.853516 0.227797
0.898438 0.234511
0.865234 0.235042
0.816406 0.245142
0.832031 0.258853
0.791016 0.27162
0.826172 0.268118
0.814453 0.269982
0.789062 0.279691
0.796875 0.277579
0.798828 0.267273
0.818359 0.247047
0.78125 0.227859
0.798828 0.206319
0.810547 0.193808
0.833984 0.18607
0.857422 0.181086
0.851562 0.177342
0.833984 0.180963
0.845703 0.175073
0.863281 0.170302
0.863281 0.174878
0.833984 0.176967
0.859375 0.171861
0.888672 0.1695
0.882812 0.164161
0.861328 0.159763
0.875 0.152601
0.875 0.148305
0.857422 0.142141
0.861328 0.13582
0.865234 0.142792
0.878906 0.145046
0.857422 0.140428
0.833984 0.133205
0.824219 0.124826
0.849609 0.117999
0.853516 0.108618
0.851562 0.0996985
0.84375 0.0960476
0.849609 0.105877
0.824219 0.110275
0.808594 0.113163
0.773438 0.116492
0.773438 0.117761
0.732422 0.127514
0.744141 0.135276
0.728516 0.133974
0.757812 0.136894
0.757812 0.128827
0.773438 0.128372
0.800781 0.123114
0.791016 0.116815
0.822266 0.118507
0.857422 0.118767
0.894531 0.119461
0.888672 0.119153
0.910156 0.121831
0.882812 0.134338
0.861328 0.133891
0.835938 0.122571
0.824219 0.122442
0.861328 0.131319
0.857422 0.139825
0.837891 0.140591
0.886719 0.135501
0.886719 0.130626
0.859375 0.130787
0.855469 0.13265
0.890625 0.124166
0.865234 0.110465
0.884766 0.10152
0.902344 0.0916678
0.902344 0.0871668
0.880859 0.0811405
0.861328 0.0694204
0.886719 0.0731445
0.882812 0.0831781
0.875 0.0785608
0.849609 0.067736
0.847656 0.0620568
0.849609 0.0576681
0.822266 0.0466114
0.814453 0.0258259
0.798828 0.00858669
0.814453 -0.0140252
0.8125 -0.0281727
0.824219 -0.0391333
0.857422 -0.0388008
0.833984 -0.0396565
0.841797 -0.040781
0.871094 -0.048983
0.902344 -0.0471145
0.894531 -0.0291903
0.892578 -0.0188449
0.916016 -0.0231664
0.912109 -0.0285857
0.892578 -0.0245904
0.863281 -0.0142291
0.841797 -0.00458873
0.849609 -0.00415247
0.845703 -0.011908
0.820312 -0.013382
0.810547 -0.0121228
0.800781 -0.0205252
0.802734 -0.0172704
0.820312 -0.00694921
0.806641 0.00865491
0.804688 0.0225294
0.835938 0.0328342
0.835938 0.0399065
0.814453 0.0581819
0.853516 0.06877
0.789062 0.0722748
0.804688 0.079414
0.800781 0.0900141
0.814453 0.0917763
0.771484 0.0847651
0.75 0.0821853
0.748047 0.089643
0.792969 0.0931291
0.808594 0.0860237
0.798828 0.0775777
0.78125 0.0772304
0.822266 0.0929664
0.841797 0.0836343
0.861328 0.0729838
0.875 0.0664048
0.898438 0.0724293
0.894531 0.0809329
0.890625 0.0803887
0.871094 0.100477
0.884766 0.109426
0.888672 0.107824
0.847656 0.103055
0.880859 0.0943375
0.857422 0.0841382
0.871094 0.0756502
0.871094 0.0603353
0.857422 0.0656047
0.863281 0.0523095
0.884766 0.0320741
0.849609 0.0182485
0.832031 0.00356276
0.802734 -0.0021018
0.839844 -0.00829485
0.861328 -0.0111688
0.849609 -0.0170644
0.873047 -0.0298388
0.865234 -0.0365464
0.835938 -0.0463173
0.804688 -0.0594349
0.802734 -0.0629888
0.833984 -0.0572705
0.830078 -0.0487987
0.818359 -0.0502582
0.822266 -0.0546771
0.773438 -0.0612781
0.822266 -0.0621209
0.851562 -0.0614391
0.863281 -0.0605751
0.847656 -0.0528421
0.851562 -0.0404065
0.869141 -0.0331274
0.894531 -0.0311166
0.890625 -0.0155776
0.869141 0.000909315
0.861328 0.00484785
0.849609 0.0122505
0.855469 0.0255915
0.794922 0.0462986
0.816406 0.0467547
0.832031 0.0342879
0.824219 0.0373409
0.814453 0.036381
0.822266 0.0237102
0.828125 0.0188261
0.820312 0.0142213
0.804688 0.0164069
0.804688 0.0153293
0.785156 0.00904958
0.800781 0.0111123
0.753906 0.0164853
0.728516 0.0104254
0.722656 0.0320647
0.726562 0.041058
0.742188 0.0337643
0.728516 0.0243725
0.730469 0.0107869
0.722656 0.011971
0.757812 0.0230303
0.765625 0.0204191
0.720703 0.0237037
0.712891 0.0211147
0.757812 0.0244479
0.714844 0.0456271
0.708984 0.0573059
0.677734 0.0687967
0.683594 0.0695188
0.701172 0.0852745
0.693359 0.0903263
0.679688 0.0862676
0.714844 0.0994446
0.720703 0.112496
0.707031 0.129623
0.695312 0.149123
0.701172 0.149155
0.71875 0.15433
0.71875 0.172876
0.738281 0.186444
0.708984 0.182961
0.771484 0.176001
0.808594 0.167318
0.800781 0.16132
0.808594 0.158948
0.794922 0.155768
0.775391 0.136279
0.814453 0.104131
0.822266 0.0897751
0.841797 0.0902818
0.845703 0.0807201
0.839844 0.0736201
0.853516 0.0589394
0.873047 0.0476982
0.855469 0.0326004
0.851562 0.0260707
0.808594 0.0151858
0.8125 -0.0111132
0.841797 -0.0101073
0.837891 -0.0208752
0.820312 -0.0354041
0.841797 -0.0500349
0.861328 -0.0797779
0.824219 -0.0983979
0.833984 -0.109776
0.837891 -0.108418
0.832031 -0.113354
0.833984 -0.120003
0.8125 -0.107393
0.822266 -0.0896233
0.798828 -0.0750689
0.783203 -0.0548476
0.808594 -0.0367654
0.833984 -0.0129855
0.814453 0.0146427
0.779297 0.0214361
0.728516 0.0219841
0.730469 0.0245719
0.777344 0.010778
0.789062 -0.00911639
0.759766 -0.0146554
0.767578 -0.0208188
0.785156 -0.0369249
0.822266 -0.0481116
0.824219 -0.0473271
0.802734 -0.0377496
0.816406 -0.0406558
0.833984 -0.0378314
0.794922 -0.0284857
0.775391 -0.0228504
0.792969 -0.0169253
0.798828 -0.0162928
0.787109 -0.0361077
0.775391 -0.0615491
0.816406 -0.0890022
0.814453 -0.116862
0.806641 -0.142636
0.820312 -0.156379
0.832031 -0.166836
0.851562 -0.180738
0.773438 -0.169633
0.78125 -0.158003
0.728516 -0.159489
0.724609 -0.141738
0.751953 -0.123621
0.761719 -0.109179
0.759766 -0.0963621
0.767578 -0.0641877
0.757812 -0.023724
0.757812 -0.00932738
0.777344 0.010793
0.773438 0.0408274
0.740234 0.0508368
0.792969 0.0618633
0.798828 0.0954995
0.763672 0.121835
0.75 0.145991
0.769531 0.157924
0.800781 0.172337
0.789062 0.183167
0.802734 0.205102
0.800781 0.23631
0.802734 0.243792
0.775391 0.25881
0.789062 0.255349
0.865234 0.251867
0.835938 0.255164
0.861328 0.24146
0.867188 0.219951
0.839844 0.217821
0.867188 0.222277
0.853516 0.242406
0.841797 0.241106
0.839844 0.222175
0.794922 0.214994
0.792969 0.20465
0.810547 0.209834
0.796875 0.206826
0.763672 0.195623
0.787109 0.206806
0.802734 0.214697
0.810547 0.200119
0.785156 0.183421
0.771484 0.187474
0.802734 0.187856
0.785156 0.201312
0.779297 0.20719
0.775391 0.177299
0.767578 0.154091
0.771484 0.154363
0.779297 0.165647
0.753906 0.149115
0.763672 0.128521
0.771484 0.109485
0.796875 0.0915069
0.820312 0.0636133
0.8125 0.0461551
0.800781 0.00892642
0.833984 -0.00751843
0.867188 -0.0237199
0.894531 -0.0242822
0.876953 -0.021141
0.863281 -0.0225816
0.855469 -0.0191048
0.841797 -0.000789438
0.837891 0.0217571
0.839844 0.031434
0.814453 0.0150934
0.832031 0.000459115
0.802734 -0.0108701
0.820312 -0.0119807
0.810547 -0.0264868
0.833984 -0.042983
0.837891 -0.0293907
0.839844 -0.00902368
0.828125 -0.0176019
0.804688 -0.0144985
0.773438 -0.0591144
0.792969 -0.0716579
0.777344 -0.0600195
0.808594 -0.0552456
0.779297 -0.0173056
0.773438 -0.00467866
0.785156 -0.0349424
0.746094 -0.0371459
0.716797 -0.0318011
0.746094 -0.0671421
0.730469 -0.0736435
0.771484 -0.051449
0.769531 -0.0482728
0.765625 -0.0752822
0.755859 -0.0630398
0.738281 -0.053103
0.748047 -0.0540458
0.767578 -0.0282328
0.763672 0.0207171
0.734375 0.0509489
0.736328 0.0511231
0.746094 0.0686721
0.722656 0.128276
0.693359 0.114904
0.722656 0.0997764
0.724609 0.158254
0.748047 0.157681
0.740234 0.195693
0.736328 0.287757
0.734375 0.229945
0.705078 0.13024
0.738281 0.0913675
0.775391 0.0506233
0.771484 0.0240356
0.78125 0.0381654
0.796875 0.0074046
0.777344 -0.0263275
0.785156 -0.0222138
0.808594 0
