0.52551 1
0.517857 0.979085
0.512755 0.960043
0.5 0.94327
0.510204 0.927625
0.520408 0.913206
0.497449 0.899336
0.502551 0.88626
0.477041 0.874107
0.464286 0.863124
0.466837 0.852894
0.454082 0.843965
0.502551 0.835217
0.530612 0.826058
0.456633 0.818031
0.469388 0.809633
0.522959 0.800961
0.47449 0.791857
0.502551 0.78312
0.487245 0.774426
0.443878 0.766534
0.436224 0.757816
0.405612 0.74957
0.375 0.742029
0.413265 0.73363
0.359694 0.72596
0.387755 0.718432
0.397959 0.710689
0.418367 0.702554
0.375 0.694237
0.382653 0.686171
0.331633 0.678163
0.362245 0.670324
0.42602 0.663222
0.423469 0.657096
0.44898 0.651032
0.459184 0.645565
0.428571 0.641474
0.438776 0.6382
0.428571 0.634646
0.420918 0.631237
0.446429 0.627858
0.410714 0.62551
0.375 0.62187
0.441327 0.618042
0.451531 0.613779
0.466837 0.609339
0.441327 0.605494
0.410714 0.60177
0.433673 0.597947
0.505102 0.593744
0.461735 0.589989
0.459184 0.586244
0.482143 0.583441
0.441327 0.580514
0.451531 0.578302
0.477041 0.576239
0.515306 0.57407
0.522959 0.573003
0.510204 0.571902
0.553571 0.570596
0.520408 0.569688
0.466837 0.569239
0.505102 0.568323
0.530612 0.567895
0.502551 0.568826
0.533163 0.568283
0.558673 0.567752
0.489796 0.566922
0.479592 0.564901
0.502551 0.562652
0.443878 0.560469
0.405612 0.558225
0.397959 0.556577
0.369898 0.554712
0.364796 0.55348
0.392857 0.552403
0.392857 0.551721
0.390306 0.551306
0.40051 0.552016
0.423469 0.55274
0.40051 0.55382
0.438776 0.55456
0.459184 0.554558
0.461735 0.55455
0.477041 0.553914
0.52551 0.5528
0.515306 0.551012
0.497449 0.549266
0.479592 0.547915
0.466837 0.546065
0.484694 0.54462
0.487245 0.542357
0.482143 0.539843
0.482143 0.536413
0.482143 0.533463
0.484694 0.531608
0.497449 0.529986
0.466837 0.528552
0.47449 0.526152
0.451531 0.523866
0.382653 0.522763
0.441327 0.521995
0.469388 0.521257
0.520408 0.519107
0.510204 0.517741
0.520408 0.516169
0.505102 0.514903
0.538265 0.513774
0.568878 0.513056
0.57398 0.511857
0.594388 0.510344
0.540816 0.509062
0.561224 0.506241
0.617347 0.503934
0.640306 0.501607
0.589286 0.499699
0.561224 0.497906
0.545918 0.495792
0.55102 0.49304
0.548469 0.491182
0.528061 0.489386
0.576531 0.486925
0.596939 0.48418
0.653061 0.481814
0.706633 0.480185
0.752551 0.479751
0.706633 0.479237
0.688776 0.479275
0.706633 0.47936
0.696429 0.479353
0.711735 0.479344
0.732143 0.479083
0.704082 0.478819
0.658163 0.478433
0.632653 0.478355
0.630102 0.477372
0.663265 0.475802
0.683673 0.474861
0.709184 0.473609
0.637755 0.472973
0.655612 0.471155
0.625 0.469768
0.607143 0.468106
0.647959 0.467414
0.673469 0.466473
0.72449 0.466609
0.75 0.466112
0.798469 0.465755
0.803571 0.464658
0.778061 0.463222
0.806122 0.462229
0.80102 0.460979
0.80102 0.459465
0.757653 0.4571
0.744898 0.454033
0.714286 0.450613
0.658163 0.446811
0.647959 0.443844
0.635204 0.44122
0.576531 0.437845
0.520408 0.434621
0.538265 0.43169
0.533163 0.42921
0.466837 0.426756
0.428571 0.424158
0.410714 0.421839
0.408163 0.418952
0.436224 0.415402
0.403061 0.412494
0.436224 0.409166
0.47449 0.406478
0.461735 0.403162
0.461735 0.399787
0.451531 0.397064
0.433673 0.394186
0.44898 0.391529
0.42602 0.38856
0.418367 0.386554
0.428571 0.383682
0.438776 0.381645
0.451531 0.379661
0.42602 0.377708
0.436224 0.375287
0.433673 0.37347
0.482143 0.371751
0.479592 0.370435
0.47449 0.369056
0.489796 0.367085
0.492347 0.365063
0.502551 0.362202
0.492347 0.359865
0.497449 0.357877
0.538265 0.355871
0.538265 0.356071
0.561224 0.355614
0.540816 0.355037
0.561224 0.354097
0.512755 0.352834
0.520408 0.351141
0.540816 0.350227
0.517857 0.349603
0.563776 0.347829
0.591837 0.345797
0.594388 0.343965
0.625 0.342126
0.609694 0.340572
0.640306 0.339688
0.637755 0.337869
0.619898 0.336631
0.655612 0.336595
0.668367 0.336716
0.686224 0.337069
0.721939 0.337708
0.744898 0.339025
0.693878 0.341108
0.681122 0.342871
0.696429 0.344242
0.658163 0.346306
0.655612 0.348367
0.660714 0.350749
0.65051 0.3523
0.670918 0.352817
0.660714 0.353582
0.642857 0.354511
0.653061 0.355905
0.706633 0.356937
0.696429 0.358347
0.670918 0.358598
0.670918 0.358191
0.681122 0.358042
0.665816 0.357449
0.683673 0.357791
0.734694 0.35745
0.719388 0.35642
0.752551 0.35475
0.711735 0.353282
0.780612 0.351913
0.821429 0.35062
0.760204 0.348891
0.772959 0.348428
0.793367 0.348278
0.795918 0.348391
0.760204 0.34879
0.742347 0.348844
0.739796 0.348923
0.696429 0.349533
0.686224 0.350451
0.711735 0.350323
0.673469 0.350085
0.678571 0.350397
0.673469 0.350704
0.642857 0.350331
0.696429 0.349744
0.686224 0.349452
0.721939 0.348723
0.760204 0.348567
0.706633 0.349198
0.727041 0.349844
0.706633 0.35002
0.67602 0.35035
0.640306 0.35088
0.59949 0.351753
0.627551 0.352102
0.673469 0.352387
0.637755 0.353117
0.627551 0.352966
0.619898 0.35338
0.563776 0.353273
0.589286 0.352784
0.581633 0.352897
0.586735 0.352742
0.545918 0.352523
0.533163 0.352206
0.553571 0.35177
0.515306 0.350779
0.497449 0.350596
0.535714 0.350192
0.594388 0.34862
0.594388 0.346228
0.584184 0.3437
0.545918 0.341714
0.596939 0.339592
0.591837 0.338098
0.609694 0.337891
0.622449 0.337626
0.65051 0.337935
0.571429 0.338027
0.586735 0.337262
0.528061 0.336408
0.591837 0.335122
0.614796 0.332991
0.617347 0.331368
0.614796 0.329817
0.622449 0.327369
0.571429 0.325183
0.594388 0.322908
0.658163 0.320978
0.655612 0.320111
0.553571 0.320395
0.556122 0.320726
0.52551 0.321123
0.568878 0.321829
0.55102 0.323013
0.515306 0.323652
0.5 0.32546
0.528061 0.327158
0.515306 0.328722
0.487245 0.329647
0.479592 0.330596
0.441327 0.33108
0.456633 0.331793
0.47449 0.33269
0.459184 0.333277
0.438776 0.334119
0.397959 0.334548
0.390306 0.334858
0.433673 0.334769
0.431122 0.333718
0.413265 0.331265
0.451531 0.328359
0.385204 0.32527
0.331633 0.322657
0.339286 0.318757
0.357143 0.316333
0.357143 0.314202
0.346939 0.312651
0.339286 0.31194
0.375 0.311069
0.403061 0.310073
0.461735 0.309785
0.423469 0.309744
0.413265 0.310863
0.441327 0.311682
0.459184 0.31166
0.44898 0.31122
0.387755 0.310255
0.372449 0.308802
0.321429 0.306968
0.295918 0.30632
0.329082 0.30493
0.311224 0.303482
0.341837 0.301765
0.372449 0.300188
0.405612 0.299865
0.377551 0.299564
0.418367 0.298536
0.420918 0.297552
0.415816 0.296594
0.415816 0.295589
0.415816 0.295312
0.397959 0.295237
0.42602 0.293086
0.395408 0.292199
0.423469 0.291184
0.413265 0.290699
0.403061 0.290236
0.418367 0.288837
0.420918 0.288575
0.40051 0.28804
0.423469 0.288963
0.403061 0.289313
0.428571 0.289119
0.423469 0.288123
0.410714 0.286793
0.405612 0.285351
0.395408 0.283265
0.336735 0.280266
0.308673 0.276833
0.318878 0.274083
0.311224 0.27061
0.403061 0.268534
0.469388 0.266911
0.517857 0.265
0.528061 0.26363
0.561224 0.262228
0.545918 0.260201
0.563776 0.257291
0.589286 0.254608
0.660714 0.253005
0.581633 0.251126
0.563776 0.248836
0.558673 0.246971
0.484694 0.245489
0.459184 0.243799
0.44898 0.242775
0.456633 0.241294
0.436224 0.239389
0.403061 0.238325
0.431122 0.236404
0.433673 0.233234
0.403061 0.230258
0.408163 0.227635
0.415816 0.225625
0.354592 0.223622
0.362245 0.221366
0.321429 0.21955
0.344388 0.218112
0.334184 0.217728
0.40051 0.217816
0.380102 0.216947
0.392857 0.216229
0.441327 0.216079
0.443878 0.215295
0.461735 0.213678
0.392857 0.212
0.397959 0.210149
0.369898 0.208739
0.397959 0.207188
0.428571 0.2059
0.433673 0.204668
0.40051 0.204509
0.367347 0.204049
0.369898 0.203895
0.405612 0.204235
0.502551 0.204235
0.505102 0.20369
0.459184 0.203783
0.420918 0.203669
0.420918 0.204284
0.390306 0.204202
0.382653 0.20379
0.387755 0.203534
0.375 0.203882
0.382653 0.20453
0.420918 0.204534
0.441327 0.204325
0.459184 0.204355
0.431122 0.203465
0.410714 0.202683
0.377551 0.20204
0.359694 0.200574
0.339286 0.198737
0.288265 0.196583
0.260204 0.19442
0.255102 0.192455
0.221939 0.191062
0.25 0.19011
0.298469 0.188666
0.30102 0.187696
0.329082 0.186868
0.278061 0.186805
0.229592 0.18648
0.214286 0.185809
0.265306 0.185493
0.272959 0.185058
0.270408 0.18456
0.239796 0.185379
0.25 0.186122
0.252551 0.18562
0.260204 0.184866
0.244898 0.183661
0.270408 0.182967
0.260204 0.183845
0.293367 0.184766
0.331633 0.184693
0.336735 0.18467
0.359694 0.184492
0.34949 0.183098
0.385204 0.182356
0.372449 0.180383
0.354592 0.180484
0.326531 0.180767
0.326531 0.180394
0.346939 0.179846
0.377551 0.179613
0.380102 0.178748
0.354592 0.177699
0.362245 0.176269
0.372449 0.174478
0.34949 0.172972
0.359694 0.171171
0.380102 0.168951
0.357143 0.166133
0.372449 0.164064
0.405612 0.161878
0.392857 0.158833
0.364796 0.156109
0.395408 0.153209
0.369898 0.151326
0.359694 0.148404
0.385204 0.145377
0.42602 0.141833
0.454082 0.13824
0.512755 0.135256
0.5 0.134014
0.44898 0.132784
0.47449 0.131921
0.522959 0.130288
0.522959 0.128343
0.522959 0.126374
0.471939 0.124533
0.454082 0.122213
0.382653 0.119863
0.385204 0.118212
0.44898 0.117334
0.395408 0.116798
0.410714 0.116776
0.405612 0.116271
0.403061 0.115807
0.428571 0.115879
0.42602 0.115432
0.420918 0.115761
0.377551 0.116005
0.369898 0.116563
0.331633 0.116508
0.34949 0.11704
0.354592 0.116676
0.380102 0.115698
0.367347 0.114624
0.42602 0.113329
0.477041 0.112339
0.5 0.111785
0.497449 0.111651
0.507653 0.111291
0.52551 0.11077
0.5 0.109412
0.502551 0.106972
0.522959 0.104745
0.502551 0.102131
0.510204 0.0999144
0.538265 0.0978398
0.522959 0.095645
0.502551 0.0936241
0.512755 0.0919652
0.540816 0.0903008
0.533163 0.0894928
0.515306 0.0894701
0.44898 0.0894647
0.451531 0.0892977
0.433673 0.0886326
0.487245 0.0876738
0.489796 0.0860611
0.446429 0.0853519
0.436224 0.084201
0.413265 0.0822717
0.441327 0.0808175
0.420918 0.0787417
0.369898 0.0771994
0.346939 0.0747262
0.295918 0.0727717
0.30102 0.0715266
0.313776 0.0713495
0.298469 0.0714746
0.308673 0.0706862
0.308673 0.0710715
0.352041 0.0702518
0.318878 0.0695301
0.303571 0.0677898
0.313776 0.0654501
0.359694 0.063968
0.34949 0.0625119
0.352041 0.0612583
0.367347 0.0596207
0.346939 0.0584471
0.375 0.0576136
0.392857 0.0574206
0.397959 0.057358
0.395408 0.0576343
0.354592 0.0574833
0.392857 0.0580244
0.420918 0.0584243
0.446429 0.0575633
0.436224 0.0565793
0.431122 0.0552606
0.454082 0.0536446
0.438776 0.051735
0.438776 0.0504706
0.438776 0.0500286
0.420918 0.049951
0.441327 0.0508862
0.477041 0.0529844
0.479592 0.0541992
0.548469 0.0552908
0.535714 0.0565963
0.520408 0.0572797
0.538265 0.058876
0.581633 0.060736
0.568878 0.0616469
0.568878 0.0626353
0.591837 0.0637403
0.586735 0.0649092
0.579082 0.0664522
0.492347 0.0683704
0.420918 0.0695574
0.441327 0.0712493
0.44898 0.0727337
0.415816 0.0730281
0.479592 0.0730583
0.487245 0.0733583
0.471939 0.0734841
0.482143 0.0732753
0.451531 0.0741656
0.451531 0.0744019
0.451531 0.0740668
0.459184 0.0743719
0.380102 0.0754679
0.354592 0.0754587
0.377551 0.0765355
0.372449 0.0763102
0.40051 0.0759851
0.385204 0.0756098
0.403061 0.0741774
0.40051 0.0726331
0.415816 0.0703752
0.461735 0.068594
0.502551 0.0665731
0.44898 0.065402
0.415816 0.0640035
0.459184 0.0628301
0.438776 0.060736
0.44898 0.0584486
0.446429 0.0567856
0.436224 0.0560047
0.477041 0.0543314
0.438776 0.0529312
0.428571 0.0519286
0.436224 0.0498092
0.423469 0.0484484
0.40051 0.0467607
0.438776 0.0453953
0.454082 0.0448114
0.482143 0.0436239
0.484694 0.0420506
0.517857 0.0400045
0.482143 0.0390157
0.464286 0.0380774
0.466837 0.0367911
0.42602 0.0356617
0.395408 0.0341648
0.428571 0.0314673
0.433673 0.0287247
0.415816 0.025787
0.390306 0.0233205
0.42602 0.020858
0.385204 0.0185377
0.397959 0.0167995
0.367347 0.0152973
0.420918 0.0119069
0.466837 0.0089214
0.466837 0.00616257
0.505102 0.00449987
0.561224 0.00377896
0.548469 0.00336612
0.568878 0.00224598
0.55102 0.00121872
0.540816 -0.000434557
0.548469 -0.00242325
0.492347 -0.00345458
0.520408 -0.00437279
0.556122 -0.00534347
0.538265 -0.00609622
0.545918 -0.00714785
0.57398 -0.00832712
0.55102 -0.00941143
0.540816 -0.010207
0.548469 -0.0105057
0.584184 -0.011154
0.609694 -0.0118342
0.604592 -0.0128227
0.637755 -0.0137817
0.637755 -0.0136459
0.632653 -0.0140435
0.67602 -0.0140559
0.658163 -0.0135492
0.645408 -0.0129108
0.645408 -0.0123248
0.67602 -0.0128587
0.642857 -0.0125786
0.625 -0.0118914
0.591837 -0.0118752
0.602041 -0.0115527
0.622449 -0.0112834
0.579082 -0.011218
0.609694 -0.0106979
0.604592 -0.00986086
0.614796 -0.00887239
0.65051 -0.00793518
0.637755 -0.00682466
0.596939 -0.00583873
0.553571 -0.00470961
0.596939 -0.00433901
0.622449 -0.00436801
0.622449 -0.0051844
0.604592 -0.00643111
0.642857 -0.00787358
0.645408 -0.00861508
0.678571 -0.00936775
0.65051 -0.0101705
0.665816 -0.011448
0.668367 -0.0119394
0.711735 -0.011696
0.714286 -0.0126668
0.732143 -0.0144689
0.693878 -0.0164285
0.742347 -0.0173268
0.752551 -0.0181199
0.778061 -0.0187079
0.739796 -0.0197691
0.767857 -0.0210208
0.747449 -0.0225462
0.75 -0.0240441
0.772959 -0.0260241
0.75 -0.0282797
0.788265 -0.0304622
0.82398 -0.0321242
0.806122 -0.0327762
0.841837 -0.0328813
0.808673 -0.0331014
0.869898 -0.0336815
0.844388 -0.0342017
0.857143 -0.034351
0.857143 -0.0340805
0.852041 -0.0339462
0.852041 -0.0337446
0.852041 -0.0336558
0.890306 -0.0340538
0.859694 -0.0347723
0.862245 -0.036212
0.859694 -0.036795
0.862245 -0.0374559
0.854592 -0.0362528
0.84949 -0.0345419
0.882653 -0.032681
0.854592 -0.0302869
0.816327 -0.0287325
0.846939 -0.0277635
0.852041 -0.0258611
0.857143 -0.02452
0.80102 -0.0229882
0.854592 -0.021725
0.867347 -0.0198509
0.890306 -0.0171261
0.913265 -0.0141798
0.910714 -0.0117772
0.908163 -0.00997288
0.897959 -0.00813028
0.910714 -0.00650757
0.875 -0.00539587
0.82398 -0.0036035
0.826531 -0.00215317
0.852041 -0.00167879
0.864796 -0.00164205
0.875 -0.00177344
0.831633 -0.00119083
0.818878 -0.000421917
0.862245 0.000442798
0.834184 0.00152594
0.839286 0.00242307
0.841837 0.00248229
0.793367 0.001523
0.788265 0.000328326
0.780612 -0.00105599
0.803571 -0.00218269
0.778061 -0.00341875
0.788265 -0.00427767
0.727041 -0.00465211
0.665816 -0.00460675
0.647959 -0.00487321
0.711735 -0.00597533
0.72449 -0.00684152
0.72449 -0.00753832
0.714286 -0.00771318
0.721939 -0.00716733
0.673469 -0.00689152
0.673469 -0.00742195
0.619898 -0.00945372
0.627551 -0.0116301
0.655612 -0.0131433
0.670918 -0.0149386
0.627551 -0.0161655
0.655612 -0.0163385
0.678571 -0.01516
0.655612 -0.0141268
0.663265 -0.0125625
0.653061 -0.0107189
0.701531 -0.00873658
0.696429 -0.00615001
0.706633 -0.00544964
0.737245 -0.0057413
0.719388 -0.00488352
0.721939 -0.00402265
0.709184 -0.00432728
0.655612 -0.00437977
0.678571 -0.00459824
0.660714 -0.00589817
0.614796 -0.0078384
0.617347 -0.00835865
0.660714 -0.00812587
0.660714 -0.00742902
0.693878 -0.0076086
0.734694 -0.00816806
0.778061 -0.00801972
0.811224 -0.00817558
0.770408 -0.00789843
0.783163 -0.00815164
0.75 -0.00894784
0.719388 -0.0109052
0.729592 -0.01144
0.727041 -0.0117295
0.721939 -0.0120086
0.80102 -0.0123116
0.818878 -0.0120318
0.831633 -0.0107045
0.854592 -0.00985178
0.854592 -0.00903435
0.839286 -0.00820519
0.811224 -0.0075374
0.762755 -0.00722514
0.75 -0.00689899
0.742347 -0.00657096
0.744898 -0.0071203
0.696429 -0.00696029
0.693878 -0.00738301
0.727041 -0.00794664
0.744898 -0.00800314
0.760204 -0.00810162
0.788265 -0.00749745
0.757653 -0.00741803
0.757653 -0.00690413
0.714286 -0.00639985
0.711735 -0.00564732
0.711735 -0.00550938
0.69898 -0.00547257
0.693878 -0.00547994
0.630102 -0.00498645
0.693878 -0.00446395
0.681122 -0.00467217
0.711735 -0.00542979
0.739796 -0.00567603
0.798469 -0.0058649
0.806122 -0.00625041
0.790816 -0.00608109
0.803571 -0.00632757
0.783163 -0.00688871
0.77551 -0.00833843
0.798469 -0.00989338
0.755102 -0.0107875
0.783163 -0.0111331
0.80102 -0.0110986
0.826531 -0.0109268
0.793367 -0.0111398
0.808673 -0.0123932
0.821429 -0.0131398
0.854592 -0.0130265
0.875 -0.0124653
0.854592 -0.0123718
0.841837 -0.0124549
0.829082 -0.0125134
0.829082 -0.0130483
0.806122 -0.0140021
0.803571 -0.0155901
0.772959 -0.0185646
0.803571 -0.0214301
0.834184 -0.023569
0.813776 -0.0244485
0.785714 -0.0249757
0.704082 -0.0264188
0.744898 -0.0283505
0.747449 -0.0296835
0.714286 -0.0306799
0.737245 -0.0321456
0.696429 -0.0340043
0.744898 -0.0352802
0.742347 -0.0362808
0.719388 -0.0376762
0.691327 -0.0389131
0.714286 -0.0404641
0.762755 -0.0418551
0.77551 -0.042871
0.778061 -0.0440321
0.795918 -0.0453238
0.80102 -0.0460234
0.788265 -0.0464007
0.788265 -0.0460524
0.770408 -0.0457899
0.790816 -0.0456478
0.811224 -0.044617
0.852041 -0.043051
0.890306 -0.0422283
0.867347 -0.0418182
0.844388 -0.0428204
0.844388 -0.0442073
0.84949 -0.0452696
0.857143 -0.0456415
0.836735 -0.0444932
0.841837 -0.0425878
0.867347 -0.0409511
0.864796 -0.0396078
0.867347 -0.0381762
0.854592 -0.0369685
0.887755 -0.0351142
0.875 -0.0330085
0.915816 -0.0314535
0.908163 -0.0305195
0.857143 -0.0302502
0.818878 -0.0297472
0.813776 -0.029863
0.811224 -0.0292336
0.77551 -0.0297154
0.747449 -0.0309431
0.785714 -0.0322459
0.757653 -0.0338032
0.793367 -0.034033
0.821429 -0.034389
0.780612 -0.0349152
0.760204 -0.0349006
0.795918 -0.0349125
0.798469 -0.0352181
0.806122 -0.0351803
0.826531 -0.0343753
0.816327 -0.0344225
0.818878 -0.0353732
0.780612 -0.0370126
0.762755 -0.0381932
0.772959 -0.0384923
0.729592 -0.0384559
0.72449 -0.0394677
0.688776 -0.0397261
0.693878 -0.0398042
0.665816 -0.0393233
0.681122 -0.0385799
0.681122 -0.0371909
0.658163 -0.0373234
0.658163 -0.0371078
0.660714 -0.0381481
0.665816 -0.0389339
0.670918 -0.0379902
0.668367 -0.0364791
0.688776 -0.0354401
0.693878 -0.0341693
0.737245 -0.032542
0.711735 -0.0310979
0.714286 -0.0296921
0.744898 -0.0279696
0.783163 -0.0267047
0.790816 -0.0248672
0.793367 -0.022666
0.798469 -0.0210447
0.795918 -0.0196979
0.772959 -0.0182555
0.762755 -0.0172633
0.755102 -0.0149574
0.816327 -0.0125581
0.834184 -0.0104902
0.795918 -0.00848138
0.790816 -0.00676263
0.732143 -0.00406704
0.729592 -0.00140697
0.760204 -0.000159814
0.762755 0.000507115
0.75 0.00147926
0.780612 0.00274408
0.767857 0.0039767
0.798469 0.00490375
0.798469 0.00558294
0.844388 0.00558294
0.852041 0.00702228
0.867347 0.00936697
0.895408 0.0116479
0.882653 0.0138136
0.875 0.0158996
0.880102 0.0177385
0.895408 0.0188165
0.897959 0.0201108
0.885204 0.0207859
0.910714 0.0209639
0.90051 0.0209486
0.887755 0.0198862
0.908163 0.0198824
0.918367 0.0195812
0.90051 0.0193129
0.869898 0.0193284
0.887755 0.0187504
0.905612 0.0180036
0.864796 0.0182058
0.813776 0.0175983
0.826531 0.0165399
0.829082 0.0161118
0.839286 0.0152972
0.864796 0.013662
0.857143 0.0117234
0.885204 0.0106255
0.875 0.00968005
0.880102 0.00945844
0.882653 0.0099129
0.869898 0.00967355
0.864796 0.00977685
0.905612 0.010037
0.923469 0.00986319
0.908163 0.00977426
0.918367 0.00942257
0.94898 0.0086983
0.92602 0.00759532
0.923469 0.00541931
0.90051 0.0041959
0.880102 0.00277686
0.882653 0.00168231
0.877551 0.000669816
0.84949 -0.000386735
0.880102 -0.00112033
0.872449 -0.00121627
0.84949 -0.00262938
0.84949 -0.0044903
0.846939 -0.00561613
0.854592 -0.00615816
0.831633 -0.00640965
0.811224 -0.00636375
0.77551 -0.00554754
0.772959 -0.00424532
0.778061 -0.00300485
0.816327 -0.00176672
0.834184 -0.00088685
0.806122 -5.25773e-06
0.788265 0.000135849
0.790816 -0.000170822
0.785714 -0.00161188
0.793367 -0.00285584
0.80102 -0.00461371
0.834184 -0.00642375
0.816327 -0.00815521
0.836735 -0.00894035
0.82398 -0.00933392
0.790816 -0.00959474
0.798469 -0.00916367
0.859694 -0.00851627
0.803571 -0.00646774
0.818878 -0.00480759
0.816327 -0.00513652
0.811224 -0.00576577
0.803571 -0.00592637
0.795918 -0.00664818
0.839286 -0.00721482
0.821429 -0.00746599
0.785714 -0.0078362
0.808673 -0.00879365
0.834184 -0.0103295
0.854592 -0.0119964
0.790816 -0.0136483
0.839286 -0.0148257
0.82398 -0.0153727
0.806122 -0.0152986
0.829082 -0.0151694
0.857143 -0.0158508
0.829082 -0.0164908
0.821429 -0.0168212
0.80102 -0.0170409
0.834184 -0.0177721
0.780612 -0.0176115
0.75 -0.0179521
0.737245 -0.0180712
0.767857 -0.0169551
0.793367 -0.0162664
0.757653 -0.0155961
0.719388 -0.0149624
0.747449 -0.0152295
0.678571 -0.0153359
0.683673 -0.0158126
0.69898 -0.0170436
0.711735 -0.0190322
0.742347 -0.0204831
0.719388 -0.0219895
0.767857 -0.0235121
0.806122 -0.0245995
0.778061 -0.0251453
0.747449 -0.0263635
0.69898 -0.0262946
0.77551 -0.0267243
0.770408 -0.026976
0.714286 -0.0278695
0.744898 -0.0292878
0.714286 -0.03047
0.701531 -0.0304297
0.681122 -0.0300201
0.688776 -0.0294369
0.640306 -0.0295359
0.594388 -0.0292753
0.647959 -0.0288148
0.642857 -0.028461
0.625 -0.0282024
0.647959 -0.027506
0.686224 -0.0285728
0.693878 -0.030512
0.688776 -0.0317081
0.658163 -0.0337936
0.647959 -0.0360253
0.647959 -0.0373726
0.665816 -0.0374957
0.67602 -0.0379664
0.642857 -0.0380193
0.67602 -0.037386
0.691327 -0.0353413
0.729592 -0.0325203
0.721939 -0.0311357
0.780612 -0.0305268
0.783163 -0.0294375
0.767857 -0.0287442
0.821429 -0.0284309
0.813776 -0.0261243
0.808673 -0.0234605
0.826531 -0.0215874
0.836735 -0.0211983
0.829082 -0.0211886
0.821429 -0.0210498
0.846939 -0.0213771
0.844388 -0.0215965
0.862245 -0.0209318
0.846939 -0.0210593
0.880102 -0.0231344
0.890306 -0.0257729
0.875 -0.0275514
0.872449 -0.0282286
0.867347 -0.0289536
0.887755 -0.029823
0.857143 -0.0309053
0.859694 -0.0318432
0.84949 -0.0318641
0.841837 -0.0327953
0.844388 -0.0328147
0.864796 -0.0330458
0.887755 -0.0339895
0.854592 -0.0345641
0.846939 -0.0345164
0.82398 -0.0348502
0.859694 -0.0357109
0.869898 -0.0365939
0.859694 -0.0373869
0.854592 -0.0384171
0.829082 -0.0393442
0.829082 -0.0407877
0.818878 -0.0427905
0.82398 -0.0446659
0.816327 -0.0462244
0.785714 -0.0463035
0.783163 -0.0473858
0.783163 -0.0480701
0.82398 -0.0486782
0.818878 -0.0492687
0.852041 -0.049971
0.841837 -0.0504775
0.854592 -0.051806
0.859694 -0.0525172
0.862245 -0.0534478
0.82398 -0.0531112
0.788265 -0.0524106
0.808673 -0.0519737
0.770408 -0.0533443
0.75 -0.0552426
0.772959 -0.0574971
0.806122 -0.059292
0.808673 -0.0620222
0.785714 -0.0640265
0.795918 -0.0660485
0.790816 -0.067614
0.844388 -0.068745
0.826531 -0.070391
0.82398 -0.0703124
0.841837 -0.0709911
0.798469 -0.0705281
0.795918 -0.0694899
0.729592 -0.0687901
0.691327 -0.0686283
0.693878 -0.0690255
0.742347 -0.0691976
0.757653 -0.070381
0.818878 -0.0721198
0.80102 -0.0734532
0.798469 -0.0756027
0.790816 -0.0783234
0.734694 -0.0808097
0.742347 -0.0831472
0.762755 -0.0853381
0.752551 -0.0864036
0.742347 -0.0881124
0.739796 -0.0894476
0.732143 -0.0911633
0.704082 -0.0935581
0.647959 -0.0960579
0.686224 -0.0984965
0.681122 -0.100007
0.760204 -0.102045
0.760204 -0.10373
0.734694 -0.106046
0.783163 -0.109194
0.793367 -0.111592
0.788265 -0.113312
0.831633 -0.114074
0.82398 -0.114215
0.836735 -0.114107
0.854592 -0.112994
0.82398 -0.111785
0.803571 -0.110651
0.826531 -0.107993
0.80102 -0.106136
0.829082 -0.103129
0.854592 -0.100193
0.834184 -0.0977574
0.821429 -0.0962575
0.867347 -0.0954958
0.885204 -0.0943111
0.862245 -0.0943402
0.859694 -0.09361
0.862245 -0.0920828
0.880102 -0.0895905
0.867347 -0.0868774
0.892857 -0.0834479
0.885204 -0.0801301
0.895408 -0.0769834
0.928571 -0.0731257
0.915816 -0.0687242
0.887755 -0.0655702
0.892857 -0.0624068
0.910714 -0.059631
0.908163 -0.0570877
0.913265 -0.055064
0.867347 -0.0526791
0.859694 -0.0513527
0.834184 -0.0501645
0.872449 -0.0497177
0.839286 -0.0481352
0.834184 -0.0461877
0.864796 -0.044371
0.882653 -0.0432836
0.818878 -0.0422935
0.826531 -0.0406525
0.834184 -0.0392849
0.808673 -0.0385018
0.788265 -0.0371987
0.790816 -0.035473
0.798469 -0.0331327
0.816327 -0.0322433
0.803571 -0.0311491
0.831633 -0.0301964
0.80102 -0.0285047
0.795918 -0.0264795
0.795918 -0.0237073
0.806122 -0.0206101
0.80102 -0.0175333
0.762755 -0.0150437
0.739796 -0.0125718
0.795918 -0.0108915
0.816327 -0.0093026
0.798469 -0.00620559
0.844388 -0.00304729
0.798469 -0.000452883
0.783163 0.00189217
0.770408 0.0039077
0.755102 0.00457793
0.806122 0.004568
0.834184 0.00442801
0.836735 0.00414191
0.834184 0.00465353
0.844388 0.00563477
0.859694 0.00636757
0.813776 0.00726618
0.880102 0.0076799
0.859694 0.00725102
0.869898 0.00775929
0.857143 0.00866597
0.923469 0.0100857
0.908163 0.010837
0.903061 0.0113466
0.841837 0.0121446
0.831633 0.0120459
0.839286 0.0115268
0.829082 0.00997925
0.869898 0.00808164
0.897959 0.00578968
0.867347 0.00314314
0.839286 0.000966934
0.826531 -0.00165688
0.864796 -0.00357383
0.905612 -0.0052749
0.918367 -0.00615385
0.880102 -0.00648045
0.872449 -0.00748179
0.867347 -0.00917442
0.852041 -0.00994902
0.875 -0.0102541
0.887755 -0.0108516
0.854592 -0.0117418
0.811224 -0.0129249
0.821429 -0.0139059
0.82398 -0.015535
0.831633 -0.0165992
0.867347 -0.0184223
0.869898 -0.0202495
0.839286 -0.0220107
0.811224 -0.0237103
0.818878 -0.0252671
0.806122 -0.0278794
0.793367 -0.0300344
0.826531 -0.0305318
0.857143 -0.0301505
0.846939 -0.0297448
0.877551 -0.0296889
0.875 -0.0295646
0.862245 -0.0302305
0.857143 -0.0306037
0.811224 -0.030898
0.795918 -0.0296672
0.826531 -0.0286894
0.841837 -0.0277774
0.872449 -0.0264608
0.816327 -0.0244251
0.862245 -0.024042
0.872449 -0.022308
0.839286 -0.0200688
0.811224 -0.0176294
0.808673 -0.0162488
0.821429 -0.0139245
0.798469 -0.0124997
0.793367 -0.0108429
0.818878 -0.00932587
0.806122 -0.00913045
0.793367 -0.0081435
0.760204 -0.00788072
0.747449 -0.00704377
0.770408 -0.00569837
0.803571 -0.00315418
0.846939 -7.01802e-05
0.839286 0.0030901
0.795918 0.00556565
0.767857 0.00923453
0.762755 0.0126703
0.778061 0.0163335
0.778061 0.0195519
0.704082 0.0225102
0.714286 0.0243731
0.681122 0.0248999
0.688776 0.0253242
0.678571 0.0244419
0.658163 0.0240504
0.744898 0.0246464
0.762755 0.0267781
0.742347 0.0287775
0.693878 0.0308443
0.727041 0.0319946
0.719388 0.0335412
0.755102 0.0345101
0.765306 0.0364045
0.727041 0.0385148
0.760204 0.0399011
0.75 0.0423691
0.744898 0.0447331
0.806122 0.0476451
0.788265 0.0505137
0.767857 0.0519229
0.732143 0.0543336
0.727041 0.0557478
0.727041 0.0568476
0.778061 0.0592407
0.772959 0.0613533
0.788265 0.062864
0.803571 0.0634793
0.762755 0.0645779
0.821429 0.0644522
0.836735 0.0645373
0.846939 0.0647386
0.852041 0.0651335
0.841837 0.066937
0.80102 0.0685538
0.790816 0.0698917
0.762755 0.0721485
0.757653 0.0739798
0.770408 0.0748043
0.778061 0.0756513
0.772959 0.0764034
0.795918 0.0765207
0.798469 0.0757928
0.772959 0.0747605
0.790816 0.0731752
0.82398 0.0722947
0.80102 0.0720278
0.795918 0.0708621
0.77551 0.0708249
0.778061 0.0710068
0.785714 0.0719525
0.826531 0.0730117
0.790816 0.0738749
0.803571 0.0743534
0.793367 0.0756592
0.77551 0.0755142
0.727041 0.0765211
0.688776 0.0781075
0.709184 0.079049
0.69898 0.0797318
0.706633 0.0789698
0.742347 0.0784624
0.727041 0.0785407
0.770408 0.0796665
0.790816 0.0811816
0.808673 0.0823569
0.795918 0.0850061
0.737245 0.0873622
0.683673 0.0880535
0.691327 0.0879358
0.711735 0.0867164
0.696429 0.0852808
0.69898 0.0842604
0.72449 0.0819817
0.770408 0.0815383
0.770408 0.0807887
0.752551 0.079445
0.77551 0.0782076
0.757653 0.0780596
0.755102 0.0780173
0.795918 0.0786895
0.818878 0.0795396
0.785714 0.0810785
0.783163 0.0816291
0.778061 0.0821564
0.816327 0.0822728
0.77551 0.0813655
0.752551 0.0802761
0.760204 0.0782406
0.732143 0.0759935
0.727041 0.074103
0.696429 0.0708292
0.744898 0.0678009
0.693878 0.0648086
0.701531 0.0613583
0.704082 0.05867
0.686224 0.056264
0.686224 0.0553895
0.655612 0.0543516
0.653061 0.0540071
0.640306 0.051714
0.594388 0.0492485
0.607143 0.0471786
0.663265 0.0453949
0.660714 0.0446129
0.602041 0.0436451
0.581633 0.0425553
0.540816 0.0419921
0.57398 0.0417966
0.576531 0.0412552
0.563776 0.0414668
0.520408 0.0416101
0.52551 0.0409219
0.497449 0.0400383
0.517857 0.0388201
0.553571 0.0372759
0.530612 0.0363029
0.494898 0.0344991
0.55102 0.0323927
0.558673 0.0317651
0.589286 0.0297507
0.558673 0.0277721
0.591837 0.0267536
0.584184 0.025003
0.665816 0.0234186
0.665816 0.0231341
0.67602 0.0227838
0.688776 0.0226992
0.693878 0.0219927
0.734694 0.0200477
0.744898 0.0174006
0.709184 0.0152533
0.734694 0.0132415
0.744898 0.0120968
0.755102 0.011768
0.770408 0.00993486
0.729592 0.00974343
0.696429 0.0105532
0.72449 0.0114211
0.734694 0.0125179
0.75 0.0133003
0.747449 0.0136803
0.770408 0.01453
0.778061 0.0152812
0.798469 0.0145136
0.806122 0.014251
0.872449 0.0137216
0.915816 0.0133298
0.923469 0.0132062
0.915816 0.0125976
0.915816 0.0124432
0.867347 0.0129222
0.880102 0.0139247
0.875 0.0154835
0.862245 0.016072
0.841837 0.0170231
0.826531 0.0170173
0.836735 0.01645
0.818878 0.0162313
0.767857 0.016134
0.82398 0.0148131
0.788265 0.013897
0.808673 0.0134346
0.821429 0.0124171
0.813776 0.0115525
0.826531 0.0104212
0.852041 0.0100626
0.890306 0.00873969
0.882653 0.00817858
0.864796 0.00798139
0.816327 0.00622841
0.82398 0.0048015
0.841837 0.00387801
0.852041 0.00244668
0.872449 0.000685148
0.869898 -0.00199772
0.852041 -0.00413791
0.890306 -0.00516343
0.887755 -0.00592383
0.846939 -0.00639331
0.880102 -0.00635674
0.913265 -0.00570639
0.908163 -0.00569158
0.915816 -0.00551604
0.897959 -0.00480809
0.867347 -0.00468828
0.852041 -0.0037568
0.852041 -0.00323923
0.882653 -0.00383205
0.910714 -0.00385674
0.892857 -0.00425215
0.880102 -0.00657758
0.895408 -0.00858566
0.90051 -0.00860021
0.892857 -0.00785112
0.905612 -0.00635679
0.90051 -0.00575842
0.890306 -0.00664635
0.875 -0.00707156
0.834184 -0.0084169
0.841837 -0.00831282
0.826531 -0.00800167
0.795918 -0.00714852
0.844388 -0.00685897
0.84949 -0.0056686
0.841837 -0.00451733
0.869898 -0.00284261
0.84949 -0.000495886
0.841837 0.00281993
0.84949 0.00655005
0.844388 0.00917613
0.84949 0.0115406
0.821429 0.0143263
0.844388 0.0174633
0.854592 0.020676
0.84949 0.0238916
0.854592 0.0262026
0.831633 0.02749
0.813776 0.0290441
0.813776 0.0303082
0.755102 0.0332823
0.729592 0.0362868
0.734694 0.0380809
0.734694 0.0401755
0.729592 0.0417082
0.747449 0.0433276
0.783163 0.0448235
0.798469 0.0466928
0.821429 0.0495014
0.841837 0.0524787
0.793367 0.0555349
0.783163 0.0574032
0.739796 0.0593575
0.683673 0.0614941
0.706633 0.0642591
0.647959 0.0668567
0.663265 0.0684919
0.65051 0.0697918
0.645408 0.0711481
0.668367 0.0724076
0.716837 0.0729042
0.709184 0.0738521
0.732143 0.0740951
0.732143 0.0747159
0.752551 0.0767993
0.788265 0.0780955
0.757653 0.0795024
0.785714 0.0792202
0.813776 0.0790755
0.795918 0.0785137
0.813776 0.0786158
0.808673 0.0794112
0.808673 0.078663
0.813776 0.0796492
0.778061 0.0798766
0.772959 0.0800947
0.760204 0.0783302
0.762755 0.0759681
0.772959 0.0741384
0.783163 0.0721764
0.808673 0.0706851
0.762755 0.0692358
0.760204 0.0674095
0.770408 0.0641842
0.803571 0.0607961
0.80102 0.0577428
0.826531 0.0545806
0.854592 0.0511985
0.872449 0.0470556
0.875 0.0438119
0.875 0.0409716
0.882653 0.0385204
0.829082 0.0360554
0.811224 0.0334143
0.84949 0.0312226
0.852041 0.0295217
0.852041 0.0277863
0.829082 0.0259008
0.811224 0.022798
0.836735 0.0204415
0.831633 0.0182984
0.834184 0.0161919
0.808673 0.0144463
0.803571 0.0123836
0.831633 0.00953701
0.803571 0.00682317
0.793367 0.00602921
0.811224 0.00436131
0.80102 0.00261368
0.795918 0.000768243
0.798469 -0.00205356
0.80102 -0.00240189
0.854592 -0.0017886
0.84949 -0.00070063
0.885204 -0.000640055
0.877551 0.000457665
0.880102 0.00162094
0.895408 0.00319213
0.910714 0.00392642
0.90051 0.00489498
0.895408 0.0059935
0.867347 0.00704783
0.852041 0.00806457
0.80102 0.00867133
0.778061 0.00979721
0.780612 0.00989287
0.765306 0.0106384
0.75 0.011037
0.790816 0.0119027
0.808673 0.0112118
0.844388 0.00994149
0.834184 0.00869554
0.834184 0.00711455
0.846939 0.00606103
0.798469 0.00609485
0.808673 0.00547405
0.816327 0.00526833
0.795918 0.00459182
0.803571 0.0039031
0.811224 0.00265084
0.765306 0.000951593
0.778061 -0.000522478
0.711735 -0.00185537
0.688776 -0.00293838
0.72449 -0.0029351
0.716837 -0.00262577
0.757653 -0.00208784
0.765306 -0.00055886
0.770408 0.000746123
0.788265 0.00210918
0.803571 0.00391888
0.788265 0.00669895
0.790816 0.00889313
0.816327 0.0101529
0.803571 0.0112846
0.795918 0.0130005
0.793367 0.0141931
0.767857 0.0149178
0.765306 0.0143227
0.727041 0.014511
0.755102 0.014789
0.77551 0.0151847
0.806122 0.0160816
0.798469 0.0166983
0.808673 0.0174501
0.778061 0.0170716
0.732143 0.0163919
0.69898 0.0158249
0.696429 0.0136153
0.678571 0.0111373
0.660714 0.00823164
0.619898 0.00564145
0.670918 0.00307583
0.744898 -0.000134188
0.747449 -0.0024567
0.762755 -0.00435549
0.755102 -0.00599889
0.75 -0.00703385
0.744898 -0.00706815
0.762755 -0.00717007
0.80102 -0.00692575
0.798469 -0.00552504
0.790816 -0.00501096
0.795918 -0.0048774
0.834184 -0.0052769
0.816327 -0.00547312
0.795918 -0.00631716
0.816327 -0.00709214
0.84949 -0.0075146
0.890306 -0.00614619
0.872449 -0.0059571
0.854592 -0.0052828
0.84949 -0.00314848
0.890306 0.000157769
0.869898 0.00328169
0.872449 0.00503686
0.864796 0.00613418
0.854592 0.00637897
0.84949 0.00699538
0.82398 0.00823901
0.818878 0.0087881
0.806122 0.00921476
0.821429 0.00940336
0.834184 0.00930208
0.839286 0.010927
0.877551 0.0123637
0.903061 0.013651
0.882653 0.0155071
0.84949 0.0170119
0.862245 0.018233
0.877551 0.0191181
0.875 0.0184069
0.880102 0.0168131
0.864796 0.0151965
0.831633 0.0128377
0.839286 0.0102622
0.852041 0.0105015
0.844388 0.00993969
0.857143 0.00905747
0.829082 0.00809626
0.841837 0.00601466
0.882653 0.00310174
0.90051 0.000471972
0.864796 -0.00316379
0.875 -0.00690751
0.816327 -0.00931781
0.844388 -0.0123142
0.841837 -0.0144771
0.831633 -0.0171114
0.829082 -0.0182864
0.811224 -0.0191543
0.852041 -0.0197376
0.857143 -0.0203535
0.829082 -0.0212053
0.841837 -0.0217327
0.816327 -0.0227152
0.793367 -0.0232481
0.821429 -0.0239483
0.808673 -0.0257804
0.795918 -0.0281916
0.772959 -0.0304195
0.788265 -0.0323675
0.772959 -0.0332755
0.770408 -0.0346426
0.80102 -0.0358747
0.811224 -0.0372989
0.785714 -0.0382389
0.72449 -0.0385537
0.734694 -0.0396782
0.701531 -0.0406961
0.709184 -0.0409105
0.678571 -0.0427266
0.711735 -0.0444572
0.660714 -0.0444233
0.681122 -0.0455141
0.637755 -0.047616
0.645408 -0.0489535
0.635204 -0.0517888
0.673469 -0.0536302
0.688776 -0.0553799
0.681122 -0.0559775
0.653061 -0.0582661
0.645408 -0.0611659
0.678571 -0.0639171
0.663265 -0.0662019
0.670918 -0.0671676
0.711735 -0.068201
0.704082 -0.0691627
0.701531 -0.0700679
0.693878 -0.0715333
0.691327 -0.0726651
0.727041 -0.0745795
0.747449 -0.0758896
0.739796 -0.0778063
0.732143 -0.079044
0.742347 -0.0789259
0.762755 -0.0793297
0.816327 -0.0812572
0.818878 -0.0830914
0.826531 -0.0858542
0.798469 -0.0870272
0.788265 -0.0868702
0.780612 -0.0872006
0.778061 -0.0877258
0.762755 -0.0876803
0.765306 -0.0887964
0.788265 -0.0894759
0.829082 -0.0899309
0.790816 -0.0906357
0.806122 -0.0923458
0.783163 -0.0932532
0.762755 -0.0939349
0.788265 -0.0940805
0.816327 -0.0941735
0.82398 -0.0947163
0.780612 -0.095344
0.795918 -0.0969474
0.816327 -0.0985894
0.808673 -0.099615
0.80102 -0.101521
0.798469 -0.101692
0.80102 -0.101721
0.821429 -0.102002
0.82398 -0.102661
0.811224 -0.104059
0.82398 -0.106105
0.808673 -0.107979
0.813776 -0.1094
0.852041 -0.110537
0.875 -0.111525
0.872449 -0.112537
0.869898 -0.114593
0.846939 -0.11664
0.841837 -0.117033
0.862245 -0.118169
0.834184 -0.119051
0.831633 -0.120091
0.793367 -0.121275
0.744898 -0.120506
0.780612 -0.11978
0.770408 -0.119024
0.732143 -0.118324
0.716837 -0.117888
0.737245 -0.118283
0.719388 -0.11846
0.714286 -0.118425
0.732143 -0.119784
0.757653 -0.120782
0.785714 -0.120726
0.795918 -0.120308
0.790816 -0.119992
0.757653 -0.11891
0.75 -0.118153
0.755102 -0.116372
0.77551 -0.115576
0.839286 -0.114884
0.852041 -0.113906
0.808673 -0.112663
0.816327 -0.112116
0.826531 -0.112307
0.813776 -0.112473
0.795918 -0.113101
0.821429 -0.112484
0.811224 -0.110555
0.793367 -0.108281
0.765306 -0.106174
0.755102 -0.104421
0.767857 -0.102113
0.818878 -0.0987319
0.816327 -0.0946923
0.803571 -0.0922962
0.818878 -0.089496
0.82398 -0.0888043
0.813776 -0.0882325
0.813776 -0.0875136
0.82398 -0.0882934
0.829082 -0.0899992
0.808673 -0.0920057
0.813776 -0.0948625
0.795918 -0.0966985
0.803571 -0.0977189
0.836735 -0.0983558
0.836735 -0.0986618
0.808673 -0.0982761
0.854592 -0.0990026
0.864796 -0.0994526
0.854592 -0.0990231
0.852041 -0.0992485
0.857143 -0.0989317
0.829082 -0.0994366
0.862245 -0.100923
0.867347 -0.101876
0.859694 -0.103149
0.859694 -0.103589
0.841837 -0.103243
0.846939 -0.102047
0.84949 -0.101089
0.806122 -0.100233
0.816327 -0.100071
0.821429 -0.100148
0.846939 -0.09851
0.885204 -0.0975588
0.90051 -0.0961543
0.877551 -0.0953538
0.836735 -0.0938266
0.872449 -0.0920099
0.836735 -0.0903417
0.831633 -0.0881428
0.795918 -0.0860095
0.798469 -0.0832773
0.806122 -0.0815016
0.826531 -0.0800639
0.831633 -0.0783774
0.826531 -0.075752
0.859694 -0.0741517
0.859694 -0.0732201
0.811224 -0.0723398
0.829082 -0.0715278
0.767857 -0.0693756
0.82398 -0.0675701
0.816327 -0.0659193
0.867347 -0.0629592
0.829082 -0.0588967
0.834184 -0.0552678
0.829082 -0.0516849
0.831633 -0.0489883
0.821429 -0.0476829
0.826531 -0.0472638
0.831633 -0.0480268
0.80102 -0.0470448
0.80102 -0.0451417
0.798469 -0.0439415
0.788265 -0.0421956
0.772959 -0.0403135
0.831633 -0.0369583
0.846939 -0.0326894
0.867347 -0.0279834
0.826531 -0.0240526
0.818878 -0.0211644
0.854592 -0.0185605
0.852041 -0.0172333
0.867347 -0.0145561
0.867347 -0.0130951
0.867347 -0.0126424
0.852041 -0.0121439
0.821429 -0.0116539
0.808673 -0.0112759
0.80102 -0.011061
0.795918 -0.010193
0.798469 -0.00869781
0.80102 -0.00722604
0.795918 -0.00527137
0.803571 -0.00357954
0.816327 -0.00185323
0.826531 0.000416602
0.80102 0.00146833
0.790816 0.00350787
0.844388 0.00605891
0.803571 0.00775169
0.844388 0.00827612
0.780612 0.00874406
0.757653 0.00833189
0.737245 0.00777082
0.72449 0.00660803
0.721939 0.00396189
0.765306 0.00218974
0.755102 -0.000435459
0.783163 -0.0020444
0.780612 -0.00391328
0.757653 -0.00753284
0.772959 -0.0111269
0.829082 -0.0151237
0.831633 -0.0179897
0.818878 -0.0210409
0.816327 -0.0237625
0.834184 -0.0266778
0.785714 -0.0296994
0.755102 -0.0317496
0.765306 -0.0340434
0.757653 -0.0352326
0.816327 -0.0362127
0.744898 -0.0364425
0.734694 -0.0372287
0.790816 -0.0361241
0.806122 -0.0350003
0.790816 -0.0348148
0.767857 -0.0346795
0.747449 -0.0350018
0.742347 -0.0353192
0.765306 -0.0358678
0.739796 -0.0361575
0.727041 -0.0370628
0.747449 -0.037227
0.757653 -0.0375957
0.734694 -0.0388451
0.727041 -0.0393924
0.721939 -0.040235
0.729592 -0.0401186
0.711735 -0.0393532
0.688776 -0.038637
0.670918 -0.0377008
0.711735 -0.0370946
0.734694 -0.036999
0.790816 -0.0364334
0.778061 -0.0344556
0.765306 -0.0326582
0.721939 -0.0310712
0.706633 -0.0316329
0.670918 -0.0322817
0.627551 -0.0342315
0.635204 -0.035516
0.627551 -0.0371126
0.647959 -0.0395106
0.655612 -0.0421123
0.673469 -0.0429327
0.686224 -0.0436754
0.645408 -0.0428531
0.622449 -0.0417837
0.647959 -0.0418924
0.602041 -0.0409558
0.630102 -0.0394624
0.645408 -0.0383158
0.630102 -0.0364244
0.645408 -0.0345856
0.640306 -0.0340731
0.653061 -0.034031
0.581633 -0.0345114
0.533163 -0.03412
0.558673 -0.0334538
0.543367 -0.0329312
0.563776 -0.0323396
0.515306 -0.0318254
0.415816 -0.0310559
0.502551 -0.0296954
0.454082 -0.0284191
0.466837 -0.0269435
0.464286 -0.0262138
0.431122 -0.026158
0.410714 -0.0269103
0.428571 -0.0268765
0.431122 -0.0259337
0.423469 -0.0268064
0.380102 -0.0276666
0.454082 -0.028769
0.459184 -0.0311581
0.44898 -0.0334382
0.42602 -0.0361217
0.5 -0.0379157
0.548469 -0.0389929
0.55102 -0.0406035
0.589286 -0.0425662
0.561224 -0.0440718
0.52551 -0.0457594
0.482143 -0.0470705
0.507653 -0.048364
0.505102 -0.0494687
0.563776 -0.0503243
0.55102 -0.0507055
0.530612 -0.0518862
0.579082 -0.0527868
0.604592 -0.0529346
0.663265 -0.0532942
0.668367 -0.0535368
0.701531 -0.0522131
0.757653 -0.0509198
0.762755 -0.0493081
0.783163 -0.0478239
0.813776 -0.0462854
0.818878 -0.0454526
0.798469 -0.0438089
0.778061 -0.042607
0.834184 -0.0421925
0.82398 -0.0409281
0.836735 -0.0404058
0.844388 -0.0391927
0.818878 -0.0377782
0.846939 -0.0366129
0.831633 -0.0361722
0.841837 -0.0340443
0.864796 -0.032515
0.864796 -0.0305038
0.859694 -0.0285393
0.852041 -0.0270565
0.84949 -0.0263379
0.80102 -0.0270883
0.818878 -0.02818
0.90051 -0.0278767
0.895408 -0.0289572
0.880102 -0.0300172
0.839286 -0.030097
0.839286 -0.0295316
0.859694 -0.029178
0.867347 -0.0296016
0.885204 -0.0297495
0.867347 -0.0296722
0.859694 -0.030053
0.859694 -0.0300595
0.867347 -0.0294542
0.877551 -0.0283289
0.864796 -0.0288891
0.818878 -0.0294834
0.864796 -0.0292063
0.877551 -0.0294069
0.862245 -0.0297249
0.829082 -0.0312068
0.806122 -0.0322302
0.82398 -0.0336243
0.841837 -0.0341811
0.859694 -0.036168
0.839286 -0.0390475
0.846939 -0.0432237
0.82398 -0.047626
0.854592 -0.0516365
0.821429 -0.0545389
0.818878 -0.0582737
0.836735 -0.0615728
0.831633 -0.0654243
0.852041 -0.0698618
0.84949 -0.0743484
0.82398 -0.0781486
0.821429 -0.0809835
0.803571 -0.0837843
0.783163 -0.0867024
0.790816 -0.0900434
0.752551 -0.0925339
0.709184 -0.0949363
0.721939 -0.0973892
0.747449 -0.101033
0.755102 -0.104203
0.785714 -0.106867
0.80102 -0.110091
0.831633 -0.112146
0.818878 -0.11494
0.795918 -0.11699
0.755102 -0.118915
0.762755 -0.121658
0.811224 -0.123686
0.808673 -0.125338
0.808673 -0.125184
0.803571 -0.124951
0.816327 -0.125012
0.811224 -0.125242
0.798469 -0.12614
0.785714 -0.126813
0.790816 -0.127548
0.80102 -0.126569
0.808673 -0.124978
0.836735 -0.124703
0.818878 -0.124845
0.831633 -0.125176
0.813776 -0.125862
0.821429 -0.125732
0.790816 -0.12551
0.813776 -0.125821
0.757653 -0.125727
0.783163 -0.12698
0.826531 -0.127429
0.80102 -0.127463
0.841837 -0.128167
0.857143 -0.128758
0.844388 -0.129842
0.872449 -0.130556
0.836735 -0.130673
0.788265 -0.131145
0.767857 -0.131121
0.765306 -0.131418
0.783163 -0.131687
0.839286 -0.130619
0.852041 -0.129487
0.905612 -0.12681
0.892857 -0.124081
0.875 -0.121029
0.90051 -0.117318
0.877551 -0.11294
0.872449 -0.109349
0.867347 -0.106789
0.885204 -0.104427
0.903061 -0.1022
0.903061 -0.0999201
0.936224 -0.0973705
0.915816 -0.0942798
0.877551 -0.0910578
0.867347 -0.0883219
0.872449 -0.0843913
0.869898 -0.0798999
0.867347 -0.0755545
0.869898 -0.0704439
0.867347 -0.0651546
0.808673 -0.0605936
0.826531 -0.0568726
0.844388 -0.0538345
0.84949 -0.0508439
0.854592 -0.0483175
0.844388 -0.0464664
0.811224 -0.0462928
0.821429 -0.0465663
0.834184 -0.0478782
0.846939 -0.0492399
0.836735 -0.0510756
0.857143 -0.0520978
0.864796 -0.0511566
0.875 -0.0505072
0.885204 -0.0497569
0.857143 -0.0484872
0.872449 -0.0488169
0.852041 -0.0490052
0.852041 -0.0476893
0.82398 -0.0472533
0.839286 -0.0477906
0.826531 -0.0479774
0.839286 -0.0488968
0.885204 -0.0500742
0.875 -0.0508932
0.887755 -0.0514178
0.880102 -0.0513489
0.887755 -0.0510097
0.875 -0.0508596
0.857143 -0.0512026
0.826531 -0.052068
0.885204 -0.0529177
0.918367 -0.053962
0.920918 -0.0550261
0.903061 -0.0566291
0.880102 -0.0589787
0.885204 -0.05968
0.854592 -0.0601762
0.872449 -0.0598171
0.875 -0.0585099
0.875 -0.0570135
0.872449 -0.0548592
0.877551 -0.0533026
0.834184 -0.0517085
0.857143 -0.0498391
0.872449 -0.0490087
0.80102 -0.0470533
0.795918 -0.0442763
0.778061 -0.0414386
0.816327 -0.0392903
0.803571 -0.0382236
0.785714 -0.0364937
0.795918 -0.035772
0.795918 -0.0344383
0.821429 -0.0321293
0.783163 -0.0299332
0.798469 -0.0287113
0.834184 -0.0283128
0.829082 -0.0282159
0.795918 -0.0284914
0.798469 -0.0280355
0.80102 -0.0268145
0.816327 -0.0260283
0.811224 -0.0237338
0.788265 -0.0226198
0.788265 -0.0221798
0.816327 -0.0208918
0.813776 -0.0185363
0.834184 -0.0170288
0.839286 -0.0148729
0.818878 -0.0132294
0.846939 -0.0127341
0.857143 -0.0123497
0.880102 -0.0130166
0.895408 -0.0136186
0.844388 -0.013528
0.862245 -0.0150973
0.872449 -0.0170267
0.877551 -0.0195606
0.882653 -0.0210513
0.831633 -0.0214696
0.806122 -0.0205703
0.84949 -0.0194439
0.826531 -0.0178022
0.806122 -0.016083
0.798469 -0.0146061
0.767857 -0.0135008
0.798469 -0.0134038
0.798469 -0.0129185
0.80102 -0.0122382
0.852041 -0.0139991
0.869898 -0.0158825
0.890306 -0.0175116
0.880102 -0.0192984
0.885204 -0.0206374
0.872449 -0.020935
0.841837 -0.02113
0.836735 -0.0205749
0.885204 -0.02045
0.872449 -0.0204043
0.836735 -0.021402
0.857143 -0.0226632
0.864796 -0.0240158
0.831633 -0.0254489
0.836735 -0.0255531
0.818878 -0.0257533
0.826531 -0.0258903
0.829082 -0.0254905
0.811224 -0.0268403
0.811224 -0.025957
0.857143 -0.0236069
0.816327 -0.0209898
0.826531 -0.0192775
0.864796 -0.0163397
0.875 -0.0145444
0.892857 -0.0132014
0.887755 -0.0125132
0.869898 -0.0106941
0.859694 -0.00974392
0.829082 -0.00705434
0.808673 -0.00382273
0.816327 -0.000624235
0.816327 0.00298997
0.831633 0.00642329
0.872449 0.0108424
0.854592 0.0156331
0.890306 0.0191372
0.862245 0.0213501
0.811224 0.0253452
0.831633 0.0284421
0.844388 0.0330756
0.844388 0.0373481
0.821429 0.0417887
0.857143 0.0456566
0.854592 0.0506698
0.854592 0.0566466
0.818878 0.0621902
0.854592 0.0687771
0.854592 0.0741371
0.829082 0.077732
0.852041 0.0828016
0.859694 0.0860886
0.862245 0.0891666
0.880102 0.090811
0.869898 0.0924585
0.897959 0.0936431
0.915816 0.0949123
0.910714 0.096025
0.897959 0.0987233
0.869898 0.101844
0.875 0.104382
0.857143 0.106216
0.895408 0.107938
0.895408 0.109552
0.90051 0.110896
0.905612 0.112684
0.872449 0.114668
0.84949 0.116742
0.82398 0.118925
0.841837 0.120625
0.806122 0.12298
0.765306 0.125235
0.755102 0.127976
0.729592 0.129976
0.760204 0.132338
0.80102 0.133581
0.765306 0.136353
0.711735 0.138821
0.716837 0.140692
0.729592 0.141781
0.75 0.141737
0.765306 0.142238
0.798469 0.14298
0.783163 0.14391
0.788265 0.143783
0.75 0.143145
0.760204 0.142261
0.77551 0.142167
0.772959 0.14266
0.737245 0.143162
0.785714 0.144193
0.737245 0.143739
0.711735 0.143919
0.665816 0.14371
0.69898 0.144297
0.688776 0.143713
0.714286 0.142988
0.660714 0.143052
0.658163 0.14133
0.658163 0.140078
0.711735 0.140002
0.716837 0.139518
0.75 0.138864
0.727041 0.138194
0.701531 0.137694
0.714286 0.137978
0.721939 0.138828
0.714286 0.139673
0.721939 0.14035
0.721939 0.140952
0.686224 0.141308
0.696429 0.14257
0.704082 0.143163
0.742347 0.143813
0.716837 0.14267
0.711735 0.141983
0.72449 0.142943
0.742347 0.144091
0.778061 0.143812
0.755102 0.143527
0.737245 0.142324
0.716837 0.141348
0.780612 0.140872
0.737245 0.139809
0.719388 0.139394
0.693878 0.139077
0.678571 0.138515
0.686224 0.137427
0.645408 0.135045
0.686224 0.133252
0.714286 0.133247
0.704082 0.133166
0.744898 0.13505
0.732143 0.136139
0.75 0.137943
0.752551 0.140357
0.75 0.141817
0.780612 0.143678
0.747449 0.145174
0.760204 0.145594
0.752551 0.144934
0.727041 0.144811
0.72449 0.144873
0.734694 0.144582
0.752551 0.144596
0.742347 0.143483
0.793367 0.141921
0.75 0.140071
0.739796 0.136713
0.755102 0.133869
0.732143 0.13153
0.729592 0.130071
0.72449 0.128418
0.75 0.127265
0.77551 0.124678
0.816327 0.123447
0.788265 0.122404
0.765306 0.120893
0.795918 0.119537
0.747449 0.117262
0.790816 0.114862
0.785714 0.112187
0.772959 0.110851
0.729592 0.109838
0.739796 0.106718
0.752551 0.102361
0.795918 0.0966284
0.795918 0.091993
0.816327 0.0881499
0.821429 0.0840589
0.90051 0.0797633
0.890306 0.0762686
0.864796 0.0726885
0.905612 0.0689297
0.903061 0.066298
0.84949 0.0648243
0.84949 0.0644483
0.875 0.0628987
0.862245 0.0620771
0.864796 0.061944
0.903061 0.0630285
0.908163 0.0634611
0.869898 0.063774
0.836735 0.0635329
0.892857 0.0622931
0.857143 0.0614574
0.829082 0.0618711
0.859694 0.062309
0.854592 0.0633623
0.839286 0.0639438
0.77551 0.0638626
0.80102 0.0633866
0.80102 0.0629997
0.795918 0.0635116
0.806122 0.0641454
0.834184 0.063414
0.831633 0.0614852
0.816327 0.0592774
0.780612 0.0571444
0.857143 0.0556928
0.869898 0.0556686
0.890306 0.0543874
0.895408 0.052694
0.852041 0.0516158
0.834184 0.0495755
0.821429 0.0470718
0.785714 0.0451274
0.803571 0.0429285
0.811224 0.0408219
0.808673 0.0393454
0.806122 0.0357162
0.795918 0.0318692
0.762755 0.0288582
0.772959 0.0265868
0.788265 0.0246714
0.785714 0.0231842
0.783163 0.023087
0.755102 0.0230361
0.734694 0.02436
0.747449 0.0243391
0.696429 0.0233115
0.701531 0.0220422
0.729592 0.0216983
0.716837 0.022819
0.663265 0.0244225
0.630102 0.0249279
0.645408 0.0242142
0.678571 0.0250091
0.686224 0.0252899
0.709184 0.0246629
0.693878 0.0244018
0.737245 0.0238586
0.69898 0.0241058
0.673469 0.0224816
0.678571 0.0213375
0.683673 0.0213508
0.668367 0.0219334
0.658163 0.0221721
0.688776 0.0202112
0.696429 0.0178315
0.757653 0.0158835
0.767857 0.0152542
0.795918 0.0158422
0.829082 0.0169424
0.887755 0.0181944
0.834184 0.0188753
0.841837 0.0191592
0.821429 0.0183617
0.785714 0.017522
0.834184 0.0169731
0.839286 0.0161563
0.852041 0.0135165
0.869898 0.0119918
0.872449 0.0116811
0.875 0.0116238
0.857143 0.0115793
0.829082 0.0118898
0.872449 0.0121147
0.882653 0.011703
0.892857 0.0122732
0.859694 0.0116984
0.846939 0.0111005
0.811224 0.00922246
0.854592 0.00633064
0.844388 0.00397168
0.82398 0.00229386
0.82398 0.000257065
0.829082 -0.0015185
0.839286 -0.00256126
0.859694 -0.00346401
0.869898 -0.00587634
0.872449 -0.00837924
0.844388 -0.00995314
0.852041 -0.0125762
0.839286 -0.0151951
0.818878 -0.018035
0.854592 -0.0214134
0.864796 -0.0258099
0.905612 -0.0311587
0.90051 -0.0355931
0.877551 -0.0401921
0.895408 -0.0446441
0.890306 -0.0474245
0.90051 -0.0505545
0.852041 -0.0538666
0.923469 -0.0575426
0.913265 -0.0621146
0.918367 -0.0662243
0.905612 -0.0687067
0.890306 -0.0727248
0.923469 -0.0763055
0.931122 -0.0778806
0.905612 -0.0795346
0.910714 -0.0833348
0.913265 -0.086062
0.910714 -0.0891437
0.905612 -0.0927075
0.920918 -0.0940325
0.931122 -0.0959362
0.887755 -0.097697
0.877551 -0.0989449
0.862245 -0.100939
0.867347 -0.102767
0.880102 -0.10469
0.872449 -0.105994
0.841837 -0.107434
0.816327 -0.109087
0.826531 -0.110102
0.806122 -0.109629
0.826531 -0.109286
0.839286 -0.107768
0.826531 -0.106386
0.831633 -0.104762
0.829082 -0.103818
0.826531 -0.103836
0.864796 -0.103085
0.867347 -0.101894
0.90051 -0.10018
0.864796 -0.0981016
0.885204 -0.0970547
0.875 -0.0959851
0.844388 -0.0959434
0.836735 -0.0955766
0.811224 -0.0954149
0.795918 -0.0938348
0.742347 -0.0929346
0.778061 -0.0921844
0.783163 -0.0914349
0.813776 -0.0903859
0.857143 -0.089269
0.818878 -0.0879528
0.798469 -0.0863468
0.844388 -0.0858087
0.84949 -0.0849692
0.872449 -0.0825909
0.872449 -0.0797765
0.854592 -0.0766725
0.859694 -0.0730283
0.857143 -0.0693435
0.885204 -0.0645516
0.910714 -0.0602596
0.903061 -0.0561784
0.920918 -0.0534073
0.895408 -0.0513103
0.890306 -0.051304
0.897959 -0.0515824
0.890306 -0.0525182
0.872449 -0.0527423
0.862245 -0.0545297
0.846939 -0.0556256
0.895408 -0.0562756
0.882653 -0.0564815
0.897959 -0.0577168
0.910714 -0.0593741
0.895408 -0.0611294
0.872449 -0.0627436
0.897959 -0.063895
0.90051 -0.0646656
0.903061 -0.0635524
0.895408 -0.0632912
0.839286 -0.0646617
0.831633 -0.0662885
0.829082 -0.0662876
0.788265 -0.0668483
0.765306 -0.0672872
0.737245 -0.067182
0.737245 -0.068145
0.747449 -0.0694883
0.790816 -0.070631
0.808673 -0.0716425
0.811224 -0.071799
0.852041 -0.0731109
0.808673 -0.0753811
0.793367 -0.0778153
0.80102 -0.0796584
0.826531 -0.0787137
0.811224 -0.0764401
0.790816 -0.075255
0.772959 -0.0733345
0.760204 -0.0716914
0.813776 -0.0693605
0.836735 -0.0656058
0.852041 -0.0624386
0.811224 -0.059168
0.872449 -0.0558334
0.908163 -0.0533477
0.928571 -0.0518319
0.897959 -0.0508042
0.913265 -0.0496945
0.895408 -0.0470337
0.877551 -0.0441674
0.862245 -0.0435489
0.834184 -0.0423789
0.818878 -0.0411712
0.816327 -0.0400901
0.813776 -0.0389002
0.834184 -0.0358348
0.852041 -0.0345078
0.831633 -0.0328042
0.829082 -0.0314579
0.806122 -0.0300126
0.806122 -0.0295278
0.793367 -0.0290823
0.80102 -0.0287452
0.767857 -0.0273241
0.780612 -0.0268612
0.803571 -0.025549
0.821429 -0.0234365
0.826531 -0.0211891
0.839286 -0.0186303
0.795918 -0.0159823
0.772959 -0.0146188
0.762755 -0.0136892
0.783163 -0.012693
0.80102 -0.0117323
0.727041 -0.0112352
0.755102 -0.0109774
0.762755 -0.0124027
0.747449 -0.01303
0.721939 -0.0127746
0.739796 -0.0110547
0.72449 -0.009142
0.729592 -0.00649707
0.762755 -0.00195533
0.739796 0.00230602
0.752551 0.00298131
0.806122 0.00265913
0.788265 0.00203974
0.765306 0.000116962
0.816327 -0.00224549
0.762755 -0.00425523
0.737245 -0.00767253
0.737245 -0.0113057
0.747449 -0.0142054
0.747449 -0.0160155
0.737245 -0.0198435
0.704082 -0.0235862
0.709184 -0.0268269
0.69898 -0.0303655
0.737245 -0.034294
0.683673 -0.0376406
0.660714 -0.0413426
0.686224 -0.0459524
0.65051 -0.0487473
0.594388 -0.050967
0.596939 -0.0545318
0.622449 -0.0562416
0.635204 -0.0578711
0.614796 -0.0588961
0.619898 -0.0596948
0.678571 -0.0599267
0.719388 -0.0603788
0.691327 -0.0613766
0.665816 -0.0628222
0.693878 -0.0651708
0.673469 -0.0678022
0.721939 -0.0715813
0.719388 -0.0744758
0.683673 -0.0782824
0.663265 -0.081937
0.709184 -0.085024
0.719388 -0.0867821
0.72449 -0.0881779
0.742347 -0.0896741
0.75 -0.0908849
0.793367 -0.0913515
0.834184 -0.0904031
0.778061 -0.0899786
0.803571 -0.090839
0.831633 -0.0910915
0.795918 -0.0904195
0.836735 -0.0903974
0.841837 -0.0905732
0.887755 -0.0909486
0.913265 -0.0930147
0.903061 -0.095652
0.928571 -0.097658
0.880102 -0.0987789
0.854592 -0.100018
0.811224 -0.100316
0.818878 -0.100464
0.806122 -0.100749
0.846939 -0.100844
0.813776 -0.101076
0.844388 -0.102031
0.834184 -0.101752
0.836735 -0.101408
0.859694 -0.101352
0.885204 -0.102366
0.895408 -0.10216
0.913265 -0.102548
0.920918 -0.101826
0.892857 -0.100295
0.877551 -0.0988809
0.864796 -0.0975087
0.872449 -0.0961774
0.875 -0.0944004
0.839286 -0.0926119
0.877551 -0.0922284
0.84949 -0.0914205
0.844388 -0.0914452
0.864796 -0.0915489
0.864796 -0.0915126
0.857143 -0.0919433
0.846939 -0.0909159
0.854592 -0.0899919
0.859694 -0.0888519
0.867347 -0.0875418
0.790816 -0.0868255
0.77551 -0.085824
0.783163 -0.084916
0.77551 -0.0850172
0.673469 -0.0854582
0.647959 -0.0859127
0.655612 -0.0866314
0.673469 -0.0864987
0.670918 -0.0869613
0.69898 -0.0882686
0.691327 -0.0897962
0.647959 -0.091343
0.688776 -0.0936914
0.673469 -0.0955546
0.673469 -0.0974333
0.635204 -0.099975
0.637755 -0.101023
0.637755 -0.102261
0.617347 -0.103218
0.596939 -0.102421
0.556122 -0.102802
0.55102 -0.104056
0.533163 -0.104729
0.561224 -0.107091
0.563776 -0.109298
0.568878 -0.110624
0.640306 -0.111887
0.673469 -0.111969
0.678571 -0.111164
0.719388 -0.110957
0.683673 -0.111342
0.709184 -0.112626
0.742347 -0.113535
0.737245 -0.114597
0.704082 -0.115239
0.681122 -0.11723
0.678571 -0.118519
0.617347 -0.120733
0.640306 -0.124366
0.619898 -0.129408
0.576531 -0.135199
0.594388 -0.139466
0.594388 -0.141785
0.604592 -0.143126
0.602041 -0.144965
0.637755 -0.147169
0.665816 -0.148833
0.716837 -0.150547
0.732143 -0.151319
0.734694 -0.152869
0.678571 -0.154937
0.683673 -0.156595
0.670918 -0.15838
0.696429 -0.161615
0.711735 -0.164601
0.732143 -0.168303
0.696429 -0.17054
0.711735 -0.171711
0.760204 -0.172525
0.742347 -0.174172
0.752551 -0.175289
0.711735 -0.176328
0.683673 -0.177659
0.688776 -0.178225
0.706633 -0.179228
0.72449 -0.181536
0.696429 -0.18291
0.681122 -0.184662
0.67602 -0.186082
0.69898 -0.188461
0.681122 -0.189505
0.701531 -0.19026
0.683673 -0.191765
0.67602 -0.192363
0.721939 -0.193066
0.69898 -0.192135
0.653061 -0.193142
0.701531 -0.193676
0.619898 -0.194409
0.55102 -0.195292
0.543367 -0.19609
0.533163 -0.198588
0.558673 -0.199993
0.57398 -0.201431
0.568878 -0.202421
0.545918 -0.204756
0.558673 -0.205023
0.558673 -0.20434
0.609694 -0.204654
0.632653 -0.204344
0.614796 -0.20515
0.563776 -0.205645
0.571429 -0.205782
0.612245 -0.204682
0.668367 -0.203368
0.739796 -0.201782
0.760204 -0.200027
0.69898 -0.20057
0.686224 -0.199786
0.678571 -0.200081
0.683673 -0.199281
0.719388 -0.199739
0.72449 -0.199501
0.711735 -0.199711
0.701531 -0.198309
0.640306 -0.198158
0.607143 -0.199822
0.630102 -0.200474
0.693878 -0.200351
0.701531 -0.198986
0.75 -0.197734
0.747449 -0.196172
0.757653 -0.195209
0.780612 -0.195553
0.77551 -0.195641
0.780612 -0.19597
0.816327 -0.197015
0.846939 -0.197913
0.829082 -0.200739
0.813776 -0.203483
0.765306 -0.205746
0.785714 -0.205939
0.790816 -0.205278
0.770408 -0.205169
0.77551 -0.205809
0.732143 -0.205925
0.788265 -0.206712
0.808673 -0.207854
0.852041 -0.208243
0.836735 -0.208716
0.859694 -0.208477
0.862245 -0.208738
0.864796 -0.208341
0.885204 -0.207561
0.862245 -0.205399
0.857143 -0.202099
0.852041 -0.198309
0.875 -0.194664
0.880102 -0.191778
0.903061 -0.187755
0.885204 -0.18246
0.885204 -0.179295
0.877551 -0.17634
0.844388 -0.17266
0.821429 -0.169858
0.841837 -0.167157
0.821429 -0.162438
0.844388 -0.157763
0.829082 -0.15257
0.826531 -0.147626
0.844388 -0.143965
0.854592 -0.141183
0.846939 -0.138663
0.834184 -0.136795
0.82398 -0.136047
0.841837 -0.13391
0.857143 -0.133112
0.841837 -0.132974
0.826531 -0.132836
0.80102 -0.131766
0.839286 -0.130428
0.84949 -0.129756
0.852041 -0.1285
0.80102 -0.126433
0.80102 -0.126009
0.813776 -0.125981
0.831633 -0.127062
0.816327 -0.128983
0.82398 -0.13159
0.826531 -0.133594
0.790816 -0.13706
0.780612 -0.141002
0.77551 -0.143443
0.737245 -0.14534
0.780612 -0.147192
0.844388 -0.147962
0.882653 -0.148979
0.872449 -0.149376
0.813776 -0.1478
0.806122 -0.146707
0.780612 -0.146051
0.760204 -0.146488
0.841837 -0.147933
0.844388 -0.148851
0.877551 -0.149935
0.859694 -0.148774
0.890306 -0.148339
0.882653 -0.148152
0.841837 -0.146869
0.767857 -0.144168
0.75 -0.143133
0.793367 -0.143518
0.816327 -0.14336
0.882653 -0.143109
0.826531 -0.143686
0.831633 -0.144384
0.836735 -0.144861
0.826531 -0.145211
0.780612 -0.144715
0.80102 -0.144754
0.80102 -0.144999
0.762755 -0.142629
0.760204 -0.141374
0.729592 -0.139977
0.714286 -0.139292
0.706633 -0.138155
0.704082 -0.138311
0.737245 -0.138848
0.767857 -0.138175
0.790816 -0.138483
0.772959 -0.138809
0.788265 -0.140781
0.742347 -0.142841
0.760204 -0.143759
0.760204 -0.142877
0.770408 -0.142066
0.783163 -0.141874
0.767857 -0.142069
0.778061 -0.142564
0.798469 -0.142919
0.77551 -0.143882
0.788265 -0.145136
0.816327 -0.146607
0.841837 -0.1472
0.836735 -0.146374
0.798469 -0.146314
0.778061 -0.146091
0.72449 -0.146552
0.678571 -0.14744
0.65051 -0.148952
0.627551 -0.148595
0.622449 -0.148491
0.647959 -0.148095
0.663265 -0.147345
0.622449 -0.147321
0.581633 -0.147941
0.693878 -0.149756
0.709184 -0.151311
0.696429 -0.153159
0.72449 -0.154667
0.688776 -0.15653
0.655612 -0.159208
0.693878 -0.160913
0.716837 -0.162629
0.69898 -0.162837
0.678571 -0.161096
0.637755 -0.158188
0.642857 -0.155664
0.665816 -0.153324
0.706633 -0.152027
0.714286 -0.151184
0.772959 -0.150532
0.755102 -0.150068
0.757653 -0.147934
0.737245 -0.146193
0.752551 -0.143907
0.734694 -0.143207
0.67602 -0.142388
0.681122 -0.142229
0.72449 -0.142991
0.744898 -0.14323
0.772959 -0.142651
0.757653 -0.142632
0.780612 -0.141533
0.762755 -0.141122
0.788265 -0.14254
0.831633 -0.143888
0.783163 -0.145487
0.783163 -0.14775
0.767857 -0.150664
0.755102 -0.15353
0.762755 -0.156249
0.788265 -0.15923
0.778061 -0.161853
0.790816 -0.162239
0.77551 -0.161347
0.765306 -0.159909
0.798469 -0.157642
0.795918 -0.156018
0.818878 -0.155167
0.788265 -0.152985
0.785714 -0.152727
0.772959 -0.153134
0.734694 -0.154534
0.755102 -0.15573
0.77551 -0.158985
0.772959 -0.162551
0.785714 -0.165978
0.783163 -0.169662
0.816327 -0.173664
0.82398 -0.175278
0.844388 -0.177453
0.834184 -0.179231
0.864796 -0.182132
0.872449 -0.183112
0.887755 -0.184331
0.877551 -0.185187
0.872449 -0.185509
0.880102 -0.184291
0.869898 -0.1834
0.816327 -0.182453
0.846939 -0.18196
0.829082 -0.181881
0.816327 -0.182954
0.844388 -0.18328
0.859694 -0.182919
0.839286 -0.183096
0.84949 -0.182997
0.892857 -0.183355
0.890306 -0.184444
0.854592 -0.185853
0.844388 -0.187107
0.831633 -0.189482
0.844388 -0.192011
0.862245 -0.19437
0.864796 -0.196561
0.84949 -0.200064
0.854592 -0.202936
0.882653 -0.205173
0.882653 -0.208162
0.880102 -0.209665
0.882653 -0.210553
0.90051 -0.209957
0.869898 -0.209644
0.864796 -0.209684
0.82398 -0.208752
0.767857 -0.208546
0.742347 -0.209568
0.760204 -0.210355
0.727041 -0.210439
0.716837 -0.210489
0.785714 -0.210933
0.755102 -0.21149
0.778061 -0.21222
0.780612 -0.211972
0.803571 -0.210135
0.785714 -0.207403
0.783163 -0.204383
0.780612 -0.200964
0.793367 -0.198844
0.780612 -0.196999
0.829082 -0.195223
0.793367 -0.192099
0.788265 -0.189838
0.778061 -0.18814
0.834184 -0.186594
0.816327 -0.185746
0.785714 -0.183102
0.744898 -0.18261
0.734694 -0.180268
0.760204 -0.178085
0.744898 -0.177036
0.755102 -0.176959
0.732143 -0.177482
0.765306 -0.178632
0.788265 -0.180961
0.772959 -0.182967
0.778061 -0.184561
0.737245 -0.186478
0.732143 -0.188874
0.757653 -0.190968
0.734694 -0.192723
0.767857 -0.194057
0.836735 -0.194754
0.811224 -0.194971
0.808673 -0.195927
0.795918 -0.196326
0.729592 -0.196517
0.706633 -0.197989
0.696429 -0.199481
0.711735 -0.200722
0.686224 -0.202059
0.742347 -0.203127
0.788265 -0.203794
0.778061 -0.205904
0.762755 -0.207156
0.709184 -0.207855
0.72449 -0.208028
0.772959 -0.207526
0.742347 -0.206303
0.767857 -0.205167
0.772959 -0.203271
0.793367 -0.202163
0.744898 -0.201235
0.752551 -0.202138
0.770408 -0.203352
0.744898 -0.206121
0.770408 -0.208606
0.788265 -0.212042
0.780612 -0.215623
0.760204 -0.218735
0.795918 -0.221285
0.826531 -0.222368
0.844388 -0.223215
0.867347 -0.223092
0.887755 -0.222637
0.887755 -0.22269
0.857143 -0.222228
0.846939 -0.223058
0.821429 -0.224491
0.862245 -0.225597
0.831633 -0.225788
0.857143 -0.225919
0.890306 -0.225243
0.892857 -0.224911
0.880102 -0.224597
0.913265 -0.224125
0.951531 -0.222387
0.936224 -0.219338
0.869898 -0.216909
0.913265 -0.213873
0.908163 -0.2099
0.908163 -0.204845
0.885204 -0.201037
0.877551 -0.197277
0.857143 -0.193537
0.846939 -0.189676
0.859694 -0.187471
0.854592 -0.185273
0.852041 -0.18348
0.844388 -0.182106
0.795918 -0.183023
0.816327 -0.184999
0.875 -0.18792
0.839286 -0.191061
0.808673 -0.192921
0.788265 -0.194632
0.803571 -0.196546
0.839286 -0.197406
0.857143 -0.195895
0.859694 -0.194186
0.885204 -0.192458
0.841837 -0.189332
0.836735 -0.184488
0.857143 -0.181203
0.862245 -0.179213
0.857143 -0.17771
0.885204 -0.17696
0.892857 -0.176745
0.875 -0.176645
0.877551 -0.176768
0.872449 -0.178888
0.877551 -0.181745
0.895408 -0.183322
0.918367 -0.185888
0.890306 -0.188975
0.908163 -0.192368
0.905612 -0.195695
0.905612 -0.198703
0.908163 -0.199953
0.867347 -0.201796
0.831633 -0.203579
0.829082 -0.205065
0.841837 -0.206946
0.829082 -0.208903
0.829082 -0.21018
0.829082 -0.210694
0.862245 -0.212831
0.852041 -0.214226
0.829082 -0.214396
0.795918 -0.213497
0.854592 -0.21296
0.862245 -0.212573
0.887755 -0.210866
0.869898 -0.207844
0.880102 -0.207719
0.839286 -0.207168
0.818878 -0.207227
0.831633 -0.209943
0.864796 -0.215696
0.854592 -0.220984
0.882653 -0.226572
0.882653 -0.230135
0.885204 -0.233916
0.872449 -0.235474
0.84949 -0.235705
0.857143 -0.236224
0.84949 -0.237676
0.803571 -0.237983
0.834184 -0.237915
0.80102 -0.238039
0.770408 -0.238665
0.760204 -0.239499
0.826531 -0.240207
0.811224 -0.241023
0.806122 -0.243568
0.82398 -0.246234
0.80102 -0.24763
0.806122 -0.246596
0.808673 -0.246047
0.829082 -0.244866
0.826531 -0.243036
0.831633 -0.241928
0.839286 -0.24184
0.872449 -0.241046
0.880102 -0.23957
0.905612 -0.237276
0.936224 -0.234176
0.923469 -0.229695
0.908163 -0.225047
0.895408 -0.220126
0.903061 -0.214759
0.877551 -0.210318
0.887755 -0.206826
0.890306 -0.203095
0.869898 -0.199619
0.854592 -0.198112
0.834184 -0.197823
0.852041 -0.197251
0.852041 -0.197982
0.869898 -0.198348
0.859694 -0.198613
0.864796 -0.198232
0.869898 -0.196996
0.897959 -0.193644
0.859694 -0.191782
0.875 -0.190512
0.859694 -0.188299
0.875 -0.186471
0.859694 -0.183572
0.862245 -0.179357
0.880102 -0.175656
0.869898 -0.171051
0.854592 -0.164935
0.834184 -0.159557
0.859694 -0.15368
0.857143 -0.148537
0.880102 -0.144726
0.887755 -0.141366
0.839286 -0.138236
0.841837 -0.137263
0.813776 -0.136058
0.867347 -0.13367
0.885204 -0.133637
0.867347 -0.132994
0.854592 -0.134295
0.882653 -0.13616
0.834184 -0.137264
0.846939 -0.139877
0.857143 -0.143235
0.859694 -0.145124
0.857143 -0.145176
0.821429 -0.14465
0.816327 -0.145444
0.798469 -0.147843
0.772959 -0.149025
0.785714 -0.150955
0.772959 -0.152692
0.765306 -0.153647
0.770408 -0.152044
0.752551 -0.149584
0.704082 -0.148562
0.711735 -0.147994
0.734694 -0.148851
0.747449 -0.149092
0.742347 -0.151081
0.72449 -0.153809
0.69898 -0.154798
0.721939 -0.156041
0.760204 -0.158035
0.747449 -0.159732
0.744898 -0.161494
0.785714 -0.16398
0.778061 -0.163841
0.839286 -0.162817
0.829082 -0.161324
0.836735 -0.160593
0.867347 -0.159142
0.836735 -0.158306
0.798469 -0.156681
0.839286 -0.155821
0.852041 -0.155971
0.829082 -0.156611
0.793367 -0.160038
0.808673 -0.164035
0.806122 -0.165929
0.778061 -0.169728
0.734694 -0.173395
0.765306 -0.176734
0.790816 -0.178518
0.80102 -0.181594
0.75 -0.184184
0.783163 -0.187336
0.813776 -0.18957
0.813776 -0.191806
0.826531 -0.196569
0.790816 -0.199708
0.829082 -0.203461
0.864796 -0.208429
0.857143 -0.213175
0.862245 -0.215983
0.877551 -0.218031
0.875 -0.220159
0.897959 -0.222257
0.880102 -0.223786
0.890306 -0.226843
0.903061 -0.228124
0.885204 -0.229198
0.895408 -0.230474
0.877551 -0.231827
0.867347 -0.232813
0.821429 -0.235861
0.795918 -0.238133
0.844388 -0.241254
0.803571 -0.243616
0.859694 -0.246676
0.854592 -0.249736
0.867347 -0.250827
0.839286 -0.251397
0.839286 -0.252277
0.880102 -0.252288
0.872449 -0.252665
0.854592 -0.252273
0.816327 -0.252001
0.877551 -0.249867
0.887755 -0.247388
0.859694 -0.245567
0.880102 -0.244845
0.867347 -0.244532
0.882653 -0.245443
0.859694 -0.246626
0.846939 -0.250359
0.826531 -0.253111
0.834184 -0.255559
0.829082 -0.258807
0.834184 -0.262139
0.816327 -0.264592
0.813776 -0.265274
0.831633 -0.265682
0.836735 -0.265615
0.890306 -0.263728
0.877551 -0.262297
0.864796 -0.26158
0.852041 -0.262138
0.862245 -0.260639
0.862245 -0.257828
0.877551 -0.256623
0.854592 -0.255026
0.872449 -0.251686
0.882653 -0.248695
0.875 -0.244868
0.852041 -0.241607
0.841837 -0.239884
0.857143 -0.23917
0.813776 -0.23779
0.811224 -0.234476
0.839286 -0.231962
0.831633 -0.230384
0.834184 -0.227684
0.826531 -0.225562
0.854592 -0.221877
0.84949 -0.218358
0.862245 -0.213411
0.846939 -0.210885
0.84949 -0.209493
0.834184 -0.207267
0.864796 -0.20376
0.862245 -0.199715
0.872449 -0.195858
0.854592 -0.191619
0.826531 -0.187573
0.862245 -0.18327
0.834184 -0.178867
0.862245 -0.173851
0.877551 -0.171483
0.864796 -0.168534
0.867347 -0.165418
0.854592 -0.162761
0.857143 -0.160356
0.84949 -0.158185
0.816327 -0.156256
0.818878 -0.154492
0.818878 -0.15241
0.887755 -0.150527
0.895408 -0.151875
0.875 -0.153377
0.867347 -0.15455
0.872449 -0.156134
0.872449 -0.15778
0.887755 -0.157655
0.938776 -0.156593
0.951531 -0.156194
0.915816 -0.155398
0.859694 -0.154079
0.829082 -0.153097
0.854592 -0.151537
0.854592 -0.149597
0.864796 -0.149111
0.829082 -0.147837
0.846939 -0.145366
0.844388 -0.142272
0.831633 -0.139831
0.836735 -0.138771
0.890306 -0.137256
0.895408 -0.134885
0.854592 -0.133499
0.852041 -0.131368
0.857143 -0.130844
0.84949 -0.130373
0.877551 -0.130992
0.836735 -0.129302
0.859694 -0.127816
0.869898 -0.126494
0.834184 -0.12447
0.818878 -0.12496
0.862245 -0.125373
0.857143 -0.127593
0.867347 -0.127317
0.857143 -0.126592
0.841837 -0.126272
0.844388 -0.126242
0.811224 -0.125128
0.82398 -0.126397
0.80102 -0.128734
0.767857 -0.131463
0.765306 -0.134823
0.75 -0.138679
0.806122 -0.141842
0.844388 -0.145677
0.806122 -0.150224
0.806122 -0.154017
0.806122 -0.156527
0.785714 -0.159226
0.778061 -0.160201
0.795918 -0.160995
0.780612 -0.163077
0.80102 -0.164654
0.836735 -0.166586
0.831633 -0.168171
0.854592 -0.170521
0.877551 -0.172881
0.857143 -0.173605
0.785714 -0.17256
0.77551 -0.172547
0.755102 -0.174046
0.790816 -0.175493
0.77551 -0.176037
0.757653 -0.177458
0.762755 -0.178826
0.818878 -0.181271
0.803571 -0.186051
0.770408 -0.188611
0.785714 -0.189851
0.80102 -0.191156
0.80102 -0.192676
0.813776 -0.194199
0.880102 -0.193983
0.875 -0.192796
0.857143 -0.191448
0.839286 -0.189932
0.808673 -0.186963
0.795918 -0.183931
0.77551 -0.1815
0.793367 -0.180227
0.790816 -0.179639
0.793367 -0.17904
0.783163 -0.178576
0.762755 -0.179337
0.77551 -0.18188
0.765306 -0.184038
0.772959 -0.186096
0.762755 -0.186257
0.77551 -0.186581
0.767857 -0.189234
0.772959 -0.192593
0.760204 -0.195476
0.788265 -0.195885
0.772959 -0.197428
0.788265 -0.199963
0.806122 -0.20139
0.859694 -0.202356
0.84949 -0.203563
0.859694 -0.203859
0.795918 -0.203227
0.831633 -0.202921
0.80102 -0.201267
0.821429 -0.199794
0.760204 -0.198251
0.755102 -0.195462
0.783163 -0.192507
0.790816 -0.190217
0.77551 -0.188183
0.755102 -0.186597
0.755102 -0.185363
0.747449 -0.182512
0.732143 -0.180882
0.739796 -0.179822
0.806122 -0.179722
0.767857 -0.178835
0.785714 -0.178791
0.795918 -0.177045
0.793367 -0.174069
0.780612 -0.170735
0.77551 -0.167229
0.762755 -0.163834
0.760204 -0.16124
0.793367 -0.158204
0.808673 -0.155076
0.836735 -0.152678
0.836735 -0.150076
0.854592 -0.147661
0.811224 -0.143299
0.790816 -0.141493
0.744898 -0.139777
0.737245 -0.136631
0.732143 -0.13462
0.709184 -0.132781
0.719388 -0.131973
0.734694 -0.128726
0.737245 -0.127522
0.755102 -0.126716
0.816327 -0.124951
0.82398 -0.123164
0.84949 -0.123493
0.826531 -0.124295
0.757653 -0.126113
0.780612 -0.126847
0.798469 -0.127115
0.780612 -0.126798
0.839286 -0.126186
0.846939 -0.127454
0.877551 -0.128669
0.885204 -0.128966
0.887755 -0.12959
0.887755 -0.130481
0.920918 -0.132422
0.92602 -0.134337
0.918367 -0.135146
0.920918 -0.134736
0.903061 -0.133954
0.923469 -0.135286
0.905612 -0.136855
0.892857 -0.136981
0.846939 -0.138263
0.803571 -0.13747
0.846939 -0.135739
0.857143 -0.134217
0.880102 -0.130827
0.864796 -0.128127
0.90051 -0.123996
0.875 -0.118413
0.864796 -0.113973
0.918367 -0.11081
0.897959 -0.108387
0.905612 -0.107436
0.872449 -0.106158
0.890306 -0.106261
0.885204 -0.107915
0.859694 -0.110015
0.816327 -0.111745
0.82398 -0.113122
0.829082 -0.113972
0.811224 -0.116445
0.852041 -0.117207
0.826531 -0.118447
0.811224 -0.118901
0.80102 -0.119194
0.80102 -0.120009
0.806122 -0.122316
0.760204 -0.123659
0.790816 -0.123601
0.760204 -0.124044
0.75 -0.124868
0.760204 -0.121806
0.77551 -0.11822
0.808673 -0.11601
0.80102 -0.113688
0.795918 -0.109966
0.790816 -0.106625
0.803571 -0.10422
0.808673 -0.102186
0.813776 -0.101011
0.826531 -0.100951
0.826531 -0.101163
0.798469 -0.10083
0.818878 -0.101179
0.82398 -0.099972
0.84949 -0.0981911
0.854592 -0.0969257
0.857143 -0.0958719
0.834184 -0.0956956
0.857143 -0.0949709
0.859694 -0.0919771
0.839286 -0.086131
0.857143 -0.0807095
0.829082 -0.0749647
0.821429 -0.0699861
0.798469 -0.0643053
0.82398 -0.0598143
0.813776 -0.0559325
0.82398 -0.0520886
0.780612 -0.049901
0.727041 -0.0483628
0.744898 -0.0471465
0.77551 -0.0470139
0.767857 -0.0476595
0.765306 -0.0483608
0.75 -0.0489642
0.747449 -0.0500556
0.767857 -0.0478302
0.772959 -0.0469073
0.742347 -0.0470689
0.755102 -0.0473024
0.767857 -0.0455316
0.803571 -0.0443234
0.82398 -0.0433543
0.818878 -0.0437072
0.821429 -0.0439729
0.813776 -0.043307
0.793367 -0.0427257
0.808673 -0.0404901
0.821429 -0.0379786
0.803571 -0.0367376
0.762755 -0.0363047
0.739796 -0.0358811
0.760204 -0.0354971
0.813776 -0.0343885
0.808673 -0.0358892
0.806122 -0.0371997
0.742347 -0.0403529
0.757653 -0.0414866
0.757653 -0.0416137
0.760204 -0.0409379
0.739796 -0.0377839
0.762755 -0.0351856
0.732143 -0.031213
0.658163 -0.027597
0.72449 -0.0250178
0.757653 -0.0212519
0.811224 -0.018243
0.803571 -0.0149629
0.852041 -0.0125905
0.903061 -0.0100703
0.92602 -0.00678769
0.913265 -0.00467464
0.908163 -0.00267273
0.892857 -0.00114734
0.877551 4.65796e-05
0.862245 0.000613533
0.818878 0.00183229
0.846939 0.00120152
0.82398 0.00176435
0.84949 0.00237043
0.844388 0.00468476
0.869898 0.00793277
0.869898 0.0103353
0.84949 0.0127219
0.857143 0.0154445
0.836735 0.0193665
0.862245 0.0243902
0.895408 0.0280512
0.908163 0.0306167
0.887755 0.0355787
0.880102 0.0412361
0.910714 0.0463004
0.877551 0.0512875
0.897959 0.0558023
0.869898 0.0593802
0.839286 0.0628309
0.844388 0.0644905
0.836735 0.0661011
0.834184 0.0673925
0.795918 0.0715057
0.711735 0.0755736
0.701531 0.077778
0.744898 0.0784876
0.727041 0.080064
0.704082 0.0837646
0.663265 0.0870342
0.665816 0.0897066
0.660714 0.0941978
0.645408 0.0985421
0.647959 0.104293
0.637755 0.109918
0.619898 0.115402
0.607143 0.119176
0.625 0.122693
0.579082 0.126183
0.553571 0.128563
0.556122 0.132922
0.581633 0.137541
0.640306 0.141405
0.683673 0.144032
0.693878 0.145416
0.632653 0.145967
0.609694 0.146753
0.637755 0.147502
0.642857 0.147409
0.640306 0.148077
0.693878 0.150143
0.696429 0.151819
0.709184 0.152945
0.69898 0.152689
0.780612 0.152763
0.806122 0.155263
0.798469 0.159079
0.821429 0.160222
0.806122 0.16191
0.831633 0.162424
0.831633 0.163852
0.813776 0.162361
0.821429 0.161748
0.854592 0.159837
0.829082 0.158484
0.77551 0.155094
0.755102 0.151776
0.778061 0.150177
0.772959 0.149035
0.795918 0.149979
0.795918 0.150133
0.785714 0.150221
0.770408 0.152746
0.729592 0.15317
0.719388 0.155896
0.744898 0.15816
0.721939 0.158705
0.719388 0.158263
0.752551 0.158791
0.75 0.158347
0.780612 0.158995
0.811224 0.161242
0.808673 0.163052
0.811224 0.164153
0.785714 0.164051
0.790816 0.163999
0.831633 0.165054
0.839286 0.166641
0.872449 0.168855
0.788265 0.17045
0.80102 0.173253
0.788265 0.175519
0.747449 0.178084
0.757653 0.178889
0.706633 0.179148
0.716837 0.179151
0.706633 0.181882
0.691327 0.184985
0.665816 0.190852
0.670918 0.19834
0.681122 0.203701
0.716837 0.209172
0.767857 0.214184
0.760204 0.21618
0.765306 0.215776
0.821429 0.214891
0.811224 0.215407
0.783163 0.214563
0.808673 0.212543
0.806122 0.210971
0.829082 0.209537
0.793367 0.208643
0.727041 0.206909
0.701531 0.205178
0.747449 0.203085
0.755102 0.202364
0.767857 0.203131
0.780612 0.204214
0.808673 0.206572
0.808673 0.206208
0.834184 0.208438
0.841837 0.209529
0.862245 0.210334
0.880102 0.211852
0.867347 0.212171
0.890306 0.215539
0.867347 0.219401
0.841837 0.2216
0.839286 0.220049
0.793367 0.219868
0.767857 0.220264
0.77551 0.219884
0.765306 0.2209
0.790816 0.220688
0.780612 0.21976
0.795918 0.218392
0.808673 0.218429
0.783163 0.216597
0.721939 0.214412
0.760204 0.212473
0.790816 0.212199
0.790816 0.210718
0.788265 0.209455
0.813776 0.208026
0.846939 0.207072
0.831633 0.206545
0.836735 0.205111
0.829082 0.203043
0.84949 0.201891
0.811224 0.203445
0.793367 0.205727
0.818878 0.20732
0.765306 0.206372
0.744898 0.204413
0.742347 0.20241
0.778061 0.20307
0.757653 0.202954
0.77551 0.201452
0.778061 0.202509
0.795918 0.201717
0.831633 0.202537
0.82398 0.201546
0.831633 0.200557
0.816327 0.200404
0.780612 0.198801
0.780612 0.198551
0.780612 0.198723
0.846939 0.200168
0.829082 0.200419
0.806122 0.201059
0.836735 0.201847
0.857143 0.204617
0.875 0.208916
0.859694 0.212676
0.882653 0.218387
0.890306 0.222778
0.895408 0.22819
0.882653 0.232923
0.905612 0.240609
0.915816 0.246317
0.882653 0.250269
0.869898 0.255612
0.84949 0.26099
0.831633 0.265772
0.829082 0.269113
0.803571 0.273533
0.831633 0.279304
0.875 0.284947
0.880102 0.291499
0.892857 0.295658
0.887755 0.297466
0.923469 0.299336
0.90051 0.30204
0.905612 0.303974
0.854592 0.305887
0.852041 0.307714
0.852041 0.308526
0.854592 0.309564
0.867347 0.310765
0.887755 0.311125
0.903061 0.310135
0.875 0.310424
0.903061 0.315379
0.897959 0.318715
0.882653 0.321745
0.857143 0.326688
0.852041 0.328811
0.854592 0.331019
0.864796 0.333876
0.854592 0.337977
0.841837 0.340732
0.785714 0.344437
0.808673 0.347814
0.818878 0.350252
0.821429 0.351493
0.854592 0.352084
0.844388 0.35561
0.790816 0.357347
0.82398 0.360574
0.793367 0.361739
0.795918 0.36146
0.808673 0.362234
0.841837 0.362976
0.836735 0.362674
0.852041 0.362063
0.808673 0.362475
0.80102 0.362979
0.816327 0.363577
0.813776 0.362999
0.826531 0.363181
0.803571 0.363105
0.82398 0.363207
0.844388 0.363572
0.862245 0.362432
0.836735 0.361225
0.836735 0.357958
0.798469 0.356709
0.836735 0.353603
0.869898 0.351928
0.772959 0.350327
0.752551 0.348741
0.691327 0.348441
0.721939 0.347076
0.716837 0.342019
0.734694 0.337567
0.739796 0.332545
0.788265 0.328525
0.772959 0.324709
0.798469 0.320592
0.84949 0.317354
0.834184 0.314428
0.864796 0.314108
0.854592 0.31305
0.841837 0.311192
0.857143 0.310966
0.867347 0.310891
0.864796 0.311993
0.829082 0.311582
0.841837 0.311393
0.772959 0.309546
0.72449 0.308102
0.678571 0.309027
0.732143 0.30982
0.72449 0.311558
0.704082 0.311787
0.714286 0.312511
0.727041 0.312031
0.709184 0.311011
0.704082 0.309668
0.75 0.309185
0.760204 0.308567
0.780612 0.306814
0.806122 0.305491
0.795918 0.304704
0.818878 0.304526
0.84949 0.304355
0.834184 0.30611
0.852041 0.307667
0.818878 0.30932
0.806122 0.309513
0.831633 0.309138
0.82398 0.307562
0.887755 0.305691
0.910714 0.304738
0.908163 0.305126
0.890306 0.303093
0.892857 0.300946
0.841837 0.298453
0.862245 0.299087
0.862245 0.300192
0.869898 0.301894
0.857143 0.301551
0.857143 0.29989
0.852041 0.298754
0.821429 0.297147
0.841837 0.292687
0.869898 0.288649
0.915816 0.286266
0.872449 0.286456
0.892857 0.288016
0.84949 0.291443
0.864796 0.294601
0.875 0.298992
0.867347 0.302657
0.836735 0.305063
0.880102 0.307903
0.897959 0.309057
0.918367 0.308262
0.892857 0.306615
0.84949 0.305269
0.829082 0.303035
0.859694 0.300568
0.857143 0.297961
0.862245 0.297118
0.834184 0.297093
0.818878 0.295415
0.765306 0.293925
0.757653 0.292828
0.788265 0.292745
0.729592 0.291824
0.737245 0.29296
0.765306 0.294304
0.780612 0.2932
0.795918 0.291522
0.785714 0.289202
0.783163 0.28594
0.767857 0.284077
0.783163 0.284637
0.80102 0.28439
0.811224 0.284023
0.839286 0.282704
0.831633 0.28043
0.813776 0.279448
0.829082 0.276749
0.82398 0.272682
0.839286 0.267119
0.862245 0.264529
0.836735 0.261076
0.803571 0.257651
0.813776 0.255475
0.808673 0.252155
0.813776 0.247939
0.757653 0.244803
0.757653 0.242709
0.795918 0.240121
0.77551 0.236853
0.803571 0.234889
0.803571 0.232401
0.798469 0.229595
0.813776 0.22767
0.839286 0.225353
0.770408 0.222009
0.757653 0.216958
0.755102 0.212513
0.780612 0.208545
0.793367 0.203315
0.834184 0.196975
0.816327 0.190153
0.818878 0.186784
0.836735 0.182634
0.846939 0.179484
0.798469 0.175441
0.762755 0.170779
0.719388 0.166129
0.714286 0.1641
0.711735 0.164575
0.765306 0.163372
0.747449 0.162309
0.77551 0.161454
0.742347 0.161831
0.729592 0.162482
0.709184 0.161503
0.673469 0.163335
0.691327 0.162316
0.696429 0.160741
0.688776 0.160258
0.673469 0.161122
0.670918 0.160902
0.670918 0.160431
0.614796 0.157443
0.627551 0.153401
0.658163 0.148442
0.617347 0.14104
0.596939 0.133893
0.609694 0.125983
0.635204 0.11743
0.591837 0.111003
0.530612 0.106547
0.602041 0.103464
0.609694 0.0984172
0.632653 0.0924126
0.67602 0.0852191
0.721939 0.0789682
0.719388 0.074129
0.711735 0.0672582
0.721939 0.0597354
0.737245 0.050751
0.683673 0.0398147
0.683673 0.032065
0.663265 0.0248313
0.69898 0.0186541
0.576531 0.0137013
0.545918 0.00831855
0.556122 0.00404464
0.617347 -0.000374076
0.647959 -0.00463352
0.655612 -0.00783361
0.642857 -0.0104964
0.691327 -0.012031
0.683673 -0.0126101
0.617347 -0.0134883
0.609694 -0.0175279
0.645408 -0.0211838
0.678571 -0.022386
0.658163 -0.0234897
0.668367 -0.0258981
0.760204 -0.0272011
0.732143 -0.0326814
0.714286 -0.0376597
0.693878 -0.0460624
0.711735 -0.0545733
0.678571 -0.0650876
0.701531 -0.0775791
0.721939 -0.088293
0.696429 -0.101266
0.72449 -0.111125
0.757653 -0.122816
0.755102 -0.134627
0.760204 -0.144771
0.795918 -0.154751
0.772959 -0.163327
0.75 -0.172055
0.767857 -0.176623
0.806122 -0.182435
0.831633 -0.185574
0.836735 -0.186626
0.882653 -0.187124
0.875 -0.187412
0.938776 -0.188853
0.910714 -0.192112
0.880102 -0.193732
0.813776 -0.19655
0.818878 -0.199485
0.841837 -0.200163
0.811224 -0.202291
0.785714 -0.202593
0.790816 -0.205017
0.757653 -0.207562
0.732143 -0.209871
0.691327 -0.209153
0.721939 -0.20774
0.762755 -0.206354
0.716837 -0.204225
0.757653 -0.201782
0.742347 -0.200845
0.704082 -0.198622
0.711735 -0.19504
0.701531 -0.189972
0.701531 -0.185177
0.709184 -0.18005
0.757653 -0.17722
0.77551 -0.173059
0.813776 -0.169584
0.808673 -0.168479
0.834184 -0.170475
0.831633 -0.171055
0.844388 -0.173142
0.806122 -0.172194
0.803571 -0.173572
0.839286 -0.175632
0.836735 -0.176449
0.875 -0.175761
0.867347 -0.173782
0.84949 -0.170436
0.852041 -0.166272
0.852041 -0.164806
0.854592 -0.162809
0.844388 -0.16367
0.846939 -0.16348
0.854592 -0.163291
0.887755 -0.166784
0.910714 -0.170769
0.84949 -0.172573
0.875 -0.17698
0.84949 -0.18102
0.882653 -0.182275
0.84949 -0.182403
0.903061 -0.18337
0.829082 -0.183821
0.803571 -0.1853
0.806122 -0.185186
0.772959 -0.184894
0.803571 -0.185642
0.752551 -0.187853
0.75 -0.189354
0.793367 -0.192307
0.808673 -0.194257
0.798469 -0.19754
0.82398 -0.200268
0.780612 -0.203421
0.757653 -0.205962
0.729592 -0.209929
0.737245 -0.213573
0.734694 -0.215789
0.727041 -0.21826
0.716837 -0.221074
0.770408 -0.226482
0.836735 -0.233758
0.836735 -0.23954
0.839286 -0.24671
0.864796 -0.252404
0.829082 -0.255889
0.846939 -0.261125
0.834184 -0.265756
0.811224 -0.269167
0.821429 -0.274733
0.836735 -0.27691
0.795918 -0.276666
0.798469 -0.274684
0.808673 -0.271814
0.806122 -0.268531
0.790816 -0.265973
0.793367 -0.263975
0.793367 -0.261961
0.811224 -0.261005
0.818878 -0.261262
0.829082 -0.263768
0.834184 -0.266717
0.857143 -0.269237
0.867347 -0.26873
0.846939 -0.268451
0.829082 -0.267533
0.846939 -0.266278
0.798469 -0.265004
0.785714 -0.261311
0.788265 -0.254731
0.780612 -0.247337
0.770408 -0.241211
0.742347 -0.234824
0.744898 -0.228642
0.788265 -0.221035
0.793367 -0.211986
0.811224 -0.204632
0.793367 -0.198285
0.795918 -0.191139
0.762755 -0.184402
0.790816 -0.176626
0.772959 -0.168621
0.798469 -0.160633
0.803571 -0.15444
0.783163 -0.148423
0.75 -0.143799
0.691327 -0.139645
0.701531 -0.131808
0.69898 -0.125731
0.739796 -0.121733
0.727041 -0.11957
0.747449 -0.118852
0.778061 -0.1159
0.772959 -0.115295
0.826531 -0.113076
0.818878 -0.110952
0.836735 -0.108862
0.783163 -0.10809
0.831633 -0.105924
0.826531 -0.107603
0.821429 -0.108593
0.872449 -0.105634
0.826531 -0.105227
0.829082 -0.105642
0.803571 -0.105262
0.816327 -0.107201
0.795918 -0.110842
0.75 -0.111525
0.77551 -0.110875
0.732143 -0.111456
0.760204 -0.111054
0.744898 -0.111289
0.727041 -0.109871
0.668367 -0.106733
0.663265 -0.10312
0.691327 -0.100684
0.709184 -0.101045
0.704082 -0.101852
0.719388 -0.102872
0.696429 -0.106198
0.693878 -0.111184
0.704082 -0.113939
0.767857 -0.115777
0.788265 -0.119162
0.772959 -0.120764
0.818878 -0.121724
0.803571 -0.125932
0.798469 -0.130702
0.739796 -0.133477
0.747449 -0.136247
0.788265 -0.138483
0.752551 -0.137558
0.747449 -0.136483
0.739796 -0.136358
0.755102 -0.134758
0.729592 -0.133161
0.744898 -0.126
0.788265 -0.119612
0.793367 -0.113064
0.785714 -0.102818
0.790816 -0.0927567
0.785714 -0.0826019
0.84949 -0.0715651
0.790816 -0.0624045
0.806122 -0.0539089
0.846939 -0.0451351
0.82398 -0.0372977
0.857143 -0.0323711
0.890306 -0.027285
0.903061 -0.0247074
0.877551 -0.0215252
0.859694 -0.0172882
0.841837 -0.0164009
0.785714 -0.016207
0.795918 -0.0138567
0.798469 -0.0138782
0.785714 -0.0121216
0.811224 -0.0104178
0.869898 -0.0115464
0.818878 -0.00952757
0.798469 -0.00746287
0.803571 -0.00555904
0.836735 -0.00409754
0.834184 -0.00373365
0.811224 -0.0030187
0.826531 -0.0014822
0.793367 0.00280914
0.813776 0.00581873
0.813776 0.00798342
0.783163 0.012038
0.742347 0.0137731
0.721939 0.0166978
0.732143 0.0186804
0.660714 0.0223347
0.660714 0.0268369
0.617347 0.0298269
0.607143 0.0314986
0.563776 0.0347338
0.563776 0.0360482
0.556122 0.0405982
0.540816 0.0430164
0.533163 0.040579
0.563776 0.0356984
0.57398 0.033764
0.596939 0.0318456
0.602041 0.0308453
0.571429 0.0299933
0.533163 0.0300272
0.459184 0.0301555
0.482143 0.029321
0.415816 0.0305635
0.44898 0.0323048
0.494898 0.0337643
0.443878 0.0346331
0.385204 0.0372101
0.390306 0.0402513
0.42602 0.0418401
0.47449 0.0437386
0.479592 0.0429199
0.451531 0.0464885
0.497449 0.0492083
0.545918 0.0486759
0.477041 0.0477851
0.469388 0.0447886
0.469388 0.0436952
0.466837 0.0432773
0.471939 0.0448287
0.535714 0.0434552
0.471939 0.040598
0.443878 0.0350663
0.487245 0.0319463
0.497449 0.0298746
0.566327 0.0304893
0.581633 0.0314149
0.591837 0.0326549
0.637755 0.0353619
0.640306 0.0407186
0.627551 0.0487614
0.619898 0.056649
0.604592 0.0655471
0.602041 0.0727614
0.589286 0.0800781
0.607143 0.087746
0.571429 0.0930718
0.586735 0.098046
0.596939 0.101883
0.65051 0.106707
0.668367 0.11362
0.658163 0.119759
0.642857 0.122049
0.663265 0.12064
0.658163 0.118101
0.635204 0.113148
0.617347 0.109416
0.67602 0.109302
0.691327 0.108542
0.670918 0.108087
0.642857 0.106858
0.596939 0.107624
0.622449 0.111671
0.665816 0.115502
0.678571 0.118588
0.69898 0.11861
0.670918 0.118925
0.645408 0.118654
0.581633 0.118931
0.579082 0.119007
0.596939 0.118301
0.558673 0.117739
0.558673 0.115726
0.596939 0.116509
0.59949 0.118458
0.594388 0.119543
0.558673 0.124357
0.589286 0.132259
0.579082 0.139432
0.594388 0.144504
0.607143 0.15233
0.619898 0.157557
0.607143 0.163422
0.581633 0.16835
0.556122 0.173199
0.579082 0.178842
0.584184 0.179893
0.59949 0.180045
0.612245 0.182398
0.630102 0.186035
0.640306 0.189485
0.607143 0.192928
0.576531 0.192572
0.548469 0.188192
0.522959 0.187851
0.556122 0.185951
0.579082 0.183076
0.596939 0.184204
0.594388 0.182688
0.558673 0.177907
0.632653 0.172845
0.617347 0.168959
0.59949 0.166357
0.607143 0.165192
0.591837 0.164858
0.553571 0.164691
0.596939 0.16399
0.614796 0.16175
0.622449 0.159845
0.642857 0.156319
0.67602 0.148595
0.642857 0.145246
0.625 0.141563
0.619898 0.135885
0.607143 0.131933
0.607143 0.12767
0.619898 0.120716
0.630102 0.115508
0.678571 0.110155
0.640306 0.10552
0.622449 0.106201
0.660714 0.104648
0.686224 0.103962
0.663265 0.103613
0.716837 0.106765
0.670918 0.108194
0.706633 0.109269
0.75 0.107693
0.739796 0.104094
0.696429 0.0992494
0.655612 0.0918048
0.658163 0.0873827
0.59949 0.084239
0.670918 0.0822786
0.670918 0.0820242
0.686224 0.0829915
0.704082 0.0851694
0.704082 0.0856317
0.696429 0.0891122
0.678571 0.0876882
0.683673 0.0848813
0.75 0.079664
0.683673 0.0725474
0.642857 0.064598
0.663265 0.0573107
0.678571 0.0520149
0.632653 0.0494035
0.635204 0.0456966
0.673469 0.0399477
0.696429 0.0346794
0.747449 0.0278136
0.760204 0.0206103
0.752551 0.01041
0.77551 0.00246822
0.783163 -0.00443086
0.818878 -0.00818645
0.818878 -0.0114719
0.821429 -0.0131071
0.811224 -0.0135074
0.767857 -0.0162811
0.752551 -0.0186335
0.767857 -0.0182323
0.783163 -0.0180143
0.711735 -0.0151326
0.678571 -0.0115297
0.673469 -0.0103658
0.673469 -0.00897912
0.622449 -0.0108603
0.658163 -0.0108945
0.635204 -0.00759643
0.596939 -0.00623619
0.607143 -0.00747331
0.67602 -0.00967084
0.701531 -0.0121136
0.747449 -0.0146337
0.772959 -0.0155052
0.778061 -0.0197009
0.82398 -0.0238755
0.831633 -0.0277311
0.829082 -0.0330815
0.790816 -0.0334965
0.790816 -0.0334736
0.785714 -0.0326538
0.772959 -0.0313141
0.778061 -0.0274922
0.752551 -0.0229086
0.739796 -0.0174529
0.691327 -0.0126064
0.714286 -0.00845322
0.729592 -0.0018175
0.744898 0.00338619
0.780612 0.00926123
0.760204 0.0169181
0.816327 0.0255156
0.816327 0.0326164
0.813776 0.0359684
0.836735 0.0386159
0.831633 0.0415899
0.818878 0.0435219
0.816327 0.0429946
0.803571 0.0412045
0.785714 0.0376354
0.772959 0.0349879
0.788265 0.0312177
0.770408 0.0284508
0.770408 0.0249706
0.762755 0.0221232
0.737245 0.0205716
0.729592 0.0212417
0.742347 0.0244735
0.757653 0.0243839
0.762755 0.0247389
0.783163 0.026322
0.752551 0.0269838
0.755102 0.0303907
0.770408 0.0329994
0.716837 0.0329984
0.75 0.0324834
0.783163 0.0271983
0.785714 0.0227765
0.772959 0.0223902
0.778061 0.0231061
0.82398 0.0219577
0.839286 0.02061
0.854592 0.0182897
0.841837 0.0144516
0.834184 0.00818741
0.875 0.00464732
0.864796 -0.000450461
0.844388 -0.00101582
0.890306 -0.00199147
0.869898 -0.00277263
0.867347 -0.00350257
0.895408 -0.00572894
0.872449 -0.0051679
0.882653 -0.00416563
0.892857 -0.00144304
0.875 -0.000170374
0.839286 -0.00377232
0.844388 -0.00785478
0.895408 -0.0134745
0.834184 -0.0148271
0.82398 -0.012659
0.808673 -0.0132039
0.816327 -0.0136108
0.818878 -0.0166666
0.75 -0.0235301
0.719388 -0.0318671
0.737245 -0.0391009
0.744898 -0.0453413
0.732143 -0.0515039
0.739796 -0.0593395
0.755102 -0.0668834
0.806122 -0.0745448
0.818878 -0.0809796
0.811224 -0.0874802
0.829082 -0.0939055
0.826531 -0.100723
0.854592 -0.104566
0.793367 -0.111988
0.803571 -0.1178
0.877551 -0.124371
0.887755 -0.131716
0.862245 -0.138192
0.834184 -0.142792
0.844388 -0.148163
0.857143 -0.150916
0.836735 -0.15155
0.793367 -0.149951
0.762755 -0.150872
0.783163 -0.151273
0.834184 -0.148435
0.826531 -0.145691
0.852041 -0.141197
0.834184 -0.139552
0.875 -0.137929
0.841837 -0.132362
0.872449 -0.128451
0.875 -0.123454
0.890306 -0.119703
0.897959 -0.122253
0.862245 -0.122264
0.829082 -0.122961
0.826531 -0.125096
0.867347 -0.125922
0.826531 -0.131205
0.821429 -0.135055
0.816327 -0.140174
0.829082 -0.150066
0.852041 -0.155516
0.834184 -0.160368
0.806122 -0.166762
0.867347 -0.17583
0.834184 -0.184221
0.862245 -0.191253
0.852041 -0.192899
0.872449 -0.193639
0.869898 -0.194687
0.839286 -0.195216
0.836735 -0.19562
0.854592 -0.194578
0.829082 -0.190519
0.82398 -0.187683
0.818878 -0.185875
0.790816 -0.178674
0.790816 -0.173226
0.795918 -0.170521
0.783163 -0.171081
0.818878 -0.171018
0.852041 -0.169187
0.846939 -0.164765
0.862245 -0.164066
0.846939 -0.162274
0.811224 -0.162436
0.831633 -0.167248
0.808673 -0.167081
0.765306 -0.164804
0.806122 -0.16389
0.798469 -0.159831
0.821429 -0.15837
0.846939 -0.157382
0.852041 -0.156261
0.846939 -0.1493
0.875 -0.139823
0.885204 -0.125696
0.867347 -0.114392
0.857143 -0.104129
0.885204 -0.091779
0.890306 -0.0797875
0.872449 -0.0705945
0.857143 -0.0589334
0.852041 -0.0498061
0.836735 -0.0447746
0.80102 -0.0399349
0.839286 -0.035026
0.82398 -0.0279405
0.839286 -0.020114
0.82398 -0.0132724
0.834184 -0.00557103
0.826531 0.00207927
0.862245 0.00923701
0.872449 0.0149457
0.854592 0.0251908
0.869898 0.0362914
0.885204 0.0421514
0.867347 0.0481606
0.882653 0.0517307
0.890306 0.0562048
0.890306 0.0593146
0.890306 0.0600305
0.869898 0.0593531
0.857143 0.0585757
0.869898 0.0621496
0.84949 0.0637234
0.834184 0.0651815
0.852041 0.068099
0.841837 0.0723184
0.831633 0.0786871
0.80102 0.0856113
0.742347 0.0919551
0.747449 0.0963133
0.772959 0.103092
0.826531 0.108367
0.829082 0.114815
0.818878 0.124696
0.829082 0.131743
0.813776 0.139343
0.760204 0.148089
0.803571 0.156815
0.806122 0.162845
0.778061 0.165678
0.816327 0.166982
0.767857 0.162743
0.767857 0.160058
0.714286 0.154672
0.762755 0.146972
0.826531 0.141475
0.816327 0.131025
0.795918 0.121695
0.755102 0.111534
0.77551 0.103542
0.770408 0.0970516
0.80102 0.0899548
0.821429 0.0814871
0.808673 0.0753197
0.793367 0.0684112
0.778061 0.0613152
0.80102 0.0562286
0.778061 0.0540145
0.806122 0.0536543
0.780612 0.0515984
0.808673 0.0511179
0.839286 0.0481868
0.831633 0.0437332
0.877551 0.0368667
0.890306 0.0268319
0.882653 0.0179187
0.895408 0.00138601
0.84949 -0.0116308
0.84949 -0.025405
0.831633 -0.0417899
0.829082 -0.0513075
0.780612 -0.0584889
0.760204 -0.068386
0.783163 -0.0795073
0.762755 -0.0929379
0.785714 -0.106438
0.742347 -0.113919
0.72449 -0.119653
0.719388 -0.126585
0.691327 -0.12734
0.673469 -0.125192
0.670918 -0.123639
0.665816 -0.11629
0.663265 -0.109713
0.655612 -0.101789
0.632653 -0.0939287
0.668367 -0.0872255
0.678571 -0.0838751
0.65051 -0.0804993
0.655612 -0.077603
0.632653 -0.0714971
0.681122 -0.0630856
0.716837 -0.0565113
0.778061 -0.0495178
0.77551 -0.0466392
0.793367 -0.044654
0.803571 -0.0417934
0.852041 -0.0392685
0.869898 -0.0415411
0.867347 -0.0382386
0.867347 -0.0328645
0.857143 -0.030921
0.829082 -0.0271332
0.836735 -0.0248193
0.834184 -0.0218761
0.806122 -0.0166765
0.806122 -0.0161348
0.834184 -0.0177848
0.844388 -0.0141168
0.834184 -0.0104322
0.841837 -0.00999708
0.829082 -0.00950319
0.798469 -0.0101374
0.813776 -0.0124258
0.757653 -0.0150535
0.693878 -0.0148706
0.670918 -0.0116896
0.668367 -0.00457483
0.72449 0.00301787
0.704082 0.0149737
0.714286 0.0231086
0.762755 0.0276574
0.755102 0.0375038
0.772959 0.0480558
0.780612 0.0586238
0.813776 0.0701253
0.826531 0.0794979
0.841837 0.0849655
0.841837 0.0909268
0.854592 0.0939671
0.811224 0.0960536
0.803571 0.100049
0.834184 0.0986156
0.772959 0.0941084
0.739796 0.0941222
0.744898 0.0911143
0.77551 0.0849635
0.80102 0.0786279
0.803571 0.0793295
0.772959 0.0826275
0.778061 0.0879018
0.846939 0.0895491
0.77551 0.0915773
0.780612 0.0968791
0.793367 0.1054
0.772959 0.112482
0.790816 0.122991
0.798469 0.130725
0.798469 0.135914
0.80102 0.140958
0.821429 0.144969
0.811224 0.156797
0.818878 0.162169
0.829082 0.164946
0.790816 0.165792
0.757653 0.163944
0.785714 0.162574
0.755102 0.15858
0.765306 0.15573
0.780612 0.152002
0.811224 0.149852
0.785714 0.148085
0.818878 0.151784
0.836735 0.149657
0.836735 0.147509
0.831633 0.143288
0.772959 0.141196
0.811224 0.143047
0.829082 0.144063
0.862245 0.141755
0.882653 0.136791
0.84949 0.131942
0.84949 0.125643
0.803571 0.129156
0.793367 0.128199
0.831633 0.127683
0.854592 0.123164
0.836735 0.121863
0.82398 0.123079
0.816327 0.125049
0.826531 0.126384
0.816327 0.122825
0.821429 0.118067
0.803571 0.115195
0.806122 0.117154
0.778061 0.120558
0.795918 0.116797
0.788265 0.111745
0.82398 0.110411
0.808673 0.109068
0.80102 0.104093
0.772959 0.0953901
0.744898 0.0878031
0.739796 0.0836903
0.696429 0.0756527
0.72449 0.0728014
0.729592 0.0689003
0.742347 0.0618087
0.744898 0.0551783
0.762755 0.0446538
0.69898 0.0289121
0.727041 0.0179182
0.683673 0.00443994
0.665816 -0.00588685
0.673469 -0.011329
0.635204 -0.0134038
0.65051 -0.00867196
0.625 -0.00447609
0.665816 -0.00749078
0.696429 -0.0151756
0.681122 -0.0228193
0.742347 -0.0265834
0.729592 -0.0302751
0.721939 -0.0343542
0.739796 -0.0327338
0.732143 -0.0391411
0.721939 -0.0459205
0.721939 -0.0480588
0.691327 -0.0495615
0.721939 -0.0521158
0.716837 -0.0517709
0.721939 -0.0571895
0.719388 -0.0584431
0.739796 -0.0585174
0.719388 -0.0636793
0.737245 -0.0611217
0.739796 -0.0529757
0.681122 -0.0502437
0.619898 -0.0492719
0.612245 -0.0399794
0.660714 -0.0315791
0.655612 -0.017252
0.655612 -0.0034042
0.665816 0.00427933
0.719388 0.00975744
0.765306 0.0151163
0.72449 0.0228476
0.711735 0.0337016
0.752551 0.0394604
0.744898 0.043022
0.757653 0.0462141
0.75 0.0364373
0.790816 0.0361874
0.798469 0.0392699
0.834184 0.0346758
0.834184 0.0291759
0.834184 0.0195179
0.836735 0.0117492
0.852041 0.00800628
0.862245 0.00384589
0.882653 -0.0130926
0.854592 -0.0237501
0.84949 -0.0302994
0.862245 -0.0332869
0.831633 -0.037039
0.841837 -0.0417636
0.839286 -0.0437813
0.84949 -0.0372769
0.844388 -0.0398641
0.84949 -0.0361912
0.841837 -0.0388059
0.788265 -0.0494153
0.767857 -0.0550525
0.739796 -0.0565687
0.77551 -0.0488926
0.795918 -0.03425
0.785714 -0.0339016
0.767857 -0.0405795
0.767857 -0.0400976
0.72449 -0.0409498
0.719388 -0.0329833
0.755102 -0.0243847
0.798469 -0.0178881
0.834184 -0.0142271
0.765306 -0.0107026
0.795918 -0.00458418
0.793367 0.00444333
0.857143 0.0199211
0.869898 0.0210085
0.857143 0.0254685
0.826531 0.0272618
0.846939 0.0335491
0.834184 0.032678
0.836735 0.0253692
0.867347 0.0214212
0.867347 0.0208265
0.84949 0.0240745
0.829082 0.0302118
0.80102 0.0269408
0.80102 0.0196202
0.834184 0.0303606
0.816327 0.0223249
0.821429 0.0106331
0.882653 0.0172946
0.875 0.00904013
0.872449 0.00225925
0.846939 0.00355146
0.818878 -0.000518966
0.84949 0.0137698
0.852041 0.0146211
0.854592 0.00499268
0.816327 0.0115952
0.826531 0.0224894
0.869898 0.0185404
0.834184 0.0139795
0.834184 0.0110317
0.844388 0.00597114
0.839286 0.00590663
0.811224 -0.000526866
0.821429 0.00325954
0.808673 0.00491741
0.808673 0.00280995
0.803571 0.00210746
0.783163 0
