0.719388 1
0.721939 0.984653
0.732143 0.971064
0.714286 0.95843
0.72449 0.947445
0.729592 0.937004
0.69898 0.927439
0.69898 0.918366
0.673469 0.909868
0.670918 0.901539
0.709184 0.893438
0.69898 0.88524
0.72449 0.877773
0.709184 0.87061
0.683673 0.862393
0.640306 0.854124
0.665816 0.845337
0.709184 0.836799
0.721939 0.828849
0.688776 0.821059
0.701531 0.813363
0.693878 0.805774
0.658163 0.797936
0.752551 0.79103
0.737245 0.783969
0.704082 0.777045
0.663265 0.770062
0.609694 0.763375
0.596939 0.756829
0.612245 0.750624
0.640306 0.744647
0.681122 0.738621
0.72449 0.732175
0.765306 0.726454
0.765306 0.720097
0.739796 0.71458
0.744898 0.70883
0.72449 0.70361
0.770408 0.698079
0.755102 0.693012
0.798469 0.687605
0.752551 0.682535
0.732143 0.677919
0.765306 0.672855
0.762755 0.668241
0.734694 0.663568
0.72449 0.659187
0.681122 0.654494
0.686224 0.649691
0.704082 0.644397
0.783163 0.639231
0.770408 0.634276
0.765306 0.629917
0.747449 0.625671
0.762755 0.621759
0.72449 0.617186
0.701531 0.612354
0.640306 0.607302
0.622449 0.602585
0.625 0.597731
0.596939 0.592946
0.558673 0.587801
0.548469 0.582806
0.563776 0.57848
0.576531 0.574249
0.604592 0.570146
0.558673 0.565344
0.548469 0.56104
0.576531 0.557126
0.607143 0.552986
0.625 0.549193
0.617347 0.544991
0.589286 0.540913
0.625 0.536705
0.642857 0.532714
0.609694 0.528739
0.617347 0.524501
0.609694 0.520376
0.635204 0.51622
0.596939 0.512095
0.553571 0.508697
0.568878 0.504727
0.622449 0.50091
0.596939 0.496961
0.522959 0.493263
0.507653 0.489383
0.497449 0.485593
0.535714 0.482829
0.543367 0.479968
0.454082 0.476743
0.446429 0.472886
0.494898 0.468801
0.561224 0.463742
0.581633 0.459241
0.632653 0.45469
0.678571 0.44949
0.688776 0.445028
0.655612 0.441528
0.72449 0.438667
0.688776 0.435888
0.665816 0.433539
0.721939 0.43049
0.739796 0.427255
0.670918 0.424286
0.607143 0.421785
0.619898 0.419532
0.619898 0.417725
0.673469 0.415545
0.65051 0.412847
0.655612 0.409797
0.660714 0.407577
0.596939 0.405539
0.65051 0.40375
0.625 0.40163
0.622449 0.399366
0.617347 0.39626
0.561224 0.393575
0.591837 0.390687
0.637755 0.388052
0.622449 0.386215
0.635204 0.384195
0.647959 0.382309
0.65051 0.380209
0.653061 0.378178
0.688776 0.376465
0.704082 0.374138
0.696429 0.372092
0.701531 0.369985
0.719388 0.368391
0.716837 0.366877
0.75 0.365386
0.762755 0.364138
0.818878 0.362849
0.821429 0.361134
0.818878 0.358695
0.788265 0.356226
0.742347 0.353802
0.727041 0.351969
0.737245 0.350513
0.77551 0.348805
0.793367 0.34665
0.788265 0.344544
0.836735 0.343193
0.834184 0.341934
0.803571 0.340258
0.818878 0.338684
0.859694 0.337362
0.821429 0.335184
0.813776 0.332729
0.806122 0.330193
0.798469 0.327269
0.798469 0.32473
0.808673 0.322649
0.808673 0.320615
0.77551 0.31839
0.816327 0.315962
0.841837 0.313783
0.875 0.312214
0.877551 0.311114
0.857143 0.309938
0.836735 0.309012
0.839286 0.307569
0.852041 0.306257
0.836735 0.304976
0.826531 0.303875
0.821429 0.302595
0.862245 0.301959
0.84949 0.301125
0.811224 0.300334
0.790816 0.298722
0.808673 0.297211
0.829082 0.295506
0.803571 0.293786
0.788265 0.292435
0.770408 0.291729
0.742347 0.291191
0.729592 0.290322
0.706633 0.29013
0.65051 0.289704
0.622449 0.289083
0.612245 0.288399
0.640306 0.287494
0.65051 0.286582
0.665816 0.285692
0.678571 0.284983
0.663265 0.284205
0.683673 0.284137
0.693878 0.284731
0.658163 0.285351
0.67602 0.286034
0.622449 0.286675
0.586735 0.287329
0.515306 0.288341
0.576531 0.289208
0.594388 0.290059
0.579082 0.290561
0.602041 0.290185
0.576531 0.290425
0.591837 0.290814
0.540816 0.290631
0.612245 0.290854
0.614796 0.290815
0.607143 0.291515
0.566327 0.291202
0.545918 0.29142
0.571429 0.291299
0.589286 0.290799
0.607143 0.290391
0.581633 0.290503
0.602041 0.290039
0.586735 0.290417
0.594388 0.290345
0.604592 0.291532
0.612245 0.292152
0.625 0.292592
0.665816 0.292756
0.67602 0.293064
0.683673 0.292771
0.645408 0.2922
0.627551 0.291791
0.663265 0.291334
0.693878 0.290838
0.688776 0.290516
0.696429 0.290623
0.670918 0.291062
0.660714 0.29155
0.660714 0.291772
0.653061 0.292507
0.660714 0.29388
0.696429 0.294958
0.696429 0.295226
0.704082 0.296394
0.673469 0.297546
0.696429 0.297659
0.678571 0.297468
0.630102 0.297838
0.630102 0.298412
0.604592 0.2986
0.586735 0.298513
0.609694 0.298136
0.625 0.298695
0.622449 0.299867
0.612245 0.300596
0.614796 0.301698
0.663265 0.303253
0.696429 0.305218
0.69898 0.307171
0.635204 0.30978
0.670918 0.310857
0.729592 0.31201
0.716837 0.312763
0.658163 0.312976
0.688776 0.31359
0.668367 0.314019
0.696429 0.314087
0.711735 0.314864
0.72449 0.31464
0.693878 0.314243
0.72449 0.314187
0.714286 0.314118
0.711735 0.313833
0.783163 0.313612
0.765306 0.313861
0.729592 0.313606
0.732143 0.313158
0.744898 0.313302
0.734694 0.313495
0.732143 0.313384
0.711735 0.313445
0.727041 0.313026
0.734694 0.312639
0.716837 0.312703
0.785714 0.311798
0.80102 0.31092
0.818878 0.3109
0.829082 0.31099
0.778061 0.31053
0.734694 0.308738
0.77551 0.306859
0.706633 0.305491
0.660714 0.30455
0.647959 0.303845
0.665816 0.304476
0.693878 0.30457
0.765306 0.304479
0.780612 0.30439
0.839286 0.304009
0.859694 0.303534
0.857143 0.303241
0.826531 0.302997
0.821429 0.302547
0.772959 0.30212
0.778061 0.302537
0.69898 0.302695
0.737245 0.302403
0.742347 0.302194
0.727041 0.302159
0.72449 0.302148
0.706633 0.302169
0.693878 0.301363
0.714286 0.300796
0.714286 0.300223
0.668367 0.299883
0.612245 0.299854
0.604592 0.299294
0.563776 0.299055
0.522959 0.299334
0.586735 0.300443
0.571429 0.301339
0.584184 0.301694
0.515306 0.302643
0.497449 0.303206
0.507653 0.303566
0.561224 0.303716
0.545918 0.30445
0.517857 0.305155
0.466837 0.305676
0.492347 0.305639
0.522959 0.306322
0.489796 0.307208
0.5 0.308415
0.44898 0.310013
0.428571 0.310906
0.464286 0.311462
0.431122 0.311782
0.446429 0.312686
0.479592 0.31317
0.538265 0.313713
0.502551 0.314691
0.512755 0.315948
0.438776 0.317324
0.456633 0.318488
0.464286 0.319919
0.44898 0.321202
0.461735 0.322764
0.380102 0.325258
0.390306 0.327
0.431122 0.328065
0.479592 0.329032
0.507653 0.329428
0.510204 0.330185
0.477041 0.330513
0.423469 0.331076
0.377551 0.33086
0.408163 0.331322
0.497449 0.331848
0.566327 0.333055
0.538265 0.333984
0.497449 0.3343
0.540816 0.333927
0.505102 0.334067
0.44898 0.334464
0.520408 0.334923
0.568878 0.335154
0.581633 0.334655
0.543367 0.334667
0.517857 0.33444
0.510204 0.334264
0.586735 0.333691
0.630102 0.33427
0.670918 0.334703
0.706633 0.334676
0.727041 0.334933
0.719388 0.335256
0.719388 0.335147
0.727041 0.335107
0.742347 0.334919
0.711735 0.334564
0.681122 0.333866
0.647959 0.333266
0.645408 0.332377
0.655612 0.331172
0.627551 0.329707
0.655612 0.328376
0.663265 0.326956
0.653061 0.325485
0.704082 0.324026
0.714286 0.322724
0.721939 0.321679
0.75 0.320219
0.721939 0.318416
0.742347 0.316242
0.711735 0.314167
0.706633 0.312251
0.765306 0.310217
0.744898 0.307705
0.732143 0.305401
0.721939 0.303639
0.734694 0.301691
0.770408 0.300266
0.757653 0.298818
0.727041 0.297489
0.729592 0.296269
0.742347 0.294499
0.734694 0.292917
0.716837 0.291188
0.737245 0.288885
0.752551 0.286588
0.752551 0.284317
0.755102 0.282557
0.721939 0.28014
0.716837 0.27803
0.721939 0.275645
0.770408 0.273712
0.747449 0.271403
0.780612 0.26948
0.839286 0.267185
0.785714 0.26546
0.765306 0.263397
0.762755 0.261912
0.727041 0.260709
0.681122 0.25874
0.732143 0.256165
0.785714 0.25384
0.82398 0.252651
0.798469 0.252092
0.765306 0.250237
0.80102 0.248024
0.808673 0.245595
0.783163 0.242884
0.788265 0.240729
0.752551 0.239001
0.744898 0.237845
0.721939 0.236281
0.665816 0.235174
0.716837 0.233126
0.647959 0.230713
0.614796 0.228256
0.647959 0.225849
0.637755 0.223955
0.642857 0.221517
0.622449 0.218821
0.609694 0.215866
0.665816 0.213122
0.630102 0.210062
0.630102 0.207694
0.548469 0.20558
0.558673 0.203178
0.538265 0.199904
0.563776 0.197136
0.545918 0.194853
0.530612 0.191835
0.530612 0.18901
0.540816 0.185498
0.556122 0.182436
0.59949 0.179684
0.566327 0.176996
0.571429 0.173747
0.591837 0.170204
0.586735 0.16805
0.571429 0.165991
0.512755 0.163473
0.489796 0.160423
0.497449 0.158221
0.510204 0.155292
0.487245 0.152537
0.415816 0.149582
0.436224 0.148068
0.484694 0.146577
0.441327 0.145189
0.464286 0.144359
0.487245 0.143701
0.545918 0.143794
0.57398 0.143576
0.586735 0.143938
0.655612 0.143392
0.67602 0.142763
0.737245 0.142362
0.709184 0.14207
0.757653 0.141557
0.719388 0.140676
0.760204 0.139501
0.734694 0.138734
0.755102 0.138534
0.75 0.138121
0.765306 0.136846
0.785714 0.1357
0.788265 0.134433
0.813776 0.133542
0.857143 0.133268
0.854592 0.133136
0.80102 0.133019
0.826531 0.132277
0.829082 0.130942
0.788265 0.129356
0.806122 0.127468
0.780612 0.125488
0.75 0.12416
0.719388 0.123017
0.665816 0.121298
0.69898 0.119337
0.614796 0.117365
0.704082 0.115934
0.69898 0.114693
0.696429 0.113254
0.701531 0.11222
0.681122 0.111091
0.714286 0.110208
0.693878 0.108897
0.69898 0.10793
0.653061 0.106408
0.653061 0.104776
0.678571 0.103138
0.721939 0.101868
0.747449 0.100683
0.77551 0.0999979
0.767857 0.0991619
0.780612 0.0978609
0.760204 0.0972439
0.75 0.0968611
0.721939 0.0959251
0.747449 0.0951621
0.709184 0.094252
0.716837 0.093378
0.732143 0.0924957
0.668367 0.0922585
0.653061 0.0915503
0.627551 0.0911758
0.59949 0.0902092
0.561224 0.0887487
0.553571 0.0875181
0.543367 0.0869202
0.609694 0.0853437
0.653061 0.084369
0.658163 0.0834432
0.681122 0.0825558
0.665816 0.0816023
0.665816 0.0805224
0.673469 0.0791606
0.663265 0.0785155
0.630102 0.0775525
0.678571 0.0761927
0.704082 0.0747506
0.785714 0.0722682
0.785714 0.0700185
0.757653 0.0678359
0.711735 0.0658301
0.737245 0.0641274
0.767857 0.0627522
0.780612 0.061572
0.757653 0.0606403
0.739796 0.0597349
0.767857 0.0589924
0.783163 0.0579418
0.793367 0.057392
0.721939 0.0569157
0.770408 0.0562797
0.770408 0.0555891
0.760204 0.0546995
0.788265 0.0534518
0.770408 0.052724
0.841837 0.0520938
0.867347 0.0514754
0.816327 0.0506539
0.780612 0.0503937
0.803571 0.0496288
0.808673 0.0491634
0.84949 0.0493605
0.798469 0.049428
0.818878 0.0488208
0.854592 0.0478074
0.836735 0.0476433
0.834184 0.0467481
0.839286 0.0466371
0.816327 0.0458953
0.821429 0.0449216
0.813776 0.0438755
0.788265 0.0430637
0.818878 0.0419426
0.834184 0.0418334
0.818878 0.0416668
0.829082 0.0409289
0.818878 0.0395934
0.821429 0.0379138
0.852041 0.0360015
0.885204 0.0344633
0.862245 0.0326745
0.885204 0.0308748
0.818878 0.0296609
0.821429 0.0287826
0.798469 0.0272677
0.82398 0.0261083
0.834184 0.0252735
0.818878 0.0250461
0.790816 0.0247859
0.760204 0.0244965
0.772959 0.0238498
0.757653 0.0227158
0.77551 0.0211912
0.686224 0.0201107
0.711735 0.0195115
0.691327 0.0188502
0.696429 0.0180603
0.706633 0.017598
0.701531 0.0181185
0.665816 0.0185866
0.678571 0.019409
0.714286 0.0195394
0.760204 0.0191019
0.783163 0.0186165
0.803571 0.0184441
0.80102 0.0177215
0.783163 0.0159366
0.727041 0.0147387
0.691327 0.0139274
0.696429 0.0132454
0.67602 0.013247
0.701531 0.0133628
0.727041 0.0133702
0.755102 0.0130599
0.716837 0.01303
0.780612 0.0133581
0.77551 0.0134295
0.829082 0.0139725
0.836735 0.0142911
0.829082 0.0144076
0.867347 0.0147763
0.846939 0.0155757
0.844388 0.0157515
0.839286 0.0160852
0.844388 0.0163249
0.877551 0.0162617
0.857143 0.0161344
0.864796 0.0152911
0.897959 0.0142092
0.90051 0.0124439
0.867347 0.011592
0.834184 0.011948
0.859694 0.012057
0.880102 0.0123085
0.844388 0.0128687
0.852041 0.0139091
0.821429 0.0145494
0.808673 0.0151904
0.75 0.0151412
0.762755 0.0152632
0.744898 0.0152554
0.77551 0.0157948
0.772959 0.0159949
0.798469 0.0167672
0.765306 0.0175284
0.755102 0.0179169
0.737245 0.0186232
0.69898 0.019339
0.693878 0.0202595
0.688776 0.0207415
0.681122 0.0204421
0.658163 0.0195389
0.637755 0.0187432
0.670918 0.0176199
0.732143 0.0168006
0.701531 0.0161172
0.732143 0.0156516
0.77551 0.0149944
0.747449 0.0140685
0.727041 0.0131364
0.665816 0.0121629
0.640306 0.0112084
0.594388 0.0103683
0.625 0.00896427
0.647959 0.00755293
0.673469 0.00666078
0.668367 0.0057326
0.658163 0.0049663
0.653061 0.00400135
0.627551 0.00409354
0.602041 0.00393208
0.625 0.00379163
0.627551 0.00326764
0.57398 0.00273103
0.59949 0.00276972
0.635204 0.00264849
0.653061 0.00340107
0.602041 0.00366823
0.581633 0.00446793
0.59949 0.00545428
0.581633 0.0064768
0.556122 0.0077088
0.52551 0.00882456
0.535714 0.00899302
0.52551 0.00986606
0.535714 0.0111344
0.533163 0.0132996
0.589286 0.0153951
0.510204 0.0177329
0.479592 0.0200592
0.47449 0.02215
0.543367 0.0239961
0.538265 0.0254201
0.548469 0.0273833
0.512755 0.0290492
0.589286 0.0310401
0.594388 0.0326054
0.533163 0.0338266
0.494898 0.0351342
0.494898 0.036247
0.589286 0.0371267
0.581633 0.0381729
0.566327 0.039521
0.571429 0.0406527
0.548469 0.0420007
0.581633 0.0428949
0.571429 0.0435886
0.619898 0.0439603
0.65051 0.0448921
0.642857 0.0458103
0.678571 0.0470247
0.673469 0.0499453
0.739796 0.0518042
0.737245 0.0537232
0.757653 0.0551284
0.762755 0.0562746
0.747449 0.0568197
0.762755 0.0578374
0.760204 0.0583399
0.75 0.0590937
0.729592 0.0598594
0.716837 0.061025
0.732143 0.0621438
0.721939 0.0642472
0.727041 0.0665474
0.701531 0.0690388
0.670918 0.0712952
0.655612 0.0728257
0.719388 0.0741957
0.780612 0.0758832
0.744898 0.0772239
0.737245 0.0787597
0.701531 0.0795895
0.714286 0.0810998
0.747449 0.0814979
0.719388 0.081035
0.762755 0.0807266
0.737245 0.0809951
0.760204 0.0805683
0.765306 0.0804653
0.778061 0.0798604
0.841837 0.0795477
0.859694 0.0783334
0.854592 0.0772161
0.841837 0.0768083
0.834184 0.0754739
0.859694 0.0744076
0.877551 0.0731608
0.839286 0.0715028
0.818878 0.0703919
0.783163 0.068784
0.818878 0.066786
0.795918 0.0642326
0.829082 0.0617623
0.829082 0.0598326
0.813776 0.0585129
0.798469 0.0572851
0.806122 0.0561747
0.880102 0.0552195
0.90051 0.0546977
0.872449 0.0544311
0.859694 0.053492
0.872449 0.0529468
0.846939 0.0526918
0.831633 0.0523966
0.82398 0.0518466
0.780612 0.0513538
0.813776 0.0509648
0.818878 0.0505959
0.757653 0.0502301
0.704082 0.0495788
0.709184 0.0489612
0.706633 0.0484876
0.762755 0.0476217
0.709184 0.0469698
0.783163 0.0461836
0.767857 0.0453676
0.803571 0.0448274
0.767857 0.044284
0.739796 0.0439178
0.767857 0.0433577
0.739796 0.0428467
0.75 0.0419496
0.772959 0.0411018
0.785714 0.0397316
0.755102 0.0384957
0.798469 0.038275
0.752551 0.0380131
0.755102 0.0369673
0.831633 0.0361442
0.813776 0.0348163
0.795918 0.0331899
0.783163 0.0320417
0.783163 0.030159
0.798469 0.0283466
0.806122 0.0274132
0.806122 0.0261004
0.793367 0.0252979
0.826531 0.024171
0.839286 0.0232808
0.882653 0.0221897
0.867347 0.0217037
0.836735 0.0215619
0.862245 0.0207971
0.864796 0.0196486
0.834184 0.0188082
0.854592 0.0174696
0.875 0.0156513
0.890306 0.0139433
0.90051 0.0126338
0.908163 0.0121167
0.882653 0.0116054
0.857143 0.0112499
0.836735 0.0107044
0.826531 0.0103551
0.839286 0.0103601
0.778061 0.0097752
0.785714 0.00997624
0.770408 0.00968602
0.780612 0.00889308
0.77551 0.00848747
0.747449 0.00811663
0.765306 0.00710423
0.739796 0.00695495
0.734694 0.00708162
0.704082 0.00711006
0.630102 0.0069244
0.660714 0.00716616
0.625 0.00750532
0.642857 0.0071173
0.686224 0.00698357
0.65051 0.00724107
0.642857 0.00741855
0.655612 0.00713542
0.604592 0.00672366
0.630102 0.00660704
0.630102 0.00735608
0.645408 0.00696087
0.663265 0.0071443
0.660714 0.00793596
0.647959 0.00947186
0.622449 0.0106552
0.670918 0.0112735
0.681122 0.0121694
0.642857 0.013408
0.681122 0.0148537
0.67602 0.0158818
0.67602 0.0168576
0.663265 0.0176835
0.681122 0.0184766
0.696429 0.0194123
0.734694 0.0202904
0.719388 0.0218204
0.770408 0.0235327
0.778061 0.0249583
0.747449 0.0260867
0.752551 0.0270465
0.714286 0.0281784
0.67602 0.0287257
0.668367 0.0287123
0.658163 0.0287871
0.655612 0.0284811
0.594388 0.0282768
0.632653 0.0281994
0.558673 0.0278292
0.630102 0.0275704
0.67602 0.0271273
0.665816 0.0268996
0.645408 0.0263003
0.668367 0.0259323
0.678571 0.0258993
0.716837 0.0262486
0.762755 0.0260444
0.77551 0.0249004
0.80102 0.0234411
0.798469 0.0224961
0.831633 0.0213113
0.84949 0.0205197
0.846939 0.019486
0.798469 0.0188191
0.75 0.0186205
0.747449 0.0171953
0.77551 0.0150921
0.767857 0.0144367
0.770408 0.0135064
0.762755 0.0130889
0.765306 0.0122465
0.793367 0.0116425
0.813776 0.0118465
0.798469 0.0110202
0.841837 0.0108679
0.788265 0.0108276
0.77551 0.0111196
0.813776 0.0120541
0.806122 0.0121764
0.795918 0.0121876
0.762755 0.0118154
0.755102 0.0112917
0.719388 0.0107902
0.729592 0.0106026
0.747449 0.0107005
0.729592 0.0118605
0.744898 0.0127679
0.747449 0.0136969
0.729592 0.0141465
0.678571 0.0148903
0.637755 0.0163195
0.67602 0.0176218
0.67602 0.0193245
0.693878 0.0200188
0.640306 0.0202035
0.660714 0.0207239
0.704082 0.0210862
0.732143 0.0215269
0.670918 0.0219303
0.706633 0.0219904
0.686224 0.0215816
0.688776 0.0211912
0.668367 0.0214056
0.686224 0.0214401
0.696429 0.0209356
0.739796 0.0206136
0.742347 0.0194412
0.798469 0.0187775
0.808673 0.0187906
0.818878 0.0196335
0.834184 0.0201509
0.836735 0.0206663
0.818878 0.0209669
0.793367 0.0212011
0.772959 0.0212693
0.760204 0.0212278
0.798469 0.0210047
0.767857 0.0206813
0.757653 0.0203078
0.721939 0.020317
0.719388 0.0198204
0.635204 0.0189481
0.653061 0.0185871
0.660714 0.0184445
0.622449 0.0183425
0.612245 0.0177249
0.663265 0.016749
0.681122 0.0154936
0.637755 0.0140308
0.637755 0.013139
0.619898 0.0125714
0.625 0.0122994
0.635204 0.0114671
0.617347 0.0110144
0.663265 0.0103049
0.596939 0.00911416
0.607143 0.00892936
0.622449 0.0084939
0.581633 0.00803535
0.533163 0.00778078
0.52551 0.00765912
0.545918 0.00705308
0.558673 0.00685636
0.510204 0.0071648
0.5 0.00764587
0.502551 0.0082114
0.502551 0.00758173
0.505102 0.00662918
0.543367 0.00634232
0.530612 0.00636822
0.571429 0.0062866
0.581633 0.00632002
0.535714 0.00530245
0.443878 0.00494954
0.505102 0.00491826
0.44898 0.00443193
0.423469 0.00464205
0.436224 0.00570492
0.40051 0.00655662
0.372449 0.00726286
0.352041 0.00731847
0.395408 0.00818764
0.415816 0.00966604
0.469388 0.0118967
0.528061 0.0134569
0.510204 0.0152759
0.510204 0.0167605
0.522959 0.0180222
0.556122 0.019628
0.55102 0.0214675
0.517857 0.023065
0.59949 0.0247765
0.617347 0.0259249
0.584184 0.027336
0.586735 0.0290267
0.586735 0.03106
0.522959 0.0334157
0.558673 0.0360113
0.596939 0.0389304
0.617347 0.0412114
0.614796 0.0440926
0.612245 0.0464789
0.635204 0.0486043
0.607143 0.05051
0.625 0.0523569
0.591837 0.0537283
0.607143 0.0555531
0.645408 0.0564235
0.622449 0.0568997
0.632653 0.0568504
0.591837 0.0573099
0.622449 0.058195
0.625 0.0584291
0.591837 0.0589446
0.596939 0.0593881
0.604592 0.0593221
0.581633 0.0596442
0.584184 0.0605222
0.545918 0.0616776
0.517857 0.0629851
0.484694 0.0635366
0.492347 0.0639401
0.479592 0.0636677
0.469388 0.0631469
0.477041 0.0636472
0.428571 0.0641897
0.372449 0.0653839
0.382653 0.0662708
0.346939 0.0666283
0.336735 0.0674188
0.364796 0.0672748
0.367347 0.0669647
0.341837 0.0663064
0.339286 0.0663075
0.285714 0.0664336
0.30102 0.0670132
0.316327 0.0665716
0.385204 0.0665608
0.375 0.0666656
0.375 0.0664318
0.40051 0.0661367
0.405612 0.0653228
0.477041 0.0652717
0.418367 0.0647383
0.451531 0.065491
0.469388 0.0663655
0.443878 0.0661984
0.469388 0.0660346
0.469388 0.0663345
0.451531 0.0667148
0.428571 0.0669341
0.441327 0.0673961
0.459184 0.0674527
0.428571 0.0684034
0.42602 0.0692573
0.413265 0.069564
0.446429 0.0691923
0.469388 0.0689379
0.469388 0.0685503
0.431122 0.0679154
0.436224 0.0666702
0.433673 0.0657379
0.431122 0.0648585
0.397959 0.0641257
0.418367 0.0636016
0.454082 0.0631941
0.459184 0.0628166
0.413265 0.0623858
0.431122 0.0623851
0.410714 0.0620247
0.390306 0.0618238
0.413265 0.0611545
0.415816 0.0609557
0.395408 0.0600409
0.367347 0.0593953
0.357143 0.0597471
0.311224 0.0601816
0.382653 0.060378
0.380102 0.0597666
0.375 0.0588204
0.380102 0.0577995
0.390306 0.0571393
0.423469 0.0555731
0.428571 0.0546492
0.441327 0.0532569
0.397959 0.0524886
0.431122 0.051487
0.410714 0.0500669
0.451531 0.0481047
0.466837 0.04663
0.510204 0.0451707
0.520408 0.0438178
0.538265 0.0421526
0.533163 0.0402032
0.568878 0.0392822
0.548469 0.0387071
0.568878 0.0384208
0.566327 0.0379288
0.586735 0.0371907
0.563776 0.0367286
0.568878 0.0358888
0.591837 0.0351545
0.645408 0.0342602
0.65051 0.0335807
0.645408 0.0327805
0.642857 0.0309803
0.632653 0.029499
0.566327 0.0289976
0.591837 0.0282687
0.576531 0.0275739
0.55102 0.0271293
0.535714 0.0266981
0.494898 0.0271732
0.456633 0.0268289
0.44898 0.0263974
0.415816 0.0255822
0.395408 0.0253641
0.354592 0.0251562
0.369898 0.0251213
0.405612 0.0255851
0.397959 0.0259325
0.385204 0.0252802
0.375 0.0256019
0.359694 0.0252814
0.311224 0.0247864
0.306122 0.0239521
0.326531 0.0227284
0.380102 0.0207448
0.346939 0.0187237
0.382653 0.0167469
0.392857 0.0147558
0.446429 0.012827
0.469388 0.0108901
0.507653 0.00917717
0.507653 0.00684691
0.5 0.0041839
0.517857 0.00174775
0.52551 -0.000433379
0.451531 -0.00217621
0.410714 -0.00423784
0.461735 -0.00612415
0.456633 -0.00770099
0.436224 -0.00936895
0.466837 -0.0111021
0.510204 -0.0132409
0.533163 -0.0152593
0.553571 -0.0173892
0.522959 -0.0199036
0.530612 -0.023075
0.502551 -0.0268805
0.47449 -0.0301539
0.471939 -0.0333982
0.438776 -0.0362863
0.469388 -0.0397742
0.507653 -0.0426161
0.492347 -0.0459279
0.489796 -0.0496631
0.533163 -0.0536393
0.477041 -0.0565038
0.494898 -0.0587751
0.482143 -0.0618131
0.433673 -0.0646106
0.482143 -0.0681022
0.515306 -0.0714374
0.515306 -0.0747238
0.433673 -0.0777587
0.477041 -0.0801714
0.464286 -0.082588
0.515306 -0.0847661
0.520408 -0.0866393
0.471939 -0.0886516
0.44898 -0.0908166
0.413265 -0.0926371
0.415816 -0.0933983
0.418367 -0.0946805
0.431122 -0.0960046
0.397959 -0.0979342
0.395408 -0.0988754
0.392857 -0.100076
0.42602 -0.100879
0.357143 -0.101844
0.375 -0.102978
0.346939 -0.103646
0.339286 -0.104388
0.382653 -0.10496
0.375 -0.105172
0.367347 -0.1047
0.390306 -0.104388
0.341837 -0.104351
0.364796 -0.104638
0.359694 -0.10456
0.375 -0.104058
0.413265 -0.103488
0.415816 -0.103135
0.392857 -0.103008
0.413265 -0.102183
0.418367 -0.101488
0.415816 -0.100405
0.34949 -0.0989901
0.339286 -0.0971979
0.403061 -0.0950173
0.405612 -0.0935433
0.451531 -0.0933098
0.469388 -0.0935735
0.477041 -0.0941784
0.479592 -0.0951704
0.451531 -0.0954343
0.441327 -0.0957496
0.459184 -0.0948322
0.454082 -0.094279
0.451531 -0.0931402
0.436224 -0.0915513
0.469388 -0.0897635
0.408163 -0.0887186
0.42602 -0.0870296
0.423469 -0.0852049
0.377551 -0.083649
0.382653 -0.0821396
0.334184 -0.0810007
0.32398 -0.0803378
0.339286 -0.0801518
0.306122 -0.0805873
0.285714 -0.0801328
0.270408 -0.0794576
0.265306 -0.0775431
0.244898 -0.0755178
0.280612 -0.0732292
0.270408 -0.0713405
0.270408 -0.0699862
0.339286 -0.0682131
0.331633 -0.0668287
0.290816 -0.0656375
0.318878 -0.0638837
0.326531 -0.0628222
0.30102 -0.0623156
0.280612 -0.06111
0.285714 -0.0601673
0.272959 -0.0596131
0.272959 -0.0594526
0.293367 -0.058916
0.295918 -0.0592327
0.326531 -0.0591511
0.318878 -0.0583944
0.372449 -0.0574982
0.346939 -0.0566997
0.303571 -0.0542925
0.32398 -0.0522959
0.303571 -0.0509317
0.331633 -0.0496595
0.362245 -0.0488665
0.357143 -0.0474818
0.403061 -0.0461932
0.385204 -0.0446913
0.316327 -0.0429826
0.329082 -0.0411723
0.280612 -0.0397833
0.306122 -0.0387714
0.316327 -0.0378427
0.308673 -0.0361369
0.344388 -0.0339522
0.372449 -0.0319119
0.369898 -0.0295263
0.303571 -0.0274641
0.229592 -0.0252718
0.209184 -0.0222939
0.239796 -0.0195114
0.252551 -0.0174693
0.242347 -0.0150197
0.298469 -0.0133729
0.329082 -0.0114446
0.395408 -0.00971354
0.382653 -0.00749422
0.395408 -0.00484765
0.375 -0.00226389
0.382653 -0.000250881
0.405612 0.00163419
0.415816 0.00297408
0.380102 0.00391059
0.420918 0.0048462
0.484694 0.00607897
0.454082 0.00695702
0.408163 0.00762556
0.469388 0.00876762
0.497449 0.00851485
0.489796 0.00834257
0.528061 0.00834332
0.497449 0.00829381
0.484694 0.00836321
0.420918 0.00852279
0.405612 0.0104423
0.461735 0.0115384
0.431122 0.0119979
0.428571 0.0119218
0.42602 0.0116939
0.454082 0.0112478
0.42602 0.0104467
0.438776 0.00915104
0.477041 0.00784955
0.530612 0.00694644
0.505102 0.00651671
0.482143 0.00688963
0.492347 0.00620289
0.563776 0.00634902
0.568878 0.00595659
0.520408 0.00564071
0.494898 0.00424191
0.471939 0.00395328
0.479592 0.00385031
0.436224 0.0036068
0.415816 0.00308861
0.433673 0.00332709
0.466837 0.00380702
0.438776 0.00500713
0.466837 0.00618067
0.461735 0.00722487
0.438776 0.00752883
0.479592 0.00878187
0.471939 0.00973418
0.443878 0.0110439
0.451531 0.0124876
0.438776 0.0134507
0.364796 0.0147644
0.390306 0.0156762
0.403061 0.0167465
0.420918 0.0180922
0.392857 0.019397
0.316327 0.0211416
0.280612 0.0225963
0.313776 0.0246549
0.336735 0.0261767
0.385204 0.027063
0.336735 0.0274155
0.321429 0.0280009
0.293367 0.0287459
0.232143 0.0285408
0.209184 0.0284661
0.196429 0.0292148
0.163265 0.0291315
0.186224 0.0293414
0.186224 0.0295977
0.125 0.0296765
0.130102 0.0305268
0.147959 0.031172
0.206633 0.0316836
0.19898 0.0312352
0.209184 0.0311841
0.237245 0.0309892
0.270408 0.0309148
0.242347 0.0311553
0.211735 0.0312735
0.191327 0.0309687
0.170918 0.0304414
0.155612 0.0286966
0.196429 0.027495
0.204082 0.0269522
0.178571 0.0257085
0.22449 0.0245917
0.244898 0.0235049
0.19898 0.0216697
0.229592 0.0192664
0.232143 0.0172159
0.209184 0.0153964
0.247449 0.0128952
0.298469 0.0108892
0.272959 0.00805098
0.280612 0.00547392
0.308673 0.00319295
0.278061 0.00174215
0.272959 -0.000261565
0.252551 -0.00184107
0.209184 -0.00303359
0.206633 -0.00361023
0.237245 -0.0039004
0.252551 -0.00439874
0.267857 -0.00489424
0.216837 -0.00482831
0.160714 -0.00593418
0.140306 -0.0069379
0.112245 -0.00750406
0.119898 -0.00842404
0.0892857 -0.00917732
0.0994898 -0.010317
0.168367 -0.0118727
0.127551 -0.0134382
0.147959 -0.014795
0.114796 -0.0163583
0.0969388 -0.0174477
0.0586735 -0.0186404
0.0102041 -0.0199139
0.00510204 -0.0214308
0.0178571 -0.0229015
0.0357143 -0.0239092
0.0331633 -0.0250425
0.0204082 -0.0255171
0.0229592 -0.0264859
0.00510204 -0.0281255
0.0280612 -0.0299518
0.0102041 -0.0315667
0.0459184 -0.0336552
0.00510204 -0.0362014
0.0102041 -0.0387684
0.0102041 -0.0405251
0.0229592 -0.0424084
0.0204082 -0.0448429
0.0586735 -0.0466762
0.0382653 -0.0481821
0.0255102 -0.0492442
0.0331633 -0.0510962
0.0612245 -0.0535938
0.0408163 -0.0559747
0.0535714 -0.0573103
0.0229592 -0.0587711
0.0484694 -0.0603598
0.0510204 -0.0606231
0.0153061 -0.0604681
0.0306122 -0.061058
0.0688776 -0.0615979
0.0331633 -0.0621867
0.00510204 -0.0626602
0.0178571 -0.0635671
0.0102041 -0.0647393
0.0306122 -0.0654037
0.0229592 -0.0655337
0.0331633 -0.0659552
0.0969388 -0.0666257
0.0484694 -0.0678886
0.0280612 -0.0684135
0.0357143 -0.0684454
0.0765306 -0.0687108
0.0841837 -0.0695686
0.0841837 -0.0707757
0.0867347 -0.072014
0.0459184 -0.0728476
0.0127551 -0.0734756
0.0484694 -0.074341
0.0229592 -0.0748721
0.0306122 -0.0756148
0.00765306 -0.0771148
0.0204082 -0.0789221
0.0306122 -0.0804225
0.0484694 -0.0820921
0.0561224 -0.0831516
0.0561224 -0.0847814
0.0433673 -0.0862292
0.0612245 -0.0877782
0.0841837 -0.0894692
0.107143 -0.0915407
0.117347 -0.0931313
0.173469 -0.0933446
0.145408 -0.0944574
0.0994898 -0.0955641
0.109694 -0.0969824
0.0867347 -0.0988621
0.114796 -0.1005
0.107143 -0.101919
0.117347 -0.102239
0.107143 -0.102375
0.132653 -0.101986
0.142857 -0.101087
0.102041 -0.100586
0.130102 -0.0995708
0.219388 -0.0982028
0.255102 -0.0966648
0.272959 -0.09616
0.227041 -0.0954146
0.25 -0.095704
0.22449 -0.0949994
0.22449 -0.0946507
0.201531 -0.0947465
0.206633 -0.0947772
0.158163 -0.0954739
0.204082 -0.0952519
0.19898 -0.0955991
0.219388 -0.0959953
0.219388 -0.0957199
0.278061 -0.0944998
0.329082 -0.0938426
0.344388 -0.0928118
0.295918 -0.0925631
0.318878 -0.0922827
0.311224 -0.0923444
0.306122 -0.0927402
0.385204 -0.0928302
0.352041 -0.0937724
0.395408 -0.0946432
0.395408 -0.0963262
0.377551 -0.0979696
0.436224 -0.0996299
0.42602 -0.101284
0.456633 -0.102675
0.484694 -0.103381
0.484694 -0.104329
0.535714 -0.105895
0.566327 -0.106989
0.535714 -0.107392
0.505102 -0.108122
0.507653 -0.109499
0.510204 -0.110771
0.522959 -0.112255
0.487245 -0.114463
0.566327 -0.115504
0.584184 -0.115808
0.630102 -0.116559
0.642857 -0.117284
0.681122 -0.119085
0.663265 -0.121339
0.688776 -0.122832
0.602041 -0.12435
0.545918 -0.12575
0.558673 -0.128015
0.520408 -0.13079
0.553571 -0.133006
0.57398 -0.135086
0.576531 -0.136985
0.596939 -0.137836
0.612245 -0.139102
0.640306 -0.140031
0.622449 -0.14114
0.622449 -0.14231
0.635204 -0.143434
0.655612 -0.145225
0.630102 -0.146283
0.607143 -0.148085
0.596939 -0.150128
0.609694 -0.153278
0.668367 -0.156229
0.660714 -0.159317
0.678571 -0.161825
0.660714 -0.163995
0.647959 -0.165579
0.617347 -0.167584
0.619898 -0.169516
0.617347 -0.171586
0.635204 -0.173184
0.653061 -0.174293
0.693878 -0.175293
0.640306 -0.175905
0.660714 -0.177164
0.594388 -0.178183
0.630102 -0.179375
0.69898 -0.180665
0.686224 -0.18188
0.642857 -0.182698
0.594388 -0.183364
0.612245 -0.183695
0.627551 -0.183369
0.635204 -0.182796
0.619898 -0.182123
0.673469 -0.180989
0.632653 -0.179411
0.612245 -0.178377
0.581633 -0.177939
0.625 -0.177591
0.612245 -0.177628
0.65051 -0.17734
0.617347 -0.176917
0.59949 -0.178069
0.57398 -0.179336
0.609694 -0.180603
0.609694 -0.181144
0.627551 -0.182045
0.591837 -0.181858
0.645408 -0.181816
0.640306 -0.182327
0.660714 -0.18215
0.683673 -0.180974
0.65051 -0.179873
0.653061 -0.179696
0.665816 -0.179905
0.635204 -0.180984
0.647959 -0.182597
0.663265 -0.183928
0.673469 -0.185935
0.67602 -0.187627
0.67602 -0.188792
0.617347 -0.189469
0.579082 -0.189999
0.609694 -0.190093
0.630102 -0.19046
0.645408 -0.191808
0.607143 -0.193466
0.609694 -0.195215
0.647959 -0.196681
0.622449 -0.197601
0.660714 -0.198163
0.647959 -0.198659
0.640306 -0.199101
0.622449 -0.199232
0.658163 -0.199637
0.663265 -0.199581
0.719388 -0.199464
0.704082 -0.199214
0.678571 -0.198787
0.614796 -0.199626
0.668367 -0.200368
0.645408 -0.200043
0.653061 -0.19914
0.619898 -0.199087
0.670918 -0.199116
0.688776 -0.198732
0.739796 -0.199163
0.711735 -0.198619
0.69898 -0.198783
0.719388 -0.198552
0.732143 -0.197605
0.693878 -0.196619
0.686224 -0.195422
0.67602 -0.194016
0.683673 -0.193532
0.683673 -0.192851
0.716837 -0.192341
0.693878 -0.192783
0.711735 -0.193922
0.681122 -0.194889
0.711735 -0.195172
0.737245 -0.195902
0.721939 -0.197152
0.727041 -0.197951
0.711735 -0.198094
0.711735 -0.197779
0.72449 -0.198304
0.757653 -0.1982
0.757653 -0.197081
0.755102 -0.196557
0.72449 -0.195504
0.737245 -0.19465
0.727041 -0.19352
0.714286 -0.193309
0.711735 -0.192331
0.729592 -0.191131
0.739796 -0.190653
0.704082 -0.190671
0.744898 -0.191538
0.719388 -0.191926
0.627551 -0.19165
0.660714 -0.190537
0.660714 -0.189311
0.642857 -0.187373
0.630102 -0.185604
0.59949 -0.183285
0.576531 -0.180366
0.561224 -0.177227
0.594388 -0.174315
0.591837 -0.17027
0.602041 -0.167334
0.568878 -0.165361
0.545918 -0.163306
0.545918 -0.162039
0.589286 -0.160302
0.579082 -0.158337
0.579082 -0.156265
0.594388 -0.154449
0.59949 -0.15285
0.625 -0.151055
0.609694 -0.149269
0.640306 -0.147095
0.622449 -0.145909
0.637755 -0.144787
0.642857 -0.144202
0.596939 -0.143356
0.635204 -0.142831
0.619898 -0.141791
0.596939 -0.141141
0.584184 -0.140544
0.553571 -0.139537
0.510204 -0.138818
0.545918 -0.137488
0.482143 -0.136385
0.459184 -0.134749
0.454082 -0.133466
0.423469 -0.133055
0.362245 -0.133703
0.34949 -0.133635
0.367347 -0.133201
0.408163 -0.133689
0.408163 -0.133993
0.334184 -0.133893
0.390306 -0.133535
0.392857 -0.133849
0.408163 -0.133199
0.390306 -0.133402
0.395408 -0.133134
0.354592 -0.132124
0.329082 -0.132286
0.311224 -0.132838
0.326531 -0.133335
0.255102 -0.133226
0.244898 -0.133413
0.196429 -0.132875
0.257653 -0.13239
0.262755 -0.132057
0.285714 -0.131873
0.288265 -0.131049
0.30102 -0.13018
0.367347 -0.129945
0.357143 -0.128782
0.295918 -0.128039
0.303571 -0.127685
0.32398 -0.127143
0.293367 -0.126829
0.316327 -0.126592
0.311224 -0.126633
0.339286 -0.126765
0.339286 -0.125915
0.252551 -0.125509
0.247449 -0.124752
0.196429 -0.124189
0.214286 -0.123806
0.214286 -0.122174
0.211735 -0.120201
0.272959 -0.118131
0.242347 -0.115059
0.229592 -0.113049
0.252551 -0.11088
0.285714 -0.109587
0.178571 -0.107893
0.183673 -0.106232
0.229592 -0.104616
0.188776 -0.102339
0.147959 -0.0996294
0.181122 -0.097537
0.117347 -0.0962055
0.132653 -0.0953139
0.127551 -0.0936451
0.165816 -0.09219
0.132653 -0.0910109
0.132653 -0.0898856
0.186224 -0.0891776
0.153061 -0.0884086
0.145408 -0.0872569
0.114796 -0.0864025
0.153061 -0.0852415
0.229592 -0.0837285
0.234694 -0.0822175
0.265306 -0.0803537
0.272959 -0.0789296
0.265306 -0.0778866
0.244898 -0.0763701
0.27551 -0.0750866
0.267857 -0.0741932
0.27551 -0.073529
0.285714 -0.0725231
0.30102 -0.0703728
0.303571 -0.0675436
0.288265 -0.0646742
0.239796 -0.06321
0.234694 -0.0615772
0.265306 -0.0596866
0.25 -0.0576353
0.260204 -0.0555105
0.252551 -0.0535905
0.27551 -0.0517874
0.260204 -0.0510828
0.237245 -0.0493941
0.186224 -0.0484715
0.178571 -0.0480152
0.211735 -0.046876
0.247449 -0.045532
0.178571 -0.0444627
0.221939 -0.043969
0.204082 -0.0442773
0.227041 -0.0443083
0.227041 -0.0446042
0.227041 -0.04433
0.252551 -0.0437154
0.252551 -0.0433392
0.25 -0.0432753
0.295918 -0.043799
0.270408 -0.0449765
0.272959 -0.0458492
0.229592 -0.0462038
0.221939 -0.0461869
0.211735 -0.0469799
0.206633 -0.0480337
0.170918 -0.0490606
0.237245 -0.0511621
0.247449 -0.0527565
0.252551 -0.0549213
0.270408 -0.0566529
0.247449 -0.0591006
0.272959 -0.060365
0.27551 -0.0619544
0.318878 -0.0631157
0.334184 -0.0634885
0.346939 -0.0646171
0.308673 -0.0654766
0.280612 -0.0658751
0.298469 -0.0663558
0.326531 -0.0664625
0.316327 -0.0667173
0.359694 -0.0662447
0.285714 -0.0670501
0.295918 -0.0677122
0.329082 -0.0678263
0.377551 -0.06818
0.382653 -0.0689592
0.441327 -0.0687068
0.466837 -0.0690527
0.443878 -0.0699257
0.369898 -0.0699466
0.397959 -0.0693313
0.441327 -0.0687022
0.420918 -0.0697197
0.456633 -0.0703633
0.428571 -0.0714069
0.364796 -0.07223
0.34949 -0.0734927
0.408163 -0.0749916
0.441327 -0.0760308
0.372449 -0.0762263
0.385204 -0.076748
0.423469 -0.0766493
0.441327 -0.077085
0.489796 -0.0777132
0.469388 -0.0791756
0.528061 -0.0803173
0.484694 -0.0826928
0.494898 -0.084353
0.497449 -0.0863919
0.479592 -0.0882596
0.502551 -0.0901436
0.533163 -0.0914011
0.543367 -0.093437
0.55102 -0.0949012
0.625 -0.0961539
0.630102 -0.0984513
0.640306 -0.10088
0.678571 -0.103563
0.696429 -0.104919
0.686224 -0.106648
0.681122 -0.107228
0.645408 -0.106667
0.602041 -0.106238
0.594388 -0.106041
0.609694 -0.106509
0.612245 -0.107584
0.619898 -0.107701
0.612245 -0.106868
0.586735 -0.106059
0.561224 -0.105629
0.553571 -0.106146
0.609694 -0.106441
0.556122 -0.105852
0.604592 -0.105538
0.65051 -0.106146
0.647959 -0.106546
0.655612 -0.106275
0.640306 -0.105807
0.596939 -0.10548
0.591837 -0.10526
0.630102 -0.105082
0.673469 -0.10464
0.647959 -0.105038
0.673469 -0.105155
0.69898 -0.105147
0.734694 -0.104846
0.772959 -0.103995
0.744898 -0.10392
0.729592 -0.104284
0.721939 -0.103902
0.701531 -0.103739
0.701531 -0.103553
0.709184 -0.103994
0.744898 -0.104366
0.729592 -0.105286
0.765306 -0.10552
0.734694 -0.106453
0.663265 -0.107625
0.686224 -0.108835
0.632653 -0.109912
0.660714 -0.109773
0.647959 -0.10993
0.617347 -0.109808
0.614796 -0.109532
0.678571 -0.109268
0.701531 -0.109728
0.69898 -0.109903
0.714286 -0.109918
0.706633 -0.110427
0.670918 -0.111568
0.670918 -0.112837
0.691327 -0.112978
0.737245 -0.113027
0.793367 -0.113447
0.778061 -0.114346
0.770408 -0.115128
0.747449 -0.115592
0.732143 -0.115692
0.752551 -0.115891
0.80102 -0.116286
0.744898 -0.1166
0.747449 -0.11735
0.752551 -0.117786
0.755102 -0.118304
0.762755 -0.11875
0.790816 -0.119215
0.798469 -0.118671
0.806122 -0.117937
0.82398 -0.117518
0.816327 -0.116637
0.821429 -0.115829
0.806122 -0.114681
0.808673 -0.1127
0.772959 -0.111311
0.818878 -0.110704
0.818878 -0.110308
0.816327 -0.110329
0.829082 -0.110007
0.821429 -0.109359
0.834184 -0.109023
0.793367 -0.108226
0.77551 -0.106555
0.75 -0.104555
0.737245 -0.102978
0.755102 -0.102193
0.765306 -0.101994
0.803571 -0.102372
0.821429 -0.101418
0.862245 -0.100285
0.862245 -0.0989501
0.826531 -0.0979286
0.798469 -0.096219
0.790816 -0.0942017
0.744898 -0.0931704
0.765306 -0.0919467
0.77551 -0.0908277
0.785714 -0.0895176
0.772959 -0.0879499
0.813776 -0.0873593
0.869898 -0.0865662
0.839286 -0.0859007
0.844388 -0.0849059
0.841837 -0.0841377
0.836735 -0.0835575
0.798469 -0.0827085
0.813776 -0.0819263
0.772959 -0.0808885
0.793367 -0.0792761
0.829082 -0.078032
0.80102 -0.0759976
0.77551 -0.0750521
0.778061 -0.0744353
0.826531 -0.072628
0.854592 -0.0702217
0.880102 -0.0670974
0.862245 -0.0651762
0.829082 -0.0636238
0.839286 -0.0622426
0.808673 -0.0613113
0.793367 -0.0611504
0.798469 -0.0606963
0.841837 -0.0603844
0.816327 -0.0591197
0.813776 -0.0588969
0.765306 -0.0581822
0.816327 -0.0573625
0.811224 -0.0561528
0.834184 -0.0552259
0.808673 -0.0543429
0.82398 -0.0540697
0.77551 -0.0536512
0.806122 -0.0529001
0.747449 -0.0523172
0.770408 -0.0512189
0.772959 -0.0502371
0.826531 -0.0489851
0.818878 -0.0484839
0.854592 -0.0476846
0.859694 -0.0471503
0.854592 -0.0465934
0.839286 -0.0454312
0.795918 -0.0436554
0.826531 -0.0423357
0.816327 -0.0420602
0.857143 -0.041763
0.841837 -0.0407581
0.836735 -0.0394362
0.816327 -0.0387098
0.72449 -0.0384217
0.742347 -0.0383974
0.803571 -0.0377989
0.785714 -0.0370883
0.780612 -0.0363317
0.788265 -0.0357551
0.770408 -0.035553
0.760204 -0.036362
0.739796 -0.0368635
0.780612 -0.0379644
0.798469 -0.0383808
0.80102 -0.0391301
0.826531 -0.0396354
0.783163 -0.0400142
0.785714 -0.0407925
0.77551 -0.0422597
0.790816 -0.0433266
0.836735 -0.0445682
0.846939 -0.0453654
0.839286 -0.0469982
0.857143 -0.0481458
0.862245 -0.0488815
0.859694 -0.0503619
0.816327 -0.0513452
0.816327 -0.0518436
0.803571 -0.0524698
0.808673 -0.0533108
0.806122 -0.0549224
0.813776 -0.056276
0.795918 -0.0577401
0.808673 -0.0585436
0.862245 -0.0589912
0.846939 -0.0594936
0.846939 -0.0594634
0.841837 -0.0592149
0.869898 -0.0598824
0.854592 -0.0602384
0.880102 -0.0612176
0.90051 -0.0625263
0.890306 -0.0639977
0.829082 -0.0649582
0.857143 -0.0648053
0.854592 -0.0651484
0.857143 -0.0651983
0.857143 -0.0663486
0.772959 -0.0668303
0.803571 -0.0679476
0.770408 -0.0684679
0.704082 -0.0700399
0.72449 -0.0711928
0.747449 -0.0719451
0.772959 -0.0728319
0.765306 -0.0738872
0.762755 -0.0751743
0.821429 -0.0757686
0.762755 -0.0759472
0.788265 -0.0769484
0.806122 -0.0762945
0.798469 -0.0761522
0.811224 -0.0758904
0.790816 -0.0763981
0.80102 -0.076862
0.757653 -0.0769033
0.747449 -0.0772345
0.757653 -0.0777096
0.765306 -0.0779699
0.790816 -0.0786406
0.793367 -0.0779925
0.80102 -0.0762833
0.803571 -0.0748331
0.77551 -0.0738477
0.780612 -0.073271
0.834184 -0.072489
0.80102 -0.0714174
0.818878 -0.0707333
0.846939 -0.0712175
0.867347 -0.0723753
0.844388 -0.0735195
0.765306 -0.073683
0.778061 -0.0744813
0.869898 -0.0741194
0.864796 -0.0739906
0.821429 -0.0736141
0.836735 -0.0733953
0.785714 -0.0741742
0.882653 -0.0741899
0.892857 -0.0748283
0.885204 -0.0746242
0.895408 -0.0745028
0.859694 -0.0755509
0.839286 -0.0761625
0.798469 -0.0770081
0.785714 -0.0773699
0.793367 -0.0771863
0.790816 -0.0770562
0.813776 -0.0781327
0.770408 -0.0791532
0.762755 -0.078764
0.793367 -0.0786109
0.770408 -0.0787093
0.762755 -0.0779485
0.788265 -0.0770735
0.755102 -0.076539
0.737245 -0.0769582
0.719388 -0.0792976
0.714286 -0.0819402
0.716837 -0.0851179
0.747449 -0.088605
0.747449 -0.0919274
0.727041 -0.0956459
0.744898 -0.098295
0.714286 -0.10064
0.711735 -0.102467
0.716837 -0.103925
0.716837 -0.106083
0.729592 -0.107581
0.696429 -0.109159
0.696429 -0.111081
0.734694 -0.112873
0.732143 -0.114647
0.765306 -0.11656
0.772959 -0.118331
0.785714 -0.119951
0.80102 -0.121168
0.744898 -0.121943
0.732143 -0.122192
0.704082 -0.122304
0.660714 -0.122551
0.668367 -0.121747
0.642857 -0.12229
0.563776 -0.122749
0.576531 -0.123276
0.589286 -0.123965
0.645408 -0.125128
0.625 -0.125653
0.614796 -0.124857
0.612245 -0.123344
0.612245 -0.121441
0.589286 -0.119196
0.581633 -0.11666
0.596939 -0.114288
0.635204 -0.112348
0.65051 -0.110466
0.67602 -0.108331
0.660714 -0.105724
0.706633 -0.103062
0.714286 -0.100181
0.734694 -0.0975095
0.709184 -0.0950436
0.719388 -0.093026
0.734694 -0.0913275
0.765306 -0.0900761
0.765306 -0.0883921
0.778061 -0.0869515
0.836735 -0.0859791
0.854592 -0.0846353
0.844388 -0.0827959
0.852041 -0.0802755
0.854592 -0.0779718
0.826531 -0.0767125
0.829082 -0.0769099
0.82398 -0.0765762
0.808673 -0.0767533
0.816327 -0.0767916
0.790816 -0.0774932
0.762755 -0.0773987
0.762755 -0.0774621
0.696429 -0.0778085
0.711735 -0.078063
0.665816 -0.0783717
0.67602 -0.0783981
0.683673 -0.0776508
0.691327 -0.0771664
0.678571 -0.0775724
0.665816 -0.0775582
0.721939 -0.0784184
0.755102 -0.0785136
0.732143 -0.0798605
0.67602 -0.0807063
0.727041 -0.0822231
0.701531 -0.0830603
0.701531 -0.08395
0.719388 -0.0848695
0.706633 -0.0869795
0.696429 -0.088958
0.653061 -0.0910271
0.604592 -0.0938754
0.540816 -0.0958494
0.535714 -0.0974854
0.576531 -0.0989857
0.535714 -0.0996668
0.563776 -0.100217
0.589286 -0.100555
0.59949 -0.101751
0.576531 -0.102671
0.607143 -0.103749
0.632653 -0.105141
0.660714 -0.106995
0.625 -0.108986
0.665816 -0.110736
0.673469 -0.111438
0.630102 -0.111451
0.627551 -0.111374
0.581633 -0.111239
0.556122 -0.111294
0.596939 -0.111723
0.589286 -0.111672
0.561224 -0.11121
0.576531 -0.111163
0.558673 -0.110856
0.556122 -0.110665
0.517857 -0.110034
0.545918 -0.110879
0.55102 -0.111197
0.607143 -0.111246
0.596939 -0.110485
0.530612 -0.10999
0.52551 -0.109169
0.535714 -0.108541
0.512755 -0.108553
0.548469 -0.109404
0.556122 -0.11068
0.584184 -0.111592
0.609694 -0.11324
0.596939 -0.114479
0.576531 -0.11588
0.581633 -0.116237
0.627551 -0.117939
0.642857 -0.119213
0.596939 -0.119798
0.579082 -0.121059
0.556122 -0.122545
0.543367 -0.123397
0.545918 -0.124724
0.586735 -0.125985
0.591837 -0.127922
0.609694 -0.129708
0.566327 -0.131692
0.609694 -0.133369
0.596939 -0.135741
0.604592 -0.138182
0.622449 -0.141563
0.566327 -0.143893
0.556122 -0.147254
0.617347 -0.149897
0.619898 -0.151256
0.586735 -0.152318
0.589286 -0.153707
0.596939 -0.15582
0.660714 -0.157003
0.647959 -0.159511
0.65051 -0.161369
0.706633 -0.162306
0.727041 -0.164339
0.701531 -0.167792
0.727041 -0.17057
0.663265 -0.172682
0.653061 -0.173512
0.622449 -0.174734
0.622449 -0.175162
0.627551 -0.175654
0.653061 -0.175962
0.622449 -0.176659
0.589286 -0.178292
0.586735 -0.179579
0.571429 -0.180733
0.530612 -0.183064
0.515306 -0.186085
0.561224 -0.188104
0.494898 -0.190467
0.540816 -0.192596
0.510204 -0.194887
0.454082 -0.195738
0.390306 -0.197471
0.403061 -0.198265
0.408163 -0.199786
0.418367 -0.201098
0.431122 -0.202791
0.42602 -0.204481
0.441327 -0.206213
0.387755 -0.20644
0.380102 -0.206074
0.367347 -0.205813
0.42602 -0.20661
0.397959 -0.207107
0.364796 -0.206788
0.40051 -0.205149
0.390306 -0.204137
0.423469 -0.202967
0.408163 -0.202427
0.454082 -0.201797
0.420918 -0.201918
0.459184 -0.202441
0.428571 -0.203117
0.431122 -0.203109
0.443878 -0.202318
0.418367 -0.201485
0.451531 -0.200502
0.466837 -0.199831
0.492347 -0.198921
0.443878 -0.198508
0.484694 -0.197832
0.533163 -0.197417
0.563776 -0.197568
0.57398 -0.196879
0.602041 -0.196507
0.589286 -0.196061
0.568878 -0.195516
0.59949 -0.195253
0.55102 -0.194946
0.548469 -0.194552
0.5 -0.194562
0.528061 -0.19475
0.520408 -0.194739
0.497449 -0.19432
0.471939 -0.194704
0.446429 -0.194618
0.512755 -0.194712
0.487245 -0.195178
0.487245 -0.195767
0.456633 -0.196181
0.471939 -0.196131
0.456633 -0.196536
0.47449 -0.196929
0.451531 -0.197274
0.42602 -0.197961
0.433673 -0.199132
0.52551 -0.199494
0.494898 -0.198692
0.47449 -0.197746
0.446429 -0.197032
0.47449 -0.19748
0.482143 -0.197648
0.563776 -0.197554
0.505102 -0.19732
0.52551 -0.197186
0.512755 -0.196975
0.484694 -0.196826
0.477041 -0.196518
0.44898 -0.195619
0.464286 -0.193535
0.47449 -0.19159
0.441327 -0.189074
0.443878 -0.18645
0.459184 -0.184395
0.459184 -0.182965
0.466837 -0.181511
0.553571 -0.180347
0.530612 -0.178744
0.538265 -0.177468
0.543367 -0.175361
0.522959 -0.173688
0.52551 -0.171765
0.487245 -0.170007
0.482143 -0.167571
0.44898 -0.165045
0.459184 -0.161823
0.461735 -0.159161
0.464286 -0.156866
0.510204 -0.154567
0.464286 -0.152387
0.520408 -0.150372
0.543367 -0.148561
0.558673 -0.147007
0.584184 -0.145999
0.548469 -0.144315
0.589286 -0.142999
0.543367 -0.141827
0.57398 -0.140067
0.584184 -0.138444
0.563776 -0.137618
0.515306 -0.136306
0.528061 -0.134617
0.57398 -0.133367
0.625 -0.133788
0.686224 -0.133634
0.594388 -0.133377
0.645408 -0.133359
0.642857 -0.133987
0.67602 -0.135099
0.642857 -0.136304
0.640306 -0.136405
0.69898 -0.136454
0.670918 -0.136484
0.737245 -0.136162
0.69898 -0.135541
0.683673 -0.133787
0.742347 -0.132651
0.755102 -0.130059
0.813776 -0.12854
0.806122 -0.126636
0.790816 -0.125041
0.82398 -0.12244
0.788265 -0.120194
0.765306 -0.118481
0.739796 -0.116784
0.696429 -0.116317
0.739796 -0.115194
0.739796 -0.114605
0.739796 -0.113121
0.691327 -0.112074
0.701531 -0.111017
0.704082 -0.110502
0.653061 -0.110368
0.709184 -0.10927
0.686224 -0.108096
0.663265 -0.10649
0.663265 -0.105686
0.693878 -0.104824
0.742347 -0.104356
0.704082 -0.103061
0.714286 -0.102311
0.765306 -0.10105
0.729592 -0.0993001
0.714286 -0.0981871
0.747449 -0.0974497
0.778061 -0.0981176
0.772959 -0.0995208
0.704082 -0.100514
0.701531 -0.100479
0.660714 -0.100134
0.65051 -0.100304
0.653061 -0.101036
0.678571 -0.100518
0.688776 -0.100437
0.617347 -0.0997409
0.637755 -0.0983037
0.678571 -0.097081
0.647959 -0.0949232
0.614796 -0.0929554
0.594388 -0.0918052
0.561224 -0.091691
0.57398 -0.0913165
0.591837 -0.0906349
0.594388 -0.0893764
0.545918 -0.0889039
0.604592 -0.0880509
0.561224 -0.0878793
0.627551 -0.0875186
0.681122 -0.0873665
0.704082 -0.0866209
0.727041 -0.0860274
0.737245 -0.0857761
0.783163 -0.0867214
0.762755 -0.0878619
0.72449 -0.0900472
0.755102 -0.0921607
0.739796 -0.0939054
0.752551 -0.0955421
0.765306 -0.0973227
0.719388 -0.0979617
0.72449 -0.0985381
0.729592 -0.0991931
0.709184 -0.0997007
0.686224 -0.0998556
0.686224 -0.101038
0.706633 -0.102985
0.688776 -0.104655
0.673469 -0.105962
0.653061 -0.107124
0.591837 -0.107683
0.52551 -0.107701
0.55102 -0.108041
0.584184 -0.108218
0.632653 -0.107834
0.619898 -0.107138
0.602041 -0.105355
0.617347 -0.103897
0.579082 -0.102644
0.568878 -0.10232
0.543367 -0.10262
0.566327 -0.103189
0.545918 -0.102635
0.545918 -0.101101
0.568878 -0.0990991
0.627551 -0.0974453
0.617347 -0.0955611
0.630102 -0.0943839
0.566327 -0.0927606
0.607143 -0.0903622
0.645408 -0.0884437
0.584184 -0.0867833
0.609694 -0.0848404
0.622449 -0.0840002
0.653061 -0.0838148
0.625 -0.0834611
0.678571 -0.0827197
0.647959 -0.0820172
0.591837 -0.0811587
0.604592 -0.08016
0.67602 -0.0790813
0.706633 -0.0788978
0.711735 -0.0787206
0.686224 -0.0778096
0.686224 -0.0763167
0.673469 -0.0760809
0.683673 -0.0761748
0.688776 -0.0758877
0.716837 -0.0763876
0.716837 -0.0771884
0.701531 -0.0779894
0.744898 -0.0782962
0.719388 -0.0783072
0.719388 -0.0778632
0.711735 -0.0775405
0.696429 -0.0769144
0.681122 -0.0769786
0.701531 -0.0772435
0.69898 -0.0782794
0.686224 -0.0792951
0.655612 -0.0806215
0.632653 -0.0800641
0.586735 -0.0792371
0.612245 -0.0791825
0.594388 -0.0788791
0.612245 -0.0774893
0.576531 -0.0765443
0.566327 -0.0762726
0.609694 -0.0758218
0.594388 -0.0753962
0.630102 -0.0752116
0.619898 -0.075885
0.59949 -0.0760368
0.553571 -0.0758232
0.556122 -0.0758534
0.528061 -0.0749839
0.533163 -0.0743009
0.471939 -0.0734253
0.42602 -0.0732167
0.40051 -0.0730452
0.44898 -0.0737489
0.456633 -0.0742108
0.433673 -0.0747135
0.505102 -0.0745021
0.512755 -0.0749385
0.5 -0.0747492
0.55102 -0.0750497
0.609694 -0.0765087
0.596939 -0.07665
0.556122 -0.0770309
0.535714 -0.077283
0.494898 -0.0787185
0.464286 -0.0798901
0.47449 -0.0815611
0.461735 -0.0823287
0.5 -0.0832042
0.505102 -0.0843915
0.579082 -0.0854728
0.591837 -0.0863728
0.586735 -0.0870169
0.619898 -0.0870117
0.607143 -0.0873376
0.609694 -0.0859716
0.604592 -0.0843749
0.571429 -0.0828349
0.558673 -0.0811101
0.612245 -0.0798512
0.589286 -0.079158
0.584184 -0.0794134
0.584184 -0.0802175
0.619898 -0.0805197
0.627551 -0.0803907
0.660714 -0.0798603
0.637755 -0.079533
0.658163 -0.0800782
0.673469 -0.0807314
0.668367 -0.0794861
0.627551 -0.0782291
0.637755 -0.0767776
0.653061 -0.0763894
0.625 -0.0755653
0.627551 -0.0758486
0.645408 -0.0757414
0.665816 -0.0760971
0.683673 -0.0761949
0.69898 -0.0765415
0.727041 -0.0775897
0.711735 -0.0786738
0.709184 -0.0795916
0.747449 -0.0797776
0.732143 -0.0795241
0.732143 -0.0779316
0.755102 -0.0772502
0.762755 -0.0764978
0.75 -0.0767918
0.762755 -0.076651
0.783163 -0.0762613
0.836735 -0.0752147
0.844388 -0.0738449
0.788265 -0.0720256
0.785714 -0.0712697
0.785714 -0.0709158
0.798469 -0.0707911
0.785714 -0.0702231
0.767857 -0.0693916
0.765306 -0.0692489
0.729592 -0.0694402
0.755102 -0.0694225
0.765306 -0.0688563
0.778061 -0.0681053
0.742347 -0.0667505
0.719388 -0.0657429
0.658163 -0.0656297
0.663265 -0.0650212
0.670918 -0.0640253
0.691327 -0.0626867
0.757653 -0.0617815
0.80102 -0.0614073
0.821429 -0.0611772
0.816327 -0.0604055
0.798469 -0.0599346
0.808673 -0.0590366
0.77551 -0.0583657
0.788265 -0.058196
0.755102 -0.0568769
0.811224 -0.0571549
0.829082 -0.0567836
0.841837 -0.0566224
0.811224 -0.0556932
0.790816 -0.0557267
0.772959 -0.0557468
0.790816 -0.0568823
0.829082 -0.0573399
0.829082 -0.0585101
0.844388 -0.0589989
0.880102 -0.0587806
0.877551 -0.0591549
0.875 -0.0588011
0.890306 -0.0584329
0.887755 -0.0578393
0.872449 -0.0577256
0.854592 -0.0565269
0.854592 -0.0549504
0.813776 -0.0537954
0.831633 -0.0522653
0.803571 -0.0500365
0.806122 -0.048232
0.793367 -0.0466056
0.844388 -0.044684
0.80102 -0.0429864
0.80102 -0.0411806
0.816327 -0.0399298
0.821429 -0.038409
0.852041 -0.036753
0.880102 -0.0343977
0.869898 -0.0330081
0.818878 -0.0309005
0.770408 -0.0295333
0.757653 -0.0286413
0.734694 -0.0282194
0.813776 -0.0283577
0.816327 -0.0286741
0.811224 -0.0289671
0.790816 -0.0295819
0.795918 -0.0296236
0.803571 -0.0296641
0.767857 -0.0304829
0.816327 -0.0316306
0.772959 -0.0334231
0.813776 -0.0348865
0.806122 -0.0358252
0.834184 -0.0371524
0.867347 -0.0393225
0.90051 -0.040317
0.890306 -0.0403725
0.854592 -0.0395542
0.839286 -0.0386876
0.846939 -0.0387066
0.844388 -0.0393068
0.841837 -0.038338
0.836735 -0.0386387
0.862245 -0.0390583
0.859694 -0.0399707
0.859694 -0.0408327
0.84949 -0.0419763
0.836735 -0.0422397
0.806122 -0.0413839
0.798469 -0.0409531
0.818878 -0.0398009
0.834184 -0.0380224
0.839286 -0.0363677
0.844388 -0.0335896
0.795918 -0.0306286
0.780612 -0.0281662
0.806122 -0.0258016
0.808673 -0.0243585
0.818878 -0.0224075
0.841837 -0.0200913
0.864796 -0.0178373
0.841837 -0.0158813
0.844388 -0.0139992
0.846939 -0.0109357
0.813776 -0.00961595
0.798469 -0.00914419
0.803571 -0.0083721
0.795918 -0.00748968
0.803571 -0.00661576
0.770408 -0.00596169
0.757653 -0.00541202
0.77551 -0.00497508
0.744898 -0.00463773
0.760204 -0.00326448
0.734694 -0.00147023
0.704082 -9.70363e-05
0.686224 0.00117201
0.658163 0.00212677
0.65051 0.00290327
0.663265 0.003944
0.69898 0.00481008
0.719388 0.00569742
0.683673 0.00669573
0.67602 0.00784584
0.642857 0.00883559
0.617347 0.0110316
0.658163 0.0137022
0.693878 0.0160964
0.688776 0.0169656
0.683673 0.0187746
0.622449 0.0207026
0.589286 0.0233198
0.586735 0.0261154
0.586735 0.0278397
0.579082 0.0298934
0.581633 0.0318416
0.594388 0.0338947
0.589286 0.0356509
0.647959 0.0381096
0.658163 0.040809
0.653061 0.0433369
0.688776 0.0451711
0.65051 0.0461492
0.637755 0.0471044
0.645408 0.0479036
0.627551 0.0483534
0.693878 0.0498895
0.686224 0.0529299
0.619898 0.054984
0.625 0.057501
0.609694 0.0589223
0.663265 0.0598266
0.617347 0.060694
0.627551 0.061728
0.665816 0.0610442
0.65051 0.061849
0.673469 0.0627196
0.619898 0.0634607
0.630102 0.0637831
0.637755 0.0644468
0.630102 0.0654399
0.614796 0.0668005
0.617347 0.0681145
0.640306 0.0688199
0.642857 0.0692631
0.640306 0.0691064
0.655612 0.069187
0.668367 0.0691422
0.67602 0.0691204
0.683673 0.0696012
0.630102 0.0708667
0.619898 0.0728698
0.640306 0.074552
0.660714 0.0767759
0.678571 0.0788393
0.678571 0.0805054
0.683673 0.0821881
0.681122 0.0851745
0.691327 0.0875097
0.673469 0.0900331
0.704082 0.0926609
0.716837 0.0951963
0.714286 0.0976705
0.72449 0.0997897
0.72449 0.101603
0.67602 0.102182
0.704082 0.103124
0.744898 0.103797
0.739796 0.105327
0.739796 0.107115
0.770408 0.110357
0.816327 0.113112
0.770408 0.116379
0.831633 0.119132
0.77551 0.122197
0.798469 0.124841
0.783163 0.126319
0.793367 0.127886
0.747449 0.128612
0.752551 0.13007
0.737245 0.130956
0.752551 0.130999
0.765306 0.131067
0.757653 0.130972
0.760204 0.130337
0.739796 0.13046
0.795918 0.130568
0.806122 0.130107
0.783163 0.128264
0.788265 0.127852
0.739796 0.127521
0.793367 0.125744
0.795918 0.123005
0.818878 0.121137
0.826531 0.119318
0.788265 0.117991
0.744898 0.11627
0.757653 0.11357
0.719388 0.109695
0.711735 0.106384
0.69898 0.103874
0.655612 0.101798
0.663265 0.100152
0.709184 0.0980709
0.742347 0.0956547
0.727041 0.0925698
0.77551 0.0904284
0.772959 0.0882343
0.780612 0.085533
0.732143 0.08257
0.762755 0.0797708
0.778061 0.0769077
0.795918 0.0741105
0.82398 0.0713338
0.836735 0.0695022
0.852041 0.0684644
0.772959 0.0678946
0.716837 0.0682866
0.701531 0.0681078
0.709184 0.0683824
0.732143 0.068963
0.719388 0.0697506
0.752551 0.0707841
0.727041 0.0704333
0.75 0.0709171
0.72449 0.072053
0.714286 0.0728265
0.757653 0.0727958
0.77551 0.0724203
0.780612 0.0724048
0.744898 0.071497
0.770408 0.0709349
0.808673 0.0693114
0.793367 0.068575
0.790816 0.0676007
0.788265 0.0670202
0.821429 0.0647832
0.780612 0.0636329
0.767857 0.0628427
0.783163 0.0628056
0.783163 0.0629526
0.747449 0.0633696
0.75 0.0641292
0.762755 0.064562
0.734694 0.066235
0.818878 0.0683836
0.854592 0.0684382
0.839286 0.0693543
0.808673 0.0706763
0.821429 0.0716388
0.841837 0.0730368
0.811224 0.0745571
0.795918 0.0755116
0.806122 0.0767046
0.821429 0.0766924
0.806122 0.0766255
0.790816 0.0767261
0.803571 0.076772
0.803571 0.0777832
0.816327 0.0781777
0.872449 0.0794308
0.864796 0.0818873
0.869898 0.0839501
0.831633 0.0863043
0.783163 0.0872806
0.816327 0.088808
0.806122 0.090228
0.821429 0.0915872
0.818878 0.0943431
0.834184 0.096081
0.783163 0.0984105
0.821429 0.101131
0.795918 0.104214
0.811224 0.107672
0.834184 0.111691
0.836735 0.114534
0.818878 0.117605
0.844388 0.119777
0.857143 0.121859
0.852041 0.123156
0.846939 0.124177
0.867347 0.125753
0.836735 0.127021
0.80102 0.128465
0.818878 0.13016
0.862245 0.131913
0.877551 0.133118
0.869898 0.134325
0.905612 0.136613
0.895408 0.13862
0.846939 0.14132
0.852041 0.142622
0.841837 0.143643
0.854592 0.146827
0.857143 0.150024
0.877551 0.152977
0.882653 0.155459
0.854592 0.157351
0.836735 0.158115
0.806122 0.159683
0.84949 0.161734
0.864796 0.164056
0.82398 0.167435
0.839286 0.169821
0.854592 0.170925
0.84949 0.171761
0.816327 0.172656
0.806122 0.173746
0.788265 0.17492
0.788265 0.176878
0.755102 0.179347
0.793367 0.181169
0.788265 0.182581
0.82398 0.183517
0.818878 0.185881
0.790816 0.187914
0.798469 0.189319
0.826531 0.190305
0.836735 0.191595
0.836735 0.191988
0.829082 0.191281
0.826531 0.191914
0.818878 0.192748
0.765306 0.193724
0.75 0.194197
0.729592 0.195177
0.780612 0.196151
0.80102 0.196967
0.808673 0.198674
0.785714 0.199552
0.72449 0.199763
0.711735 0.200964
0.739796 0.202181
0.77551 0.204819
0.785714 0.206907
0.829082 0.208594
0.839286 0.20972
0.831633 0.210023
0.765306 0.211213
0.772959 0.21327
0.795918 0.214899
0.772959 0.217285
0.747449 0.218088
0.727041 0.219051
0.719388 0.219749
0.744898 0.22036
0.778061 0.221386
0.737245 0.222919
0.75 0.224567
0.765306 0.225482
0.790816 0.225628
0.762755 0.225037
0.772959 0.225375
0.788265 0.225598
0.767857 0.226999
0.780612 0.227567
0.752551 0.229072
0.767857 0.230866
0.77551 0.232104
0.790816 0.233563
0.760204 0.23369
0.80102 0.23463
0.816327 0.23405
0.806122 0.232948
0.834184 0.231599
0.862245 0.230915
0.862245 0.229577
0.831633 0.228715
0.839286 0.228501
0.839286 0.228278
0.806122 0.229436
0.783163 0.231112
0.755102 0.231519
0.783163 0.231502
0.75 0.232059
0.818878 0.233343
0.808673 0.235273
0.798469 0.237915
0.790816 0.240969
0.785714 0.244457
0.765306 0.246958
0.834184 0.249155
0.783163 0.252311
0.780612 0.255231
0.77551 0.25792
0.788265 0.261563
0.795918 0.265271
0.760204 0.269998
0.770408 0.274881
0.747449 0.279459
0.767857 0.284762
0.831633 0.29059
0.813776 0.294129
0.816327 0.296047
0.821429 0.298382
0.790816 0.300181
0.767857 0.301033
0.752551 0.301575
0.716837 0.301885
0.72449 0.302517
0.681122 0.303056
0.683673 0.303029
0.704082 0.303013
0.709184 0.304211
0.704082 0.307052
0.683673 0.308828
0.655612 0.311102
0.683673 0.313631
0.653061 0.315705
0.609694 0.317508
0.653061 0.317809
0.696429 0.31803
0.729592 0.317685
0.757653 0.316419
0.785714 0.314251
0.793367 0.313945
0.803571 0.314228
0.780612 0.3156
0.762755 0.317557
0.727041 0.317849
0.785714 0.318411
0.783163 0.319486
0.790816 0.321472
0.82398 0.322036
0.826531 0.321917
0.793367 0.32218
0.808673 0.323295
0.846939 0.324569
0.82398 0.325892
0.877551 0.327622
0.818878 0.328741
0.831633 0.330227
0.765306 0.331521
0.752551 0.331235
0.732143 0.331523
0.767857 0.333106
0.821429 0.333849
0.829082 0.334311
0.795918 0.333934
0.80102 0.334224
0.790816 0.333668
0.813776 0.333781
0.854592 0.334095
0.795918 0.334595
0.757653 0.333185
0.75 0.333348
0.772959 0.333205
0.760204 0.333413
0.783163 0.33397
0.765306 0.334001
0.734694 0.334009
0.714286 0.3337
0.729592 0.333881
0.660714 0.333957
0.660714 0.332799
0.701531 0.331753
0.729592 0.330061
0.709184 0.328137
0.734694 0.326035
0.757653 0.323282
0.783163 0.321391
0.783163 0.319596
0.770408 0.318451
0.770408 0.316915
0.770408 0.315521
0.757653 0.314665
0.696429 0.313397
0.658163 0.312709
0.653061 0.31294
0.668367 0.313605
0.645408 0.314162
0.645408 0.316049
0.670918 0.317344
0.778061 0.318661
0.770408 0.319271
0.75 0.319789
0.716837 0.320592
0.732143 0.320902
0.716837 0.32234
0.729592 0.322607
0.67602 0.323233
0.701531 0.322623
0.686224 0.321949
0.744898 0.320894
0.709184 0.319156
0.739796 0.317624
0.755102 0.315809
0.77551 0.312825
0.790816 0.310646
0.80102 0.308672
0.793367 0.306989
0.765306 0.305876
0.727041 0.30453
0.721939 0.303214
0.701531 0.301421
0.711735 0.299058
0.744898 0.295541
0.711735 0.29184
0.714286 0.288074
0.693878 0.283579
0.701531 0.278998
0.645408 0.274933
0.609694 0.271324
0.640306 0.267331
0.665816 0.264011
0.617347 0.261802
0.614796 0.259896
0.630102 0.257925
0.625 0.254841
0.642857 0.251836
0.625 0.250648
0.640306 0.249843
0.591837 0.248313
0.604592 0.246599
0.59949 0.24462
0.515306 0.242154
0.505102 0.239723
0.553571 0.236687
0.568878 0.23439
0.637755 0.23202
0.596939 0.230566
0.591837 0.229504
0.586735 0.227768
0.653061 0.226284
0.660714 0.223675
0.696429 0.221927
0.716837 0.218714
0.681122 0.216042
0.665816 0.213695
0.681122 0.211263
0.673469 0.208678
0.635204 0.206655
0.637755 0.204102
0.614796 0.201534
0.604592 0.199435
0.617347 0.197308
0.630102 0.195086
0.632653 0.193782
0.591837 0.1926
0.591837 0.1907
0.579082 0.189393
0.630102 0.188425
0.625 0.18738
0.663265 0.186215
0.663265 0.184575
0.688776 0.18242
0.706633 0.17957
0.734694 0.177049
0.686224 0.175192
0.727041 0.173367
0.716837 0.171341
0.658163 0.170642
0.665816 0.169458
0.617347 0.168801
0.594388 0.167199
0.607143 0.165286
0.65051 0.164136
0.645408 0.163266
0.632653 0.162784
0.622449 0.162201
0.670918 0.16171
0.670918 0.161332
0.678571 0.160324
0.704082 0.158234
0.727041 0.156234
0.72449 0.154609
0.678571 0.152336
0.696429 0.150263
0.660714 0.146828
0.635204 0.143962
0.660714 0.141813
0.678571 0.139271
0.645408 0.136545
0.681122 0.134283
0.67602 0.130962
0.67602 0.127918
0.635204 0.124707
0.637755 0.121476
0.65051 0.119098
0.658163 0.117053
0.647959 0.11428
0.678571 0.113037
0.619898 0.111345
0.645408 0.109133
0.660714 0.108682
0.678571 0.108287
0.663265 0.108406
0.640306 0.108404
0.632653 0.10904
0.614796 0.109792
0.625 0.111764
0.632653 0.11395
0.673469 0.115732
0.67602 0.11794
0.691327 0.118638
0.630102 0.120382
0.566327 0.120924
0.563776 0.122686
0.538265 0.123725
0.52551 0.123771
0.522959 0.126116
0.553571 0.128851
0.589286 0.130546
0.563776 0.13292
0.563776 0.136151
0.596939 0.139524
0.561224 0.142454
0.579082 0.144088
0.612245 0.14637
0.604592 0.148154
0.645408 0.149808
0.645408 0.151498
0.625 0.15366
0.655612 0.154071
0.632653 0.154174
0.642857 0.154881
0.678571 0.155626
0.691327 0.155046
0.673469 0.154524
0.625 0.154447
0.701531 0.15558
0.693878 0.156092
0.732143 0.156818
0.742347 0.158583
0.732143 0.160678
0.729592 0.162411
0.714286 0.164166
0.670918 0.165189
0.701531 0.167333
0.665816 0.167539
0.709184 0.16849
0.709184 0.169511
0.711735 0.170662
0.681122 0.171383
0.747449 0.172064
0.770408 0.17288
0.811224 0.17359
0.826531 0.175191
0.806122 0.176101
0.821429 0.177388
0.816327 0.178861
0.811224 0.181497
0.75 0.184023
0.806122 0.186273
0.808673 0.18894
0.77551 0.191457
0.795918 0.193164
0.806122 0.195147
0.747449 0.195669
0.765306 0.196224
0.747449 0.196883
0.757653 0.198222
0.778061 0.199127
0.77551 0.201629
0.762755 0.205613
0.785714 0.208903
0.821429 0.212848
0.887755 0.216806
0.895408 0.220894
0.875 0.225682
0.890306 0.228878
0.872449 0.230724
0.872449 0.232497
0.852041 0.235685
0.839286 0.238268
0.793367 0.240547
0.788265 0.242432
0.793367 0.244186
0.803571 0.246563
0.798469 0.248519
0.806122 0.250505
0.790816 0.252459
0.757653 0.25481
0.788265 0.258319
0.798469 0.26005
0.780612 0.263531
0.770408 0.265743
0.747449 0.268168
0.780612 0.271774
0.778061 0.27412
0.77551 0.276561
0.783163 0.278617
0.772959 0.281147
0.783163 0.283767
0.808673 0.287785
0.80102 0.291186
0.844388 0.294158
0.836735 0.295259
0.887755 0.296435
0.872449 0.297131
0.834184 0.29762
0.816327 0.297638
0.841837 0.296955
0.857143 0.296665
0.852041 0.297064
0.834184 0.296186
0.841837 0.295736
0.859694 0.294254
0.852041 0.292278
0.839286 0.289749
0.882653 0.288824
0.872449 0.287603
0.890306 0.286308
0.864796 0.285146
0.841837 0.282811
0.806122 0.281472
0.813776 0.279251
0.859694 0.276039
0.875 0.272437
0.839286 0.269637
0.854592 0.266738
0.862245 0.263426
0.885204 0.26046
0.857143 0.257496
0.811224 0.255651
0.798469 0.253749
0.765306 0.252626
0.760204 0.252247
0.790816 0.251684
0.795918 0.250578
0.77551 0.24934
0.742347 0.247847
0.693878 0.246903
0.727041 0.24677
0.783163 0.247093
0.806122 0.247442
0.742347 0.248005
0.795918 0.249154
0.785714 0.248873
0.767857 0.247585
0.780612 0.247549
0.783163 0.247175
0.780612 0.247113
0.747449 0.247686
0.729592 0.246564
0.737245 0.245044
0.783163 0.24263
0.811224 0.239888
0.813776 0.238064
0.806122 0.236344
0.813776 0.235263
0.795918 0.234625
0.816327 0.234052
0.816327 0.234467
0.846939 0.232842
0.844388 0.231182
0.803571 0.229444
0.821429 0.228653
0.795918 0.22716
0.808673 0.225166
0.82398 0.223149
0.839286 0.221887
0.770408 0.218382
0.752551 0.21636
0.798469 0.213498
0.839286 0.210953
0.852041 0.20794
0.834184 0.206746
0.844388 0.204948
0.846939 0.203027
0.852041 0.200835
0.857143 0.198242
0.839286 0.195275
0.813776 0.191982
0.813776 0.188556
0.762755 0.185521
0.798469 0.182629
0.803571 0.179763
0.803571 0.17829
0.783163 0.176641
0.739796 0.175255
0.714286 0.174466
0.742347 0.173908
0.72449 0.17253
0.72449 0.171322
0.660714 0.169667
0.653061 0.169452
0.688776 0.167512
0.683673 0.165462
0.721939 0.162331
0.729592 0.158774
0.760204 0.156374
0.793367 0.152673
0.821429 0.149536
0.793367 0.145662
0.836735 0.141947
0.798469 0.138378
0.757653 0.135739
0.785714 0.1322
0.739796 0.128946
0.744898 0.126305
0.747449 0.124875
0.752551 0.122745
0.785714 0.120928
0.795918 0.120383
0.762755 0.11933
0.788265 0.11936
0.80102 0.118433
0.826531 0.118579
0.864796 0.118384
0.852041 0.118126
0.877551 0.118823
0.905612 0.120066
0.895408 0.123028
0.854592 0.12502
0.852041 0.128114
0.854592 0.130238
0.872449 0.132147
0.877551 0.133211
0.852041 0.133984
0.857143 0.135542
0.857143 0.136643
0.854592 0.137363
0.790816 0.138051
0.82398 0.13989
0.877551 0.140865
0.887755 0.143067
0.854592 0.145172
0.831633 0.146276
0.798469 0.146367
0.788265 0.147493
0.795918 0.149048
0.767857 0.150733
0.734694 0.153083
0.714286 0.155279
0.762755 0.156966
0.77551 0.157455
0.767857 0.157093
0.821429 0.156502
0.841837 0.155676
0.829082 0.155019
0.80102 0.154757
0.829082 0.154972
0.811224 0.155853
0.844388 0.155286
0.859694 0.154231
0.864796 0.152003
0.895408 0.148109
0.862245 0.14381
0.836735 0.140271
0.816327 0.137583
0.793367 0.134653
0.813776 0.131887
0.813776 0.127469
0.831633 0.124155
0.839286 0.120777
0.80102 0.118415
0.816327 0.116306
0.788265 0.114279
0.846939 0.112703
0.841837 0.10887
0.818878 0.104813
0.818878 0.102825
0.852041 0.10116
0.846939 0.0985285
0.862245 0.0956713
0.844388 0.0949281
0.867347 0.0936918
0.859694 0.0928192
0.882653 0.0925484
0.857143 0.0915841
0.890306 0.0904146
0.864796 0.0896131
0.811224 0.0886664
0.760204 0.0881733
0.793367 0.0872286
0.808673 0.0871501
0.834184 0.0857904
0.767857 0.0836492
0.739796 0.0822687
0.780612 0.0809472
0.795918 0.0796129
0.75 0.0799027
0.77551 0.0807666
0.752551 0.0802409
0.757653 0.0801418
0.808673 0.079338
0.780612 0.0784573
0.859694 0.0773752
0.857143 0.0767314
0.867347 0.0769453
0.841837 0.0761132
0.829082 0.0753775
0.793367 0.075139
0.808673 0.0751006
0.795918 0.0759615
0.778061 0.0758035
0.772959 0.0757475
0.737245 0.0754059
0.729592 0.0745627
0.790816 0.0725044
0.813776 0.0707879
0.811224 0.0687623
0.852041 0.0674662
0.834184 0.0662943
0.729592 0.0644875
0.72449 0.0615063
0.729592 0.0588814
0.709184 0.0560353
0.716837 0.0519385
0.72449 0.0488063
0.72449 0.0448792
0.752551 0.0411565
0.752551 0.0377526
0.783163 0.0342918
0.772959 0.0317626
0.818878 0.0297151
0.757653 0.0281202
0.755102 0.0261164
0.742347 0.0232826
0.737245 0.0208656
0.739796 0.020058
0.780612 0.0196528
0.831633 0.0196918
0.826531 0.0189535
0.859694 0.0177947
0.831633 0.0163492
0.798469 0.0153216
0.821429 0.0134347
0.818878 0.0112152
0.836735 0.00865587
0.831633 0.00564322
0.818878 0.00357107
0.821429 -0.000574545
0.818878 -0.00482463
0.839286 -0.00792674
0.831633 -0.0113113
0.821429 -0.0148302
0.798469 -0.0177608
0.803571 -0.0213349
0.770408 -0.024051
0.803571 -0.0269135
0.829082 -0.0311546
0.813776 -0.0345996
0.841837 -0.0384087
0.836735 -0.0420772
0.811224 -0.0453226
0.767857 -0.0484296
0.729592 -0.0509617
0.727041 -0.0541259
0.742347 -0.0566462
0.701531 -0.059069
0.607143 -0.0619805
0.627551 -0.0642473
0.617347 -0.0669735
0.614796 -0.0701465
0.596939 -0.0736446
0.640306 -0.0762803
0.625 -0.0789564
0.627551 -0.0809352
0.630102 -0.0841793
0.630102 -0.0881616
0.553571 -0.0912015
0.556122 -0.0935013
0.625 -0.0963868
0.678571 -0.0983654
0.686224 -0.101493
0.701531 -0.104459
0.696429 -0.107437
0.688776 -0.110994
0.742347 -0.114053
0.752551 -0.117602
0.788265 -0.120678
0.752551 -0.1241
0.75 -0.128141
0.755102 -0.133017
0.75 -0.137369
0.742347 -0.140913
0.798469 -0.144521
0.77551 -0.149823
0.788265 -0.153449
0.744898 -0.156531
0.780612 -0.157795
0.77551 -0.159776
0.783163 -0.163315
0.72449 -0.167807
0.752551 -0.171545
0.762755 -0.174579
0.795918 -0.177425
0.795918 -0.180668
0.803571 -0.184074
0.811224 -0.18853
0.857143 -0.192721
0.854592 -0.197576
0.834184 -0.202092
0.852041 -0.204925
0.857143 -0.206483
0.880102 -0.20734
0.872449 -0.207618
0.875 -0.208235
0.875 -0.208234
0.854592 -0.20853
0.875 -0.209537
0.885204 -0.208949
0.872449 -0.20905
0.829082 -0.208631
0.834184 -0.208389
0.780612 -0.208064
0.762755 -0.206693
0.752551 -0.204488
0.770408 -0.200648
0.75 -0.19642
0.678571 -0.191688
0.732143 -0.186162
0.770408 -0.181153
0.760204 -0.177342
0.755102 -0.173461
0.732143 -0.169465
0.732143 -0.165859
0.696429 -0.162709
0.742347 -0.160132
0.767857 -0.157735
0.772959 -0.155331
0.742347 -0.15372
0.729592 -0.151977
0.688776 -0.148431
0.69898 -0.143955
0.660714 -0.140296
0.69898 -0.137293
0.693878 -0.132675
0.732143 -0.12726
0.734694 -0.122463
0.767857 -0.115895
0.75 -0.108656
0.75 -0.100621
0.803571 -0.0937354
0.813776 -0.0859767
0.84949 -0.0783068
0.839286 -0.071412
0.82398 -0.0664737
0.82398 -0.0609015
0.829082 -0.0551848
0.818878 -0.0495667
0.783163 -0.043564
0.772959 -0.0386809
0.772959 -0.0335571
0.721939 -0.0284263
0.795918 -0.0226493
0.795918 -0.0172022
0.811224 -0.0128927
0.808673 -0.0091286
0.821429 -0.0060937
0.806122 -0.00338613
0.844388 -0.000706715
0.826531 0.000340841
0.852041 0.000396636
0.875 -0.000156312
0.903061 -0.00186755
0.890306 -0.00323263
0.864796 -0.00510768
0.872449 -0.00701005
0.839286 -0.00921211
0.846939 -0.0115037
0.839286 -0.0122884
0.785714 -0.0136795
0.844388 -0.014092
0.82398 -0.0161577
0.816327 -0.0185558
0.806122 -0.0210042
0.862245 -0.0227552
0.877551 -0.0249496
0.859694 -0.0268113
0.862245 -0.0288587
0.844388 -0.0308031
0.852041 -0.0335863
0.831633 -0.0366576
0.813776 -0.0411231
0.806122 -0.0463522
0.82398 -0.0506713
0.77551 -0.0547498
0.821429 -0.0583071
0.844388 -0.0624471
0.816327 -0.0658456
0.852041 -0.0695992
0.857143 -0.0718007
0.834184 -0.0757589
0.84949 -0.0790516
0.795918 -0.0818276
0.813776 -0.0840129
0.821429 -0.0861611
0.813776 -0.0886454
0.82398 -0.0913179
0.857143 -0.0932848
0.869898 -0.0949044
0.831633 -0.0969501
0.826531 -0.0991156
0.818878 -0.102303
0.82398 -0.10456
0.803571 -0.10649
0.762755 -0.108217
0.767857 -0.110439
0.783163 -0.113338
0.793367 -0.114771
0.788265 -0.114641
0.790816 -0.115002
0.836735 -0.115563
0.864796 -0.117083
0.862245 -0.118004
0.864796 -0.118649
0.84949 -0.119414
0.875 -0.11943
0.854592 -0.118687
0.841837 -0.119263
0.875 -0.119854
0.90051 -0.120697
0.892857 -0.120469
0.890306 -0.120483
0.890306 -0.118916
0.920918 -0.116588
0.895408 -0.113703
0.892857 -0.110136
0.872449 -0.107628
0.839286 -0.107332
0.84949 -0.106742
0.869898 -0.105637
0.862245 -0.104911
0.808673 -0.104161
0.798469 -0.104046
0.829082 -0.103924
0.836735 -0.104827
0.846939 -0.105474
0.864796 -0.106678
0.841837 -0.109623
0.859694 -0.112977
0.836735 -0.115142
0.841837 -0.116276
0.821429 -0.118618
0.772959 -0.121288
0.780612 -0.123235
0.780612 -0.126804
0.783163 -0.129381
0.760204 -0.130858
0.739796 -0.131605
0.721939 -0.133976
0.742347 -0.1362
0.727041 -0.13969
0.742347 -0.142762
0.742347 -0.144894
0.72449 -0.145614
0.752551 -0.145414
0.69898 -0.145204
0.704082 -0.144824
0.719388 -0.143351
0.765306 -0.143664
0.752551 -0.144429
0.734694 -0.145364
0.765306 -0.144412
0.770408 -0.142843
0.739796 -0.141591
0.767857 -0.140141
0.778061 -0.138541
0.765306 -0.136607
0.767857 -0.134023
0.780612 -0.132578
0.716837 -0.131096
0.691327 -0.129078
0.701531 -0.126746
0.668367 -0.125887
0.653061 -0.125395
0.627551 -0.126655
0.655612 -0.126663
0.704082 -0.126971
0.704082 -0.125991
0.760204 -0.124366
0.752551 -0.123059
0.762755 -0.119804
0.72449 -0.116693
0.760204 -0.112359
0.755102 -0.108562
0.727041 -0.103358
0.790816 -0.0976297
0.747449 -0.0919648
0.806122 -0.0863234
0.816327 -0.0813256
0.831633 -0.0768279
0.836735 -0.0729259
0.839286 -0.0699555
0.84949 -0.0666835
0.80102 -0.0635734
0.80102 -0.0604541
0.829082 -0.0586211
0.816327 -0.0566871
0.821429 -0.054273
0.839286 -0.052947
0.826531 -0.0523158
0.826531 -0.051118
0.829082 -0.051253
0.803571 -0.0519691
0.795918 -0.0521741
0.80102 -0.0531744
0.811224 -0.0526007
0.808673 -0.0513572
0.760204 -0.0507466
0.793367 -0.0507666
0.813776 -0.0517185
0.84949 -0.0516269
0.834184 -0.0531486
0.808673 -0.055302
0.811224 -0.0555727
0.757653 -0.0555099
0.719388 -0.0546622
0.701531 -0.0535249
0.711735 -0.0514024
0.727041 -0.0508057
0.732143 -0.0495483
0.757653 -0.0481668
0.790816 -0.0475559
0.788265 -0.0474854
0.783163 -0.0472659
0.77551 -0.0478751
0.783163 -0.0492824
0.806122 -0.0513782
0.80102 -0.0544743
0.780612 -0.0580575
0.806122 -0.0606884
0.747449 -0.0613224
0.755102 -0.0630707
0.716837 -0.0649874
0.729592 -0.0671363
0.714286 -0.0683054
0.72449 -0.0684098
0.670918 -0.0690693
0.711735 -0.0712449
0.737245 -0.0727053
0.770408 -0.0761787
0.806122 -0.0793592
0.84949 -0.0836039
0.816327 -0.0878732
0.793367 -0.0908857
0.82398 -0.0944087
0.798469 -0.0984268
0.821429 -0.100783
0.836735 -0.102929
0.859694 -0.105112
0.846939 -0.108974
0.82398 -0.11288
0.785714 -0.116019
0.719388 -0.119694
0.69898 -0.122599
0.732143 -0.124545
0.716837 -0.124858
0.716837 -0.1263
0.711735 -0.129477
0.688776 -0.132738
0.721939 -0.135822
0.752551 -0.137924
0.755102 -0.141964
0.767857 -0.145067
0.755102 -0.146285
0.721939 -0.147855
0.732143 -0.149726
0.693878 -0.151219
0.686224 -0.15176
0.734694 -0.152488
0.762755 -0.153158
0.742347 -0.15332
0.808673 -0.152347
0.790816 -0.15227
0.75 -0.152734
0.752551 -0.153982
0.788265 -0.155353
0.760204 -0.15749
0.709184 -0.159168
0.653061 -0.158994
0.594388 -0.15899
0.668367 -0.16002
0.693878 -0.160877
0.65051 -0.161342
0.670918 -0.161927
0.686224 -0.161889
0.678571 -0.162395
0.668367 -0.161681
0.719388 -0.160969
0.688776 -0.159375
0.737245 -0.156407
0.755102 -0.152597
0.772959 -0.149545
0.816327 -0.146794
0.818878 -0.144249
0.84949 -0.142432
0.90051 -0.140411
0.92602 -0.139624
0.920918 -0.139506
0.90051 -0.140755
0.928571 -0.141013
0.908163 -0.13975
0.90051 -0.137698
0.903061 -0.136379
0.875 -0.134398
0.880102 -0.133448
0.852041 -0.132492
0.813776 -0.130838
0.785714 -0.129
0.734694 -0.127421
0.732143 -0.12529
0.762755 -0.12241
0.739796 -0.120711
0.75 -0.119019
0.72449 -0.116476
0.721939 -0.113415
0.770408 -0.110695
0.808673 -0.109696
0.839286 -0.109279
0.864796 -0.109758
0.885204 -0.110073
0.854592 -0.111233
0.798469 -0.112807
0.806122 -0.116642
0.793367 -0.11843
0.793367 -0.121344
0.790816 -0.124444
0.821429 -0.127714
0.788265 -0.129681
0.757653 -0.130954
0.818878 -0.131352
0.834184 -0.132763
0.844388 -0.134915
0.839286 -0.137962
0.897959 -0.142386
0.90051 -0.145394
0.908163 -0.147758
0.872449 -0.149446
0.836735 -0.151111
0.798469 -0.15279
0.760204 -0.155508
0.80102 -0.159702
0.836735 -0.164096
0.875 -0.16697
0.869898 -0.169237
0.846939 -0.170094
0.852041 -0.170945
0.839286 -0.17201
0.852041 -0.172567
0.82398 -0.172203
0.834184 -0.172044
0.829082 -0.172764
0.806122 -0.172477
0.795918 -0.17078
0.829082 -0.168789
0.864796 -0.167269
0.882653 -0.165844
0.882653 -0.164055
0.834184 -0.163255
0.818878 -0.162901
0.821429 -0.162346
0.785714 -0.159325
0.795918 -0.156461
0.813776 -0.153385
0.811224 -0.151343
0.790816 -0.148765
0.839286 -0.147947
0.839286 -0.146961
0.803571 -0.144993
0.790816 -0.143817
0.778061 -0.141883
0.780612 -0.139969
0.806122 -0.138025
0.816327 -0.134766
0.846939 -0.13209
0.765306 -0.130324
0.780612 -0.126709
0.75 -0.122293
0.772959 -0.11751
0.744898 -0.112647
0.783163 -0.107116
0.747449 -0.101893
0.760204 -0.0972184
0.742347 -0.0902641
0.696429 -0.0831655
0.711735 -0.0769894
0.709184 -0.0724473
0.704082 -0.0692129
0.744898 -0.0667292
0.826531 -0.0646115
0.816327 -0.0629856
0.798469 -0.0596939
0.780612 -0.0580072
0.795918 -0.0550696
0.77551 -0.0524396
0.72449 -0.0501923
0.729592 -0.0463817
0.696429 -0.0423771
0.719388 -0.0393648
0.734694 -0.0360803
0.772959 -0.0324645
0.772959 -0.0299519
0.798469 -0.0251106
0.788265 -0.0198624
0.772959 -0.0137817
0.734694 -0.00774156
0.696429 -0.00457603
0.686224 -0.00237587
0.716837 -0.000569374
0.752551 0.00262357
0.762755 0.00673429
0.762755 0.0108387
0.767857 0.0153193
0.808673 0.018804
0.816327 0.0228856
0.811224 0.0274263
0.831633 0.0311432
0.869898 0.0352343
0.890306 0.0388739
0.84949 0.0437592
0.826531 0.0485072
0.844388 0.0512458
0.862245 0.0526896
0.857143 0.0545631
0.869898 0.0576119
0.816327 0.060353
0.77551 0.0613955
0.762755 0.0617406
0.767857 0.0617788
0.72449 0.0627382
0.716837 0.063816
0.716837 0.063109
0.716837 0.0641763
0.653061 0.0661963
0.686224 0.0675003
0.704082 0.0683547
0.693878 0.0682438
0.69898 0.0682523
0.729592 0.0687886
0.755102 0.0700013
0.734694 0.0706615
0.693878 0.0725154
0.714286 0.0740869
0.709184 0.0766141
0.696429 0.0777457
0.729592 0.0791549
0.72449 0.0787653
0.696429 0.0792077
0.709184 0.0799915
0.683673 0.0805159
0.739796 0.0807194
0.711735 0.0801413
0.704082 0.0782168
0.706633 0.0781106
0.709184 0.0763486
0.765306 0.0734011
0.829082 0.0718918
0.834184 0.0704214
0.862245 0.068536
0.836735 0.0663889
0.844388 0.0641558
0.839286 0.0623621
0.852041 0.0609889
0.84949 0.059222
0.841837 0.057661
0.872449 0.0565558
0.821429 0.0536803
0.839286 0.050652
0.803571 0.0486944
0.780612 0.0471813
0.803571 0.0460922
0.813776 0.0450592
0.783163 0.044729
0.816327 0.0436011
0.770408 0.0411504
0.744898 0.0374795
0.762755 0.0339261
0.734694 0.0311755
0.673469 0.0277502
0.714286 0.0242082
0.678571 0.0204607
0.711735 0.0167011
0.701531 0.0145274
0.704082 0.0116456
0.673469 0.0116233
0.727041 0.0115312
0.742347 0.0102309
0.762755 0.00810692
0.744898 0.00632858
0.80102 0.00613589
0.813776 0.00387011
0.785714 -0.000133186
0.732143 -0.00290396
0.778061 -0.00423075
0.821429 -0.00505262
0.829082 -0.00498409
0.829082 -0.00657318
0.816327 -0.00780491
0.877551 -0.00995688
0.839286 -0.0128987
0.82398 -0.0159985
0.841837 -0.0180337
0.84949 -0.0206919
0.872449 -0.0232456
0.859694 -0.0250448
0.844388 -0.027212
0.811224 -0.030157
0.793367 -0.0320375
0.780612 -0.0329322
0.732143 -0.0349997
0.772959 -0.0355472
0.788265 -0.0358045
0.811224 -0.0354958
0.803571 -0.035783
0.755102 -0.036926
0.755102 -0.0372617
0.681122 -0.0384135
0.678571 -0.0406221
0.709184 -0.0422033
0.670918 -0.043156
0.645408 -0.0433472
0.617347 -0.0419228
0.67602 -0.04061
0.688776 -0.0392004
0.647959 -0.0373773
0.678571 -0.0369299
0.678571 -0.0360745
0.688776 -0.0361618
0.734694 -0.0334406
0.727041 -0.0307946
0.691327 -0.0283105
0.72449 -0.0244706
0.729592 -0.020586
0.732143 -0.0160832
0.693878 -0.0107833
0.714286 -0.00719423
0.721939 -0.00376284
0.727041 -0.00093158
0.704082 0.0023672
0.704082 0.00525953
0.706633 0.0103112
0.704082 0.0170366
0.665816 0.0237915
0.67602 0.0299166
0.747449 0.0354082
0.765306 0.0403399
0.803571 0.0448363
0.821429 0.0495652
0.862245 0.0551777
0.808673 0.06111
0.77551 0.0658981
0.760204 0.0703303
0.780612 0.0742111
0.816327 0.0780105
0.808673 0.082125
0.806122 0.0873816
0.818878 0.0925565
0.831633 0.0986848
0.846939 0.105163
0.844388 0.110767
0.846939 0.115349
0.834184 0.119963
0.77551 0.12334
0.778061 0.128325
0.765306 0.13205
0.719388 0.135308
0.739796 0.137458
0.716837 0.138738
0.696429 0.138861
0.686224 0.137416
0.719388 0.135139
0.752551 0.132223
0.778061 0.130848
0.714286 0.13059
0.716837 0.127629
0.678571 0.12324
0.645408 0.119325
0.622449 0.117514
0.635204 0.115495
0.596939 0.113796
0.637755 0.111317
0.614796 0.107372
0.630102 0.103799
0.67602 0.0995454
0.696429 0.0953728
0.67602 0.0904068
0.663265 0.0858317
0.668367 0.0806444
0.668367 0.0738647
0.663265 0.0661319
0.668367 0.0586006
0.660714 0.0503074
0.640306 0.0421831
0.673469 0.0353238
0.704082 0.029957
0.742347 0.0237865
0.719388 0.0199704
0.69898 0.0156503
0.686224 0.013093
0.683673 0.0113095
0.668367 0.0102505
0.670918 0.0104044
0.704082 0.00867739
0.727041 0.00884771
0.732143 0.00769242
0.765306 0.00812876
0.770408 0.00718819
0.757653 0.00532638
0.729592 0.00368774
0.72449 0.00480942
0.744898 0.00574532
0.709184 0.00538356
0.69898 0.00540741
0.729592 0.0051953
0.711735 0.00568478
0.69898 0.00713608
0.727041 0.00883877
0.734694 0.01094
0.711735 0.0116916
0.732143 0.0121627
0.739796 0.0143412
0.719388 0.0156588
0.686224 0.0173997
0.688776 0.018085
0.647959 0.0205042
0.632653 0.0222997
0.647959 0.0228547
0.602041 0.0237205
0.604592 0.0249045
0.681122 0.0274478
0.668367 0.0303417
0.630102 0.0338086
0.625 0.036793
0.637755 0.0388571
0.632653 0.0400334
0.637755 0.0409047
0.65051 0.0421704
0.668367 0.0447404
0.678571 0.0488353
0.704082 0.0508711
0.721939 0.0531498
0.737245 0.0545654
0.691327 0.0542673
0.696429 0.0530058
0.619898 0.0503499
0.619898 0.0484354
0.568878 0.0450719
0.556122 0.042645
0.568878 0.0402325
0.589286 0.0376192
0.609694 0.035146
0.627551 0.0340806
0.553571 0.0321095
0.530612 0.0314763
0.530612 0.0317585
0.568878 0.0330156
0.571429 0.0342123
0.579082 0.0341453
0.576531 0.0326991
0.591837 0.030697
0.602041 0.0315365
0.607143 0.0324614
0.602041 0.0327975
0.586735 0.0328247
0.612245 0.0336129
0.640306 0.0343056
0.691327 0.0341394
0.655612 0.0339289
0.627551 0.0347639
0.663265 0.0351216
0.681122 0.035124
0.683673 0.0353183
0.706633 0.0359966
0.665816 0.0386613
0.704082 0.0379458
0.688776 0.0374277
0.668367 0.0377102
0.67602 0.0374821
0.727041 0.0385611
0.673469 0.0391476
0.69898 0.038421
0.721939 0.0379108
0.732143 0.0351566
0.729592 0.0320367
0.696429 0.0307941
0.719388 0.0313158
0.75 0.031333
0.752551 0.0318286
0.732143 0.031585
0.714286 0.0329239
0.701531 0.0333245
0.69898 0.0329839
0.701531 0.0338354
0.681122 0.0333197
0.691327 0.0351564
0.701531 0.0365584
0.711735 0.0362103
0.732143 0.0367491
0.721939 0.037668
0.762755 0.0364771
0.716837 0.0360937
0.752551 0.0347897
0.760204 0.0321771
0.788265 0.0280715
0.767857 0.0241165
0.80102 0.0207339
0.785714 0.0177589
0.770408 0.014279
0.772959 0.00975614
0.757653 0.00616432
0.755102 0.00186198
0.783163 -0.00189909
0.767857 -0.00389229
0.734694 -0.00704302
0.729592 -0.0102604
0.734694 -0.012559
0.721939 -0.0143981
0.716837 -0.0164634
0.752551 -0.0189423
0.780612 -0.0221712
0.77551 -0.023615
0.719388 -0.0263113
0.691327 -0.0311334
0.691327 -0.0369471
0.658163 -0.0410405
0.627551 -0.0418805
0.59949 -0.0426246
0.576531 -0.0429904
0.494898 -0.0433637
0.530612 -0.0448834
0.586735 -0.0460965
0.568878 -0.0469901
0.581633 -0.04725
0.59949 -0.0487843
0.579082 -0.0544241
0.581633 -0.0597473
0.553571 -0.0642763
0.533163 -0.0679516
0.556122 -0.0715273
0.579082 -0.0737123
0.543367 -0.072981
0.530612 -0.0727391
0.530612 -0.0717049
0.556122 -0.0700692
0.510204 -0.06498
0.515306 -0.0605659
0.533163 -0.0563709
0.5 -0.0535879
0.441327 -0.0481461
0.459184 -0.0433074
0.489796 -0.040218
0.530612 -0.038054
0.538265 -0.0354896
0.535714 -0.0289496
0.502551 -0.0231006
0.484694 -0.0175292
0.492347 -0.0129332
0.451531 -0.0088031
0.520408 -0.00455764
0.494898 -0.00173706
0.5 0.00333833
0.505102 0.00841247
0.57398 0.0141162
0.596939 0.0182186
0.617347 0.0221604
0.642857 0.0260105
0.604592 0.029316
0.591837 0.032985
0.59949 0.0369523
0.612245 0.0430667
0.653061 0.047855
0.670918 0.0523886
0.678571 0.0575555
0.727041 0.0611413
0.701531 0.0626639
0.704082 0.0641748
0.678571 0.0658178
0.663265 0.0702347
0.660714 0.0758356
0.670918 0.0832909
0.721939 0.0901488
0.729592 0.0955146
0.757653 0.0994166
0.77551 0.102319
0.744898 0.106545
0.752551 0.110909
0.785714 0.117131
0.841837 0.121494
0.857143 0.123877
0.836735 0.126492
0.841837 0.12882
0.806122 0.131143
0.734694 0.133308
0.742347 0.135271
0.747449 0.13866
0.696429 0.142085
0.739796 0.144115
0.734694 0.146601
0.744898 0.148088
0.77551 0.147242
0.747449 0.148525
0.747449 0.147978
0.716837 0.147621
0.760204 0.149794
0.760204 0.152707
0.704082 0.156591
0.670918 0.157775
0.691327 0.159101
0.719388 0.161141
0.72449 0.164255
0.72449 0.168189
0.709184 0.172302
0.704082 0.176928
0.734694 0.181171
0.658163 0.184663
0.614796 0.188268
0.59949 0.192789
0.571429 0.196131
0.647959 0.201149
0.642857 0.204431
0.617347 0.205343
0.576531 0.204249
0.614796 0.20274
0.632653 0.201072
0.647959 0.19934
0.635204 0.19689
0.653061 0.196743
0.701531 0.194655
0.709184 0.194444
0.747449 0.192751
0.747449 0.192728
0.770408 0.195065
0.778061 0.197678
0.760204 0.199863
0.747449 0.202433
0.77551 0.202162
0.752551 0.198695
0.691327 0.19502
0.744898 0.193182
0.727041 0.190571
0.721939 0.188185
0.673469 0.184368
0.701531 0.179034
0.716837 0.1733
0.737245 0.168149
0.742347 0.163225
0.719388 0.158088
0.729592 0.152786
0.69898 0.148948
0.727041 0.144339
0.744898 0.137452
0.755102 0.130964
0.727041 0.123785
0.719388 0.115914
0.686224 0.107897
0.709184 0.0988428
0.673469 0.0897508
0.678571 0.079577
0.67602 0.0711708
0.668367 0.0628606
0.663265 0.0553166
0.630102 0.0458255
0.660714 0.0363012
0.709184 0.0276349
0.716837 0.0191937
0.714286 0.0115079
0.716837 0.00316071
0.663265 -0.00246932
0.678571 -0.00691275
0.642857 -0.0107454
0.630102 -0.013608
0.591837 -0.0171638
0.596939 -0.0218235
0.581633 -0.0281918
0.581633 -0.034972
0.528061 -0.0435802
0.494898 -0.0510599
0.405612 -0.0566539
0.436224 -0.0599123
0.446429 -0.0606591
0.382653 -0.0628158
0.387755 -0.0657762
0.385204 -0.0695896
0.339286 -0.0726122
0.346939 -0.0748391
0.334184 -0.0763282
0.306122 -0.0773522
0.331633 -0.0767218
0.390306 -0.0747817
0.387755 -0.0753812
0.405612 -0.0774492
0.40051 -0.0770515
0.477041 -0.0740222
0.423469 -0.0700821
0.415816 -0.0694363
0.469388 -0.0700681
0.456633 -0.0722584
0.451531 -0.0753916
0.413265 -0.0769147
0.418367 -0.0784193
0.385204 -0.07875
0.362245 -0.0804854
0.311224 -0.0814662
0.341837 -0.0820937
0.321429 -0.084598
0.362245 -0.0893579
0.387755 -0.093727
0.40051 -0.0969079
0.354592 -0.0976831
0.298469 -0.0978428
0.326531 -0.099189
0.326531 -0.0998914
0.367347 -0.0993446
0.380102 -0.100973
0.413265 -0.102767
0.369898 -0.104359
0.346939 -0.103616
0.352041 -0.10292
0.436224 -0.10324
0.484694 -0.102311
0.459184 -0.10101
0.459184 -0.0996781
0.52551 -0.0973284
0.464286 -0.0924045
0.413265 -0.0881803
0.405612 -0.08471
0.413265 -0.08059
0.494898 -0.0759717
0.540816 -0.0713208
0.584184 -0.066166
0.591837 -0.0632919
0.576531 -0.0595515
0.632653 -0.0543905
0.65051 -0.0520978
0.678571 -0.0488927
0.683673 -0.0461556
0.691327 -0.0450217
0.721939 -0.0422578
0.696429 -0.0395614
0.683673 -0.036229
0.72449 -0.0330342
0.688776 -0.0306773
0.701531 -0.0285855
0.778061 -0.0259103
0.831633 -0.0204645
0.813776 -0.0153286
0.806122 -0.00922857
0.862245 -0.00124324
0.895408 0.00654755
0.862245 0.0109862
0.829082 0.0151923
0.821429 0.0190649
0.84949 0.0231672
0.826531 0.0262898
0.783163 0.0290185
0.806122 0.0295441
0.783163 0.0307068
0.742347 0.0322158
0.765306 0.0341727
0.709184 0.035168
0.635204 0.0374474
0.660714 0.0417642
0.706633 0.045707
0.732143 0.0495249
0.75 0.0525036
0.80102 0.0539773
0.806122 0.054812
0.831633 0.0563168
0.834184 0.0589622
0.82398 0.0569244
0.869898 0.0530999
0.872449 0.0487588
0.841837 0.0434216
0.862245 0.0387596
0.859694 0.0350859
0.852041 0.0339783
0.846939 0.0310418
0.862245 0.0300154
0.852041 0.0274741
0.895408 0.0266567
0.859694 0.0261826
0.852041 0.0264422
0.854592 0.0251626
0.84949 0.0215992
0.82398 0.019219
0.839286 0.0146459
0.859694 0.0104779
0.872449 0.00546633
0.890306 -0.000995269
0.880102 -0.00912067
0.867347 -0.0161285
0.862245 -0.0192764
0.80102 -0.0212271
0.808673 -0.0239522
0.854592 -0.0254251
0.806122 -0.0283254
0.788265 -0.0325535
0.783163 -0.0357975
0.808673 -0.0404163
0.836735 -0.044822
0.885204 -0.0477782
0.826531 -0.0523928
0.821429 -0.0568216
0.836735 -0.0613081
0.829082 -0.0647028
0.841837 -0.0672132
0.793367 -0.0704721
0.772959 -0.0745749
0.734694 -0.074522
0.69898 -0.0752918
0.696429 -0.0744981
0.704082 -0.0756312
0.734694 -0.0790869
0.734694 -0.0830537
0.704082 -0.085474
0.711735 -0.0858851
0.72449 -0.0861575
0.711735 -0.0891504
0.788265 -0.0942055
0.762755 -0.0983106
0.742347 -0.102744
0.747449 -0.10612
0.729592 -0.107095
0.69898 -0.108582
0.67602 -0.110323
0.658163 -0.112894
0.663265 -0.115165
0.727041 -0.116942
0.806122 -0.117878
0.803571 -0.117627
0.778061 -0.117805
0.744898 -0.117335
0.696429 -0.11697
0.716837 -0.115415
0.755102 -0.112734
0.767857 -0.108505
0.778061 -0.103318
0.762755 -0.099787
0.755102 -0.0962712
0.739796 -0.0932636
0.767857 -0.0924264
0.803571 -0.0914925
0.739796 -0.0892762
0.727041 -0.0870615
0.760204 -0.0847549
0.778061 -0.0855013
0.806122 -0.0853011
0.82398 -0.0799586
0.80102 -0.0749944
0.816327 -0.0716128
0.795918 -0.0699512
0.744898 -0.0701177
0.72449 -0.0671482
0.765306 -0.0636359
0.780612 -0.0608624
0.803571 -0.0573274
0.826531 -0.0525923
0.803571 -0.0507933
0.826531 -0.0505776
0.877551 -0.0496008
0.862245 -0.0469939
0.808673 -0.0441165
0.790816 -0.0398486
0.770408 -0.0358535
0.755102 -0.0304959
0.785714 -0.0227342
0.737245 -0.0153556
0.737245 -0.00785693
0.714286 0.000786939
0.716837 0.0100499
0.72449 0.0170454
0.691327 0.0200901
0.673469 0.0210228
0.660714 0.0209552
0.670918 0.0211789
0.614796 0.0223043
0.627551 0.021623
0.591837 0.0201137
0.566327 0.0194559
0.57398 0.0235239
0.556122 0.0300879
0.535714 0.0358147
0.548469 0.0393403
0.530612 0.041383
0.494898 0.0435234
0.44898 0.0470258
0.492347 0.0490734
0.538265 0.052822
0.52551 0.0545007
0.530612 0.05525
0.558673 0.0569115
0.512755 0.0577645
0.5 0.0614822
0.561224 0.0657102
0.591837 0.0687395
0.571429 0.0714885
0.568878 0.0698857
0.553571 0.0701108
0.553571 0.0703332
0.512755 0.0714054
0.571429 0.071768
0.553571 0.0696211
0.545918 0.0669455
0.538265 0.0617175
0.589286 0.0560108
0.533163 0.0509286
0.530612 0.0466923
0.558673 0.0439509
0.556122 0.0411943
0.530612 0.0351683
0.609694 0.0280544
0.619898 0.0213067
0.637755 0.0165436
0.617347 0.012813
0.632653 0.0037758
0.642857 -0.00474291
0.645408 -0.0105078
0.683673 -0.0164498
0.721939 -0.020947
0.686224 -0.0245788
0.686224 -0.028233
0.665816 -0.0310202
0.612245 -0.0342748
0.622449 -0.0369445
0.609694 -0.0394778
0.655612 -0.0432075
0.670918 -0.0482377
0.642857 -0.0535879
0.584184 -0.0575012
0.563776 -0.0619985
0.566327 -0.0695075
0.553571 -0.0750219
0.556122 -0.0795022
0.558673 -0.0876426
0.619898 -0.0947306
0.647959 -0.102363
0.645408 -0.109448
0.607143 -0.11398
0.563776 -0.118271
0.566327 -0.120836
0.581633 -0.120954
0.584184 -0.121322
0.619898 -0.119956
0.625 -0.118102
0.663265 -0.11507
0.696429 -0.112967
0.683673 -0.113142
0.678571 -0.112323
0.635204 -0.113629
0.609694 -0.116173
0.622449 -0.118224
0.568878 -0.121855
0.561224 -0.122624
0.522959 -0.120726
0.530612 -0.118169
0.515306 -0.117185
0.482143 -0.113466
0.533163 -0.110336
0.528061 -0.107349
0.530612 -0.103398
0.507653 -0.0996153
0.510204 -0.0956615
0.477041 -0.0917116
0.535714 -0.0889935
0.510204 -0.0888867
0.543367 -0.0922223
0.538265 -0.0923988
0.579082 -0.0903362
0.604592 -0.089194
0.589286 -0.0881261
0.543367 -0.0828918
0.566327 -0.0767963
0.548469 -0.0709782
0.561224 -0.0655022
0.533163 -0.0609816
0.553571 -0.0550847
0.535714 -0.047937
0.589286 -0.0441953
0.630102 -0.0405372
0.602041 -0.0346212
0.645408 -0.0276095
0.67602 -0.0170927
0.67602 -0.0092721
0.65051 -0.00182121
0.653061 0.00254124
0.622449 0.00876721
0.627551 0.0159912
0.693878 0.0254085
0.719388 0.0319432
0.670918 0.0331711
0.696429 0.0380672
0.640306 0.040773
0.65051 0.0435207
0.660714 0.0471567
0.683673 0.0544943
0.709184 0.0619283
0.714286 0.0662251
0.760204 0.0714
0.762755 0.0767898
0.803571 0.0866576
0.831633 0.0974606
0.821429 0.104065
0.839286 0.105757
0.806122 0.107515
0.816327 0.1089
0.788265 0.108791
0.760204 0.111081
0.757653 0.111646
0.747449 0.111426
0.670918 0.111007
0.688776 0.114703
0.727041 0.116943
0.762755 0.119954
0.772959 0.124172
0.75 0.128664
0.780612 0.133558
0.75 0.133547
0.77551 0.133271
0.752551 0.134516
0.747449 0.13805
0.798469 0.138467
0.752551 0.138406
0.757653 0.135927
0.788265 0.13358
0.788265 0.129519
0.813776 0.12593
0.826531 0.122337
0.854592 0.120308
0.816327 0.117827
0.780612 0.113565
0.790816 0.109695
0.82398 0.10855
0.82398 0.105803
0.846939 0.098588
0.811224 0.0918544
0.788265 0.0866238
0.816327 0.0801161
0.795918 0.0724374
0.829082 0.0659928
0.795918 0.0602314
0.806122 0.0534802
0.862245 0.049974
0.831633 0.0484322
0.780612 0.0473614
0.77551 0.0457011
0.752551 0.0446543
0.788265 0.0406344
0.798469 0.0380944
0.818878 0.0363809
0.808673 0.0303443
0.82398 0.0269009
0.788265 0.0221507
0.795918 0.0169069
0.836735 0.0088253
0.846939 0.000432154
0.890306 -0.00702593
0.877551 -0.0172221
0.852041 -0.025925
0.862245 -0.0307971
0.882653 -0.0298092
0.852041 -0.029518
0.836735 -0.0278963
0.80102 -0.0265024
0.765306 -0.0240391
0.767857 -0.0239366
0.790816 -0.0286609
0.793367 -0.0363036
0.767857 -0.0436006
0.770408 -0.0470634
0.785714 -0.0448909
0.765306 -0.0431975
0.818878 -0.0442562
0.77551 -0.0456429
0.744898 -0.0479126
0.72449 -0.0474094
0.683673 -0.0458989
0.683673 -0.0492304
0.706633 -0.0566005
0.693878 -0.0611556
0.65051 -0.0640365
0.637755 -0.0668445
0.663265 -0.0666551
0.665816 -0.0666679
0.688776 -0.0643065
0.714286 -0.0655988
0.668367 -0.0660888
0.683673 -0.0684463
0.642857 -0.0689436
0.678571 -0.0673588
0.614796 -0.0681896
0.576531 -0.0670044
0.540816 -0.067386
0.548469 -0.0644836
0.625 -0.0601604
0.614796 -0.0578469
0.665816 -0.0551455
0.65051 -0.0564981
0.688776 -0.0572938
0.673469 -0.0603124
0.619898 -0.0618829
0.632653 -0.0599339
0.614796 -0.0569905
0.693878 -0.0559741
0.637755 -0.054294
0.625 -0.0565356
0.637755 -0.056533
0.660714 -0.0563625
0.614796 -0.0545755
0.614796 -0.050538
0.609694 -0.0464622
0.586735 -0.0401725
0.602041 -0.0313391
0.571429 -0.0224846
0.653061 -0.0106153
0.683673 -0.00389881
0.704082 -0.00369402
0.69898 -7.13642e-05
0.706633 0.00140742
0.734694 0.00350908
0.709184 0.00614786
0.693878 0.00722837
0.734694 0.00805097
0.727041 0.00795857
0.762755 0.0113607
0.742347 0.0135
0.755102 0.0106758
0.77551 0.00848543
0.765306 0.0054328
0.790816 0.00307347
0.806122 0.00452024
0.82398 0.00362501
0.818878 0.0064205
0.770408 0.0136568
0.798469 0.0237275
0.834184 0.0303889
0.808673 0.0300149
0.793367 0.0304598
0.84949 0.033222
0.813776 0.0341786
0.821429 0.0366183
0.788265 0.0365807
0.80102 0.0389102
0.770408 0.0389167
0.798469 0.0418177
0.808673 0.0433015
0.793367 0.0425587
0.862245 0.0349732
0.887755 0.0253365
0.84949 0.0136637
0.885204 0.00787664
0.852041 0.00568966
0.826531 0.00363997
0.826531 0.00441495
0.831633 0.00321979
0.831633 0.00201305
0.793367 0.00266436
0.77551 0.00354537
0.859694 0.00752021
0.834184 0.0106523
0.82398 0.0120506
0.818878 0.0197965
0.803571 0.026465
0.857143 0.0361036
0.84949 0.0442099
0.84949 0.0505371
0.869898 0.0467852
0.869898 0.0364651
0.887755 0.022976
0.890306 0.00927562
0.897959 0.00101926
0.905612 -0.00126353
0.897959 -0.00199552
0.872449 -0.00196641
0.867347 -0.00446265
0.885204 -0.00313627
0.867347 -0.00273064
0.867347 0.00310205
0.887755 0.00616508
0.875 0.00377181
0.836735 0.000907849
0.793367 -0.00199749
0.84949 -0.000186483
0.821429 0.00394025
0.854592 0.00566626
0.854592 0.00109863
0.841837 -0.00501298
0.826531 -0.0143011
0.84949 -0.0233791
0.864796 -0.0317517
0.82398 -0.0365871
0.821429 -0.0367154
0.783163 -0.0306562
0.742347 -0.0204773
0.798469 -0.0088183
0.821429 0.00331408
0.862245 0.0138858
0.877551 0.0210018
0.90051 0.0263171
0.872449 0.0255169
0.864796 0.0185607
0.836735 0.0126429
0.783163 0.00755261
0.808673 0.00923947
0.790816 0.00758584
0.788265 0.00314734
0.793367 -0.0050293
0.806122 -0.0157918
0.803571 -0.016923
0.816327 -0.0109363
0.798469 -0.00547087
0.816327 0.00625131
0.808673 0.0080053
0.831633 0.00551496
0.788265 0.0107502
0.821429 0.0127867
0.867347 0.0176693
0.885204 0.0230381
0.882653 0.0171175
0.882653 0.00989876
0.859694 0.00210287
0.877551 -0.00484924
0.854592 -0.0100141
0.82398 -0.0123404
0.790816 -0.0068083
0.742347 -0.00757778
0.739796 -0.0154759
0.737245 -0.016932
0.755102 -0.0182596
0.785714 -0.0199206
0.765306 -0.011296
0.757653 -0.00754791
0.780612 -0.00207478
0.783163 0.00294991
0.826531 -0.00124328
0.846939 0.000323771
0.826531 0.00136703
0.854592 -5.39618e-05
0.852041 0
