0.683673 1
0.673469 0.9532
0.678571 0.913784
0.691327 0.881075
0.640306 0.849584
0.645408 0.82216
0.642857 0.795546
0.632653 0.771882
0.635204 0.74919
0.658163 0.727463
0.660714 0.708521
0.683673 0.68936
0.670918 0.673026
0.632653 0.656478
0.665816 0.639711
0.668367 0.623079
0.691327 0.604774
0.693878 0.58692
0.637755 0.570006
0.617347 0.552741
0.594388 0.537975
0.604592 0.524553
0.622449 0.510571
0.630102 0.498203
0.622449 0.487889
0.617347 0.479303
0.637755 0.471836
0.602041 0.463868
0.635204 0.454899
0.640306 0.445894
0.696429 0.436259
0.681122 0.42636
0.683673 0.417375
0.696429 0.408804
0.72449 0.403119
0.709184 0.396762
0.688776 0.388638
0.706633 0.379699
0.716837 0.371578
0.706633 0.362178
0.714286 0.351402
0.729592 0.343303
0.691327 0.338225
0.665816 0.332663
0.602041 0.325377
0.596939 0.3182
0.591837 0.311213
0.57398 0.303245
0.566327 0.296044
0.568878 0.288541
0.609694 0.282785
0.614796 0.279467
0.568878 0.275122
0.614796 0.271586
0.645408 0.267838
0.625 0.263228
0.663265 0.258698
0.619898 0.253265
0.642857 0.248063
0.627551 0.242359
0.627551 0.236074
0.625 0.230356
0.596939 0.225814
0.579082 0.220829
0.591837 0.2173
0.581633 0.215457
0.558673 0.212316
0.579082 0.209716
0.530612 0.207206
0.538265 0.202743
0.566327 0.198686
0.57398 0.195428
0.553571 0.190667
0.530612 0.185145
0.502551 0.177195
0.487245 0.171726
0.487245 0.166228
0.528061 0.161611
0.558673 0.158331
0.553571 0.15501
0.566327 0.15213
0.553571 0.15128
0.576531 0.150436
0.576531 0.147383
0.586735 0.145151
0.640306 0.141921
0.660714 0.137297
0.632653 0.134686
0.586735 0.136494
0.55102 0.13803
0.581633 0.13796
0.617347 0.136808
0.571429 0.137908
0.604592 0.138997
0.581633 0.136136
0.57398 0.133775
0.607143 0.131962
0.625 0.130745
0.660714 0.129203
0.645408 0.125306
0.668367 0.12279
0.614796 0.122761
0.604592 0.122782
0.609694 0.124141
0.591837 0.12512
0.571429 0.126674
0.545918 0.127288
0.520408 0.127284
0.520408 0.126871
0.479592 0.126225
0.477041 0.126121
0.469388 0.126174
0.538265 0.124465
0.52551 0.122287
0.497449 0.119629
0.507653 0.116596
0.489796 0.115343
0.428571 0.115142
0.438776 0.112802
0.507653 0.112293
0.494898 0.109247
0.489796 0.104458
0.489796 0.100596
0.477041 0.0992508
0.47449 0.0983467
0.471939 0.0970718
0.466837 0.0963793
0.52551 0.097083
0.52551 0.0972194
0.584184 0.0966359
0.576531 0.0967967
0.619898 0.0964739
0.673469 0.0956396
0.65051 0.094471
0.625 0.0924607
0.594388 0.0916152
0.553571 0.0888784
0.566327 0.0867456
0.566327 0.085077
0.563776 0.0853318
0.576531 0.0871466
0.545918 0.0883329
0.566327 0.0891229
0.571429 0.0902307
0.528061 0.0919474
0.52551 0.093464
0.55102 0.0928994
0.576531 0.0918641
0.619898 0.0913865
0.602041 0.0911285
0.607143 0.0912848
0.589286 0.0901076
0.596939 0.0893041
0.691327 0.0894086
0.673469 0.0909584
0.678571 0.0929055
0.65051 0.0947767
0.670918 0.0969933
0.655612 0.0987779
0.681122 0.0997632
0.625 0.101305
0.614796 0.104119
0.604592 0.106019
0.604592 0.106489
0.602041 0.105824
0.617347 0.103251
0.632653 0.100593
0.653061 0.0975655
0.630102 0.0960207
0.668367 0.0954814
0.660714 0.0940678
0.686224 0.0933605
0.617347 0.0905865
0.635204 0.0890362
0.647959 0.0873815
0.65051 0.087204
0.614796 0.0887882
0.619898 0.0896952
0.681122 0.0875596
0.670918 0.0835451
0.696429 0.0811676
0.711735 0.0787447
0.701531 0.0774469
0.714286 0.0776532
0.729592 0.0754489
0.732143 0.0734442
0.742347 0.0711452
0.742347 0.070765
0.72449 0.0702719
0.714286 0.0693646
0.683673 0.06894
0.716837 0.0696706
0.693878 0.0744783
0.75 0.0816294
0.75 0.0890138
0.75 0.0955701
0.788265 0.100772
0.806122 0.106488
0.785714 0.110467
0.785714 0.112613
0.770408 0.114902
0.778061 0.117163
0.721939 0.118308
0.767857 0.119043
0.716837 0.119966
0.683673 0.120957
0.637755 0.123407
0.619898 0.124838
0.609694 0.127433
0.57398 0.129027
0.533163 0.129338
0.510204 0.130186
0.522959 0.131897
0.533163 0.133464
0.543367 0.137028
0.538265 0.14171
0.579082 0.141454
0.589286 0.139528
0.589286 0.137492
0.645408 0.135217
0.665816 0.133281
0.65051 0.132132
0.704082 0.131995
0.709184 0.131528
0.734694 0.129254
0.734694 0.129002
0.762755 0.127098
0.77551 0.125954
0.821429 0.124771
0.783163 0.123285
0.795918 0.122038
0.785714 0.121574
0.780612 0.119826
0.793367 0.118278
0.813776 0.115859
0.80102 0.113767
0.785714 0.111472
0.793367 0.109688
0.82398 0.10835
0.872449 0.107373
0.82398 0.106897
0.859694 0.107487
0.84949 0.106043
0.831633 0.106241
0.808673 0.103708
0.84949 0.102971
0.859694 0.102181
0.852041 0.0987714
0.872449 0.0955213
0.892857 0.0935008
0.867347 0.0927954
0.834184 0.0925127
0.831633 0.0911634
0.84949 0.0888106
0.798469 0.0883913
0.836735 0.0870012
0.834184 0.0838853
0.813776 0.0799664
0.770408 0.0751872
0.765306 0.0703913
0.755102 0.0659674
0.762755 0.0635119
0.798469 0.0593692
0.778061 0.0540637
0.772959 0.0502285
0.755102 0.0471758
0.742347 0.0442206
0.755102 0.040812
0.755102 0.0367453
0.727041 0.034722
0.727041 0.0348051
0.711735 0.0327727
0.734694 0.0284065
0.770408 0.0261783
0.742347 0.025493
0.686224 0.0227291
0.701531 0.0194213
0.678571 0.017691
0.655612 0.0155938
0.637755 0.0144687
0.660714 0.0119716
0.655612 0.0101104
0.579082 0.00570854
0.566327 -0.000454009
0.612245 -0.00669405
0.568878 -0.00940894
0.568878 -0.0114034
0.571429 -0.0131065
0.556122 -0.0128963
0.52551 -0.0131698
0.512755 -0.0119717
0.487245 -0.0115615
0.522959 -0.0130235
0.505102 -0.0167587
0.553571 -0.0199491
0.571429 -0.0243078
0.571429 -0.0269098
0.538265 -0.0284096
0.589286 -0.0288168
0.596939 -0.0284503
0.602041 -0.0292871
0.622449 -0.0309548
0.614796 -0.0334433
0.59949 -0.0350309
0.617347 -0.0354948
0.668367 -0.0372446
0.683673 -0.0399979
0.711735 -0.0425965
0.719388 -0.0443792
0.673469 -0.0471282
0.67602 -0.0509569
0.714286 -0.0528862
0.75 -0.0544015
0.744898 -0.0562249
0.714286 -0.0597516
0.727041 -0.0625168
0.744898 -0.0642742
0.744898 -0.0677389
0.739796 -0.0724008
0.747449 -0.0753554
0.744898 -0.0787483
0.721939 -0.0814255
0.721939 -0.0826086
0.742347 -0.0829646
0.732143 -0.0839277
0.729592 -0.0832865
0.72449 -0.0832729
0.739796 -0.0822465
0.780612 -0.0814249
0.752551 -0.0823914
0.767857 -0.0859092
0.770408 -0.0900314
0.757653 -0.0928934
0.72449 -0.0944265
0.737245 -0.0970218
0.681122 -0.0998554
0.693878 -0.104192
0.660714 -0.10726
0.688776 -0.107952
0.688776 -0.109238
0.716837 -0.111024
0.737245 -0.112693
0.75 -0.113394
0.742347 -0.114677
0.72449 -0.117308
0.757653 -0.117911
0.785714 -0.117112
0.772959 -0.114984
0.772959 -0.114058
0.798469 -0.113188
0.806122 -0.11301
0.80102 -0.114789
0.785714 -0.115628
0.798469 -0.114511
0.803571 -0.110905
0.788265 -0.108731
0.813776 -0.108698
0.82398 -0.108315
0.821429 -0.10808
0.829082 -0.106659
0.795918 -0.105562
0.80102 -0.104143
0.752551 -0.10265
0.737245 -0.101599
0.737245 -0.10192
0.788265 -0.10591
0.757653 -0.109844
0.747449 -0.109287
0.767857 -0.108861
0.788265 -0.108657
0.75 -0.105957
0.729592 -0.106479
0.716837 -0.106455
0.711735 -0.106419
0.663265 -0.107033
0.635204 -0.108527
0.630102 -0.108787
0.640306 -0.109697
0.663265 -0.112174
0.704082 -0.115019
0.704082 -0.117408
0.683673 -0.118036
0.668367 -0.117721
0.65051 -0.118164
0.755102 -0.118602
0.72449 -0.119218
0.732143 -0.121371
0.75 -0.123112
0.732143 -0.124277
0.765306 -0.123822
0.788265 -0.12489
0.767857 -0.125774
0.783163 -0.12725
0.80102 -0.127986
0.778061 -0.127794
0.785714 -0.127216
0.780612 -0.126284
0.783163 -0.125868
0.793367 -0.125298
0.806122 -0.124711
0.826531 -0.125212
0.836735 -0.12466
0.84949 -0.124016
0.829082 -0.123115
0.772959 -0.12077
0.788265 -0.118355
0.770408 -0.115635
0.765306 -0.114271
0.747449 -0.112389
0.737245 -0.111807
0.762755 -0.107451
0.770408 -0.102346
0.795918 -0.0991343
0.806122 -0.0977242
0.829082 -0.095288
0.783163 -0.0923076
0.798469 -0.0912282
0.793367 -0.0902599
0.806122 -0.0872356
0.846939 -0.0857098
0.82398 -0.0829684
0.867347 -0.0797069
0.864796 -0.075725
0.895408 -0.0718903
0.910714 -0.0685028
0.903061 -0.0670587
0.872449 -0.0640814
0.834184 -0.0627621
0.803571 -0.0600364
0.790816 -0.0581967
0.82398 -0.0557106
0.788265 -0.0550772
0.770408 -0.0525676
0.772959 -0.0504603
0.780612 -0.0493383
0.821429 -0.0466394
0.836735 -0.045281
0.821429 -0.0417697
0.829082 -0.0369682
0.793367 -0.0324869
0.836735 -0.0288968
0.831633 -0.0261521
0.834184 -0.0223554
0.857143 -0.0172498
0.867347 -0.0128844
0.84949 -0.0104273
0.841837 -0.00372899
0.864796 0.00230102
0.84949 0.00824288
0.875 0.013701
0.846939 0.0174051
0.846939 0.0208511
0.862245 0.0226861
0.841837 0.0234597
0.839286 0.0240057
0.846939 0.0257133
0.829082 0.0274392
0.821429 0.0288019
0.844388 0.0304949
0.834184 0.0314611
0.813776 0.0304738
0.859694 0.0291192
0.875 0.0268462
0.841837 0.0233549
0.834184 0.018738
0.839286 0.0143355
0.818878 0.0107428
0.760204 0.00798439
0.798469 0.00586188
0.798469 0.00280525
0.803571 -0.00145605
0.798469 -0.0070465
0.816327 -0.0146862
0.813776 -0.0213373
0.875 -0.0286908
0.859694 -0.0358543
0.887755 -0.0411776
0.880102 -0.0462458
0.875 -0.0537499
0.854592 -0.0603236
0.836735 -0.066491
0.826531 -0.0716598
0.846939 -0.0764136
0.821429 -0.0823908
0.818878 -0.0893461
0.811224 -0.0956584
0.795918 -0.0978465
0.795918 -0.100152
0.77551 -0.103588
0.834184 -0.109603
0.834184 -0.115601
0.84949 -0.120075
0.839286 -0.125169
0.808673 -0.130937
0.813776 -0.133673
0.836735 -0.137542
0.834184 -0.13996
0.821429 -0.142079
0.836735 -0.143967
0.867347 -0.145459
0.885204 -0.145907
0.877551 -0.14871
0.867347 -0.150917
0.82398 -0.153517
0.877551 -0.157339
0.839286 -0.159952
0.821429 -0.162642
0.808673 -0.165363
0.844388 -0.167832
0.872449 -0.1697
0.839286 -0.172575
0.808673 -0.175976
0.803571 -0.176181
0.770408 -0.173813
0.80102 -0.171772
0.760204 -0.169198
0.793367 -0.166167
0.788265 -0.165267
0.788265 -0.165867
0.808673 -0.165755
0.836735 -0.1665
0.790816 -0.167012
0.795918 -0.166713
0.808673 -0.163486
0.82398 -0.158822
0.82398 -0.156124
0.869898 -0.153002
0.846939 -0.151455
0.867347 -0.14935
0.854592 -0.149182
0.869898 -0.146796
0.862245 -0.14279
0.846939 -0.140611
0.854592 -0.13966
0.852041 -0.140372
0.885204 -0.141373
0.854592 -0.140589
0.84949 -0.140661
0.867347 -0.141018
0.834184 -0.141121
0.772959 -0.14074
0.80102 -0.138929
0.808673 -0.138471
0.806122 -0.137793
0.806122 -0.136768
0.798469 -0.137074
0.788265 -0.140249
0.793367 -0.143118
0.77551 -0.146273
0.793367 -0.149207
0.82398 -0.150403
0.834184 -0.150443
0.816327 -0.150531
0.839286 -0.148654
0.834184 -0.147035
0.852041 -0.145879
0.834184 -0.144991
0.831633 -0.145077
0.864796 -0.145426
0.852041 -0.147812
0.862245 -0.151638
0.852041 -0.156577
0.864796 -0.162258
0.892857 -0.167895
0.905612 -0.171623
0.895408 -0.173102
0.841837 -0.174176
0.831633 -0.175207
0.795918 -0.176826
0.826531 -0.175747
0.834184 -0.173884
0.84949 -0.172117
0.826531 -0.171695
0.839286 -0.172552
0.82398 -0.173792
0.806122 -0.176663
0.806122 -0.178785
0.795918 -0.178708
0.808673 -0.176362
0.811224 -0.173609
0.803571 -0.17163
0.821429 -0.171282
0.872449 -0.169441
0.852041 -0.166311
0.844388 -0.163062
0.852041 -0.161537
0.841837 -0.160041
0.816327 -0.156262
0.780612 -0.154683
0.755102 -0.15268
0.82398 -0.150269
0.813776 -0.146592
0.785714 -0.138692
0.795918 -0.133484
0.808673 -0.130396
0.846939 -0.128497
0.892857 -0.12747
0.834184 -0.125616
0.829082 -0.121614
0.80102 -0.116758
0.816327 -0.111981
0.834184 -0.107325
0.869898 -0.106112
0.872449 -0.102953
0.846939 -0.0999824
0.841837 -0.0973343
0.880102 -0.095239
0.836735 -0.0973688
0.831633 -0.0985592
0.846939 -0.100139
0.82398 -0.0999115
0.826531 -0.101078
0.806122 -0.102266
0.803571 -0.104068
0.785714 -0.107148
0.793367 -0.111212
0.788265 -0.113416
0.798469 -0.118432
0.813776 -0.122206
0.839286 -0.12597
0.887755 -0.130861
0.880102 -0.133042
0.905612 -0.134481
0.885204 -0.139476
0.869898 -0.142012
0.839286 -0.143113
0.857143 -0.141574
0.844388 -0.141021
0.829082 -0.141935
0.82398 -0.142303
0.839286 -0.14495
0.82398 -0.147237
0.821429 -0.144606
0.793367 -0.142853
0.793367 -0.141359
0.84949 -0.139207
0.841837 -0.137173
0.82398 -0.135698
0.790816 -0.135667
0.798469 -0.135311
0.836735 -0.135434
0.811224 -0.139142
0.813776 -0.142574
0.793367 -0.145978
0.77551 -0.148338
0.742347 -0.15159
0.739796 -0.154892
0.780612 -0.158175
0.803571 -0.161722
0.785714 -0.162594
0.783163 -0.163651
0.808673 -0.165605
0.816327 -0.168094
0.821429 -0.168259
0.834184 -0.170151
0.831633 -0.170582
0.806122 -0.170814
0.834184 -0.169969
0.829082 -0.167378
0.831633 -0.165035
0.826531 -0.161362
0.839286 -0.155871
0.818878 -0.151009
0.790816 -0.145581
0.747449 -0.13963
0.721939 -0.13612
0.678571 -0.134949
0.683673 -0.13396
0.721939 -0.13456
0.691327 -0.136442
0.688776 -0.137161
0.721939 -0.135259
0.693878 -0.133172
0.69898 -0.132195
0.701531 -0.131181
0.704082 -0.129902
0.72449 -0.127987
0.709184 -0.128432
0.778061 -0.129115
0.760204 -0.132283
0.788265 -0.13564
0.77551 -0.137354
0.721939 -0.141824
0.757653 -0.145481
0.780612 -0.147177
0.780612 -0.146036
0.757653 -0.146192
0.737245 -0.146756
0.742347 -0.146496
0.72449 -0.145238
0.772959 -0.143727
0.798469 -0.143043
0.757653 -0.14236
0.785714 -0.140652
0.790816 -0.14177
0.818878 -0.14322
0.82398 -0.143733
0.818878 -0.144066
0.811224 -0.142336
0.834184 -0.1411
0.808673 -0.138082
0.793367 -0.13529
0.80102 -0.132371
0.821429 -0.1275
0.841837 -0.123275
0.831633 -0.121661
0.818878 -0.119031
0.795918 -0.116448
0.778061 -0.113469
0.744898 -0.110854
0.727041 -0.109636
0.734694 -0.107928
0.82398 -0.108498
0.834184 -0.109251
0.852041 -0.10655
0.890306 -0.104634
0.867347 -0.102218
0.834184 -0.100314
0.793367 -0.0980365
0.806122 -0.0953815
0.790816 -0.095348
0.811224 -0.0955992
0.813776 -0.0948198
0.778061 -0.0939104
0.790816 -0.0927058
0.803571 -0.0928052
0.793367 -0.0959229
0.795918 -0.0948422
0.798469 -0.094799
0.80102 -0.0913584
0.829082 -0.0903941
0.834184 -0.0900056
0.841837 -0.0894563
0.882653 -0.0906171
0.915816 -0.0930328
0.915816 -0.0963579
0.903061 -0.101417
0.903061 -0.105791
0.862245 -0.10834
0.852041 -0.110387
0.862245 -0.113057
0.867347 -0.114405
0.846939 -0.116384
0.816327 -0.11813
0.780612 -0.120884
0.760204 -0.121718
0.772959 -0.121931
0.744898 -0.122857
0.770408 -0.122945
0.806122 -0.122084
0.681122 -0.122829
0.744898 -0.123805
0.721939 -0.125754
0.72449 -0.12758
0.711735 -0.129388
0.688776 -0.131771
0.673469 -0.129802
0.683673 -0.128298
0.696429 -0.129237
0.709184 -0.129099
0.693878 -0.126986
0.673469 -0.125423
0.696429 -0.124451
0.670918 -0.120077
0.72449 -0.115358
0.765306 -0.113232
0.80102 -0.110208
0.790816 -0.104119
0.788265 -0.096707
0.82398 -0.0904032
0.755102 -0.0860734
0.772959 -0.0829691
0.811224 -0.082375
0.82398 -0.0809253
0.821429 -0.0773269
0.867347 -0.075463
0.826531 -0.0749631
0.829082 -0.0733953
0.788265 -0.0705439
0.803571 -0.0691335
0.84949 -0.0676864
0.831633 -0.066506
0.82398 -0.065213
0.84949 -0.0642609
0.862245 -0.062287
0.877551 -0.0600273
0.836735 -0.0565901
0.844388 -0.0553138
0.836735 -0.0529636
0.826531 -0.0509653
0.806122 -0.0518635
0.82398 -0.0508788
0.806122 -0.0483839
0.793367 -0.0465835
0.821429 -0.0443466
0.862245 -0.0411631
0.844388 -0.0371998
0.877551 -0.0330424
0.844388 -0.0277527
0.857143 -0.0230073
0.887755 -0.017918
0.877551 -0.012259
0.857143 -0.00636546
0.875 -0.00159865
0.897959 0.00166549
0.857143 0.00597883
0.857143 0.00908429
0.875 0.0106463
0.844388 0.00883995
0.84949 0.0104724
0.864796 0.0123632
0.844388 0.0119305
0.877551 0.0118247
0.864796 0.0122656
0.852041 0.0145953
0.872449 0.0182003
0.895408 0.022757
0.892857 0.0260141
0.908163 0.027808
0.885204 0.0297812
0.875 0.0331918
0.839286 0.0374667
0.816327 0.0408671
0.854592 0.0447223
0.831633 0.0481052
0.84949 0.0513688
0.854592 0.0552384
0.834184 0.0576911
0.806122 0.0603185
0.803571 0.062437
0.798469 0.065752
0.816327 0.0705046
0.811224 0.0722793
0.831633 0.0766927
0.852041 0.0783033
0.808673 0.0810075
0.780612 0.0837874
0.770408 0.0862673
0.765306 0.0887939
0.788265 0.0893197
0.795918 0.0911409
0.829082 0.0927043
0.806122 0.0907011
0.816327 0.0880452
0.80102 0.0871797
0.808673 0.0822015
0.795918 0.0792518
0.816327 0.0761523
0.818878 0.0710609
0.846939 0.0675993
0.880102 0.0652055
0.875 0.0626247
0.867347 0.0599753
0.836735 0.0567038
0.846939 0.054732
0.841837 0.0513077
0.829082 0.0492651
0.844388 0.0482059
0.880102 0.0457752
0.844388 0.0425933
0.857143 0.0377899
0.841837 0.0344932
0.806122 0.0322284
0.834184 0.0277209
0.793367 0.0270206
0.798469 0.0237214
0.80102 0.0216252
0.795918 0.0192033
0.808673 0.0154564
0.785714 0.0110793
0.762755 0.0072253
0.727041 0.00524434
0.795918 0.0026457
0.816327 0.00372092
0.790816 0.00390278
0.744898 0.00471272
0.795918 0.00493368
0.790816 0.00529672
0.795918 0.00520308
0.811224 0.00414438
0.747449 0.00478014
0.798469 0.00606143
0.829082 0.00674869
0.788265 0.00865007
0.821429 0.0100117
0.839286 0.0113991
0.841837 0.0116739
0.834184 0.0134526
0.892857 0.0124899
0.84949 0.0108663
0.846939 0.00995993
0.780612 0.0122284
0.816327 0.0141392
0.80102 0.0159833
0.818878 0.0187011
0.831633 0.0221195
0.862245 0.0257678
0.882653 0.0278476
0.882653 0.0306402
0.862245 0.0339347
0.877551 0.0348414
0.84949 0.036518
0.875 0.0381892
0.862245 0.038705
0.836735 0.0420587
0.84949 0.0439964
0.867347 0.044421
0.880102 0.0454195
0.880102 0.0458632
0.877551 0.0460277
0.895408 0.0464688
0.905612 0.0454548
0.90051 0.0461991
0.890306 0.0460182
0.844388 0.046944
0.798469 0.0448668
0.841837 0.044642
0.841837 0.0438951
0.811224 0.0408888
0.811224 0.0403566
0.813776 0.036097
0.811224 0.0340904
0.793367 0.0330323
0.808673 0.0318822
0.829082 0.0295412
0.765306 0.0276632
0.716837 0.0275383
0.696429 0.0266659
0.714286 0.0265811
0.706633 0.0293547
0.711735 0.0324677
0.69898 0.0340356
0.681122 0.0369969
0.668367 0.0389504
0.737245 0.0405414
0.727041 0.0403253
0.727041 0.0385915
0.704082 0.0377357
0.757653 0.0370036
0.770408 0.034546
0.765306 0.0306205
0.760204 0.0274002
0.770408 0.0253114
0.744898 0.0216441
0.734694 0.0186115
0.757653 0.0174643
0.772959 0.0175564
0.785714 0.0182886
0.80102 0.0196923
0.841837 0.0201535
0.846939 0.020627
0.831633 0.0197541
0.846939 0.0195743
0.846939 0.0174894
0.82398 0.0173057
0.82398 0.0185173
0.836735 0.0194681
0.839286 0.0194441
0.803571 0.0174458
0.795918 0.0163627
0.818878 0.0181342
0.790816 0.019711
0.818878 0.0238107
0.803571 0.0289252
0.77551 0.0326204
0.696429 0.0366528
0.701531 0.0399422
0.640306 0.0439489
0.632653 0.0471257
0.625 0.0476984
0.693878 0.0476018
0.693878 0.0461987
0.673469 0.0452745
0.647959 0.0440398
0.625 0.0436778
0.637755 0.0468129
0.693878 0.0485061
0.729592 0.0480624
0.686224 0.0491424
0.704082 0.050644
0.673469 0.0525237
0.681122 0.0540891
0.640306 0.0559889
0.619898 0.0587237
0.627551 0.0616123
0.660714 0.0635849
0.665816 0.0644961
0.673469 0.0649991
0.696429 0.0648972
0.691327 0.0662575
0.673469 0.0674845
0.701531 0.0665539
0.711735 0.0691622
0.678571 0.0712885
0.727041 0.074253
0.770408 0.0768195
0.77551 0.0797555
0.798469 0.0813049
0.75 0.0810506
0.714286 0.0809935
0.670918 0.0820519
0.681122 0.0840764
0.663265 0.0856277
0.683673 0.0867179
0.632653 0.0868926
0.660714 0.0856057
0.701531 0.0854178
0.693878 0.0835549
0.681122 0.0818119
0.681122 0.0806407
0.637755 0.0797502
0.617347 0.0780553
0.59949 0.0756308
0.596939 0.0758115
0.625 0.076807
0.571429 0.0790466
0.632653 0.0789747
0.658163 0.0792607
0.670918 0.0822245
0.693878 0.0842225
0.668367 0.0856554
0.673469 0.0875431
0.67602 0.0910396
0.693878 0.0934864
0.706633 0.0949103
0.696429 0.0948111
0.696429 0.0936604
0.69898 0.0931363
0.762755 0.093521
0.762755 0.0927182
0.767857 0.0933115
0.760204 0.0955122
0.772959 0.0945274
0.821429 0.0927814
0.875 0.0901075
0.877551 0.08915
0.852041 0.086159
0.813776 0.0834203
0.803571 0.0836121
0.762755 0.0824149
0.755102 0.0823626
0.734694 0.0838079
0.747449 0.0834502
0.793367 0.0827299
0.785714 0.0816601
0.793367 0.0816803
0.767857 0.0816889
0.770408 0.0813255
0.765306 0.0848171
0.762755 0.0872508
0.808673 0.0893835
0.80102 0.0925712
0.806122 0.0960433
0.790816 0.100231
0.788265 0.103264
0.752551 0.107262
0.732143 0.113644
0.719388 0.120024
0.693878 0.126897
0.734694 0.131574
0.711735 0.135354
0.704082 0.138844
0.721939 0.141573
0.719388 0.143046
0.744898 0.143536
0.785714 0.144375
0.788265 0.144503
0.785714 0.144038
0.795918 0.144933
0.803571 0.145751
0.729592 0.145409
0.701531 0.144563
0.69898 0.143789
0.755102 0.145407
0.742347 0.146147
0.734694 0.144746
0.778061 0.14474
0.716837 0.144325
0.706633 0.143141
0.665816 0.141933
0.665816 0.140016
0.637755 0.13444
0.711735 0.127056
0.72449 0.121327
0.658163 0.111709
0.622449 0.10272
0.635204 0.0964695
0.625 0.089072
0.642857 0.0801784
0.614796 0.0734964
0.604592 0.067519
0.607143 0.0629916
0.589286 0.0600551
0.522959 0.0578026
0.5 0.0549939
0.52551 0.0527936
0.548469 0.0502098
0.571429 0.046592
0.543367 0.0414078
0.528061 0.0362849
0.558673 0.0289812
0.612245 0.0223597
0.607143 0.0165523
0.632653 0.0117938
0.625 0.00888515
0.630102 0.00770316
0.653061 0.00791091
0.619898 0.00891945
0.594388 0.0119833
0.614796 0.0145635
0.607143 0.0169793
0.571429 0.0184792
0.515306 0.0209978
0.494898 0.0212525
0.487245 0.0202157
0.477041 0.0180396
0.477041 0.0177299
0.454082 0.0152305
0.438776 0.0126632
0.492347 0.00957192
0.431122 0.00845289
0.443878 0.00799935
0.515306 0.00623504
0.494898 0.00490908
0.477041 0.00396196
0.438776 0.00392745
0.466837 0.00267817
0.436224 0.00190511
0.428571 0.0032529
0.433673 0.00451187
0.469388 0.00712779
0.44898 0.00997303
0.395408 0.0143118
0.428571 0.017701
0.423469 0.0225429
0.456633 0.0243963
0.510204 0.025786
0.505102 0.0279587
0.556122 0.031035
0.515306 0.0310292
0.561224 0.0289064
0.566327 0.0283689
0.540816 0.0287469
0.538265 0.0267874
0.441327 0.025552
0.451531 0.0256125
0.410714 0.0258023
0.397959 0.0267713
0.438776 0.0261314
0.505102 0.0243319
0.492347 0.0222319
0.528061 0.0206488
0.487245 0.0194024
0.533163 0.0164057
0.596939 0.0129932
0.589286 0.0106778
0.604592 0.00852819
0.612245 0.00698918
0.635204 0.00488334
0.632653 0.00119443
0.596939 -0.00385917
0.566327 -0.00956813
0.568878 -0.0125073
0.630102 -0.0147176
0.660714 -0.0145801
0.688776 -0.0146489
0.762755 -0.0165833
0.77551 -0.0198279
0.737245 -0.0218995
0.706633 -0.0247477
0.752551 -0.0271797
0.783163 -0.0286575
0.762755 -0.0285997
0.767857 -0.0288342
0.803571 -0.0302864
0.785714 -0.0303787
0.783163 -0.0312899
0.793367 -0.0291424
0.790816 -0.0273507
0.788265 -0.0238251
0.798469 -0.021582
0.783163 -0.018941
0.729592 -0.019523
0.714286 -0.0206599
0.711735 -0.0211338
0.709184 -0.0214988
0.757653 -0.0240272
0.696429 -0.0260037
0.670918 -0.0279319
0.678571 -0.0311236
0.704082 -0.0332241
0.683673 -0.0352833
0.716837 -0.0388999
0.719388 -0.0390476
0.77551 -0.040937
0.818878 -0.0437678
0.770408 -0.0452293
0.734694 -0.0472103
0.757653 -0.0496268
0.772959 -0.0530417
0.742347 -0.0542146
0.737245 -0.0571957
0.757653 -0.0589727
0.742347 -0.0602924
0.742347 -0.0629387
0.742347 -0.0650941
0.72449 -0.0658792
0.640306 -0.0685135
0.640306 -0.072054
0.658163 -0.0729311
0.655612 -0.0722022
0.719388 -0.0704701
0.788265 -0.0712492
0.767857 -0.072814
0.772959 -0.0730535
0.818878 -0.0705256
0.778061 -0.0687833
0.772959 -0.0658967
0.780612 -0.0606513
0.816327 -0.0549525
0.783163 -0.0494065
0.765306 -0.0435382
0.790816 -0.0378967
0.762755 -0.0322455
0.790816 -0.0264313
0.780612 -0.022554
0.821429 -0.0168033
0.811224 -0.00749386
0.813776 0.000101186
0.836735 0.00530234
0.813776 0.0112558
0.780612 0.0165038
0.818878 0.0217162
0.813776 0.0274128
0.811224 0.0322998
0.867347 0.038223
0.895408 0.0446074
0.890306 0.0521692
0.875 0.0594842
0.867347 0.0649589
0.887755 0.0684706
0.816327 0.0712441
0.841837 0.0726805
0.829082 0.0739284
0.831633 0.0757026
0.875 0.0800176
0.859694 0.0862003
0.854592 0.0912496
0.798469 0.0964328
0.841837 0.103328
0.82398 0.109223
0.852041 0.114354
0.867347 0.118375
0.839286 0.122339
0.844388 0.127453
0.857143 0.132764
0.862245 0.137505
0.882653 0.142698
0.854592 0.145655
0.836735 0.145139
0.788265 0.143883
0.813776 0.145788
0.803571 0.148243
0.816327 0.150653
0.826531 0.152843
0.844388 0.157933
0.885204 0.163199
0.885204 0.164691
0.887755 0.163666
0.877551 0.164943
0.859694 0.166682
0.885204 0.170108
0.890306 0.174621
0.887755 0.179081
0.890306 0.18082
0.864796 0.181844
0.811224 0.185505
0.821429 0.189747
0.836735 0.190568
0.854592 0.191383
0.864796 0.190716
0.841837 0.189201
0.829082 0.185912
0.84949 0.18527
0.834184 0.185197
0.831633 0.182477
0.826531 0.181795
0.854592 0.180392
0.834184 0.18049
0.793367 0.180448
0.778061 0.180401
0.80102 0.180276
0.803571 0.181306
0.793367 0.181739
0.821429 0.179428
0.813776 0.174858
0.795918 0.168159
0.772959 0.16155
0.793367 0.156154
0.811224 0.15132
0.793367 0.14688
0.803571 0.142843
0.852041 0.137404
0.869898 0.133682
0.859694 0.131223
0.852041 0.128922
0.880102 0.126531
0.854592 0.124117
0.854592 0.122614
0.857143 0.121245
0.844388 0.120155
0.82398 0.118662
0.818878 0.116597
0.826531 0.112686
0.839286 0.108219
0.846939 0.103564
0.829082 0.0997076
0.836735 0.0960946
0.844388 0.0916329
0.80102 0.0883406
0.813776 0.0847465
0.834184 0.0807534
0.821429 0.0772684
0.806122 0.0729907
0.785714 0.0694995
0.821429 0.0680259
0.834184 0.0658256
0.82398 0.0661428
0.818878 0.065342
0.77551 0.0647089
0.785714 0.0644
0.793367 0.0644034
0.770408 0.0633374
0.755102 0.0618043
0.780612 0.0630901
0.803571 0.0665348
0.808673 0.068342
0.82398 0.0682768
0.839286 0.0651842
0.82398 0.0633483
0.82398 0.0630755
0.798469 0.0592947
0.795918 0.0567063
0.783163 0.0560375
0.785714 0.0551355
0.709184 0.0550913
0.734694 0.0552512
0.75 0.0554555
0.747449 0.0551303
0.795918 0.054945
0.767857 0.0555483
0.793367 0.0589121
0.80102 0.0610991
0.788265 0.063355
0.808673 0.0656096
0.729592 0.0660991
0.686224 0.0655118
0.704082 0.0659437
0.630102 0.0662843
0.642857 0.065331
0.67602 0.0642734
0.668367 0.0640583
0.67602 0.0632091
0.637755 0.0636744
0.665816 0.0643489
0.683673 0.0659171
0.673469 0.0650447
0.673469 0.0645618
0.701531 0.0650193
0.752551 0.0667883
0.77551 0.067578
0.762755 0.0687804
0.72449 0.072853
0.721939 0.0766917
0.716837 0.0799429
0.747449 0.0811626
0.821429 0.0817128
0.846939 0.082624
0.821429 0.0879412
0.813776 0.0933951
0.808673 0.0999845
0.854592 0.104515
0.880102 0.109087
0.854592 0.115814
0.864796 0.119799
0.818878 0.122563
0.880102 0.125547
0.836735 0.127751
0.808673 0.129987
0.831633 0.131153
0.778061 0.133022
0.834184 0.133478
0.844388 0.134226
0.816327 0.13502
0.760204 0.133517
0.765306 0.135194
0.780612 0.136617
0.780612 0.138906
0.795918 0.141634
0.813776 0.144174
0.80102 0.143626
0.795918 0.139317
0.77551 0.135917
0.729592 0.131407
0.778061 0.129365
0.816327 0.128327
0.816327 0.12734
0.834184 0.127644
0.795918 0.127089
0.846939 0.124286
0.864796 0.120731
0.836735 0.118927
0.811224 0.116139
0.813776 0.113586
0.80102 0.110214
0.803571 0.107687
0.765306 0.106386
0.737245 0.104644
0.762755 0.105363
0.813776 0.103748
0.813776 0.103099
0.803571 0.104299
0.826531 0.105594
0.80102 0.105869
0.82398 0.107051
0.82398 0.108521
0.798469 0.106852
0.813776 0.105503
0.793367 0.105512
0.821429 0.104946
0.818878 0.10503
0.780612 0.104479
0.755102 0.107187
0.772959 0.112025
0.767857 0.115872
0.711735 0.120305
0.711735 0.125809
0.739796 0.129119
0.673469 0.13419
0.688776 0.137762
0.706633 0.138753
0.673469 0.140442
0.696429 0.144919
0.653061 0.1483
0.711735 0.147633
0.77551 0.14657
0.783163 0.146668
0.744898 0.144741
0.727041 0.142716
0.72449 0.142245
0.721939 0.143179
0.734694 0.142867
0.75 0.1424
0.696429 0.140238
0.701531 0.138244
0.721939 0.133833
0.678571 0.128991
0.691327 0.124197
0.737245 0.117515
0.714286 0.111161
0.734694 0.103996
0.72449 0.0976234
0.701531 0.0936241
0.67602 0.0911786
0.67602 0.0896932
0.719388 0.0879593
0.709184 0.0855755
0.752551 0.0837589
0.719388 0.0820804
0.742347 0.0783681
0.732143 0.0747082
0.729592 0.0707754
0.686224 0.0659911
0.742347 0.0635274
0.755102 0.0597406
0.709184 0.0564934
0.747449 0.0544952
0.744898 0.0555455
0.780612 0.0554813
0.811224 0.0556493
0.841837 0.05567
0.80102 0.0577257
0.783163 0.059456
0.82398 0.0617141
0.806122 0.0641782
0.813776 0.0654422
0.82398 0.066609
0.818878 0.0672198
0.875 0.0697801
0.885204 0.0727573
0.84949 0.0740825
0.880102 0.0763236
0.897959 0.0786532
0.887755 0.081213
0.931122 0.0800532
0.903061 0.0791155
0.905612 0.0769447
0.890306 0.0750757
0.877551 0.0713423
0.852041 0.0671994
0.862245 0.0644298
0.864796 0.0625656
0.890306 0.0611784
0.872449 0.0624754
0.872449 0.0625199
0.897959 0.0611968
0.897959 0.0613737
0.880102 0.0612484
0.885204 0.0622723
0.882653 0.0634637
0.877551 0.0653074
0.895408 0.0650628
0.903061 0.0650223
0.892857 0.0653563
0.905612 0.0647599
0.882653 0.0638416
0.885204 0.0640412
0.859694 0.0644343
0.872449 0.0647702
0.84949 0.0656708
0.867347 0.0685208
0.864796 0.0679037
0.890306 0.064506
0.859694 0.0630024
0.872449 0.0613746
0.829082 0.0593007
0.834184 0.0604203
0.841837 0.0616472
0.808673 0.0621379
0.798469 0.0624846
0.831633 0.0595592
0.826531 0.0585618
0.803571 0.0577707
0.834184 0.0574244
0.857143 0.05634
0.831633 0.0570446
0.854592 0.0560277
0.852041 0.053947
0.836735 0.0514128
0.839286 0.0510383
0.813776 0.0524126
0.788265 0.051805
0.742347 0.0515002
0.742347 0.0506891
0.739796 0.0512348
0.739796 0.0515989
0.806122 0.0505899
0.77551 0.0516572
0.793367 0.0540531
0.826531 0.0588634
0.859694 0.0629398
0.867347 0.0656922
0.846939 0.069008
0.890306 0.0684004
0.880102 0.0688419
0.852041 0.0716042
0.811224 0.074989
0.813776 0.0771869
0.798469 0.0782693
0.831633 0.0772471
0.778061 0.076438
0.765306 0.0740903
0.762755 0.0749807
0.770408 0.0756491
0.783163 0.0752545
0.788265 0.0789292
0.785714 0.0832143
0.757653 0.0849584
0.714286 0.086641
0.747449 0.0872472
0.704082 0.0864932
0.665816 0.0856626
0.653061 0.0845606
0.688776 0.0842792
0.696429 0.0871139
0.709184 0.0888983
0.734694 0.0894504
0.744898 0.0884109
0.80102 0.0864466
0.747449 0.0854589
0.770408 0.0840406
0.785714 0.0836473
0.811224 0.0844139
0.811224 0.0843516
0.844388 0.0856325
0.816327 0.0886038
0.783163 0.0907098
0.818878 0.0900941
0.821429 0.0892211
0.859694 0.0874964
0.844388 0.084779
0.82398 0.082093
0.821429 0.0798784
0.826531 0.0783722
0.757653 0.0801726
0.770408 0.0855838
0.765306 0.0915514
0.770408 0.0975638
0.772959 0.103025
0.803571 0.106944
0.808673 0.112438
0.798469 0.117159
0.767857 0.120054
0.716837 0.121078
0.688776 0.123042
0.665816 0.124945
0.719388 0.123785
0.767857 0.124547
0.757653 0.127348
0.709184 0.127144
0.727041 0.128792
0.757653 0.127685
0.747449 0.126439
0.772959 0.122178
0.790816 0.119318
0.783163 0.116404
0.82398 0.114498
0.821429 0.111247
0.778061 0.109012
0.788265 0.105593
0.788265 0.101773
0.839286 0.0985492
0.839286 0.094458
0.869898 0.0899228
0.844388 0.0860367
0.813776 0.0825052
0.829082 0.0776936
0.821429 0.0721005
0.831633 0.0668106
0.839286 0.0610561
0.821429 0.0560421
0.780612 0.0501716
0.780612 0.0442183
0.752551 0.0438282
0.72449 0.0413405
0.729592 0.03889
0.732143 0.036801
0.688776 0.0338032
0.770408 0.0304105
0.760204 0.0278427
0.739796 0.0271658
0.75 0.0241915
0.760204 0.0199685
0.785714 0.0177497
0.795918 0.0137969
0.752551 0.0109701
0.790816 0.0112207
0.813776 0.0112051
0.826531 0.0115558
0.795918 0.00996102
0.806122 0.00836917
0.813776 0.00889838
0.803571 0.00679136
0.785714 0.00521491
0.757653 0.00465353
0.732143 0.00119591
0.778061 -0.00292882
0.785714 -0.00528224
0.795918 -0.00731442
0.747449 -0.00863187
0.732143 -0.00945964
0.734694 -0.00608892
0.72449 -0.00455631
0.711735 -0.00227714
0.704082 0.00195484
0.696429 0.00499372
0.701531 0.00845767
0.681122 0.0142694
0.709184 0.019966
0.65051 0.0240919
0.691327 0.0270009
0.673469 0.0295491
0.704082 0.0298647
0.691327 0.0316424
0.734694 0.0316114
0.755102 0.0313844
0.744898 0.0309528
0.716837 0.0332822
0.691327 0.0354367
0.732143 0.039243
0.737245 0.0432426
0.818878 0.0460759
0.82398 0.0506239
0.839286 0.0556021
0.831633 0.0575453
0.844388 0.0601772
0.869898 0.061544
0.859694 0.0641338
0.82398 0.0661546
0.859694 0.0699725
0.82398 0.0755252
0.831633 0.0795427
0.80102 0.0810781
0.826531 0.0838682
0.806122 0.0871133
0.813776 0.0901064
0.831633 0.0925947
0.77551 0.0967543
0.747449 0.0987034
0.744898 0.0993454
0.77551 0.0993201
0.818878 0.0969123
0.793367 0.0931181
0.778061 0.0884429
0.793367 0.0848235
0.767857 0.0834185
0.790816 0.080894
0.821429 0.0800132
0.813776 0.0796584
0.862245 0.0768664
0.862245 0.0736864
0.877551 0.0708292
0.867347 0.0702656
0.798469 0.0702044
0.826531 0.0688738
0.816327 0.0680442
0.831633 0.0662532
0.831633 0.0614917
0.803571 0.0585384
0.808673 0.0571269
0.778061 0.0547486
0.772959 0.0508102
0.77551 0.0487773
0.742347 0.0444356
0.762755 0.0412796
0.767857 0.0388259
0.729592 0.039053
0.760204 0.0398283
0.785714 0.0392395
0.788265 0.0382244
0.816327 0.0350144
0.834184 0.0332604
0.841837 0.0303295
0.803571 0.0300197
0.80102 0.0309686
0.818878 0.0309931
0.859694 0.0313366
0.84949 0.0295649
0.905612 0.027947
0.882653 0.0297119
0.877551 0.0299204
0.875 0.0281684
0.826531 0.0278514
0.84949 0.0276998
0.831633 0.0265171
0.818878 0.0228305
0.778061 0.0175053
0.75 0.0128299
0.757653 0.00982253
0.790816 0.00807122
0.80102 0.00614112
0.757653 0.00531161
0.811224 0.00446874
0.864796 0.00398759
0.841837 0.00542986
0.839286 0.00295578
0.857143 0.000174359
0.854592 -0.00185901
0.864796 -0.00348745
0.875 -0.00764184
0.864796 -0.0103024
0.864796 -0.0142466
0.803571 -0.0205738
0.82398 -0.0246938
0.795918 -0.0304332
0.821429 -0.0352824
0.778061 -0.039374
0.737245 -0.043161
0.72449 -0.0476698
0.765306 -0.0526681
0.737245 -0.0551829
0.727041 -0.0557397
0.704082 -0.0568044
0.767857 -0.0593085
0.760204 -0.0620316
0.767857 -0.0664983
0.701531 -0.0732853
0.704082 -0.0778032
0.673469 -0.0786817
0.706633 -0.0788575
0.691327 -0.0766612
0.706633 -0.0723498
0.739796 -0.0698782
0.767857 -0.0661871
0.778061 -0.0652409
0.734694 -0.0644866
0.752551 -0.0652913
0.704082 -0.0674322
0.691327 -0.0719146
0.691327 -0.0732843
0.681122 -0.0759878
0.69898 -0.0778222
0.709184 -0.0783132
0.762755 -0.0795968
0.795918 -0.078666
0.808673 -0.0744968
0.80102 -0.0730634
0.803571 -0.0694838
0.857143 -0.0672509
0.854592 -0.0670771
0.844388 -0.0692736
0.834184 -0.0706764
0.821429 -0.0710129
0.831633 -0.0735062
0.841837 -0.0744774
0.844388 -0.076151
0.790816 -0.075418
0.84949 -0.0751788
0.875 -0.0737944
0.84949 -0.0745764
0.846939 -0.0749665
0.84949 -0.0750524
0.875 -0.0750029
0.864796 -0.0772263
0.882653 -0.0819506
0.890306 -0.0849002
0.880102 -0.0841023
0.880102 -0.0862818
0.836735 -0.0884311
0.84949 -0.0885816
0.80102 -0.0863046
0.793367 -0.0855193
0.785714 -0.0837757
0.732143 -0.08027
0.732143 -0.0788725
0.772959 -0.0770634
0.732143 -0.0796964
0.75 -0.0837225
0.765306 -0.089132
0.793367 -0.0945792
0.795918 -0.096463
0.795918 -0.0975132
0.798469 -0.0960179
0.785714 -0.096742
0.770408 -0.10061
0.767857 -0.106928
0.803571 -0.107903
0.772959 -0.107188
0.813776 -0.107607
0.836735 -0.107041
0.816327 -0.106867
0.831633 -0.10695
0.846939 -0.107345
0.788265 -0.106431
0.831633 -0.106487
0.839286 -0.10626
0.84949 -0.102377
0.831633 -0.101398
0.844388 -0.0985121
0.783163 -0.096204
0.77551 -0.0954212
0.790816 -0.0923784
0.788265 -0.0932288
0.77551 -0.0962472
0.780612 -0.0998718
0.806122 -0.102688
0.793367 -0.103238
0.821429 -0.104576
0.857143 -0.104814
0.844388 -0.103814
0.852041 -0.103169
0.869898 -0.104168
0.880102 -0.103477
0.90051 -0.103206
0.846939 -0.100336
0.836735 -0.0975004
0.808673 -0.0948121
0.811224 -0.0929396
0.806122 -0.0930617
0.806122 -0.0970956
0.790816 -0.0993919
0.80102 -0.100289
0.780612 -0.102319
0.790816 -0.104806
0.813776 -0.10673
0.816327 -0.107723
0.80102 -0.106193
0.772959 -0.105089
0.816327 -0.105775
0.808673 -0.104816
0.798469 -0.10408
0.826531 -0.105563
0.834184 -0.107267
0.846939 -0.107757
0.826531 -0.105163
0.811224 -0.102773
0.834184 -0.102195
0.829082 -0.0998963
0.780612 -0.0973915
0.762755 -0.0933502
0.813776 -0.0888883
0.793367 -0.0860563
0.803571 -0.0819805
0.839286 -0.0787017
0.844388 -0.0738011
0.813776 -0.0681728
0.783163 -0.0637728
0.818878 -0.0559292
0.82398 -0.0490737
0.780612 -0.0426023
0.742347 -0.0390607
0.767857 -0.0384738
0.770408 -0.0343834
0.711735 -0.0336091
0.719388 -0.0340938
0.719388 -0.0311442
0.686224 -0.030893
0.765306 -0.032814
0.767857 -0.034282
0.783163 -0.0353667
0.744898 -0.0382848
0.75 -0.0419583
0.704082 -0.0425306
0.772959 -0.0424992
0.790816 -0.0398935
0.765306 -0.0402754
0.747449 -0.0404901
0.732143 -0.044123
0.727041 -0.0505376
0.747449 -0.0548828
0.75 -0.0590163
0.716837 -0.0620186
0.701531 -0.0634392
0.696429 -0.0654123
0.714286 -0.0663562
0.742347 -0.0657763
0.734694 -0.0634858
0.808673 -0.0611052
0.788265 -0.0599959
0.760204 -0.0617222
0.770408 -0.0620469
0.795918 -0.0625594
0.795918 -0.0621802
0.793367 -0.0628874
0.75 -0.0639784
0.77551 -0.0633712
0.80102 -0.0649578
0.818878 -0.0660925
0.836735 -0.0663346
0.816327 -0.0679723
0.834184 -0.0689292
0.795918 -0.0690055
0.869898 -0.0690236
0.877551 -0.069571
0.908163 -0.0708563
0.887755 -0.0743226
0.877551 -0.0807653
0.836735 -0.0857327
0.821429 -0.090044
0.826531 -0.0943886
0.82398 -0.0956569
0.834184 -0.0927295
0.808673 -0.0882268
0.803571 -0.0867565
0.798469 -0.087821
0.829082 -0.0872329
0.834184 -0.0845535
0.82398 -0.0841062
0.82398 -0.0854316
0.831633 -0.085999
0.77551 -0.0871191
0.808673 -0.0872887
0.795918 -0.0875941
0.821429 -0.0878475
0.844388 -0.0868319
0.846939 -0.0829385
0.818878 -0.0813466
0.762755 -0.0789266
0.75 -0.0767139
0.734694 -0.0737449
0.752551 -0.0705321
0.780612 -0.0687684
0.755102 -0.0682447
0.757653 -0.0690789
0.711735 -0.0675692
0.696429 -0.0667243
0.719388 -0.0645873
0.640306 -0.0609496
0.647959 -0.0584861
0.619898 -0.0535634
0.673469 -0.0479486
0.727041 -0.0443915
0.714286 -0.0400352
0.678571 -0.0400598
0.681122 -0.0425937
0.670918 -0.0440999
0.678571 -0.04616
0.665816 -0.0481975
0.678571 -0.0506935
0.686224 -0.0528372
0.640306 -0.0536286
0.658163 -0.0543055
0.665816 -0.0559124
0.696429 -0.0595066
0.665816 -0.061481
0.665816 -0.0619583
0.627551 -0.0613762
0.627551 -0.0641602
0.663265 -0.0668796
0.688776 -0.0703745
0.653061 -0.0738427
0.602041 -0.0779819
0.696429 -0.0822696
0.704082 -0.0842009
0.668367 -0.0873487
0.67602 -0.0925663
0.701531 -0.0950548
0.752551 -0.0968452
0.729592 -0.0962544
0.737245 -0.096224
0.729592 -0.0958605
0.737245 -0.0990342
0.727041 -0.098182
0.706633 -0.100394
0.72449 -0.102468
0.783163 -0.10416
0.760204 -0.103327
0.770408 -0.105494
0.772959 -0.10763
0.783163 -0.106619
0.798469 -0.105985
0.788265 -0.106279
0.767857 -0.105129
0.757653 -0.106784
0.765306 -0.108405
0.719388 -0.108419
0.711735 -0.108996
0.706633 -0.112984
0.691327 -0.117114
0.678571 -0.12225
0.696429 -0.130172
0.665816 -0.136854
0.681122 -0.142042
0.681122 -0.145495
0.696429 -0.145337
0.739796 -0.142309
0.752551 -0.139387
0.755102 -0.136466
0.778061 -0.135484
0.760204 -0.135865
0.742347 -0.133637
0.747449 -0.132196
0.75 -0.130433
0.714286 -0.128033
0.719388 -0.12422
0.732143 -0.122163
0.739796 -0.120183
0.729592 -0.115257
0.739796 -0.111277
0.716837 -0.110207
0.75 -0.109834
0.757653 -0.10841
0.780612 -0.107348
0.790816 -0.105574
0.813776 -0.103066
0.818878 -0.103131
0.831633 -0.105668
0.826531 -0.106692
0.846939 -0.108529
0.880102 -0.108922
0.818878 -0.108321
0.788265 -0.10695
0.788265 -0.104974
0.762755 -0.104344
0.762755 -0.104374
0.806122 -0.106788
0.82398 -0.111459
0.790816 -0.115827
0.788265 -0.119805
0.795918 -0.124207
0.831633 -0.128026
0.811224 -0.130094
0.813776 -0.131529
0.84949 -0.133048
0.846939 -0.134737
0.826531 -0.137154
0.857143 -0.138205
0.869898 -0.139722
0.882653 -0.141144
0.862245 -0.142429
0.818878 -0.14604
0.811224 -0.149302
0.795918 -0.151832
0.77551 -0.153172
0.762755 -0.155243
0.788265 -0.158506
0.841837 -0.158174
0.836735 -0.157894
0.783163 -0.1592
0.816327 -0.157926
0.869898 -0.158482
0.829082 -0.15752
0.852041 -0.156778
0.880102 -0.156429
0.867347 -0.155956
0.880102 -0.158835
0.872449 -0.158947
0.841837 -0.158056
0.841837 -0.157191
0.84949 -0.156694
0.859694 -0.158026
0.826531 -0.159204
0.841837 -0.15956
0.84949 -0.160182
0.872449 -0.159072
0.877551 -0.158155
0.877551 -0.156982
0.903061 -0.153857
0.905612 -0.154108
0.903061 -0.153732
0.864796 -0.151469
0.885204 -0.150334
0.852041 -0.152035
0.908163 -0.151706
0.923469 -0.151678
0.859694 -0.151023
0.84949 -0.153035
0.826531 -0.153548
0.795918 -0.155638
0.790816 -0.156158
0.877551 -0.155059
0.844388 -0.152289
0.864796 -0.147713
0.897959 -0.143842
0.897959 -0.142045
0.875 -0.141568
0.864796 -0.138962
0.859694 -0.135352
0.854592 -0.129478
0.875 -0.123667
0.846939 -0.119458
0.834184 -0.114061
0.857143 -0.108699
0.836735 -0.105943
0.846939 -0.103483
0.844388 -0.100078
0.811224 -0.0976567
0.811224 -0.0945514
0.844388 -0.093239
0.836735 -0.093633
0.862245 -0.0909793
0.836735 -0.0884242
0.839286 -0.0854771
0.829082 -0.0836941
0.869898 -0.0824664
0.852041 -0.079101
0.834184 -0.075884
0.841837 -0.0721193
0.836735 -0.0701564
0.869898 -0.0654572
0.867347 -0.0595717
0.84949 -0.0568356
0.867347 -0.051539
0.836735 -0.0431114
0.836735 -0.0350841
0.826531 -0.0276362
0.839286 -0.0205262
0.813776 -0.0155679
0.826531 -0.0127266
0.829082 -0.0101052
0.813776 -0.00948203
0.831633 -0.00922799
0.831633 -0.0104902
0.839286 -0.0111306
0.836735 -0.0129085
0.846939 -0.0136322
0.854592 -0.0120566
0.841837 -0.0102276
0.854592 -0.00978515
0.864796 -0.0100716
0.826531 -0.0127145
0.844388 -0.0109702
0.831633 -0.0127941
0.836735 -0.014948
0.831633 -0.0173289
0.82398 -0.0178653
0.80102 -0.0192018
0.803571 -0.016341
0.829082 -0.0120795
0.872449 -0.00855196
0.872449 -0.0068368
0.885204 -0.0057161
0.903061 -0.00464132
0.875 -0.00435363
0.872449 -0.00292755
0.875 -0.00225878
0.829082 -0.000606573
0.785714 0.00290619
0.783163 0.00509644
0.788265 0.00683854
0.813776 0.00994524
0.816327 0.0114719
0.80102 0.0122425
0.739796 0.014174
0.752551 0.0146493
0.752551 0.0149274
0.75 0.017417
0.747449 0.0183566
0.762755 0.0207829
0.739796 0.0221706
0.714286 0.0233833
0.72449 0.022947
0.739796 0.0234912
0.737245 0.0256641
0.75 0.0255988
0.772959 0.0262851
0.783163 0.0280077
0.821429 0.0293642
0.826531 0.0304024
0.82398 0.0312016
0.834184 0.0329807
0.806122 0.0356897
0.821429 0.0365774
0.839286 0.039988
0.84949 0.0434609
0.84949 0.0457506
0.859694 0.0469734
0.869898 0.0466014
0.857143 0.0472771
0.859694 0.0453561
0.836735 0.0457143
0.857143 0.0487681
0.875 0.0520478
0.818878 0.0532627
0.806122 0.0526602
0.818878 0.0514212
0.816327 0.0480273
0.793367 0.0445636
0.788265 0.0429585
0.770408 0.0379017
0.762755 0.0355397
0.75 0.0326166
0.80102 0.0286423
0.867347 0.0262864
0.864796 0.0246253
0.844388 0.0203
0.816327 0.0126686
0.785714 0.00416567
0.75 -0.00263254
0.760204 -0.0121246
0.790816 -0.0195313
0.785714 -0.0251941
0.77551 -0.0295097
0.811224 -0.0354731
0.806122 -0.0387429
0.760204 -0.0426838
0.747449 -0.0472246
0.765306 -0.0503245
0.739796 -0.0515725
0.742347 -0.0510224
0.757653 -0.0513258
0.770408 -0.0500456
0.75 -0.0507382
0.772959 -0.0518245
0.780612 -0.0508088
0.80102 -0.0481966
0.778061 -0.0462477
0.816327 -0.0466351
0.808673 -0.0482618
0.760204 -0.0462239
0.803571 -0.0440477
0.77551 -0.0413057
0.77551 -0.041401
0.808673 -0.04144
0.798469 -0.0419956
0.798469 -0.0448342
0.739796 -0.0464457
0.668367 -0.0473214
0.678571 -0.0491337
0.711735 -0.0494648
0.737245 -0.0498086
0.701531 -0.0511697
0.686224 -0.0524793
0.678571 -0.0520566
0.645408 -0.0529706
0.632653 -0.0538527
0.630102 -0.0568358
0.584184 -0.0618703
0.553571 -0.0696979
0.522959 -0.0746337
0.502551 -0.0770528
0.540816 -0.0811066
0.545918 -0.0834918
0.55102 -0.083525
0.617347 -0.0835182
0.637755 -0.0829236
0.625 -0.0793542
0.655612 -0.0760644
0.67602 -0.0737737
0.714286 -0.0701965
0.727041 -0.0651701
0.75 -0.0621199
0.770408 -0.0613821
0.818878 -0.0602427
0.813776 -0.0587996
0.788265 -0.0570598
0.795918 -0.0550068
0.803571 -0.0531132
0.839286 -0.0500206
0.813776 -0.0465238
0.818878 -0.044609
0.859694 -0.044931
0.829082 -0.0464615
0.829082 -0.0487586
0.821429 -0.0487454
0.826531 -0.0508415
0.841837 -0.0554039
0.831633 -0.0586776
0.844388 -0.0618278
0.829082 -0.0642611
0.854592 -0.0641825
0.857143 -0.0630711
0.857143 -0.0644064
0.829082 -0.0651021
0.836735 -0.0642021
0.872449 -0.0623065
0.908163 -0.0619674
0.882653 -0.0628117
0.882653 -0.0663284
0.859694 -0.0682036
0.857143 -0.0682963
0.897959 -0.0686375
0.90051 -0.0717489
0.890306 -0.0710167
0.915816 -0.0712387
0.918367 -0.0694037
0.872449 -0.0682
0.857143 -0.0673079
0.864796 -0.0652033
0.836735 -0.0629353
0.821429 -0.063045
0.836735 -0.0656519
0.869898 -0.0643642
0.882653 -0.0629905
0.846939 -0.0624085
0.872449 -0.0600835
0.839286 -0.0571779
0.82398 -0.0544486
0.846939 -0.0526328
0.821429 -0.0482799
0.821429 -0.043821
0.811224 -0.0398436
0.82398 -0.0383458
0.80102 -0.0352036
0.793367 -0.0319478
0.770408 -0.0298155
0.831633 -0.0276787
0.839286 -0.0237152
0.826531 -0.0180846
0.880102 -0.00994699
0.887755 -0.00369123
0.864796 0.00088927
0.867347 0.00820247
0.892857 0.0172336
0.890306 0.027989
0.90051 0.0379141
0.90051 0.0452415
0.905612 0.0510898
0.897959 0.0571848
0.890306 0.0619668
0.892857 0.0647215
0.882653 0.0687778
0.857143 0.074872
0.864796 0.0793952
0.857143 0.0854106
0.818878 0.0911901
0.818878 0.0973497
0.82398 0.105726
0.806122 0.111852
0.770408 0.114891
0.798469 0.118073
0.778061 0.120191
0.711735 0.119515
0.619898 0.116883
0.658163 0.112728
0.704082 0.11277
0.714286 0.11142
0.709184 0.109396
0.681122 0.10775
0.647959 0.10569
0.635204 0.101018
0.681122 0.100714
0.686224 0.0996979
0.706633 0.100132
0.72449 0.101976
0.734694 0.10268
0.696429 0.105809
0.734694 0.107599
0.711735 0.10979
0.660714 0.114205
0.653061 0.117307
0.642857 0.121048
0.642857 0.126047
0.635204 0.132104
0.612245 0.135962
0.637755 0.137421
0.614796 0.141741
0.653061 0.144324
0.622449 0.147102
0.630102 0.148547
0.604592 0.150801
0.614796 0.152876
0.665816 0.153291
0.721939 0.1568
0.719388 0.159228
0.732143 0.160847
0.734694 0.163741
0.747449 0.16721
0.757653 0.171431
0.739796 0.174549
0.721939 0.178287
0.701531 0.185697
0.711735 0.190101
0.691327 0.19616
0.732143 0.203733
0.765306 0.20893
0.757653 0.213046
0.798469 0.217683
0.80102 0.224781
0.811224 0.227319
0.808673 0.229642
0.841837 0.234341
0.821429 0.236548
0.813776 0.236608
0.778061 0.238221
0.701531 0.239273
0.716837 0.240503
0.744898 0.239532
0.760204 0.237531
0.767857 0.236692
0.778061 0.237403
0.767857 0.236414
0.783163 0.235258
0.798469 0.232901
0.80102 0.229094
0.806122 0.223511
0.767857 0.216894
0.729592 0.210342
0.665816 0.206208
0.69898 0.20121
0.688776 0.195343
0.640306 0.189399
0.670918 0.186491
0.668367 0.184093
0.658163 0.181899
0.614796 0.178972
0.579082 0.176004
0.612245 0.173981
0.688776 0.171398
0.706633 0.168046
0.734694 0.163694
0.739796 0.160252
0.795918 0.159215
0.808673 0.153803
0.811224 0.146344
0.80102 0.137064
0.811224 0.130109
0.829082 0.125986
0.813776 0.124563
0.80102 0.125971
0.821429 0.128035
0.790816 0.127323
0.77551 0.123017
0.780612 0.119174
0.770408 0.116348
0.770408 0.112839
0.788265 0.107211
0.795918 0.101547
0.854592 0.0968515
0.80102 0.0926468
0.818878 0.0872812
0.783163 0.08384
0.788265 0.079259
0.82398 0.0747506
0.808673 0.0706845
0.818878 0.0655586
0.798469 0.06223
0.788265 0.0563204
0.811224 0.0513417
0.785714 0.0444498
0.806122 0.0357579
0.762755 0.0300644
0.798469 0.0283734
0.765306 0.0292641
0.780612 0.0276268
0.84949 0.026549
0.869898 0.0256952
0.857143 0.0253281
0.875 0.0236545
0.862245 0.021103
0.829082 0.0197769
0.818878 0.0183575
0.770408 0.0181727
0.765306 0.0148623
0.772959 0.0124788
0.760204 0.0119828
0.747449 0.0144131
0.727041 0.0163416
0.762755 0.0214128
0.719388 0.0262846
0.660714 0.0308729
0.645408 0.0360375
0.630102 0.0405377
0.604592 0.0452071
0.540816 0.050999
0.545918 0.0564646
0.561224 0.0624954
0.556122 0.0622637
0.556122 0.0644684
0.517857 0.0678081
0.494898 0.0722281
0.502551 0.0780382
0.543367 0.0848749
0.512755 0.090644
0.571429 0.0945729
0.556122 0.0982782
0.584184 0.10002
0.57398 0.103141
0.566327 0.106256
0.568878 0.107154
0.556122 0.108965
0.632653 0.106171
0.612245 0.103664
0.612245 0.101422
0.637755 0.0979736
0.609694 0.0969568
0.614796 0.0970227
0.602041 0.0944964
0.619898 0.0892418
0.617347 0.0851311
0.614796 0.0830133
0.617347 0.0836131
0.602041 0.0827353
0.627551 0.0823216
0.619898 0.0830359
0.59949 0.0845554
0.645408 0.0851113
0.653061 0.0874425
0.658163 0.0893671
0.668367 0.0893463
0.670918 0.0885563
0.67602 0.0897267
0.665816 0.0903471
0.701531 0.0887639
0.655612 0.0857716
0.69898 0.0807376
0.739796 0.0744007
0.714286 0.068523
0.709184 0.0634446
0.727041 0.0618689
0.732143 0.0617988
0.737245 0.0610723
0.734694 0.0612996
0.780612 0.0595938
0.762755 0.0596094
0.767857 0.0589701
0.760204 0.0569124
0.760204 0.0558276
0.732143 0.0554442
0.732143 0.0526147
0.701531 0.0524731
0.719388 0.050869
0.691327 0.050401
0.716837 0.0516145
0.755102 0.0559171
0.696429 0.0602102
0.660714 0.0648513
0.701531 0.0677138
0.732143 0.0703446
0.686224 0.0714498
0.681122 0.0762776
0.681122 0.081629
0.714286 0.085761
0.658163 0.0882405
0.673469 0.0899843
0.706633 0.0920966
0.739796 0.0933099
0.716837 0.0974298
0.734694 0.10359
0.739796 0.10879
0.742347 0.113724
0.770408 0.118216
0.785714 0.120779
0.765306 0.123451
0.757653 0.127316
0.762755 0.129243
0.716837 0.129792
0.69898 0.129062
0.660714 0.128219
0.711735 0.127852
0.75 0.130351
0.734694 0.132739
0.798469 0.132825
0.806122 0.135017
0.744898 0.13622
0.719388 0.137218
0.734694 0.137296
0.770408 0.134342
0.772959 0.132888
0.765306 0.132384
0.747449 0.131187
0.77551 0.133339
0.778061 0.136604
0.811224 0.138202
0.826531 0.140873
0.852041 0.141214
0.811224 0.140173
0.790816 0.140364
0.795918 0.140691
0.757653 0.142441
0.790816 0.140691
0.818878 0.137165
0.821429 0.132696
0.829082 0.12971
0.839286 0.129092
0.829082 0.130832
0.844388 0.132053
0.854592 0.133353
0.877551 0.135879
0.872449 0.138128
0.869898 0.141829
0.84949 0.144501
0.854592 0.149308
0.84949 0.152724
0.854592 0.154823
0.821429 0.157694
0.818878 0.159092
0.811224 0.162498
0.806122 0.166183
0.803571 0.170584
0.798469 0.174602
0.862245 0.175759
0.897959 0.177939
0.905612 0.17748
0.862245 0.177098
0.852041 0.177092
0.844388 0.181411
0.821429 0.182325
0.818878 0.180785
0.808673 0.177418
0.798469 0.173373
0.778061 0.171016
0.821429 0.166193
0.854592 0.162473
0.862245 0.160969
0.834184 0.163973
0.854592 0.167989
0.852041 0.168961
0.857143 0.173852
0.875 0.176219
0.859694 0.176213
0.867347 0.172213
0.859694 0.169807
0.82398 0.172476
0.811224 0.171572
0.811224 0.167619
0.788265 0.16505
0.82398 0.162931
0.834184 0.161161
0.806122 0.157934
0.818878 0.154636
0.806122 0.153892
0.836735 0.154197
0.857143 0.157032
0.872449 0.155982
0.84949 0.15587
0.818878 0.157102
0.788265 0.155928
0.793367 0.154728
0.798469 0.152581
0.783163 0.151734
0.859694 0.151484
0.84949 0.152187
0.859694 0.152606
0.882653 0.153974
0.885204 0.154541
0.872449 0.154413
0.867347 0.156484
0.826531 0.15736
0.826531 0.158794
0.813776 0.161644
0.80102 0.163552
0.821429 0.169344
0.821429 0.175334
0.795918 0.181834
0.793367 0.184177
0.767857 0.180583
0.818878 0.177129
0.778061 0.172901
0.762755 0.169406
0.770408 0.165948
0.762755 0.164372
0.790816 0.160806
0.765306 0.154505
0.744898 0.147998
0.757653 0.139869
0.742347 0.131475
0.744898 0.125761
0.727041 0.118515
0.727041 0.112677
0.727041 0.107197
0.681122 0.100846
0.686224 0.0919823
0.701531 0.0848888
0.683673 0.0821316
0.67602 0.0782082
0.670918 0.0745523
0.69898 0.0675641
0.706633 0.0643208
0.69898 0.0587075
0.691327 0.0527842
0.655612 0.0493175
0.627551 0.0463304
0.632653 0.0433016
0.630102 0.0422894
0.640306 0.0425986
0.645408 0.046113
0.668367 0.0452461
0.665816 0.0430495
0.653061 0.0418477
0.673469 0.0435055
0.65051 0.0452689
0.683673 0.0420833
0.696429 0.0395219
0.673469 0.0365365
0.683673 0.0332641
0.642857 0.0325787
0.576531 0.0272547
0.563776 0.0240476
0.558673 0.0214271
0.538265 0.0175166
0.553571 0.0147182
0.57398 0.0118698
0.596939 0.00832389
0.625 0.00736751
0.630102 0.00475769
0.642857 0.00119445
0.635204 -0.00166594
0.602041 -0.00368638
0.635204 -0.00352983
0.647959 -0.00728732
0.655612 -0.00940116
0.660714 -0.0101066
0.635204 -0.0104722
0.645408 -0.0106119
0.681122 -0.012367
0.670918 -0.0125238
0.665816 -0.00995151
0.660714 -0.00911258
0.69898 -0.0102712
0.696429 -0.0102225
0.701531 -0.00956694
0.729592 -0.0117639
0.693878 -0.0112949
0.627551 -0.0102558
0.658163 -0.0105798
0.622449 -0.0124143
0.65051 -0.0160678
0.630102 -0.0177788
0.693878 -0.0195412
0.716837 -0.019412
0.737245 -0.0219073
0.75 -0.0258876
0.721939 -0.0276873
0.72449 -0.0300003
0.783163 -0.031084
0.770408 -0.0317511
0.795918 -0.0313563
0.803571 -0.031274
0.811224 -0.0317369
0.783163 -0.0311045
0.788265 -0.0315234
0.811224 -0.0293755
0.793367 -0.0267894
0.793367 -0.02849
0.80102 -0.0308781
0.770408 -0.0305146
0.813776 -0.029845
0.821429 -0.0277723
0.859694 -0.0259923
0.844388 -0.0229954
0.816327 -0.0178379
0.857143 -0.0125121
0.826531 -0.00599487
0.882653 -0.0031846
0.831633 0.00321138
0.826531 0.00811713
0.864796 0.0155985
0.84949 0.0203499
0.829082 0.0245971
0.826531 0.0299932
0.826531 0.0338861
0.806122 0.0378284
0.793367 0.0455105
0.788265 0.0498281
0.798469 0.0522772
0.767857 0.0546638
0.762755 0.0568362
0.77551 0.060397
0.711735 0.0634246
0.683673 0.0647521
0.683673 0.0686576
0.681122 0.0706141
0.660714 0.0714478
0.688776 0.0754682
0.691327 0.0794909
0.686224 0.0815406
0.686224 0.0843743
0.670918 0.0888678
0.630102 0.0918164
0.609694 0.0932903
0.645408 0.0957268
0.655612 0.0995706
0.721939 0.105216
0.760204 0.112614
0.696429 0.118079
0.729592 0.124493
0.747449 0.132213
0.732143 0.138901
0.798469 0.145846
0.818878 0.15282
0.846939 0.158751
0.844388 0.162534
0.84949 0.166551
0.826531 0.171275
0.857143 0.174303
0.882653 0.178752
0.887755 0.182389
0.852041 0.189227
0.793367 0.197994
0.816327 0.202606
0.790816 0.208155
0.841837 0.210807
0.803571 0.211142
0.765306 0.210001
0.778061 0.209925
0.737245 0.213736
0.744898 0.216105
0.762755 0.216689
0.739796 0.217301
0.752551 0.220859
0.757653 0.223084
0.778061 0.224468
0.813776 0.228703
0.798469 0.231343
0.788265 0.231814
0.785714 0.233499
0.780612 0.235795
0.780612 0.237037
0.80102 0.239571
0.82398 0.238264
0.818878 0.233553
0.821429 0.2302
0.82398 0.226536
0.808673 0.226737
0.839286 0.225278
0.82398 0.226086
0.818878 0.225388
0.857143 0.226133
0.839286 0.224243
0.785714 0.22473
0.783163 0.224949
0.785714 0.225374
0.826531 0.22529
0.793367 0.226303
0.765306 0.228318
0.793367 0.228115
0.752551 0.227406
0.752551 0.225462
0.806122 0.222925
0.829082 0.219547
0.836735 0.214076
0.841837 0.210627
0.852041 0.207883
0.846939 0.204533
0.872449 0.203607
0.875 0.203365
0.875 0.202274
0.854592 0.200177
0.862245 0.19728
0.844388 0.192474
0.831633 0.188691
0.806122 0.184079
0.790816 0.178106
0.80102 0.173585
0.844388 0.165195
0.862245 0.158059
0.84949 0.151451
0.857143 0.144655
0.813776 0.138371
0.875 0.134369
0.905612 0.134178
0.890306 0.132265
0.859694 0.130038
0.905612 0.128422
0.910714 0.129724
0.913265 0.126701
0.908163 0.122774
0.90051 0.121632
0.895408 0.118213
0.877551 0.114848
0.862245 0.112575
0.864796 0.106093
0.875 0.0995421
0.846939 0.0912853
0.831633 0.0833593
0.831633 0.0745424
0.816327 0.0657606
0.821429 0.0565896
0.821429 0.0481361
0.846939 0.0391267
0.826531 0.0295696
0.867347 0.0182067
0.877551 0.00795173
0.885204 -0.00393258
0.862245 -0.014612
0.854592 -0.0256774
0.857143 -0.0368537
0.821429 -0.0463241
0.818878 -0.0527133
0.803571 -0.0555655
0.770408 -0.0602136
0.84949 -0.0667443
0.880102 -0.0742524
0.862245 -0.0776501
0.84949 -0.08184
0.880102 -0.0842726
0.875 -0.0830288
0.882653 -0.0816698
0.882653 -0.0798574
0.880102 -0.0786543
0.885204 -0.0759984
0.869898 -0.0743595
0.915816 -0.0727245
0.890306 -0.0727429
0.877551 -0.0752326
0.913265 -0.0775789
0.885204 -0.0773437
0.887755 -0.0779134
0.841837 -0.0789121
0.844388 -0.0807956
0.834184 -0.0827982
0.82398 -0.0850441
0.778061 -0.0896107
0.760204 -0.0937817
0.72449 -0.0947028
0.693878 -0.0965807
0.719388 -0.0964813
0.757653 -0.0932837
0.785714 -0.0884381
0.795918 -0.0858932
0.788265 -0.0833768
0.82398 -0.0832811
0.836735 -0.0832013
0.84949 -0.0784912
0.808673 -0.0710597
0.788265 -0.0680623
0.767857 -0.0594307
0.757653 -0.0548333
0.706633 -0.0511843
0.72449 -0.0482719
0.762755 -0.044496
0.788265 -0.0377852
0.811224 -0.028886
0.806122 -0.0218747
0.780612 -0.0152996
0.778061 -0.0105559
0.780612 -0.00982395
0.767857 -0.0122613
0.727041 -0.0163813
0.714286 -0.0188558
0.704082 -0.0203099
0.69898 -0.0221908
0.732143 -0.0224801
0.752551 -0.0209331
0.739796 -0.0200388
0.75 -0.0180627
0.729592 -0.0187795
0.785714 -0.0164785
0.808673 -0.0191414
0.808673 -0.0217919
0.778061 -0.0248606
0.765306 -0.0281842
0.701531 -0.0265506
0.696429 -0.0235365
0.673469 -0.0176915
0.67602 -0.0153861
0.701531 -0.0154505
0.709184 -0.0132051
0.757653 -0.0131424
0.778061 -0.012969
0.790816 -0.0107738
0.780612 -0.0113423
0.77551 -0.00863773
0.767857 -0.00926641
0.798469 -0.0122022
0.84949 -0.0148523
0.82398 -0.0167423
0.806122 -0.0189815
0.808673 -0.0192901
0.829082 -0.0189737
0.808673 -0.0179651
0.829082 -0.0163648
0.841837 -0.0171255
0.862245 -0.0167002
0.859694 -0.0164454
0.839286 -0.0155487
0.852041 -0.0171131
0.862245 -0.0159063
0.834184 -0.0167365
0.872449 -0.0192231
0.857143 -0.021345
0.803571 -0.0261001
0.821429 -0.0284919
0.793367 -0.0353346
0.834184 -0.045599
0.84949 -0.0545816
0.831633 -0.059411
0.846939 -0.0616507
0.885204 -0.0627218
0.877551 -0.0592103
0.854592 -0.0572077
0.885204 -0.0555593
0.895408 -0.0545033
0.862245 -0.0548686
0.885204 -0.0552946
0.84949 -0.0577846
0.844388 -0.0613987
0.826531 -0.0656388
0.854592 -0.0667402
0.846939 -0.0654361
0.798469 -0.0662662
0.859694 -0.0615351
0.839286 -0.0553208
0.821429 -0.0473885
0.82398 -0.0429518
0.854592 -0.0377269
0.844388 -0.0322977
0.831633 -0.02918
0.816327 -0.0233111
0.844388 -0.0179897
0.836735 -0.015843
0.854592 -0.0134256
0.846939 -0.0101823
0.862245 -0.00549269
0.892857 -0.00164337
0.90051 -0.000191541
0.890306 0.00762604
0.910714 0.0129686
0.892857 0.0120724
0.897959 0.0138479
0.903061 0.0147689
0.877551 0.0167638
0.895408 0.0212998
0.869898 0.0271362
0.867347 0.0313907
0.877551 0.032913
0.869898 0.0280727
0.869898 0.0262027
0.880102 0.025242
0.834184 0.0247882
0.798469 0.0250037
0.831633 0.0220787
0.806122 0.0192611
0.757653 0.0166013
0.783163 0.0110911
0.841837 0.00643176
0.854592 -0.0020662
0.806122 -0.00556058
0.816327 -0.0103821
0.859694 -0.0174083
0.890306 -0.0214207
0.915816 -0.0298118
0.890306 -0.0400839
0.887755 -0.0451724
0.892857 -0.0488341
0.867347 -0.0516041
0.854592 -0.0559447
0.836735 -0.056519
0.859694 -0.0566889
0.854592 -0.0610634
0.869898 -0.0674416
0.857143 -0.0719166
0.836735 -0.0779105
0.854592 -0.0841043
0.836735 -0.0869334
0.867347 -0.0890201
0.84949 -0.094777
0.880102 -0.0991923
0.857143 -0.0995579
0.834184 -0.0999981
0.816327 -0.102657
0.857143 -0.104521
0.877551 -0.105465
0.903061 -0.107405
0.915816 -0.106934
0.920918 -0.10688
0.897959 -0.108528
0.908163 -0.109179
0.913265 -0.111776
0.910714 -0.116443
0.92602 -0.119286
0.908163 -0.121044
0.859694 -0.122668
0.869898 -0.123698
0.831633 -0.123446
0.808673 -0.125149
0.798469 -0.129195
0.790816 -0.133621
0.80102 -0.135565
0.813776 -0.135608
0.826531 -0.139632
0.798469 -0.144917
0.783163 -0.147846
0.806122 -0.150089
0.783163 -0.151363
0.742347 -0.153635
0.762755 -0.152141
0.77551 -0.148803
0.75 -0.147645
0.755102 -0.147581
0.732143 -0.149395
0.721939 -0.150327
0.719388 -0.153273
0.727041 -0.155596
0.757653 -0.159557
0.755102 -0.164242
0.788265 -0.170021
0.795918 -0.174285
0.82398 -0.181973
0.818878 -0.188406
0.826531 -0.195304
0.831633 -0.1958
0.839286 -0.19699
0.834184 -0.196657
0.859694 -0.197608
0.844388 -0.195528
0.846939 -0.192585
0.880102 -0.194968
0.867347 -0.201485
0.872449 -0.207519
0.880102 -0.211099
0.864796 -0.21483
0.829082 -0.221658
0.826531 -0.229337
0.813776 -0.238892
0.857143 -0.248079
0.816327 -0.255132
0.839286 -0.263294
0.844388 -0.269993
0.852041 -0.270618
0.867347 -0.274434
0.905612 -0.276347
0.885204 -0.277546
0.897959 -0.278268
0.887755 -0.28163
0.892857 -0.284518
0.892857 -0.28835
0.885204 -0.290906
0.887755 -0.290307
0.877551 -0.288574
0.862245 -0.289554
0.882653 -0.290618
0.864796 -0.287891
0.857143 -0.287045
0.816327 -0.28946
0.826531 -0.292403
0.821429 -0.295995
0.785714 -0.298257
0.765306 -0.300806
0.75 -0.301869
0.737245 -0.299915
0.716837 -0.298501
0.721939 -0.29852
0.747449 -0.298958
0.744898 -0.299526
0.72449 -0.296863
0.739796 -0.293947
0.714286 -0.291084
0.691327 -0.289114
0.719388 -0.288658
0.716837 -0.289982
0.783163 -0.290558
0.783163 -0.289493
0.813776 -0.290437
0.803571 -0.288471
0.818878 -0.287284
0.80102 -0.287763
0.841837 -0.288981
0.798469 -0.292307
0.821429 -0.293751
0.826531 -0.289492
0.793367 -0.289168
0.839286 -0.287324
0.826531 -0.284865
0.82398 -0.28441
0.84949 -0.284641
0.887755 -0.284389
0.859694 -0.279696
0.867347 -0.275963
0.869898 -0.27297
0.880102 -0.267563
0.867347 -0.264951
0.875 -0.260078
0.892857 -0.257965
0.892857 -0.254617
0.846939 -0.247475
0.839286 -0.241611
0.84949 -0.234486
0.852041 -0.228288
0.84949 -0.22653
0.869898 -0.226391
0.84949 -0.226488
0.875 -0.227799
0.905612 -0.230596
0.892857 -0.232658
0.844388 -0.231862
0.867347 -0.22978
0.920918 -0.230389
0.869898 -0.227538
0.844388 -0.226728
0.880102 -0.227238
0.895408 -0.229067
0.897959 -0.232439
0.869898 -0.234855
0.862245 -0.237026
0.859694 -0.242998
0.882653 -0.247305
0.864796 -0.247414
0.818878 -0.246714
0.803571 -0.246834
0.790816 -0.243778
0.783163 -0.243081
0.785714 -0.245457
0.793367 -0.245103
0.77551 -0.244157
0.808673 -0.243583
0.798469 -0.24305
0.788265 -0.243412
0.811224 -0.240634
0.785714 -0.237289
0.785714 -0.235206
0.772959 -0.232132
0.793367 -0.227931
0.772959 -0.223955
0.760204 -0.216061
0.739796 -0.212042
0.760204 -0.206651
0.795918 -0.19887
0.841837 -0.188877
0.857143 -0.186455
0.875 -0.183254
0.857143 -0.181792
0.803571 -0.180484
0.829082 -0.176281
0.80102 -0.172963
0.857143 -0.172427
0.841837 -0.171573
0.806122 -0.17064
0.857143 -0.171042
0.859694 -0.172331
0.826531 -0.177244
0.839286 -0.176265
0.852041 -0.173542
0.859694 -0.169755
0.864796 -0.168164
0.875 -0.165598
0.857143 -0.163312
0.844388 -0.16186
0.877551 -0.156201
0.821429 -0.150253
0.803571 -0.150091
0.770408 -0.150115
0.798469 -0.147994
0.790816 -0.145635
0.821429 -0.14121
0.803571 -0.137715
0.770408 -0.135171
0.772959 -0.134025
0.772959 -0.131986
0.806122 -0.130779
0.808673 -0.129705
0.778061 -0.127669
0.788265 -0.120149
0.762755 -0.1143
0.793367 -0.110474
0.790816 -0.104721
0.760204 -0.0969382
0.744898 -0.0901873
0.793367 -0.0807741
0.808673 -0.0744946
0.836735 -0.0675299
0.862245 -0.0609167
0.885204 -0.0585693
0.872449 -0.0574148
0.864796 -0.0551471
0.864796 -0.0557163
0.836735 -0.0540381
0.839286 -0.0529999
0.859694 -0.0496314
0.839286 -0.0454917
0.846939 -0.0390015
0.795918 -0.0341596
0.854592 -0.0312473
0.813776 -0.028391
0.803571 -0.0253751
0.821429 -0.0260355
0.834184 -0.0278542
0.836735 -0.031425
0.867347 -0.0329226
0.841837 -0.0311017
0.829082 -0.0276781
0.836735 -0.0242665
0.839286 -0.019063
0.821429 -0.0149599
0.803571 -0.0129044
0.82398 -0.00985762
0.836735 -0.00870089
0.846939 -0.00708103
0.844388 -0.00703065
0.880102 -0.0102285
0.875 -0.0126559
0.864796 -0.0185538
0.813776 -0.022678
0.859694 -0.025642
0.831633 -0.0253556
0.852041 -0.0235699
0.857143 -0.0197192
0.826531 -0.018522
0.839286 -0.0199042
0.790816 -0.0189193
0.765306 -0.0213743
0.806122 -0.0259314
0.770408 -0.0277281
0.790816 -0.0287141
0.808673 -0.0292354
0.765306 -0.0312238
0.752551 -0.0338067
0.721939 -0.0381609
0.732143 -0.0435067
0.719388 -0.0478773
0.755102 -0.0555103
0.765306 -0.0646462
0.767857 -0.0725161
0.798469 -0.0763944
0.808673 -0.0813752
0.790816 -0.0840629
0.747449 -0.0883185
0.727041 -0.090897
0.760204 -0.0930921
0.77551 -0.100391
0.765306 -0.104544
0.790816 -0.106586
0.783163 -0.111409
0.783163 -0.116282
0.765306 -0.121785
0.836735 -0.122695
0.834184 -0.124474
0.841837 -0.128127
0.846939 -0.129473
0.852041 -0.13309
0.836735 -0.137303
0.816327 -0.144405
0.836735 -0.152514
0.836735 -0.162421
0.795918 -0.167881
0.806122 -0.175837
0.813776 -0.183713
0.813776 -0.191734
0.834184 -0.200673
0.839286 -0.208515
0.844388 -0.218859
0.846939 -0.227026
0.90051 -0.234864
0.905612 -0.244403
0.887755 -0.250349
0.862245 -0.255646
0.829082 -0.257707
0.852041 -0.261111
0.862245 -0.266386
0.872449 -0.268409
0.854592 -0.268785
0.880102 -0.268456
0.90051 -0.267732
0.890306 -0.26627
0.84949 -0.267469
0.844388 -0.268255
0.826531 -0.267295
0.806122 -0.266158
0.80102 -0.266893
0.795918 -0.267313
0.813776 -0.269832
0.811224 -0.268672
0.75 -0.263735
0.755102 -0.258894
0.706633 -0.255949
0.693878 -0.254327
0.719388 -0.251249
0.72449 -0.250653
0.783163 -0.249528
0.737245 -0.249154
0.783163 -0.247731
0.831633 -0.246744
0.808673 -0.248937
0.811224 -0.250635
0.82398 -0.249559
0.816327 -0.247962
0.834184 -0.240748
0.839286 -0.232916
0.813776 -0.220999
0.839286 -0.214077
0.821429 -0.207809
0.857143 -0.202656
0.854592 -0.200332
0.880102 -0.196162
0.882653 -0.193068
0.875 -0.189432
0.862245 -0.185149
0.84949 -0.179696
0.816327 -0.173477
0.841837 -0.162492
0.862245 -0.154446
0.872449 -0.144675
0.869898 -0.135471
0.854592 -0.125472
0.841837 -0.120983
0.857143 -0.119565
0.834184 -0.120166
0.841837 -0.115487
0.844388 -0.113378
0.869898 -0.115808
0.854592 -0.116045
0.872449 -0.112411
0.862245 -0.108228
0.867347 -0.101771
0.84949 -0.0938363
0.864796 -0.087969
0.869898 -0.0830591
0.836735 -0.0797014
0.808673 -0.0815112
0.84949 -0.0822818
0.836735 -0.0830162
0.762755 -0.0821988
0.785714 -0.0833534
0.790816 -0.085008
0.795918 -0.0809249
0.808673 -0.0780615
0.80102 -0.0752436
0.84949 -0.0699021
0.875 -0.0684203
0.938776 -0.0666869
0.905612 -0.0677307
0.852041 -0.069005
0.844388 -0.0722063
0.857143 -0.076308
0.859694 -0.0800299
0.844388 -0.0855784
0.844388 -0.0914138
0.880102 -0.0972169
0.910714 -0.104406
0.897959 -0.111375
0.84949 -0.119192
0.857143 -0.123448
0.877551 -0.13104
0.862245 -0.139031
0.875 -0.141392
0.887755 -0.140954
0.875 -0.144091
0.864796 -0.146404
0.877551 -0.150791
0.857143 -0.155458
0.859694 -0.156618
0.829082 -0.155403
0.798469 -0.158653
0.780612 -0.165162
0.788265 -0.17138
0.744898 -0.173813
0.770408 -0.178205
0.80102 -0.183102
0.808673 -0.185729
0.844388 -0.188806
0.852041 -0.195064
0.862245 -0.197573
0.862245 -0.197658
0.846939 -0.193919
0.864796 -0.190218
0.834184 -0.192133
0.780612 -0.188458
0.834184 -0.187594
0.836735 -0.183798
0.854592 -0.178876
0.905612 -0.170327
0.915816 -0.166155
0.920918 -0.160228
0.913265 -0.151247
0.908163 -0.149111
0.885204 -0.150527
0.903061 -0.15023
0.885204 -0.14946
0.867347 -0.150245
0.834184 -0.146054
0.854592 -0.139262
0.869898 -0.132218
0.852041 -0.12643
0.831633 -0.119311
0.808673 -0.107838
0.844388 -0.0963729
0.816327 -0.0847018
0.841837 -0.0782193
0.852041 -0.0709414
0.841837 -0.0647196
0.806122 -0.0619428
0.795918 -0.0635907
0.82398 -0.0661249
0.783163 -0.0699262
0.818878 -0.0767731
0.829082 -0.0822355
0.821429 -0.0859962
0.790816 -0.090853
0.737245 -0.0969364
0.744898 -0.0995275
0.762755 -0.0968167
0.772959 -0.0963145
0.755102 -0.0990185
0.737245 -0.104984
0.729592 -0.11188
0.747449 -0.117963
0.765306 -0.123467
0.793367 -0.130164
0.806122 -0.134644
0.795918 -0.137693
0.757653 -0.143199
0.760204 -0.147457
0.778061 -0.147474
0.788265 -0.149732
0.780612 -0.153929
0.829082 -0.156094
0.785714 -0.15727
0.765306 -0.159452
0.790816 -0.157964
0.785714 -0.156178
0.816327 -0.155098
0.808673 -0.15742
0.806122 -0.157213
0.82398 -0.15844
0.765306 -0.158357
0.732143 -0.159351
0.767857 -0.159929
0.780612 -0.158731
0.811224 -0.159453
0.80102 -0.162259
0.811224 -0.163932
0.808673 -0.165941
0.780612 -0.168122
0.77551 -0.172392
0.783163 -0.173105
0.795918 -0.173807
0.727041 -0.179121
0.716837 -0.183017
0.709184 -0.188843
0.714286 -0.190761
0.716837 -0.189978
0.739796 -0.187111
0.737245 -0.184725
0.734694 -0.183589
0.757653 -0.181123
0.742347 -0.176974
0.709184 -0.174453
0.729592 -0.169601
0.742347 -0.16915
0.737245 -0.168321
0.727041 -0.168158
0.704082 -0.17096
0.701531 -0.171964
0.683673 -0.174793
0.678571 -0.176963
0.673469 -0.173416
0.673469 -0.167827
0.721939 -0.160567
0.721939 -0.15436
0.693878 -0.147902
0.714286 -0.141108
0.716837 -0.131893
0.691327 -0.123895
0.716837 -0.121586
0.729592 -0.11832
0.760204 -0.1154
0.765306 -0.114415
0.772959 -0.112051
0.780612 -0.110247
0.803571 -0.106839
0.826531 -0.0982147
0.793367 -0.0856985
0.760204 -0.0775908
0.790816 -0.0716053
0.795918 -0.0646177
0.798469 -0.0588329
0.785714 -0.0548096
0.803571 -0.052193
0.839286 -0.0495447
0.831633 -0.0461711
0.821429 -0.0426886
0.836735 -0.0419266
0.841837 -0.0390208
0.864796 -0.0354741
0.869898 -0.0294553
0.887755 -0.0217816
0.897959 -0.0168043
0.905612 -0.019583
0.920918 -0.0232501
0.887755 -0.0251392
0.862245 -0.0243818
0.854592 -0.0241855
0.846939 -0.0238814
0.875 -0.0227162
0.836735 -0.0248089
0.841837 -0.0261529
0.836735 -0.0245342
0.854592 -0.0215872
0.836735 -0.0192286
0.813776 -0.0137112
0.846939 -0.00586963
0.760204 0.00150976
0.795918 0.00828167
0.816327 0.0148666
0.806122 0.0195266
0.836735 0.0209474
0.831633 0.0222209
0.798469 0.0206942
0.811224 0.0203386
0.760204 0.021472
0.714286 0.0155571
0.729592 0.0121902
0.821429 0.0122447
0.806122 0.01149
0.790816 0.00743719
0.760204 0.0073412
0.757653 0.00705644
0.767857 0.0120434
0.742347 0.017062
0.739796 0.0221021
0.788265 0.0241443
0.862245 0.0267817
0.844388 0.025912
0.862245 0.0242972
0.890306 0.0227379
0.882653 0.0247546
0.839286 0.0326529
0.836735 0.0454856
0.798469 0.0591353
0.780612 0.074394
0.742347 0.0905632
0.714286 0.104235
0.734694 0.116753
0.760204 0.12588
0.778061 0.132872
0.808673 0.139065
0.788265 0.141384
0.790816 0.143944
0.790816 0.150445
0.783163 0.159591
0.783163 0.16709
0.803571 0.172356
0.790816 0.180741
0.867347 0.187196
0.834184 0.195278
0.811224 0.203684
0.790816 0.213773
0.77551 0.221118
0.757653 0.230151
0.785714 0.237159
0.788265 0.242687
0.778061 0.246334
0.790816 0.250276
0.762755 0.255816
0.711735 0.259177
0.755102 0.259085
0.711735 0.258412
0.706633 0.25967
0.747449 0.260445
0.744898 0.263937
0.739796 0.26614
0.762755 0.269152
0.772959 0.270359
0.765306 0.27193
0.755102 0.271013
0.765306 0.270577
0.744898 0.272343
0.778061 0.273287
0.755102 0.275919
0.72449 0.278475
0.737245 0.279501
0.706633 0.273309
0.734694 0.266973
0.737245 0.264087
0.721939 0.263636
0.75 0.257867
0.77551 0.253556
0.762755 0.253864
0.727041 0.254658
0.793367 0.253657
0.788265 0.257402
0.755102 0.256218
0.760204 0.255784
0.719388 0.252725
0.780612 0.249994
0.80102 0.24869
0.798469 0.243114
0.767857 0.24035
0.770408 0.236847
0.798469 0.234146
0.785714 0.23294
0.783163 0.227573
0.770408 0.22467
0.742347 0.218377
0.77551 0.215683
0.747449 0.216876
0.75 0.214859
0.739796 0.212386
0.696429 0.2086
0.653061 0.199814
0.65051 0.193339
0.660714 0.190009
0.653061 0.184734
0.691327 0.177145
0.729592 0.17054
0.727041 0.164215
0.734694 0.158156
0.665816 0.149156
0.665816 0.138514
0.691327 0.12622
0.665816 0.117948
0.681122 0.110452
0.69898 0.105026
0.701531 0.0993317
0.691327 0.0936449
0.716837 0.0917886
0.734694 0.0938211
0.762755 0.095744
0.831633 0.0971163
0.844388 0.102683
0.818878 0.106314
0.803571 0.111317
0.770408 0.118251
0.821429 0.122629
0.821429 0.125028
0.836735 0.126245
0.862245 0.127913
0.82398 0.131784
0.890306 0.133706
0.890306 0.137743
0.859694 0.143114
0.841837 0.146194
0.844388 0.148931
0.892857 0.154211
0.887755 0.15975
0.887755 0.165834
0.885204 0.175094
0.846939 0.182868
0.864796 0.188223
0.90051 0.189786
0.857143 0.192287
0.839286 0.197855
0.834184 0.205115
0.808673 0.217261
0.795918 0.223415
0.75 0.227877
0.788265 0.229754
0.80102 0.229392
0.788265 0.229595
0.770408 0.224692
0.744898 0.222513
0.714286 0.222803
0.693878 0.222203
0.75 0.224464
0.752551 0.230459
0.706633 0.233144
0.67602 0.239198
0.683673 0.241971
0.721939 0.248445
0.742347 0.25168
0.765306 0.252788
0.785714 0.256942
0.77551 0.264413
0.783163 0.268901
0.744898 0.269139
0.704082 0.271806
0.678571 0.276392
0.663265 0.280786
0.704082 0.281799
0.704082 0.283643
0.688776 0.284056
0.67602 0.280158
0.693878 0.27967
0.691327 0.278474
0.665816 0.275276
0.714286 0.273691
0.686224 0.268678
0.691327 0.268079
0.660714 0.271839
0.622449 0.275
0.637755 0.278582
0.591837 0.277236
0.612245 0.274653
0.622449 0.274907
0.59949 0.274479
0.596939 0.27387
0.681122 0.27372
0.686224 0.274272
0.693878 0.274867
0.670918 0.276735
0.647959 0.276212
0.617347 0.273442
0.627551 0.270045
0.65051 0.268789
0.604592 0.268055
0.57398 0.26468
0.635204 0.259597
0.655612 0.258668
0.635204 0.260632
0.673469 0.261447
0.69898 0.259858
0.737245 0.259085
0.727041 0.256296
0.665816 0.252873
0.696429 0.249679
0.688776 0.249192
0.729592 0.24991
0.686224 0.251082
0.701531 0.252269
0.701531 0.255174
0.686224 0.257235
0.625 0.262043
0.635204 0.268578
0.645408 0.275704
0.681122 0.280944
0.668367 0.289859
0.637755 0.295569
0.632653 0.296948
0.647959 0.298362
0.69898 0.297434
0.721939 0.295215
0.693878 0.297145
0.686224 0.297466
0.681122 0.303832
0.75 0.307116
0.709184 0.318206
0.69898 0.325522
0.706633 0.330773
0.706633 0.33887
0.757653 0.349761
0.80102 0.357613
0.818878 0.362847
0.818878 0.365357
0.806122 0.365916
0.790816 0.366951
0.826531 0.368525
0.834184 0.373254
0.82398 0.377456
0.783163 0.378812
0.821429 0.377217
0.846939 0.381363
0.867347 0.384974
0.864796 0.390973
0.844388 0.396962
0.818878 0.397092
0.798469 0.398681
0.803571 0.402864
0.793367 0.409787
0.783163 0.415878
0.798469 0.424025
0.790816 0.435159
0.783163 0.446402
0.834184 0.452859
0.831633 0.454843
0.84949 0.454641
0.826531 0.458341
0.816327 0.462245
0.811224 0.465853
0.798469 0.469961
0.793367 0.476202
0.790816 0.481287
0.783163 0.48613
0.739796 0.490853
0.719388 0.50064
0.69898 0.50948
0.706633 0.513314
0.744898 0.51657
0.765306 0.521573
0.770408 0.526653
0.839286 0.526218
0.839286 0.52974
0.806122 0.533778
0.813776 0.541646
0.811224 0.552226
0.798469 0.561878
0.798469 0.565295
0.82398 0.569672
0.816327 0.572916
0.821429 0.578989
0.790816 0.580044
0.75 0.578693
0.734694 0.577647
0.757653 0.576143
0.757653 0.576132
0.765306 0.575117
0.806122 0.574881
0.813776 0.57461
0.767857 0.568839
0.811224 0.561334
0.808673 0.556997
0.803571 0.552405
0.829082 0.544465
0.780612 0.532776
0.780612 0.518628
0.783163 0.512123
0.739796 0.504987
0.762755 0.501191
0.752551 0.497647
0.765306 0.496716
0.778061 0.494586
0.793367 0.491875
0.811224 0.487507
0.816327 0.479979
0.836735 0.47262
0.798469 0.463811
0.752551 0.453371
0.778061 0.442345
0.762755 0.430037
0.755102 0.416041
0.742347 0.404627
0.69898 0.391448
0.762755 0.377609
0.744898 0.365034
0.757653 0.352658
0.739796 0.339344
0.770408 0.328235
0.806122 0.317302
0.785714 0.310991
0.737245 0.308816
0.778061 0.306922
0.75 0.306787
0.767857 0.302626
0.719388 0.298739
0.719388 0.298904
0.678571 0.295962
0.67602 0.287414
0.709184 0.2781
0.716837 0.269529
0.673469 0.262727
0.716837 0.256295
0.663265 0.250507
0.69898 0.246435
0.701531 0.244428
0.727041 0.241395
0.742347 0.243385
0.716837 0.244624
0.69898 0.241006
0.645408 0.237519
0.645408 0.237785
0.614796 0.237809
0.604592 0.23782
0.647959 0.240747
0.640306 0.244348
0.645408 0.24462
0.591837 0.249881
0.59949 0.252574
0.594388 0.255705
0.59949 0.25812
0.543367 0.258291
0.505102 0.257649
0.586735 0.253577
0.59949 0.250249
0.57398 0.251916
0.563776 0.25075
0.553571 0.247768
0.545918 0.243492
0.507653 0.241489
0.47449 0.239206
0.507653 0.232704
0.507653 0.226879
0.469388 0.226456
0.454082 0.223504
0.479592 0.219742
0.545918 0.212818
0.607143 0.201115
0.635204 0.191071
0.591837 0.184992
0.576531 0.183173
0.591837 0.185349
0.510204 0.183154
0.561224 0.178532
0.576531 0.173699
0.533163 0.170311
0.515306 0.170269
0.517857 0.163408
0.507653 0.156042
0.522959 0.147924
0.533163 0.136617
0.535714 0.128635
0.548469 0.125858
0.520408 0.122019
0.494898 0.119017
0.497449 0.119125
0.456633 0.117173
0.522959 0.110534
0.522959 0.10198
0.59949 0.0960655
0.594388 0.0931922
0.568878 0.088392
0.604592 0.0857352
0.617347 0.0785265
0.561224 0.0744072
0.55102 0.0700328
0.59949 0.0660114
0.584184 0.0642135
0.543367 0.0634272
0.579082 0.0624773
0.625 0.0604267
0.640306 0.0604835
0.653061 0.0619317
0.614796 0.0634912
0.612245 0.0613125
0.625 0.0591801
0.658163 0.0587919
0.655612 0.0526609
0.637755 0.0503152
0.625 0.0473167
0.632653 0.0448074
0.653061 0.0500184
0.67602 0.0512586
0.670918 0.050312
0.729592 0.0513511
0.686224 0.0560931
0.711735 0.0665485
0.770408 0.0741463
0.727041 0.0806744
0.737245 0.0903426
0.762755 0.0962382
0.721939 0.104828
0.734694 0.108523
0.729592 0.113616
0.785714 0.117237
0.767857 0.122027
0.813776 0.132869
0.783163 0.140487
0.760204 0.143875
0.72449 0.14357
0.709184 0.14463
0.757653 0.144865
0.778061 0.145195
0.790816 0.146225
0.755102 0.147261
0.744898 0.144702
0.783163 0.148976
0.795918 0.158835
0.798469 0.16557
0.742347 0.169729
0.716837 0.175126
0.719388 0.180026
0.760204 0.182285
0.783163 0.184941
0.747449 0.189668
0.69898 0.194724
0.709184 0.199633
0.72449 0.204295
0.706633 0.207355
0.693878 0.207751
0.69898 0.203912
0.678571 0.198987
0.704082 0.196876
0.678571 0.200638
0.770408 0.205057
0.788265 0.205693
0.80102 0.203108
0.826531 0.201398
0.852041 0.19726
0.80102 0.193141
0.808673 0.190328
0.765306 0.187814
0.742347 0.182515
0.729592 0.176581
0.765306 0.169957
0.696429 0.163872
0.647959 0.156312
0.691327 0.150907
0.696429 0.148654
0.721939 0.147638
0.739796 0.146784
0.727041 0.143837
0.762755 0.138275
0.719388 0.131073
0.716837 0.125527
0.729592 0.118973
0.716837 0.11529
0.719388 0.110413
0.795918 0.104029
0.806122 0.102486
0.788265 0.105532
0.783163 0.108701
0.829082 0.113729
0.826531 0.125237
0.852041 0.1304
0.887755 0.131382
0.892857 0.132273
0.90051 0.135701
0.897959 0.144169
0.913265 0.151544
0.920918 0.159002
0.903061 0.164455
0.869898 0.170366
0.834184 0.174202
0.798469 0.180553
0.844388 0.193777
0.841837 0.204924
0.862245 0.216755
0.880102 0.229155
0.839286 0.238833
0.829082 0.243276
0.831633 0.250446
0.808673 0.2577
0.816327 0.266749
0.803571 0.273639
0.793367 0.280627
0.785714 0.285553
0.778061 0.287511
0.783163 0.293139
0.826531 0.30262
0.783163 0.306651
0.778061 0.307426
0.834184 0.3084
0.841837 0.30669
0.818878 0.306854
0.841837 0.311258
0.80102 0.309622
0.788265 0.303187
0.790816 0.299906
0.785714 0.294628
0.729592 0.292194
0.727041 0.28784
0.701531 0.279859
0.72449 0.271419
0.816327 0.261734
0.816327 0.25213
0.844388 0.24316
0.813776 0.232283
0.785714 0.220172
0.793367 0.210401
0.808673 0.204443
0.852041 0.204836
0.877551 0.204498
0.839286 0.208002
0.885204 0.204182
0.897959 0.203946
0.834184 0.200017
0.839286 0.19289
0.829082 0.188544
0.857143 0.185298
0.882653 0.182081
0.869898 0.179455
0.852041 0.177081
0.867347 0.178241
0.905612 0.174494
0.882653 0.170577
0.872449 0.161694
0.864796 0.157407
0.836735 0.151001
0.831633 0.142231
0.813776 0.129485
0.862245 0.11981
0.852041 0.109127
0.854592 0.0938966
0.844388 0.0870943
0.841837 0.0757028
0.829082 0.0640556
0.780612 0.0537521
0.69898 0.0447351
0.691327 0.0370084
0.701531 0.0291498
0.711735 0.0178821
0.696429 0.00773757
0.642857 0.00122782
0.602041 -0.00511587
0.617347 -0.00809054
0.614796 -0.0108176
0.59949 -0.0139396
0.591837 -0.0195823
0.65051 -0.0237707
0.668367 -0.0311844
0.691327 -0.0375161
0.647959 -0.0449995
0.640306 -0.0535322
0.65051 -0.0595677
0.660714 -0.0677056
0.673469 -0.0732047
0.673469 -0.0730811
0.653061 -0.0710482
0.660714 -0.0691804
0.622449 -0.0640625
0.612245 -0.0631339
0.681122 -0.0622545
0.709184 -0.0602529
0.686224 -0.0614685
0.688776 -0.0587694
0.688776 -0.0616451
0.653061 -0.0660375
0.704082 -0.0688704
0.714286 -0.0770199
0.716837 -0.0826369
0.693878 -0.0873915
0.673469 -0.0976232
0.683673 -0.102594
0.704082 -0.103463
0.72449 -0.104509
0.727041 -0.102466
0.772959 -0.099192
0.714286 -0.0977579
0.709184 -0.0949903
0.732143 -0.0898991
0.72449 -0.0862821
0.793367 -0.0840216
0.752551 -0.0856335
0.739796 -0.0893547
0.793367 -0.0939113
0.739796 -0.101687
0.757653 -0.103156
0.803571 -0.106815
0.788265 -0.105979
0.813776 -0.113276
0.803571 -0.120272
0.834184 -0.124026
0.834184 -0.123058
0.808673 -0.112571
0.829082 -0.106189
0.795918 -0.0940134
0.790816 -0.0862364
0.821429 -0.0826993
0.859694 -0.0761381
0.834184 -0.071525
0.834184 -0.0684001
0.834184 -0.0593085
0.813776 -0.0545247
0.846939 -0.0483921
0.867347 -0.0447186
0.834184 -0.0395963
0.829082 -0.0407874
0.84949 -0.0430964
0.877551 -0.0483269
0.839286 -0.0565221
0.841837 -0.0598508
0.808673 -0.0651558
0.864796 -0.0690347
0.864796 -0.0747115
0.852041 -0.0791339
0.821429 -0.0788153
0.821429 -0.081597
0.839286 -0.0769467
0.816327 -0.0715721
0.806122 -0.0679913
0.816327 -0.0647515
0.854592 -0.0604828
0.846939 -0.0583038
0.808673 -0.0555835
0.818878 -0.0572339
0.793367 -0.0587942
0.808673 -0.0549307
0.770408 -0.0519308
0.762755 -0.0480232
0.770408 -0.0467411
0.803571 -0.0440517
0.77551 -0.0384272
0.732143 -0.0282508
0.744898 -0.0219929
0.77551 -0.0138669
0.803571 -0.00341107
0.82398 0.00321037
0.839286 0.00776998
0.834184 0.0128395
0.798469 0.0190973
0.795918 0.024066
0.808673 0.0234587
0.834184 0.0278867
0.846939 0.0363586
0.813776 0.0438215
0.834184 0.053728
0.846939 0.0599527
0.829082 0.0664464
0.803571 0.0733067
0.778061 0.0748824
0.729592 0.0723899
0.765306 0.0754669
0.808673 0.0800916
0.818878 0.0863441
0.780612 0.0964475
0.77551 0.103871
0.785714 0.111341
0.790816 0.119159
0.829082 0.128848
0.846939 0.135099
0.82398 0.140277
0.803571 0.147574
0.831633 0.153611
0.806122 0.156682
0.772959 0.160324
0.798469 0.160894
0.808673 0.156351
0.783163 0.149994
0.806122 0.144331
0.844388 0.140836
0.836735 0.142112
0.875 0.142516
0.903061 0.147704
0.908163 0.152838
0.895408 0.155971
0.913265 0.161351
0.869898 0.171066
0.869898 0.179676
0.875 0.183497
0.90051 0.182186
0.880102 0.181517
0.908163 0.186437
0.908163 0.185408
0.913265 0.191445
0.905612 0.193965
0.880102 0.195003
0.864796 0.200012
0.826531 0.198243
0.831633 0.196214
0.862245 0.195812
0.839286 0.194058
0.783163 0.193533
0.798469 0.19305
0.82398 0.198844
0.803571 0.203762
0.818878 0.202124
0.839286 0.203326
0.867347 0.203666
0.875 0.209315
0.857143 0.210919
0.846939 0.206913
0.867347 0.199103
0.839286 0.192381
0.846939 0.187541
0.834184 0.185531
0.816327 0.190078
0.80102 0.198047
0.844388 0.203097
0.887755 0.204268
0.875 0.204407
0.857143 0.209092
0.859694 0.209882
0.836735 0.210999
0.813776 0.212448
0.813776 0.209054
0.895408 0.204846
0.869898 0.207865
0.875 0.211506
0.872449 0.21684
0.877551 0.222732
0.880102 0.227014
0.852041 0.228925
0.826531 0.222963
0.882653 0.219668
0.880102 0.220959
0.859694 0.222006
0.910714 0.217575
0.910714 0.21554
0.887755 0.211301
0.84949 0.202648
0.854592 0.19785
0.903061 0.196386
0.859694 0.195654
0.890306 0.193288
0.92602 0.182478
0.928571 0.175789
0.943878 0.169784
0.887755 0.163811
0.872449 0.1607
0.869898 0.155834
0.882653 0.151891
0.880102 0.147618
0.836735 0.140998
0.836735 0.136426
0.84949 0.134094
0.875 0.128559
0.844388 0.124098
0.877551 0.120749
0.890306 0.120389
0.872449 0.11913
0.908163 0.11869
0.908163 0.126485
0.880102 0.13064
0.869898 0.131366
0.841837 0.134274
0.84949 0.135829
0.862245 0.127975
0.862245 0.121066
0.854592 0.1152
0.806122 0.113358
0.808673 0.103897
0.798469 0.0891216
0.793367 0.0781544
0.811224 0.0699173
0.844388 0.0633474
0.818878 0.0561334
0.803571 0.0440606
0.834184 0.0352868
0.82398 0.0257732
0.770408 0.0197259
0.752551 0.010501
0.696429 -0.00935949
0.693878 -0.0261825
0.65051 -0.0428381
0.681122 -0.0519468
0.660714 -0.0577354
0.711735 -0.0597467
0.69898 -0.0599826
0.645408 -0.0523455
0.668367 -0.0487442
0.67602 -0.0492185
0.691327 -0.0456612
0.665816 -0.0462607
0.622449 -0.0459821
0.647959 -0.0480732
0.673469 -0.0505472
0.696429 -0.0546198
0.663265 -0.0539308
0.627551 -0.0543024
0.645408 -0.0438029
0.65051 -0.0364748
0.67602 -0.0321644
0.72449 -0.0313755
0.727041 -0.0356152
0.706633 -0.0407155
0.673469 -0.043797
0.69898 -0.0492856
0.706633 -0.0501645
0.701531 -0.0586986
0.660714 -0.0611384
0.637755 -0.0600524
0.691327 -0.0530276
0.67602 -0.0492565
0.653061 -0.0440903
0.678571 -0.0412087
0.678571 -0.0396121
0.709184 -0.0422724
0.683673 -0.0593927
0.668367 -0.0677793
0.678571 -0.0728786
0.663265 -0.0855073
0.668367 -0.0908826
0.625 -0.0950194
0.59949 -0.0983679
0.561224 -0.102732
0.617347 -0.106563
0.604592 -0.102528
0.612245 -0.107538
0.681122 -0.116332
0.655612 -0.123057
0.67602 -0.126063
0.640306 -0.134802
0.591837 -0.144995
0.625 -0.154498
0.602041 -0.158015
0.647959 -0.164943
0.645408 -0.172583
0.647959 -0.185776
0.65051 -0.197313
0.693878 -0.199615
0.704082 -0.201985
0.716837 -0.202598
0.72449 -0.206966
0.688776 -0.205211
0.691327 -0.203367
0.711735 -0.199407
0.701531 -0.197135
0.704082 -0.197085
0.670918 -0.195283
0.696429 -0.193181
0.752551 -0.197649
0.752551 -0.198012
0.783163 -0.204568
0.808673 -0.206696
0.765306 -0.209503
0.765306 -0.217515
0.816327 -0.220664
0.813776 -0.214586
0.793367 -0.211027
0.785714 -0.206723
0.798469 -0.201464
0.839286 -0.195098
0.875 -0.191933
0.839286 -0.191532
0.84949 -0.189649
0.880102 -0.183805
0.877551 -0.185596
0.811224 -0.186075
0.80102 -0.184845
0.80102 -0.177381
0.844388 -0.174328
0.844388 -0.168986
0.854592 -0.165258
0.829082 -0.171262
0.844388 -0.181327
0.846939 -0.189379
0.818878 -0.192857
0.841837 -0.191795
0.806122 -0.191272
0.826531 -0.1856
0.806122 -0.181267
0.77551 -0.175467
0.785714 -0.169677
0.780612 -0.165009
0.795918 -0.15774
0.803571 -0.157012
0.839286 -0.152207
0.834184 -0.15333
0.84949 -0.149027
0.834184 -0.144458
0.834184 -0.143422
0.869898 -0.141595
0.864796 -0.138789
0.836735 -0.137401
0.880102 -0.134339
0.897959 -0.125717
0.877551 -0.121052
0.887755 -0.117941
0.857143 -0.120197
0.872449 -0.119403
0.872449 -0.117338
0.928571 -0.122177
0.913265 -0.123623
0.869898 -0.126087
0.890306 -0.12582
0.841837 -0.124572
0.844388 -0.131436
0.82398 -0.128667
0.77551 -0.128899
0.783163 -0.131783
0.785714 -0.135492
0.795918 -0.144217
0.846939 -0.160176
0.857143 -0.17431
0.864796 -0.180782
0.836735 -0.189088
0.836735 -0.196784
0.841837 -0.210014
0.839286 -0.217213
0.839286 -0.222074
0.844388 -0.234932
0.885204 -0.250816
0.872449 -0.272243
0.90051 -0.288276
0.875 -0.296295
0.867347 -0.305005
0.880102 -0.305945
0.885204 -0.308499
0.857143 -0.306819
0.857143 -0.304421
0.897959 -0.295491
0.890306 -0.287509
0.890306 -0.28325
0.857143 -0.279957
0.905612 -0.279131
0.867347 -0.278685
0.869898 -0.271086
0.798469 -0.264956
0.80102 -0.258831
0.836735 -0.252768
0.806122 -0.246822
0.757653 -0.242946
0.806122 -0.229939
0.811224 -0.221983
0.826531 -0.211923
0.857143 -0.194069
0.839286 -0.181703
0.826531 -0.173469
0.84949 -0.165074
0.857143 -0.159721
0.857143 -0.148254
0.862245 -0.138845
0.816327 -0.128378
0.798469 -0.114583
0.785714 -0.105228
0.82398 -0.0960406
0.862245 -0.084484
0.844388 -0.071802
0.877551 -0.0589261
0.877551 -0.0414395
0.859694 -0.026712
0.857143 -0.00753084
0.882653 0.00365324
0.859694 0.0117875
0.859694 0.0177775
0.80102 0.0213863
0.813776 0.0228158
0.785714 0.0196246
0.780612 0.0156525
0.829082 0.00762342
0.84949 0.00735631
0.829082 0.0124934
0.862245 0.0186558
0.872449 0.022165
0.892857 0.0328648
0.862245 0.0386332
0.831633 0.0454034
0.82398 0.0477834
0.795918 0.0503292
0.783163 0.0497309
0.795918 0.0470025
0.841837 0.0381063
0.813776 0.0268944
0.818878 0.0103726
0.84949 0.00362341
0.857143 -0.00291173
0.862245 -0.00329577
0.844388 0.00427904
0.834184 0.00426253
0.834184 0.00963325
0.816327 0.0176848
0.841837 0.0221404
0.882653 0.0278203
0.892857 0.0296241
0.880102 0.0294293
0.862245 0.0317852
0.920918 0.0295543
0.897959 0.0325276
0.918367 0.0309548
0.892857 0.0241934
0.903061 0.0223285
0.880102 0.00907811
0.887755 -0.00476362
0.887755 -0.0225976
0.913265 -0.0376009
0.887755 -0.0530978
0.859694 -0.0699607
0.862245 -0.0817579
0.844388 -0.0894439
0.844388 -0.0947211
0.880102 -0.10369
0.890306 -0.115378
0.890306 -0.119137
0.816327 -0.124573
0.836735 -0.129303
0.862245 -0.130048
0.841837 -0.125893
0.872449 -0.130594
0.846939 -0.13715
0.854592 -0.139566
0.80102 -0.14252
0.793367 -0.140902
0.806122 -0.142626
0.788265 -0.147892
0.765306 -0.14397
0.711735 -0.145399
0.704082 -0.14367
0.752551 -0.138256
0.788265 -0.136982
0.806122 -0.132186
0.836735 -0.131237
0.790816 -0.12612
0.839286 -0.113504
0.834184 -0.103
0.813776 -0.0887813
0.862245 -0.0803713
0.84949 -0.068474
0.783163 -0.0584912
0.826531 -0.051152
0.844388 -0.0438274
0.836735 -0.0355358
0.811224 -0.0272397
0.818878 -0.016998
0.829082 -0.00223188
0.818878 0.0107216
0.852041 0.0223736
0.834184 0.0284058
0.829082 0.0304049
0.867347 0.029978
0.841837 0.0284806
0.887755 0.027997
0.869898 0.0314358
0.859694 0.0309091
0.844388 0.0259097
0.829082 0.0187108
0.813776 0.0183805
0.785714 0.023558
0.808673 0.0381104
0.854592 0.0458903
0.862245 0.0618291
0.875 0.0700528
0.811224 0.0759502
0.826531 0.0828821
0.841837 0.0885885
0.834184 0.100267
0.82398 0.111112
0.831633 0.118277
0.844388 0.121913
0.862245 0.122448
0.90051 0.122085
0.857143 0.118997
0.844388 0.121797
0.806122 0.114313
0.813776 0.0987955
0.841837 0.0739481
0.857143 0.0540248
0.82398 0.0441352
0.862245 0.0323959
0.862245 0.0202145
0.841837 0.00725773
0.859694 -0.00414651
0.836735 -0.0254681
0.826531 -0.0407035
0.82398 -0.0534511
0.778061 -0.0661623
0.811224 -0.0764962
0.813776 -0.0890456
0.854592 -0.0963951
0.839286 -0.106048
0.829082 -0.121849
0.839286 -0.121895
0.834184 -0.123765
0.806122 -0.124367
0.816327 -0.12333
0.836735 -0.13484
0.846939 -0.148829
0.864796 -0.164086
0.831633 -0.172348
0.841837 -0.18265
0.867347 -0.192802
0.867347 -0.208513
0.826531 -0.22094
0.803571 -0.224964
0.793367 -0.211926
0.734694 -0.197562
0.757653 -0.180003
0.760204 -0.162189
0.836735 -0.141138
0.821429 -0.124834
0.780612 -0.114721
0.826531 -0.111709
0.826531 -0.115878
0.816327 -0.115749
0.795918 -0.111743
0.821429 -0.108215
0.80102 -0.104766
0.77551 -0.0977658
0.770408 -0.0874509
0.762755 -0.0768751
0.770408 -0.0690534
0.834184 -0.063317
0.816327 -0.0569592
0.818878 -0.0502483
0.790816 -0.0399532
0.80102 -0.0331831
0.744898 -0.0342475
0.686224 -0.0355684
0.755102 -0.0287328
0.734694 -0.0302104
0.793367 -0.0271513
0.82398 -0.0194234
0.82398 -0.0133444
0.831633 -0.00708
0.867347 -0.00123431
0.903061 0.00659398
0.892857 0.0183961
0.839286 0.0239546
0.844388 0.0258559
0.841837 0.0239261
0.818878 0.0203621
0.798469 0.00974554
0.80102 -0.000608341
0.780612 -0.0123788
0.780612 -0.0362645
0.762755 -0.0548375
0.772959 -0.0701652
0.795918 -0.0758204
0.806122 -0.0789804
0.788265 -0.0879159
0.839286 -0.0833976
0.841837 -0.080598
0.811224 -0.0719139
0.803571 -0.0568617
0.818878 -0.0333743
0.806122 -0.00910458
0.762755 0.0157327
0.788265 0.0324558
0.803571 0.0480785
0.818878 0.0561815
0.829082 0.0614356
0.798469 0.0641306
0.757653 0.0632415
0.760204 0.0593198
0.767857 0.0407719
0.818878 0.0317045
0.834184 0.0228857
0.82398 0.005124
0.818878 -0.00713542
0.806122 -0.00603917
0.780612 -0.00615217
0.788265 -0.00701124
0.795918 -0.00501757
0.77551 0.000980996
0.77551 0.0132218
0.760204 0.0284627
0.760204 0.0380473
0.75 0.048455
0.780612 0.0457018
0.803571 0.0380431
0.803571 0.0270439
0.803571 0.00912832
0.798469 -0.00254514
0.75 -0.0157615
0.770408 -0.0126244
0.760204 -0.0102624
0.767857 -0.00198424
0.711735 0.00583855
0.711735 0.0109239
0.72449 0.0239472
0.716837 0.029052
0.75 0.0393051
0.790816 0.0464135
0.803571 0.0398131
0.826531 0.020878
0.867347 -0.00555006
0.877551 -0.0198001
0.839286 -0.0247454
0.80102 -0.0298029
0.80102 -0.0200193
0.82398 -0.0224
0.880102 -0.0111376
0.841837 0.000839885
0.816327 0.0189495
0.829082 0.0371281
0.803571 0.0532144
0.826531 0.0667133
0.821429 0.0796471
0.826531 0.0915559
0.770408 0.0950641
0.816327 0.105757
0.836735 0.103759
0.80102 0.109972
0.836735 0.114865
0.844388 0.100844
0.864796 0.0880348
0.877551 0.075867
0.867347 0.0784644
0.877551 0.0841621
0.892857 0.0784192
0.877551 0.0702095
0.887755 0.0652308
0.84949 0.0557401
0.859694 0.053997
0.84949 0.061679
0.859694 0.0696763
0.877551 0.0709888
0.933673 0.0674253
0.90051 0.0610439
0.90051 0.0603953
0.905612 0.0490601
0.887755 0.0480803
0.844388 0.0407112
0.836735 0.0318422
0.808673 0.0270922
0.732143 0.0115015
0.790816 0.016274
0.780612 -0.00130802
0.826531 -0.0214378
0.854592 -0.0415833
0.862245 -0.0689477
0.862245 -0.0919281
0.885204 -0.116538
0.880102 -0.136082
0.854592 -0.153989
0.811224 -0.163222
0.798469 -0.166088
0.834184 -0.155498
0.846939 -0.141463
0.795918 -0.131747
0.778061 -0.114308
0.798469 -0.096905
0.806122 -0.0827406
0.821429 -0.0664552
0.803571 -0.0501898
0.795918 -0.0343435
0.77551 -0.0353498
0.77551 -0.0380283
0.744898 -0.0318532
0.785714 -0.0181863
0.760204 -0.0130362
0.757653 -0.0126609
0.767857 -0.00437245
0.765306 -0.0071024
0.747449 -0.0167103
0.75 -0.0248693
0.783163 -0.02365
0.778061 -0.0187971
0.780612 -0.00751541
0.806122 -0.00476181
0.813776 -0.00701919
0.826531 0.0104368
0.829082 0.0316228
0.790816 0.0577451
0.816327 0.0881721
0.826531 0.100733
0.778061 0.0947912
0.785714 0.0886257
0.77551 0.086926
0.767857 0.0935534
0.75 0.0843187
0.686224 0.0554435
0.683673 0.0229093
0.625 -0.00310063
0.622449 -0.0195647
0.696429 -0.00273213
0.658163 0.0127526
0.670918 0.0334865
0.69898 0.0566114
0.755102 0.0681239
0.852041 0.0906076
0.826531 0.111328
0.836735 0.134803
0.818878 0.146841
0.82398 0.15936
0.818878 0.153193
0.808673 0.125371
0.813776 0.0932116
0.760204 0.0679622
0.760204 0.0612429
0.72449 0.0511599
0.734694 0.0458768
0.729592 0.0401025
0.770408 0.031814
0.790816 0.0206628
0.816327 0.0117594
0.841837 0.0132612
0.841837 0.0052411
0.867347 -0.00806306
0.913265 -0.0103881
0.869898 -0.00979097
0.895408 -0.000350343
0.890306 -0.0102631
0.880102 -0.0282431
0.867347 -0.0225941
0.846939 0.00251102
0.836735 0.0443736
0.834184 0.0689882
0.857143 0.0926158
0.846939 0.0962592
0.82398 0.0945152
0.844388 0.0844916
0.862245 0.0920652
0.852041 0.0875561
0.82398 0.0857736
0.836735 0.0696825
0.831633 0.0214351
0.831633 -0.00323905
0.821429 -0.0333221
0.821429 -0.0285003
0.813776 -0.0175777
0.788265 -0.0186049
0.839286 -0.0219322
0.862245 -0.0212484
0.869898 -0.0285541
0.836735 -0.0398622
0.836735 -0.0446279
0.778061 -0.0682275
0.719388 -0.0757503
0.742347 -0.0671007
0.742347 -0.0553755
0.790816 -0.0163406
0.762755 0.00317445
0.706633 0.0149693
0.75 0.0301986
0.765306 0.0288724
0.80102 0.0353334
0.783163 0.0435307
0.783163 0.0631547
0.772959 0.0757268
0.798469 0.0696946
0.778061 0.0233626
0.793367 -0.0328773
0.795918 -0.0569006
0.752551 -0.0478579
0.778061 -0.0155867
0.778061 0.0158622
0.806122 0.00899655
0.818878 -0.00381021
0.826531 0.00224823
0.821429 0.0185097
0.811224 0.0366525
0.811224 0.0670647
0.790816 0.0737885
0.772959 0.0746315
0.808673 0.0685838
0.80102 0.00834783
0.785714 -0.00736975
0.744898 0.0161213
0.693878 -0.00655089
0.72449 -0.00736975
0.747449 0
