0.290816 1
0.295918 0.986546
0.306122 0.973728
0.265306 0.962236
0.303571 0.950879
0.306122 0.940275
0.295918 0.930301
0.339286 0.920789
0.359694 0.911348
0.395408 0.902044
0.436224 0.892608
0.415816 0.88321
0.454082 0.87333
0.469388 0.863862
0.517857 0.85442
0.489796 0.844728
0.530612 0.834452
0.515306 0.824628
0.533163 0.814969
0.589286 0.80541
0.59949 0.796054
0.563776 0.786963
0.57398 0.777597
0.512755 0.768671
0.515306 0.759928
0.561224 0.751097
0.561224 0.742331
0.533163 0.733388
0.55102 0.72421
0.528061 0.714687
0.515306 0.705494
0.512755 0.696629
0.538265 0.687792
0.55102 0.678361
0.553571 0.669241
0.584184 0.660091
0.59949 0.651136
0.640306 0.642759
0.665816 0.634222
0.617347 0.625942
0.558673 0.6178
0.543367 0.610021
0.622449 0.602533
0.52551 0.595225
0.510204 0.588239
0.489796 0.580767
0.438776 0.573596
0.415816 0.567061
0.405612 0.560868
0.431122 0.55521
0.466837 0.549833
0.461735 0.544601
0.494898 0.53976
0.477041 0.534306
0.479592 0.529143
0.464286 0.523525
0.5 0.518413
0.479592 0.51333
0.47449 0.508489
0.451531 0.503716
0.410714 0.499187
0.431122 0.495222
0.451531 0.491436
0.441327 0.487517
0.413265 0.483298
0.420918 0.479108
0.433673 0.474951
0.410714 0.470775
0.390306 0.466535
0.352041 0.462552
0.390306 0.458453
0.362245 0.454936
0.408163 0.451611
0.410714 0.447671
0.436224 0.443977
0.456633 0.440738
0.438776 0.437101
0.44898 0.432996
0.464286 0.429179
0.456633 0.425744
0.392857 0.422499
0.372449 0.419342
0.392857 0.415961
0.380102 0.412228
0.380102 0.408613
0.34949 0.4046
0.369898 0.401633
0.362245 0.398262
0.357143 0.394582
0.418367 0.391328
0.443878 0.388345
0.461735 0.385172
0.492347 0.381934
0.545918 0.37945
0.571429 0.376763
0.612245 0.374469
0.625 0.372864
0.637755 0.369787
0.625 0.366654
0.543367 0.36355
0.584184 0.360425
0.609694 0.357187
0.614796 0.354442
0.602041 0.351487
0.655612 0.348624
0.686224 0.345702
0.704082 0.343265
0.714286 0.340654
0.721939 0.33789
0.744898 0.335275
0.72449 0.333089
0.737245 0.331564
0.75 0.329237
0.744898 0.327088
0.755102 0.324778
0.742347 0.322693
0.729592 0.320176
0.760204 0.317342
0.739796 0.314124
0.732143 0.310653
0.683673 0.307138
0.642857 0.30427
0.658163 0.301809
0.663265 0.299044
0.65051 0.296046
0.665816 0.292836
0.686224 0.289693
0.681122 0.286837
0.72449 0.284189
0.704082 0.281117
0.729592 0.278836
0.739796 0.276709
0.711735 0.274511
0.721939 0.272335
0.709184 0.270111
0.716837 0.267837
0.727041 0.265137
0.721939 0.262752
0.772959 0.261422
0.752551 0.260444
0.760204 0.259302
0.744898 0.258245
0.742347 0.257053
0.767857 0.255919
0.772959 0.254938
0.788265 0.253404
0.793367 0.251995
0.793367 0.250383
0.785714 0.24903
0.770408 0.248119
0.790816 0.246772
0.795918 0.245291
0.778061 0.243656
0.744898 0.241986
0.747449 0.23998
0.803571 0.237925
0.780612 0.235953
0.744898 0.233987
0.790816 0.232174
0.795918 0.230324
0.767857 0.228417
0.721939 0.226892
0.681122 0.225174
0.681122 0.223485
0.704082 0.221582
0.709184 0.220119
0.704082 0.21883
0.688776 0.216836
0.716837 0.215145
0.683673 0.21321
0.67602 0.211207
0.704082 0.208963
0.642857 0.207024
0.668367 0.20569
0.65051 0.205115
0.67602 0.204112
0.67602 0.202685
0.704082 0.200992
0.72449 0.199252
0.686224 0.196741
0.711735 0.193866
0.678571 0.190862
0.617347 0.187919
0.635204 0.18532
0.701531 0.183059
0.704082 0.181
0.719388 0.179171
0.706633 0.177196
0.688776 0.175128
0.653061 0.173157
0.642857 0.170223
0.673469 0.167659
0.69898 0.165383
0.668367 0.163213
0.683673 0.160609
0.670918 0.157816
0.696429 0.155327
0.711735 0.153146
0.721939 0.151272
0.742347 0.148857
0.691327 0.14559
0.642857 0.142993
0.647959 0.140364
0.658163 0.138053
0.69898 0.135561
0.721939 0.133582
0.693878 0.13116
0.727041 0.129279
0.737245 0.126378
0.772959 0.124089
0.762755 0.122871
0.714286 0.121682
0.737245 0.120106
0.727041 0.117988
0.721939 0.115291
0.688776 0.113067
0.658163 0.111296
0.660714 0.109945
0.640306 0.108758
0.586735 0.107602
0.584184 0.106732
0.543367 0.10582
0.589286 0.104941
0.594388 0.103377
0.579082 0.10255
0.596939 0.101765
0.627551 0.101056
0.586735 0.100429
0.568878 0.0995751
0.57398 0.0984948
0.589286 0.0972318
0.566327 0.0960124
0.515306 0.0943879
0.520408 0.0934684
0.538265 0.092094
0.57398 0.0909408
0.581633 0.0890653
0.540816 0.0875874
0.55102 0.0859035
0.579082 0.0846261
0.59949 0.0836161
0.645408 0.0826956
0.645408 0.081954
0.660714 0.0802681
0.655612 0.0781382
0.576531 0.0762202
0.625 0.0752844
0.632653 0.0741252
0.637755 0.0730366
0.658163 0.0718936
0.665816 0.0708664
0.711735 0.0696682
0.688776 0.0687727
0.691327 0.0676582
0.691327 0.0663625
0.673469 0.0652984
0.691327 0.0646913
0.645408 0.0639358
0.647959 0.0627105
0.688776 0.0614424
0.660714 0.060207
0.670918 0.059601
0.704082 0.0589431
0.693878 0.0585679
0.744898 0.0590095
0.663265 0.0593064
0.688776 0.0590615
0.691327 0.0588442
0.668367 0.0585684
0.65051 0.0583439
0.683673 0.0581746
0.670918 0.0579206
0.678571 0.0577258
0.678571 0.0571507
0.645408 0.0563123
0.627551 0.0550256
0.604592 0.0538173
0.619898 0.052924
0.586735 0.0519514
0.612245 0.0506562
0.619898 0.0497353
0.571429 0.0480404
0.607143 0.0468576
0.614796 0.0460422
0.609694 0.0444944
0.586735 0.0431321
0.57398 0.0416823
0.538265 0.040026
0.561224 0.0387191
0.57398 0.0381381
0.556122 0.037267
0.47449 0.0362845
0.451531 0.035251
0.459184 0.0339638
0.441327 0.032302
0.459184 0.0305575
0.456633 0.0287465
0.40051 0.0273162
0.410714 0.0254314
0.515306 0.023836
0.469388 0.0215201
0.390306 0.0187596
0.459184 0.0161836
0.446429 0.0133735
0.438776 0.010891
0.423469 0.00792748
0.451531 0.00488956
0.433673 0.00227604
0.451531 -0.000183121
0.497449 -0.00206986
0.502551 -0.00394539
0.505102 -0.00663685
0.528061 -0.00940964
0.507653 -0.0118678
0.566327 -0.0136588
0.581633 -0.015405
0.571429 -0.0163152
0.563776 -0.0170414
0.533163 -0.0181528
0.464286 -0.0186473
0.471939 -0.0202258
0.459184 -0.0223791
0.433673 -0.024215
0.369898 -0.0258967
0.362245 -0.0278652
0.390306 -0.029672
0.451531 -0.0317657
0.44898 -0.0335832
0.459184 -0.0348005
0.405612 -0.0363028
0.390306 -0.0378592
0.433673 -0.0399175
0.423469 -0.0418251
0.433673 -0.0433588
0.40051 -0.0452525
0.459184 -0.0472729
0.438776 -0.0494073
0.403061 -0.0513169
0.433673 -0.0535126
0.5 -0.0547201
0.530612 -0.0560663
0.553571 -0.0570954
0.571429 -0.0576184
0.602041 -0.0582653
0.581633 -0.0591147
0.617347 -0.0598814
0.566327 -0.0604814
0.5 -0.0613842
0.545918 -0.0622469
0.515306 -0.0630588
0.530612 -0.0638658
0.535714 -0.0647253
0.515306 -0.0659385
0.522959 -0.0675123
0.533163 -0.068884
0.517857 -0.070356
0.505102 -0.0724607
0.538265 -0.0744185
0.538265 -0.0763109
0.556122 -0.0777261
0.517857 -0.0782499
0.538265 -0.0787683
0.497449 -0.0785049
0.47449 -0.0773668
0.461735 -0.0757485
0.446429 -0.0749014
0.44898 -0.0743714
0.484694 -0.0740122
0.438776 -0.0741192
0.397959 -0.0741916
0.369898 -0.0745008
0.331633 -0.0743523
0.311224 -0.0744201
0.308673 -0.0739821
0.318878 -0.0731811
0.285714 -0.0724377
0.280612 -0.0717743
0.329082 -0.0712018
0.392857 -0.0708744
0.387755 -0.0693831
0.423469 -0.0679356
0.408163 -0.0667028
0.397959 -0.0667765
0.436224 -0.0670663
0.420918 -0.067087
0.487245 -0.0669426
0.487245 -0.0663259
0.507653 -0.0659861
0.487245 -0.0650862
0.494898 -0.0644695
0.489796 -0.063358
0.497449 -0.0620185
0.520408 -0.0613941
0.456633 -0.0606633
0.469388 -0.0601815
0.510204 -0.0597881
0.538265 -0.0591424
0.553571 -0.0584938
0.512755 -0.0586108
0.494898 -0.0583913
0.461735 -0.0584107
0.380102 -0.0583887
0.40051 -0.0588381
0.438776 -0.059267
0.418367 -0.0597616
0.352041 -0.0601466
0.390306 -0.0613486
0.359694 -0.0633167
0.306122 -0.0649192
0.201531 -0.0665092
0.232143 -0.0687114
0.247449 -0.0706708
0.244898 -0.0724622
0.173469 -0.074408
0.17602 -0.0762549
0.211735 -0.0768644
0.204082 -0.0776424
0.267857 -0.0793497
0.244898 -0.0815074
0.25 -0.0840995
0.229592 -0.0870518
0.278061 -0.0897697
0.204082 -0.0923843
0.209184 -0.0955655
0.216837 -0.0988184
0.22449 -0.102421
0.22449 -0.105909
0.270408 -0.108548
0.32398 -0.111098
0.336735 -0.11348
0.318878 -0.115909
0.372449 -0.118395
0.357143 -0.120463
0.372449 -0.123194
0.354592 -0.1257
0.326531 -0.128018
0.395408 -0.130591
0.40051 -0.132783
0.403061 -0.134038
0.410714 -0.134977
0.372449 -0.135394
0.344388 -0.135741
0.295918 -0.136777
0.262755 -0.138098
0.188776 -0.13926
0.15051 -0.140382
0.232143 -0.141844
0.255102 -0.143044
0.321429 -0.144508
0.32398 -0.14594
0.334184 -0.147347
0.415816 -0.148249
0.362245 -0.149684
0.40051 -0.150987
0.397959 -0.152367
0.42602 -0.153447
0.410714 -0.154563
0.420918 -0.154898
0.385204 -0.154428
0.395408 -0.154787
0.392857 -0.154842
0.469388 -0.155373
0.387755 -0.155802
0.410714 -0.1555
0.405612 -0.1555
0.415816 -0.155182
0.362245 -0.155254
0.372449 -0.155499
0.359694 -0.154702
0.392857 -0.154364
0.375 -0.154443
0.392857 -0.154736
0.377551 -0.154645
0.326531 -0.154266
0.339286 -0.154105
0.326531 -0.153822
0.354592 -0.153283
0.405612 -0.153198
0.433673 -0.153686
0.395408 -0.154073
0.413265 -0.154419
0.405612 -0.154671
0.428571 -0.155095
0.464286 -0.155641
0.471939 -0.15611
0.438776 -0.157274
0.369898 -0.159458
0.331633 -0.162694
0.369898 -0.166094
0.344388 -0.169053
0.34949 -0.171541
0.339286 -0.174453
0.321429 -0.17692
0.331633 -0.179465
0.247449 -0.181947
0.272959 -0.184111
0.308673 -0.186229
0.329082 -0.188386
0.331633 -0.190513
0.362245 -0.193235
0.392857 -0.195901
0.395408 -0.198088
0.443878 -0.200474
0.410714 -0.202597
0.395408 -0.204824
0.420918 -0.206831
0.443878 -0.209043
0.441327 -0.210635
0.415816 -0.212607
0.387755 -0.214416
0.418367 -0.216755
0.451531 -0.218978
0.451531 -0.220672
0.482143 -0.222064
0.494898 -0.222999
0.47449 -0.223635
0.454082 -0.224636
0.44898 -0.226056
0.40051 -0.228036
0.459184 -0.229982
0.505102 -0.231374
0.515306 -0.232237
0.502551 -0.232817
0.484694 -0.232785
0.507653 -0.233495
0.543367 -0.234411
0.607143 -0.234798
0.607143 -0.235276
0.609694 -0.235429
0.517857 -0.235656
0.482143 -0.235565
0.446429 -0.236112
0.377551 -0.236717
0.334184 -0.237027
0.316327 -0.237158
0.34949 -0.236581
0.346939 -0.235938
0.329082 -0.234939
0.311224 -0.233565
0.334184 -0.232503
0.385204 -0.231805
0.359694 -0.231007
0.403061 -0.231418
0.382653 -0.232
0.364796 -0.2323
0.367347 -0.232365
0.357143 -0.232284
0.403061 -0.231946
0.433673 -0.231578
0.40051 -0.230847
0.408163 -0.23053
0.418367 -0.230497
0.387755 -0.230414
0.390306 -0.2302
0.329082 -0.229951
0.364796 -0.229394
0.344388 -0.228549
0.318878 -0.227627
0.331633 -0.226808
0.329082 -0.225961
0.295918 -0.225421
0.27551 -0.225038
0.278061 -0.224683
0.293367 -0.224144
0.295918 -0.223881
0.270408 -0.223184
0.303571 -0.221838
0.293367 -0.221143
0.283163 -0.220512
0.30102 -0.219952
0.252551 -0.219475
0.272959 -0.218444
0.247449 -0.217105
0.260204 -0.216
0.206633 -0.215326
0.17602 -0.214997
0.201531 -0.214775
0.193878 -0.21561
0.196429 -0.216587
0.214286 -0.217293
0.257653 -0.217668
0.211735 -0.218462
0.242347 -0.218588
0.270408 -0.21856
0.211735 -0.218986
0.265306 -0.218674
0.247449 -0.217834
0.168367 -0.217975
0.125 -0.21843
0.160714 -0.218482
0.135204 -0.218438
0.104592 -0.217863
0.0790816 -0.217394
0.104592 -0.216653
0.114796 -0.216025
0.0994898 -0.215633
0.112245 -0.214715
0.0892857 -0.213369
0.0739796 -0.212715
0.0331633 -0.212384
0.0433673 -0.212256
0.0178571 -0.212294
0.0102041 -0.211544
0.0433673 -0.21117
0.0229592 -0.211385
0.0484694 -0.212045
0 -0.213089
0.0765306 -0.213584
0.0510204 -0.214029
0.102041 -0.214462
0.0994898 -0.214542
0.0994898 -0.214427
0.0612245 -0.214785
0.0892857 -0.215014
0.0612245 -0.214447
0.0867347 -0.214087
0.117347 -0.212882
0.163265 -0.211244
0.153061 -0.209712
0.17602 -0.208501
0.132653 -0.207231
0.119898 -0.206423
0.0688776 -0.205779
0.0306122 -0.20512
0.0867347 -0.204797
0.0790816 -0.204534
0.104592 -0.203582
0.142857 -0.20342
0.19898 -0.202906
0.145408 -0.202233
0.232143 -0.201839
0.201531 -0.201781
0.193878 -0.201861
0.186224 -0.202006
0.181122 -0.201357
0.22449 -0.200809
0.260204 -0.200542
0.27551 -0.200033
0.247449 -0.198831
0.295918 -0.197785
0.242347 -0.197002
0.257653 -0.196403
0.239796 -0.19573
0.232143 -0.194746
0.260204 -0.193506
0.283163 -0.19207
0.288265 -0.190851
0.214286 -0.189525
0.262755 -0.188022
0.290816 -0.186604
0.334184 -0.185392
0.346939 -0.184365
0.377551 -0.183008
0.362245 -0.182501
0.385204 -0.182583
0.295918 -0.18229
0.257653 -0.181317
0.257653 -0.180924
0.32398 -0.180198
0.359694 -0.180096
0.362245 -0.180727
0.326531 -0.180884
0.380102 -0.180687
0.321429 -0.18025
0.295918 -0.179787
0.265306 -0.178999
0.232143 -0.178311
0.160714 -0.178012
0.191327 -0.178281
0.178571 -0.178186
0.163265 -0.17765
0.160714 -0.176905
0.112245 -0.176463
0.119898 -0.176659
0.119898 -0.177588
0.15051 -0.178489
0.178571 -0.179512
0.173469 -0.180785
0.22449 -0.181703
0.145408 -0.181992
0.109694 -0.18196
0.125 -0.181682
0.158163 -0.181884
0.127551 -0.182033
0.104592 -0.182138
0.160714 -0.182535
0.204082 -0.182703
0.196429 -0.18326
0.135204 -0.183812
0.170918 -0.184622
0.193878 -0.184863
0.163265 -0.185274
0.163265 -0.185487
0.193878 -0.185577
0.227041 -0.186201
0.22449 -0.18726
0.19898 -0.188567
0.127551 -0.188943
0.0790816 -0.188922
0.0204082 -0.189135
0.0306122 -0.189321
0.0280612 -0.189565
0.0178571 -0.190043
0.0357143 -0.191114
0.0331633 -0.192406
0.0408163 -0.193062
0.0714286 -0.193837
0.0433673 -0.194403
0.0867347 -0.195026
0.145408 -0.196073
0.127551 -0.197242
0.102041 -0.198558
0.140306 -0.199901
0.181122 -0.200342
0.173469 -0.199837
0.178571 -0.198992
0.102041 -0.198119
0.119898 -0.197579
0.155612 -0.197415
0.178571 -0.196335
0.117347 -0.195793
0.0816327 -0.195427
0.0943878 -0.1953
0.0969388 -0.195625
0.107143 -0.194989
0.0535714 -0.194101
0.0688776 -0.193636
0.0484694 -0.193093
0.0178571 -0.192411
0.0331633 -0.191644
0.0102041 -0.190799
0.0255102 -0.189171
0.0943878 -0.186931
0.153061 -0.184196
0.145408 -0.181373
0.130102 -0.179133
0.135204 -0.177154
0.142857 -0.17583
0.127551 -0.174554
0.165816 -0.174051
0.193878 -0.172589
0.170918 -0.170762
0.186224 -0.168087
0.186224 -0.165821
0.188776 -0.163817
0.242347 -0.161977
0.262755 -0.159747
0.326531 -0.157605
0.405612 -0.155068
0.392857 -0.152936
0.392857 -0.150923
0.318878 -0.148415
0.272959 -0.145832
0.267857 -0.144432
0.30102 -0.142091
0.306122 -0.139774
0.234694 -0.138046
0.201531 -0.136589
0.290816 -0.135088
0.295918 -0.133662
0.364796 -0.132664
0.377551 -0.130774
0.385204 -0.129027
0.395408 -0.128055
0.44898 -0.127037
0.423469 -0.125739
0.438776 -0.124393
0.436224 -0.122989
0.413265 -0.121401
0.441327 -0.119434
0.461735 -0.118261
0.556122 -0.11771
0.510204 -0.117062
0.556122 -0.116221
0.535714 -0.115458
0.609694 -0.114956
0.581633 -0.114351
0.507653 -0.114251
0.556122 -0.114667
0.497449 -0.114449
0.454082 -0.114051
0.484694 -0.113877
0.522959 -0.113957
0.553571 -0.113783
0.589286 -0.113574
0.663265 -0.113718
0.617347 -0.114557
0.602041 -0.115389
0.602041 -0.116883
0.632653 -0.118355
0.655612 -0.119934
0.653061 -0.12133
0.59949 -0.122559
0.604592 -0.123526
0.612245 -0.123692
0.586735 -0.123329
0.65051 -0.123055
0.744898 -0.122674
0.729592 -0.121848
0.721939 -0.121368
0.711735 -0.121041
0.711735 -0.120914
0.706633 -0.120607
0.678571 -0.120847
0.655612 -0.121262
0.640306 -0.121284
0.645408 -0.121358
0.627551 -0.121741
0.627551 -0.121532
0.566327 -0.12081
0.512755 -0.120061
0.502551 -0.119557
0.5 -0.118809
0.492347 -0.117593
0.438776 -0.11667
0.528061 -0.115239
0.517857 -0.114396
0.494898 -0.114109
0.42602 -0.113969
0.433673 -0.115082
0.477041 -0.116498
0.380102 -0.116946
0.397959 -0.116659
0.32398 -0.116702
0.344388 -0.116529
0.42602 -0.116943
0.471939 -0.116758
0.477041 -0.116141
0.446429 -0.115618
0.433673 -0.115561
0.390306 -0.115849
0.395408 -0.115594
0.362245 -0.114504
0.341837 -0.113125
0.318878 -0.112731
0.385204 -0.113088
0.443878 -0.113494
0.410714 -0.113165
0.441327 -0.112467
0.397959 -0.111413
0.441327 -0.110587
0.459184 -0.109477
0.364796 -0.1077
0.341837 -0.106562
0.354592 -0.104791
0.367347 -0.103076
0.403061 -0.101361
0.334184 -0.0997807
0.313776 -0.098379
0.344388 -0.096588
0.344388 -0.0948719
0.423469 -0.0934985
0.415816 -0.0929879
0.433673 -0.0927359
0.420918 -0.0922514
0.446429 -0.0907995
0.492347 -0.0888595
0.510204 -0.0869888
0.477041 -0.0848693
0.494898 -0.0821464
0.438776 -0.0793489
0.40051 -0.0776183
0.357143 -0.0758421
0.32398 -0.0741563
0.334184 -0.0730335
0.293367 -0.0712462
0.334184 -0.069279
0.288265 -0.0674716
0.272959 -0.0659532
0.255102 -0.0642143
0.298469 -0.0621321
0.25 -0.0601634
0.260204 -0.0586203
0.239796 -0.0573179
0.19898 -0.0565223
0.181122 -0.0561543
0.219388 -0.0556833
0.237245 -0.0549387
0.239796 -0.0543098
0.206633 -0.0542101
0.267857 -0.0542518
0.321429 -0.0538851
0.288265 -0.0532973
0.242347 -0.0530144
0.193878 -0.0532784
0.122449 -0.05393
0.0484694 -0.0547834
0.0918367 -0.0560425
0.127551 -0.0574833
0.145408 -0.0587363
0.112245 -0.0598849
0.142857 -0.0606426
0.204082 -0.0612814
0.229592 -0.0621234
0.191327 -0.0630388
0.193878 -0.0636962
0.153061 -0.0642188
0.196429 -0.0647831
0.19898 -0.0652925
0.234694 -0.0666289
0.232143 -0.0671855
0.247449 -0.0681253
0.288265 -0.0683789
0.165816 -0.0690714
0.15051 -0.0696351
0.137755 -0.0700237
0.127551 -0.0706699
0.15051 -0.0713247
0.107143 -0.0719993
0.0561224 -0.0729773
0.0484694 -0.0734788
0.0714286 -0.0744358
0.0586735 -0.0745915
0.0892857 -0.0740651
0.0586735 -0.0737627
0.00255102 -0.0734379
0.00510204 -0.0728155
0.0714286 -0.072343
0.0892857 -0.0714174
0.119898 -0.0701285
0.0535714 -0.0687479
0.0714286 -0.066893
0.125 -0.0653738
0.127551 -0.0640905
0.17602 -0.0628897
0.160714 -0.0607876
0.191327 -0.0586421
0.186224 -0.0567389
0.191327 -0.0549304
0.168367 -0.0535009
0.145408 -0.0522086
0.127551 -0.0512147
0.140306 -0.0505408
0.0969388 -0.0498911
0.0969388 -0.0494954
0.0943878 -0.0492424
0.102041 -0.0489114
0.107143 -0.0483421
0.0688776 -0.0479717
0.00255102 -0.0471718
0.0484694 -0.0456297
0.0612245 -0.0441621
0.132653 -0.0427834
0.153061 -0.0411438
0.160714 -0.0392797
0.0969388 -0.0368104
0.0357143 -0.0350431
0.0637755 -0.033311
0.0688776 -0.0319418
0.0816327 -0.0307687
0.0561224 -0.0298829
0.0127551 -0.0296004
0.0433673 -0.0293659
0.0561224 -0.0291364
0.0510204 -0.0291088
0.0739796 -0.029232
0.0612245 -0.0289307
0.00255102 -0.0283443
0.0459184 -0.027888
0.0178571 -0.0272372
0.0127551 -0.0265677
0.0382653 -0.0255274
0.0102041 -0.0242233
0 -0.0231838
0.00765306 -0.0225649
0.0561224 -0.0219188
0.00765306 -0.021389
0.00765306 -0.0210401
0.0612245 -0.020762
0.0841837 -0.0211684
0.117347 -0.0222738
0.0867347 -0.0236465
0.0816327 -0.0251826
0.0459184 -0.0267445
0.0561224 -0.0285966
0.0612245 -0.0306567
0.0816327 -0.0329346
0.0637755 -0.0348349
0.0178571 -0.0366388
0.0433673 -0.0384966
0 -0.0410985
0.0127551 -0.0429785
0.0561224 -0.0449932
0.0153061 -0.0475692
0.0484694 -0.0502116
0.0127551 -0.0526872
0.00765306 -0.0550897
0.0484694 -0.0578795
0.0943878 -0.060483
0.0153061 -0.0629876
0.0204082 -0.0658408
0.0127551 -0.0680904
0.0153061 -0.0707747
0.0255102 -0.0743424
0.0484694 -0.0774019
0.0382653 -0.0804918
0.0841837 -0.0841056
0.107143 -0.0876458
0.130102 -0.0903558
0.0994898 -0.0928721
0.165816 -0.0957532
0.232143 -0.0985922
0.17602 -0.100996
0.163265 -0.103805
0.165816 -0.106914
0.112245 -0.109855
0.122449 -0.112569
0.127551 -0.114582
0.147959 -0.116741
0.135204 -0.119109
0.0943878 -0.121441
0.0841837 -0.123505
0.112245 -0.125036
0.0969388 -0.125972
0.0841837 -0.126502
0.0714286 -0.126664
0.0637755 -0.12689
0.0433673 -0.12759
0.0561224 -0.129326
0.0306122 -0.131502
0.00765306 -0.133333
0.0688776 -0.13605
0.0510204 -0.139014
0.0510204 -0.141876
0.0892857 -0.144619
0.160714 -0.145989
0.186224 -0.147113
0.19898 -0.148299
0.165816 -0.149633
0.127551 -0.150945
0.125 -0.152503
0.173469 -0.153807
0.173469 -0.154855
0.229592 -0.155817
0.252551 -0.15612
0.221939 -0.155896
0.278061 -0.155409
0.293367 -0.154987
0.313776 -0.154754
0.285714 -0.154522
0.32398 -0.154544
0.352041 -0.154696
0.34949 -0.155213
0.336735 -0.155167
0.331633 -0.154972
0.293367 -0.154749
0.237245 -0.154496
0.193878 -0.154404
0.153061 -0.154879
0.0637755 -0.155427
0.15051 -0.15607
0.196429 -0.156217
0.237245 -0.15626
0.242347 -0.156159
0.221939 -0.156939
0.193878 -0.158193
0.211735 -0.158831
0.239796 -0.159324
0.285714 -0.159461
0.303571 -0.159031
0.260204 -0.159447
0.221939 -0.159551
0.155612 -0.159973
0.0586735 -0.160997
0.0867347 -0.16146
0.127551 -0.161647
0.155612 -0.161332
0.0841837 -0.160528
0.122449 -0.159419
0.137755 -0.159134
0.147959 -0.158712
0.0918367 -0.158333
0.0484694 -0.158308
0.0510204 -0.158141
0.00510204 -0.158052
0.0765306 -0.158167
0.114796 -0.158917
0.19898 -0.160085
0.145408 -0.16076
0.0994898 -0.160841
0.0535714 -0.161412
0.0306122 -0.161568
0.0637755 -0.162143
0.0969388 -0.162896
0.0790816 -0.163937
0.0739796 -0.165055
0.102041 -0.165195
0.0408163 -0.164471
0.0280612 -0.164047
0.00765306 -0.163985
0 -0.164394
0.00255102 -0.165094
0.0178571 -0.16619
0.0306122 -0.167297
0.00255102 -0.168061
0.0153061 -0.168953
0.0255102 -0.168898
0.0433673 -0.168489
0.0331633 -0.167825
0.0612245 -0.167058
0.0433673 -0.167086
0.0280612 -0.167125
0.0280612 -0.1686
0.0102041 -0.16996
0.0331633 -0.171963
0.0535714 -0.173483
0.0382653 -0.174473
0.0357143 -0.1753
0.00765306 -0.176419
0.0153061 -0.176913
0.0382653 -0.177791
0.0663265 -0.178907
0.117347 -0.180067
0.102041 -0.181172
0.130102 -0.181589
0.114796 -0.182462
0.0331633 -0.182817
0.0484694 -0.183677
0.0127551 -0.184269
0.0153061 -0.184428
0.0127551 -0.184638
0.0637755 -0.184023
0.147959 -0.183414
0.125 -0.183452
0.17602 -0.182792
0.181122 -0.181698
0.232143 -0.181102
0.19898 -0.180696
0.193878 -0.180717
0.181122 -0.180437
0.135204 -0.179991
0.158163 -0.1791
0.17602 -0.177233
0.19898 -0.175683
0.193878 -0.174825
0.209184 -0.173481
0.22449 -0.172815
0.165816 -0.172606
0.155612 -0.172143
0.178571 -0.171229
0.145408 -0.170175
0.155612 -0.168367
0.183673 -0.166926
0.173469 -0.165134
0.165816 -0.163781
0.153061 -0.162212
0.0612245 -0.160134
0.0459184 -0.157856
0.0688776 -0.155264
0.0306122 -0.152205
0.0306122 -0.149767
0.0357143 -0.14756
0.00765306 -0.145007
0.0127551 -0.142957
0.0739796 -0.140751
0.104592 -0.138083
0.109694 -0.136065
0.127551 -0.134183
0.122449 -0.131932
0.204082 -0.129659
0.117347 -0.127069
0.196429 -0.125088
0.22449 -0.12263
0.142857 -0.120632
0.104592 -0.118922
0.168367 -0.117347
0.239796 -0.115518
0.163265 -0.114183
0.158163 -0.113132
0.227041 -0.111713
0.209184 -0.110108
0.242347 -0.109046
0.313776 -0.107964
0.27551 -0.105828
0.234694 -0.103359
0.272959 -0.101283
0.283163 -0.099316
0.293367 -0.0970857
0.227041 -0.0947746
0.244898 -0.0927499
0.232143 -0.0906351
0.15051 -0.0882975
0.145408 -0.0865477
0.234694 -0.0846503
0.206633 -0.0832225
0.165816 -0.0827312
0.252551 -0.0818781
0.234694 -0.0812831
0.267857 -0.0814047
0.191327 -0.0811335
0.188776 -0.0801209
0.244898 -0.0787551
0.204082 -0.0770673
0.211735 -0.0752025
0.168367 -0.0737474
0.15051 -0.0733993
0.160714 -0.0732034
0.137755 -0.0728677
0.158163 -0.0726261
0.17602 -0.072485
0.163265 -0.0726141
0.17602 -0.0719806
0.147959 -0.0715569
0.137755 -0.0711941
0.0637755 -0.0712202
0.0510204 -0.0712339
0.0561224 -0.0709793
0.0663265 -0.0709248
0.00510204 -0.0714105
0.0433673 -0.0709979
0.0204082 -0.0706779
0.0178571 -0.0700006
0.0331633 -0.0688611
0.0637755 -0.0673922
0.0331633 -0.0650584
0.0382653 -0.0626161
0.127551 -0.0603903
0.114796 -0.0583581
0.0918367 -0.0563719
0.147959 -0.0552723
0.0994898 -0.0543234
0.142857 -0.0540812
0.104592 -0.0539576
0.0994898 -0.0543639
0.0765306 -0.0543006
0.137755 -0.0542359
0.130102 -0.054384
0.137755 -0.0540664
0.145408 -0.0542523
0.127551 -0.0544578
0.160714 -0.0543908
0.168367 -0.0539043
0.204082 -0.0543764
0.229592 -0.0548652
0.234694 -0.0562266
0.267857 -0.057171
0.221939 -0.0576756
0.193878 -0.0574561
0.214286 -0.0570376
0.22449 -0.0570373
0.140306 -0.0575169
0.0943878 -0.0574752
0.00255102 -0.0565634
0.0127551 -0.0561625
0.0102041 -0.0550188
0.0280612 -0.0539725
0 -0.0535537
0.0459184 -0.0526012
0.0790816 -0.0520904
0.0867347 -0.0514283
0.0510204 -0.0502001
0.0612245 -0.0498379
0.147959 -0.0491
0.145408 -0.0490396
0.135204 -0.0494294
0.125 -0.0499225
0.163265 -0.0496827
0.158163 -0.049163
0.186224 -0.0488378
0.160714 -0.0480903
0.132653 -0.0477833
0.168367 -0.047957
0.15051 -0.047734
0.132653 -0.0468552
0.0739796 -0.0460461
0.0816327 -0.0450517
0.109694 -0.0441618
0.107143 -0.043512
0.0204082 -0.0425339
0.0612245 -0.0418693
0.0510204 -0.0410796
0.0561224 -0.0402561
0.0663265 -0.039019
0.0510204 -0.037591
0.0357143 -0.0360778
0.0586735 -0.0348575
0.0153061 -0.0337055
0.0127551 -0.0330006
0.0765306 -0.0319986
0.0178571 -0.030902
0.0510204 -0.0300366
0.0255102 -0.0291066
0.0688776 -0.0279952
0.142857 -0.027903
0.130102 -0.0277582
0.0765306 -0.0276129
0.0790816 -0.0277465
0.119898 -0.027234
0.163265 -0.0267419
0.165816 -0.0267274
0.147959 -0.0271187
0.140306 -0.0271961
0.114796 -0.0271185
0.109694 -0.0272524
0.119898 -0.0271403
0.0535714 -0.0270604
0.00510204 -0.0267455
0.0331633 -0.0259628
0.0867347 -0.0256508
0.0994898 -0.0254841
0.0918367 -0.0253217
0.0688776 -0.0255456
0.0204082 -0.0253692
0.0153061 -0.0257431
0.0663265 -0.0266278
0.0688776 -0.027424
0.0765306 -0.027909
0.0663265 -0.0280285
0.00510204 -0.0272463
0.00510204 -0.0267167
0.0969388 -0.0259015
0.0841837 -0.0248787
0.112245 -0.0238597
0.0867347 -0.022633
0.0688776 -0.0208337
0.0510204 -0.0197125
0.0127551 -0.0190203
0.0561224 -0.0178598
0.0204082 -0.0162008
0.0510204 -0.0145422
0.107143 -0.0134248
0.165816 -0.0124448
0.147959 -0.0115281
0.117347 -0.0105342
0.140306 -0.00883561
0.22449 -0.00645612
0.214286 -0.00432591
0.17602 -0.0024717
0.178571 -7.24242e-05
0.173469 0.0017916
0.153061 0.00290797
0.219388 0.00453825
0.278061 0.00586883
0.242347 0.00696743
0.283163 0.00826758
0.321429 0.0092281
0.32398 0.0102563
0.32398 0.011046
0.318878 0.0120961
0.308673 0.0128303
0.265306 0.0143187
0.247449 0.0158315
0.206633 0.0177772
0.219388 0.019399
0.170918 0.0208654
0.130102 0.0225979
0.125 0.0240531
0.0663265 0.025395
0.0178571 0.0266412
0.00765306 0.0288855
0.0280612 0.03044
0.0153061 0.0321402
0.0612245 0.0339416
0.0714286 0.0356309
0.0357143 0.037426
0.0382653 0.0388668
0.0433673 0.0409278
0.0433673 0.0423163
0.102041 0.0434996
0.0433673 0.0450458
0.0178571 0.0460036
0.0586735 0.046436
0.0892857 0.0465746
0.0510204 0.0468211
0.0969388 0.0470681
0.155612 0.0476327
0.142857 0.0483745
0.119898 0.0487993
0.0229592 0.0490207
0.0841837 0.0496284
0.0918367 0.0495557
0.0561224 0.0491223
0.0280612 0.0494792
0.0918367 0.0488324
0.0663265 0.0465415
0.0102041 0.0441517
0.0688776 0.0413688
0.0816327 0.0387095
0.0586735 0.0365401
0.0127551 0.0348752
0.0331633 0.0334513
0.00765306 0.0324064
0.0535714 0.0310477
0.0229592 0.0298159
0.0790816 0.0287743
0.0484694 0.0272764
0.104592 0.0263936
0.155612 0.025726
0.191327 0.0253897
0.19898 0.0247764
0.216837 0.0248532
0.219388 0.0250062
0.191327 0.0252496
0.262755 0.0252308
0.265306 0.0250438
0.267857 0.0247047
0.331633 0.0246719
0.367347 0.0243995
0.352041 0.02432
0.369898 0.0242702
0.415816 0.0243274
0.380102 0.0250729
0.380102 0.0251122
0.392857 0.0255423
0.431122 0.026575
0.461735 0.0282514
0.484694 0.0298181
0.548469 0.0314396
0.561224 0.0334439
0.528061 0.034774
0.548469 0.0359681
0.5 0.0371778
0.482143 0.0370422
0.441327 0.0372508
0.436224 0.0375158
0.464286 0.037793
0.436224 0.0389756
0.44898 0.039896
0.461735 0.0416069
0.487245 0.0440636
0.433673 0.0461905
0.42602 0.0475805
0.466837 0.0479706
0.469388 0.0484549
0.530612 0.0495758
0.515306 0.0501475
0.510204 0.0499685
0.487245 0.0493305
0.52551 0.0486096
0.545918 0.0475792
0.571429 0.0473606
0.619898 0.047616
0.665816 0.0474573
0.701531 0.0474403
0.729592 0.0470173
0.704082 0.0465983
0.709184 0.0460582
0.668367 0.0452024
0.696429 0.0447295
0.711735 0.0441304
0.755102 0.0438837
0.75 0.0439451
0.77551 0.0443961
0.755102 0.0445457
0.693878 0.0444464
0.755102 0.0446823
0.727041 0.0445027
0.732143 0.0441458
0.75 0.0436264
0.747449 0.0426623
0.72449 0.0413255
0.742347 0.040706
0.765306 0.0400064
0.755102 0.039358
0.706633 0.0381206
0.706633 0.0366521
0.752551 0.0350155
0.757653 0.0335723
0.762755 0.0321698
0.765306 0.0306467
0.737245 0.0291879
0.670918 0.0279716
0.653061 0.0266489
0.668367 0.0261255
0.673469 0.0258904
0.645408 0.025175
0.709184 0.0247844
0.691327 0.0254348
0.747449 0.0265168
0.755102 0.026861
0.737245 0.0268203
0.69898 0.0272602
0.635204 0.0276086
0.673469 0.0275667
0.716837 0.0276032
0.653061 0.0279041
0.612245 0.028375
0.612245 0.0288609
0.604592 0.0294921
0.571429 0.0303969
0.566327 0.0316812
0.556122 0.0323911
0.52551 0.033225
0.502551 0.0350108
0.494898 0.0364045
0.494898 0.0382863
0.497449 0.0397368
0.535714 0.0410018
0.566327 0.0426352
0.538265 0.0445585
0.584184 0.046891
0.576531 0.0497687
0.563776 0.0523381
0.586735 0.0545502
0.540816 0.057105
0.538265 0.0594606
0.512755 0.0616613
0.464286 0.0640673
0.505102 0.0670253
0.538265 0.0704044
0.5 0.0741745
0.438776 0.0782022
0.471939 0.0823035
0.436224 0.0863344
0.410714 0.0898765
0.456633 0.0931038
0.380102 0.0954292
0.359694 0.0974505
0.359694 0.0994484
0.329082 0.102104
0.32398 0.104998
0.346939 0.107417
0.244898 0.109213
0.318878 0.11061
0.298469 0.112064
0.293367 0.113958
0.334184 0.115953
0.395408 0.11841
0.466837 0.120949
0.443878 0.122998
0.40051 0.124832
0.420918 0.126499
0.436224 0.128284
0.42602 0.129966
0.433673 0.1316
0.408163 0.133124
0.454082 0.134287
0.502551 0.135738
0.494898 0.13607
0.5 0.136864
0.502551 0.13839
0.492347 0.139558
0.494898 0.140539
0.461735 0.141456
0.395408 0.142122
0.369898 0.142114
0.372449 0.141637
0.418367 0.141439
0.44898 0.141531
0.451531 0.141768
0.47449 0.141392
0.454082 0.141913
0.497449 0.142063
0.477041 0.142314
0.438776 0.142682
0.423469 0.1428
0.461735 0.142763
0.477041 0.143037
0.433673 0.143805
0.44898 0.144234
0.464286 0.144201
0.464286 0.144201
0.512755 0.144625
0.502551 0.144519
0.505102 0.145252
0.528061 0.145775
0.566327 0.146163
0.568878 0.147254
0.589286 0.148079
0.581633 0.148492
0.637755 0.148525
0.609694 0.148785
0.594388 0.148998
0.609694 0.149584
0.602041 0.15075
0.556122 0.151044
0.510204 0.151346
0.497449 0.152323
0.44898 0.152281
0.390306 0.151533
0.385204 0.150648
0.344388 0.149773
0.354592 0.148216
0.321429 0.145807
0.344388 0.143232
0.326531 0.141286
0.272959 0.138994
0.344388 0.136776
0.357143 0.134087
0.359694 0.131547
0.369898 0.128877
0.385204 0.126328
0.357143 0.124454
0.385204 0.122559
0.42602 0.121228
0.40051 0.119353
0.392857 0.117203
0.397959 0.113785
0.260204 0.110128
0.221939 0.106753
0.181122 0.103629
0.188776 0.101471
0.211735 0.0992043
0.216837 0.0969768
0.229592 0.0948373
0.22449 0.0935907
0.283163 0.0926724
0.32398 0.091359
0.339286 0.0903751
0.380102 0.0887953
0.385204 0.0862244
0.364796 0.0836132
0.392857 0.0812059
0.364796 0.0785727
0.392857 0.0754661
0.423469 0.0720026
0.410714 0.0694351
0.423469 0.0672258
0.413265 0.0650747
0.451531 0.062255
0.528061 0.0593605
0.553571 0.0566902
0.540816 0.0537645
0.566327 0.0515272
0.571429 0.0496741
0.612245 0.0470525
0.635204 0.0447541
0.622449 0.0433195
0.607143 0.0419371
0.563776 0.0403472
0.576531 0.0382894
0.517857 0.0370115
0.558673 0.0354429
0.576531 0.0343107
0.627551 0.0331216
0.617347 0.0317823
0.619898 0.0311689
0.589286 0.0302821
0.535714 0.0291144
0.517857 0.0278602
0.533163 0.0267627
0.530612 0.0260565
0.494898 0.0251242
0.487245 0.0245872
0.563776 0.0245683
0.535714 0.0240299
0.515306 0.0228627
0.502551 0.021346
0.454082 0.020294
0.454082 0.0192358
0.482143 0.0177385
0.420918 0.0152696
0.44898 0.0130569
0.482143 0.010439
0.464286 0.00801079
0.469388 0.00608067
0.459184 0.00408414
0.441327 0.00251937
0.420918 0.000542795
0.44898 -0.00179529
0.403061 -0.00390544
0.420918 -0.00623683
0.392857 -0.00892869
0.395408 -0.0117427
0.380102 -0.0147496
0.397959 -0.0176009
0.423469 -0.0208945
0.477041 -0.024539
0.431122 -0.0275517
0.469388 -0.0299671
0.464286 -0.0316672
0.433673 -0.0327703
0.510204 -0.0342758
0.515306 -0.0354551
0.538265 -0.0370075
0.497449 -0.0387379
0.461735 -0.0403304
0.408163 -0.0418384
0.471939 -0.0436811
0.55102 -0.0454496
0.497449 -0.047193
0.558673 -0.0492584
0.604592 -0.0507424
0.576531 -0.0514018
0.579082 -0.0527282
0.538265 -0.0529595
0.553571 -0.0532968
0.584184 -0.053053
0.612245 -0.05283
0.602041 -0.0523843
0.619898 -0.0526483
0.630102 -0.0525959
0.586735 -0.0515978
0.540816 -0.051194
0.543367 -0.0505814
0.558673 -0.0499387
0.568878 -0.0493788
0.538265 -0.0486621
0.522959 -0.0476142
0.471939 -0.0469961
0.415816 -0.0464367
0.377551 -0.0462801
0.354592 -0.0462467
0.308673 -0.04627
0.272959 -0.0459546
0.262755 -0.0454954
0.280612 -0.0451437
0.298469 -0.0442453
0.316327 -0.0431041
0.357143 -0.0423637
0.344388 -0.0413875
0.367347 -0.0398961
0.367347 -0.0387687
0.431122 -0.0383372
0.487245 -0.0378149
0.535714 -0.0370943
0.568878 -0.0366745
0.586735 -0.036006
0.591837 -0.0356777
0.612245 -0.0352306
0.670918 -0.0345118
0.663265 -0.0338538
0.67602 -0.0337498
0.632653 -0.0327768
0.668367 -0.0314123
0.670918 -0.0294638
0.678571 -0.0273543
0.658163 -0.0248454
0.655612 -0.0224562
0.645408 -0.0202624
0.579082 -0.0180921
0.568878 -0.0163299
0.57398 -0.0143573
0.586735 -0.011894
0.563776 -0.0095519
0.57398 -0.00708068
0.566327 -0.00492405
0.617347 -0.0028408
0.612245 -0.000530845
0.658163 0.00222233
0.59949 0.0053325
0.630102 0.00838199
0.591837 0.0111702
0.589286 0.0141873
0.545918 0.0170404
0.576531 0.0194094
0.57398 0.0222356
0.594388 0.0253632
0.619898 0.0279509
0.563776 0.0297219
0.660714 0.0318964
0.627551 0.0336256
0.632653 0.0356108
0.602041 0.0373175
0.520408 0.0395223
0.494898 0.0418659
0.505102 0.0438356
0.494898 0.0458523
0.44898 0.0470752
0.502551 0.0487122
0.484694 0.0511065
0.5 0.0536848
0.568878 0.0565275
0.563776 0.0592297
0.489796 0.0614262
0.479592 0.0626343
0.456633 0.0638173
0.441327 0.0647624
0.436224 0.0655393
0.456633 0.0671789
0.44898 0.0693158
0.420918 0.0706285
0.431122 0.0710665
0.392857 0.0717799
0.339286 0.071273
0.326531 0.0705475
0.382653 0.0703674
0.359694 0.0700861
0.311224 0.0698729
0.303571 0.0695181
0.334184 0.069197
0.354592 0.0676498
0.318878 0.0667524
0.359694 0.0659873
0.326531 0.065015
0.339286 0.063904
0.359694 0.0626106
0.311224 0.0618797
0.267857 0.0610148
0.262755 0.0595004
0.293367 0.0587363
0.234694 0.0581432
0.206633 0.0574579
0.244898 0.056363
0.278061 0.0554026
0.369898 0.0539972
0.40051 0.0528679
0.438776 0.0523451
0.441327 0.0526466
0.479592 0.0535124
0.497449 0.0538661
0.477041 0.0552025
0.484694 0.0555501
0.477041 0.0555011
0.510204 0.0554473
0.497449 0.0553072
0.492347 0.0551822
0.451531 0.0558987
0.522959 0.0562334
0.556122 0.05591
0.489796 0.0564484
0.52551 0.0574587
0.548469 0.0577398
0.571429 0.0580678
0.553571 0.0580464
0.553571 0.058626
0.512755 0.0581053
0.561224 0.0570529
0.596939 0.0565128
0.553571 0.0555705
0.59949 0.0547804
0.591837 0.0542331
0.57398 0.0537834
0.604592 0.0534371
0.65051 0.0533072
0.617347 0.0523683
0.59949 0.0515654
0.535714 0.051046
0.571429 0.0499574
0.627551 0.0495466
0.614796 0.0494307
0.635204 0.0487548
0.668367 0.048337
0.706633 0.0486788
0.67602 0.0493651
0.67602 0.0497135
0.668367 0.0497899
0.658163 0.0491947
0.673469 0.0488416
0.622449 0.0488248
0.591837 0.0483922
0.563776 0.0479851
0.507653 0.0477145
0.553571 0.0481619
0.553571 0.0479633
0.561224 0.0480995
0.568878 0.0481695
0.579082 0.0471331
0.571429 0.0467684
0.545918 0.0464361
0.522959 0.0460914
0.548469 0.046072
0.663265 0.0454441
0.663265 0.0445168
0.655612 0.0439437
0.665816 0.0428305
0.688776 0.0416795
0.696429 0.0413392
0.711735 0.0412997
0.739796 0.0418882
0.742347 0.042419
0.727041 0.0415146
0.727041 0.040414
0.716837 0.03982
0.69898 0.0393256
0.716837 0.0384625
0.72449 0.0377505
0.706633 0.0365459
0.67602 0.034956
0.734694 0.0333622
0.714286 0.0317288
0.744898 0.0297814
0.729592 0.0279294
0.696429 0.026454
0.647959 0.0253526
0.607143 0.0241859
0.614796 0.0233563
0.604592 0.0220884
0.625 0.0211392
0.701531 0.0198574
0.765306 0.018366
0.693878 0.0173327
0.734694 0.0162074
0.729592 0.0157256
0.765306 0.0156278
0.765306 0.0160657
0.75 0.0163918
0.72449 0.0160074
0.706633 0.0140733
0.701531 0.0121705
0.693878 0.0108842
0.755102 0.00959174
0.788265 0.00847764
0.783163 0.00731982
0.808673 0.00668829
0.752551 0.00675019
0.742347 0.0068402
0.706633 0.00730658
0.721939 0.00766021
0.693878 0.00793314
0.739796 0.00808837
0.739796 0.00890388
0.760204 0.00964786
0.739796 0.0097786
0.747449 0.0101755
0.747449 0.0109024
0.747449 0.0115756
0.783163 0.0121975
0.75 0.0131415
0.711735 0.0134594
0.714286 0.0148344
0.688776 0.0164921
0.642857 0.0179892
0.65051 0.0198248
0.647959 0.0211245
0.589286 0.0224639
0.571429 0.0242053
0.627551 0.0255704
0.625 0.0276652
0.627551 0.0295731
0.630102 0.0315208
0.59949 0.0334977
0.602041 0.0356621
0.59949 0.0371754
0.612245 0.0383703
0.558673 0.0398344
0.571429 0.041181
0.596939 0.0423983
0.566327 0.0434096
0.561224 0.0444381
0.502551 0.044865
0.466837 0.0452586
0.456633 0.0449155
0.505102 0.0449915
0.510204 0.0449659
0.533163 0.0449931
0.510204 0.0450973
0.469388 0.0453317
0.443878 0.0462557
0.47449 0.0475109
0.479592 0.0485517
0.482143 0.0498721
0.446429 0.051641
0.469388 0.0527891
0.466837 0.0535125
0.418367 0.0539393
0.436224 0.0544021
0.390306 0.054684
0.428571 0.0545968
0.443878 0.0540001
0.413265 0.0535302
0.44898 0.0525196
0.502551 0.0513279
0.471939 0.0515201
0.489796 0.0518525
0.52551 0.0514091
0.52551 0.050597
0.454082 0.0498234
0.484694 0.0488436
0.533163 0.0482574
0.589286 0.0468441
0.57398 0.045473
0.581633 0.0442814
0.581633 0.0424494
0.586735 0.0412634
0.548469 0.0402159
0.630102 0.0391541
0.655612 0.0382316
0.663265 0.0380942
0.673469 0.0379902
0.69898 0.0376984
0.706633 0.0378201
0.704082 0.0370532
0.683673 0.0362686
0.686224 0.0360251
0.701531 0.036106
0.711735 0.0363622
0.765306 0.0364959
0.798469 0.0371682
0.808673 0.037813
0.793367 0.0375922
0.816327 0.0377832
0.803571 0.0381323
0.813776 0.0384717
0.783163 0.0381521
0.793367 0.0381738
0.734694 0.0382909
0.706633 0.0386239
0.704082 0.0385646
0.632653 0.0386134
0.596939 0.0387204
0.653061 0.039086
0.668367 0.0387866
0.678571 0.0386446
0.653061 0.0384472
0.655612 0.0383576
0.688776 0.0385201
0.729592 0.0386984
0.785714 0.0384244
0.795918 0.0379196
0.811224 0.0364288
0.821429 0.034216
0.818878 0.0331757
0.755102 0.0324748
0.793367 0.0329805
0.785714 0.033366
0.836735 0.0335631
0.785714 0.033408
0.727041 0.0337653
0.765306 0.034119
0.767857 0.0333028
0.778061 0.0324309
0.744898 0.0317657
0.75 0.0308563
0.780612 0.0294125
0.727041 0.027803
0.732143 0.0268125
0.734694 0.0268351
0.747449 0.0270638
0.767857 0.0265838
0.719388 0.0260248
0.765306 0.0251172
0.704082 0.023989
0.681122 0.023119
0.719388 0.0221665
0.714286 0.0222018
0.663265 0.0221494
0.683673 0.0223835
0.752551 0.0228362
0.760204 0.0237205
0.762755 0.0246016
0.788265 0.0243646
0.785714 0.024389
0.808673 0.0241386
0.765306 0.0241486
0.755102 0.024405
0.785714 0.0247776
0.793367 0.0258537
0.734694 0.026848
0.747449 0.0270783
0.706633 0.0282684
0.704082 0.0290844
0.678571 0.0297
0.630102 0.0305974
0.678571 0.0306607
0.69898 0.0307117
0.670918 0.0309116
0.665816 0.0303736
0.640306 0.0289725
0.581633 0.0276782
0.584184 0.0266627
0.59949 0.0255832
0.627551 0.0248882
0.596939 0.0245298
0.602041 0.0242732
0.57398 0.0238642
0.589286 0.0235476
0.589286 0.0231736
0.57398 0.0231114
0.561224 0.02287
0.619898 0.0234019
0.594388 0.0242335
0.625 0.0248604
0.596939 0.0252552
0.563776 0.0254585
0.627551 0.0245016
0.612245 0.0230342
0.576531 0.0220305
0.571429 0.020426
0.563776 0.0194352
0.571429 0.0187183
0.607143 0.0183866
0.619898 0.0183816
0.635204 0.0168663
0.607143 0.0147963
0.647959 0.0126335
0.612245 0.0104351
0.602041 0.00818645
0.586735 0.00575021
0.65051 0.00370275
0.609694 0.000899747
0.647959 -0.00160007
0.72449 -0.004578
0.72449 -0.00803799
0.711735 -0.0112939
0.744898 -0.0138554
0.686224 -0.0163308
0.647959 -0.0183438
0.640306 -0.0198502
0.647959 -0.0218842
0.660714 -0.0228579
0.665816 -0.0243926
0.645408 -0.0253402
0.632653 -0.0267117
0.635204 -0.0281531
0.67602 -0.029549
0.663265 -0.0307847
0.653061 -0.0319677
0.627551 -0.032813
0.635204 -0.0333136
0.670918 -0.0336091
0.686224 -0.0334345
0.678571 -0.0331095
0.696429 -0.0333411
0.714286 -0.0334902
0.701531 -0.034121
0.69898 -0.0343546
0.673469 -0.0342245
0.681122 -0.0343985
0.65051 -0.034588
0.617347 -0.0346104
0.584184 -0.0348733
0.568878 -0.0357228
0.581633 -0.0358079
0.622449 -0.0358691
0.617347 -0.0354711
0.602041 -0.0357039
0.584184 -0.036065
0.553571 -0.0361091
0.512755 -0.0363452
0.454082 -0.0371341
0.405612 -0.0377383
0.428571 -0.0384695
0.438776 -0.0388804
0.408163 -0.0396083
0.382653 -0.0409321
0.359694 -0.0415361
0.395408 -0.0423088
0.385204 -0.0427399
0.413265 -0.0428323
0.459184 -0.0432844
0.413265 -0.0429428
0.377551 -0.0428112
0.34949 -0.0423639
0.436224 -0.0412208
0.431122 -0.0394351
0.408163 -0.0379143
0.418367 -0.0363775
0.372449 -0.0347081
0.30102 -0.0337516
0.32398 -0.0320823
0.313776 -0.030653
0.318878 -0.0300854
0.352041 -0.0284332
0.40051 -0.0271316
0.415816 -0.0259014
0.326531 -0.0244372
0.344388 -0.0239106
0.34949 -0.0239313
0.392857 -0.0238518
0.367347 -0.0229256
0.40051 -0.0211091
0.387755 -0.0195039
0.469388 -0.017175
0.441327 -0.0148019
0.418367 -0.0131739
0.471939 -0.011582
0.387755 -0.00937752
0.413265 -0.00750647
0.431122 -0.00489066
0.423469 -0.00321933
0.466837 -0.00257711
0.464286 -0.00098871
0.489796 0.000665061
0.492347 0.00273987
0.441327 0.00471127
0.469388 0.00613747
0.492347 0.00830035
0.52551 0.0107029
0.517857 0.0131141
0.466837 0.0154383
0.466837 0.0179052
0.505102 0.0206885
0.47449 0.023299
0.494898 0.0258036
0.52551 0.0283117
0.561224 0.030342
0.563776 0.0330915
0.522959 0.0367048
0.581633 0.0394558
0.584184 0.0415616
0.561224 0.0439576
0.487245 0.0469121
0.387755 0.0486952
0.34949 0.0505231
0.354592 0.0527886
0.362245 0.0538768
0.331633 0.0545357
0.390306 0.0558517
0.362245 0.056558
0.382653 0.0565979
0.367347 0.0558423
0.362245 0.0560396
0.390306 0.0559838
0.410714 0.0562114
0.451531 0.0562488
0.436224 0.0563711
0.553571 0.0564285
0.533163 0.0571302
0.487245 0.0578863
0.40051 0.0581391
0.461735 0.0584016
0.482143 0.0585599
0.482143 0.0594989
0.482143 0.0597262
0.540816 0.0591704
0.482143 0.0587897
0.443878 0.058704
0.362245 0.0578632
0.336735 0.0576259
0.34949 0.0581346
0.346939 0.0587963
0.352041 0.0596566
0.408163 0.0600432
0.362245 0.0600827
0.380102 0.0612856
0.377551 0.0620442
0.364796 0.0623745
0.44898 0.0621297
0.482143 0.0617938
0.512755 0.0624134
0.489796 0.0627425
0.464286 0.0624589
0.464286 0.0618622
0.433673 0.0612204
0.441327 0.0602171
0.456633 0.0591129
0.459184 0.0573997
0.489796 0.0553065
0.438776 0.0540244
0.441327 0.0532708
0.431122 0.0533713
0.408163 0.0529474
0.433673 0.0526976
0.428571 0.0518858
0.443878 0.0510351
0.418367 0.0502451
0.395408 0.0491924
0.321429 0.0486964
0.326531 0.048868
0.359694 0.0494189
0.390306 0.0498033
0.403061 0.05034
0.413265 0.0502184
0.377551 0.0496507
0.326531 0.049427
0.280612 0.0494195
0.234694 0.0487643
0.206633 0.0479692
0.227041 0.0469399
0.204082 0.0460686
0.155612 0.0456952
0.145408 0.0454892
0.112245 0.0452666
0.155612 0.0452253
0.237245 0.0450305
0.234694 0.0450225
0.19898 0.0452446
0.178571 0.0449562
0.147959 0.0445692
0.193878 0.0443136
0.22449 0.0449537
0.204082 0.045684
0.17602 0.0456735
0.209184 0.0458306
0.147959 0.0461573
0.130102 0.046048
0.114796 0.0460258
0.19898 0.0456684
0.193878 0.0452121
0.232143 0.0446753
0.267857 0.0439767
0.270408 0.0431661
0.247449 0.0429293
0.262755 0.0426861
0.257653 0.0430843
0.308673 0.0443461
0.334184 0.0452109
0.321429 0.0453889
0.352041 0.0454275
0.326531 0.0461248
0.387755 0.0468213
0.438776 0.0464564
0.464286 0.0463743
0.456633 0.0471416
0.5 0.0480547
0.471939 0.0488533
0.512755 0.0501852
0.505102 0.0516898
0.543367 0.0537766
0.566327 0.0558326
0.568878 0.0576367
0.558673 0.0595781
0.566327 0.0620035
0.604592 0.0651906
0.589286 0.0688834
0.566327 0.0716317
0.568878 0.0742677
0.571429 0.0767079
0.614796 0.0796164
0.635204 0.0820645
0.625 0.084918
0.604592 0.0880355
0.568878 0.0911118
0.640306 0.093617
0.581633 0.0957616
0.553571 0.0981597
0.609694 0.100777
0.596939 0.103811
0.579082 0.1065
0.561224 0.108902
0.579082 0.111345
0.568878 0.113345
0.627551 0.115663
0.637755 0.118003
0.566327 0.119728
0.561224 0.121887
0.538265 0.123811
0.596939 0.125467
0.589286 0.126804
0.535714 0.128048
0.533163 0.128872
0.533163 0.130087
0.533163 0.131187
0.489796 0.132323
0.497449 0.133232
0.482143 0.134517
0.459184 0.136132
0.489796 0.138334
0.502551 0.140678
0.484694 0.142055
0.494898 0.142298
0.482143 0.142014
0.561224 0.142091
0.543367 0.142613
0.528061 0.143034
0.556122 0.143627
0.57398 0.144207
0.586735 0.145096
0.637755 0.144992
0.637755 0.143179
0.688776 0.140625
0.653061 0.138353
0.604592 0.13663
0.586735 0.134961
0.556122 0.132301
0.55102 0.129388
0.545918 0.126076
0.561224 0.123466
0.517857 0.120809
0.57398 0.119319
0.604592 0.11641
0.612245 0.112837
0.492347 0.109137
0.454082 0.103932
0.482143 0.0992629
0.5 0.0956014
0.446429 0.0920974
0.466837 0.0884236
0.461735 0.0854526
0.392857 0.0831148
0.377551 0.0806101
0.380102 0.0782535
0.392857 0.0764481
0.354592 0.0741841
0.357143 0.0712134
0.344388 0.0686487
0.326531 0.0658906
0.295918 0.0631268
0.318878 0.060064
0.40051 0.0572719
0.438776 0.0553165
0.397959 0.0525723
0.385204 0.0490874
0.40051 0.045791
0.40051 0.0424357
0.415816 0.0388766
0.375 0.0352705
0.375 0.0311405
0.367347 0.0266729
0.313776 0.0226737
0.382653 0.0199234
0.456633 0.0175471
0.47449 0.015328
0.494898 0.013185
0.438776 0.0103428
0.510204 0.00812313
0.482143 0.00723225
0.487245 0.00610708
0.446429 0.00532799
0.517857 0.00479633
0.576531 0.00427916
0.484694 0.00454434
0.415816 0.00409947
0.441327 0.00365902
0.471939 0.00335363
0.438776 0.0030114
0.44898 0.00304959
0.418367 0.00266692
0.372449 0.00295307
0.405612 0.00332446
0.380102 0.00297606
0.408163 0.00143301
0.405612 -0.000557447
0.405612 -0.00179853
0.420918 -0.00252867
0.408163 -0.0027402
0.410714 -0.00351676
0.438776 -0.00467923
0.461735 -0.00524274
0.454082 -0.00563824
0.443878 -0.00557428
0.466837 -0.00635394
0.410714 -0.00729558
0.395408 -0.00839263
0.382653 -0.00960468
0.403061 -0.0114574
0.375 -0.0143693
0.377551 -0.0162814
0.408163 -0.0176092
0.446429 -0.0185846
0.487245 -0.0199947
0.502551 -0.0216427
0.487245 -0.0226801
0.487245 -0.0240042
0.540816 -0.0251619
0.548469 -0.0265644
0.512755 -0.0281861
0.540816 -0.0301711
0.568878 -0.0315213
0.517857 -0.0335974
0.515306 -0.0360453
0.548469 -0.0382824
0.55102 -0.0405642
0.568878 -0.0421779
0.594388 -0.0436373
0.607143 -0.0450694
0.579082 -0.0474978
0.563776 -0.0494046
0.538265 -0.0513345
0.484694 -0.0533123
0.40051 -0.0554727
0.382653 -0.0567726
0.403061 -0.057706
0.413265 -0.0587076
0.443878 -0.0592591
0.517857 -0.0597235
0.553571 -0.0609758
0.520408 -0.0624464
0.497449 -0.0636468
0.522959 -0.0644668
0.487245 -0.0654387
0.517857 -0.0669253
0.563776 -0.0680962
0.586735 -0.0699316
0.576531 -0.0718424
0.602041 -0.0728936
0.622449 -0.0738725
0.660714 -0.075578
0.640306 -0.0766039
0.622449 -0.0774678
0.609694 -0.0780539
0.576531 -0.0779347
0.57398 -0.0778168
0.566327 -0.0782674
0.571429 -0.0797746
0.576531 -0.0822467
0.604592 -0.0844695
0.619898 -0.0858793
0.647959 -0.0875516
0.632653 -0.0894773
0.625 -0.0911846
0.571429 -0.0922738
0.459184 -0.0936064
0.502551 -0.0955747
0.507653 -0.0985632
0.512755 -0.100729
0.545918 -0.102341
0.492347 -0.103668
0.459184 -0.105174
0.385204 -0.107172
0.390306 -0.10944
0.380102 -0.111757
0.344388 -0.113687
0.375 -0.114723
0.380102 -0.115672
0.413265 -0.116537
0.403061 -0.116774
0.385204 -0.11673
0.344388 -0.117672
0.382653 -0.119215
0.326531 -0.120564
0.27551 -0.121971
0.290816 -0.124119
0.229592 -0.125619
0.252551 -0.126882
0.329082 -0.128342
0.357143 -0.130145
0.372449 -0.131986
0.344388 -0.133526
0.367347 -0.135365
0.446429 -0.136374
0.395408 -0.136334
0.357143 -0.136153
0.306122 -0.135604
0.293367 -0.135352
0.272959 -0.135069
0.255102 -0.135313
0.183673 -0.13582
0.142857 -0.136465
0.130102 -0.136583
0.186224 -0.136442
0.132653 -0.136264
0.0969388 -0.136763
0.178571 -0.136637
0.17602 -0.136143
0.158163 -0.135275
0.147959 -0.135696
0.186224 -0.137103
0.170918 -0.139233
0.117347 -0.141138
0.117347 -0.142641
0.0943878 -0.144017
0.104592 -0.146475
0.0586735 -0.149802
0.0994898 -0.15316
0.0535714 -0.15676
0.0331633 -0.159935
0.0586735 -0.163051
0.0153061 -0.166314
0.0255102 -0.169248
0.0204082 -0.172697
0.0459184 -0.176182
0.0408163 -0.180977
0.0382653 -0.185852
0.0612245 -0.190571
0.0535714 -0.195403
0.0127551 -0.199996
0.0969388 -0.205214
0.0255102 -0.209163
0.0357143 -0.212675
0.0229592 -0.216565
0.0433673 -0.220101
0.0204082 -0.223388
0.0280612 -0.226689
0.0306122 -0.229056
0.0586735 -0.231057
0.0178571 -0.233277
0.0433673 -0.235377
0.0918367 -0.237495
0.0382653 -0.239433
0.0255102 -0.242621
0.0153061 -0.246551
0.0255102 -0.249824
0.0280612 -0.2533
0.0714286 -0.256371
0.00510204 -0.258243
0.0867347 -0.260438
0.00510204 -0.262279
0.0229592 -0.264364
0.0280612 -0.266879
0.0459184 -0.269357
0.0637755 -0.272273
0.0739796 -0.274801
0.0357143 -0.277644
0.0714286 -0.280167
0.0918367 -0.282451
0.0561224 -0.284293
0.0229592 -0.285275
0.0841837 -0.285837
0.0994898 -0.285682
0.0102041 -0.285969
0.0892857 -0.286195
0.0790816 -0.285848
0.104592 -0.285564
0.0765306 -0.284449
0.0561224 -0.283147
0.0867347 -0.281618
0.0892857 -0.279633
0.0612245 -0.277043
0.0637755 -0.273915
0.0459184 -0.270744
0.0969388 -0.267904
0.0102041 -0.265961
0.0229592 -0.263408
0.0892857 -0.260537
0.0790816 -0.257254
0.0280612 -0.254066
0.00765306 -0.251029
0.0459184 -0.24863
0.0102041 -0.246152
0.00255102 -0.243013
0.0102041 -0.240304
0.0229592 -0.237901
0.0229592 -0.235312
0.00510204 -0.232587
0.00255102 -0.229791
0.0153061 -0.227694
0.0153061 -0.225915
0.0255102 -0.224186
0.0510204 -0.222079
0.107143 -0.220198
0.0586735 -0.217645
0.0612245 -0.214638
0.0765306 -0.211292
0.0612245 -0.208246
0.0561224 -0.205476
0.102041 -0.202962
0.0816327 -0.200376
0.0637755 -0.19643
0.0867347 -0.191951
0.0484694 -0.187112
0.0331633 -0.182527
0.0433673 -0.179142
0.0561224 -0.17611
0.0433673 -0.174183
0.0255102 -0.172168
0 -0.169762
0.0357143 -0.167108
0.0943878 -0.16476
0.0892857 -0.162014
0.0994898 -0.1592
0.0204082 -0.157175
0.0357143 -0.15567
0.0765306 -0.155134
0.0663265 -0.154035
0.0255102 -0.153059
0.0127551 -0.151784
0.0612245 -0.150543
0.0612245 -0.15042
0.0892857 -0.150104
0.0204082 -0.15042
0.0510204 -0.150957
0.00765306 -0.151052
0.0382653 -0.151692
0.0357143 -0.15198
0.0510204 -0.15166
0.0535714 -0.151671
0.0408163 -0.152183
0.0204082 -0.153059
0.0357143 -0.154215
0.0382653 -0.155382
0.0586735 -0.156911
0.117347 -0.157549
0.0994898 -0.158178
0.117347 -0.15871
0.0969388 -0.159433
0.0969388 -0.159944
0.132653 -0.160308
0.140306 -0.161769
0.147959 -0.16376
0.104592 -0.165769
0.0714286 -0.167511
0.0918367 -0.169111
0.130102 -0.170164
0.0918367 -0.170883
0.140306 -0.171614
0.137755 -0.171455
0.0841837 -0.171128
0.117347 -0.171198
0.0943878 -0.17087
0.137755 -0.169177
0.204082 -0.167598
0.209184 -0.166541
0.209184 -0.165618
0.247449 -0.165303
0.17602 -0.165124
0.132653 -0.16429
0.0994898 -0.164155
0.00510204 -0.164157
0.0612245 -0.164029
0.158163 -0.163586
0.170918 -0.162537
0.247449 -0.16081
0.206633 -0.158293
0.188776 -0.156122
0.206633 -0.154
0.22449 -0.151668
0.158163 -0.147832
0.178571 -0.144733
0.165816 -0.14029
0.178571 -0.135978
0.160714 -0.131955
0.168367 -0.12797
0.19898 -0.122919
0.137755 -0.118297
0.196429 -0.114048
0.201531 -0.109742
0.204082 -0.105911
0.255102 -0.101421
0.201531 -0.0960269
0.211735 -0.0904443
0.221939 -0.0846885
0.191327 -0.0779084
0.216837 -0.072206
0.232143 -0.067114
0.247449 -0.062704
0.168367 -0.0588771
0.107143 -0.0544064
0.109694 -0.0491509
0.17602 -0.0447154
0.114796 -0.0406093
0.196429 -0.0362448
0.22449 -0.0321845
0.290816 -0.0286934
0.265306 -0.0247176
0.214286 -0.0213738
0.122449 -0.0180991
0.0765306 -0.0143441
0.0484694 -0.0106203
0.0535714 -0.0062737
0.0484694 -0.00191925
0.0561224 0.00117288
0.0459184 0.00457295
0.0535714 0.0079397
0.00510204 0.0114998
0.0153061 0.0140972
0.0102041 0.0170464
0.127551 0.0203931
0.0841837 0.0239482
0.0586735 0.0272382
0.0867347 0.0291573
0.0663265 0.0302726
0.0561224 0.0322806
0.0408163 0.0341124
0.0178571 0.0355607
0.0663265 0.0370888
0.0816327 0.0383397
0.119898 0.0398278
0.165816 0.0419027
0.135204 0.0439856
0.155612 0.0460983
0.130102 0.0487003
0.0969388 0.0509437
0.0790816 0.0536239
0.127551 0.0562583
0.125 0.058065
0.0561224 0.0607463
0.0714286 0.0634092
0.0586735 0.0659684
0.122449 0.0678923
0.153061 0.0699332
0.160714 0.0720295
0.170918 0.0751487
0.142857 0.0783402
0.140306 0.0810242
0.142857 0.0832302
0.117347 0.084569
0.173469 0.0856146
0.15051 0.0865951
0.165816 0.0869739
0.191327 0.0867967
0.227041 0.0870065
0.209184 0.0869545
0.19898 0.0863834
0.206633 0.0864706
0.260204 0.0862022
0.316327 0.0853052
0.331633 0.0845615
0.242347 0.0833316
0.260204 0.0818974
0.298469 0.0814848
0.257653 0.0805532
0.257653 0.0791721
0.255102 0.0776023
0.267857 0.0763634
0.272959 0.0742146
0.372449 0.0719196
0.461735 0.0695142
0.489796 0.0671996
0.451531 0.0645729
0.52551 0.0632844
0.517857 0.0611987
0.522959 0.0583103
0.492347 0.0553699
0.510204 0.0522448
0.535714 0.0493241
0.55102 0.0468335
0.535714 0.0441834
0.535714 0.0423382
0.520408 0.0422154
0.510204 0.0411513
0.482143 0.0391025
0.502551 0.0369104
0.459184 0.0346565
0.438776 0.0325793
0.469388 0.031297
0.489796 0.0308257
0.520408 0.0305573
0.477041 0.031119
0.44898 0.0309219
0.454082 0.0300652
0.40051 0.0298009
0.408163 0.0288714
0.464286 0.0268096
0.489796 0.0252577
0.479592 0.023609
0.540816 0.0213488
0.515306 0.0193669
0.522959 0.0175163
0.579082 0.015687
0.520408 0.0127511
0.487245 0.00961992
0.535714 0.00677962
0.507653 0.00423255
0.507653 0.00148274
0.57398 -0.000342887
0.589286 -0.00205958
0.556122 -0.00428291
0.533163 -0.00628969
0.548469 -0.00820735
0.530612 -0.0107518
0.522959 -0.0133109
0.446429 -0.0161221
0.44898 -0.0188471
0.510204 -0.0210568
0.512755 -0.0243141
0.522959 -0.0271726
0.505102 -0.0310196
0.492347 -0.035187
0.497449 -0.0394298
0.502551 -0.0425927
0.540816 -0.0452267
0.535714 -0.0479369
0.543367 -0.0506086
0.553571 -0.0543642
0.502551 -0.0573761
0.568878 -0.0599863
0.584184 -0.0629438
0.607143 -0.066693
0.617347 -0.0700299
0.59949 -0.0729993
0.596939 -0.0760836
0.545918 -0.078913
0.563776 -0.0822823
0.530612 -0.0856742
0.522959 -0.0882309
0.566327 -0.0907282
0.545918 -0.0931322
0.57398 -0.0952038
0.57398 -0.0968233
0.566327 -0.098406
0.57398 -0.0997418
0.548469 -0.100277
0.558673 -0.100967
0.548469 -0.101374
0.581633 -0.102142
0.561224 -0.102016
0.584184 -0.101873
0.619898 -0.101562
0.658163 -0.101159
0.704082 -0.0997693
0.721939 -0.0976029
0.670918 -0.0956471
0.704082 -0.0936803
0.688776 -0.0916408
0.655612 -0.0903204
0.609694 -0.0896573
0.579082 -0.0892657
0.614796 -0.0888357
0.579082 -0.0877588
0.614796 -0.0869895
0.59949 -0.0861873
0.647959 -0.085975
0.57398 -0.0845092
0.57398 -0.0823636
0.607143 -0.0799867
0.627551 -0.0767425
0.658163 -0.074248
0.655612 -0.0708924
0.612245 -0.0673218
0.647959 -0.0640801
0.630102 -0.061042
0.619898 -0.0579186
0.607143 -0.054773
0.558673 -0.0512959
0.540816 -0.047758
0.5 -0.04463
0.505102 -0.0416034
0.494898 -0.037545
0.466837 -0.0331974
0.487245 -0.0297809
0.469388 -0.026859
0.40051 -0.0232077
0.415816 -0.019914
0.410714 -0.0166393
0.428571 -0.0133859
0.47449 -0.00942947
0.456633 -0.00580503
0.471939 -0.00187915
0.466837 0.00103085
0.454082 0.00391262
0.443878 0.00655501
0.492347 0.00867275
0.47449 0.0100776
0.420918 0.0107819
0.397959 0.0121916
0.415816 0.013499
0.451531 0.0141411
0.530612 0.0148787
0.535714 0.0162094
0.545918 0.017615
0.581633 0.0194538
0.533163 0.0214081
0.535714 0.0241075
0.494898 0.0267643
0.505102 0.027986
0.553571 0.0294782
0.571429 0.0303219
0.579082 0.0316567
0.553571 0.0328212
0.581633 0.0343852
0.584184 0.0359189
0.571429 0.0377694
0.545918 0.0387565
0.510204 0.0393121
0.510204 0.0394889
0.505102 0.0379385
0.535714 0.0360334
0.563776 0.0347541
0.553571 0.0346104
0.538265 0.0349228
0.515306 0.0355705
0.528061 0.0366551
0.461735 0.0383802
0.454082 0.0392233
0.405612 0.0402209
0.443878 0.0408363
0.428571 0.0418864
0.456633 0.0422267
0.502551 0.0435285
0.471939 0.044282
0.418367 0.0456725
0.392857 0.0482527
0.431122 0.0502134
0.487245 0.0518857
0.443878 0.0540278
0.413265 0.0562077
0.397959 0.05704
0.395408 0.058275
0.34949 0.0586598
0.346939 0.0583134
0.382653 0.0576249
0.410714 0.0561539
0.423469 0.0550785
0.494898 0.0548741
0.5 0.054942
0.512755 0.0540346
0.502551 0.0521307
0.561224 0.0500469
0.561224 0.0479499
0.528061 0.0455584
0.533163 0.0417456
0.55102 0.0381544
0.57398 0.0359022
0.635204 0.0334629
0.607143 0.0310946
0.517857 0.0293457
0.464286 0.0278627
0.433673 0.0257676
0.484694 0.0243696
0.558673 0.0238529
0.55102 0.0226537
0.59949 0.0208808
0.635204 0.0184653
0.563776 0.0167641
0.579082 0.014694
0.576531 0.0135367
0.55102 0.0127898
0.604592 0.0112645
0.655612 0.00944442
0.660714 0.00661409
0.668367 0.00418689
0.696429 0.00156233
0.673469 -0.000855825
0.653061 -0.00394127
0.668367 -0.00663912
0.65051 -0.00913021
0.67602 -0.0114642
0.721939 -0.0139393
0.706633 -0.0167423
0.747449 -0.0194884
0.744898 -0.0216386
0.770408 -0.0234308
0.752551 -0.0251558
0.729592 -0.0258889
0.747449 -0.025626
0.732143 -0.0248396
0.755102 -0.0237232
0.770408 -0.0234766
0.772959 -0.0234176
0.765306 -0.0231412
0.785714 -0.0233236
0.783163 -0.023846
0.762755 -0.0253204
0.772959 -0.0266324
0.755102 -0.0283413
0.704082 -0.0293036
0.783163 -0.0311298
0.821429 -0.0335818
0.844388 -0.0347431
0.852041 -0.0357771
0.831633 -0.0362328
0.755102 -0.0378448
0.783163 -0.0399962
0.760204 -0.0422397
0.714286 -0.0445534
0.752551 -0.0467418
0.755102 -0.0487129
0.788265 -0.0495282
0.788265 -0.0506951
0.72449 -0.0507571
0.688776 -0.0509541
0.762755 -0.051678
0.803571 -0.0526219
0.788265 -0.0526185
0.806122 -0.0529793
0.778061 -0.0534124
0.780612 -0.0541266
0.742347 -0.0548467
0.72449 -0.0558019
0.696429 -0.0565403
0.647959 -0.0570726
0.642857 -0.0581372
0.568878 -0.0599818
0.576531 -0.0613013
0.568878 -0.0620151
0.540816 -0.0617359
0.561224 -0.0613494
0.568878 -0.0606873
0.637755 -0.0605389
0.660714 -0.0614889
0.622449 -0.0618984
0.59949 -0.0629513
0.47449 -0.064387
0.512755 -0.0654773
0.464286 -0.0670139
0.446429 -0.0684066
0.418367 -0.0701819
0.497449 -0.0726266
0.535714 -0.0747869
0.538265 -0.0759352
0.622449 -0.0770653
0.642857 -0.0773126
0.612245 -0.0774192
0.622449 -0.0772606
0.604592 -0.0782757
0.617347 -0.0796819
0.604592 -0.0811892
0.586735 -0.0827876
0.609694 -0.0839257
0.65051 -0.0851891
0.622449 -0.0866136
0.642857 -0.0878836
0.655612 -0.0880434
0.591837 -0.0881744
0.558673 -0.0889984
0.545918 -0.0886861
0.571429 -0.0884777
0.553571 -0.0885447
0.545918 -0.0889974
0.571429 -0.0901953
0.548469 -0.0925145
0.520408 -0.0948381
0.520408 -0.0965089
0.591837 -0.0984883
0.522959 -0.100637
0.553571 -0.10251
0.517857 -0.104628
0.533163 -0.106938
0.55102 -0.108693
0.52551 -0.110087
0.561224 -0.110329
0.596939 -0.112039
0.602041 -0.113364
0.558673 -0.11419
0.584184 -0.115307
0.594388 -0.115604
0.57398 -0.115477
0.586735 -0.114772
0.568878 -0.113306
0.584184 -0.112
0.602041 -0.110526
0.563776 -0.109547
0.55102 -0.107828
0.528061 -0.105573
0.489796 -0.102607
0.502551 -0.100523
0.515306 -0.0992271
0.507653 -0.0979546
0.451531 -0.0972317
0.443878 -0.0970659
0.392857 -0.0973141
0.392857 -0.0985658
0.329082 -0.100138
0.354592 -0.10177
0.303571 -0.102941
0.392857 -0.103829
0.441327 -0.104481
0.456633 -0.104175
0.487245 -0.103925
0.477041 -0.1038
0.423469 -0.103358
0.410714 -0.10263
0.418367 -0.101492
0.405612 -0.100202
0.418367 -0.0995044
0.410714 -0.0996727
0.387755 -0.0994741
0.341837 -0.0998801
0.329082 -0.101655
0.382653 -0.102435
0.313776 -0.103649
0.290816 -0.104313
0.30102 -0.105493
0.308673 -0.107091
0.316327 -0.108629
0.341837 -0.109741
0.283163 -0.110411
0.290816 -0.110995
0.234694 -0.112364
0.257653 -0.114303
0.32398 -0.116626
0.367347 -0.119091
0.364796 -0.122578
0.372449 -0.125467
0.415816 -0.127196
0.359694 -0.129268
0.270408 -0.131084
0.262755 -0.132443
0.209184 -0.134546
0.267857 -0.135911
0.293367 -0.136861
0.285714 -0.137671
0.313776 -0.137263
0.341837 -0.136895
0.306122 -0.136541
0.336735 -0.135963
0.403061 -0.136122
0.410714 -0.135866
0.454082 -0.135373
0.471939 -0.135421
0.471939 -0.135535
0.502551 -0.134607
0.522959 -0.133479
0.522959 -0.133422
0.52551 -0.13242
0.568878 -0.132587
0.55102 -0.133075
0.568878 -0.13365
0.571429 -0.133648
0.586735 -0.133046
0.563776 -0.132274
0.619898 -0.132303
0.663265 -0.132501
0.658163 -0.132507
0.642857 -0.133029
0.632653 -0.133448
0.665816 -0.133307
0.655612 -0.133183
0.683673 -0.132045
0.645408 -0.130448
0.614796 -0.129582
0.673469 -0.129157
0.653061 -0.129633
0.663265 -0.129841
0.673469 -0.128679
0.653061 -0.126811
0.645408 -0.123678
0.691327 -0.121889
0.686224 -0.119636
0.732143 -0.117735
0.711735 -0.115401
0.716837 -0.113961
0.683673 -0.113245
0.683673 -0.112911
0.683673 -0.112526
0.660714 -0.112122
0.665816 -0.111647
0.59949 -0.111303
0.660714 -0.111714
0.658163 -0.111735
0.647959 -0.112548
0.622449 -0.113527
0.630102 -0.114272
0.617347 -0.114894
0.632653 -0.115823
0.637755 -0.11698
0.609694 -0.118091
0.658163 -0.118866
0.612245 -0.119288
0.619898 -0.120735
0.647959 -0.12218
0.617347 -0.123304
0.59949 -0.12371
0.604592 -0.123556
0.637755 -0.12406
0.67602 -0.124498
0.673469 -0.12544
0.604592 -0.126202
0.612245 -0.127246
0.640306 -0.128139
0.640306 -0.128872
0.665816 -0.12905
0.67602 -0.129342
0.640306 -0.130419
0.637755 -0.131729
0.642857 -0.133096
0.602041 -0.133845
0.625 -0.135115
0.607143 -0.13624
0.566327 -0.137508
0.625 -0.138035
0.609694 -0.139381
0.576531 -0.140285
0.558673 -0.140864
0.581633 -0.141548
0.594388 -0.14365
0.591837 -0.145637
0.609694 -0.146776
0.642857 -0.148472
0.686224 -0.148616
0.691327 -0.148329
0.719388 -0.148538
0.627551 -0.149219
0.663265 -0.151849
0.668367 -0.153643
0.609694 -0.155687
0.637755 -0.158608
0.596939 -0.160514
0.640306 -0.161702
0.653061 -0.164017
0.67602 -0.165766
0.701531 -0.167017
0.72449 -0.167431
0.737245 -0.168806
0.716837 -0.171686
0.732143 -0.174799
0.714286 -0.178699
0.688776 -0.183366
0.69898 -0.187311
0.737245 -0.191455
0.732143 -0.196696
0.727041 -0.201832
0.757653 -0.206476
0.732143 -0.21141
0.67602 -0.215303
0.655612 -0.218091
0.686224 -0.220565
0.683673 -0.223453
0.701531 -0.225179
0.72449 -0.226425
0.709184 -0.227469
0.719388 -0.228056
0.701531 -0.228178
0.701531 -0.22843
0.691327 -0.22713
0.69898 -0.226075
0.719388 -0.224873
0.704082 -0.224054
0.706633 -0.222638
0.701531 -0.221148
0.604592 -0.219915
0.655612 -0.219021
0.706633 -0.217794
0.739796 -0.216025
0.729592 -0.215305
0.732143 -0.214057
0.670918 -0.212356
0.658163 -0.211087
0.663265 -0.210138
0.65051 -0.208401
0.673469 -0.206767
0.668367 -0.205621
0.67602 -0.2048
0.647959 -0.204304
0.630102 -0.203708
0.59949 -0.202431
0.653061 -0.200179
0.670918 -0.197786
0.640306 -0.19713
0.586735 -0.196529
0.59949 -0.196969
0.553571 -0.196599
0.510204 -0.195228
0.528061 -0.193826
0.510204 -0.193789
0.507653 -0.193182
0.494898 -0.19282
0.502551 -0.192614
0.469388 -0.191984
0.487245 -0.190925
0.477041 -0.189133
0.512755 -0.188002
0.540816 -0.187518
0.55102 -0.187536
0.568878 -0.18687
0.545918 -0.186156
0.520408 -0.187382
0.52551 -0.188982
0.52551 -0.190827
0.494898 -0.191744
0.443878 -0.192997
0.451531 -0.194815
0.47449 -0.196715
0.403061 -0.198593
0.413265 -0.200155
0.420918 -0.201824
0.44898 -0.204195
0.443878 -0.206017
0.433673 -0.206932
0.423469 -0.208573
0.431122 -0.207914
0.431122 -0.207122
0.375 -0.207126
0.352041 -0.207405
0.283163 -0.208316
0.25 -0.209098
0.267857 -0.209691
0.283163 -0.209923
0.265306 -0.210656
0.260204 -0.210507
0.234694 -0.211283
0.298469 -0.212552
0.331633 -0.212956
0.247449 -0.212882
0.234694 -0.213894
0.211735 -0.21376
0.221939 -0.213025
0.278061 -0.212072
0.30102 -0.210455
0.313776 -0.208654
0.306122 -0.207161
0.262755 -0.205464
0.298469 -0.202638
0.270408 -0.200773
0.265306 -0.199831
0.285714 -0.197096
0.283163 -0.193726
0.17602 -0.19166
0.125 -0.188853
0.0637755 -0.18733
0.0510204 -0.186536
0.0714286 -0.186086
0.0816327 -0.185194
0.112245 -0.182899
0.0994898 -0.180337
0.147959 -0.178564
0.145408 -0.175938
0.0663265 -0.173333
0.0816327 -0.17153
0.122449 -0.1689
0.112245 -0.166373
0.0867347 -0.164141
0.142857 -0.161518
0.0892857 -0.157875
0.0510204 -0.155284
0.125 -0.153867
0.0408163 -0.151944
0.0255102 -0.149288
0.0255102 -0.146575
0.0229592 -0.143818
0.0408163 -0.140718
0.0357143 -0.13659
0.0229592 -0.131814
0.0382653 -0.12642
0.00765306 -0.121012
0.0153061 -0.116085
0.0331633 -0.111727
0.0739796 -0.106622
0.0892857 -0.102735
0.104592 -0.0992845
0.125 -0.095768
0.135204 -0.0921042
0.137755 -0.0882839
0.165816 -0.0835671
0.221939 -0.0797434
0.188776 -0.0764267
0.173469 -0.0725312
0.142857 -0.0693456
0.15051 -0.0673102
0.155612 -0.0653851
0.140306 -0.0633664
0.114796 -0.0613019
0.0510204 -0.0601906
0.0790816 -0.0597146
0.132653 -0.0591755
0.107143 -0.0588704
0.119898 -0.0594159
0.0816327 -0.0585568
0.147959 -0.0572611
0.109694 -0.0563207
0.0535714 -0.0562273
0.140306 -0.0573806
0.125 -0.0596219
0.155612 -0.0614439
0.153061 -0.0638453
0.206633 -0.0655174
0.201531 -0.06813
0.22449 -0.0713937
0.216837 -0.0750338
0.19898 -0.0780033
0.153061 -0.080488
0.219388 -0.0822916
0.25 -0.0848674
0.219388 -0.0869158
0.219388 -0.088382
0.272959 -0.0900182
0.285714 -0.0909142
0.326531 -0.0899428
0.331633 -0.0893024
0.318878 -0.0905186
0.272959 -0.0921816
0.30102 -0.0938571
0.290816 -0.0955036
0.255102 -0.0978621
0.237245 -0.0997921
0.334184 -0.101452
0.308673 -0.102297
0.321429 -0.103113
0.311224 -0.104156
0.326531 -0.104575
0.290816 -0.105904
0.260204 -0.10704
0.252551 -0.108381
0.188776 -0.109503
0.181122 -0.110417
0.196429 -0.111014
0.227041 -0.111293
0.270408 -0.111559
0.211735 -0.111295
0.160714 -0.110441
0.181122 -0.110341
0.145408 -0.110721
0.173469 -0.110276
0.117347 -0.10929
0.0688776 -0.108567
0.0688776 -0.108214
0.102041 -0.107715
0.142857 -0.108251
0.109694 -0.109063
0.0433673 -0.108603
0.0561224 -0.107483
0.0510204 -0.107341
0.00255102 -0.108956
0.00510204 -0.108967
0.0153061 -0.108269
0.0663265 -0.108561
0.130102 -0.108636
0.181122 -0.110079
0.285714 -0.111391
0.288265 -0.110555
0.295918 -0.110041
0.272959 -0.109219
0.183673 -0.109394
0.142857 -0.109995
0.137755 -0.110206
0.15051 -0.110814
0.142857 -0.111932
0.0918367 -0.113087
0.0969388 -0.113912
0.0714286 -0.114389
0.0612245 -0.113486
0.0867347 -0.11221
0.0790816 -0.113431
0.127551 -0.113937
0.102041 -0.11518
0.0816327 -0.117416
0.0841837 -0.119299
0.0586735 -0.120828
0.0918367 -0.121006
0.0994898 -0.120095
0.158163 -0.119249
0.163265 -0.118119
0.158163 -0.117415
0.140306 -0.116903
0.153061 -0.116512
0.214286 -0.116021
0.252551 -0.114878
0.214286 -0.114261
0.165816 -0.112866
0.114796 -0.11257
0.132653 -0.110942
0.153061 -0.10951
0.178571 -0.108953
0.173469 -0.107336
0.201531 -0.105463
0.206633 -0.103307
0.196429 -0.100686
0.173469 -0.0983247
0.211735 -0.0956835
0.135204 -0.0932069
0.127551 -0.0914825
0.145408 -0.0891461
0.0892857 -0.0863457
0.0841837 -0.0832612
0.0994898 -0.0792265
0.0739796 -0.0745157
0.0765306 -0.0693614
0.0867347 -0.0640027
0.0969388 -0.0593446
0.0816327 -0.0540684
0.0102041 -0.0486099
0.0331633 -0.0429303
0.0790816 -0.0376205
0.109694 -0.0331097
0.112245 -0.0285821
0.0816327 -0.0232959
0.0841837 -0.0181438
0.0714286 -0.0133713
0.109694 -0.00897517
0.0739796 -0.00556629
0.0102041 -0.00137304
0.0433673 0.00325267
0.0229592 0.00739985
0.0535714 0.0110061
0.0306122 0.0144454
0.0331633 0.0193145
0.0535714 0.0238107
0.0663265 0.0283332
0.125 0.0330952
0.114796 0.0374977
0.102041 0.0415637
0.142857 0.0463427
0.112245 0.0506719
0.117347 0.0558379
0.112245 0.0611044
0.0637755 0.0662964
0.0867347 0.069474
0.125 0.0724378
0.140306 0.0760298
0.140306 0.0806843
0.160714 0.0863199
0.183673 0.0922061
0.142857 0.0974656
0.165816 0.10186
0.178571 0.106813
0.201531 0.111764
0.227041 0.116082
0.255102 0.120025
0.308673 0.123918
0.321429 0.129159
0.306122 0.133972
0.341837 0.139135
0.290816 0.144834
0.22449 0.151052
0.285714 0.15679
0.27551 0.163092
0.252551 0.168834
0.295918 0.174493
0.278061 0.180791
0.308673 0.186679
0.280612 0.193047
0.308673 0.198515
0.318878 0.203848
0.367347 0.208071
0.408163 0.212216
0.390306 0.217661
0.395408 0.222441
0.354592 0.226672
0.331633 0.23108
0.303571 0.237625
0.298469 0.243977
0.293367 0.249933
0.369898 0.255829
0.362245 0.261271
0.344388 0.266107
0.344388 0.271833
0.387755 0.2776
0.413265 0.282955
0.408163 0.287466
0.413265 0.293856
0.339286 0.298997
0.316327 0.304825
0.344388 0.310653
0.354592 0.316882
0.331633 0.324557
0.316327 0.330814
0.316327 0.336
0.244898 0.339938
0.186224 0.343424
0.114796 0.346775
0.130102 0.350238
0.147959 0.354054
0.0688776 0.358349
0.0535714 0.362855
0.104592 0.367845
0.107143 0.373483
0.114796 0.379152
0.158163 0.385286
0.132653 0.391651
0.107143 0.396915
0.0688776 0.400589
0.0867347 0.403794
0.0459184 0.408081
0.0306122 0.412278
0.0102041 0.414808
0.0102041 0.417716
0.0178571 0.421132
0.0535714 0.422905
0.0790816 0.423761
0.147959 0.424439
0.201531 0.426196
0.15051 0.428608
0.114796 0.431136
0.0510204 0.433405
0.132653 0.435722
0.142857 0.437537
0.0841837 0.439547
0.109694 0.441716
0.0535714 0.443103
0.0255102 0.444148
0.0229592 0.445148
0.0765306 0.447657
0.00255102 0.448688
0.0255102 0.448929
0.0459184 0.448667
0.0510204 0.448104
0.0969388 0.446414
0.0229592 0.443955
0.00765306 0.442516
0 0.441462
0.0790816 0.439079
0.132653 0.437018
0.0714286 0.434088
0.0918367 0.430959
0.114796 0.429385
0.160714 0.427445
0.278061 0.424697
0.267857 0.422086
0.272959 0.41945
0.267857 0.417873
0.272959 0.416502
0.352041 0.412785
0.34949 0.408066
0.27551 0.402522
0.267857 0.397178
0.262755 0.391606
0.219388 0.386284
0.303571 0.382643
0.308673 0.379044
0.303571 0.374998
0.278061 0.370815
0.27551 0.366847
0.27551 0.363152
0.303571 0.359256
0.306122 0.354854
0.316327 0.350426
0.387755 0.346571
0.375 0.343673
0.413265 0.34023
0.375 0.336138
0.377551 0.33325
0.397959 0.331339
0.466837 0.329245
0.47449 0.327395
0.47449 0.32643
0.461735 0.326643
0.454082 0.327098
0.387755 0.327016
0.377551 0.32757
0.403061 0.326758
0.392857 0.3264
0.408163 0.327843
0.420918 0.329629
0.433673 0.331187
0.40051 0.332645
0.375 0.334451
0.362245 0.336208
0.369898 0.338771
0.403061 0.341726
0.408163 0.344812
0.420918 0.348229
0.446429 0.351811
0.42602 0.354628
0.367347 0.357377
0.311224 0.359345
0.303571 0.361367
0.306122 0.364249
0.255102 0.367301
0.214286 0.370266
0.216837 0.373011
0.206633 0.375456
0.25 0.3772
0.204082 0.379358
0.234694 0.381351
0.163265 0.382875
0.204082 0.383959
0.204082 0.38486
0.237245 0.385836
0.15051 0.385944
0.204082 0.384334
0.201531 0.384303
0.191327 0.383941
0.191327 0.383656
0.229592 0.38388
0.173469 0.383699
0.160714 0.38284
0.135204 0.382601
0.191327 0.382726
0.232143 0.382867
0.221939 0.382007
0.280612 0.381736
0.280612 0.381395
0.311224 0.380677
0.364796 0.380496
0.385204 0.380857
0.410714 0.38037
0.413265 0.380861
0.423469 0.38271
0.364796 0.384633
0.362245 0.386341
0.392857 0.386823
0.403061 0.386808
0.408163 0.385765
0.443878 0.384966
0.451531 0.383372
0.497449 0.380759
0.543367 0.377923
0.520408 0.375051
0.568878 0.372508
0.635204 0.368594
0.637755 0.365347
0.586735 0.361969
0.65051 0.357858
0.686224 0.354943
0.658163 0.351897
0.645408 0.347535
0.627551 0.343984
0.640306 0.339865
0.658163 0.337458
0.642857 0.335465
0.696429 0.332845
0.670918 0.329534
0.701531 0.327093
0.668367 0.324135
0.734694 0.322345
0.760204 0.321817
0.742347 0.320834
0.691327 0.319999
0.727041 0.318486
0.734694 0.316783
0.69898 0.316239
0.658163 0.31509
0.665816 0.313526
0.67602 0.31237
0.693878 0.311068
0.691327 0.308153
0.72449 0.303662
0.742347 0.299824
0.760204 0.295241
0.757653 0.290135
0.816327 0.285657
0.836735 0.282171
0.739796 0.279718
0.757653 0.277703
0.760204 0.275557
0.732143 0.273259
0.69898 0.270843
0.696429 0.267768
0.630102 0.265953
0.645408 0.263836
0.670918 0.261478
0.660714 0.259734
0.668367 0.257433
0.660714 0.255278
0.653061 0.252525
0.714286 0.249338
0.683673 0.246106
0.727041 0.243031
0.729592 0.241406
0.706633 0.238899
0.681122 0.237279
0.65051 0.236173
0.614796 0.236017
0.653061 0.234803
0.625 0.233472
0.668367 0.231269
0.647959 0.229881
0.642857 0.228384
0.622449 0.226043
0.635204 0.223697
0.640306 0.221101
0.647959 0.2186
0.668367 0.216011
0.655612 0.214378
0.640306 0.21367
0.617347 0.213497
0.614796 0.213452
0.635204 0.212339
0.607143 0.210669
0.586735 0.208514
0.57398 0.20667
0.55102 0.204683
0.584184 0.202699
0.52551 0.201383
0.556122 0.201624
0.57398 0.201518
0.576531 0.201711
0.55102 0.201659
0.543367 0.201913
0.510204 0.201914
0.522959 0.20368
0.568878 0.204772
0.556122 0.20435
0.566327 0.205076
0.609694 0.207149
0.607143 0.209814
0.581633 0.211837
0.563776 0.213628
0.515306 0.216577
0.418367 0.219916
0.441327 0.222483
0.405612 0.225687
0.395408 0.229187
0.390306 0.23184
0.420918 0.234455
0.438776 0.237501
0.405612 0.240902
0.436224 0.245503
0.436224 0.249465
0.408163 0.252494
0.405612 0.254081
0.403061 0.254903
0.395408 0.256162
0.346939 0.256814
0.308673 0.259118
0.339286 0.261066
0.341837 0.263449
0.316327 0.266205
0.326531 0.269014
0.369898 0.271781
0.408163 0.275571
0.433673 0.278866
0.364796 0.282307
0.336735 0.284357
0.298469 0.286545
0.30102 0.288812
0.252551 0.290956
0.27551 0.292761
0.285714 0.294643
0.32398 0.297158
0.290816 0.300413
0.329082 0.303121
0.329082 0.30678
0.339286 0.308367
0.362245 0.309046
0.331633 0.309415
0.298469 0.308356
0.260204 0.307929
0.244898 0.307516
0.25 0.308606
0.30102 0.309546
0.354592 0.311764
0.415816 0.315149
0.359694 0.317267
0.362245 0.318943
0.433673 0.319754
0.515306 0.320584
0.484694 0.321515
0.497449 0.323976
0.512755 0.327399
0.433673 0.33112
0.456633 0.334279
0.438776 0.336672
0.492347 0.338126
0.520408 0.338997
0.566327 0.340117
0.665816 0.343266
0.65051 0.346485
0.622449 0.351025
0.607143 0.3541
0.576531 0.356215
0.579082 0.357029
0.625 0.359586
0.584184 0.361251
0.594388 0.361878
0.584184 0.362156
0.571429 0.361504
0.602041 0.359632
0.609694 0.357208
0.645408 0.354464
0.670918 0.351437
0.635204 0.347786
0.625 0.343751
0.57398 0.339125
0.622449 0.335384
0.617347 0.332606
0.612245 0.329836
0.627551 0.327109
0.660714 0.323424
0.625 0.320369
0.663265 0.318184
0.681122 0.317411
0.681122 0.315581
0.719388 0.313197
0.716837 0.312077
0.691327 0.310357
0.670918 0.309418
0.630102 0.308324
0.609694 0.307955
0.545918 0.308019
0.533163 0.3086
0.484694 0.309971
0.568878 0.31274
0.568878 0.314646
0.612245 0.316782
0.545918 0.318992
0.505102 0.319664
0.512755 0.319929
0.494898 0.320747
0.484694 0.320768
0.515306 0.321199
0.497449 0.321448
0.540816 0.32218
0.545918 0.322673
0.627551 0.323681
0.637755 0.326163
0.584184 0.328292
0.586735 0.330719
0.591837 0.332614
0.59949 0.334268
0.632653 0.33561
0.627551 0.337215
0.635204 0.337709
0.660714 0.337421
0.668367 0.336941
0.658163 0.336813
0.604592 0.337454
0.571429 0.337934
0.594388 0.338755
0.640306 0.340859
0.627551 0.343278
0.632653 0.343954
0.622449 0.342931
0.614796 0.343016
0.586735 0.343807
0.563776 0.34503
0.604592 0.346021
0.630102 0.344867
0.581633 0.345702
0.579082 0.345634
0.632653 0.345808
0.658163 0.346688
0.647959 0.346703
0.67602 0.345883
0.65051 0.345
0.65051 0.343351
0.640306 0.342546
0.663265 0.342963
0.69898 0.343689
0.673469 0.344101
0.655612 0.343638
0.625 0.343626
0.678571 0.34326
0.658163 0.343331
0.706633 0.343939
0.686224 0.344414
0.737245 0.345198
0.732143 0.34724
0.688776 0.347883
0.658163 0.346951
0.678571 0.34649
0.632653 0.347211
0.563776 0.349524
0.545918 0.350395
0.530612 0.351198
0.520408 0.352278
0.596939 0.353161
0.617347 0.351826
0.645408 0.350287
0.632653 0.34847
0.673469 0.347912
0.704082 0.347665
0.704082 0.347167
0.660714 0.344597
0.635204 0.342766
0.619898 0.342952
0.627551 0.342571
0.635204 0.34206
0.658163 0.341175
0.640306 0.340175
0.688776 0.339762
0.686224 0.339735
0.647959 0.338788
0.630102 0.338201
0.617347 0.336941
0.663265 0.334985
0.670918 0.333464
0.622449 0.332258
0.596939 0.331019
0.515306 0.328555
0.479592 0.326773
0.533163 0.324364
0.510204 0.322934
0.469388 0.322226
0.413265 0.319987
0.372449 0.31654
0.377551 0.311898
0.390306 0.307352
0.369898 0.302329
0.40051 0.297282
0.431122 0.291717
0.387755 0.288291
0.339286 0.284071
0.346939 0.280979
0.354592 0.27883
0.255102 0.276662
0.244898 0.275035
0.242347 0.272951
0.30102 0.270369
0.298469 0.267779
0.293367 0.264649
0.306122 0.26203
0.293367 0.258044
0.308673 0.2535
0.344388 0.24789
0.339286 0.24226
0.339286 0.238304
0.364796 0.233792
0.359694 0.229579
0.395408 0.226316
0.420918 0.220832
0.413265 0.214869
0.408163 0.207846
0.408163 0.201024
0.441327 0.194501
0.454082 0.188809
0.517857 0.183042
0.55102 0.178866
0.571429 0.172957
0.604592 0.169232
0.607143 0.166768
0.637755 0.164781
0.619898 0.16227
0.596939 0.159669
0.568878 0.156577
0.563776 0.153178
0.609694 0.148933
0.533163 0.14643
0.502551 0.142038
0.459184 0.13712
0.405612 0.130893
0.415816 0.124174
0.44898 0.118392
0.489796 0.113099
0.502551 0.108275
0.494898 0.10363
0.515306 0.100612
0.584184 0.0967707
0.558673 0.0936622
0.568878 0.089165
0.545918 0.0839074
0.538265 0.0795226
0.586735 0.0749759
0.586735 0.0706047
0.581633 0.0663677
0.533163 0.0611866
0.471939 0.0560776
0.492347 0.0522582
0.556122 0.0485159
0.545918 0.0448053
0.515306 0.0416966
0.55102 0.0382255
0.510204 0.0326706
0.44898 0.0270069
0.397959 0.0212608
0.418367 0.0155617
0.423469 0.0107807
0.469388 0.00646211
0.522959 0.00178207
0.548469 -0.000969203
0.594388 -0.00456018
0.632653 -0.00703049
0.576531 -0.00810368
0.602041 -0.00872294
0.591837 -0.00997586
0.52551 -0.012952
0.528061 -0.0160753
0.522959 -0.0179216
0.515306 -0.0201723
0.494898 -0.0225128
0.497449 -0.0247179
0.489796 -0.0260439
0.484694 -0.0272474
0.522959 -0.0289801
0.464286 -0.0290189
0.479592 -0.0295539
0.520408 -0.0307981
0.456633 -0.0315315
0.410714 -0.0314586
0.377551 -0.0317494
0.354592 -0.0317335
0.318878 -0.0331977
0.201531 -0.0341211
0.163265 -0.0358633
0.257653 -0.0376292
0.244898 -0.0389121
0.17602 -0.0404716
0.178571 -0.0419051
0.153061 -0.041687
0.125 -0.042069
0.0765306 -0.0410816
0.0969388 -0.0404905
0.135204 -0.0395503
0.173469 -0.0382387
0.147959 -0.0377487
0.0714286 -0.0364564
0.0535714 -0.037
0.0102041 -0.0377386
0.0204082 -0.0385166
0.0484694 -0.0375556
0.0178571 -0.0367333
0.0382653 -0.0372139
0.0433673 -0.0367422
0.0510204 -0.0374745
0.102041 -0.0371518
0.0841837 -0.0371714
0.104592 -0.0359898
0.0892857 -0.0357902
0.0280612 -0.0356845
0.0102041 -0.0352342
0.00255102 -0.0357819
0.0127551 -0.03582
0.0663265 -0.0356874
0.0561224 -0.0358152
0.0535714 -0.0373596
0.0586735 -0.0387146
0.0994898 -0.0392394
0.0994898 -0.0380314
0.132653 -0.0364647
0.127551 -0.0364439
0.158163 -0.0382277
0.183673 -0.0405428
0.227041 -0.0425883
0.170918 -0.0462008
0.183673 -0.050213
0.283163 -0.0540531
0.311224 -0.0570867
0.255102 -0.0593705
0.260204 -0.0624542
0.262755 -0.0651826
0.336735 -0.067473
0.346939 -0.0684553
0.331633 -0.0692027
0.375 -0.0711558
0.375 -0.0721603
0.387755 -0.0728679
0.380102 -0.072321
0.40051 -0.0717914
0.405612 -0.071877
0.387755 -0.0708082
0.392857 -0.0692494
0.454082 -0.0678555
0.443878 -0.0656539
0.375 -0.0637131
0.403061 -0.0618877
0.405612 -0.0606246
0.428571 -0.0605871
0.433673 -0.0609401
0.42602 -0.0612937
0.443878 -0.0603552
0.403061 -0.0598094
0.392857 -0.0598854
0.341837 -0.0597176
0.385204 -0.0613242
0.390306 -0.0634443
0.359694 -0.0659831
0.341837 -0.0701947
0.341837 -0.074145
0.318878 -0.0776422
0.346939 -0.080186
0.413265 -0.0846207
0.405612 -0.0885864
0.420918 -0.0932102
0.377551 -0.0962743
0.418367 -0.0989443
0.395408 -0.100392
0.375 -0.101106
0.329082 -0.100103
0.403061 -0.0986542
0.441327 -0.0964933
0.423469 -0.0949455
0.377551 -0.0919333
0.377551 -0.0881731
0.413265 -0.085686
0.446429 -0.0819357
0.438776 -0.0776644
0.423469 -0.0740618
0.418367 -0.0700924
0.362245 -0.0645395
0.456633 -0.0602213
0.461735 -0.0556619
0.459184 -0.0485371
0.471939 -0.0419642
0.482143 -0.0356752
0.512755 -0.028463
0.512755 -0.0212163
0.512755 -0.014558
0.528061 -0.00845652
0.530612 -0.00131804
0.461735 0.00648657
0.469388 0.0124978
0.487245 0.0183751
0.454082 0.0246145
0.44898 0.0330365
0.507653 0.0400217
0.502551 0.0490501
0.489796 0.0572647
0.484694 0.0637995
0.454082 0.0706408
0.42602 0.0775609
0.47449 0.08378
0.502551 0.0890316
0.52551 0.0936953
0.561224 0.0993304
0.579082 0.104928
0.502551 0.109921
0.436224 0.116118
0.482143 0.121468
0.558673 0.127825
0.591837 0.134297
0.622449 0.139815
0.658163 0.144576
0.635204 0.148578
0.645408 0.153356
0.681122 0.159716
0.688776 0.163965
0.681122 0.168729
0.658163 0.173701
0.647959 0.176548
0.645408 0.179422
0.607143 0.182945
0.584184 0.185629
0.604592 0.189014
0.540816 0.193087
0.581633 0.196133
0.591837 0.20063
0.586735 0.204004
0.602041 0.20696
0.558673 0.209732
0.540816 0.212134
0.497449 0.215131
0.5 0.21669
0.451531 0.217787
0.482143 0.217073
0.507653 0.216569
0.494898 0.216729
0.530612 0.217142
0.528061 0.218458
0.520408 0.218086
0.528061 0.218337
0.487245 0.21893
0.479592 0.220234
0.47449 0.219344
0.431122 0.217481
0.346939 0.215417
0.369898 0.213429
0.364796 0.209412
0.40051 0.206221
0.415816 0.204851
0.423469 0.203646
0.477041 0.201623
0.5 0.19999
0.471939 0.197589
0.469388 0.195512
0.436224 0.19422
0.494898 0.192676
0.507653 0.193006
0.40051 0.194113
0.395408 0.193945
0.380102 0.193849
0.443878 0.192581
0.477041 0.192405
0.469388 0.191143
0.431122 0.190114
0.395408 0.188143
0.392857 0.184841
0.336735 0.181561
0.295918 0.179902
0.311224 0.177599
0.293367 0.175183
0.288265 0.172751
0.247449 0.170473
0.183673 0.167457
0.178571 0.162951
0.0765306 0.159307
0.0739796 0.154396
0.0535714 0.148446
0.0867347 0.142767
0.0612245 0.135075
0.112245 0.128378
0.0969388 0.123331
0.0535714 0.118168
0.0459184 0.112575
0.0790816 0.108291
0.0535714 0.104271
0.0102041 0.10067
0.0586735 0.0962795
0.104592 0.090741
0.0994898 0.0860748
0.0586735 0.0824239
0.0765306 0.0791841
0.0561224 0.07649
0 0.0740816
0.0153061 0.071173
0.00255102 0.0673342
0.00510204 0.0637854
0.0255102 0.06054
0.0714286 0.058838
0.0790816 0.0565942
0.0994898 0.0558099
0.142857 0.0568944
0.107143 0.0572386
0.0127551 0.0558908
0.00255102 0.0548116
0.00255102 0.0538611
0.00255102 0.0527277
0.0255102 0.0507844
0.0408163 0.0485004
0.0229592 0.0471088
0.0408163 0.0432803
0.0663265 0.0396328
0.114796 0.0361481
0.130102 0.0319225
0.165816 0.0279419
0.191327 0.024014
0.265306 0.0194858
0.22449 0.0167859
0.237245 0.0141215
0.227041 0.0117477
0.204082 0.00961468
0.165816 0.00760174
0.186224 0.00564197
0.214286 0.00294135
0.278061 0.000222433
0.290816 -0.00214503
0.272959 -0.00416422
0.311224 -0.00673177
0.380102 -0.0101476
0.387755 -0.0119418
0.339286 -0.0145985
0.334184 -0.0176426
0.336735 -0.0213262
0.329082 -0.0244503
0.346939 -0.0261011
0.362245 -0.0283313
0.395408 -0.030414
0.392857 -0.0320377
0.433673 -0.0319701
0.451531 -0.0321107
0.423469 -0.0302701
0.403061 -0.0289551
0.397959 -0.0279191
0.436224 -0.0258439
0.438776 -0.0244071
0.438776 -0.0228305
0.372449 -0.0220424
0.42602 -0.0214938
0.459184 -0.0205044
0.44898 -0.0198196
0.456633 -0.0197753
0.454082 -0.020774
0.443878 -0.0219086
0.42602 -0.0242234
0.438776 -0.0263612
0.410714 -0.0296947
0.431122 -0.0324757
0.40051 -0.0343366
0.428571 -0.0368245
0.459184 -0.0386627
0.492347 -0.040977
0.494898 -0.0415332
0.510204 -0.0430225
0.586735 -0.0450313
0.566327 -0.0444196
0.540816 -0.0437915
0.543367 -0.0439692
0.482143 -0.0426732
0.52551 -0.0414819
0.548469 -0.0406991
0.469388 -0.0383771
0.489796 -0.0358916
0.484694 -0.0332687
0.482143 -0.0308861
0.44898 -0.0282615
0.428571 -0.0263549
0.413265 -0.0236581
0.372449 -0.0197659
0.387755 -0.016893
0.377551 -0.0143635
0.415816 -0.0126266
0.405612 -0.011346
0.461735 -0.0107778
0.410714 -0.0106704
0.372449 -0.0117955
0.423469 -0.0133247
0.392857 -0.0151775
0.433673 -0.0177574
0.456633 -0.0212994
0.418367 -0.0233313
0.405612 -0.0259798
0.436224 -0.0291284
0.451531 -0.03071
0.482143 -0.031949
0.464286 -0.0341559
0.489796 -0.0356383
0.548469 -0.0376442
0.545918 -0.0377981
0.497449 -0.0389526
0.494898 -0.0408082
0.487245 -0.0425094
0.443878 -0.0432209
0.438776 -0.0441121
0.44898 -0.0454727
0.479592 -0.0472038
0.410714 -0.0492473
0.397959 -0.0494548
0.428571 -0.0500807
0.395408 -0.049821
0.446429 -0.0498107
0.423469 -0.0514005
0.395408 -0.0525427
0.418367 -0.0539303
0.443878 -0.0549848
0.469388 -0.0554978
0.466837 -0.0557057
0.418367 -0.0554252
0.438776 -0.054814
0.428571 -0.0536802
0.433673 -0.0512461
0.438776 -0.0481201
0.415816 -0.045829
0.482143 -0.0425281
0.538265 -0.036685
0.581633 -0.0324079
0.533163 -0.028156
0.461735 -0.0231732
0.431122 -0.0183915
0.405612 -0.0147555
0.420918 -0.011511
0.382653 -0.00791076
0.32398 -0.00311448
0.285714 0.000679507
0.288265 0.00498673
0.255102 0.00909018
0.270408 0.01347
0.295918 0.0187394
0.272959 0.0266796
0.278061 0.0342854
0.25 0.0430667
0.334184 0.0519083
0.344388 0.0596775
0.306122 0.0684059
0.283163 0.0783351
0.219388 0.0864813
0.265306 0.092391
0.288265 0.0970407
0.209184 0.101172
0.165816 0.105492
0.173469 0.108531
0.140306 0.111022
0.137755 0.112801
0.153061 0.114069
0.214286 0.115182
0.193878 0.116115
0.19898 0.11892
0.188776 0.120588
0.170918 0.12227
0.178571 0.124991
0.19898 0.127654
0.193878 0.13299
0.239796 0.138075
0.313776 0.144945
0.30102 0.152151
0.308673 0.157861
0.265306 0.16442
0.181122 0.167516
0.186224 0.170864
0.221939 0.173728
0.211735 0.176614
0.196429 0.179512
0.188776 0.182052
0.178571 0.183879
0.183673 0.186421
0.186224 0.18587
0.209184 0.185679
0.239796 0.185209
0.22449 0.185852
0.234694 0.18586
0.311224 0.187564
0.303571 0.192519
0.331633 0.196566
0.308673 0.200087
0.290816 0.204753
0.295918 0.208422
0.397959 0.213063
0.364796 0.219123
0.364796 0.225727
0.339286 0.231784
0.352041 0.237953
0.372449 0.244276
0.311224 0.250704
0.201531 0.257391
0.237245 0.263332
0.244898 0.269331
0.227041 0.274904
0.260204 0.277892
0.265306 0.282084
0.30102 0.287625
0.308673 0.292859
0.329082 0.297554
0.283163 0.303502
0.311224 0.307942
0.27551 0.310738
0.298469 0.312818
0.280612 0.314171
0.311224 0.314397
0.308673 0.316564
0.303571 0.318943
0.306122 0.321905
0.313776 0.324953
0.331633 0.327939
0.308673 0.330128
0.308673 0.333496
0.262755 0.337356
0.234694 0.339011
0.165816 0.339181
0.221939 0.338678
0.196429 0.338531
0.196429 0.339033
0.201531 0.338642
0.163265 0.337507
0.145408 0.335854
0.132653 0.334856
0.0867347 0.332638
0.0586735 0.329678
0.00765306 0.325748
0.0637755 0.320628
0.0714286 0.315389
0.132653 0.312775
0.168367 0.31006
0.0994898 0.30758
0.0612245 0.304974
0.0127551 0.303352
0.0280612 0.299801
0.0510204 0.296502
0.0663265 0.293207
0.132653 0.289206
0.122449 0.287697
0.165816 0.288149
0.196429 0.288131
0.173469 0.289102
0.201531 0.28888
0.165816 0.289048
0.193878 0.289739
0.181122 0.291265
0.135204 0.294078
0.0969388 0.296015
0.140306 0.298256
0.102041 0.302294
0.0969388 0.305705
0.165816 0.309937
0.193878 0.31367
0.17602 0.317556
0.135204 0.321206
0.125 0.324569
0.0918367 0.326517
0.127551 0.328373
0.155612 0.332524
0.132653 0.337108
0.153061 0.339064
0.122449 0.343637
0.0153061 0.345915
0.0229592 0.346032
0.00510204 0.344979
0.00510204 0.345675
0.0612245 0.344694
0.00255102 0.343518
0.0459184 0.34091
0.00765306 0.337309
0.00765306 0.332289
0.00255102 0.329681
0.00510204 0.32596
0.0408163 0.32339
0.109694 0.320969
0.0612245 0.319115
0.0357143 0.317474
0.0994898 0.315398
0.0612245 0.31561
0.0459184 0.314668
0.0255102 0.311844
0.0969388 0.309788
0.0994898 0.307544
0.135204 0.306725
0.125 0.306276
0.130102 0.30532
0.135204 0.305495
0.135204 0.304956
0.142857 0.301839
0.145408 0.298678
0.132653 0.29433
0.183673 0.291239
0.209184 0.289855
0.260204 0.287195
0.232143 0.286281
0.173469 0.286012
0.227041 0.282369
0.244898 0.278369
0.234694 0.273996
0.206633 0.268877
0.247449 0.262757
0.265306 0.258163
0.239796 0.253427
0.311224 0.24774
0.344388 0.245356
0.329082 0.244202
0.346939 0.241542
0.385204 0.23861
0.423469 0.235067
0.385204 0.233722
0.288265 0.229638
0.40051 0.226333
0.352041 0.226534
0.336735 0.22583
0.285714 0.224676
0.329082 0.22237
0.339286 0.219003
0.341837 0.216477
0.392857 0.21474
0.357143 0.21484
0.336735 0.215494
0.405612 0.214247
0.329082 0.21303
0.395408 0.211714
0.329082 0.212554
0.359694 0.213235
0.334184 0.21471
0.341837 0.2122
0.32398 0.211973
0.308673 0.212494
0.283163 0.211633
0.364796 0.20951
0.313776 0.208702
0.341837 0.20791
0.32398 0.207339
0.280612 0.205024
0.32398 0.202976
0.32398 0.201844
0.316327 0.199107
0.285714 0.194346
0.298469 0.188444
0.25 0.184989
0.232143 0.179772
0.216837 0.171996
0.229592 0.16521
0.219388 0.157939
0.204082 0.150006
0.191327 0.143406
0.255102 0.137381
0.272959 0.132271
0.285714 0.126244
0.270408 0.121605
0.252551 0.113758
0.242347 0.104492
0.265306 0.0956803
0.252551 0.0854493
0.219388 0.0738147
0.288265 0.0620054
0.372449 0.0507086
0.362245 0.0410751
0.375 0.0338569
0.354592 0.0275862
0.34949 0.0217291
0.436224 0.0128729
0.431122 0.00554453
0.436224 -0.00029011
0.392857 -0.00708795
0.385204 -0.0122935
0.397959 -0.0176179
0.380102 -0.022653
0.405612 -0.0273903
0.372449 -0.0347258
0.392857 -0.0447469
0.306122 -0.0537334
0.267857 -0.0624862
0.27551 -0.0707541
0.288265 -0.0799144
0.191327 -0.0895003
0.183673 -0.0998116
0.298469 -0.110605
0.267857 -0.117787
0.290816 -0.126473
0.260204 -0.135309
0.186224 -0.146249
0.160714 -0.160596
0.145408 -0.176769
0.127551 -0.191652
0.140306 -0.206735
0.178571 -0.222279
0.219388 -0.235734
0.290816 -0.249493
0.285714 -0.260021
0.313776 -0.271073
0.341837 -0.281349
0.306122 -0.291878
0.272959 -0.302936
0.357143 -0.314557
0.346939 -0.326004
0.397959 -0.337912
0.438776 -0.345787
0.410714 -0.352976
0.413265 -0.360299
0.405612 -0.366492
0.438776 -0.371646
0.469388 -0.375812
0.466837 -0.380361
0.456633 -0.383307
0.471939 -0.384742
0.464286 -0.386231
0.456633 -0.38614
0.451531 -0.385626
0.477041 -0.386095
0.466837 -0.384957
0.512755 -0.385306
0.484694 -0.385033
0.446429 -0.383037
0.385204 -0.382684
0.405612 -0.382808
0.397959 -0.384937
0.397959 -0.386809
0.382653 -0.386922
0.40051 -0.387718
0.367347 -0.386631
0.415816 -0.386519
0.44898 -0.385831
0.403061 -0.38489
0.47449 -0.386059
0.510204 -0.384853
0.505102 -0.380556
0.505102 -0.377686
0.487245 -0.374989
0.492347 -0.368843
0.484694 -0.365026
0.456633 -0.359695
0.451531 -0.356666
0.446429 -0.354238
0.403061 -0.349832
0.461735 -0.349243
0.477041 -0.34764
0.471939 -0.347682
0.42602 -0.347849
0.413265 -0.348023
0.469388 -0.348614
0.446429 -0.346735
0.471939 -0.347006
0.515306 -0.346876
0.535714 -0.348688
0.502551 -0.349296
0.5 -0.350769
0.466837 -0.351327
0.446429 -0.353098
0.456633 -0.35599
0.469388 -0.359775
0.505102 -0.364074
0.489796 -0.36876
0.520408 -0.373271
0.487245 -0.376344
0.563776 -0.382191
0.553571 -0.387577
0.614796 -0.392663
0.632653 -0.396749
0.596939 -0.396494
0.607143 -0.396887
0.658163 -0.39795
0.670918 -0.397156
0.706633 -0.396099
0.678571 -0.392704
0.640306 -0.391063
0.627551 -0.389956
0.632653 -0.387948
0.617347 -0.383628
0.665816 -0.380314
0.681122 -0.376044
0.729592 -0.371381
0.709184 -0.367236
0.714286 -0.360894
0.780612 -0.356774
0.793367 -0.349966
0.790816 -0.34175
0.757653 -0.333753
0.757653 -0.32512
0.752551 -0.315907
0.727041 -0.306358
0.739796 -0.294673
0.742347 -0.280948
0.752551 -0.266477
0.734694 -0.252515
0.701531 -0.237283
0.673469 -0.223556
0.683673 -0.212017
0.678571 -0.198977
0.635204 -0.18641
0.59949 -0.174502
0.571429 -0.162749
0.563776 -0.153105
0.545918 -0.144339
0.431122 -0.135677
0.44898 -0.13459
0.423469 -0.131539
0.410714 -0.128346
0.454082 -0.128984
0.469388 -0.129044
0.326531 -0.126556
0.375 -0.127677
0.395408 -0.127248
0.364796 -0.126453
0.403061 -0.125996
0.423469 -0.124288
0.420918 -0.119308
0.461735 -0.113532
0.469388 -0.108363
0.392857 -0.102353
0.428571 -0.098839
0.487245 -0.094626
0.456633 -0.0895834
0.423469 -0.0847018
0.352041 -0.0817584
0.295918 -0.0806673
0.257653 -0.0814692
0.283163 -0.0847685
0.260204 -0.0880977
0.252551 -0.0918657
0.288265 -0.0923623
0.257653 -0.0929713
0.242347 -0.0915742
0.221939 -0.0892353
0.244898 -0.0884117
0.244898 -0.0867063
0.270408 -0.0877544
0.380102 -0.0892773
0.334184 -0.089696
0.339286 -0.0916705
0.298469 -0.0915197
0.308673 -0.0924187
0.354592 -0.0918597
0.362245 -0.0897419
0.321429 -0.0859953
0.329082 -0.0844624
0.380102 -0.0810561
0.321429 -0.0743181
0.377551 -0.0705756
0.385204 -0.0626182
0.359694 -0.0541313
0.32398 -0.0496858
0.257653 -0.046672
0.260204 -0.0431954
0.278061 -0.0353002
0.30102 -0.0294103
0.341837 -0.0227304
0.257653 -0.0140445
0.265306 -0.00765015
0.288265 -0.00301142
0.204082 0.00475704
0.178571 0.00847618
0.209184 0.0108324
0.221939 0.0162429
0.206633 0.0218736
0.140306 0.0284438
0.0918367 0.0332635
0.107143 0.0356347
0.142857 0.0372514
0.214286 0.0398697
0.206633 0.0485594
0.132653 0.0556365
0.125 0.0618614
0.0841837 0.0676016
0.0943878 0.073507
0.178571 0.080506
0.178571 0.0870249
0.170918 0.0950103
0.145408 0.101942
0.122449 0.107126
0.0994898 0.113491
0.0510204 0.117325
0.0306122 0.120941
0.0331633 0.124218
0.0204082 0.127331
0.0739796 0.129663
0.0816327 0.139259
0.0535714 0.143579
0.0688776 0.145028
0.0484694 0.14723
0.0229592 0.147382
0.0178571 0.147045
0.00765306 0.144604
0.0153061 0.137545
0.00765306 0.131626
0.0153061 0.120805
0.0484694 0.110392
0.00510204 0.101347
0.0408163 0.0875192
0.0892857 0.0752861
0.140306 0.0643229
0.135204 0.0529014
0.178571 0.0426366
0.15051 0.0349832
0.153061 0.0250933
0.173469 0.0158281
0.147959 0.00698004
0.127551 -0.00286658
0.178571 -0.0102239
0.211735 -0.018163
0.19898 -0.0242285
0.221939 -0.0324767
0.285714 -0.041138
0.278061 -0.047884
0.229592 -0.0514756
0.168367 -0.0534133
0.204082 -0.0520904
0.237245 -0.0473214
0.132653 -0.0460262
0.173469 -0.0452709
0.112245 -0.0393038
0.0994898 -0.0397175
0.0867347 -0.0392443
0.0331633 -0.0424085
0.0688776 -0.0474697
0.0433673 -0.0550645
0.0433673 -0.0621139
0.0637755 -0.069863
0.107143 -0.0779677
0.158163 -0.0844058
0.206633 -0.0884753
0.206633 -0.0909401
0.183673 -0.0932445
0.155612 -0.089606
0.15051 -0.0831217
0.112245 -0.0799459
0.142857 -0.0723459
0.135204 -0.0654219
0.181122 -0.0563199
0.158163 -0.0473049
0.125 -0.0396091
0.0994898 -0.034851
0.0892857 -0.0269662
0.102041 -0.0197504
0.117347 -0.0125541
0.104592 -0.00552065
0.0739796 0.000380604
0.0586735 0.00487692
0.0918367 0.0101033
0.0739796 0.015273
0.0433673 0.0175136
0.0127551 0.0160164
0.0331633 0.0173502
0.0484694 0.0195395
0.0637755 0.0225527
0.0637755 0.0234694
0.0816327 0.0291935
0.00255102 0.0418447
0.0535714 0.0521699
0.0969388 0.064151
0.0459184 0.0797508
0.0739796 0.096038
0.125 0.11001
0.114796 0.126043
0.0841837 0.138999
0.104592 0.140311
0.0739796 0.151018
0.0739796 0.156753
0.0586735 0.156377
0.0535714 0.147614
0.0102041 0.140859
0.0229592 0.133072
0.0561224 0.130575
0.0994898 0.134005
0.0994898 0.143998
0.0790816 0.153962
0.0765306 0.160514
0.0714286 0.162398
0.0637755 0.171735
0.0816327 0.170436
0.0918367 0.177564
0.0867347 0.182276
0.0816327 0.178342
0.0994898 0.173925
0.0714286 0.175993
0.0739796 0.164942
0.107143 0.156916
0.15051 0.141932
0.15051 0.126953
0.104592 0.116042
0.15051 0.10692
0.142857 0.0935994
0.173469 0.0783045
0.130102 0.0649403
0.19898 0.0458818
0.237245 0.032146
0.234694 0.0291153
0.19898 0.011782
0.206633 0.00647826
0.216837 0.00647602
0.321429 -0.0025449
0.32398 0.00137554
0.283163 0.00152581
0.321429 -0.00282621
0.30102 0.0013871
0.30102 0.000624194
0.32398 0
