0.313776 1
0.306122 0.986653
0.390306 0.974326
0.410714 0.962385
0.489796 0.951079
0.528061 0.940576
0.589286 0.929761
0.584184 0.918983
0.517857 0.90815
0.477041 0.898009
0.469388 0.888429
0.520408 0.878479
0.418367 0.868039
0.364796 0.858808
0.306122 0.849807
0.313776 0.841186
0.397959 0.832181
0.375 0.823293
0.403061 0.8145
0.375 0.805406
0.380102 0.796268
0.397959 0.787167
0.380102 0.778567
0.34949 0.770089
0.357143 0.762135
0.30102 0.753867
0.278061 0.746202
0.321429 0.738467
0.34949 0.73072
0.331633 0.723357
0.32398 0.715656
0.30102 0.707955
0.359694 0.700629
0.352041 0.69366
0.377551 0.687084
0.405612 0.680486
0.413265 0.673844
0.357143 0.666919
0.298469 0.659635
0.339286 0.652376
0.364796 0.64514
0.392857 0.638334
0.369898 0.631367
0.341837 0.624112
0.367347 0.617214
0.375 0.610253
0.385204 0.603555
0.377551 0.59631
0.359694 0.588886
0.377551 0.582158
0.405612 0.575664
0.362245 0.569883
0.329082 0.563851
0.331633 0.558182
0.318878 0.552585
0.359694 0.547303
0.336735 0.542404
0.382653 0.537316
0.352041 0.532723
0.32398 0.528284
0.341837 0.523185
0.316327 0.517418
0.30102 0.511632
0.336735 0.506271
0.321429 0.500834
0.270408 0.495437
0.285714 0.490645
0.280612 0.486061
0.295918 0.481735
0.326531 0.477617
0.329082 0.473462
0.341837 0.468987
0.375 0.464606
0.387755 0.460437
0.459184 0.455928
0.494898 0.451019
0.489796 0.446188
0.459184 0.440946
0.346939 0.43617
0.403061 0.431214
0.380102 0.426299
0.346939 0.421455
0.341837 0.416179
0.34949 0.411427
0.367347 0.406476
0.40051 0.401403
0.403061 0.395741
0.362245 0.390155
0.34949 0.3843
0.329082 0.378395
0.303571 0.372458
0.27551 0.366219
0.334184 0.360519
0.303571 0.35572
0.237245 0.351318
0.181122 0.346797
0.0918367 0.34223
0.0739796 0.337936
0.0765306 0.334194
0.00255102 0.33047
0.0229592 0.326633
0.0178571 0.323193
0.00510204 0.319384
0.0255102 0.315668
0.00510204 0.31244
0.0510204 0.309348
0.0994898 0.306207
0.0714286 0.303001
0.119898 0.299663
0.170918 0.296403
0.109694 0.293782
0.183673 0.291089
0.206633 0.288641
0.158163 0.286413
0.216837 0.283559
0.267857 0.280648
0.278061 0.277071
0.247449 0.273599
0.239796 0.269888
0.267857 0.26654
0.308673 0.263199
0.295918 0.259367
0.25 0.255637
0.19898 0.251806
0.227041 0.247626
0.244898 0.243607
0.219388 0.240434
0.209184 0.23713
0.193878 0.233617
0.204082 0.229895
0.191327 0.225746
0.191327 0.22177
0.147959 0.217587
0.201531 0.213545
0.244898 0.210381
0.267857 0.206902
0.272959 0.203668
0.211735 0.20088
0.221939 0.197703
0.112245 0.195357
0.112245 0.193547
0.0280612 0.19112
0.0306122 0.189079
0.0204082 0.186797
0.0280612 0.184387
0.0127551 0.1821
0.0204082 0.179244
0.0535714 0.176664
0.0637755 0.173895
0.107143 0.171117
0.165816 0.168665
0.173469 0.166206
0.145408 0.163872
0.165816 0.161828
0.127551 0.160121
0.173469 0.158234
0.122449 0.156069
0.125 0.153257
0.193878 0.149699
0.193878 0.14624
0.232143 0.14289
0.17602 0.139427
0.234694 0.136096
0.130102 0.132405
0.15051 0.128815
0.0969388 0.125484
0.0816327 0.122135
0.0459184 0.118248
0.0892857 0.115154
0.0918367 0.112117
0.0535714 0.108968
0 0.106131
0 0.103226
0.0535714 0.10037
0.0943878 0.0977231
0.119898 0.0953672
0.142857 0.0925068
0.173469 0.0893166
0.193878 0.0859248
0.191327 0.082806
0.188776 0.0799354
0.209184 0.0771204
0.239796 0.074709
0.257653 0.0721279
0.285714 0.0691801
0.255102 0.0664233
0.257653 0.0638605
0.257653 0.0621347
0.267857 0.0610993
0.257653 0.0601746
0.257653 0.0584981
0.27551 0.0567301
0.270408 0.0547989
0.270408 0.0529517
0.22449 0.05119
0.283163 0.0492027
0.290816 0.0477455
0.260204 0.0468136
0.260204 0.0458
0.260204 0.045047
0.308673 0.0445872
0.293367 0.0437514
0.334184 0.0427505
0.380102 0.0417439
0.387755 0.0405057
0.42602 0.0392921
0.423469 0.0379081
0.405612 0.0370001
0.410714 0.0362526
0.431122 0.0356345
0.479592 0.0351578
0.538265 0.0349506
0.520408 0.0351906
0.561224 0.0353356
0.568878 0.0352886
0.622449 0.0346993
0.627551 0.0342118
0.589286 0.0336956
0.596939 0.0329841
0.630102 0.0324371
0.678571 0.0318857
0.714286 0.0320159
0.709184 0.0321006
0.693878 0.0318288
0.739796 0.0312875
0.732143 0.0304897
0.742347 0.0299472
0.744898 0.0302557
0.772959 0.0298807
0.778061 0.029386
0.75 0.0289777
0.747449 0.0283481
0.795918 0.0276507
0.795918 0.0262262
0.795918 0.0247633
0.742347 0.0237135
0.77551 0.0222927
0.811224 0.0209816
0.808673 0.0196901
0.846939 0.0188071
0.862245 0.0173492
0.80102 0.0154552
0.778061 0.0132379
0.714286 0.0101851
0.72449 0.00758784
0.744898 0.00548008
0.739796 0.00370925
0.714286 0.00140427
0.686224 -0.000283235
0.686224 -0.00213169
0.69898 -0.00447208
0.627551 -0.00698083
0.658163 -0.0100804
0.693878 -0.0132657
0.673469 -0.0160369
0.727041 -0.018076
0.716837 -0.0200442
0.693878 -0.0216815
0.665816 -0.0233088
0.683673 -0.0246909
0.658163 -0.0260342
0.701531 -0.0276503
0.734694 -0.029674
0.737245 -0.0319321
0.732143 -0.034286
0.69898 -0.0366838
0.721939 -0.0389524
0.678571 -0.0417745
0.668367 -0.0436987
0.670918 -0.0454468
0.711735 -0.0477328
0.709184 -0.0502927
0.678571 -0.0524309
0.655612 -0.0548427
0.742347 -0.0569504
0.704082 -0.0591316
0.706633 -0.0614368
0.678571 -0.0635621
0.640306 -0.0657929
0.617347 -0.0683623
0.637755 -0.0710569
0.69898 -0.0735296
0.683673 -0.0754577
0.665816 -0.0767633
0.658163 -0.0780559
0.637755 -0.0791278
0.660714 -0.0803542
0.658163 -0.0817527
0.67602 -0.0822701
0.65051 -0.0826064
0.612245 -0.0829287
0.663265 -0.0832984
0.632653 -0.0833648
0.566327 -0.0832868
0.584184 -0.0833125
0.507653 -0.0829253
0.530612 -0.0831019
0.528061 -0.0832045
0.471939 -0.0830694
0.438776 -0.0826935
0.484694 -0.0826227
0.494898 -0.083566
0.505102 -0.0842202
0.477041 -0.0852072
0.522959 -0.0859608
0.52551 -0.0865014
0.584184 -0.0866368
0.558673 -0.086481
0.52551 -0.0858693
0.502551 -0.0859122
0.533163 -0.0856952
0.497449 -0.0854048
0.454082 -0.085388
0.47449 -0.084987
0.420918 -0.0844596
0.5 -0.0840002
0.438776 -0.0831423
0.441327 -0.0820052
0.512755 -0.0810967
0.517857 -0.0800537
0.482143 -0.0791601
0.47449 -0.0786158
0.446429 -0.0790878
0.436224 -0.080145
0.461735 -0.0804881
0.522959 -0.0804331
0.517857 -0.0808941
0.512755 -0.0812919
0.520408 -0.0808254
0.533163 -0.0799258
0.515306 -0.078618
0.477041 -0.0774
0.466837 -0.0764618
0.492347 -0.0755882
0.571429 -0.0744775
0.543367 -0.0729658
0.517857 -0.0718211
0.489796 -0.0703079
0.505102 -0.0694472
0.5 -0.0686052
0.492347 -0.0679863
0.477041 -0.067401
0.451531 -0.0664665
0.433673 -0.0653901
0.461735 -0.0643262
0.464286 -0.0630592
0.471939 -0.061916
0.443878 -0.0604417
0.418367 -0.0587932
0.471939 -0.0571006
0.44898 -0.0557519
0.466837 -0.0548032
0.441327 -0.0535118
0.456633 -0.0526859
0.443878 -0.0512961
0.520408 -0.0504835
0.42602 -0.0494047
0.410714 -0.0482429
0.415816 -0.0466684
0.375 -0.044917
0.380102 -0.043762
0.321429 -0.0421636
0.357143 -0.0406466
0.341837 -0.0391877
0.306122 -0.036957
0.367347 -0.0351764
0.354592 -0.0330932
0.331633 -0.0305398
0.298469 -0.028504
0.298469 -0.0270715
0.285714 -0.0254504
0.303571 -0.0239517
0.318878 -0.0227898
0.334184 -0.0213834
0.298469 -0.0197848
0.321429 -0.0180074
0.336735 -0.0158402
0.326531 -0.0134173
0.252551 -0.0112545
0.229592 -0.00898493
0.234694 -0.00748492
0.219388 -0.00562054
0.221939 -0.0037972
0.252551 -0.00181506
0.283163 0.000464818
0.227041 0.00296546
0.25 0.00535979
0.285714 0.00789518
0.252551 0.0111045
0.22449 0.0147852
0.244898 0.0187636
0.244898 0.0224358
0.288265 0.0249486
0.364796 0.0275295
0.367347 0.0302129
0.339286 0.0327869
0.387755 0.0355055
0.403061 0.0377059
0.395408 0.0396776
0.354592 0.0409111
0.372449 0.0425871
0.331633 0.0443382
0.395408 0.0459941
0.359694 0.0480788
0.375 0.0503251
0.403061 0.0526032
0.385204 0.0549649
0.431122 0.057155
0.451531 0.0588035
0.441327 0.0603822
0.44898 0.0626193
0.42602 0.0646981
0.385204 0.06752
0.385204 0.0704859
0.418367 0.0731243
0.377551 0.0756595
0.283163 0.0778446
0.252551 0.0804684
0.316327 0.0830687
0.352041 0.0857633
0.387755 0.0885552
0.423469 0.0915091
0.375 0.0944615
0.418367 0.097478
0.390306 0.100102
0.459184 0.102592
0.385204 0.104883
0.395408 0.106497
0.469388 0.108512
0.461735 0.109826
0.479592 0.111665
0.484694 0.113486
0.47449 0.115081
0.484694 0.116452
0.466837 0.118713
0.479592 0.120633
0.540816 0.122277
0.607143 0.123584
0.548469 0.12477
0.512755 0.126056
0.522959 0.12731
0.543367 0.128269
0.543367 0.129368
0.515306 0.130366
0.52551 0.131378
0.464286 0.132505
0.461735 0.13292
0.52551 0.133472
0.535714 0.134328
0.510204 0.135305
0.563776 0.136285
0.556122 0.136807
0.543367 0.137191
0.52551 0.137705
0.545918 0.138065
0.607143 0.138272
0.581633 0.138435
0.617347 0.138114
0.584184 0.137906
0.571429 0.138201
0.602041 0.139286
0.579082 0.140763
0.561224 0.141318
0.576531 0.141805
0.556122 0.142185
0.538265 0.14277
0.52551 0.14355
0.489796 0.143454
0.469388 0.143055
0.482143 0.142379
0.477041 0.141416
0.44898 0.141074
0.487245 0.140033
0.533163 0.139302
0.533163 0.139179
0.456633 0.1399
0.44898 0.140759
0.482143 0.140834
0.438776 0.141234
0.413265 0.141855
0.367347 0.141993
0.32398 0.142003
0.331633 0.141863
0.40051 0.141929
0.34949 0.142431
0.313776 0.143492
0.321429 0.14416
0.372449 0.144451
0.372449 0.145019
0.311224 0.145912
0.293367 0.147293
0.285714 0.14867
0.252551 0.149557
0.272959 0.150754
0.234694 0.152141
0.206633 0.153365
0.204082 0.154357
0.244898 0.155401
0.234694 0.155789
0.209184 0.156259
0.17602 0.156798
0.140306 0.157497
0.155612 0.158444
0.170918 0.158642
0.102041 0.159079
0.109694 0.158695
0.0765306 0.158172
0.0816327 0.156962
0.117347 0.155921
0.109694 0.154911
0.0841837 0.153784
0.117347 0.152316
0.135204 0.151181
0.102041 0.15017
0.0867347 0.148173
0.0943878 0.1466
0.0994898 0.145016
0.0790816 0.144242
0.102041 0.143632
0.104592 0.143561
0.0739796 0.143579
0.0867347 0.143457
0.125 0.14314
0.0943878 0.142355
0.0739796 0.141703
0.0586735 0.141116
0.0229592 0.14021
0.00510204 0.13937
0.0306122 0.137935
0.0484694 0.136272
0.0663265 0.135311
0.0459184 0.133734
0.0994898 0.132282
0.0867347 0.130847
0.0765306 0.129431
0.0102041 0.12823
0.0204082 0.126459
0.0943878 0.124661
0.104592 0.123408
0.104592 0.122353
0.0918367 0.121516
0.0790816 0.121484
0.0586735 0.120794
0.0561224 0.120379
0.0255102 0.119922
0.0204082 0.119444
0.00765306 0.118732
0.00255102 0.118191
0.0204082 0.117917
0.00510204 0.117325
0.0535714 0.115575
0.0612245 0.113317
0.117347 0.110621
0.114796 0.107722
0.153061 0.105222
0.221939 0.102804
0.173469 0.100049
0.219388 0.0978496
0.204082 0.0956392
0.19898 0.0937765
0.165816 0.0915367
0.173469 0.0894817
0.153061 0.0877675
0.181122 0.0856116
0.15051 0.083384
0.209184 0.0812203
0.191327 0.0791509
0.168367 0.0768577
0.17602 0.0743091
0.155612 0.0710928
0.247449 0.0678668
0.280612 0.0652089
0.283163 0.0616421
0.326531 0.0586883
0.321429 0.0556178
0.232143 0.0527945
0.257653 0.0506213
0.244898 0.0487222
0.201531 0.0474438
0.183673 0.0459521
0.173469 0.0446446
0.193878 0.0433998
0.183673 0.041526
0.137755 0.0392681
0.104592 0.0364358
0.122449 0.0345045
0.0867347 0.0330279
0.0969388 0.0313238
0.109694 0.0297977
0.0765306 0.0285211
0.155612 0.0273433
0.158163 0.0259893
0.140306 0.0243639
0.142857 0.022054
0.132653 0.0199811
0.0892857 0.017876
0.0714286 0.016284
0.0331633 0.0153599
0.0102041 0.0143622
0.0153061 0.0132662
0.0331633 0.0123737
0.0459184 0.0117606
0.0306122 0.0110483
0.0408163 0.0114238
0.0484694 0.0119093
0.0816327 0.0125827
0.0357143 0.0135531
0.0178571 0.0142834
0.0280612 0.0149921
0 0.0154336
0.0229592 0.0161313
0.0153061 0.0168974
0.0688776 0.0170514
0.0586735 0.0169537
0.0153061 0.0168671
0.0408163 0.0171458
0.0102041 0.0176102
0.0408163 0.0185581
0.00510204 0.018932
0.0255102 0.0195246
0.0204082 0.019712
0.0688776 0.0195625
0.0867347 0.0193348
0.191327 0.0189082
0.209184 0.0181134
0.214286 0.0172324
0.204082 0.016142
0.181122 0.0154708
0.255102 0.0150937
0.181122 0.0144012
0.19898 0.013654
0.265306 0.0130803
0.247449 0.0129826
0.219388 0.0131429
0.219388 0.0133981
0.178571 0.0136271
0.178571 0.0143541
0.196429 0.0154756
0.232143 0.0157861
0.183673 0.0166403
0.153061 0.0169801
0.0841837 0.0169056
0.0255102 0.0170078
0.0612245 0.0166076
0.0178571 0.0159218
0.0153061 0.0155535
0.0306122 0.0157154
0.0433673 0.0161583
0.00510204 0.0164776
0.0459184 0.0172727
0.0153061 0.0183862
0.00255102 0.0193126
0.00765306 0.0197968
0.0535714 0.0209262
0.0102041 0.0214409
0.0382653 0.0215607
0.0204082 0.0218798
0.0178571 0.0213874
0.0816327 0.0209376
0.132653 0.0204491
0.0688776 0.0200774
0.0510204 0.0201206
0.0561224 0.020733
0.0433673 0.0210958
0.0561224 0.0217786
0.0153061 0.0222599
0.0510204 0.0228873
0.0586735 0.0229389
0.0892857 0.023031
0.0918367 0.0224174
0.122449 0.0217772
0.125 0.0204404
0.132653 0.0196026
0.0892857 0.0188841
0.17602 0.0177853
0.160714 0.017724
0.178571 0.0174961
0.232143 0.0174527
0.234694 0.0175762
0.308673 0.0182633
0.346939 0.0188208
0.321429 0.0192981
0.326531 0.0196062
0.354592 0.019867
0.293367 0.020459
0.227041 0.0216499
0.288265 0.0224198
0.377551 0.0227072
0.352041 0.0227997
0.372449 0.0223487
0.438776 0.0215661
0.40051 0.0212632
0.390306 0.0205832
0.397959 0.0197817
0.359694 0.0182538
0.341837 0.0170757
0.272959 0.0162692
0.362245 0.0150632
0.32398 0.0136868
0.239796 0.012243
0.272959 0.0103899
0.280612 0.00913013
0.272959 0.00832514
0.311224 0.00748744
0.321429 0.00670279
0.303571 0.00576253
0.285714 0.00489399
0.293367 0.0042726
0.288265 0.00323355
0.278061 0.00206214
0.280612 0.000702123
0.232143 -0.00056945
0.193878 -0.00182585
0.211735 -0.00292754
0.247449 -0.00400591
0.313776 -0.00538643
0.265306 -0.00640457
0.227041 -0.00789903
0.221939 -0.00907242
0.130102 -0.0104893
0.109694 -0.0112838
0.119898 -0.0125183
0.112245 -0.0135908
0.0892857 -0.0149498
0.112245 -0.0159811
0.140306 -0.0172024
0.204082 -0.0177697
0.19898 -0.0187443
0.206633 -0.0193723
0.183673 -0.0206389
0.19898 -0.0213115
0.216837 -0.0208455
0.227041 -0.0203341
0.272959 -0.0199558
0.260204 -0.0194897
0.283163 -0.0192088
0.313776 -0.019434
0.295918 -0.0191877
0.27551 -0.0187071
0.30102 -0.0189468
0.318878 -0.0193667
0.410714 -0.0200659
0.443878 -0.0206291
0.484694 -0.0212152
0.482143 -0.0217028
0.494898 -0.0221634
0.484694 -0.0228355
0.484694 -0.0237133
0.484694 -0.0239187
0.433673 -0.0243364
0.487245 -0.0250822
0.471939 -0.0251596
0.487245 -0.0253058
0.479592 -0.0251091
0.487245 -0.0246203
0.510204 -0.0235939
0.553571 -0.0228415
0.520408 -0.0229691
0.52551 -0.0228537
0.505102 -0.0226725
0.553571 -0.0226321
0.522959 -0.0224106
0.533163 -0.0226377
0.540816 -0.0230378
0.510204 -0.0233012
0.464286 -0.0234862
0.431122 -0.0237589
0.484694 -0.0236911
0.482143 -0.0241254
0.454082 -0.0237561
0.454082 -0.0235155
0.469388 -0.023396
0.505102 -0.0237848
0.515306 -0.0238925
0.57398 -0.0239706
0.59949 -0.0244293
0.609694 -0.0256133
0.645408 -0.0265439
0.632653 -0.0284803
0.627551 -0.0299255
0.543367 -0.0311713
0.512755 -0.0327864
0.558673 -0.0340239
0.515306 -0.0356585
0.479592 -0.0373158
0.459184 -0.0389333
0.479592 -0.040079
0.502551 -0.0412474
0.47449 -0.0425063
0.44898 -0.0440492
0.408163 -0.0452875
0.359694 -0.0469621
0.397959 -0.0486557
0.395408 -0.0497614
0.489796 -0.0514737
0.52551 -0.0537928
0.545918 -0.055818
0.505102 -0.0573206
0.528061 -0.058576
0.522959 -0.0591835
0.553571 -0.060119
0.617347 -0.0615372
0.630102 -0.0632242
0.594388 -0.0647393
0.619898 -0.0659543
0.591837 -0.0672176
0.589286 -0.0685481
0.579082 -0.0693479
0.505102 -0.0697248
0.482143 -0.0702883
0.441327 -0.07015
0.382653 -0.0701305
0.420918 -0.0696638
0.42602 -0.0683783
0.413265 -0.0679833
0.42602 -0.0666819
0.433673 -0.0654711
0.385204 -0.0634301
0.346939 -0.0608978
0.372449 -0.0585537
0.359694 -0.056848
0.387755 -0.0552102
0.372449 -0.053725
0.367347 -0.0525308
0.403061 -0.051949
0.372449 -0.0518499
0.34949 -0.0521419
0.339286 -0.0523809
0.357143 -0.0519535
0.316327 -0.0512169
0.382653 -0.0507244
0.318878 -0.0505782
0.362245 -0.0500805
0.405612 -0.0490843
0.44898 -0.0478191
0.515306 -0.0465425
0.479592 -0.045432
0.47449 -0.0444455
0.415816 -0.0433723
0.395408 -0.0421857
0.477041 -0.0409426
0.492347 -0.0392721
0.517857 -0.0377542
0.477041 -0.0364267
0.431122 -0.0356089
0.456633 -0.0342019
0.408163 -0.0332418
0.454082 -0.0322041
0.461735 -0.0309949
0.517857 -0.0298746
0.505102 -0.0285075
0.515306 -0.0274561
0.520408 -0.0266344
0.502551 -0.0263174
0.561224 -0.0260274
0.533163 -0.0261888
0.454082 -0.0265036
0.418367 -0.0274288
0.420918 -0.0285035
0.471939 -0.0295649
0.484694 -0.0303533
0.44898 -0.0319659
0.502551 -0.0342865
0.459184 -0.0370056
0.497449 -0.0398837
0.510204 -0.0419973
0.502551 -0.0444422
0.535714 -0.0464034
0.510204 -0.0484371
0.515306 -0.0499161
0.55102 -0.051373
0.581633 -0.0525054
0.591837 -0.0536542
0.607143 -0.0547319
0.589286 -0.0551863
0.602041 -0.0552027
0.602041 -0.0553468
0.553571 -0.0555424
0.566327 -0.0554715
0.533163 -0.0555892
0.505102 -0.0558739
0.548469 -0.0563025
0.594388 -0.0568419
0.630102 -0.0575355
0.640306 -0.0589328
0.609694 -0.0600514
0.719388 -0.0611437
0.709184 -0.0617527
0.716837 -0.0624944
0.72449 -0.0631575
0.719388 -0.0645015
0.727041 -0.0659401
0.767857 -0.0664475
0.778061 -0.0669838
0.785714 -0.0676129
0.788265 -0.0680782
0.757653 -0.0678839
0.808673 -0.0678249
0.803571 -0.0675483
0.744898 -0.0677364
0.706633 -0.0680195
0.696429 -0.0688606
0.696429 -0.0696851
0.663265 -0.070792
0.69898 -0.0721892
0.67602 -0.0736034
0.670918 -0.0747249
0.658163 -0.0757148
0.729592 -0.0765925
0.778061 -0.0776068
0.788265 -0.0782613
0.80102 -0.0787855
0.793367 -0.0800232
0.80102 -0.0812295
0.795918 -0.0821068
0.795918 -0.0830449
0.816327 -0.083681
0.806122 -0.0841749
0.783163 -0.0845503
0.77551 -0.0846598
0.742347 -0.0849129
0.711735 -0.0848033
0.734694 -0.0849388
0.691327 -0.085183
0.663265 -0.0851653
0.760204 -0.0846163
0.706633 -0.0834815
0.714286 -0.0827435
0.734694 -0.0823567
0.739796 -0.0822956
0.714286 -0.0822629
0.704082 -0.0826219
0.69898 -0.0826099
0.696429 -0.0833631
0.737245 -0.0835327
0.727041 -0.083413
0.673469 -0.0832701
0.612245 -0.0830777
0.637755 -0.0832633
0.55102 -0.0828344
0.566327 -0.0831921
0.556122 -0.0835092
0.553571 -0.0841496
0.579082 -0.085208
0.545918 -0.085509
0.507653 -0.0855724
0.558673 -0.0861633
0.548469 -0.0862877
0.538265 -0.0870725
0.548469 -0.0881002
0.520408 -0.0891798
0.55102 -0.0903205
0.591837 -0.0914279
0.563776 -0.0923537
0.586735 -0.0926418
0.655612 -0.0919864
0.673469 -0.0906642
0.732143 -0.0903778
0.714286 -0.0899421
0.744898 -0.0906259
0.701531 -0.0908653
0.678571 -0.0904815
0.721939 -0.0890133
0.719388 -0.0880301
0.742347 -0.0874879
0.612245 -0.0865936
0.607143 -0.0859146
0.59949 -0.085881
0.647959 -0.0859198
0.69898 -0.086281
0.691327 -0.08605
0.637755 -0.0856417
0.681122 -0.0855701
0.704082 -0.0845436
0.696429 -0.0841184
0.755102 -0.0831432
0.772959 -0.0814511
0.77551 -0.0793084
0.783163 -0.0775238
0.760204 -0.0752775
0.716837 -0.0729852
0.719388 -0.0706686
0.719388 -0.0681347
0.77551 -0.066157
0.77551 -0.0645614
0.770408 -0.0630173
0.757653 -0.0610906
0.755102 -0.0590679
0.747449 -0.0571719
0.765306 -0.0557459
0.757653 -0.0546788
0.721939 -0.0537534
0.709184 -0.0532094
0.688776 -0.051841
0.678571 -0.0504865
0.673469 -0.0493062
0.653061 -0.0472964
0.653061 -0.0455164
0.612245 -0.0438122
0.635204 -0.0424326
0.627551 -0.0411128
0.609694 -0.0396124
0.591837 -0.03854
0.622449 -0.037686
0.642857 -0.0372013
0.622449 -0.0371696
0.594388 -0.0375058
0.604592 -0.0374653
0.581633 -0.0383461
0.609694 -0.0399526
0.535714 -0.0411995
0.556122 -0.0421806
0.561224 -0.0431211
0.607143 -0.0447818
0.645408 -0.0466446
0.653061 -0.0477006
0.630102 -0.0484066
0.571429 -0.0493509
0.637755 -0.0508557
0.660714 -0.0529487
0.658163 -0.054618
0.683673 -0.0555714
0.670918 -0.0561364
0.670918 -0.0568687
0.665816 -0.0576745
0.663265 -0.0583079
0.668367 -0.0589758
0.655612 -0.059131
0.678571 -0.059089
0.696429 -0.0590317
0.627551 -0.0581685
0.586735 -0.0571649
0.596939 -0.0560214
0.59949 -0.0550473
0.625 -0.0539691
0.607143 -0.0528467
0.589286 -0.0520242
0.571429 -0.0513425
0.568878 -0.0509322
0.586735 -0.0495141
0.571429 -0.0483642
0.568878 -0.0477684
0.543367 -0.0466773
0.558673 -0.0455307
0.545918 -0.044785
0.614796 -0.0436779
0.614796 -0.0431064
0.617347 -0.042753
0.584184 -0.0431299
0.609694 -0.0431394
0.579082 -0.0429822
0.591837 -0.0427278
0.568878 -0.0422882
0.548469 -0.041174
0.507653 -0.0403586
0.502551 -0.0401565
0.581633 -0.0405101
0.609694 -0.041076
0.556122 -0.041558
0.494898 -0.0421523
0.538265 -0.0426537
0.558673 -0.0432665
0.607143 -0.0436145
0.602041 -0.0432196
0.589286 -0.042981
0.548469 -0.0425683
0.507653 -0.0424288
0.487245 -0.0424203
0.433673 -0.0419402
0.459184 -0.0418669
0.446429 -0.041741
0.477041 -0.0415003
0.502551 -0.0411548
0.482143 -0.0408415
0.553571 -0.0403394
0.576531 -0.0397893
0.561224 -0.0390735
0.530612 -0.0378643
0.494898 -0.0367346
0.492347 -0.0359258
0.5 -0.0348783
0.505102 -0.0336767
0.497449 -0.0332656
0.482143 -0.0317349
0.477041 -0.0310775
0.515306 -0.0304965
0.47449 -0.0299088
0.47449 -0.0292283
0.454082 -0.0284629
0.533163 -0.0280422
0.553571 -0.0274738
0.568878 -0.0270794
0.545918 -0.0263842
0.558673 -0.0264318
0.619898 -0.0268601
0.584184 -0.0268781
0.563776 -0.027569
0.558673 -0.0284682
0.609694 -0.0287117
0.607143 -0.0290138
0.612245 -0.0291414
0.622449 -0.0294691
0.571429 -0.0305325
0.556122 -0.0313127
0.566327 -0.032164
0.579082 -0.0317619
0.57398 -0.0311819
0.607143 -0.0304224
0.614796 -0.0298976
0.619898 -0.0290574
0.637755 -0.0274317
0.576531 -0.0264844
0.543367 -0.0249543
0.535714 -0.0230544
0.55102 -0.0217609
0.581633 -0.0210496
0.678571 -0.0198385
0.665816 -0.0190244
0.668367 -0.0184512
0.668367 -0.0180766
0.655612 -0.0183945
0.668367 -0.0190058
0.701531 -0.0198786
0.727041 -0.0212412
0.714286 -0.0220878
0.734694 -0.0232832
0.737245 -0.0247535
0.714286 -0.0257845
0.734694 -0.0272313
0.719388 -0.028491
0.727041 -0.0295372
0.706633 -0.0302574
0.67602 -0.0308767
0.668367 -0.0310901
0.59949 -0.031575
0.627551 -0.0321146
0.607143 -0.0324452
0.602041 -0.0328075
0.55102 -0.0322235
0.622449 -0.0319697
0.658163 -0.0325031
0.711735 -0.0321351
0.688776 -0.0319161
0.67602 -0.032292
0.709184 -0.0322403
0.681122 -0.0324283
0.645408 -0.0328895
0.566327 -0.03318
0.558673 -0.0333485
0.538265 -0.0332685
0.515306 -0.0332393
0.528061 -0.0332593
0.505102 -0.0325022
0.5 -0.031873
0.479592 -0.0310881
0.482143 -0.0298465
0.52551 -0.0281831
0.5 -0.0268115
0.464286 -0.0256976
0.505102 -0.0249744
0.502551 -0.0255844
0.520408 -0.0264468
0.497449 -0.027253
0.581633 -0.0283717
0.556122 -0.0298464
0.548469 -0.0314979
0.609694 -0.0325126
0.57398 -0.0326754
0.591837 -0.0329751
0.57398 -0.0339319
0.538265 -0.0349811
0.576531 -0.0357113
0.576531 -0.03629
0.614796 -0.037002
0.609694 -0.0373082
0.65051 -0.0383321
0.663265 -0.03919
0.693878 -0.0401312
0.691327 -0.0408956
0.670918 -0.0417301
0.704082 -0.0431359
0.760204 -0.0443227
0.755102 -0.0449816
0.770408 -0.045692
0.803571 -0.0469053
0.788265 -0.0471474
0.793367 -0.047264
0.742347 -0.0468212
0.747449 -0.0463498
0.727041 -0.0458717
0.69898 -0.0449543
0.719388 -0.0438314
0.77551 -0.0426251
0.752551 -0.0407098
0.765306 -0.0386162
0.752551 -0.0364001
0.716837 -0.0341871
0.691327 -0.0316324
0.635204 -0.0297126
0.584184 -0.0276337
0.607143 -0.0244538
0.548469 -0.0220455
0.604592 -0.0201096
0.607143 -0.0175194
0.596939 -0.015449
0.591837 -0.0132396
0.522959 -0.0116526
0.55102 -0.0101261
0.602041 -0.00869763
0.607143 -0.00684181
0.591837 -0.00480688
0.581633 -0.00292559
0.566327 -0.00101331
0.635204 0.00135545
0.67602 0.00384084
0.647959 0.00567951
0.607143 0.00802638
0.619898 0.0105124
0.617347 0.0129495
0.607143 0.0149521
0.625 0.0174411
0.642857 0.0196817
0.627551 0.0219816
0.581633 0.0242725
0.571429 0.0263517
0.548469 0.0287606
0.484694 0.0313878
0.510204 0.0345665
0.5 0.0375734
0.497449 0.0404613
0.515306 0.04306
0.494898 0.0455083
0.454082 0.0479784
0.456633 0.0501172
0.469388 0.052514
0.44898 0.0549991
0.510204 0.057699
0.484694 0.0602485
0.55102 0.0627652
0.459184 0.0651222
0.40051 0.0672134
0.471939 0.0688275
0.477041 0.0710785
0.5 0.0735051
0.44898 0.0760099
0.517857 0.0783132
0.428571 0.0806476
0.436224 0.0828058
0.380102 0.0841376
0.410714 0.0844353
0.530612 0.0848209
0.579082 0.085222
0.540816 0.0857435
0.477041 0.0877527
0.507653 0.0895712
0.454082 0.0916406
0.42602 0.0941099
0.415816 0.0964702
0.397959 0.098882
0.32398 0.100231
0.308673 0.101591
0.247449 0.103216
0.239796 0.104863
0.155612 0.10645
0.239796 0.108134
0.329082 0.109346
0.331633 0.110446
0.352041 0.1113
0.352041 0.111845
0.341837 0.112786
0.298469 0.113599
0.341837 0.113486
0.341837 0.113952
0.436224 0.114468
0.410714 0.114362
0.395408 0.114265
0.433673 0.114277
0.454082 0.114453
0.34949 0.114097
0.40051 0.113666
0.438776 0.112778
0.441327 0.111672
0.380102 0.110456
0.433673 0.109242
0.466837 0.108721
0.466837 0.107491
0.494898 0.10644
0.42602 0.105542
0.382653 0.104485
0.413265 0.103569
0.385204 0.10252
0.415816 0.101014
0.451531 0.099508
0.441327 0.098498
0.420918 0.0968638
0.415816 0.0955908
0.469388 0.094358
0.436224 0.0931887
0.420918 0.0914335
0.354592 0.0900918
0.318878 0.0882836
0.331633 0.086962
0.372449 0.0846876
0.339286 0.0824486
0.359694 0.0805341
0.410714 0.0777116
0.461735 0.0752307
0.482143 0.0725583
0.517857 0.0696243
0.510204 0.0660311
0.469388 0.0628341
0.497449 0.0592968
0.517857 0.0558164
0.484694 0.0531038
0.489796 0.051016
0.471939 0.0490767
0.497449 0.0474895
0.494898 0.0466555
0.487245 0.0456555
0.464286 0.0445698
0.494898 0.0437504
0.484694 0.0427673
0.497449 0.0418413
0.494898 0.0411961
0.507653 0.0406131
0.579082 0.04016
0.627551 0.0395154
0.533163 0.0389469
0.522959 0.0387045
0.482143 0.0379697
0.482143 0.0372656
0.477041 0.0367063
0.456633 0.0363248
0.507653 0.0352243
0.505102 0.0336389
0.459184 0.0321208
0.420918 0.030761
0.471939 0.0298071
0.459184 0.0286683
0.471939 0.0274276
0.512755 0.0264052
0.492347 0.0256596
0.482143 0.0252851
0.433673 0.0257647
0.477041 0.0255082
0.489796 0.0255449
0.466837 0.0253714
0.436224 0.0259579
0.408163 0.0259281
0.489796 0.0256981
0.482143 0.0255538
0.492347 0.0253625
0.479592 0.0257351
0.477041 0.0268738
0.466837 0.0278221
0.47449 0.0288496
0.42602 0.0298703
0.375 0.0307957
0.329082 0.0314402
0.364796 0.0320488
0.318878 0.0329192
0.260204 0.0326802
0.293367 0.032719
0.306122 0.0325667
0.331633 0.0326466
0.357143 0.0321827
0.262755 0.0315243
0.295918 0.0312398
0.244898 0.0311457
0.298469 0.0307665
0.321429 0.0299959
0.357143 0.0298558
0.329082 0.0293409
0.244898 0.0285223
0.191327 0.0273705
0.209184 0.0267247
0.181122 0.0257564
0.193878 0.0254116
0.206633 0.0251112
0.183673 0.0250255
0.22449 0.025022
0.283163 0.0248473
0.303571 0.0243529
0.278061 0.0232511
0.260204 0.0222043
0.25 0.0208019
0.244898 0.0193021
0.270408 0.0176022
0.242347 0.0158166
0.283163 0.0138077
0.239796 0.0120452
0.257653 0.00983392
0.252551 0.00715834
0.257653 0.00409374
0.27551 0.0013359
0.313776 -0.00126386
0.329082 -0.00376612
0.303571 -0.00617033
0.329082 -0.00795586
0.354592 -0.0092077
0.331633 -0.0104145
0.336735 -0.0111838
0.201531 -0.0118276
0.163265 -0.0130126
0.19898 -0.014372
0.160714 -0.0158146
0.188776 -0.0178548
0.183673 -0.0200353
0.227041 -0.0227127
0.191327 -0.0253223
0.204082 -0.0273918
0.214286 -0.0295783
0.17602 -0.0320992
0.242347 -0.0342773
0.255102 -0.0362459
0.239796 -0.0379992
0.262755 -0.0402443
0.244898 -0.0424338
0.270408 -0.0447356
0.285714 -0.047126
0.272959 -0.0494836
0.252551 -0.0521896
0.262755 -0.0551395
0.295918 -0.0573121
0.252551 -0.0587853
0.27551 -0.061275
0.242347 -0.0636924
0.22449 -0.0659174
0.22449 -0.0683675
0.221939 -0.0710118
0.209184 -0.0734248
0.255102 -0.0755465
0.262755 -0.0782681
0.290816 -0.0808925
0.193878 -0.0836324
0.267857 -0.0866018
0.219388 -0.0891599
0.229592 -0.0915914
0.244898 -0.0934755
0.318878 -0.0951678
0.372449 -0.096708
0.367347 -0.0977717
0.410714 -0.0983166
0.443878 -0.0990456
0.433673 -0.0995375
0.454082 -0.100202
0.40051 -0.100435
0.367347 -0.100191
0.357143 -0.0993701
0.344388 -0.0992375
0.369898 -0.0986497
0.344388 -0.0981113
0.40051 -0.0972792
0.438776 -0.0963879
0.397959 -0.0957754
0.423469 -0.0952646
0.415816 -0.0957872
0.443878 -0.0954655
0.418367 -0.0946648
0.451531 -0.0940717
0.471939 -0.0937483
0.464286 -0.0923901
0.390306 -0.0907761
0.436224 -0.0892678
0.42602 -0.0878801
0.423469 -0.0865828
0.40051 -0.0845727
0.362245 -0.0828518
0.441327 -0.0804863
0.377551 -0.0783215
0.405612 -0.0766304
0.40051 -0.0746871
0.380102 -0.0729528
0.446429 -0.0713736
0.477041 -0.0694488
0.505102 -0.0673502
0.459184 -0.0655757
0.454082 -0.0639346
0.433673 -0.0622964
0.469388 -0.0610036
0.471939 -0.0605335
0.497449 -0.0596257
0.502551 -0.0584971
0.535714 -0.0567567
0.553571 -0.0546997
0.571429 -0.0523104
0.520408 -0.0499152
0.584184 -0.0470774
0.553571 -0.0440639
0.510204 -0.0411643
0.44898 -0.0382787
0.477041 -0.0357433
0.441327 -0.0332866
0.392857 -0.0309733
0.40051 -0.0289927
0.392857 -0.026985
0.339286 -0.0252178
0.321429 -0.0240435
0.285714 -0.0230318
0.359694 -0.0222106
0.403061 -0.0217594
0.408163 -0.0214061
0.42602 -0.0206895
0.397959 -0.0197084
0.344388 -0.0183849
0.403061 -0.0175623
0.387755 -0.0174052
0.369898 -0.0169976
0.354592 -0.016849
0.344388 -0.0165901
0.385204 -0.0173252
0.344388 -0.017852
0.34949 -0.0190092
0.346939 -0.0204992
0.375 -0.022081
0.395408 -0.0236091
0.408163 -0.025508
0.418367 -0.0271224
0.454082 -0.0292359
0.477041 -0.0316202
0.469388 -0.0334786
0.512755 -0.0347637
0.502551 -0.0356466
0.469388 -0.0370363
0.459184 -0.0383814
0.438776 -0.0385039
0.459184 -0.0390653
0.461735 -0.039704
0.443878 -0.040068
0.464286 -0.040354
0.454082 -0.0406901
0.405612 -0.0408098
0.380102 -0.0412367
0.359694 -0.0420606
0.341837 -0.0433133
0.334184 -0.0446888
0.377551 -0.0456041
0.367347 -0.0471828
0.415816 -0.0485439
0.428571 -0.0499203
0.433673 -0.0526237
0.454082 -0.0544567
0.454082 -0.0564192
0.44898 -0.0584634
0.461735 -0.0602224
0.5 -0.0620069
0.438776 -0.0633242
0.464286 -0.0648612
0.451531 -0.0666683
0.44898 -0.0688997
0.505102 -0.0718979
0.494898 -0.0751664
0.47449 -0.0777697
0.487245 -0.080225
0.497449 -0.0829511
0.540816 -0.0851062
0.561224 -0.0873696
0.548469 -0.0887889
0.586735 -0.0902929
0.591837 -0.091746
0.637755 -0.0932663
0.663265 -0.0944592
0.642857 -0.0947979
0.670918 -0.0951303
0.678571 -0.0951282
0.642857 -0.0957852
0.655612 -0.0958532
0.668367 -0.0956907
0.645408 -0.0956043
0.658163 -0.0962849
0.632653 -0.0968002
0.584184 -0.0974816
0.576531 -0.0980625
0.602041 -0.0982325
0.57398 -0.0975971
0.614796 -0.0977179
0.596939 -0.0976679
0.566327 -0.0971749
0.591837 -0.0971151
0.594388 -0.0974289
0.584184 -0.0976736
0.586735 -0.0983416
0.630102 -0.0996991
0.647959 -0.100875
0.619898 -0.102567
0.584184 -0.103596
0.581633 -0.105655
0.584184 -0.107795
0.607143 -0.109975
0.553571 -0.111939
0.492347 -0.113549
0.492347 -0.115407
0.464286 -0.117128
0.494898 -0.11821
0.512755 -0.119773
0.517857 -0.121365
0.528061 -0.123569
0.594388 -0.125759
0.637755 -0.127117
0.612245 -0.129026
0.609694 -0.131219
0.622449 -0.132568
0.596939 -0.134297
0.568878 -0.135692
0.612245 -0.13737
0.668367 -0.139233
0.670918 -0.141526
0.612245 -0.142956
0.630102 -0.144582
0.619898 -0.146428
0.642857 -0.148469
0.683673 -0.150693
0.668367 -0.152708
0.609694 -0.154081
0.622449 -0.155687
0.59949 -0.1578
0.625 -0.160001
0.596939 -0.161711
0.561224 -0.162621
0.548469 -0.162972
0.558673 -0.163939
0.612245 -0.165381
0.59949 -0.16735
0.561224 -0.169047
0.584184 -0.171023
0.596939 -0.173841
0.604592 -0.176782
0.55102 -0.179643
0.507653 -0.182498
0.548469 -0.185655
0.540816 -0.188221
0.515306 -0.190601
0.515306 -0.192936
0.487245 -0.194787
0.484694 -0.196521
0.451531 -0.197718
0.405612 -0.198948
0.403061 -0.200038
0.336735 -0.200591
0.346939 -0.202063
0.372449 -0.203201
0.344388 -0.20371
0.318878 -0.203586
0.331633 -0.203065
0.316327 -0.202848
0.34949 -0.202444
0.267857 -0.202355
0.265306 -0.202175
0.257653 -0.201968
0.191327 -0.202318
0.280612 -0.202681
0.27551 -0.202746
0.229592 -0.202895
0.22449 -0.202902
0.221939 -0.203225
0.278061 -0.204793
0.318878 -0.207405
0.329082 -0.209924
0.32398 -0.211591
0.265306 -0.213252
0.311224 -0.215259
0.247449 -0.217044
0.229592 -0.218942
0.193878 -0.221429
0.244898 -0.223576
0.209184 -0.226029
0.201531 -0.228163
0.147959 -0.230347
0.104592 -0.232171
0.0663265 -0.23423
0.0969388 -0.235964
0.15051 -0.237402
0.0943878 -0.239449
0.0892857 -0.241765
0.0739796 -0.243664
0.109694 -0.245401
0.102041 -0.247369
0.204082 -0.249084
0.237245 -0.250225
0.252551 -0.250813
0.295918 -0.250838
0.283163 -0.251214
0.265306 -0.251534
0.267857 -0.252607
0.265306 -0.253046
0.255102 -0.253208
0.293367 -0.253369
0.329082 -0.254117
0.308673 -0.254563
0.32398 -0.254526
0.339286 -0.254211
0.357143 -0.254522
0.32398 -0.254495
0.339286 -0.254277
0.321429 -0.253751
0.334184 -0.252606
0.326531 -0.251343
0.288265 -0.249367
0.255102 -0.247541
0.247449 -0.245997
0.262755 -0.243883
0.303571 -0.241774
0.341837 -0.240045
0.285714 -0.237591
0.293367 -0.234893
0.290816 -0.233239
0.214286 -0.231988
0.237245 -0.230724
0.270408 -0.229619
0.262755 -0.228899
0.247449 -0.228207
0.293367 -0.227508
0.306122 -0.226144
0.267857 -0.224335
0.278061 -0.221141
0.290816 -0.217974
0.278061 -0.214189
0.285714 -0.209861
0.265306 -0.205141
0.255102 -0.200142
0.204082 -0.195318
0.214286 -0.190297
0.232143 -0.185658
0.168367 -0.180062
0.186224 -0.174391
0.127551 -0.169337
0.135204 -0.164332
0.183673 -0.15931
0.186224 -0.155313
0.168367 -0.15149
0.219388 -0.14819
0.237245 -0.144674
0.242347 -0.141314
0.329082 -0.137654
0.395408 -0.134405
0.382653 -0.130707
0.413265 -0.12707
0.441327 -0.123612
0.431122 -0.119799
0.420918 -0.115914
0.466837 -0.112527
0.471939 -0.1086
0.418367 -0.104479
0.408163 -0.100932
0.47449 -0.0968312
0.456633 -0.0935268
0.375 -0.0901299
0.385204 -0.0871627
0.362245 -0.0830023
0.34949 -0.0784725
0.346939 -0.0737413
0.377551 -0.0698174
0.321429 -0.065784
0.311224 -0.0614123
0.313776 -0.0568498
0.257653 -0.0520961
0.214286 -0.0472018
0.255102 -0.0426766
0.265306 -0.0385298
0.306122 -0.0347973
0.341837 -0.0306711
0.344388 -0.0268683
0.362245 -0.0228972
0.303571 -0.0193228
0.295918 -0.0167316
0.303571 -0.0147738
0.229592 -0.0134409
0.278061 -0.0115547
0.242347 -0.0102931
0.22449 -0.00907464
0.221939 -0.00763376
0.221939 -0.00619897
0.242347 -0.00520309
0.255102 -0.00359359
0.267857 -0.00137222
0.288265 0.00136397
0.293367 0.00313489
0.298469 0.00487808
0.341837 0.00640019
0.306122 0.00785507
0.341837 0.0095127
0.308673 0.0106773
0.321429 0.0116351
0.372449 0.0125354
0.341837 0.0128231
0.387755 0.0136092
0.418367 0.0142238
0.420918 0.0140021
0.367347 0.0134759
0.311224 0.0130581
0.308673 0.0130424
0.290816 0.0130937
0.272959 0.0137165
0.311224 0.0135403
0.270408 0.0136553
0.329082 0.0139898
0.308673 0.014687
0.283163 0.0150681
0.260204 0.0156845
0.272959 0.0166381
0.265306 0.0164216
0.278061 0.0162733
0.239796 0.0156712
0.252551 0.0152077
0.209184 0.0144455
0.209184 0.0134626
0.196429 0.0127935
0.209184 0.0129769
0.173469 0.0131578
0.186224 0.0135527
0.25 0.0132785
0.227041 0.0128007
0.229592 0.0121642
0.252551 0.0107744
0.247449 0.0102185
0.239796 0.00939332
0.283163 0.00897874
0.285714 0.00824772
0.311224 0.00732111
0.359694 0.00595485
0.336735 0.00470149
0.331633 0.00365887
0.326531 0.00331154
0.293367 0.00293105
0.344388 0.00329484
0.306122 0.00424688
0.219388 0.00407418
0.165816 0.00364726
0.165816 0.00227245
0.209184 0.00132815
0.27551 -0.000432466
0.326531 -0.0020878
0.357143 -0.00371462
0.359694 -0.00568716
0.405612 -0.00770175
0.431122 -0.0105081
0.436224 -0.0128301
0.387755 -0.014969
0.40051 -0.0172956
0.415816 -0.0199697
0.34949 -0.0223238
0.359694 -0.0248351
0.367347 -0.0264132
0.329082 -0.0270978
0.334184 -0.0276116
0.298469 -0.0285653
0.270408 -0.0294113
0.308673 -0.0304209
0.375 -0.031884
0.385204 -0.03383
0.40051 -0.0356973
0.418367 -0.0373642
0.354592 -0.0387048
0.372449 -0.0398753
0.40051 -0.0410285
0.423469 -0.0419336
0.466837 -0.0431721
0.471939 -0.0446978
0.438776 -0.0450617
0.438776 -0.0450092
0.387755 -0.0453098
0.380102 -0.0458195
0.364796 -0.0457959
0.34949 -0.0456669
0.40051 -0.0458444
0.375 -0.0455933
0.392857 -0.0440242
0.390306 -0.0428119
0.334184 -0.0417901
0.34949 -0.0401867
0.339286 -0.0388834
0.352041 -0.0384623
0.364796 -0.0375346
0.369898 -0.0356197
0.375 -0.0334732
0.413265 -0.0312993
0.346939 -0.0285451
0.367347 -0.0261458
0.372449 -0.0241369
0.387755 -0.0224897
0.357143 -0.0206461
0.329082 -0.0183277
0.30102 -0.0160473
0.278061 -0.012992
0.272959 -0.00921806
0.247449 -0.00507065
0.158163 -0.00190442
0.0892857 0.00104252
0.0790816 0.00438852
0.0535714 0.00738355
0.0561224 0.010551
0.0459184 0.0125845
0.0102041 0.0154201
0.0663265 0.018558
0.102041 0.0220994
0.0790816 0.0262154
0.0943878 0.0300264
0.0765306 0.0337665
0.0612245 0.037142
0.0561224 0.039831
0.0561224 0.0431924
0.0816327 0.0462631
0.0790816 0.0495453
0.0433673 0.0531235
0.0357143 0.0553113
0.0331633 0.0573944
0.0331633 0.0597795
0.00765306 0.0624696
0.0892857 0.0655107
0.0867347 0.068802
0.0408163 0.0721438
0.0153061 0.0751559
0.0382653 0.079221
0.0510204 0.082573
0.0637755 0.0849633
0.0867347 0.086528
0.119898 0.0876845
0.140306 0.088678
0.201531 0.090915
0.290816 0.0928794
0.32398 0.0944984
0.216837 0.0962869
0.165816 0.0979435
0.132653 0.100238
0.114796 0.102001
0.153061 0.103487
0.142857 0.104532
0.117347 0.105068
0.107143 0.106194
0.173469 0.107962
0.165816 0.110382
0.165816 0.113121
0.247449 0.115808
0.239796 0.117567
0.260204 0.118801
0.221939 0.12056
0.219388 0.121708
0.206633 0.123136
0.170918 0.124688
0.163265 0.125251
0.188776 0.125873
0.204082 0.126264
0.229592 0.127169
0.201531 0.128647
0.196429 0.130282
0.216837 0.131499
0.211735 0.133033
0.132653 0.133386
0.15051 0.133795
0.165816 0.133915
0.219388 0.132798
0.216837 0.132286
0.232143 0.132243
0.232143 0.131721
0.232143 0.131494
0.260204 0.130595
0.252551 0.129425
0.196429 0.128196
0.209184 0.127075
0.221939 0.126912
0.262755 0.126497
0.25 0.12568
0.295918 0.124746
0.262755 0.123862
0.267857 0.123782
0.290816 0.12364
0.232143 0.123883
0.211735 0.125036
0.186224 0.125792
0.19898 0.126863
0.234694 0.12788
0.242347 0.128678
0.260204 0.129983
0.265306 0.131694
0.232143 0.133119
0.227041 0.134344
0.283163 0.135088
0.278061 0.13549
0.403061 0.136823
0.443878 0.137793
0.497449 0.138233
0.479592 0.138362
0.548469 0.138105
0.469388 0.138279
0.44898 0.138114
0.484694 0.137084
0.515306 0.136753
0.543367 0.136757
0.571429 0.137095
0.522959 0.137339
0.52551 0.137524
0.558673 0.137773
0.586735 0.138776
0.579082 0.140538
0.571429 0.141813
0.586735 0.142478
0.614796 0.143534
0.556122 0.14496
0.528061 0.146407
0.545918 0.147844
0.558673 0.148968
0.581633 0.150013
0.530612 0.151511
0.55102 0.153027
0.558673 0.153544
0.566327 0.15407
0.604592 0.154132
0.637755 0.154928
0.612245 0.15572
0.642857 0.156653
0.65051 0.157937
0.625 0.159395
0.673469 0.16093
0.681122 0.162911
0.640306 0.164741
0.670918 0.166678
0.67602 0.168723
0.670918 0.170886
0.714286 0.172968
0.683673 0.174238
0.691327 0.17577
0.719388 0.17712
0.770408 0.177597
0.757653 0.177078
0.811224 0.176371
0.811224 0.175183
0.803571 0.173486
0.798469 0.171596
0.826531 0.169678
0.808673 0.167168
0.82398 0.164822
0.854592 0.16259
0.821429 0.160479
0.821429 0.158495
0.755102 0.156801
0.706633 0.155954
0.696429 0.154677
0.701531 0.153319
0.706633 0.152568
0.729592 0.152089
0.72449 0.150646
0.75 0.149207
0.747449 0.148006
0.727041 0.146281
0.732143 0.144492
0.72449 0.142797
0.729592 0.14092
0.683673 0.139157
0.714286 0.137068
0.719388 0.135055
0.709184 0.132401
0.75 0.129602
0.734694 0.127566
0.757653 0.1253
0.816327 0.123485
0.829082 0.121218
0.821429 0.119331
0.780612 0.117434
0.755102 0.115331
0.737245 0.11271
0.727041 0.109656
0.734694 0.105659
0.790816 0.101151
0.803571 0.0974142
0.77551 0.0937455
0.721939 0.0904705
0.686224 0.0875608
0.693878 0.0844334
0.716837 0.0815754
0.693878 0.0790185
0.681122 0.076969
0.686224 0.0754751
0.714286 0.0739342
0.77551 0.0721894
0.737245 0.0714265
0.653061 0.0712368
0.604592 0.0708351
0.55102 0.0702137
0.566327 0.0690946
0.55102 0.0676106
0.512755 0.0662552
0.540816 0.0650804
0.528061 0.0633958
0.461735 0.0625244
0.418367 0.0609919
0.408163 0.0601529
0.42602 0.059425
0.40051 0.0583792
0.408163 0.0572522
0.380102 0.0556474
0.392857 0.0534313
0.405612 0.0516274
0.433673 0.0496836
0.502551 0.0483277
0.464286 0.0466162
0.538265 0.0446077
0.591837 0.0421813
0.604592 0.039206
0.584184 0.0365845
0.581633 0.0343494
0.540816 0.0314179
0.522959 0.0281587
0.558673 0.0244116
0.535714 0.0212874
0.563776 0.018258
0.553571 0.0145414
0.558673 0.0111133
0.602041 0.00749294
0.663265 0.00489792
0.622449 0.00248128
0.632653 0.000516669
0.632653 -0.00155926
0.589286 -0.00280825
0.515306 -0.00488627
0.561224 -0.00565026
0.492347 -0.00624338
0.420918 -0.00728191
0.418367 -0.00858817
0.418367 -0.00992298
0.367347 -0.0117329
0.339286 -0.0129807
0.329082 -0.0144303
0.32398 -0.0164206
0.267857 -0.0179747
0.239796 -0.0193281
0.295918 -0.0202967
0.270408 -0.0220267
0.270408 -0.0240756
0.267857 -0.0263619
0.293367 -0.0285109
0.316327 -0.0312832
0.285714 -0.0347024
0.331633 -0.0380142
0.40051 -0.0414526
0.397959 -0.0448297
0.410714 -0.0478559
0.382653 -0.0512152
0.40051 -0.0547769
0.369898 -0.0579403
0.362245 -0.0610769
0.34949 -0.0642247
0.413265 -0.0669075
0.42602 -0.0691516
0.334184 -0.0721716
0.362245 -0.0737801
0.321429 -0.0751437
0.298469 -0.0759204
0.280612 -0.0768043
0.260204 -0.0777729
0.227041 -0.0785397
0.17602 -0.080101
0.244898 -0.0821262
0.239796 -0.0845975
0.204082 -0.0873263
0.191327 -0.090682
0.257653 -0.0941129
0.303571 -0.0982058
0.316327 -0.103534
0.367347 -0.107952
0.369898 -0.112553
0.385204 -0.117824
0.362245 -0.122334
0.395408 -0.127279
0.382653 -0.13335
0.418367 -0.139044
0.459184 -0.145249
0.484694 -0.150806
0.512755 -0.156661
0.522959 -0.161931
0.566327 -0.167128
0.530612 -0.171688
0.5 -0.176197
0.535714 -0.180588
0.556122 -0.18518
0.535714 -0.189765
0.522959 -0.193919
0.5 -0.198079
0.5 -0.20262
0.520408 -0.207696
0.589286 -0.212402
0.617347 -0.216636
0.625 -0.22069
0.627551 -0.224575
0.696429 -0.228239
0.69898 -0.230704
0.706633 -0.233857
0.72449 -0.236455
0.691327 -0.239387
0.653061 -0.242578
0.627551 -0.245092
0.630102 -0.247181
0.612245 -0.249417
0.579082 -0.251518
0.497449 -0.253327
0.576531 -0.254625
0.586735 -0.255667
0.568878 -0.25705
0.522959 -0.258215
0.533163 -0.259338
0.512755 -0.260281
0.502551 -0.260936
0.579082 -0.261872
0.545918 -0.262649
0.563776 -0.263601
0.594388 -0.263978
0.625 -0.264215
0.630102 -0.264485
0.655612 -0.265225
0.665816 -0.266205
0.642857 -0.267138
0.653061 -0.266968
0.607143 -0.26726
0.614796 -0.267651
0.632653 -0.267422
0.645408 -0.267083
0.696429 -0.267406
0.673469 -0.267494
0.647959 -0.267948
0.65051 -0.268534
0.691327 -0.269533
0.727041 -0.270061
0.762755 -0.270581
0.755102 -0.270342
0.778061 -0.270553
0.75 -0.270604
0.701531 -0.269738
0.658163 -0.270086
0.655612 -0.269817
0.630102 -0.269456
0.663265 -0.269143
0.645408 -0.268241
0.645408 -0.268547
0.614796 -0.268765
0.604592 -0.26841
0.645408 -0.268555
0.604592 -0.268076
0.678571 -0.267525
0.635204 -0.266806
0.647959 -0.265713
0.67602 -0.264029
0.67602 -0.26226
0.69898 -0.260084
0.688776 -0.25805
0.714286 -0.255771
0.683673 -0.253992
0.678571 -0.252722
0.670918 -0.251837
0.645408 -0.250679
0.640306 -0.249063
0.653061 -0.247678
0.714286 -0.247731
0.619898 -0.247235
0.660714 -0.246289
0.65051 -0.245767
0.688776 -0.2454
0.686224 -0.244957
0.691327 -0.244919
0.744898 -0.245054
0.734694 -0.244673
0.706633 -0.244506
0.693878 -0.24369
0.783163 -0.243132
0.80102 -0.242121
0.793367 -0.240881
0.80102 -0.239532
0.772959 -0.237553
0.737245 -0.235332
0.734694 -0.232908
0.72449 -0.231307
0.72449 -0.229904
0.757653 -0.22899
0.693878 -0.228401
0.670918 -0.227847
0.683673 -0.227458
0.691327 -0.226377
0.668367 -0.225473
0.660714 -0.224072
0.625 -0.222295
0.625 -0.221108
0.637755 -0.220729
0.627551 -0.219482
0.594388 -0.218459
0.571429 -0.217483
0.548469 -0.216453
0.579082 -0.214937
0.627551 -0.2139
0.640306 -0.212659
0.663265 -0.211216
0.645408 -0.210355
0.627551 -0.20938
0.663265 -0.208503
0.673469 -0.207697
0.668367 -0.206504
0.688776 -0.206034
0.721939 -0.205002
0.714286 -0.204826
0.704082 -0.205026
0.701531 -0.204721
0.716837 -0.20377
0.755102 -0.203009
0.721939 -0.201711
0.696429 -0.200145
0.737245 -0.198865
0.72449 -0.197259
0.678571 -0.195455
0.688776 -0.193847
0.670918 -0.193083
0.678571 -0.192447
0.721939 -0.19012
0.755102 -0.18743
0.757653 -0.185101
0.752551 -0.182394
0.742347 -0.180424
0.760204 -0.177419
0.721939 -0.175138
0.734694 -0.172577
0.696429 -0.169901
0.701531 -0.168322
0.67602 -0.166163
0.704082 -0.164736
0.734694 -0.163315
0.737245 -0.162109
0.778061 -0.160438
0.744898 -0.157924
0.716837 -0.155236
0.701531 -0.153096
0.663265 -0.1503
0.609694 -0.147597
0.614796 -0.144517
0.637755 -0.142506
0.663265 -0.141003
0.683673 -0.139287
0.704082 -0.138379
0.755102 -0.1368
0.755102 -0.135736
0.755102 -0.133314
0.747449 -0.130499
0.778061 -0.127463
0.798469 -0.124049
0.808673 -0.121135
0.757653 -0.118506
0.727041 -0.115512
0.742347 -0.113189
0.75 -0.11086
0.727041 -0.108192
0.704082 -0.105783
0.714286 -0.102848
0.744898 -0.100551
0.69898 -0.0988369
0.729592 -0.0972964
0.709184 -0.094226
0.739796 -0.0917875
0.752551 -0.0884799
0.721939 -0.0857367
0.72449 -0.0829862
0.673469 -0.0805683
0.681122 -0.0780406
0.739796 -0.0757332
0.691327 -0.0750169
0.673469 -0.0742393
0.719388 -0.0736043
0.742347 -0.0725938
0.785714 -0.0720831
0.783163 -0.0715559
0.727041 -0.0706588
0.714286 -0.0690813
0.716837 -0.0683125
0.719388 -0.0675132
0.719388 -0.0664758
0.706633 -0.0658978
0.688776 -0.0648945
0.655612 -0.064211
0.688776 -0.0638449
0.721939 -0.0631581
0.755102 -0.0626753
0.727041 -0.0626416
0.714286 -0.0627933
0.69898 -0.0634626
0.670918 -0.063582
0.670918 -0.0641396
0.737245 -0.0649731
0.747449 -0.0657608
0.77551 -0.0656861
0.785714 -0.065429
0.75 -0.0659003
0.72449 -0.0667264
0.772959 -0.0671255
0.772959 -0.0675279
0.762755 -0.0677744
0.744898 -0.0678208
0.734694 -0.0684567
0.721939 -0.0687292
0.673469 -0.0697882
0.681122 -0.0709431
0.673469 -0.0725318
0.678571 -0.074921
0.647959 -0.0762084
0.681122 -0.0767693
0.752551 -0.0775495
0.734694 -0.0787507
0.727041 -0.0804699
0.755102 -0.0818705
0.686224 -0.0832618
0.663265 -0.0830593
0.67602 -0.0827649
0.665816 -0.0828595
0.614796 -0.0827262
0.627551 -0.0819481
0.568878 -0.0811224
0.576531 -0.0808096
0.568878 -0.0795252
0.543367 -0.0778709
0.517857 -0.0763203
0.5 -0.0743167
0.543367 -0.0719265
0.522959 -0.0700263
0.469388 -0.0689037
0.482143 -0.0672255
0.487245 -0.066224
0.443878 -0.0661613
0.471939 -0.0649742
0.502551 -0.063416
0.5 -0.0614384
0.494898 -0.0591762
0.477041 -0.0569274
0.456633 -0.0551392
0.428571 -0.0539866
0.372449 -0.0526819
0.336735 -0.0509282
0.341837 -0.0507862
0.346939 -0.0500161
0.316327 -0.0485073
0.318878 -0.0474051
0.341837 -0.0456778
0.32398 -0.0440229
0.344388 -0.0416442
0.354592 -0.0392791
0.283163 -0.0364435
0.260204 -0.0341361
0.19898 -0.0313962
0.221939 -0.0297168
0.193878 -0.0268293
0.196429 -0.0246563
0.206633 -0.0226176
0.260204 -0.0200734
0.239796 -0.0168617
0.214286 -0.0139885
0.267857 -0.0121636
0.196429 -0.0102303
0.122449 -0.00796583
0.214286 -0.00608409
0.201531 -0.00471009
0.278061 -0.00284147
0.321429 -0.00170786
0.331633 -5.18682e-05
0.32398 0.00314212
0.270408 0.00570052
0.270408 0.00781134
0.280612 0.00959424
0.237245 0.011057
0.265306 0.0129317
0.239796 0.0143157
0.234694 0.015803
0.257653 0.0170261
0.331633 0.0192258
0.260204 0.021846
0.27551 0.0244953
0.25 0.0270495
0.32398 0.0287218
0.252551 0.0300363
0.19898 0.031595
0.219388 0.0325509
0.234694 0.0341682
0.221939 0.0360502
0.229592 0.0376557
0.247449 0.0389587
0.242347 0.0399316
0.278061 0.0405453
0.339286 0.042026
0.34949 0.0440461
0.341837 0.046655
0.357143 0.0495359
0.316327 0.0520581
0.280612 0.054975
0.30102 0.0582933
0.27551 0.0604996
0.262755 0.0627773
0.270408 0.0660825
0.272959 0.0690985
0.270408 0.0719175
0.237245 0.0753588
0.278061 0.0790249
0.22449 0.0825517
0.221939 0.0865871
0.165816 0.0906198
0.112245 0.0942574
0.165816 0.0975642
0.160714 0.102023
0.135204 0.106158
0.158163 0.109722
0.130102 0.112632
0.183673 0.115316
0.15051 0.118172
0.173469 0.120684
0.181122 0.122261
0.229592 0.122566
0.242347 0.122742
0.221939 0.122186
0.252551 0.121924
0.278061 0.121409
0.196429 0.120587
0.188776 0.120127
0.181122 0.11891
0.188776 0.118851
0.211735 0.118205
0.170918 0.117828
0.140306 0.11727
0.0484694 0.116999
0.0714286 0.116611
0.0561224 0.116095
0.0841837 0.115226
0.102041 0.11354
0.109694 0.111456
0.153061 0.109571
0.127551 0.108321
0.183673 0.107046
0.186224 0.105523
0.15051 0.104313
0.0280612 0.103013
0.00510204 0.101291
0.0102041 0.100081
0.0943878 0.0986406
0.0433673 0.0973066
0.0382653 0.0964901
0.0153061 0.0948643
0.0612245 0.0937398
0.0331633 0.0924139
0.0382653 0.0913217
0.0153061 0.0908862
0.0331633 0.0897558
0.0841837 0.0896669
0.0714286 0.0891296
0.117347 0.0884185
0.0765306 0.0877704
0.0841837 0.0866627
0.0357143 0.0846376
0.0178571 0.0832791
0.0229592 0.0813465
0.00255102 0.0795841
0.0204082 0.077883
0.00510204 0.0765946
0.0178571 0.0756697
0.0612245 0.073687
0.0408163 0.0710945
0.0204082 0.0691344
0.0255102 0.0670997
0.00255102 0.0653221
0.0357143 0.0642036
0.0994898 0.0623757
0.158163 0.0608938
0.227041 0.0604881
0.22449 0.0598605
0.19898 0.0598377
0.204082 0.0591408
0.186224 0.0586289
0.0790816 0.0586558
0.0204082 0.0584829
0.0280612 0.0572893
0.0535714 0.0561405
0.0561224 0.0552566
0.0408163 0.0533841
0.0535714 0.0515275
0.107143 0.0495052
0.153061 0.0477884
0.160714 0.0467768
0.17602 0.0461756
0.130102 0.0460001
0.191327 0.0456147
0.155612 0.0454331
0.160714 0.0457604
0.130102 0.0466146
0.0918367 0.0469847
0.0816327 0.0469863
0.0943878 0.0467677
0.0612245 0.0470355
0.0612245 0.0473974
0.112245 0.0479468
0.0867347 0.0482973
0.0306122 0.0471886
0.00510204 0.0453317
0.0306122 0.0423536
0.0153061 0.0388462
0.0561224 0.0348543
0.104592 0.0299916
0.117347 0.0251667
0.145408 0.0193589
0.0841837 0.0144538
0.0612245 0.00999353
0.0459184 0.0054895
0.0994898 0.000684581
0.0510204 -0.00234303
0.0433673 -0.00415185
0.0535714 -0.00563768
0.0382653 -0.00760015
0.0688776 -0.00973306
0.142857 -0.0121647
0.0918367 -0.0143279
0.0841837 -0.0171481
0.0433673 -0.0195614
0.0229592 -0.0221872
0.0459184 -0.0238247
0.102041 -0.0251793
0.155612 -0.0271111
0.153061 -0.0290479
0.158163 -0.0311504
0.145408 -0.0328048
0.155612 -0.0336227
0.0867347 -0.0349256
0.137755 -0.0363118
0.0994898 -0.0387034
0.102041 -0.0399939
0.0739796 -0.0417154
0.137755 -0.044167
0.153061 -0.0473889
0.130102 -0.0504131
0.0586735 -0.0526618
0.0637755 -0.0558674
0.0586735 -0.0583426
0.125 -0.0615661
0.142857 -0.063869
0.0943878 -0.0656749
0.0586735 -0.0679398
0.102041 -0.0708622
0.168367 -0.0741358
0.191327 -0.076901
0.19898 -0.079784
0.219388 -0.0820068
0.237245 -0.0840361
0.267857 -0.0866112
0.22449 -0.0893449
0.173469 -0.0914711
0.219388 -0.093635
0.22449 -0.0953305
0.229592 -0.0969661
0.219388 -0.0981814
0.132653 -0.0991078
0.142857 -0.0998623
0.112245 -0.101195
0.135204 -0.103272
0.135204 -0.105173
0.0663265 -0.107008
0.0280612 -0.10929
0.0459184 -0.111177
0.0535714 -0.113524
0.0841837 -0.116502
0.0637755 -0.118566
0.00255102 -0.121077
0.0204082 -0.123628
0.0408163 -0.126056
0.0535714 -0.128516
0.00510204 -0.130988
0.00255102 -0.133221
0.0306122 -0.135324
0.0382653 -0.136754
0.0280612 -0.138125
0.00255102 -0.140969
0.0280612 -0.143549
0.0153061 -0.146503
0.0816327 -0.149593
0.104592 -0.153558
0.0943878 -0.156788
0.112245 -0.159894
0.0586735 -0.162798
0.0994898 -0.165713
0.0790816 -0.168114
0.132653 -0.170596
0.0969388 -0.173444
0.0994898 -0.175834
0.112245 -0.178304
0.122449 -0.180796
0.145408 -0.183419
0.130102 -0.184862
0.132653 -0.186856
0.137755 -0.188726
0.196429 -0.191599
0.239796 -0.193989
0.283163 -0.195034
0.257653 -0.196075
0.336735 -0.196912
0.344388 -0.19717
0.339286 -0.197038
0.316327 -0.197061
0.34949 -0.197062
0.375 -0.197263
0.364796 -0.197182
0.397959 -0.197295
0.405612 -0.196693
0.415816 -0.196079
0.375 -0.196014
0.42602 -0.195674
0.387755 -0.194995
0.410714 -0.194717
0.428571 -0.194427
0.441327 -0.193186
0.431122 -0.191571
0.454082 -0.189844
0.431122 -0.188072
0.420918 -0.186245
0.456633 -0.185018
0.461735 -0.18409
0.44898 -0.183424
0.42602 -0.18403
0.471939 -0.184386
0.436224 -0.184728
0.428571 -0.184795
0.443878 -0.183216
0.446429 -0.182041
0.464286 -0.180539
0.505102 -0.178085
0.561224 -0.175304
0.548469 -0.172827
0.571429 -0.169675
0.609694 -0.16649
0.625 -0.16333
0.653061 -0.159994
0.637755 -0.1554
0.619898 -0.151621
0.625 -0.148263
0.602041 -0.145079
0.591837 -0.141563
0.602041 -0.137487
0.579082 -0.132195
0.591837 -0.126866
0.535714 -0.120986
0.510204 -0.115818
0.466837 -0.110303
0.466837 -0.104204
0.418367 -0.0987254
0.451531 -0.0933503
0.469388 -0.0879124
0.42602 -0.0821112
0.461735 -0.0765425
0.443878 -0.0708196
0.413265 -0.0646702
0.387755 -0.0597142
0.405612 -0.0535707
0.387755 -0.0491474
0.410714 -0.0451941
0.372449 -0.0407619
0.443878 -0.0368732
0.433673 -0.0338838
0.410714 -0.0308046
0.469388 -0.0271929
0.446429 -0.0230701
0.40051 -0.0197251
0.362245 -0.016092
0.377551 -0.0126814
0.420918 -0.00909391
0.42602 -0.00484337
0.318878 0.000641955
0.290816 0.0059901
0.403061 0.0111339
0.357143 0.0166832
0.408163 0.0223854
0.446429 0.027339
0.484694 0.0326638
0.469388 0.0369355
0.505102 0.0410349
0.510204 0.045014
0.438776 0.0493234
0.44898 0.0530859
0.415816 0.056676
0.431122 0.0610515
0.438776 0.064078
0.451531 0.0671467
0.5 0.0696271
0.520408 0.0719647
0.556122 0.0739771
0.581633 0.0766299
0.617347 0.0792166
0.678571 0.0816282
0.670918 0.0837832
0.681122 0.085681
0.716837 0.0870831
0.732143 0.0881248
0.72449 0.0887126
0.706633 0.088764
0.719388 0.0893669
0.704082 0.0899509
0.714286 0.0907326
0.678571 0.0913448
0.635204 0.0924105
0.579082 0.0938731
0.586735 0.0951975
0.589286 0.0971668
0.604592 0.0991201
0.602041 0.100462
0.59949 0.101721
0.571429 0.1026
0.607143 0.103557
0.622449 0.103675
0.660714 0.104295
0.673469 0.105025
0.673469 0.105492
0.683673 0.105754
0.683673 0.105603
0.688776 0.106341
0.691327 0.107429
0.653061 0.108531
0.558673 0.10971
0.558673 0.110566
0.561224 0.111218
0.612245 0.111172
0.65051 0.110471
0.640306 0.110379
0.668367 0.109902
0.642857 0.109441
0.619898 0.108338
0.663265 0.106797
0.704082 0.104628
0.668367 0.101553
0.701531 0.0990553
0.701531 0.0959102
0.69898 0.0923654
0.686224 0.0881621
0.704082 0.084216
0.688776 0.0799818
0.604592 0.075031
0.681122 0.0700809
0.645408 0.0653887
0.673469 0.0607789
0.688776 0.0564281
0.678571 0.0534104
0.678571 0.0512505
0.663265 0.049698
0.69898 0.0477183
0.670918 0.0453729
0.686224 0.0425967
0.701531 0.039728
0.65051 0.0380124
0.614796 0.0367613
0.591837 0.0363629
0.655612 0.0353415
0.734694 0.0350777
0.716837 0.033557
0.742347 0.0317789
0.747449 0.0308699
0.704082 0.0301908
0.75 0.0300628
0.686224 0.0306046
0.709184 0.0306373
0.709184 0.0315841
0.729592 0.0331758
0.734694 0.0347794
0.716837 0.0358451
0.721939 0.0360672
0.704082 0.0361041
0.752551 0.0371021
0.742347 0.0392866
0.762755 0.0415416
0.795918 0.0437825
0.788265 0.044616
0.744898 0.0459119
0.686224 0.0476456
0.696429 0.0489445
0.683673 0.0500359
0.65051 0.0494865
0.619898 0.0491931
0.625 0.0482951
0.584184 0.0479397
0.625 0.047704
0.625 0.047407
0.619898 0.0472166
0.607143 0.0469908
0.594388 0.0465659
0.658163 0.0470921
0.653061 0.0477878
0.596939 0.0487669
0.653061 0.0497883
0.607143 0.0504882
0.591837 0.0514723
0.576531 0.0520463
0.5 0.052408
0.522959 0.051609
0.510204 0.0500075
0.466837 0.0492891
0.459184 0.0491833
0.487245 0.0489728
0.469388 0.0478272
0.469388 0.0469816
0.433673 0.046341
0.385204 0.0463038
0.42602 0.0466844
0.428571 0.0469878
0.456633 0.0475651
0.413265 0.0485799
0.377551 0.0489471
0.375 0.0492653
0.362245 0.0497833
0.326531 0.051128
0.295918 0.0534937
0.278061 0.0561183
0.234694 0.0582332
0.216837 0.05956
0.229592 0.0599264
0.214286 0.0605653
0.178571 0.0613549
0.204082 0.0614375
0.193878 0.0621152
0.181122 0.0636667
0.15051 0.0653893
0.168367 0.0668174
0.132653 0.0680072
0.0994898 0.0678826
0.0459184 0.0678496
0.0433673 0.0680065
0.0663265 0.0687255
0.0382653 0.0703739
0.0127551 0.0725047
0.0637755 0.0748851
0.0433673 0.0763148
0.0382653 0.0774825
0.0153061 0.0779651
0.0229592 0.0784022
0.0357143 0.079853
0.0102041 0.0812078
0.00255102 0.0822095
0.0586735 0.0833084
0.140306 0.0849208
0.181122 0.0861334
0.186224 0.0876904
0.25 0.0889584
0.265306 0.0901742
0.196429 0.0913337
0.183673 0.0933848
0.196429 0.0949155
0.22449 0.0967875
0.214286 0.09887
0.227041 0.100743
0.206633 0.101985
0.168367 0.101878
0.0892857 0.102037
0.0969388 0.102323
0.0918367 0.102012
0.127551 0.100869
0.114796 0.100213
0.114796 0.0991272
0.15051 0.0980677
0.160714 0.0969743
0.170918 0.095704
0.168367 0.0944318
0.109694 0.0928486
0.109694 0.091137
0.114796 0.0895702
0.17602 0.0888752
0.158163 0.0882786
0.119898 0.0876461
0.160714 0.0871002
0.201531 0.0867071
0.196429 0.0860119
0.155612 0.0848125
0.142857 0.084278
0.114796 0.0846017
0.0969388 0.0852019
0.0765306 0.0853355
0.102041 0.0867042
0.0663265 0.0880627
0.0408163 0.0892486
0.0204082 0.0904609
0.0867347 0.0919785
0.102041 0.0937365
0.114796 0.0957632
0.147959 0.0979896
0.0612245 0.0997363
0.114796 0.101869
0.130102 0.105015
0.117347 0.107856
0.153061 0.111108
0.19898 0.114212
0.119898 0.117205
0.109694 0.120283
0.0688776 0.12348
0.0178571 0.126608
0.0102041 0.130102
0.00765306 0.133316
0.0510204 0.135575
0.00255102 0.137938
0.0816327 0.14011
0.0892857 0.14272
0.0688776 0.145233
0.0663265 0.147717
0.0637755 0.150314
0.0561224 0.15224
0.0663265 0.15513
0.114796 0.158338
0.0969388 0.16144
0.0892857 0.164286
0.0561224 0.167218
0.117347 0.170065
0.104592 0.17325
0.112245 0.176673
0.127551 0.179874
0.158163 0.182551
0.130102 0.184977
0.178571 0.188225
0.158163 0.190301
0.181122 0.191465
0.183673 0.192709
0.147959 0.194329
0.135204 0.194887
0.122449 0.196075
0.109694 0.197281
0.112245 0.197716
0.114796 0.197868
0.0535714 0.198192
0.0739796 0.198142
0.0892857 0.19777
0.0816327 0.196884
0.132653 0.196907
0.0994898 0.196387
0.135204 0.195805
0.140306 0.195976
0.125 0.196567
0.109694 0.197703
0.0510204 0.198442
0.0586735 0.200483
0.0612245 0.201698
0.0867347 0.201226
0.0612245 0.200543
0.109694 0.200338
0.0841837 0.199331
0.0969388 0.198933
0.0331633 0.197955
0.00765306 0.197054
0.00510204 0.195152
0.0459184 0.193052
0.0841837 0.190937
0.0994898 0.188861
0.0153061 0.186559
0.0739796 0.183189
0.0612245 0.181188
0.0433673 0.178331
0.0382653 0.17614
0.00510204 0.173857
0.0510204 0.17128
0.00510204 0.169055
0.0153061 0.166758
0.0102041 0.164578
0.0178571 0.162216
0.0127551 0.159651
0.0153061 0.156581
0.0663265 0.154136
0.0561224 0.152036
0.0816327 0.149556
0.142857 0.146772
0.132653 0.144574
0.104592 0.142518
0.0688776 0.140307
0.0255102 0.136986
0.0510204 0.133298
0.0663265 0.129301
0.0892857 0.126345
0.0433673 0.123713
0.0790816 0.119862
0.0408163 0.117032
0.0663265 0.11319
0.0357143 0.110115
0.0484694 0.10739
0.0637755 0.10443
0.0688776 0.10141
0.102041 0.0991541
0.0586735 0.0968042
0.0765306 0.0942206
0.0127551 0.0924556
0.0382653 0.0908922
0.0178571 0.0880667
0.0408163 0.086573
0.0918367 0.0848256
0.0943878 0.0824987
0.0433673 0.0795537
0.0612245 0.0762188
0.0586735 0.073327
0.0357143 0.0710782
0.0994898 0.0690618
0.117347 0.0676179
0.0663265 0.0667473
0.00255102 0.0651588
0.00510204 0.0631323
0.0561224 0.0611449
0.0637755 0.0591627
0.0459184 0.0577482
0.0790816 0.0570969
0.0714286 0.0563467
0.0969388 0.0550067
0.130102 0.0526567
0.127551 0.0503965
0.0918367 0.0466181
0.104592 0.0429215
0.122449 0.038652
0.119898 0.0351311
0.107143 0.0316563
0.0892857 0.028393
0.0433673 0.0249462
0.109694 0.0222361
0.147959 0.0190713
0.158163 0.0166158
0.137755 0.0146715
0.135204 0.0121552
0.196429 0.0108175
0.109694 0.0104767
0.0765306 0.0096539
0.107143 0.00863492
0.107143 0.00784885
0.15051 0.00712042
0.168367 0.00600354
0.193878 0.00439298
0.102041 0.0038464
0.137755 0.00316664
0.145408 0.00271379
0.204082 0.00288466
0.234694 0.00220121
0.206633 0.0024247
0.145408 0.00222978
0.107143 0.00222876
0.0637755 0.00210466
0.0637755 0.00101334
0.0204082 0.00136631
0.0433673 0.00263476
0.0739796 0.00453426
0.127551 0.00676049
0.0918367 0.00886781
0.00765306 0.0119726
0.0127551 0.0156531
0.0229592 0.0185972
0.0943878 0.0220195
0.119898 0.0259278
0.0867347 0.0294162
0.0637755 0.0335329
0.0535714 0.0375027
0.0994898 0.0417822
0.168367 0.045671
0.191327 0.0494228
0.22449 0.0535174
0.25 0.0573179
0.211735 0.0594483
0.227041 0.0611732
0.206633 0.063144
0.163265 0.0654819
0.153061 0.0676505
0.140306 0.0704109
0.191327 0.072868
0.173469 0.0749792
0.163265 0.0776693
0.140306 0.0802127
0.0943878 0.0824447
0.132653 0.085604
0.132653 0.0879957
0.0816327 0.0900664
0.0688776 0.0913603
0.0892857 0.0928011
0.0714286 0.0946534
0.0969388 0.0956538
0.0816327 0.0956569
0.135204 0.095572
0.0943878 0.0952628
0.0714286 0.09635
0.0637755 0.0980579
0.0612245 0.0994146
0.122449 0.100222
0.0459184 0.102308
0.0739796 0.104524
0.0739796 0.106692
0.0357143 0.108985
0.0535714 0.111387
0.0816327 0.113191
0.0790816 0.11463
0.119898 0.117335
0.0637755 0.119613
0.0841837 0.122212
0.0459184 0.125194
0.0561224 0.127847
0.0459184 0.129212
0.0357143 0.130531
0.0484694 0.132104
0.0586735 0.134219
0.0484694 0.136011
0.0331633 0.138171
0.0204082 0.13951
0.0280612 0.141269
0.0586735 0.142716
0.0714286 0.143402
0.0841837 0.145526
0.104592 0.147373
0.102041 0.150489
0.0816327 0.15364
0.0969388 0.155741
0.114796 0.157974
0.130102 0.159618
0.145408 0.161612
0.145408 0.163653
0.130102 0.165681
0.104592 0.167458
0.119898 0.169127
0.125 0.169836
0.127551 0.170629
0.130102 0.171259
0.147959 0.171806
0.137755 0.172488
0.112245 0.172485
0.155612 0.171686
0.15051 0.171623
0.15051 0.172654
0.22449 0.173562
0.221939 0.175479
0.204082 0.175857
0.19898 0.175797
0.206633 0.176051
0.183673 0.175909
0.196429 0.175316
0.209184 0.173974
0.229592 0.173026
0.181122 0.17311
0.15051 0.172861
0.140306 0.172694
0.158163 0.173138
0.191327 0.173971
0.221939 0.175982
0.214286 0.177416
0.272959 0.180014
0.270408 0.182849
0.285714 0.185947
0.227041 0.189402
0.158163 0.192221
0.158163 0.19474
0.170918 0.196988
0.219388 0.19955
0.242347 0.201304
0.285714 0.203513
0.313776 0.205971
0.357143 0.209704
0.367347 0.213957
0.364796 0.216957
0.272959 0.220324
0.316327 0.223552
0.318878 0.226459
0.336735 0.230301
0.354592 0.233225
0.311224 0.235965
0.357143 0.238441
0.436224 0.241095
0.408163 0.243479
0.456633 0.244834
0.456633 0.246231
0.456633 0.248737
0.397959 0.250322
0.405612 0.252105
0.377551 0.253603
0.410714 0.255308
0.436224 0.257296
0.431122 0.257813
0.413265 0.258536
0.415816 0.258336
0.408163 0.258834
0.436224 0.259048
0.436224 0.259671
0.454082 0.26094
0.415816 0.262485
0.42602 0.265053
0.418367 0.267179
0.459184 0.269317
0.40051 0.270838
0.415816 0.273085
0.40051 0.275451
0.346939 0.278526
0.339286 0.280595
0.308673 0.282521
0.334184 0.283736
0.346939 0.285362
0.290816 0.286304
0.283163 0.286382
0.280612 0.287021
0.22449 0.287406
0.170918 0.287924
0.165816 0.289046
0.142857 0.291029
0.155612 0.292103
0.147959 0.29321
0.122449 0.293434
0.0790816 0.2945
0.0535714 0.294853
0.0663265 0.294852
0.0229592 0.294946
0.0255102 0.295065
0.0382653 0.296474
0.0102041 0.297741
0.0153061 0.299491
0.0663265 0.300925
0.0688776 0.30313
0.0357143 0.30402
0.0586735 0.305127
0.0612245 0.306845
0.122449 0.307865
0.158163 0.308111
0.117347 0.30931
0.130102 0.309751
0.119898 0.309945
0.0816327 0.310066
0.0816327 0.309786
0.112245 0.309923
0.117347 0.309682
0.122449 0.309535
0.117347 0.309447
0.119898 0.309176
0.122449 0.309792
0.160714 0.30952
0.145408 0.309323
0.142857 0.309439
0.153061 0.309312
0.137755 0.309302
0.130102 0.308147
0.119898 0.30778
0.0918367 0.307546
0.0892857 0.306896
0.114796 0.305554
0.160714 0.304378
0.188776 0.302708
0.211735 0.301097
0.204082 0.299185
0.163265 0.297291
0.193878 0.294966
0.22449 0.29285
0.204082 0.291306
0.295918 0.289672
0.367347 0.288003
0.390306 0.286078
0.382653 0.284584
0.313776 0.283506
0.303571 0.281564
0.339286 0.280117
0.344388 0.279528
0.372449 0.278739
0.357143 0.278235
0.354592 0.277895
0.341837 0.278777
0.316327 0.279061
0.27551 0.278775
0.303571 0.278545
0.247449 0.277978
0.265306 0.278382
0.22449 0.278785
0.22449 0.279087
0.19898 0.279142
0.173469 0.279544
0.173469 0.280759
0.186224 0.28203
0.19898 0.283692
0.234694 0.285803
0.193878 0.287753
0.153061 0.289498
0.114796 0.291298
0.142857 0.292361
0.191327 0.293248
0.19898 0.295319
0.234694 0.297767
0.267857 0.298865
0.298469 0.2995
0.270408 0.299075
0.232143 0.298575
0.267857 0.298671
0.280612 0.29938
0.257653 0.299804
0.239796 0.301038
0.209184 0.302247
0.211735 0.303724
0.216837 0.304906
0.196429 0.306029
0.193878 0.306693
0.163265 0.307636
0.0994898 0.308593
0.0867347 0.308424
0.137755 0.308746
0.153061 0.308346
0.137755 0.308782
0.183673 0.308577
0.181122 0.309125
0.204082 0.309814
0.183673 0.310176
0.173469 0.310549
0.112245 0.311107
0.132653 0.310816
0.0892857 0.310497
0.0663265 0.309076
0.102041 0.307202
0.0816327 0.305233
0.0357143 0.303162
0.0510204 0.301416
0.00510204 0.299052
0.0637755 0.296952
0.0994898 0.294629
0.117347 0.293631
0.122449 0.291882
0.0561224 0.291656
0.0535714 0.290597
0.0943878 0.289452
0.0765306 0.289434
0.0612245 0.289136
0.0892857 0.288016
0.0943878 0.287076
0.112245 0.284623
0.0637755 0.281779
0.0586735 0.278898
0.0331633 0.276932
0.0994898 0.274866
0.160714 0.272794
0.142857 0.27048
0.145408 0.268233
0.119898 0.266266
0.142857 0.264196
0.0969388 0.262915
0.142857 0.260627
0.0739796 0.257903
0.0178571 0.255406
0.0765306 0.253289
0.0612245 0.252696
0.0484694 0.251822
0.0816327 0.249993
0.114796 0.247888
0.0841837 0.244721
0.112245 0.243433
0.0790816 0.242354
0.0586735 0.24103
0.102041 0.239311
0.0204082 0.236432
0.0994898 0.234247
0.0994898 0.23214
0.142857 0.230008
0.142857 0.227029
0.145408 0.223955
0.119898 0.222197
0.0918367 0.21889
0.0943878 0.215268
0.117347 0.211545
0.130102 0.207663
0.0969388 0.203608
0.0765306 0.20051
0.0459184 0.197222
0.102041 0.192954
0.00765306 0.189018
0.00510204 0.184593
0.00255102 0.180382
0.0204082 0.176312
0.0102041 0.172436
0.0102041 0.168566
0.0357143 0.164142
0.0306122 0.15898
0.0637755 0.153684
0.0204082 0.148738
0.0408163 0.144299
0.0637755 0.140123
0.00510204 0.135797
0.00765306 0.133132
0.0204082 0.129712
0.00765306 0.126542
0.0637755 0.123596
0.0102041 0.119284
0.0178571 0.11529
0.0408163 0.111101
0.104592 0.108301
0.137755 0.105164
0.0994898 0.10283
0.0841837 0.100848
0.0612245 0.0994425
0.0637755 0.0970813
0.0765306 0.0949078
0.0561224 0.0942335
0.0408163 0.0931853
0.0255102 0.0932587
0.0280612 0.0942163
0.0102041 0.0952039
0.00510204 0.0955193
0.0102041 0.0964479
0.0229592 0.09695
0.0331633 0.0967939
0.0102041 0.0975496
0.0229592 0.0979462
0.0102041 0.098473
0.0127551 0.0994436
0.107143 0.100211
0.0867347 0.100687
0.0943878 0.100873
0.0535714 0.101738
0.0178571 0.102818
0.0357143 0.103354
0.0229592 0.102908
0.0229592 0.10116
0.0204082 0.0998634
0.0306122 0.0995245
0.0765306 0.0992189
0.117347 0.0993892
0.211735 0.0990498
0.209184 0.0974145
0.227041 0.0956423
0.221939 0.094184
0.25 0.0929128
0.206633 0.0922837
0.214286 0.0912159
0.160714 0.0899241
0.109694 0.0873811
0.0790816 0.0835349
0.0586735 0.079731
0.114796 0.0758122
0.127551 0.0728921
0.153061 0.0701522
0.216837 0.0678976
0.234694 0.0668838
0.219388 0.0658182
0.216837 0.0644448
0.204082 0.0628797
0.168367 0.0606519
0.173469 0.0589542
0.186224 0.0572959
0.155612 0.0543998
0.181122 0.0521
0.204082 0.0498981
0.234694 0.0471231
0.155612 0.0440119
0.191327 0.040126
0.158163 0.0360714
0.158163 0.0329346
0.168367 0.0295315
0.0994898 0.0265591
0.0790816 0.0242492
0.0408163 0.0217919
0.0663265 0.020448
0.0280612 0.0176633
0.0637755 0.0141274
0.0153061 0.0106899
0.0229592 0.00623275
0 0.00173047
0.0918367 -0.00255953
0.135204 -0.00560487
0.0943878 -0.00840924
0.0994898 -0.0109269
0.15051 -0.0124682
0.132653 -0.0121325
0.15051 -0.0114868
0.114796 -0.0112129
0.132653 -0.0111444
0.0892857 -0.0108373
0.130102 -0.0106407
0.135204 -0.0111393
0.135204 -0.012267
0.0943878 -0.0133571
0.0714286 -0.0146282
0.0943878 -0.0178894
0.0688776 -0.0203695
0.130102 -0.0229607
0.125 -0.0253871
0.0459184 -0.0287374
0.107143 -0.0335248
0.142857 -0.0383822
0.127551 -0.0426086
0.114796 -0.0465722
0.140306 -0.0517316
0.137755 -0.0568337
0.130102 -0.0622108
0.122449 -0.0670926
0.186224 -0.0718834
0.193878 -0.0771742
0.227041 -0.0825651
0.280612 -0.0865569
0.209184 -0.089297
0.158163 -0.0925339
0.158163 -0.0946901
0.158163 -0.0974354
0.163265 -0.0996101
0.160714 -0.103012
0.140306 -0.106556
0.170918 -0.108754
0.127551 -0.110402
0.183673 -0.112957
0.181122 -0.114742
0.127551 -0.115591
0.0969388 -0.116546
0.0408163 -0.11748
0.0331633 -0.117917
0.0739796 -0.117698
0.0255102 -0.118581
0.0357143 -0.118935
0.0841837 -0.118329
0.0714286 -0.118208
0.0561224 -0.118978
0.0102041 -0.118609
0.00510204 -0.118845
0.0433673 -0.118405
0.0739796 -0.120005
0.0892857 -0.121735
0.130102 -0.123103
0.145408 -0.123946
0.186224 -0.12443
0.201531 -0.125197
0.147959 -0.126609
0.153061 -0.128117
0.155612 -0.129814
0.165816 -0.130845
0.204082 -0.13207
0.206633 -0.135158
0.260204 -0.137497
0.270408 -0.139673
0.267857 -0.143377
0.288265 -0.147455
0.239796 -0.150888
0.25 -0.154652
0.232143 -0.15764
0.216837 -0.159918
0.178571 -0.162707
0.163265 -0.164195
0.165816 -0.16543
0.168367 -0.165417
0.155612 -0.166343
0.132653 -0.166639
0.163265 -0.166543
0.158163 -0.167994
0.183673 -0.169064
0.17602 -0.170656
0.221939 -0.172326
0.255102 -0.172639
0.27551 -0.174353
0.267857 -0.175789
0.288265 -0.176714
0.239796 -0.177805
0.255102 -0.178635
0.193878 -0.179651
0.221939 -0.180208
0.303571 -0.180162
0.32398 -0.181317
0.40051 -0.182635
0.397959 -0.183573
0.367347 -0.185649
0.395408 -0.188333
0.369898 -0.190812
0.433673 -0.19262
0.436224 -0.195702
0.413265 -0.198329
0.367347 -0.202156
0.293367 -0.205193
0.270408 -0.208608
0.257653 -0.212649
0.204082 -0.217212
0.22449 -0.2221
0.272959 -0.226474
0.214286 -0.231027
0.15051 -0.233883
0.137755 -0.237648
0.114796 -0.241271
0.112245 -0.244948
0.0382653 -0.248756
0.00255102 -0.253555
0.0102041 -0.257689
0.0408163 -0.260704
0.0994898 -0.263954
0.0841837 -0.267248
0.0637755 -0.269625
0.0714286 -0.272425
0.0790816 -0.275647
0.145408 -0.278848
0.137755 -0.281861
0.104592 -0.284243
0.102041 -0.286513
0.127551 -0.289085
0.130102 -0.290371
0.102041 -0.291968
0.0357143 -0.294199
0.0612245 -0.297029
0.102041 -0.299205
0.119898 -0.301564
0.196429 -0.304203
0.183673 -0.306878
0.221939 -0.311092
0.247449 -0.315176
0.255102 -0.318354
0.278061 -0.321155
0.334184 -0.324468
0.375 -0.327631
0.326531 -0.329158
0.339286 -0.332097
0.318878 -0.334269
0.352041 -0.33582
0.331633 -0.337325
0.232143 -0.339144
0.25 -0.340922
0.265306 -0.342166
0.244898 -0.342202
0.27551 -0.340738
0.303571 -0.338925
0.34949 -0.336149
0.262755 -0.333572
0.27551 -0.331495
0.234694 -0.329387
0.229592 -0.326656
0.242347 -0.324267
0.221939 -0.320528
0.204082 -0.317307
0.201531 -0.31465
0.15051 -0.310865
0.25 -0.308257
0.25 -0.30475
0.237245 -0.302676
0.303571 -0.301428
0.344388 -0.300313
0.382653 -0.298483
0.408163 -0.296303
0.438776 -0.294937
0.423469 -0.293412
0.436224 -0.293268
0.451531 -0.293903
0.464286 -0.295741
0.454082 -0.297624
0.377551 -0.298667
0.410714 -0.30016
0.380102 -0.301593
0.321429 -0.302987
0.331633 -0.304665
0.290816 -0.306851
0.32398 -0.309226
0.295918 -0.311248
0.293367 -0.313506
0.211735 -0.316531
0.196429 -0.318849
0.204082 -0.321024
0.170918 -0.322001
0.142857 -0.324077
0.214286 -0.325219
0.229592 -0.326301
0.237245 -0.326455
0.204082 -0.32643
0.17602 -0.325965
0.178571 -0.32521
0.125 -0.324625
0.0867347 -0.324619
0.0510204 -0.324505
0.0892857 -0.323847
0.0357143 -0.322204
0.0892857 -0.320399
0.0841837 -0.318586
0.109694 -0.317134
0.112245 -0.314857
0.112245 -0.312369
0.0994898 -0.310826
0.0943878 -0.310115
0.0663265 -0.311205
0.117347 -0.312049
0.147959 -0.312541
0.191327 -0.313383
0.283163 -0.315751
0.262755 -0.316866
0.257653 -0.317692
0.270408 -0.319099
0.242347 -0.321494
0.204082 -0.323113
0.229592 -0.323764
0.280612 -0.323353
0.260204 -0.32357
0.255102 -0.323795
0.293367 -0.324885
0.25 -0.32571
0.206633 -0.32729
0.244898 -0.330066
0.334184 -0.333644
0.357143 -0.335898
0.364796 -0.338103
0.375 -0.339829
0.392857 -0.340686
0.431122 -0.342001
0.410714 -0.342068
0.395408 -0.341759
0.382653 -0.342394
0.34949 -0.341749
0.392857 -0.340258
0.44898 -0.337624
0.44898 -0.334084
0.44898 -0.331099
0.438776 -0.328476
0.479592 -0.326325
0.413265 -0.324637
0.431122 -0.323406
0.443878 -0.322036
0.471939 -0.321586
0.5 -0.319679
0.543367 -0.317452
0.530612 -0.313725
0.459184 -0.310373
0.441327 -0.306952
0.454082 -0.3034
0.390306 -0.299639
0.369898 -0.295997
0.413265 -0.291049
0.423469 -0.284824
0.423469 -0.279276
0.413265 -0.272635
0.431122 -0.267057
0.385204 -0.261356
0.311224 -0.25562
0.298469 -0.249818
0.295918 -0.244827
0.359694 -0.239071
0.364796 -0.233463
0.377551 -0.228257
0.375 -0.222684
0.369898 -0.217777
0.392857 -0.212332
0.446429 -0.207578
0.423469 -0.202154
0.377551 -0.197297
0.288265 -0.192202
0.255102 -0.186943
0.311224 -0.182476
0.318878 -0.177883
0.326531 -0.172493
0.32398 -0.165187
0.267857 -0.157881
0.255102 -0.150005
0.260204 -0.142939
0.255102 -0.136889
0.290816 -0.131023
0.329082 -0.123573
0.405612 -0.1159
0.423469 -0.109529
0.44898 -0.103488
0.438776 -0.0982667
0.446429 -0.0923171
0.489796 -0.0857731
0.561224 -0.0792811
0.512755 -0.0725661
0.515306 -0.0676217
0.5 -0.0618044
0.548469 -0.0569254
0.604592 -0.0508561
0.632653 -0.0449274
0.627551 -0.0396188
0.609694 -0.0338963
0.556122 -0.0271848
0.520408 -0.0221926
0.507653 -0.0177229
0.5 -0.0131428
0.433673 -0.00795454
0.42602 -0.00195707
0.390306 0.00377689
0.359694 0.0105788
0.397959 0.0168052
0.385204 0.0235483
0.362245 0.029791
0.34949 0.0363756
0.367347 0.0423189
0.341837 0.0490483
0.346939 0.0553127
0.331633 0.0616416
0.311224 0.0676142
0.339286 0.0723333
0.359694 0.0765702
0.334184 0.0798976
0.30102 0.084605
0.306122 0.087825
0.346939 0.0908867
0.32398 0.0944014
0.32398 0.0981146
0.346939 0.102744
0.331633 0.107179
0.377551 0.111462
0.298469 0.114346
0.344388 0.115641
0.364796 0.116006
0.334184 0.11616
0.357143 0.11485
0.344388 0.114988
0.408163 0.116892
0.405612 0.117608
0.377551 0.11855
0.380102 0.119526
0.285714 0.121633
0.242347 0.123504
0.25 0.125139
0.270408 0.128062
0.280612 0.130696
0.186224 0.132964
0.168367 0.135331
0.178571 0.138921
0.147959 0.141485
0.237245 0.142894
0.252551 0.143511
0.260204 0.143933
0.295918 0.143977
0.30102 0.144056
0.262755 0.144829
0.313776 0.145268
0.293367 0.145213
0.346939 0.144327
0.321429 0.143627
0.316327 0.143049
0.290816 0.143923
0.306122 0.144942
0.270408 0.146279
0.234694 0.147192
0.163265 0.148607
0.17602 0.149934
0.125 0.150404
0.168367 0.15058
0.142857 0.151222
0.107143 0.152869
0.114796 0.154504
0.109694 0.156056
0.19898 0.156873
0.191327 0.158279
0.170918 0.160193
0.119898 0.162509
0.122449 0.163217
0.112245 0.163526
0.155612 0.16372
0.135204 0.163657
0.0459184 0.165223
0.0535714 0.166039
0.0484694 0.167497
0.0459184 0.168147
0.00255102 0.168131
0.0280612 0.167594
0.00765306 0.166611
0.112245 0.167342
0.140306 0.167808
0.201531 0.167318
0.221939 0.165489
0.219388 0.162023
0.170918 0.159366
0.191327 0.157199
0.260204 0.155903
0.290816 0.155674
0.280612 0.155556
0.283163 0.154582
0.306122 0.154469
0.283163 0.153294
0.303571 0.1534
0.306122 0.152767
0.306122 0.151172
0.247449 0.14888
0.329082 0.146611
0.387755 0.144309
0.372449 0.143339
0.364796 0.142714
0.408163 0.141668
0.431122 0.140488
0.387755 0.137726
0.362245 0.135019
0.375 0.131912
0.331633 0.128618
0.280612 0.126151
0.267857 0.122909
0.285714 0.118008
0.341837 0.11282
0.352041 0.106357
0.418367 0.0995727
0.40051 0.0939649
0.367347 0.0888883
0.352041 0.0844295
0.34949 0.0793524
0.390306 0.0745272
0.316327 0.0702419
0.311224 0.0665873
0.272959 0.0645626
0.290816 0.0621287
0.209184 0.0594053
0.178571 0.0569939
0.163265 0.0545966
0.158163 0.0521392
0.15051 0.0502615
0.165816 0.0481178
0.186224 0.0457379
0.209184 0.0430528
0.242347 0.0389846
0.227041 0.0340826
0.170918 0.030366
0.104592 0.0271417
0.122449 0.0249877
0.173469 0.0230389
0.104592 0.0210947
0.15051 0.01941
0.155612 0.0187551
0.142857 0.0171929
0.145408 0.0136263
0.0994898 0.0105175
0.125 0.00751656
0.163265 0.00492341
0.160714 0.00312374
0.173469 0.000660914
0.142857 -0.00226834
0.155612 -0.00442284
0.201531 -0.00704419
0.242347 -0.0088794
0.221939 -0.0108819
0.165816 -0.0142155
0.0433673 -0.0187412
0.0204082 -0.0226846
0.0612245 -0.0280875
0.0510204 -0.0303242
0.0816327 -0.0322679
0.114796 -0.0376441
0.0484694 -0.0425165
0.0561224 -0.0474494
0.0892857 -0.0501991
0.0382653 -0.0533333
0.0561224 -0.0545808
0.0229592 -0.0552807
0.0229592 -0.0573872
0.0612245 -0.0582164
0.0484694 -0.0577902
0.00255102 -0.0590698
0.0408163 -0.0602341
0.0280612 -0.0611434
0.0102041 -0.0626927
0.00255102 -0.0635131
0.0331633 -0.0644123
0.0739796 -0.0653809
0.127551 -0.0652046
0.125 -0.0647859
0.0994898 -0.0638088
0.0892857 -0.0618373
0.00510204 -0.0580059
0.0663265 -0.0545352
0.0739796 -0.050732
0.0229592 -0.047766
0.0229592 -0.0449267
0.0510204 -0.0412091
0.114796 -0.037402
0.107143 -0.0336026
0.0688776 -0.0294588
0.112245 -0.0258455
0.0739796 -0.02088
0.0918367 -0.0159463
0.125 -0.0107209
0.119898 -0.00550354
0.0663265 0.000161274
0.0765306 0.0063498
0.0484694 0.012224
0.0739796 0.0183643
0.0306122 0.0238292
0.0408163 0.0289263
0.0102041 0.0344381
0.0765306 0.0384059
0.0943878 0.041397
0.0892857 0.0458471
0.107143 0.0502912
0.117347 0.054314
0.0892857 0.0591864
0.0969388 0.0624211
0.119898 0.0663596
0.142857 0.0711879
0.158163 0.0761873
0.173469 0.0817137
0.142857 0.0862974
0.132653 0.0913535
0.0739796 0.0965655
0.125 0.100514
0.104592 0.104572
0.155612 0.108358
0.102041 0.110764
0.125 0.114148
0.173469 0.117184
0.170918 0.120663
0.178571 0.122887
0.229592 0.124472
0.25 0.127546
0.262755 0.130054
0.272959 0.130199
0.362245 0.130429
0.397959 0.130012
0.40051 0.129681
0.362245 0.129717
0.369898 0.129553
0.344388 0.129137
0.344388 0.128874
0.395408 0.127942
0.352041 0.128549
0.265306 0.127658
0.293367 0.126867
0.293367 0.12708
0.244898 0.127142
0.201531 0.126274
0.219388 0.124496
0.244898 0.122019
0.244898 0.120389
0.283163 0.118488
0.280612 0.116852
0.346939 0.115541
0.359694 0.114767
0.306122 0.113383
0.25 0.111288
0.260204 0.10981
0.298469 0.109304
0.288265 0.109652
0.326531 0.109512
0.303571 0.109572
0.308673 0.109294
0.285714 0.108674
0.341837 0.107157
0.372449 0.106539
0.367347 0.107065
0.397959 0.105793
0.413265 0.104621
0.346939 0.102579
0.375 0.101179
0.375 0.0999657
0.344388 0.0981708
0.40051 0.0962598
0.385204 0.0938865
0.397959 0.0908591
0.357143 0.0871552
0.380102 0.0851349
0.367347 0.0827978
0.431122 0.0803619
0.380102 0.0779196
0.461735 0.0757409
0.492347 0.0724554
0.479592 0.0699888
0.517857 0.0687894
0.505102 0.0668789
0.535714 0.0659503
0.576531 0.0636999
0.52551 0.0614074
0.545918 0.0584999
0.576531 0.0552107
0.540816 0.0522099
0.540816 0.0493971
0.533163 0.0466284
0.540816 0.0443657
0.614796 0.0420319
0.579082 0.0401911
0.612245 0.0374683
0.591837 0.035555
0.57398 0.0351839
0.594388 0.0344691
0.59949 0.0349826
0.617347 0.0361461
0.614796 0.0377731
0.57398 0.0392797
0.579082 0.0417249
0.576531 0.0438502
0.553571 0.0446187
0.596939 0.0452029
0.617347 0.0450452
0.563776 0.0447052
0.591837 0.044018
0.596939 0.0441458
0.635204 0.0444237
0.647959 0.0438513
0.632653 0.0414277
0.609694 0.0389411
0.568878 0.0361413
0.576531 0.0317891
0.581633 0.0291206
0.576531 0.0246896
0.530612 0.0197977
0.604592 0.0141867
0.589286 0.00911045
0.594388 0.00495634
0.576531 0.00207193
0.535714 -0.000970786
0.456633 -0.00394785
0.380102 -0.0073333
0.390306 -0.0118149
0.415816 -0.0158578
0.443878 -0.0198031
0.397959 -0.0246677
0.367347 -0.0291342
0.367347 -0.0327789
0.405612 -0.0362306
0.357143 -0.0398238
0.408163 -0.044876
0.44898 -0.0512685
0.461735 -0.0579682
0.47449 -0.0646798
0.492347 -0.0706279
0.482143 -0.0753573
0.494898 -0.0809058
0.451531 -0.0874831
0.428571 -0.0919203
0.433673 -0.0959593
0.510204 -0.0995052
0.545918 -0.103908
0.632653 -0.107738
0.548469 -0.110395
0.57398 -0.113267
0.543367 -0.115814
0.556122 -0.119006
0.512755 -0.123919
0.543367 -0.128412
0.594388 -0.132886
0.602041 -0.136685
0.658163 -0.1392
0.642857 -0.142781
0.635204 -0.14508
0.658163 -0.147506
0.630102 -0.149561
0.630102 -0.151148
0.609694 -0.153123
0.589286 -0.156688
0.614796 -0.160939
0.614796 -0.164072
0.619898 -0.166822
0.65051 -0.170249
0.688776 -0.172879
0.716837 -0.175178
0.704082 -0.177107
0.668367 -0.179592
0.655612 -0.18119
0.660714 -0.182127
0.716837 -0.184643
0.67602 -0.187992
0.686224 -0.191544
0.665816 -0.193449
0.686224 -0.195908
0.686224 -0.198257
0.655612 -0.199751
0.635204 -0.202454
0.630102 -0.204568
0.635204 -0.204687
0.645408 -0.202845
0.612245 -0.201077
0.640306 -0.199717
0.612245 -0.199413
0.614796 -0.19877
0.645408 -0.198769
0.673469 -0.196793
0.655612 -0.195043
0.625 -0.192854
0.627551 -0.190983
0.647959 -0.18862
0.673469 -0.187079
0.711735 -0.185114
0.696429 -0.181869
0.688776 -0.179617
0.617347 -0.175831
0.622449 -0.172924
0.596939 -0.168937
0.576531 -0.163255
0.612245 -0.157253
0.571429 -0.151852
0.517857 -0.147477
0.505102 -0.14264
0.469388 -0.137725
0.502551 -0.130322
0.436224 -0.122535
0.433673 -0.116986
0.352041 -0.110593
0.318878 -0.103692
0.359694 -0.0973079
0.30102 -0.0913144
0.354592 -0.0859312
0.339286 -0.0822353
0.346939 -0.0779281
0.367347 -0.0721006
0.40051 -0.0650437
0.441327 -0.059385
0.471939 -0.05359
0.469388 -0.0475053
0.469388 -0.0416609
0.44898 -0.0361987
0.423469 -0.0313473
0.443878 -0.0266515
0.512755 -0.0224053
0.515306 -0.0179733
0.520408 -0.0125292
0.528061 -0.00849099
0.487245 -0.0048676
0.487245 0.000440892
0.520408 0.00477729
0.517857 0.00910463
0.515306 0.014364
0.507653 0.0198836
0.571429 0.0251322
0.545918 0.0295484
0.528061 0.0347614
0.566327 0.039527
0.553571 0.0457192
0.55102 0.0492774
0.568878 0.0530157
0.586735 0.0587008
0.586735 0.0668273
0.538265 0.0744891
0.548469 0.0806775
0.604592 0.0879191
0.607143 0.0940736
0.59949 0.101143
0.591837 0.107301
0.625 0.113643
0.59949 0.120106
0.59949 0.125939
0.594388 0.131854
0.568878 0.136487
0.553571 0.14093
0.533163 0.143768
0.607143 0.147189
0.609694 0.149744
0.670918 0.152083
0.642857 0.153455
0.670918 0.154058
0.681122 0.153735
0.668367 0.152895
0.647959 0.15389
0.635204 0.154468
0.563776 0.152739
0.543367 0.151259
0.533163 0.147238
0.505102 0.143884
0.538265 0.141473
0.510204 0.138937
0.436224 0.13689
0.408163 0.134766
0.403061 0.131158
0.431122 0.128551
0.40051 0.125134
0.436224 0.121444
0.436224 0.116559
0.471939 0.110817
0.507653 0.10497
0.553571 0.100283
0.561224 0.0971309
0.589286 0.0940508
0.535714 0.0913236
0.571429 0.089142
0.538265 0.0875544
0.520408 0.0837264
0.522959 0.0798023
0.55102 0.0760138
0.535714 0.0728073
0.5 0.0693022
0.515306 0.0659183
0.52551 0.0637845
0.584184 0.0606611
0.548469 0.0574942
0.52551 0.0524332
0.553571 0.0482403
0.545918 0.0439872
0.528061 0.0399736
0.515306 0.0348569
0.553571 0.0315119
0.515306 0.0295793
0.5 0.0271066
0.517857 0.0251725
0.482143 0.0230733
0.543367 0.0213456
0.517857 0.0207921
0.52551 0.0185992
0.561224 0.0176718
0.576531 0.0158992
0.540816 0.015558
0.553571 0.0160625
0.571429 0.0153445
0.553571 0.0140696
0.502551 0.0123762
0.535714 0.0114668
0.52551 0.0109757
0.545918 0.00988216
0.57398 0.0100801
0.553571 0.0110232
0.561224 0.0109079
0.591837 0.0128026
0.589286 0.0140892
0.579082 0.0157398
0.548469 0.0162266
0.545918 0.0168953
0.497449 0.0166783
0.533163 0.0186807
0.556122 0.0209046
0.594388 0.0215711
0.558673 0.0230213
0.571429 0.0250591
0.622449 0.0278351
0.57398 0.0290803
0.604592 0.0305643
0.645408 0.0310244
0.688776 0.0310583
0.678571 0.0309822
0.647959 0.0312572
0.640306 0.0327242
0.668367 0.0330617
0.683673 0.0337719
0.67602 0.0337777
0.727041 0.0344434
0.716837 0.0360131
0.765306 0.03877
0.727041 0.0404825
0.744898 0.042306
0.714286 0.0440233
0.660714 0.0453316
0.637755 0.0480413
0.645408 0.0499942
0.627551 0.0512784
0.566327 0.0495009
0.558673 0.0474955
0.538265 0.0456996
0.543367 0.0448344
0.533163 0.0434503
0.494898 0.0429256
0.5 0.0423744
0.461735 0.0414121
0.436224 0.0401161
0.436224 0.038155
0.380102 0.0349257
0.354592 0.0324135
0.318878 0.0297931
0.369898 0.0264552
0.364796 0.0215968
0.357143 0.0154831
0.443878 0.0117807
0.431122 0.00773371
0.387755 0.00382036
0.382653 0.00107373
0.367347 -0.00291944
0.387755 -0.00559702
0.364796 -0.00961754
0.354592 -0.0146422
0.352041 -0.0205133
0.423469 -0.0267722
0.405612 -0.0332248
0.423469 -0.0404697
0.441327 -0.0472188
0.471939 -0.0547526
0.428571 -0.0612095
0.415816 -0.0699148
0.471939 -0.0767901
0.428571 -0.0822775
0.410714 -0.0856274
0.385204 -0.0901845
0.334184 -0.0950321
0.32398 -0.0989379
0.308673 -0.100956
0.293367 -0.10273
0.25 -0.104858
0.247449 -0.107511
0.270408 -0.112574
0.290816 -0.116368
0.283163 -0.119279
0.316327 -0.12099
0.308673 -0.123352
0.290816 -0.125202
0.272959 -0.127298
0.27551 -0.129571
0.290816 -0.130154
0.321429 -0.129991
0.262755 -0.132242
0.25 -0.13495
0.293367 -0.135908
0.278061 -0.135918
0.262755 -0.136654
0.252551 -0.138668
0.237245 -0.141505
0.221939 -0.142347
0.160714 -0.14368
0.201531 -0.143925
0.193878 -0.144996
0.19898 -0.146148
0.229592 -0.14745
0.209184 -0.146531
0.257653 -0.145785
0.288265 -0.144663
0.308673 -0.14213
0.295918 -0.139277
0.298469 -0.137881
0.280612 -0.135987
0.267857 -0.133217
0.298469 -0.131234
0.34949 -0.129158
0.306122 -0.126967
0.336735 -0.12352
0.30102 -0.119375
0.298469 -0.115978
0.278061 -0.112434
0.321429 -0.106835
0.326531 -0.101563
0.285714 -0.0952161
0.316327 -0.0888596
0.285714 -0.0846559
0.313776 -0.0811631
0.346939 -0.0775382
0.369898 -0.0738094
0.367347 -0.0720561
0.352041 -0.0702267
0.357143 -0.0674622
0.395408 -0.0647545
0.372449 -0.0602955
0.334184 -0.0551559
0.331633 -0.0503379
0.331633 -0.0464622
0.32398 -0.0419074
0.318878 -0.0372248
0.32398 -0.0327125
0.306122 -0.0283798
0.308673 -0.0245513
0.321429 -0.0217267
0.278061 -0.0184134
0.290816 -0.0169696
0.346939 -0.0142244
0.390306 -0.00890141
0.369898 -0.0023317
0.318878 0.00486146
0.290816 0.0120576
0.270408 0.0186564
0.357143 0.0259737
0.357143 0.0344808
0.354592 0.0429627
0.40051 0.0516917
0.428571 0.0571229
0.420918 0.0644455
0.385204 0.0712807
0.420918 0.0781015
0.482143 0.0870079
0.505102 0.0964488
0.487245 0.106661
0.469388 0.115975
0.487245 0.123893
0.510204 0.131838
0.530612 0.142082
0.563776 0.153327
0.543367 0.164344
0.520408 0.173448
0.556122 0.181457
0.589286 0.189766
0.589286 0.197615
0.59949 0.205729
0.591837 0.211436
0.584184 0.216678
0.594388 0.225537
0.586735 0.23508
0.609694 0.242365
0.586735 0.248747
0.535714 0.255457
0.517857 0.259726
0.533163 0.265903
0.538265 0.270896
0.515306 0.276279
0.581633 0.281749
0.594388 0.286353
0.558673 0.29166
0.535714 0.297048
0.556122 0.301736
0.553571 0.306158
0.520408 0.311413
0.510204 0.317468
0.512755 0.323111
0.543367 0.328776
0.533163 0.332678
0.522959 0.335976
0.505102 0.340362
0.530612 0.3446
0.530612 0.35038
0.477041 0.354508
0.461735 0.358086
0.431122 0.362382
0.454082 0.365983
0.436224 0.370473
0.443878 0.373019
0.42602 0.374837
0.40051 0.377505
0.392857 0.382752
0.392857 0.385465
0.395408 0.387975
0.344388 0.388794
0.34949 0.389925
0.372449 0.391022
0.377551 0.389611
0.367347 0.388217
0.344388 0.386507
0.34949 0.383833
0.255102 0.38025
0.293367 0.375988
0.262755 0.373385
0.216837 0.369008
0.158163 0.364102
0.193878 0.359953
0.188776 0.353858
0.165816 0.347173
0.155612 0.340548
0.163265 0.33378
0.135204 0.324018
0.234694 0.315893
0.19898 0.308936
0.221939 0.303307
0.160714 0.29858
0.147959 0.294202
0.135204 0.290018
0.0714286 0.28593
0.0637755 0.283578
0.0892857 0.283812
0.0204082 0.284719
0.0229592 0.282434
0.0918367 0.279844
0.132653 0.278098
0.125 0.275814
0.153061 0.274747
0.244898 0.272357
0.318878 0.269375
0.311224 0.265853
0.354592 0.263744
0.344388 0.26214
0.433673 0.260048
0.397959 0.25724
0.367347 0.254008
0.372449 0.250138
0.418367 0.2453
0.461735 0.23979
0.459184 0.234953
0.479592 0.229489
0.441327 0.223449
0.436224 0.215262
0.438776 0.205631
0.469388 0.196207
0.502551 0.186465
0.517857 0.176158
0.515306 0.167424
0.479592 0.155634
0.459184 0.144653
0.489796 0.133786
0.489796 0.12389
0.477041 0.113892
0.446429 0.101502
0.446429 0.0879285
0.469388 0.072779
0.443878 0.0584536
0.441327 0.0461933
0.477041 0.0325872
0.441327 0.0199243
0.466837 0.00757952
0.510204 -0.00581948
0.5 -0.0156589
0.454082 -0.0226476
0.44898 -0.026764
0.461735 -0.0327821
0.446429 -0.0382922
0.415816 -0.0421722
0.436224 -0.0492417
0.42602 -0.053609
0.438776 -0.0585238
0.482143 -0.0656389
0.433673 -0.0699191
0.446429 -0.074605
0.397959 -0.0805574
0.405612 -0.0861744
0.408163 -0.0922824
0.390306 -0.100234
0.321429 -0.107154
0.255102 -0.11426
0.242347 -0.122622
0.267857 -0.130603
0.247449 -0.140451
0.242347 -0.149844
0.237245 -0.161533
0.181122 -0.172814
0.227041 -0.183805
0.193878 -0.197546
0.17602 -0.210051
0.127551 -0.224399
0.107143 -0.237894
0.0790816 -0.249483
0.15051 -0.260488
0.15051 -0.273019
0.145408 -0.28478
0.127551 -0.297562
0.142857 -0.311239
0.104592 -0.32354
0.0612245 -0.334145
0.0535714 -0.346769
0 -0.357994
0.0102041 -0.370867
0.0382653 -0.383435
0.00510204 -0.397331
0.0510204 -0.409826
0.00255102 -0.420289
0.0102041 -0.430267
0.00255102 -0.438979
0.0127551 -0.447213
0.0561224 -0.454927
0.0127551 -0.463914
0.0459184 -0.471661
0.0739796 -0.479913
0.137755 -0.488341
0.183673 -0.4949
0.168367 -0.502383
0.183673 -0.507199
0.0765306 -0.512313
0.0127551 -0.519471
0.119898 -0.527426
0.191327 -0.534437
0.17602 -0.542404
0.244898 -0.54606
0.219388 -0.547624
0.17602 -0.551961
0.122449 -0.556631
0.135204 -0.561397
0.165816 -0.566618
0.147959 -0.571653
0.15051 -0.577946
0.216837 -0.582929
0.163265 -0.58738
0.158163 -0.589801
0.137755 -0.590697
0.137755 -0.591632
0.0969388 -0.590559
0.119898 -0.58906
0.0510204 -0.585992
0.0510204 -0.582579
0.0382653 -0.577914
0.00510204 -0.571584
0 -0.565566
0.00765306 -0.558429
0.0459184 -0.551847
0.0765306 -0.543638
0.0331633 -0.53569
0.0688776 -0.527363
0.0867347 -0.520461
0.119898 -0.510875
0.0994898 -0.503884
0.147959 -0.495989
0.125 -0.48529
0.214286 -0.475097
0.262755 -0.46632
0.232143 -0.459561
0.237245 -0.453289
0.229592 -0.449032
0.247449 -0.444529
0.344388 -0.439951
0.390306 -0.435395
0.382653 -0.431475
0.410714 -0.427898
0.415816 -0.423458
0.380102 -0.419478
0.316327 -0.413791
0.329082 -0.409273
0.357143 -0.403564
0.40051 -0.397773
0.385204 -0.388007
0.395408 -0.376144
0.313776 -0.363185
0.313776 -0.353464
0.339286 -0.342103
0.359694 -0.328908
0.30102 -0.31688
0.334184 -0.302533
0.364796 -0.286564
0.316327 -0.268131
0.278061 -0.251372
0.293367 -0.234015
0.313776 -0.217253
0.334184 -0.196154
0.290816 -0.177394
0.293367 -0.159335
0.30102 -0.142951
0.316327 -0.12562
0.341837 -0.107649
0.34949 -0.0920621
0.336735 -0.0785668
0.334184 -0.066791
0.316327 -0.0537042
0.290816 -0.0386101
0.339286 -0.021405
0.339286 -0.00201949
0.339286 0.0156955
0.326531 0.0333498
0.239796 0.0490636
0.285714 0.0631742
0.306122 0.0780477
0.303571 0.0916588
0.339286 0.102815
0.34949 0.112586
0.387755 0.120484
0.359694 0.126994
0.344388 0.133886
0.377551 0.138295
0.377551 0.142911
0.375 0.148699
0.341837 0.153172
0.346939 0.158217
0.357143 0.16508
0.334184 0.170651
0.316327 0.175446
0.346939 0.18176
0.375 0.188464
0.362245 0.195962
0.377551 0.203413
0.390306 0.209161
0.364796 0.216292
0.415816 0.225453
0.420918 0.240829
0.433673 0.256182
0.443878 0.272223
0.40051 0.284957
0.331633 0.300388
0.377551 0.311481
0.403061 0.321885
0.466837 0.331436
0.487245 0.339483
0.44898 0.347333
0.408163 0.349981
0.477041 0.351651
0.510204 0.355152
0.487245 0.36041
0.492347 0.363653
0.471939 0.365068
0.507653 0.367267
0.477041 0.367126
0.497449 0.367928
0.443878 0.366553
0.456633 0.363425
0.431122 0.359517
0.42602 0.356678
0.464286 0.350567
0.47449 0.3455
0.459184 0.343561
0.415816 0.344186
0.428571 0.340452
0.397959 0.333094
0.423469 0.32559
0.397959 0.317334
0.341837 0.310267
0.377551 0.302885
0.392857 0.293263
0.418367 0.282059
0.385204 0.274608
0.387755 0.265976
0.431122 0.260756
0.436224 0.256631
0.390306 0.25252
0.420918 0.251505
0.428571 0.253126
0.438776 0.254724
0.464286 0.256264
0.469388 0.259678
0.446429 0.260493
0.431122 0.263356
0.469388 0.267061
0.489796 0.271172
0.507653 0.272733
0.520408 0.272598
0.505102 0.27097
0.466837 0.265433
0.505102 0.260378
0.528061 0.258173
0.566327 0.251004
0.540816 0.243563
0.530612 0.23939
0.538265 0.232634
0.55102 0.227814
0.479592 0.225015
0.530612 0.221534
0.543367 0.216786
0.469388 0.211455
0.464286 0.204822
0.477041 0.202758
0.471939 0.201548
0.492347 0.195784
0.5 0.189703
0.479592 0.184231
0.489796 0.182581
0.489796 0.180096
0.47449 0.176311
0.420918 0.170992
0.405612 0.168295
0.354592 0.161189
0.387755 0.156691
0.438776 0.152149
0.431122 0.147142
0.42602 0.147845
0.392857 0.146554
0.40051 0.141544
0.464286 0.137691
0.464286 0.13428
0.484694 0.130335
0.446429 0.126869
0.459184 0.118781
0.464286 0.107154
0.515306 0.0991323
0.515306 0.0915135
0.57398 0.0832985
0.494898 0.0734861
0.505102 0.0628655
0.548469 0.0536066
0.535714 0.0400105
0.548469 0.0236599
0.52551 0.00647702
0.484694 -0.00987508
0.44898 -0.0252119
0.464286 -0.0416533
0.415816 -0.0595276
0.469388 -0.0711645
0.522959 -0.0773985
0.479592 -0.081974
0.413265 -0.0838771
0.346939 -0.082944
0.32398 -0.0811213
0.293367 -0.0749003
0.326531 -0.070639
0.290816 -0.0627675
0.270408 -0.0556309
0.270408 -0.0469471
0.25 -0.0364911
0.234694 -0.0292432
0.239796 -0.0194722
0.260204 -0.0107216
0.255102 -0.00811199
0.270408 -0.00777618
0.30102 -0.00868696
0.242347 -0.00458116
0.214286 0.00359428
0.237245 0.00963692
0.17602 0.0141045
0.193878 0.0140527
0.17602 0.0154152
0.153061 0.0154857
0.153061 0.0149817
0.155612 0.0212428
0.140306 0.0297766
0.140306 0.0361071
0.142857 0.044976
0.158163 0.0509471
0.109694 0.0568464
0.135204 0.0646297
0.163265 0.0562955
0.186224 0.0438219
0.173469 0.0286189
0.19898 0.0136066
0.229592 0.00425655
0.260204 -0.0138038
0.283163 -0.0269417
0.295918 -0.0337098
0.316327 -0.03444
0.285714 -0.0348615
0.293367 -0.0278985
0.22449 -0.0262592
0.19898 -0.0256415
0.153061 -0.0314785
0.135204 -0.039539
0.191327 -0.037674
0.173469 -0.0359373
0.142857 -0.0415731
0.109694 -0.046456
0.104592 -0.0516203
0.109694 -0.0519623
0.114796 -0.0442316
0.122449 -0.0408959
0.0841837 -0.0337725
0.0357143 -0.0240958
0.0306122 -0.0202071
0.0459184 -0.0210708
0 -0.0315058
0.107143 -0.0442663
0.0816327 -0.051928
0.0739796 -0.0640151
0.0943878 -0.0761582
0.147959 -0.0796556
0.0663265 -0.0799957
0.114796 -0.0823889
0.112245 -0.0864544
0.0943878 -0.0871603
0.0637755 -0.0852901
0.0586735 -0.0761398
0.00255102 -0.0694349
0.0433673 -0.075996
0.00255102 -0.0865303
0 -0.102505
0.0841837 -0.108259
0.140306 -0.105614
0.137755 -0.0963377
0.0994898 -0.081321
0.0816327 -0.0771432
0.0943878 -0.0801011
0.0816327 -0.078321
0.0867347 -0.0769773
0.117347 -0.0781077
0.137755 -0.0798766
0.142857 -0.0865518
0.170918 -0.071926
0.158163 -0.0567802
0.178571 -0.0498614
0.201531 -0.0329957
0.155612 -0.0138007
0.122449 0.00932051
0.140306 0.0175647
0.17602 0.0150299
0.191327 0.0210449
0.227041 0.033405
0.204082 0.0498168
0.267857 0.0399379
0.293367 0.0359126
0.321429 0.0449419
0.313776 0.072983
0.262755 0.0850405
0.316327 0.0521104
0.346939 0.0426111
0.331633 0.030082
0.354592 0.0228997
0.346939 0.003881
0.405612 0.000646833
0.390306 0
