0.617284 1
0.612654 0.990995
0.575617 0.982709
0.606481 0.974833
0.594136 0.966796
0.546296 0.959421
0.587963 0.95241
0.631173 0.945813
0.638889 0.939985
0.643519 0.934504
0.640432 0.929034
0.589506 0.923473
0.594136 0.917903
0.625 0.912364
0.617284 0.906361
0.609568 0.900643
0.640432 0.895072
0.657407 0.889534
0.685185 0.884314
0.70216 0.878882
0.66358 0.87314
0.632716 0.867379
0.623457 0.861922
0.611111 0.856068
0.631173 0.850414
0.614198 0.844828
0.625 0.839176
0.574074 0.833657
0.569444 0.828082
0.575617 0.822598
0.603395 0.817018
0.643519 0.811993
0.632716 0.807083
0.58179 0.802256
0.574074 0.797331
0.560185 0.792697
0.601852 0.788338
0.62963 0.783672
0.643519 0.779219
0.634259 0.774502
0.62963 0.769783
0.621914 0.765372
0.682099 0.760712
0.640432 0.755842
0.612654 0.751175
0.563272 0.746303
0.575617 0.741596
0.549383 0.73691
0.567901 0.732074
0.58642 0.72726
0.591049 0.722451
0.606481 0.717799
0.623457 0.713213
0.600309 0.708742
0.609568 0.704319
0.662037 0.700106
0.692901 0.695197
0.66358 0.690148
0.615741 0.685767
0.643519 0.681337
0.722222 0.676717
0.731481 0.672047
0.757716 0.667118
0.770062 0.662527
0.768519 0.657709
0.774691 0.652718
0.763889 0.647493
0.770062 0.641977
0.757716 0.636374
0.782407 0.631046
0.771605 0.626133
0.726852 0.621753
0.734568 0.617276
0.731481 0.613097
0.756173 0.609301
0.748457 0.60512
0.736111 0.60107
0.768519 0.597124
0.777778 0.5932
0.794753 0.589156
0.780864 0.584757
0.808642 0.58015
0.82716 0.575832
0.847222 0.571563
0.813272 0.566568
0.79784 0.561871
0.794753 0.557416
0.773148 0.553357
0.75463 0.549605
0.70679 0.546229
0.692901 0.542797
0.722222 0.539851
0.705247 0.53649
0.679012 0.532934
0.686728 0.52924
0.691358 0.525722
0.679012 0.522021
0.680556 0.518636
0.674383 0.515695
0.631173 0.512719
0.62037 0.509807
0.598765 0.507015
0.614198 0.503866
0.583333 0.500327
0.606481 0.497069
0.598765 0.493807
0.58642 0.490053
0.569444 0.486199
0.54784 0.48275
0.537037 0.479419
0.540123 0.476217
0.587963 0.47291
0.597222 0.469546
0.606481 0.466475
0.612654 0.463247
0.598765 0.460337
0.563272 0.457267
0.558642 0.454394
0.572531 0.45174
0.595679 0.448872
0.645062 0.446138
0.705247 0.443656
0.739198 0.441215
0.705247 0.438752
0.723765 0.436264
0.691358 0.433935
0.691358 0.432119
0.685185 0.430081
0.717593 0.427859
0.731481 0.425596
0.751543 0.423673
0.729938 0.421626
0.688272 0.419539
0.674383 0.417511
0.682099 0.415415
0.671296 0.413585
0.67284 0.411681
0.677469 0.409852
0.632716 0.408147
0.648148 0.407074
0.649691 0.406372
0.646605 0.405511
0.669753 0.404969
0.669753 0.404745
0.652778 0.404584
0.631173 0.404717
0.606481 0.404921
0.597222 0.404692
0.600309 0.4041
0.587963 0.40366
0.618827 0.403352
0.570988 0.403166
0.614198 0.402811
0.635802 0.402871
0.612654 0.402922
0.625 0.403297
0.597222 0.40406
0.634259 0.404872
0.646605 0.405595
0.628086 0.406087
0.603395 0.406375
0.617284 0.406756
0.654321 0.406805
0.641975 0.406447
0.645062 0.406055
0.666667 0.405982
0.669753 0.406053
0.655864 0.406483
0.700617 0.406849
0.726852 0.40693
0.714506 0.407037
0.703704 0.4073
0.716049 0.407867
0.70679 0.408272
0.641975 0.408554
0.691358 0.40919
0.677469 0.409784
0.671296 0.410125
0.655864 0.410706
0.641975 0.411439
0.62963 0.412006
0.628086 0.411837
0.646605 0.411411
0.648148 0.410856
0.632716 0.41047
0.662037 0.410131
0.657407 0.409788
0.648148 0.409545
0.660494 0.409476
0.674383 0.410032
0.635802 0.41046
0.62963 0.411155
0.669753 0.41175
0.700617 0.412639
0.70679 0.413084
0.717593 0.413423
0.746914 0.413765
0.688272 0.413827
0.695988 0.413787
0.731481 0.413311
0.723765 0.412931
0.682099 0.412609
0.67284 0.412251
0.703704 0.411711
0.682099 0.411079
0.658951 0.410674
0.645062 0.410649
0.646605 0.410699
0.66821 0.410447
0.680556 0.410689
0.694444 0.410561
0.728395 0.410426
0.725309 0.409994
0.703704 0.409753
0.685185 0.409604
0.689815 0.409558
0.689815 0.40969
0.729938 0.40989
0.723765 0.409923
0.712963 0.409771
0.682099 0.409178
0.705247 0.408789
0.714506 0.408381
0.658951 0.408136
0.646605 0.408069
0.626543 0.408479
0.635802 0.408751
0.632716 0.408943
0.618827 0.409129
0.646605 0.408991
0.645062 0.408944
0.652778 0.408918
0.62963 0.408464
0.604938 0.408165
0.597222 0.408081
0.649691 0.40813
0.638889 0.408067
0.631173 0.407604
0.604938 0.407352
0.587963 0.407061
0.645062 0.407091
0.601852 0.406921
0.617284 0.406589
0.623457 0.406133
0.652778 0.405708
0.611111 0.405361
0.634259 0.404936
0.651235 0.40437
0.655864 0.404216
0.609568 0.404555
0.569444 0.40542
0.572531 0.406141
0.527778 0.406644
0.544753 0.406566
0.554012 0.406435
0.540123 0.406598
0.535494 0.406633
0.512346 0.406753
0.496914 0.406781
0.555556 0.406575
0.507716 0.406091
0.507716 0.406083
0.516975 0.406062
0.496914 0.405757
0.486111 0.405394
0.449074 0.405145
0.455247 0.405134
0.415123 0.405153
0.432099 0.404901
0.429012 0.404617
0.421296 0.404364
0.447531 0.404371
0.433642 0.404373
0.445988 0.404495
0.429012 0.405218
0.435185 0.405734
0.462963 0.406433
0.506173 0.40666
0.478395 0.406837
0.450617 0.406542
0.450617 0.405914
0.45679 0.405248
0.466049 0.40448
0.429012 0.40386
0.37963 0.403367
0.373457 0.403099
0.387346 0.402857
0.354938 0.402519
0.348765 0.40232
0.328704 0.402929
0.382716 0.40358
0.41358 0.403654
0.441358 0.403558
0.432099 0.402978
0.424383 0.402401
0.455247 0.401603
0.462963 0.400328
0.472222 0.398889
0.490741 0.397085
0.473765 0.395315
0.462963 0.3938
0.445988 0.392051
0.467593 0.390591
0.421296 0.388606
0.391975 0.386452
0.376543 0.384703
0.345679 0.382528
0.361111 0.380812
0.390432 0.379611
0.387346 0.378162
0.375 0.37697
0.367284 0.375857
0.430556 0.374827
0.373457 0.373785
0.368827 0.372872
0.395062 0.371957
0.384259 0.370848
0.415123 0.369982
0.487654 0.368892
0.492284 0.368128
0.467593 0.367581
0.486111 0.366714
0.481481 0.365659
0.462963 0.364588
0.479938 0.362982
0.459877 0.36117
0.462963 0.359594
0.513889 0.358132
0.506173 0.356481
0.478395 0.355308
0.427469 0.354343
0.455247 0.353582
0.435185 0.353188
0.429012 0.352754
0.433642 0.352257
0.473765 0.351571
0.45679 0.350796
0.470679 0.349905
0.45679 0.348749
0.455247 0.347227
0.464506 0.345415
0.438272 0.344053
0.41821 0.342603
0.398148 0.340652
0.382716 0.338705
0.415123 0.336663
0.429012 0.334337
0.384259 0.332452
0.429012 0.330136
0.405864 0.327866
0.402778 0.325622
0.408951 0.323277
0.444444 0.320998
0.415123 0.319043
0.433642 0.316932
0.466049 0.314704
0.442901 0.312637
0.449074 0.310491
0.439815 0.308594
0.439815 0.306492
0.427469 0.304529
0.453704 0.302193
0.489198 0.299613
0.507716 0.297376
0.509259 0.294973
0.526235 0.292807
0.512346 0.290289
0.509259 0.288183
0.467593 0.286699
0.516975 0.285325
0.513889 0.283806
0.524691 0.282621
0.529321 0.281786
0.54784 0.280971
0.592593 0.280224
0.583333 0.279263
0.578704 0.278315
0.554012 0.27712
0.549383 0.275948
0.532407 0.275019
0.496914 0.274147
0.512346 0.27287
0.466049 0.271677
0.492284 0.270505
0.444444 0.269056
0.421296 0.267628
0.424383 0.266445
0.490741 0.265027
0.496914 0.263176
0.5 0.261285
0.489198 0.259631
0.520062 0.258321
0.527778 0.257044
0.537037 0.25567
0.526235 0.254257
0.475309 0.252942
0.486111 0.25147
0.479938 0.249818
0.507716 0.248
0.49537 0.245638
0.470679 0.242822
0.469136 0.239754
0.475309 0.236692
0.45216 0.233888
0.436728 0.231079
0.444444 0.228137
0.433642 0.225253
0.447531 0.222874
0.435185 0.220618
0.421296 0.218217
0.385802 0.216113
0.421296 0.214365
0.435185 0.213
0.432099 0.211296
0.430556 0.209447
0.438272 0.207547
0.432099 0.205935
0.415123 0.20449
0.424383 0.202741
0.436728 0.200785
0.424383 0.199044
0.416667 0.197128
0.359568 0.195121
0.391975 0.193247
0.407407 0.191601
0.407407 0.189799
0.396605 0.187598
0.396605 0.185783
0.384259 0.184166
0.410494 0.182893
0.419753 0.181449
0.382716 0.179937
0.395062 0.178676
0.402778 0.177653
0.432099 0.176884
0.387346 0.176517
0.388889 0.176357
0.339506 0.176063
0.319444 0.175879
0.33642 0.175669
0.32716 0.175434
0.367284 0.175334
0.344136 0.174765
0.345679 0.173986
0.361111 0.172876
0.358025 0.17189
0.33642 0.170989
0.328704 0.17017
0.325617 0.169459
0.317901 0.168514
0.29784 0.167532
0.263889 0.166884
0.270062 0.166079
0.290123 0.16538
0.29321 0.164603
0.33642 0.163582
0.333333 0.162306
0.273148 0.160648
0.290123 0.159451
0.300926 0.158024
0.266975 0.156625
0.299383 0.155171
0.344136 0.153783
0.359568 0.152486
0.393519 0.150696
0.325617 0.148613
0.311728 0.147131
0.347222 0.145606
0.316358 0.143978
0.287037 0.143099
0.285494 0.142048
0.256173 0.140747
0.282407 0.139972
0.330247 0.138904
0.356481 0.138203
0.334877 0.137258
0.317901 0.136487
0.302469 0.135678
0.345679 0.134916
0.337963 0.134385
0.280864 0.133763
0.277778 0.133422
0.314815 0.133439
0.296296 0.13299
0.302469 0.132544
0.285494 0.131569
0.273148 0.130923
0.299383 0.13064
0.305556 0.130218
0.302469 0.129969
0.319444 0.129831
0.324074 0.129654
0.334877 0.12927
0.344136 0.128577
0.347222 0.128086
0.33179 0.127523
0.345679 0.126806
0.33642 0.12613
0.37037 0.125623
0.365741 0.125391
0.387346 0.125539
0.424383 0.125323
0.390432 0.125587
0.358025 0.126155
0.388889 0.126633
0.415123 0.126918
0.402778 0.127192
0.354938 0.127624
0.351852 0.128235
0.334877 0.128761
0.29321 0.12903
0.334877 0.129153
0.328704 0.129533
0.304012 0.130316
0.330247 0.131292
0.353395 0.131842
0.371914 0.132402
0.391975 0.133026
0.37037 0.133546
0.393519 0.134157
0.424383 0.134657
0.442901 0.135386
0.439815 0.135647
0.467593 0.135782
0.476852 0.136048
0.484568 0.136312
0.45679 0.136993
0.483025 0.137891
0.472222 0.13852
0.478395 0.139558
0.46142 0.140651
0.419753 0.141769
0.436728 0.143094
0.510802 0.144422
0.490741 0.145344
0.483025 0.146745
0.515432 0.147965
0.523148 0.148846
0.501543 0.150187
0.524691 0.151517
0.484568 0.153445
0.459877 0.155327
0.473765 0.15731
0.402778 0.15941
0.438272 0.161714
0.489198 0.16371
0.510802 0.165103
0.501543 0.166281
0.479938 0.167412
0.492284 0.168734
0.526235 0.170104
0.541667 0.171849
0.566358 0.173513
0.552469 0.175401
0.530864 0.177256
0.523148 0.179363
0.520062 0.180658
0.535494 0.181504
0.550926 0.182446
0.583333 0.182876
0.54321 0.183102
0.558642 0.183754
0.503086 0.184138
0.483025 0.185093
0.507716 0.186193
0.496914 0.18715
0.492284 0.188151
0.54321 0.189025
0.589506 0.189859
0.611111 0.19068
0.608025 0.191171
0.580247 0.1916
0.603395 0.192038
0.58179 0.192354
0.591049 0.193135
0.591049 0.193408
0.600309 0.193026
0.578704 0.192681
0.640432 0.192552
0.637346 0.192468
0.655864 0.192198
0.654321 0.192327
0.646605 0.19203
0.660494 0.191192
0.658951 0.190461
0.685185 0.189618
0.709877 0.188409
0.695988 0.187416
0.689815 0.186657
0.66821 0.185754
0.675926 0.184841
0.665123 0.183962
0.66358 0.182544
0.641975 0.181173
0.675926 0.179743
0.648148 0.178053
0.66821 0.176596
0.694444 0.175223
0.62963 0.174136
0.628086 0.173421
0.655864 0.172654
0.614198 0.17175
0.623457 0.170798
0.626543 0.169475
0.635802 0.168184
0.652778 0.167036
0.660494 0.165896
0.649691 0.165185
0.550926 0.164416
0.549383 0.164375
0.567901 0.164662
0.609568 0.164269
0.67284 0.164212
0.689815 0.163646
0.658951 0.162904
0.640432 0.161846
0.648148 0.160475
0.589506 0.159107
0.603395 0.157829
0.583333 0.156701
0.626543 0.155582
0.598765 0.154304
0.655864 0.153168
0.666667 0.151951
0.705247 0.150367
0.708333 0.148896
0.700617 0.14738
0.699074 0.145526
0.66821 0.14388
0.699074 0.142365
0.655864 0.141027
0.631173 0.140372
0.621914 0.139742
0.671296 0.13893
0.739198 0.138454
0.768519 0.137764
0.742284 0.137147
0.739198 0.136486
0.717593 0.135379
0.719136 0.134879
0.719136 0.134168
0.725309 0.13315
0.736111 0.132673
0.725309 0.132006
0.770062 0.131664
0.808642 0.131119
0.780864 0.130494
0.770062 0.129831
0.720679 0.129094
0.734568 0.129032
0.768519 0.128768
0.805556 0.128439
0.819444 0.128137
0.807099 0.12762
0.800926 0.127315
0.773148 0.126932
0.780864 0.126827
0.779321 0.126435
0.746914 0.126027
0.743827 0.125537
0.739198 0.125116
0.751543 0.124688
0.770062 0.124056
0.780864 0.123579
0.757716 0.123833
0.771605 0.12394
0.813272 0.124141
0.813272 0.124469
0.780864 0.124632
0.766975 0.124855
0.756173 0.125214
0.760802 0.125138
0.731481 0.125096
0.760802 0.125328
0.776235 0.125068
0.703704 0.12496
0.712963 0.125066
0.719136 0.125096
0.677469 0.125218
0.716049 0.125663
0.658951 0.126015
0.665123 0.126504
0.655864 0.127225
0.598765 0.128003
0.604938 0.128687
0.608025 0.129272
0.606481 0.129917
0.625 0.13073
0.632716 0.131473
0.601852 0.132121
0.563272 0.132826
0.603395 0.133724
0.587963 0.134265
0.561728 0.134705
0.54784 0.134851
0.566358 0.135053
0.57716 0.135076
0.520062 0.135159
0.552469 0.135406
0.54784 0.13593
0.550926 0.136475
0.535494 0.137212
0.498457 0.138116
0.527778 0.139329
0.530864 0.140576
0.529321 0.141663
0.591049 0.14267
0.566358 0.143588
0.58642 0.144862
0.608025 0.145893
0.541667 0.146969
0.53858 0.148286
0.530864 0.149927
0.54321 0.151298
0.558642 0.152557
0.53858 0.15366
0.54321 0.154231
0.574074 0.15514
0.558642 0.155961
0.569444 0.156558
0.569444 0.15729
0.564815 0.157684
0.563272 0.158027
0.493827 0.158305
0.498457 0.158547
0.546296 0.158933
0.537037 0.159033
0.54321 0.158982
0.54784 0.159207
0.509259 0.159513
0.470679 0.160525
0.498457 0.161696
0.527778 0.162809
0.498457 0.163941
0.492284 0.164778
0.50463 0.165331
0.515432 0.165499
0.546296 0.165842
0.54784 0.165915
0.544753 0.165428
0.560185 0.165338
0.537037 0.165312
0.49537 0.165055
0.537037 0.165075
0.507716 0.165123
0.493827 0.165341
0.447531 0.165313
0.472222 0.165052
0.475309 0.1647
0.455247 0.16484
0.469136 0.165013
0.449074 0.164635
0.496914 0.16438
0.49537 0.164056
0.459877 0.163681
0.41821 0.163515
0.442901 0.163675
0.427469 0.163681
0.375 0.164246
0.371914 0.164767
0.362654 0.165583
0.347222 0.166676
0.33179 0.167471
0.28858 0.168013
0.32716 0.168715
0.362654 0.169062
0.359568 0.169559
0.337963 0.169866
0.353395 0.170358
0.344136 0.170527
0.333333 0.171132
0.330247 0.171574
0.330247 0.171844
0.330247 0.171865
0.365741 0.171904
0.37963 0.171644
0.382716 0.171445
0.398148 0.171257
0.385802 0.17097
0.367284 0.170831
0.330247 0.170366
0.328704 0.170249
0.32716 0.170159
0.353395 0.169577
0.367284 0.168994
0.341049 0.168108
0.371914 0.167271
0.401235 0.165995
0.361111 0.1645
0.32716 0.163564
0.330247 0.163245
0.341049 0.162849
0.328704 0.162763
0.347222 0.16267
0.376543 0.162398
0.449074 0.161922
0.436728 0.161365
0.455247 0.160926
0.473765 0.159828
0.439815 0.15852
0.450617 0.157275
0.496914 0.155531
0.472222 0.153794
0.472222 0.151964
0.5 0.150005
0.441358 0.148031
0.5 0.145591
0.509259 0.14309
0.530864 0.14087
0.523148 0.138788
0.498457 0.136599
0.507716 0.134601
0.524691 0.132766
0.5 0.130578
0.493827 0.128783
0.45679 0.126475
0.467593 0.124403
0.458333 0.122462
0.472222 0.120241
0.450617 0.118686
0.419753 0.116833
0.429012 0.115306
0.496914 0.113765
0.521605 0.112167
0.486111 0.110409
0.455247 0.109172
0.438272 0.10821
0.450617 0.106996
0.467593 0.105561
0.441358 0.104536
0.407407 0.103349
0.404321 0.102201
0.427469 0.101577
0.424383 0.100947
0.37037 0.100249
0.390432 0.0996983
0.391975 0.0988532
0.381173 0.098096
0.348765 0.0970948
0.302469 0.0957141
0.294753 0.0948576
0.294753 0.0937895
0.319444 0.0925006
0.347222 0.0911026
0.333333 0.0897088
0.367284 0.0886819
0.341049 0.0872751
0.367284 0.0859741
0.333333 0.0845791
0.344136 0.0832585
0.361111 0.0819322
0.37037 0.0806373
0.407407 0.0794252
0.433642 0.0785015
0.479938 0.0773613
0.45679 0.0764838
0.475309 0.0757529
0.458333 0.0750385
0.429012 0.0747354
0.399691 0.0742368
0.453704 0.0739806
0.45216 0.0731835
0.415123 0.0723831
0.404321 0.0721877
0.466049 0.0720585
0.450617 0.0719992
0.473765 0.0721417
0.453704 0.0720989
0.462963 0.0718934
0.470679 0.0718504
0.467593 0.0718441
0.444444 0.0716256
0.453704 0.0710155
0.458333 0.0706669
0.450617 0.0708749
0.458333 0.0713153
0.484568 0.0723161
0.459877 0.0733155
0.453704 0.0740749
0.430556 0.0746619
0.478395 0.0754537
0.481481 0.0760515
0.486111 0.0767634
0.458333 0.0772525
0.467593 0.0775285
0.415123 0.077688
0.432099 0.0781977
0.41358 0.0787233
0.438272 0.0791974
0.427469 0.0795677
0.42284 0.0796974
0.439815 0.0801163
0.478395 0.080553
0.447531 0.0809213
0.439815 0.0815193
0.450617 0.0818614
0.45679 0.0822122
0.433642 0.0823566
0.402778 0.0826673
0.445988 0.0830184
0.464506 0.0837164
0.483025 0.084801
0.526235 0.0859732
0.493827 0.0871454
0.481481 0.088467
0.483025 0.0895498
0.521605 0.0904826
0.524691 0.0912995
0.527778 0.0919539
0.549383 0.0924819
0.523148 0.0932775
0.516975 0.0942311
0.521605 0.0953776
0.507716 0.0965313
0.492284 0.0976211
0.53858 0.0985488
0.530864 0.0993704
0.524691 0.10026
0.518519 0.101449
0.557099 0.103138
0.58179 0.104889
0.561728 0.106422
0.533951 0.10807
0.510802 0.110044
0.496914 0.112346
0.515432 0.114765
0.555556 0.117311
0.587963 0.119625
0.598765 0.121752
0.617284 0.124009
0.558642 0.12607
0.546296 0.128493
0.575617 0.131363
0.566358 0.134244
0.603395 0.136613
0.58179 0.139248
0.58179 0.141789
0.608025 0.143898
0.634259 0.14589
0.658951 0.147964
0.589506 0.149638
0.601852 0.151457
0.592593 0.153527
0.603395 0.155432
0.641975 0.15735
0.655864 0.159464
0.677469 0.161249
0.660494 0.163106
0.669753 0.165384
0.635802 0.167387
0.635802 0.169161
0.614198 0.170661
0.658951 0.171818
0.638889 0.173004
0.674383 0.174459
0.66358 0.175006
0.67284 0.176149
0.689815 0.17746
0.646605 0.178613
0.643519 0.179717
0.657407 0.180963
0.652778 0.181754
0.637346 0.182751
0.62963 0.183607
0.62963 0.184303
0.625 0.18509
0.609568 0.185799
0.62037 0.186567
0.638889 0.187243
0.649691 0.188142
0.62963 0.189029
0.641975 0.189588
0.638889 0.190201
0.625 0.190297
0.649691 0.190461
0.62037 0.190648
0.628086 0.190357
0.626543 0.190034
0.615741 0.189826
0.58642 0.189952
0.58179 0.190167
0.567901 0.190436
0.603395 0.190639
0.618827 0.191081
0.635802 0.191739
0.617284 0.192297
0.618827 0.193048
0.617284 0.194146
0.643519 0.194959
0.658951 0.195704
0.646605 0.196379
0.615741 0.197143
0.614198 0.198083
0.611111 0.199466
0.638889 0.200804
0.62037 0.202188
0.600309 0.203632
0.640432 0.204638
0.635802 0.205892
0.628086 0.207223
0.611111 0.208294
0.575617 0.209369
0.555556 0.210425
0.560185 0.210791
0.580247 0.211125
0.575617 0.211216
0.575617 0.211208
0.567901 0.211268
0.603395 0.211418
0.637346 0.211689
0.584877 0.211916
0.604938 0.212726
0.566358 0.213267
0.529321 0.213247
0.54784 0.212953
0.54321 0.212573
0.520062 0.212165
0.546296 0.21184
0.572531 0.211353
0.572531 0.210582
0.555556 0.209972
0.524691 0.209344
0.541667 0.208737
0.58642 0.207986
0.564815 0.20728
0.520062 0.206467
0.523148 0.205797
0.54784 0.205297
0.527778 0.205029
0.537037 0.204627
0.537037 0.204205
0.532407 0.203718
0.550926 0.202748
0.558642 0.201806
0.481481 0.200936
0.447531 0.200602
0.435185 0.200466
0.45679 0.200095
0.492284 0.199528
0.464506 0.198801
0.479938 0.19877
0.438272 0.198207
0.46142 0.197734
0.435185 0.197145
0.41821 0.196301
0.421296 0.195082
0.402778 0.19342
0.384259 0.191884
0.373457 0.190344
0.42284 0.189021
0.430556 0.187975
0.408951 0.186864
0.395062 0.186216
0.393519 0.186406
0.391975 0.186381
0.382716 0.186426
0.382716 0.186122
0.339506 0.185311
0.308642 0.184029
0.328704 0.182479
0.307099 0.18066
0.290123 0.17917
0.273148 0.177725
0.277778 0.176099
0.296296 0.174878
0.268519 0.173488
0.259259 0.171924
0.28858 0.170376
0.279321 0.168852
0.29784 0.167086
0.209877 0.165001
0.185185 0.163465
0.148148 0.16222
0.131173 0.160998
0.149691 0.159643
0.16358 0.158487
0.160494 0.157659
0.141975 0.156562
0.16821 0.155402
0.174383 0.153801
0.155864 0.152048
0.145062 0.150598
0.128086 0.149488
0.131173 0.149012
0.108025 0.148499
0.121914 0.148177
0.0925926 0.147454
0.0833333 0.146558
0.0802469 0.145828
0.0787037 0.144961
0.0401235 0.143928
0.101852 0.143229
0.0787037 0.141986
0.0617284 0.141293
0.0324074 0.141105
0.0169753 0.140692
0.0108025 0.140066
0.0108025 0.139296
0.0246914 0.138259
0.00308642 0.13741
0.0324074 0.137266
0.0432099 0.136948
0.0987654 0.136083
0.118827 0.135265
0.131173 0.134112
0.157407 0.132993
0.166667 0.132102
0.155864 0.131313
0.162037 0.13054
0.160494 0.129875
0.132716 0.129214
0.087963 0.128653
0.0802469 0.128527
0.0987654 0.12854
0.12963 0.128237
0.112654 0.128219
0.155864 0.12836
0.17284 0.128289
0.220679 0.12832
0.208333 0.128619
0.226852 0.129008
0.223765 0.129423
0.205247 0.129728
0.233025 0.130053
0.259259 0.13036
0.263889 0.13068
0.274691 0.131777
0.322531 0.132908
0.33642 0.134188
0.367284 0.135676
0.353395 0.136668
0.320988 0.137452
0.325617 0.138312
0.342593 0.139264
0.29321 0.139955
0.271605 0.140815
0.259259 0.141482
0.257716 0.141851
0.24537 0.142567
0.265432 0.14311
0.266975 0.143573
0.228395 0.144067
0.243827 0.144875
0.260802 0.145608
0.248457 0.146867
0.270062 0.148598
0.287037 0.150222
0.28858 0.151638
0.285494 0.152621
0.231481 0.153268
0.199074 0.153705
0.226852 0.153616
0.216049 0.153277
0.154321 0.153245
0.158951 0.153686
0.186728 0.154677
0.203704 0.155468
0.225309 0.156228
0.240741 0.156887
0.208333 0.157355
0.246914 0.157339
0.219136 0.157259
0.220679 0.15717
0.179012 0.157158
0.194444 0.157072
0.228395 0.157265
0.243827 0.157797
0.256173 0.158425
0.253086 0.158899
0.24537 0.1584
0.25 0.157869
0.271605 0.157075
0.20679 0.156164
0.21142 0.155396
0.160494 0.154717
0.131173 0.154381
0.0864198 0.154317
0.101852 0.154579
0.103395 0.154569
0.126543 0.154567
0.12963 0.154559
0.121914 0.154121
0.0987654 0.153431
0.0740741 0.152743
0.0416667 0.152063
0.0262346 0.150723
0.0169753 0.149415
0.0216049 0.148594
0.0432099 0.147473
0.0231481 0.146445
0.0432099 0.145759
0.0756173 0.144804
0.0432099 0.14378
0.0354938 0.142427
0.00462963 0.141042
0.0339506 0.139759
0.087963 0.138321
0.0864198 0.136995
0.115741 0.135978
0.108025 0.13485
0.095679 0.134193
0.146605 0.133516
0.118827 0.132616
0.0895062 0.132087
0.0740741 0.131499
0.0725309 0.131013
0.0910494 0.130325
0.134259 0.129372
0.151235 0.128309
0.155864 0.127627
0.135802 0.127042
0.166667 0.127262
0.189815 0.127369
0.188272 0.12733
0.158951 0.127401
0.131173 0.127643
0.140432 0.127851
0.121914 0.127746
0.157407 0.127903
0.20216 0.128257
0.214506 0.128905
0.21142 0.129778
0.223765 0.130515
0.259259 0.130951
0.282407 0.131736
0.265432 0.132062
0.320988 0.131592
0.287037 0.130905
0.305556 0.129708
0.29784 0.128219
0.290123 0.126437
0.308642 0.124873
0.310185 0.123258
0.271605 0.122204
0.283951 0.121406
0.277778 0.120815
0.282407 0.120513
0.257716 0.120266
0.217593 0.11994
0.248457 0.119716
0.216049 0.119148
0.212963 0.118109
0.234568 0.116942
0.313272 0.115788
0.308642 0.114618
0.29784 0.113766
0.302469 0.113457
0.28858 0.113137
0.283951 0.112224
0.307099 0.111304
0.28858 0.110709
0.280864 0.110055
0.283951 0.109005
0.310185 0.10784
0.324074 0.106887
0.313272 0.105855
0.29784 0.104952
0.311728 0.104387
0.279321 0.103937
0.276235 0.103281
0.324074 0.102469
0.314815 0.101884
0.319444 0.10148
0.273148 0.101214
0.300926 0.100803
0.276235 0.100265
0.253086 0.0997947
0.277778 0.099063
0.273148 0.0982962
0.228395 0.0972665
0.28858 0.0967761
0.322531 0.0957219
0.358025 0.0948016
0.381173 0.0940899
0.384259 0.0937668
0.387346 0.0931282
0.32716 0.0928951
0.280864 0.0926508
0.270062 0.0924867
0.248457 0.0924206
0.21142 0.0924031
0.242284 0.0922819
0.203704 0.0916444
0.205247 0.0911028
0.231481 0.089902
0.223765 0.0892039
0.243827 0.0891274
0.239198 0.088642
0.266975 0.0884207
0.251543 0.0884894
0.265432 0.0883765
0.248457 0.0879148
0.233025 0.0878414
0.234568 0.0876373
0.233025 0.0874786
0.180556 0.0874394
0.183642 0.0875604
0.145062 0.0872558
0.175926 0.0871758
0.162037 0.087327
0.180556 0.0876625
0.20679 0.0889877
0.200617 0.0899822
0.208333 0.0911489
0.214506 0.0925238
0.228395 0.0938955
0.276235 0.0951055
0.29321 0.0963423
0.246914 0.0975278
0.276235 0.0982887
0.25463 0.0994752
0.311728 0.100601
0.268519 0.101562
0.271605 0.102733
0.24537 0.104426
0.228395 0.10577
0.214506 0.107136
0.185185 0.108609
0.225309 0.109995
0.262346 0.112088
0.256173 0.113776
0.274691 0.115481
0.287037 0.117484
0.317901 0.119174
0.279321 0.121057
0.304012 0.122977
0.337963 0.124719
0.353395 0.126109
0.319444 0.1276
0.282407 0.129093
0.268519 0.130314
0.263889 0.131004
0.257716 0.131933
0.225309 0.133083
0.217593 0.134514
0.20216 0.135867
0.186728 0.137266
0.188272 0.139109
0.205247 0.140841
0.180556 0.142441
0.17284 0.144724
0.165123 0.146403
0.222222 0.148187
0.228395 0.149909
0.217593 0.15114
0.223765 0.152055
0.197531 0.153422
0.21142 0.154825
0.251543 0.156482
0.216049 0.157842
0.277778 0.158673
0.25 0.159672
0.268519 0.16082
0.308642 0.161643
0.277778 0.162328
0.259259 0.163051
0.265432 0.163998
0.277778 0.164767
0.285494 0.165153
0.282407 0.165
0.251543 0.164779
0.220679 0.164698
0.226852 0.164548
0.208333 0.164441
0.268519 0.163953
0.20216 0.163054
0.216049 0.162256
0.248457 0.161398
0.291667 0.160937
0.319444 0.160634
0.276235 0.160728
0.243827 0.160875
0.243827 0.160989
0.192901 0.160869
0.212963 0.161289
0.200617 0.161542
0.174383 0.161774
0.188272 0.162041
0.179012 0.162379
0.208333 0.162485
0.234568 0.162615
0.222222 0.163045
0.209877 0.16329
0.219136 0.163324
0.200617 0.163624
0.154321 0.164119
0.175926 0.164339
0.209877 0.164334
0.188272 0.163725
0.233025 0.163298
0.253086 0.162788
0.216049 0.162603
0.220679 0.161953
0.203704 0.161513
0.205247 0.160994
0.189815 0.160734
0.234568 0.160889
0.205247 0.160855
0.228395 0.160392
0.214506 0.15919
0.226852 0.157949
0.209877 0.156567
0.239198 0.155552
0.246914 0.154539
0.253086 0.153442
0.29321 0.152716
0.313272 0.151594
0.287037 0.150883
0.242284 0.150153
0.231481 0.150016
0.195988 0.149768
0.203704 0.149452
0.175926 0.149992
0.128086 0.150169
0.111111 0.150782
0.138889 0.151186
0.180556 0.151581
0.17284 0.151583
0.233025 0.151635
0.225309 0.15102
0.240741 0.150857
0.259259 0.150503
0.236111 0.15038
0.222222 0.150567
0.233025 0.150509
0.20679 0.150317
0.239198 0.150249
0.194444 0.14976
0.233025 0.14904
0.239198 0.148299
0.188272 0.147436
0.185185 0.146571
0.20216 0.146051
0.199074 0.145826
0.229938 0.145671
0.25 0.145498
0.305556 0.145348
0.274691 0.144916
0.317901 0.144443
0.330247 0.143768
0.28858 0.143258
0.290123 0.142644
0.251543 0.141659
0.273148 0.140216
0.265432 0.13866
0.279321 0.137362
0.300926 0.13604
0.328704 0.135386
0.311728 0.135187
0.263889 0.135455
0.226852 0.135539
0.285494 0.135327
0.274691 0.135106
0.253086 0.134975
0.225309 0.134655
0.20679 0.134358
0.217593 0.134273
0.20216 0.134289
0.179012 0.134373
0.182099 0.134519
0.228395 0.134378
0.243827 0.134348
0.285494 0.133737
0.277778 0.133205
0.268519 0.132881
0.300926 0.133333
0.319444 0.133402
0.302469 0.133519
0.300926 0.133875
0.304012 0.134248
0.33642 0.1345
0.257716 0.134628
0.234568 0.13451
0.188272 0.134261
0.226852 0.134044
0.208333 0.133748
0.16358 0.133962
0.112654 0.134063
0.103395 0.134534
0.106481 0.135102
0.0679012 0.135452
0.0493827 0.136045
0.095679 0.136152
0.114198 0.135977
0.0925926 0.135211
0.0679012 0.134789
0.0817901 0.134258
0.100309 0.134098
0.0679012 0.133865
0.115741 0.133721
0.137346 0.133717
0.100309 0.133598
0.0694444 0.133494
0.066358 0.133503
0.0416667 0.133625
0.0308642 0.133812
0.0308642 0.134498
0.0246914 0.134786
0.095679 0.135311
0.0895062 0.135961
0.0648148 0.136849
0.0756173 0.137973
0.0771605 0.13888
0.0848765 0.140388
0.0864198 0.141755
0.104938 0.143213
0.0802469 0.144275
0.0709877 0.145709
0.0138889 0.147315
0.037037 0.148636
0.0416667 0.149763
0.0910494 0.150599
0.0709877 0.151464
0.0478395 0.153229
0.0601852 0.155131
0.058642 0.15711
0.0524691 0.158732
0.135802 0.160607
0.194444 0.162164
0.179012 0.163474
0.234568 0.164458
0.294753 0.164731
0.342593 0.16495
0.341049 0.165452
0.32716 0.165764
0.33642 0.166368
0.341049 0.167022
0.368827 0.167227
0.353395 0.167442
0.376543 0.167445
0.316358 0.167197
0.310185 0.16692
0.308642 0.166431
0.322531 0.165434
0.299383 0.164144
0.291667 0.16325
0.311728 0.162273
0.371914 0.161224
0.376543 0.160739
0.41821 0.160161
0.42284 0.159415
0.398148 0.158359
0.407407 0.157386
0.388889 0.156108
0.381173 0.15525
0.399691 0.15435
0.455247 0.153128
0.436728 0.15183
0.455247 0.150433
0.436728 0.149275
0.410494 0.14821
0.455247 0.147075
0.404321 0.14587
0.393519 0.144961
0.401235 0.144481
0.358025 0.143858
0.398148 0.143028
0.435185 0.142123
0.429012 0.141225
0.509259 0.140402
0.509259 0.139377
0.512346 0.138137
0.529321 0.136884
0.521605 0.135823
0.526235 0.13491
0.520062 0.134093
0.487654 0.133031
0.489198 0.132061
0.493827 0.13096
0.492284 0.129751
0.560185 0.128952
0.523148 0.128324
0.476852 0.127607
0.475309 0.126207
0.479938 0.124618
0.472222 0.123202
0.458333 0.12174
0.401235 0.119648
0.473765 0.117737
0.501543 0.115697
0.520062 0.113419
0.512346 0.11119
0.489198 0.108822
0.552469 0.106319
0.550926 0.104164
0.600309 0.102151
0.591049 0.100009
0.621914 0.0982377
0.62037 0.0965795
0.614198 0.0944645
0.598765 0.092539
0.640432 0.0908597
0.712963 0.0889835
0.728395 0.0875194
0.746914 0.0857344
0.726852 0.0839703
0.748457 0.0824812
0.748457 0.0808321
0.759259 0.079616
0.756173 0.0785039
0.773148 0.077974
0.774691 0.0777707
0.737654 0.0772892
0.705247 0.0772781
0.628086 0.077116
0.617284 0.0768966
0.604938 0.0767275
0.594136 0.0760403
0.643519 0.0755011
0.666667 0.0749893
0.658951 0.0744402
0.662037 0.0736538
0.679012 0.0731959
0.677469 0.0721916
0.665123 0.0716433
0.638889 0.0708313
0.587963 0.0701399
0.566358 0.0691748
0.566358 0.068455
0.569444 0.0680611
0.615741 0.0675189
0.623457 0.0669235
0.643519 0.0661087
0.652778 0.0651798
0.652778 0.0642906
0.623457 0.062957
0.623457 0.0616731
0.606481 0.0605597
0.591049 0.0592977
0.597222 0.0579018
0.578704 0.0566923
0.53858 0.0557151
0.535494 0.0547203
0.549383 0.0536328
0.529321 0.051819
0.549383 0.0498944
0.552469 0.0482133
0.530864 0.0469293
0.507716 0.0457008
0.479938 0.0451686
0.552469 0.0445539
0.589506 0.043904
0.62037 0.0425293
0.580247 0.0415314
0.608025 0.0405721
0.600309 0.0393493
0.662037 0.0380678
0.677469 0.0366495
0.716049 0.0351681
0.695988 0.0343015
0.697531 0.0335142
0.671296 0.0324633
0.646605 0.031422
0.641975 0.0303373
0.654321 0.0296016
0.608025 0.0287389
0.640432 0.0281683
0.631173 0.027654
0.657407 0.0269765
0.641975 0.0267974
0.611111 0.0270281
0.611111 0.0270774
0.591049 0.0271563
0.591049 0.0272739
0.537037 0.0277541
0.535494 0.0282164
0.523148 0.0291374
0.533951 0.0296249
0.540123 0.0299178
0.523148 0.0298901
0.552469 0.0300766
0.566358 0.0300888
0.604938 0.0304348
0.604938 0.0305242
0.601852 0.0309407
0.626543 0.032312
0.621914 0.0337854
0.649691 0.0348121
0.62963 0.0355214
0.631173 0.0360842
0.657407 0.0366291
0.655864 0.0374605
0.651235 0.0385794
0.682099 0.0394715
0.679012 0.0405233
0.67284 0.0422704
0.652778 0.0432577
0.632716 0.0443986
0.680556 0.0455634
0.719136 0.0466446
0.70679 0.048356
0.717593 0.0501368
0.723765 0.0521718
0.685185 0.0546331
0.666667 0.0572545
0.694444 0.0596191
0.692901 0.0617124
0.703704 0.0644731
0.70679 0.0677817
0.71142 0.0713619
0.742284 0.0748743
0.802469 0.0787066
0.810185 0.0823205
0.817901 0.086389
0.777778 0.0906135
0.794753 0.0948509
0.780864 0.0990851
0.773148 0.103182
0.740741 0.107002
0.726852 0.110989
0.689815 0.114964
0.66358 0.119003
0.645062 0.122413
0.654321 0.125496
0.674383 0.128284
0.697531 0.130938
0.722222 0.13356
0.734568 0.136447
0.751543 0.139065
0.746914 0.141897
0.771605 0.144786
0.746914 0.147541
0.773148 0.150085
0.759259 0.152852
0.757716 0.155515
0.737654 0.15795
0.705247 0.160267
0.708333 0.16264
0.70679 0.165286
0.712963 0.168093
0.712963 0.170801
0.70679 0.173452
0.705247 0.175664
0.686728 0.177858
0.66821 0.180185
0.712963 0.182452
0.720679 0.184698
0.700617 0.186339
0.680556 0.187707
0.66821 0.188965
0.75 0.190309
0.75 0.19135
0.729938 0.191921
0.743827 0.192416
0.739198 0.19322
0.740741 0.194429
0.709877 0.196214
0.739198 0.197764
0.734568 0.199469
0.722222 0.200994
0.675926 0.202392
0.651235 0.203564
0.611111 0.204475
0.597222 0.205419
0.598765 0.206316
0.645062 0.20718
0.66358 0.207903
0.658951 0.208595
0.645062 0.209197
0.626543 0.210381
0.660494 0.211605
0.654321 0.213113
0.677469 0.214405
0.640432 0.214884
0.71142 0.215508
0.691358 0.215835
0.648148 0.216011
0.691358 0.21601
0.753086 0.215779
0.731481 0.215593
0.733025 0.215529
0.694444 0.215517
0.700617 0.215546
0.71142 0.215643
0.677469 0.215146
0.615741 0.214607
0.635802 0.213515
0.617284 0.212411
0.609568 0.210682
0.640432 0.208833
0.634259 0.207236
0.67284 0.205984
0.675926 0.204452
0.641975 0.203178
0.595679 0.20153
0.580247 0.199559
0.541667 0.19768
0.578704 0.195251
0.58642 0.193051
0.631173 0.19116
0.625 0.189777
0.635802 0.188136
0.66358 0.186562
0.662037 0.184813
0.677469 0.183344
0.683642 0.181792
0.66358 0.179819
0.723765 0.177799
0.691358 0.175593
0.685185 0.173996
0.626543 0.172489
0.645062 0.171065
0.679012 0.17005
0.705247 0.169045
0.712963 0.16758
0.75463 0.166321
0.751543 0.164971
0.743827 0.163024
0.753086 0.161082
0.773148 0.158733
0.75463 0.156367
0.742284 0.154006
0.773148 0.152194
0.751543 0.149818
0.746914 0.147313
0.78858 0.144898
0.785494 0.141759
0.742284 0.138529
0.717593 0.134992
0.719136 0.131322
0.680556 0.127969
0.694444 0.125366
0.680556 0.122104
0.675926 0.119049
0.618827 0.116229
0.621914 0.113382
0.631173 0.110179
0.652778 0.106823
0.658951 0.103653
0.638889 0.100119
0.631173 0.096292
0.648148 0.0926559
0.665123 0.0892861
0.632716 0.086397
0.635802 0.0838015
0.66821 0.0809478
0.649691 0.0778174
0.608025 0.0748167
0.603395 0.0722099
0.587963 0.0699904
0.592593 0.0677928
0.631173 0.0658489
0.641975 0.0629382
0.634259 0.0599502
0.632716 0.0570438
0.615741 0.054221
0.618827 0.0515999
0.62963 0.0487789
0.652778 0.0461902
0.634259 0.0433366
0.621914 0.0411276
0.632716 0.0387322
0.646605 0.0362974
0.62963 0.0334917
0.649691 0.0306307
0.651235 0.0278226
0.62037 0.0252495
0.570988 0.0229031
0.555556 0.0205487
0.580247 0.0180267
0.572531 0.0155606
0.515432 0.0140404
0.533951 0.0126198
0.530864 0.0109501
0.506173 0.00974356
0.512346 0.00829827
0.513889 0.00710814
0.503086 0.00555857
0.501543 0.0039986
0.527778 0.00231569
0.507716 0.000577084
0.498457 -0.00114924
0.479938 -0.00312721
0.45679 -0.00469546
0.487654 -0.00700882
0.501543 -0.00898695
0.533951 -0.0103214
0.561728 -0.0115639
0.537037 -0.0128416
0.535494 -0.0143327
0.58642 -0.0166086
0.617284 -0.0186532
0.594136 -0.020686
0.583333 -0.0223348
0.566358 -0.0238852
0.584877 -0.0253214
0.671296 -0.0264012
0.689815 -0.0276945
0.720679 -0.0285635
0.70679 -0.0289863
0.760802 -0.0294411
0.739198 -0.029526
0.722222 -0.0298712
0.70216 -0.0304829
0.697531 -0.0309155
0.694444 -0.031238
0.686728 -0.031485
0.716049 -0.0318207
0.66358 -0.0318806
0.671296 -0.0313452
0.700617 -0.0309655
0.692901 -0.0309878
0.695988 -0.0307957
0.691358 -0.030592
0.720679 -0.0302546
0.714506 -0.0301875
0.725309 -0.0298214
0.70679 -0.0293467
0.753086 -0.0286525
0.753086 -0.0284832
0.760802 -0.0282543
0.746914 -0.0278
0.748457 -0.0269994
0.743827 -0.026676
0.743827 -0.026428
0.719136 -0.0265559
0.740741 -0.0265682
0.716049 -0.0261432
0.70679 -0.0258317
0.686728 -0.0254517
0.699074 -0.0246653
0.660494 -0.0241276
0.641975 -0.0234699
0.615741 -0.0223769
0.623457 -0.0217302
0.623457 -0.0212712
0.648148 -0.0205745
0.621914 -0.0195426
0.626543 -0.0184278
0.638889 -0.0167112
0.665123 -0.0147492
0.66358 -0.0130337
0.709877 -0.0106722
0.723765 -0.00863093
0.733025 -0.00702495
0.709877 -0.00516139
0.682099 -0.00293959
0.665123 -1.66175e-06
0.682099 0.00258144
0.662037 0.00517583
0.634259 0.00768843
0.62037 0.0108062
0.654321 0.0136496
0.679012 0.0163562
0.652778 0.0192439
0.683642 0.0220936
0.675926 0.0244836
0.666667 0.0273638
0.632716 0.0297648
0.662037 0.0322668
0.638889 0.035667
0.611111 0.0385846
0.631173 0.0416583
0.621914 0.0439868
0.625 0.0462199
0.632716 0.0486542
0.643519 0.0512982
0.677469 0.0536405
0.709877 0.0557017
0.731481 0.0582494
0.719136 0.0608752
0.716049 0.0638079
0.736111 0.0669116
0.765432 0.0696319
0.729938 0.0721647
0.746914 0.074839
0.736111 0.0777221
0.703704 0.0802105
0.719136 0.0827192
0.742284 0.0853226
0.694444 0.0881616
0.688272 0.0907751
0.686728 0.0929205
0.677469 0.0946398
0.70679 0.0966488
0.694444 0.0979231
0.691358 0.0991479
0.689815 0.100501
0.692901 0.10174
0.688272 0.102735
0.662037 0.103825
0.691358 0.105045
0.682099 0.106862
0.695988 0.108574
0.689815 0.110007
0.688272 0.111496
0.683642 0.113064
0.674383 0.114617
0.680556 0.116291
0.628086 0.117661
0.628086 0.11861
0.640432 0.120031
0.694444 0.121636
0.708333 0.123131
0.709877 0.124621
0.712963 0.126438
0.739198 0.128894
0.71142 0.131389
0.680556 0.133469
0.666667 0.13567
0.651235 0.138044
0.626543 0.140587
0.638889 0.143399
0.608025 0.146781
0.604938 0.150292
0.58179 0.15369
0.567901 0.156709
0.533951 0.159998
0.526235 0.163365
0.496914 0.166241
0.464506 0.168736
0.421296 0.170746
0.381173 0.173438
0.37963 0.176191
0.388889 0.179198
0.356481 0.182044
0.365741 0.184577
0.348765 0.187242
0.364198 0.189566
0.356481 0.19172
0.345679 0.194095
0.395062 0.196684
0.407407 0.199348
0.408951 0.201816
0.390432 0.204895
0.361111 0.207603
0.351852 0.209933
0.330247 0.211938
0.387346 0.213877
0.350309 0.215387
0.348765 0.216606
0.348765 0.217939
0.324074 0.219119
0.373457 0.220252
0.367284 0.221305
0.398148 0.221792
0.439815 0.222231
0.430556 0.22255
0.436728 0.223442
0.479938 0.224378
0.45679 0.225606
0.464506 0.226516
0.466049 0.227443
0.424383 0.228589
0.387346 0.229619
0.356481 0.230729
0.353395 0.231841
0.398148 0.233174
0.382716 0.234186
0.37963 0.234916
0.381173 0.235579
0.362654 0.236702
0.362654 0.237539
0.313272 0.23821
0.33642 0.238933
0.316358 0.239591
0.307099 0.240688
0.310185 0.242321
0.277778 0.243698
0.276235 0.245296
0.311728 0.247118
0.345679 0.248716
0.344136 0.250156
0.353395 0.250986
0.33179 0.25169
0.382716 0.252248
0.314815 0.252464
0.285494 0.252831
0.314815 0.253192
0.299383 0.253739
0.271605 0.254847
0.28858 0.255794
0.322531 0.257008
0.348765 0.25781
0.325617 0.258187
0.307099 0.258808
0.32716 0.259091
0.381173 0.258783
0.358025 0.258881
0.359568 0.258933
0.365741 0.25922
0.395062 0.259046
0.367284 0.259356
0.399691 0.259598
0.436728 0.260367
0.449074 0.260899
0.432099 0.261566
0.45216 0.262434
0.41821 0.263126
0.438272 0.263636
0.429012 0.264294
0.402778 0.264938
0.419753 0.265651
0.41821 0.265973
0.466049 0.265872
0.45679 0.266394
0.466049 0.266882
0.476852 0.267788
0.42284 0.268218
0.42284 0.268013
0.402778 0.2681
0.387346 0.267943
0.430556 0.267933
0.472222 0.267763
0.496914 0.267692
0.552469 0.267784
0.604938 0.267742
0.634259 0.267336
0.583333 0.266974
0.604938 0.266312
0.604938 0.265282
0.594136 0.263744
0.595679 0.261575
0.557099 0.259563
0.509259 0.257967
0.533951 0.256468
0.50463 0.255356
0.506173 0.2548
0.54784 0.254126
0.49537 0.253083
0.470679 0.252127
0.472222 0.250816
0.41821 0.249243
0.507716 0.248226
0.529321 0.246561
0.541667 0.245077
0.578704 0.243481
0.609568 0.241646
0.611111 0.239583
0.594136 0.237151
0.595679 0.234851
0.601852 0.232477
0.662037 0.229608
0.643519 0.227235
0.604938 0.225119
0.601852 0.222673
0.54784 0.220182
0.523148 0.217738
0.570988 0.215555
0.634259 0.214221
0.686728 0.213044
0.665123 0.21136
0.674383 0.209065
0.648148 0.207183
0.694444 0.205435
0.716049 0.203775
0.692901 0.201874
0.677469 0.200434
0.67284 0.198872
0.674383 0.197487
0.683642 0.196153
0.638889 0.194318
0.679012 0.192229
0.677469 0.190167
0.692901 0.18802
0.649691 0.185137
0.677469 0.182068
0.641975 0.179005
0.637346 0.175635
0.637346 0.172583
0.66821 0.16907
0.694444 0.165501
0.699074 0.161384
0.648148 0.157403
0.669753 0.15318
0.683642 0.148883
0.725309 0.14444
0.716049 0.139738
0.737654 0.135084
0.763889 0.130637
0.762346 0.125936
0.75 0.121351
0.759259 0.117019
0.75 0.112953
0.740741 0.109055
0.709877 0.105621
0.714506 0.102079
0.70216 0.0986912
0.680556 0.0953354
0.677469 0.0922802
0.657407 0.0891776
0.655864 0.0861494
0.692901 0.0833098
0.725309 0.0804906
0.680556 0.0781838
0.699074 0.0760195
0.686728 0.0740446
0.674383 0.0719052
0.645062 0.06991
0.632716 0.0676434
0.583333 0.0651831
0.591049 0.0628118
0.591049 0.0594619
0.617284 0.0563432
0.62037 0.0533204
0.594136 0.049757
0.592593 0.0467816
0.591049 0.0439251
0.578704 0.0413761
0.54784 0.039574
0.58642 0.0380142
0.578704 0.0364474
0.583333 0.0349756
0.570988 0.0337721
0.587963 0.0324941
0.530864 0.0310005
0.476852 0.0297508
0.5 0.0282857
0.5 0.0270172
0.516975 0.0250532
0.540123 0.0229245
0.524691 0.0207299
0.484568 0.0186567
0.484568 0.0166876
0.467593 0.0142457
0.458333 0.0123617
0.447531 0.0101273
0.416667 0.00789177
0.393519 0.00580952
0.376543 0.00415043
0.33642 0.00253812
0.353395 0.00133793
0.330247 0.000258051
0.307099 -0.000269209
0.353395 -0.00148865
0.294753 -0.00346218
0.32716 -0.00546979
0.314815 -0.00758984
0.319444 -0.00934089
0.317901 -0.0112562
0.344136 -0.0131729
0.37037 -0.0144668
0.387346 -0.0155266
0.37037 -0.0166266
0.358025 -0.0174772
0.390432 -0.0185719
0.354938 -0.0198971
0.333333 -0.0206357
0.305556 -0.021255
0.341049 -0.0219028
0.373457 -0.0222551
0.33642 -0.0225735
0.375 -0.0225886
0.351852 -0.0227854
0.364198 -0.0231151
0.384259 -0.023468
0.376543 -0.0237596
0.396605 -0.0247666
0.375 -0.0252619
0.307099 -0.0250877
0.305556 -0.0245256
0.296296 -0.0241528
0.305556 -0.0233301
0.311728 -0.0224683
0.285494 -0.0218638
0.313272 -0.0205981
0.310185 -0.0197065
0.259259 -0.018785
0.270062 -0.0175156
0.246914 -0.0159631
0.24537 -0.0142281
0.194444 -0.0125484
0.20216 -0.0106892
0.216049 -0.00834376
0.262346 -0.00578006
0.285494 -0.00364635
0.311728 -0.00135578
0.322531 0.00109504
0.341049 0.00312986
0.351852 0.00475386
0.304012 0.00586842
0.317901 0.00691234
0.300926 0.00780974
0.359568 0.00867883
0.350309 0.00972107
0.388889 0.0115095
0.401235 0.0136801
0.395062 0.0157456
0.427469 0.0181527
0.41358 0.0208066
0.404321 0.0234964
0.395062 0.0257585
0.408951 0.0279439
0.416667 0.0303305
0.416667 0.032644
0.435185 0.0342989
0.424383 0.0363842
0.470679 0.0377767
0.464506 0.0392602
0.442901 0.040903
0.430556 0.0430187
0.433642 0.0455257
0.398148 0.0476895
0.384259 0.0496479
0.368827 0.0517027
0.341049 0.0532009
0.344136 0.0549178
0.314815 0.0571515
0.302469 0.0583465
0.287037 0.0595844
0.324074 0.0612499
0.313272 0.0627986
0.328704 0.0645057
0.353395 0.0662719
0.371914 0.0680842
0.395062 0.0699926
0.391975 0.0716633
0.358025 0.0741052
0.354938 0.076353
0.328704 0.0782291
0.33179 0.0806923
0.313272 0.0828217
0.316358 0.0852978
0.313272 0.087269
0.257716 0.088916
0.276235 0.0912311
0.263889 0.0941188
0.257716 0.0966788
0.226852 0.09855
0.239198 0.100817
0.225309 0.103029
0.160494 0.10418
0.151235 0.105331
0.158951 0.106324
0.152778 0.107154
0.160494 0.10781
0.192901 0.107799
0.158951 0.107631
0.237654 0.107501
0.291667 0.107252
0.276235 0.107215
0.28858 0.107219
0.319444 0.107207
0.33179 0.107062
0.341049 0.106888
0.29784 0.10635
0.282407 0.105975
0.325617 0.10465
0.291667 0.103584
0.33179 0.102538
0.339506 0.100835
0.393519 0.0997243
0.375 0.098531
0.410494 0.0975579
0.432099 0.0965281
0.412037 0.0958563
0.466049 0.0952585
0.427469 0.0946699
0.376543 0.0943079
0.365741 0.0938312
0.348765 0.0934289
0.37037 0.0929067
0.410494 0.0916956
0.398148 0.090586
0.391975 0.0894515
0.415123 0.088589
0.412037 0.0875291
0.42284 0.0863602
0.490741 0.0851159
0.469136 0.0838195
0.459877 0.0824084
0.450617 0.0810375
0.436728 0.0795191
0.435185 0.077919
0.429012 0.0763421
0.425926 0.0748162
0.46142 0.0730314
0.449074 0.0707869
0.475309 0.0684018
0.467593 0.0661074
0.472222 0.0636126
0.475309 0.0609402
0.483025 0.0582215
0.483025 0.0550473
0.49537 0.0521381
0.492284 0.0492257
0.515432 0.0461521
0.479938 0.0429704
0.41821 0.0398342
0.432099 0.0368057
0.481481 0.0345973
0.458333 0.0325297
0.470679 0.0313256
0.476852 0.0305221
0.506173 0.0299491
0.513889 0.0290864
0.524691 0.0279248
0.515432 0.0263689
0.555556 0.0240429
0.558642 0.021872
0.544753 0.0202521
0.552469 0.0186543
0.529321 0.0169593
0.54784 0.0157806
0.600309 0.0145192
0.608025 0.0136364
0.608025 0.0130367
0.594136 0.0121024
0.541667 0.0114349
0.561728 0.0113559
0.533951 0.0101625
0.50463 0.00932224
0.544753 0.00845953
0.532407 0.00741615
0.516975 0.00647657
0.515432 0.00628956
0.466049 0.00646601
0.496914 0.00685385
0.516975 0.00677868
0.483025 0.00659861
0.479938 0.00605339
0.450617 0.00573785
0.441358 0.00602034
0.41358 0.00645266
0.382716 0.00738723
0.381173 0.00889319
0.361111 0.0104266
0.373457 0.0122844
0.364198 0.0138983
0.350309 0.015072
0.356481 0.0156893
0.368827 0.0160239
0.368827 0.0161189
0.365741 0.0163932
0.356481 0.016377
0.359568 0.0164993
0.375 0.0165897
0.356481 0.0159395
0.399691 0.0145431
0.348765 0.0134819
0.310185 0.012186
0.290123 0.0109134
0.296296 0.00930288
0.308642 0.00775771
0.29784 0.00652662
0.294753 0.00457709
0.354938 0.00305576
0.364198 0.0018705
0.405864 0.000706439
0.356481 -9.48185e-05
0.37963 -0.000718763
0.419753 -0.00106425
0.356481 -0.00165021
0.317901 -0.00209288
0.29784 -0.00291977
0.314815 -0.00427869
0.304012 -0.00536291
0.391975 -0.00705441
0.375 -0.00911953
0.391975 -0.0112351
0.361111 -0.0136924
0.348765 -0.0158989
0.385802 -0.0181995
0.401235 -0.0200723
0.368827 -0.0220765
0.395062 -0.0240608
0.384259 -0.0255399
0.37037 -0.0269843
0.339506 -0.0272179
0.362654 -0.0271834
0.371914 -0.0272231
0.358025 -0.0277377
0.381173 -0.0279993
0.404321 -0.0286983
0.33179 -0.029115
0.333333 -0.0292623
0.271605 -0.0298919
0.271605 -0.0309114
0.279321 -0.0319411
0.265432 -0.0323949
0.243827 -0.0326206
0.216049 -0.0330159
0.253086 -0.0332662
0.257716 -0.0328489
0.223765 -0.0324183
0.217593 -0.0322253
0.208333 -0.031747
0.220679 -0.0309301
0.260802 -0.0297492
0.263889 -0.0288897
0.231481 -0.0286034
0.268519 -0.027856
0.277778 -0.0268289
0.291667 -0.0257435
0.29321 -0.0244667
0.29321 -0.023435
0.32716 -0.0226084
0.268519 -0.0216542
0.259259 -0.0205205
0.282407 -0.0197347
0.304012 -0.0188583
0.320988 -0.0183373
0.271605 -0.0180261
0.280864 -0.0177515
0.220679 -0.0171443
0.12963 -0.0165598
0.111111 -0.015668
0.137346 -0.0146081
0.121914 -0.0136572
0.0987654 -0.013009
0.103395 -0.0123895
0.151235 -0.0112703
0.174383 -0.0105666
0.239198 -0.00983115
0.246914 -0.00876898
0.276235 -0.00799288
0.251543 -0.00722428
0.25 -0.00665313
0.209877 -0.00624719
0.223765 -0.00576976
0.175926 -0.00522197
0.162037 -0.00451467
0.154321 -0.00394776
0.157407 -0.00308792
0.151235 -0.00182044
0.157407 -0.0008987
0.12037 0.000255479
0.0987654 0.00197296
0.111111 0.00363377
0.145062 0.00508162
0.135802 0.00665666
0.152778 0.0081461
0.132716 0.00970751
0.131173 0.0112989
0.118827 0.0127012
0.125 0.014677
0.123457 0.0170099
0.152778 0.0189237
0.117284 0.0204759
0.112654 0.0220294
0.135802 0.0236475
0.123457 0.0253317
0.101852 0.0266126
0.0771605 0.0281458
0.111111 0.0292167
0.0987654 0.0305868
0.0848765 0.0320601
0.0864198 0.0338029
0.0848765 0.0361863
0.106481 0.0384378
0.0817901 0.0406535
0.0679012 0.043043
0.0895062 0.0455189
0.0679012 0.0482379
0.0709877 0.0507001
0.0493827 0.0529464
0.00771605 0.0546531
0.037037 0.0564566
0.0555556 0.0580666
0.0478395 0.0593361
0.0648148 0.0601346
0.0354938 0.061317
0.0524691 0.0630721
0.0339506 0.0645354
0.0185185 0.0656251
0.0277778 0.0664149
0.00617284 0.0670886
0.0277778 0.0677572
0.0447531 0.0683801
0.058642 0.0693343
0.0570988 0.0707738
0.0787037 0.0728783
0.108025 0.0747991
0.0925926 0.0765346
0.128086 0.0787602
0.140432 0.080713
0.100309 0.0827678
0.0740741 0.0844016
0.143519 0.0853893
0.154321 0.0866075
0.149691 0.0873534
0.140432 0.0878692
0.0709877 0.0881919
0.0895062 0.0883468
0.0679012 0.088357
0.00462963 0.0884555
0.00771605 0.0897543
0.0200617 0.0908007
0.00925926 0.0915145
0.0478395 0.0929808
0.0231481 0.0940956
0.0262346 0.0954654
0.0262346 0.0969032
0.0324074 0.0974124
0.0432099 0.0980951
0.0617284 0.0983839
0.0617284 0.0988325
0.0277778 0.0992188
0.0185185 0.0994023
0.0200617 0.0991865
0.0138889 0.0986628
0.00771605 0.0982396
0.00154321 0.0972994
0.00771605 0.0966455
0.0524691 0.0959189
0.117284 0.0953472
0.108025 0.0945987
0.0771605 0.0942173
0.0802469 0.093481
0.0910494 0.0928462
0.0972222 0.0917287
0.108025 0.0908412
0.100309 0.0902421
0.0833333 0.0891176
0.0941358 0.0879117
0.121914 0.0869351
0.0787037 0.0854385
0.0756173 0.084098
0.0987654 0.0826374
0.0987654 0.081122
0.101852 0.0796069
0.126543 0.078064
0.171296 0.0760893
0.137346 0.0738361
0.152778 0.072192
0.160494 0.0704726
0.158951 0.0688619
0.132716 0.0670184
0.16358 0.0649031
0.137346 0.062676
0.121914 0.0603617
0.182099 0.0578536
0.12963 0.0555938
0.103395 0.0533261
0.0972222 0.0512636
0.0524691 0.0491034
0.0756173 0.0469781
0.0354938 0.0448408
0.104938 0.0417502
0.12963 0.0386173
0.123457 0.0351404
0.138889 0.0317916
0.131173 0.029046
0.0925926 0.0258584
0.0540123 0.0226979
0.0123457 0.0203852
0.00925926 0.0188936
0.0216049 0.0171205
0.0154321 0.0161978
0.00462963 0.0151541
0.0478395 0.0147916
0.0108025 0.0151101
0.0354938 0.015502
0.0385802 0.0163137
0.0570988 0.0171261
0.0941358 0.0171381
0.12037 0.0164856
0.155864 0.0157758
0.20216 0.0151068
0.236111 0.0149367
0.279321 0.0151318
0.319444 0.0151023
0.304012 0.0150696
0.302469 0.0146591
0.28858 0.0142688
0.265432 0.0139006
0.259259 0.0137336
0.219136 0.0141501
0.240741 0.0146203
0.263889 0.0150821
0.25463 0.0160827
0.259259 0.0171469
0.291667 0.0180224
0.300926 0.019253
0.300926 0.0200646
0.294753 0.020631
0.228395 0.0209503
0.253086 0.0209076
0.251543 0.020843
0.287037 0.0207591
0.29784 0.0209925
0.226852 0.0213302
0.257716 0.0215816
0.262346 0.0218069
0.248457 0.0218564
0.253086 0.0218568
0.285494 0.0216474
0.273148 0.0219623
0.299383 0.022325
0.33179 0.0227793
0.282407 0.0227511
0.316358 0.0228027
0.337963 0.0227814
0.361111 0.0231028
0.408951 0.023268
0.407407 0.0236895
0.41358 0.0240226
0.429012 0.0242983
0.455247 0.0251695
0.450617 0.0256413
0.421296 0.0264648
0.391975 0.0272678
0.350309 0.0281107
0.373457 0.0289314
0.396605 0.0295112
0.401235 0.0305498
0.398148 0.0318377
0.402778 0.0333939
0.42284 0.0351536
0.427469 0.0372613
0.382716 0.0385334
0.342593 0.0399456
0.325617 0.0411933
0.311728 0.0428861
0.253086 0.0451262
0.246914 0.0471355
0.239198 0.0489922
0.29321 0.0508084
0.28858 0.0529382
0.362654 0.0551562
0.359568 0.0574194
0.356481 0.0592477
0.351852 0.0605839
0.341049 0.061358
0.341049 0.0624396
0.32716 0.0643331
0.307099 0.0666136
0.311728 0.0686517
0.280864 0.070369
0.280864 0.0727787
0.248457 0.0751545
0.276235 0.0772694
0.274691 0.0789893
0.29784 0.0803362
0.32716 0.0811804
0.310185 0.0815401
0.310185 0.0818889
0.353395 0.0826905
0.333333 0.0836006
0.328704 0.0855333
0.387346 0.0866898
0.37037 0.0883789
0.367284 0.0909613
0.356481 0.0932489
0.376543 0.0959798
0.382716 0.0984141
0.407407 0.100127
0.41821 0.102561
0.404321 0.104853
0.42284 0.107457
0.405864 0.110201
0.478395 0.112721
0.476852 0.115518
0.496914 0.117783
0.498457 0.120172
0.512346 0.122312
0.530864 0.124556
0.564815 0.125915
0.544753 0.127008
0.58179 0.128194
0.529321 0.128825
0.484568 0.129326
0.487654 0.130222
0.521605 0.131464
0.557099 0.132965
0.561728 0.134439
0.526235 0.13555
0.516975 0.136671
0.498457 0.137857
0.493827 0.139593
0.516975 0.141456
0.510802 0.143034
0.524691 0.144338
0.483025 0.145625
0.464506 0.147145
0.447531 0.148153
0.419753 0.149704
0.356481 0.150771
0.395062 0.151783
0.354938 0.15248
0.342593 0.153511
0.33642 0.154182
0.373457 0.154335
0.347222 0.154734
0.37963 0.154931
0.41358 0.15526
0.399691 0.155844
0.445988 0.156272
0.449074 0.156793
0.470679 0.15753
0.5 0.157844
0.467593 0.157855
0.439815 0.157983
0.402778 0.158093
0.490741 0.157894
0.489198 0.15685
0.450617 0.155677
0.432099 0.154267
0.442901 0.15269
0.432099 0.151245
0.484568 0.1508
0.49537 0.149979
0.509259 0.149522
0.569444 0.149347
0.53858 0.14934
0.54784 0.149392
0.544753 0.14933
0.529321 0.148718
0.518519 0.147525
0.50463 0.14625
0.489198 0.14472
0.484568 0.143791
0.427469 0.142175
0.385802 0.140942
0.395062 0.139848
0.362654 0.138892
0.324074 0.137673
0.270062 0.136445
0.237654 0.134882
0.25 0.132951
0.219136 0.130775
0.208333 0.129041
0.246914 0.127252
0.243827 0.12521
0.266975 0.123288
0.280864 0.120967
0.266975 0.118692
0.28858 0.116658
0.28858 0.114728
0.283951 0.113049
0.266975 0.111291
0.270062 0.10953
0.25463 0.10784
0.256173 0.10574
0.237654 0.102767
0.260802 0.099813
0.251543 0.0962708
0.233025 0.0923527
0.253086 0.0884461
0.260802 0.0845348
0.253086 0.0814214
0.240741 0.0785661
0.263889 0.0763295
0.300926 0.0744051
0.253086 0.0721278
0.248457 0.0694856
0.24537 0.0673086
0.179012 0.0656524
0.203704 0.0647772
0.209877 0.0635841
0.251543 0.0622782
0.220679 0.0611536
0.20679 0.0599066
0.220679 0.0590646
0.199074 0.0576096
0.223765 0.0560181
0.216049 0.0541469
0.265432 0.0518102
0.243827 0.0496919
0.220679 0.0471013
0.205247 0.0445749
0.169753 0.0417002
0.165123 0.0394564
0.188272 0.0370339
0.160494 0.0348728
0.118827 0.0334836
0.106481 0.032556
0.131173 0.0320623
0.180556 0.0315292
0.197531 0.0311864
0.188272 0.030966
0.182099 0.0308406
0.216049 0.030711
0.217593 0.0300588
0.203704 0.0294821
0.220679 0.0294943
0.203704 0.0298381
0.200617 0.0300313
0.209877 0.0301639
0.157407 0.0301612
0.143519 0.029814
0.132716 0.0296329
0.100309 0.0291782
0.087963 0.0281684
0.0925926 0.0273462
0.0864198 0.0261688
0.125 0.0251815
0.0972222 0.0249379
0.0987654 0.0249081
0.121914 0.0246031
0.0771605 0.0241317
0.0925926 0.0239411
0.0972222 0.023262
0.101852 0.0223031
0.0910494 0.0213442
0.0833333 0.0198949
0.0740741 0.0188247
0.0709877 0.0174304
0.137346 0.0160241
0.135802 0.0146116
0.138889 0.0138399
0.146605 0.0129765
0.140432 0.0113926
0.0787037 0.00957585
0.123457 0.00762062
0.152778 0.00592249
0.0987654 0.00459389
0.118827 0.0030101
0.132716 0.00120766
0.114198 -0.000388664
0.128086 -0.0022167
0.0941358 -0.0028691
0.111111 -0.00404553
0.148148 -0.00568343
0.177469 -0.00758434
0.158951 -0.00933722
0.180556 -0.0108976
0.160494 -0.0127577
0.197531 -0.0152188
0.174383 -0.0173003
0.158951 -0.0197804
0.128086 -0.0225668
0.125 -0.025582
0.0910494 -0.0283409
0.115741 -0.0304098
0.125 -0.032857
0.106481 -0.0357596
0.117284 -0.038415
0.111111 -0.0406432
0.12963 -0.04245
0.12963 -0.0439903
0.138889 -0.0458197
0.179012 -0.047237
0.212963 -0.0492917
0.231481 -0.0516875
0.240741 -0.054026
0.239198 -0.0567617
0.243827 -0.0598314
0.239198 -0.0624746
0.25 -0.0647911
0.177469 -0.0667747
0.154321 -0.0683487
0.203704 -0.0697351
0.162037 -0.0717208
0.203704 -0.0737076
0.212963 -0.0756198
0.180556 -0.0775693
0.212963 -0.079637
0.226852 -0.0816513
0.216049 -0.0833552
0.180556 -0.0841486
0.222222 -0.0844952
0.277778 -0.0846508
0.317901 -0.0854872
0.364198 -0.0862369
0.399691 -0.087391
0.42284 -0.0881158
0.407407 -0.0889148
0.396605 -0.0894104
0.342593 -0.0898663
0.358025 -0.0902905
0.361111 -0.0900126
0.416667 -0.0899749
0.384259 -0.0900059
0.395062 -0.0901908
0.399691 -0.0906446
0.405864 -0.0905509
0.382716 -0.090296
0.345679 -0.0901519
0.330247 -0.0908161
0.436728 -0.0917104
0.439815 -0.0918835
0.432099 -0.0917339
0.441358 -0.091717
0.436728 -0.0912249
0.41821 -0.0912115
0.404321 -0.0908863
0.365741 -0.0905583
0.405864 -0.0901279
0.368827 -0.0903632
0.361111 -0.0907288
0.396605 -0.0915194
0.405864 -0.0916517
0.410494 -0.090839
0.408951 -0.0898347
0.462963 -0.0889633
0.459877 -0.0883568
0.45679 -0.08752
0.472222 -0.0868706
0.462963 -0.0858359
0.42284 -0.0841222
0.388889 -0.0824598
0.396605 -0.0810169
0.416667 -0.0791258
0.408951 -0.0768101
0.408951 -0.0746564
0.439815 -0.0722483
0.424383 -0.0694464
0.396605 -0.0669227
0.415123 -0.0646228
0.416667 -0.0628515
0.367284 -0.0612281
0.376543 -0.0598308
0.419753 -0.0586074
0.402778 -0.0571179
0.373457 -0.055507
0.375 -0.0537366
0.32716 -0.0514757
0.356481 -0.0493068
0.339506 -0.0472416
0.307099 -0.0450007
0.32716 -0.0433154
0.322531 -0.0423585
0.328704 -0.0421381
0.283951 -0.0420107
0.359568 -0.0410661
0.37037 -0.0407474
0.390432 -0.0409886
0.405864 -0.0412344
0.378086 -0.0411377
0.404321 -0.040794
0.433642 -0.0404659
0.445988 -0.0404525
0.432099 -0.0406976
0.429012 -0.0408248
0.354938 -0.0414604
0.376543 -0.0427757
0.359568 -0.0438362
0.359568 -0.0447774
0.391975 -0.0452942
0.350309 -0.0458483
0.371914 -0.0456109
0.317901 -0.0455683
0.300926 -0.0454028
0.283951 -0.0448996
0.226852 -0.0446101
0.248457 -0.0447054
0.233025 -0.0443659
0.200617 -0.0434956
0.223765 -0.0430544
0.217593 -0.0426911
0.205247 -0.0420052
0.209877 -0.0411366
0.149691 -0.0405576
0.158951 -0.0395926
0.16358 -0.0385028
0.205247 -0.0368757
0.216049 -0.0352143
0.199074 -0.0334303
0.185185 -0.0316346
0.151235 -0.0294881
0.171296 -0.0271451
0.137346 -0.0247949
0.182099 -0.0224939
0.194444 -0.0203189
0.199074 -0.0183183
0.20216 -0.016181
0.188272 -0.0148487
0.160494 -0.0140234
0.140432 -0.0129591
0.128086 -0.0120315
0.0817901 -0.0114264
0.104938 -0.0113085
0.0987654 -0.0102967
0.12037 -0.00959145
0.125 -0.00839355
0.151235 -0.00703242
0.166667 -0.00491926
0.117284 -0.00262631
0.149691 -0.000100126
0.194444 0.00217811
0.197531 0.00454203
0.222222 0.00663315
0.205247 0.00930016
0.209877 0.0113761
0.209877 0.0132777
0.205247 0.0146662
0.180556 0.0155911
0.192901 0.0167561
0.214506 0.0183753
0.225309 0.0193322
0.223765 0.0204374
0.268519 0.0217656
0.263889 0.0227239
0.24537 0.0238505
0.285494 0.0244298
0.246914 0.0255208
0.341049 0.0264196
0.401235 0.0273798
0.391975 0.028336
0.415123 0.0291852
0.41821 0.0299294
0.396605 0.0310328
0.367284 0.0323098
0.398148 0.032884
0.387346 0.0339879
0.365741 0.0352638
0.354938 0.0364886
0.37963 0.0378964
0.353395 0.0389787
0.354938 0.0401667
0.322531 0.0415979
0.354938 0.0424568
0.319444 0.0429505
0.279321 0.0428595
0.304012 0.0427442
0.262346 0.0425388
0.277778 0.0435904
0.259259 0.044746
0.237654 0.0456857
0.233025 0.0472228
0.231481 0.0485277
0.231481 0.0502378
0.216049 0.0512598
0.194444 0.0522327
0.17284 0.052695
0.152778 0.0523314
0.16821 0.0517593
0.137346 0.0511732
0.106481 0.0510611
0.123457 0.0514963
0.148148 0.051903
0.145062 0.0518436
0.155864 0.0517933
0.165123 0.0516709
0.183642 0.0523123
0.166667 0.052916
0.169753 0.05332
0.182099 0.0534858
0.24537 0.0541405
0.25 0.0543682
0.243827 0.0539069
0.219136 0.0531958
0.234568 0.0525079
0.20679 0.0523361
0.214506 0.0515829
0.24537 0.0508307
0.208333 0.0508325
0.223765 0.0508164
0.214506 0.0512171
0.25 0.050793
0.25 0.0503449
0.268519 0.0500336
0.296296 0.0503694
0.322531 0.050151
0.304012 0.0498465
0.333333 0.0493205
0.33179 0.0485898
0.307099 0.0477348
0.28858 0.0466627
0.319444 0.046431
0.285494 0.046229
0.277778 0.0458928
0.337963 0.0461454
0.29321 0.0458829
0.308642 0.0456722
0.283951 0.0459802
0.225309 0.0459289
0.169753 0.0459747
0.16821 0.04579
0.216049 0.0450276
0.229938 0.0442923
0.266975 0.0432168
0.302469 0.0420186
0.263889 0.0410443
0.263889 0.0403211
0.228395 0.0396623
0.251543 0.0395181
0.273148 0.039059
0.28858 0.0384956
0.287037 0.0378441
0.273148 0.0369397
0.246914 0.0358572
0.248457 0.0345747
0.217593 0.0330627
0.243827 0.0317164
0.212963 0.0294663
0.271605 0.0271455
0.290123 0.0245187
0.294753 0.0222799
0.308642 0.01983
0.334877 0.0173818
0.330247 0.0145389
0.393519 0.0119346
0.358025 0.00863906
0.339506 0.00599217
0.310185 0.00356302
0.314815 0.00093752
0.302469 -0.00182753
0.270062 -0.00467601
0.265432 -0.00704037
0.220679 -0.00947376
0.195988 -0.0117502
0.192901 -0.0137473
0.231481 -0.0165392
0.21142 -0.0195833
0.216049 -0.0222876
0.208333 -0.024955
0.183642 -0.0284665
0.185185 -0.0317902
0.21142 -0.0348076
0.177469 -0.0372844
0.131173 -0.0395582
0.143519 -0.0417502
0.109568 -0.0445406
0.0972222 -0.0473116
0.152778 -0.0500219
0.183642 -0.0532064
0.146605 -0.0557882
0.152778 -0.0579963
0.12963 -0.0606352
0.146605 -0.0631986
0.148148 -0.0657855
0.158951 -0.0685373
0.125 -0.0709625
0.145062 -0.0737765
0.095679 -0.0764444
0.0354938 -0.0793306
0.0262346 -0.0818389
0.0138889 -0.084005
0.0154321 -0.085942
0.066358 -0.0883772
0.0570988 -0.090442
0.0817901 -0.0927575
0.0493827 -0.095236
0.0524691 -0.0978361
0.00462963 -0.100428
0.0509259 -0.102688
0.0385802 -0.104629
0.0123457 -0.106604
0.00308642 -0.108323
0.00617284 -0.110063
0.0324074 -0.111683
0.0601852 -0.113323
0.0925926 -0.114425
0.0462963 -0.115771
0.0601852 -0.117638
0.00308642 -0.119642
0.0416667 -0.121482
0.0216049 -0.12381
0.0401235 -0.126013
0.0802469 -0.128057
0.058642 -0.130003
0.0354938 -0.132471
0.0169753 -0.134679
0.0401235 -0.136994
0.0447531 -0.138505
0.0185185 -0.139972
0.0941358 -0.141855
0.121914 -0.144
0.162037 -0.145731
0.192901 -0.148012
0.175926 -0.149975
0.166667 -0.151758
0.208333 -0.153178
0.186728 -0.155641
0.21142 -0.157971
0.183642 -0.160669
0.174383 -0.163296
0.154321 -0.166076
0.12037 -0.169175
0.115741 -0.172187
0.114198 -0.174479
0.151235 -0.1766
0.138889 -0.178511
0.112654 -0.179589
0.0941358 -0.180734
0.125 -0.182749
0.0987654 -0.18481
0.0555556 -0.186734
0.101852 -0.188596
0.0756173 -0.190279
0.095679 -0.191407
0.12037 -0.19197
0.117284 -0.193012
0.087963 -0.193896
0.0756173 -0.194953
0.00308642 -0.196064
0.0601852 -0.198139
0.058642 -0.200698
0.0987654 -0.203017
0.0817901 -0.20518
0.104938 -0.207
0.118827 -0.208476
0.104938 -0.209135
0.0972222 -0.209568
0.058642 -0.20953
0.0941358 -0.209386
0.101852 -0.208826
0.137346 -0.209124
0.0864198 -0.20902
0.0339506 -0.20854
0.029321 -0.20823
0.0185185 -0.207887
0.0401235 -0.207059
0.0231481 -0.205874
0.0416667 -0.204476
0.0756173 -0.20405
0.131173 -0.204159
0.115741 -0.204133
0.103395 -0.204215
0.087963 -0.204239
0.00925926 -0.20478
0.0138889 -0.205172
0.0123457 -0.204691
0.037037 -0.203486
0.0478395 -0.20255
0.0802469 -0.202409
0.108025 -0.202678
0.157407 -0.201714
0.118827 -0.200953
0.189815 -0.199904
0.158951 -0.199244
0.185185 -0.198594
0.177469 -0.198061
0.205247 -0.19768
0.223765 -0.198103
0.236111 -0.19912
0.200617 -0.199686
0.183642 -0.20014
0.197531 -0.200341
0.189815 -0.200138
0.212963 -0.200581
0.205247 -0.199909
0.192901 -0.198833
0.20216 -0.197984
0.174383 -0.197314
0.158951 -0.196694
0.140432 -0.196024
0.166667 -0.196042
0.192901 -0.195941
0.200617 -0.195337
0.225309 -0.193996
0.29321 -0.192979
0.279321 -0.192794
0.217593 -0.192205
0.226852 -0.190967
0.145062 -0.190097
0.126543 -0.189256
0.100309 -0.188589
0.111111 -0.188392
0.115741 -0.187606
0.123457 -0.18679
0.143519 -0.186461
0.143519 -0.186064
0.140432 -0.18531
0.154321 -0.184702
0.109568 -0.183917
0.0740741 -0.183309
0.131173 -0.182993
0.160494 -0.183142
0.149691 -0.183419
0.200617 -0.183983
0.20679 -0.185203
0.212963 -0.185706
0.251543 -0.186436
0.265432 -0.187328
0.25463 -0.187803
0.262346 -0.18805
0.251543 -0.188225
0.25463 -0.188118
0.282407 -0.188588
0.273148 -0.188982
0.25 -0.189881
0.242284 -0.189881
0.266975 -0.189672
0.242284 -0.190135
0.208333 -0.19055
0.214506 -0.190594
0.243827 -0.190126
0.228395 -0.189249
0.253086 -0.188231
0.251543 -0.187562
0.228395 -0.187365
0.226852 -0.18711
0.212963 -0.18633
0.220679 -0.18494
0.21142 -0.184201
0.20216 -0.183351
0.222222 -0.18225
0.217593 -0.181739
0.214506 -0.181234
0.17284 -0.181527
0.175926 -0.181268
0.111111 -0.180762
0.0972222 -0.180737
0.112654 -0.180193
0.131173 -0.179749
0.145062 -0.178899
0.143519 -0.178066
0.126543 -0.177081
0.0925926 -0.176288
0.111111 -0.176733
0.0941358 -0.177286
0.125 -0.177782
0.0864198 -0.178763
0.0910494 -0.178496
0.0354938 -0.178584
0.095679 -0.178182
0.0987654 -0.179198
0.0910494 -0.180198
0.0817901 -0.180775
0.0617284 -0.181794
0.0339506 -0.182516
0.0154321 -0.183138
0.0308642 -0.184198
0.00771605 -0.184704
0.037037 -0.185632
0.0524691 -0.186967
0.0447531 -0.188316
0.0339506 -0.189441
0.0108025 -0.189508
0 -0.189573
0.0138889 -0.18992
0.0277778 -0.190608
0.00308642 -0.19041
0.00771605 -0.190226
0.0324074 -0.190355
0.058642 -0.190342
0.0648148 -0.190384
0.100309 -0.189975
0.123457 -0.189542
0.112654 -0.189219
0.180556 -0.18851
0.220679 -0.187645
0.191358 -0.187393
0.171296 -0.186938
0.175926 -0.186315
0.145062 -0.185546
0.126543 -0.184075
0.166667 -0.182646
0.148148 -0.181275
0.148148 -0.179054
0.149691 -0.176826
0.152778 -0.174636
0.165123 -0.172991
0.16358 -0.171135
0.137346 -0.168904
0.104938 -0.166873
0.0787037 -0.164743
0.0740741 -0.162224
0.103395 -0.16021
0.0864198 -0.158224
0.101852 -0.156111
0.0925926 -0.154783
0.0987654 -0.152998
0.128086 -0.151256
0.126543 -0.149853
0.0895062 -0.148565
0.0601852 -0.147056
0.104938 -0.145075
0.0787037 -0.142594
0.0648148 -0.139241
0.117284 -0.135919
0.0787037 -0.133457
0.0246914 -0.130561
0.00771605 -0.127534
0.00925926 -0.124751
0.0123457 -0.122059
0.0231481 -0.11956
0.00771605 -0.116943
0.0185185 -0.114628
0.066358 -0.112139
0.100309 -0.110566
0.106481 -0.108594
0.117284 -0.106563
0.0864198 -0.104366
0.066358 -0.102013
0.115741 -0.0990497
0.148148 -0.096241
0.118827 -0.0929088
0.126543 -0.0896105
0.157407 -0.0866163
0.135802 -0.0843855
0.121914 -0.0822065
0.100309 -0.0799194
0.0895062 -0.0787933
0.100309 -0.0771017
0.146605 -0.0763963
0.157407 -0.0754742
0.131173 -0.0747759
0.109568 -0.0735413
0.12963 -0.0720311
0.126543 -0.0702762
0.146605 -0.0676079
0.12963 -0.0652167
0.123457 -0.0631448
0.108025 -0.0599188
0.112654 -0.0571732
0.140432 -0.0540916
0.100309 -0.0508231
0.175926 -0.0478335
0.148148 -0.044976
0.128086 -0.0416948
0.134259 -0.0380279
0.0987654 -0.0345816
0.0817901 -0.0321814
0.115741 -0.0295859
0.0756173 -0.0275097
0.0570988 -0.0254095
0.0787037 -0.0241436
0.0802469 -0.0229212
0.111111 -0.0215376
0.146605 -0.0204361
0.114198 -0.0198258
0.0895062 -0.0189898
0.100309 -0.0175103
0.0632716 -0.0159471
0.132716 -0.0154637
0.117284 -0.0153265
0.0694444 -0.0150806
0.0324074 -0.0140374
0.0509259 -0.012162
0.0694444 -0.0105967
0.0632716 -0.00975337
0.0540123 -0.00863976
0.0509259 -0.00767785
0.029321 -0.00646035
0.0740741 -0.00643391
0.0339506 -0.00688418
0.0200617 -0.00740481
0.0354938 -0.00800762
0.00771605 -0.00844431
0.029321 -0.00905003
0.0478395 -0.00923452
0.0432099 -0.0093392
0.0540123 -0.00922363
0.0833333 -0.00909582
0.0848765 -0.00869974
0.058642 -0.00901199
0.0679012 -0.00944531
0.0972222 -0.0097961
0.0848765 -0.0102492
0.0972222 -0.0104413
0.0864198 -0.0103166
0.0771605 -0.0104888
0.126543 -0.0106333
0.126543 -0.00980915
0.0709877 -0.00908257
0.0447531 -0.00878696
0.0401235 -0.00847165
0.058642 -0.00792348
0.0324074 -0.00689229
0.0570988 -0.00639155
0.058642 -0.00612372
0.0570988 -0.00565674
0.101852 -0.00575104
0.0740741 -0.00582067
0.0709877 -0.00567459
0.0709877 -0.00592118
0.0354938 -0.00639048
0.0617284 -0.0057562
0.0694444 -0.00592089
0.0925926 -0.00601638
0.125 -0.00681979
0.162037 -0.0078738
0.148148 -0.00944703
0.148148 -0.0110302
0.143519 -0.0130371
0.123457 -0.0154687
0.114198 -0.0182272
0.103395 -0.0204876
0.0910494 -0.0220171
0.125 -0.0234274
0.114198 -0.0246777
0.109568 -0.0253566
0.108025 -0.0255519
0.0925926 -0.0259718
0.095679 -0.026707
0.112654 -0.0285604
0.058642 -0.0299464
0.0632716 -0.0314628
0.0910494 -0.033391
0.087963 -0.0343728
0.132716 -0.0358288
0.160494 -0.0374781
0.188272 -0.0388455
0.214506 -0.0399503
0.165123 -0.0416426
0.169753 -0.0430221
0.177469 -0.0452569
0.160494 -0.0476182
0.16821 -0.0496218
0.154321 -0.0512175
0.140432 -0.0520995
0.115741 -0.0519325
0.0787037 -0.0519661
0.0802469 -0.0515777
0.0432099 -0.0512852
0.058642 -0.0509567
0.0756173 -0.0510731
0.0354938 -0.0523637
0.0540123 -0.0535237
0.0138889 -0.0550527
0.0277778 -0.0570898
0.0123457 -0.0591089
0.0185185 -0.0611168
0.0277778 -0.0630361
0.0447531 -0.065174
0.00925926 -0.0672739
0.00154321 -0.0693773
0.0416667 -0.0719126
0.0740741 -0.0740637
0.0895062 -0.0758392
0.109568 -0.0781541
0.131173 -0.0807532
0.106481 -0.0833127
0.111111 -0.0848595
0.151235 -0.0864256
0.152778 -0.0879699
0.109568 -0.0902489
0.0987654 -0.0919206
0.0385802 -0.0940989
0.0262346 -0.0961532
0.00617284 -0.0981318
0.00154321 -0.0991828
0.0169753 -0.0995811
0.0154321 -0.10046
0.00154321 -0.101527
0.0385802 -0.102825
0.0725309 -0.103824
0.0864198 -0.10489
0.0277778 -0.105902
0.0694444 -0.10738
0.0540123 -0.109234
0.0447531 -0.110576
0.0524691 -0.111278
0.0864198 -0.111751
0.131173 -0.112026
0.155864 -0.111802
0.180556 -0.112373
0.191358 -0.113821
0.17284 -0.115461
0.186728 -0.115998
0.203704 -0.116122
0.186728 -0.117876
0.212963 -0.119506
0.186728 -0.120978
0.134259 -0.122131
0.115741 -0.12338
0.0817901 -0.125056
0.0895062 -0.126537
0.0617284 -0.127675
0.0462963 -0.128481
0.0262346 -0.129495
0.00925926 -0.129755
0.0123457 -0.12983
0.0262346 -0.12964
0.00617284 -0.129395
0.037037 -0.129439
0.00925926 -0.129383
0.00308642 -0.129391
0.00617284 -0.129185
0 -0.129382
0.0138889 -0.129781
0.037037 -0.130297
0.00771605 -0.130155
0.0308642 -0.130614
0.00308642 -0.13175
0.0416667 -0.13356
0.100309 -0.135369
0.0493827 -0.137783
0.037037 -0.138919
0.00308642 -0.139014
0.00308642 -0.139118
0.00308642 -0.139847
0.00308642 -0.140887
0.0231481 -0.141359
0.00308642 -0.142524
0.0185185 -0.143924
0.0401235 -0.145021
0.0817901 -0.146342
0.115741 -0.148025
0.121914 -0.149468
0.0462963 -0.150271
0.0416667 -0.150317
0.0848765 -0.150988
0.029321 -0.151264
0.0617284 -0.151447
0.0910494 -0.151833
0.0895062 -0.152564
0.115741 -0.15328
0.121914 -0.153857
0.143519 -0.153596
0.162037 -0.154364
0.128086 -0.15497
0.148148 -0.155665
0.12963 -0.156976
0.154321 -0.157757
0.140432 -0.158153
0.205247 -0.158572
0.195988 -0.15822
0.151235 -0.157353
0.137346 -0.156019
0.158951 -0.155333
0.20679 -0.154204
0.216049 -0.153529
0.25463 -0.15426
0.273148 -0.154531
0.285494 -0.155147
0.260802 -0.155025
0.260802 -0.154789
0.277778 -0.154336
0.313272 -0.154236
0.330247 -0.154193
0.287037 -0.155124
0.300926 -0.156203
0.333333 -0.157282
0.362654 -0.15815
0.384259 -0.158506
0.405864 -0.158571
0.41821 -0.159032
0.415123 -0.15924
0.432099 -0.158805
0.436728 -0.158243
0.498457 -0.158075
0.520062 -0.158127
0.521605 -0.158138
0.541667 -0.158205
0.523148 -0.157728
0.566358 -0.157132
0.567901 -0.15575
0.526235 -0.153649
0.492284 -0.151475
0.486111 -0.148879
0.486111 -0.146647
0.429012 -0.144314
0.429012 -0.142399
0.438272 -0.140593
0.416667 -0.138827
0.410494 -0.137208
0.382716 -0.136405
0.362654 -0.135247
0.365741 -0.133989
0.367284 -0.13243
0.358025 -0.130764
0.347222 -0.129466
0.350309 -0.127526
0.396605 -0.124664
0.398148 -0.121926
0.382716 -0.120565
0.390432 -0.118926
0.425926 -0.117119
0.444444 -0.115274
0.405864 -0.113405
0.358025 -0.11183
0.316358 -0.109989
0.348765 -0.108478
0.342593 -0.106566
0.356481 -0.105103
0.362654 -0.103864
0.345679 -0.102856
0.390432 -0.102453
0.365741 -0.102407
0.37963 -0.101547
0.37037 -0.100197
0.371914 -0.0992465
0.33642 -0.0977828
0.356481 -0.096455
0.415123 -0.095747
0.432099 -0.0950493
0.447531 -0.0942296
0.472222 -0.093371
0.498457 -0.0926315
0.520062 -0.0917831
0.526235 -0.0902594
0.492284 -0.0886531
0.476852 -0.0875154
0.425926 -0.0858231
0.432099 -0.0845642
0.429012 -0.0832802
0.384259 -0.0822232
0.353395 -0.0808872
0.342593 -0.0797066
0.353395 -0.0780189
0.361111 -0.0759261
0.310185 -0.0736167
0.345679 -0.0711532
0.317901 -0.0691031
0.319444 -0.0668765
0.322531 -0.0650452
0.341049 -0.0637264
0.33179 -0.0622407
0.333333 -0.0603511
0.341049 -0.0584729
0.339506 -0.0569274
0.279321 -0.0557617
0.296296 -0.0538589
0.29784 -0.051309
0.339506 -0.0491285
0.300926 -0.0469773
0.314815 -0.0449511
0.37963 -0.0434446
0.344136 -0.0416387
0.353395 -0.0395758
0.345679 -0.0375414
0.345679 -0.0362749
0.356481 -0.0346648
0.328704 -0.0330018
0.364198 -0.0314136
0.330247 -0.0306086
0.302469 -0.0285454
0.280864 -0.0270085
0.279321 -0.0250606
0.217593 -0.0226918
0.237654 -0.0201325
0.259259 -0.0181288
0.253086 -0.016412
0.299383 -0.0147417
0.271605 -0.013319
0.291667 -0.0118365
0.308642 -0.011513
0.29784 -0.0111769
0.283951 -0.010177
0.233025 -0.00883717
0.225309 -0.00779408
0.266975 -0.0059534
0.263889 -0.00396164
0.248457 -0.00222304
0.237654 -0.000135418
0.277778 0.00214148
0.268519 0.00406846
0.25463 0.00552022
0.237654 0.00689476
0.223765 0.00767449
0.265432 0.00837607
0.265432 0.00978551
0.265432 0.0114002
0.200617 0.0128063
0.192901 0.0144485
0.166667 0.0152235
0.0756173 0.0156897
0.149691 0.0165649
0.185185 0.0168594
0.12963 0.0164037
0.115741 0.0154283
0.12037 0.0154257
0.0972222 0.0155776
0.114198 0.0152285
0.106481 0.0148681
0.0972222 0.0147421
0.0648148 0.014424
0.0123457 0.0147458
0.00154321 0.0149007
0.0416667 0.0152382
0.0324074 0.0153796
0.0339506 0.0153227
0.0601852 0.0153098
0.111111 0.0149682
0.0694444 0.0144835
0.0509259 0.013879
0.0478395 0.0132149
0.0601852 0.0114497
0.0648148 0.0105704
0.0385802 0.0101179
0.037037 0.00894828
0.0154321 0.00757887
0.0277778 0.0057633
0.00617284 0.00272228
0.00308642 0.000581744
0.0262346 -0.00141769
0.00617284 -0.00403777
0.0509259 -0.0073788
0.0679012 -0.0107493
0.12037 -0.0136965
0.128086 -0.0160635
0.155864 -0.0183277
0.131173 -0.0209906
0.111111 -0.0228024
0.128086 -0.025238
0.117284 -0.0278763
0.104938 -0.0309098
0.128086 -0.0335229
0.145062 -0.0360073
0.158951 -0.0386299
0.183642 -0.0404786
0.195988 -0.0423697
0.191358 -0.0436864
0.177469 -0.0447338
0.188272 -0.0456266
0.191358 -0.0464146
0.177469 -0.0476969
0.197531 -0.048898
0.134259 -0.0504021
0.106481 -0.0516827
0.16821 -0.0529826
0.194444 -0.0545682
0.185185 -0.0561821
0.199074 -0.0575818
0.189815 -0.0584972
0.188272 -0.0595553
0.217593 -0.0604129
0.195988 -0.0608358
0.223765 -0.0607987
0.188272 -0.0608851
0.180556 -0.0612498
0.17284 -0.0618301
0.17284 -0.0630276
0.140432 -0.0638532
0.152778 -0.0644993
0.214506 -0.0647618
0.199074 -0.0653342
0.174383 -0.0662438
0.154321 -0.0675969
0.174383 -0.0687292
0.154321 -0.0693009
0.141975 -0.0697754
0.143519 -0.0701428
0.12963 -0.0716535
0.106481 -0.0729467
0.143519 -0.073839
0.208333 -0.0744552
0.197531 -0.0757953
0.131173 -0.077631
0.12963 -0.0795232
0.138889 -0.0818002
0.145062 -0.0843539
0.138889 -0.0876955
0.143519 -0.0907223
0.16358 -0.0921417
0.179012 -0.0930201
0.169753 -0.0944885
0.16821 -0.0963456
0.157407 -0.0978017
0.171296 -0.0984677
0.17284 -0.0988919
0.158951 -0.0994821
0.145062 -0.101186
0.115741 -0.103057
0.0833333 -0.105349
0.0848765 -0.107259
0.0941358 -0.108747
0.058642 -0.110398
0.0802469 -0.111314
0.058642 -0.11108
0.0509259 -0.110988
0.0493827 -0.111586
0.00462963 -0.112513
0.029321 -0.113499
0.00771605 -0.114872
0.0416667 -0.117112
0.0432099 -0.119429
0.0231481 -0.120379
0.0555556 -0.121629
0.0740741 -0.122947
0.0756173 -0.124007
0.0401235 -0.125392
0.0246914 -0.126422
0.0169753 -0.127303
0.0154321 -0.129362
0.0324074 -0.131434
0.0740741 -0.133663
0.0216049 -0.135374
0.0231481 -0.136182
0.0401235 -0.136829
0.0509259 -0.137245
0.0601852 -0.137831
0.128086 -0.138874
0.17284 -0.141046
0.121914 -0.143075
0.101852 -0.145744
0.121914 -0.147767
0.155864 -0.150072
0.16358 -0.15277
0.138889 -0.155532
0.154321 -0.158001
0.174383 -0.159748
0.134259 -0.161648
0.135802 -0.16433
0.125 -0.165993
0.12963 -0.168002
0.12037 -0.170124
0.087963 -0.17148
0.111111 -0.173458
0.126543 -0.175303
0.12963 -0.176997
0.192901 -0.178837
0.174383 -0.180648
0.205247 -0.182243
0.199074 -0.183221
0.166667 -0.184451
0.195988 -0.186313
0.216049 -0.189117
0.21142 -0.191652
0.197531 -0.193513
0.179012 -0.194412
0.16821 -0.196202
0.16358 -0.197976
0.12037 -0.199388
0.0817901 -0.200134
0.0972222 -0.201629
0.101852 -0.203323
0.0910494 -0.205193
0.0864198 -0.207905
0.0987654 -0.209448
0.117284 -0.210452
0.0802469 -0.211249
0.0493827 -0.211337
0.0817901 -0.210715
0.0725309 -0.210288
0.0416667 -0.209833
0.058642 -0.208967
0.0524691 -0.208156
0.0478395 -0.207729
0.0354938 -0.207287
0.0632716 -0.20699
0.0524691 -0.205949
0.029321 -0.205612
0.00308642 -0.205028
0.00308642 -0.205388
0.0200617 -0.205792
0.0154321 -0.206393
0.0787037 -0.206936
0.0509259 -0.207723
0.0632716 -0.207985
0.101852 -0.20784
0.132716 -0.207923
0.12963 -0.207733
0.183642 -0.208298
0.199074 -0.2083
0.25 -0.208257
0.287037 -0.20783
0.314815 -0.207451
0.342593 -0.206731
0.304012 -0.205658
0.29784 -0.20406
0.313272 -0.202757
0.333333 -0.200588
0.314815 -0.198258
0.299383 -0.197043
0.280864 -0.195705
0.276235 -0.193823
0.285494 -0.191185
0.310185 -0.188551
0.29321 -0.185986
0.263889 -0.183326
0.243827 -0.180115
0.268519 -0.176334
0.246914 -0.172641
0.203704 -0.168681
0.222222 -0.16406
0.313272 -0.159687
0.29321 -0.156093
0.334877 -0.152628
0.300926 -0.149385
0.304012 -0.146113
0.311728 -0.141709
0.302469 -0.137443
0.300926 -0.133803
0.325617 -0.129538
0.401235 -0.126048
0.351852 -0.122279
0.337963 -0.117941
0.324074 -0.114798
0.33642 -0.111947
0.32716 -0.108359
0.291667 -0.104835
0.302469 -0.101084
0.33179 -0.0970739
0.33179 -0.0936592
0.291667 -0.0896032
0.271605 -0.0861508
0.24537 -0.0824964
0.246914 -0.0788282
0.285494 -0.0759911
0.277778 -0.0733819
0.266975 -0.0705719
0.273148 -0.0674126
0.262346 -0.0638275
0.242284 -0.0606245
0.24537 -0.0575476
0.260802 -0.0540654
0.199074 -0.0507665
0.16358 -0.0482817
0.154321 -0.0462105
0.185185 -0.0440602
0.219136 -0.0423278
0.24537 -0.0403469
0.243827 -0.0380866
0.276235 -0.0356702
0.233025 -0.0334478
0.208333 -0.0308605
0.197531 -0.02808
0.180556 -0.026785
0.20679 -0.0253138
0.182099 -0.0236682
0.162037 -0.0222928
0.155864 -0.0204331
0.109568 -0.0188771
0.169753 -0.0174534
0.166667 -0.0161776
0.175926 -0.0149678
0.169753 -0.0131029
0.132716 -0.0112671
0.0941358 -0.0095569
0.0694444 -0.00730157
0.0555556 -0.00513966
0.0787037 -0.00283838
0.0709877 -0.000947149
0.114198 0.00131142
0.145062 0.00392927
0.151235 0.00604336
0.138889 0.00847526
0.17284 0.0114713
0.209877 0.013825
0.12963 0.0156014
0.100309 0.0183569
0.121914 0.0212424
0.0771605 0.0235642
0.0740741 0.0264926
0.0787037 0.0304025
0.0648148 0.0338311
0.0679012 0.0375714
0.0925926 0.0402255
0.0771605 0.0419299
0.0555556 0.0432641
0.0709877 0.0443235
0.0200617 0.0451346
0.0154321 0.0468764
0.0679012 0.0484292
0.0848765 0.0497356
0.058642 0.0510044
0.128086 0.0525743
0.155864 0.0539779
0.200617 0.0548083
0.208333 0.0551342
0.188272 0.0557218
0.188272 0.0549286
0.179012 0.0546728
0.25 0.0560122
0.209877 0.0563565
0.203704 0.0569553
0.217593 0.0576746
0.216049 0.0586691
0.237654 0.0596193
0.239198 0.0597378
0.256173 0.0598541
0.270062 0.0591957
0.29321 0.059044
0.299383 0.0583768
0.305556 0.0573663
0.316358 0.0583958
0.373457 0.0594279
0.373457 0.0597429
0.368827 0.058834
0.393519 0.0577845
0.378086 0.0571361
0.367284 0.0565038
0.358025 0.0554941
0.376543 0.0538332
0.373457 0.0522272
0.378086 0.0521361
0.344136 0.0515482
0.328704 0.0512275
0.376543 0.0520543
0.358025 0.0541393
0.32716 0.055468
0.313272 0.0564033
0.353395 0.0570957
0.350309 0.0570766
0.337963 0.056457
0.283951 0.0564305
0.257716 0.0564613
0.229938 0.0556417
0.216049 0.0554468
0.222222 0.0565083
0.203704 0.0570053
0.199074 0.0578708
0.21142 0.0589186
0.21142 0.0590133
0.158951 0.0602749
0.166667 0.0604123
0.154321 0.0599002
0.169753 0.0595871
0.155864 0.0599588
0.16358 0.0595117
0.175926 0.058984
0.180556 0.0588017
0.180556 0.0587667
0.183642 0.0588754
0.185185 0.0590664
0.160494 0.0596375
0.166667 0.0598964
0.151235 0.0609104
0.166667 0.0622739
0.197531 0.063127
0.203704 0.0628185
0.16821 0.0623311
0.16358 0.0616466
0.125 0.0597972
0.135802 0.0588484
0.154321 0.0575124
0.169753 0.0567408
0.165123 0.0553859
0.16821 0.0531738
0.131173 0.0507504
0.148148 0.049486
0.155864 0.0490956
0.169753 0.0492484
0.183642 0.0481259
0.180556 0.0464834
0.222222 0.0448917
0.256173 0.0434197
0.223765 0.0413239
0.212963 0.0389177
0.195988 0.0365737
0.199074 0.0341587
0.21142 0.0318238
0.203704 0.0301479
0.154321 0.0286419
0.138889 0.0267064
0.131173 0.0245814
0.179012 0.0228486
0.17284 0.0203145
0.135802 0.0178901
0.135802 0.0156799
0.152778 0.0140734
0.16821 0.013069
0.165123 0.0127487
0.12963 0.0115763
0.141975 0.0113675
0.179012 0.0124676
0.191358 0.0129347
0.17284 0.0125401
0.229938 0.012323
0.263889 0.0118715
0.21142 0.0111427
0.185185 0.0111922
0.195988 0.0119003
0.16821 0.0135525
0.177469 0.015457
0.157407 0.0170956
0.166667 0.017707
0.169753 0.0178285
0.223765 0.0191277
0.220679 0.0208669
0.231481 0.0223282
0.195988 0.0235795
0.223765 0.0244847
0.228395 0.0264867
0.304012 0.028561
0.276235 0.0306055
0.268519 0.0320388
0.282407 0.0329866
0.29784 0.0344833
0.251543 0.0346949
0.260802 0.0350765
0.311728 0.0358311
0.344136 0.0356652
0.348765 0.0356689
0.345679 0.0346379
0.348765 0.0328615
0.33642 0.031078
0.367284 0.0294755
0.382716 0.0278381
0.382716 0.0256725
0.382716 0.0242781
0.365741 0.0245597
0.307099 0.0251115
0.33179 0.0254439
0.348765 0.0251699
0.348765 0.0248126
0.373457 0.0236905
0.375 0.0222585
0.348765 0.02108
0.356481 0.0205744
0.345679 0.0197453
0.339506 0.0202855
0.353395 0.0207077
0.344136 0.0206208
0.308642 0.0194799
0.310185 0.0189042
0.334877 0.0185284
0.310185 0.0176003
0.291667 0.0175032
0.307099 0.0165941
0.316358 0.0164366
0.313272 0.0167566
0.325617 0.016826
0.314815 0.0171881
0.33642 0.0178752
0.348765 0.0184021
0.314815 0.0195091
0.33642 0.0202571
0.341049 0.0209735
0.368827 0.0210576
0.296296 0.0199408
0.276235 0.0192652
0.265432 0.0190602
0.21142 0.0195472
0.203704 0.0198971
0.217593 0.0197361
0.199074 0.0194995
0.208333 0.0204404
0.17284 0.0212353
0.212963 0.0220748
0.259259 0.0224533
0.226852 0.0226331
0.248457 0.0237371
0.28858 0.0255123
0.266975 0.0278076
0.256173 0.0302768
0.219136 0.0323597
0.225309 0.0353248
0.25463 0.0376876
0.248457 0.0388247
0.231481 0.0408236
0.222222 0.0433633
0.203704 0.0459383
0.239198 0.0486904
0.271605 0.0520184
0.253086 0.055493
0.256173 0.0587428
0.285494 0.0611615
0.262346 0.0626824
0.25 0.0637715
0.273148 0.0654844
0.239198 0.0684719
0.287037 0.0719713
0.265432 0.074291
0.257716 0.0768518
0.219136 0.0797582
0.256173 0.0826449
0.229938 0.0849992
0.229938 0.0866594
0.256173 0.0874712
0.266975 0.0875851
0.304012 0.0886121
0.337963 0.088319
0.371914 0.0885922
0.384259 0.0888336
0.348765 0.0891701
0.313272 0.0902402
0.296296 0.0908979
0.251543 0.0912894
0.283951 0.0930927
0.260802 0.0948569
0.270062 0.0962978
0.234568 0.0978298
0.212963 0.099743
0.214506 0.102212
0.220679 0.103718
0.229938 0.104892
0.24537 0.105835
0.285494 0.105394
0.263889 0.10527
0.25463 0.105266
0.200617 0.106528
0.192901 0.108029
0.149691 0.1112
0.197531 0.112892
0.222222 0.113831
0.186728 0.113847
0.174383 0.113214
0.200617 0.112984
0.199074 0.112164
0.177469 0.111094
0.125 0.110479
0.0925926 0.111401
0.121914 0.113005
0.125 0.11431
0.108025 0.115035
0.0740741 0.115395
0.0910494 0.115539
0.0848765 0.115706
0.111111 0.115625
0.121914 0.114943
0.157407 0.114257
0.171296 0.113778
0.197531 0.113385
0.220679 0.11257
0.229938 0.112685
0.194444 0.112995
0.223765 0.113891
0.257716 0.113945
0.24537 0.113521
0.220679 0.11327
0.24537 0.113027
0.216049 0.11338
0.223765 0.112796
0.234568 0.11271
0.223765 0.112259
0.205247 0.112694
0.220679 0.114127
0.212963 0.114685
0.155864 0.114117
0.165123 0.113888
0.158951 0.113047
0.123457 0.112523
0.183642 0.112367
0.191358 0.112186
0.205247 0.111927
0.134259 0.110794
0.114198 0.109155
0.140432 0.108397
0.199074 0.10731
0.135802 0.106665
0.121914 0.106288
0.141975 0.104834
0.134259 0.102602
0.117284 0.102242
0.175926 0.101312
0.226852 0.0998645
0.253086 0.0979058
0.311728 0.0955106
0.304012 0.0921812
0.310185 0.0879286
0.294753 0.084488
0.259259 0.08049
0.212963 0.0762346
0.263889 0.0712782
0.256173 0.0656646
0.231481 0.0602064
0.246914 0.0547473
0.29321 0.0511326
0.307099 0.0473722
0.290123 0.043975
0.316358 0.0396043
0.304012 0.0349104
0.287037 0.0311256
0.265432 0.0271199
0.282407 0.0231583
0.282407 0.0188835
0.276235 0.0149125
0.25 0.0116131
0.21142 0.00769414
0.192901 0.00370559
0.220679 -0.000264605
0.21142 -0.00554789
0.25 -0.0102792
0.29321 -0.0158464
0.310185 -0.0207453
0.29321 -0.025766
0.368827 -0.0292191
0.407407 -0.0327324
0.41358 -0.036014
0.433642 -0.0388536
0.37963 -0.0422953
0.367284 -0.0451634
0.376543 -0.0481491
0.410494 -0.0508217
0.401235 -0.0540754
0.371914 -0.0595907
0.37963 -0.0639059
0.416667 -0.0683128
0.408951 -0.0733488
0.444444 -0.0787156
0.447531 -0.0826598
0.410494 -0.0879888
0.375 -0.0933697
0.354938 -0.0974998
0.384259 -0.102544
0.358025 -0.107839
0.402778 -0.113033
0.410494 -0.117601
0.365741 -0.122158
0.33642 -0.126681
0.37963 -0.131356
0.368827 -0.136164
0.334877 -0.141034
0.337963 -0.145363
0.344136 -0.14902
0.368827 -0.152497
0.402778 -0.154878
0.388889 -0.157673
0.435185 -0.160447
0.453704 -0.164388
0.501543 -0.167776
0.433642 -0.171304
0.450617 -0.17372
0.45679 -0.176751
0.45216 -0.180001
0.473765 -0.182577
0.467593 -0.184537
0.455247 -0.187061
0.445988 -0.188811
0.469136 -0.190821
0.464506 -0.19266
0.449074 -0.194628
0.507716 -0.196131
0.523148 -0.197605
0.524691 -0.19924
0.54321 -0.199726
0.54321 -0.200334
0.533951 -0.203188
0.481481 -0.206022
0.496914 -0.207382
0.479938 -0.207497
0.433642 -0.207787
0.483025 -0.207494
0.506173 -0.208139
0.493827 -0.209802
0.459877 -0.210856
0.473765 -0.210568
0.447531 -0.210637
0.464506 -0.211159
0.479938 -0.211461
0.46142 -0.211106
0.424383 -0.210771
0.430556 -0.210104
0.432099 -0.209712
0.430556 -0.209825
0.436728 -0.210579
0.444444 -0.211338
0.453704 -0.212804
0.453704 -0.213583
0.464506 -0.214631
0.487654 -0.215949
0.490741 -0.217499
0.469136 -0.21765
0.458333 -0.215913
0.469136 -0.214904
0.493827 -0.212938
0.501543 -0.212176
0.481481 -0.210882
0.424383 -0.208408
0.424383 -0.205844
0.404321 -0.203034
0.416667 -0.200189
0.385802 -0.197341
0.429012 -0.194544
0.439815 -0.192756
0.472222 -0.191997
0.432099 -0.191408
0.436728 -0.189389
0.487654 -0.187285
0.429012 -0.185227
0.416667 -0.182402
0.430556 -0.179411
0.410494 -0.175278
0.401235 -0.171012
0.424383 -0.168848
0.356481 -0.167995
0.375 -0.166387
0.356481 -0.163841
0.348765 -0.161013
0.364198 -0.157173
0.381173 -0.154021
0.371914 -0.151406
0.382716 -0.147606
0.368827 -0.144935
0.319444 -0.141956
0.285494 -0.139131
0.246914 -0.137399
0.229938 -0.135577
0.253086 -0.134202
0.262346 -0.13274
0.266975 -0.132328
0.287037 -0.131068
0.322531 -0.130811
0.291667 -0.131261
0.237654 -0.131101
0.21142 -0.130136
0.177469 -0.12781
0.166667 -0.126187
0.145062 -0.124434
0.135802 -0.122092
0.160494 -0.120489
0.180556 -0.118793
0.229938 -0.115566
0.233025 -0.112111
0.276235 -0.11005
0.33179 -0.107995
0.283951 -0.106838
0.259259 -0.105687
0.223765 -0.10419
0.233025 -0.102294
0.220679 -0.100067
0.200617 -0.0982302
0.217593 -0.0957656
0.200617 -0.0924375
0.229938 -0.0907768
0.237654 -0.0896807
0.256173 -0.088256
0.200617 -0.0875492
0.200617 -0.0883546
0.208333 -0.0872437
0.256173 -0.0853074
0.270062 -0.0819093
0.279321 -0.0790584
0.276235 -0.0757127
0.253086 -0.0724761
0.222222 -0.0697525
0.183642 -0.0673328
0.171296 -0.06493
0.171296 -0.0642998
0.200617 -0.0640103
0.151235 -0.0634314
0.141975 -0.0625542
0.103395 -0.0626136
0.0648148 -0.0625866
0.123457 -0.0625012
0.106481 -0.0624394
0.128086 -0.0624837
0.114198 -0.0624589
0.126543 -0.0629147
0.131173 -0.0640336
0.16358 -0.0655324
0.185185 -0.0654145
0.203704 -0.0640673
0.200617 -0.062739
0.192901 -0.0610597
0.233025 -0.0593544
0.203704 -0.0585782
0.208333 -0.0585756
0.194444 -0.0601864
0.146605 -0.0620587
0.114198 -0.0652998
0.134259 -0.0672283
0.121914 -0.0690693
0.121914 -0.0706111
0.165123 -0.0711594
0.182099 -0.0726302
0.197531 -0.0729599
0.146605 -0.0746144
0.104938 -0.073971
0.0848765 -0.0729941
0.0833333 -0.0724413
0.0895062 -0.0713191
0.106481 -0.0712545
0.158951 -0.0704186
0.154321 -0.0699313
0.217593 -0.0698199
0.177469 -0.0697277
0.155864 -0.0701015
0.157407 -0.0692477
0.138889 -0.0678513
0.125 -0.0672456
0.0308642 -0.0664225
0.00462963 -0.0662682
0.029321 -0.0659699
0.00462963 -0.0658357
0.029321 -0.0660608
0.00925926 -0.065795
0.0339506 -0.0646581
0.0478395 -0.0631619
0.0555556 -0.0616217
0.0524691 -0.0596348
0.029321 -0.0575369
0.0478395 -0.0553125
0.0817901 -0.0527033
0.0910494 -0.0514498
0.0679012 -0.0500121
0.058642 -0.0483822
0.0354938 -0.0453506
0.0401235 -0.0433556
0.0756173 -0.0412256
0.0555556 -0.0395496
0.114198 -0.0392172
0.0709877 -0.0388658
0.0509259 -0.0390816
0.0601852 -0.0384687
0.0648148 -0.0372071
0.00462963 -0.0361476
0.0169753 -0.0350409
0.029321 -0.0353364
0.0216049 -0.035593
0.0123457 -0.0342832
0.0169753 -0.0340825
0.0262346 -0.0322815
0.0324074 -0.0319491
0.0200617 -0.0320579
0.0262346 -0.0314298
0.0231481 -0.0324286
0.029321 -0.0325103
0.0277778 -0.0328198
0.0185185 -0.0330884
0.0200617 -0.0348989
0.0354938 -0.0382195
0.0108025 -0.0413577
0.00925926 -0.0447491
0.0447531 -0.0469437
0.0324074 -0.0495226
0.0478395 -0.0519006
0.0123457 -0.0532492
0.0246914 -0.0524649
0.0833333 -0.052803
0.00771605 -0.0535659
0.0401235 -0.0549665
0.00308642 -0.0546507
0.00771605 -0.0545923
0.0185185 -0.0541408
0.0339506 -0.0527443
0.0555556 -0.0525934
0.0401235 -0.0523701
0.0540123 -0.051978
0.0555556 -0.0513595
0.0432099 -0.0521848
0.0555556 -0.0528375
0 -0.0527869
0.0185185 -0.0528718
0.0262346 -0.0514718
0.0277778 -0.0483625
0.0216049 -0.0451189
0.0478395 -0.041462
0.0740741 -0.0382123
0.0740741 -0.0357693
0.0910494 -0.0332558
0.134259 -0.0316137
0.149691 -0.0307944
0.135802 -0.0306835
0.143519 -0.0322153
0.171296 -0.033014
0.174383 -0.0342807
0.179012 -0.0355563
0.148148 -0.0352477
0.140432 -0.0350569
0.137346 -0.0355688
0.12963 -0.0375935
0.169753 -0.0402027
0.17284 -0.0414892
0.16821 -0.0424822
0.188272 -0.0437641
0.257716 -0.0431955
0.311728 -0.0420197
0.316358 -0.0402332
0.325617 -0.0382168
0.356481 -0.036521
0.345679 -0.0360949
0.328704 -0.036327
0.294753 -0.0370915
0.277778 -0.0364866
0.290123 -0.0372191
0.365741 -0.0366212
0.395062 -0.034877
0.37037 -0.0333533
0.393519 -0.0319316
0.37037 -0.0317872
0.354938 -0.0314993
0.367284 -0.0308824
0.33642 -0.0305542
0.368827 -0.0309436
0.381173 -0.0310216
0.371914 -0.0301793
0.404321 -0.0288671
0.402778 -0.027783
0.419753 -0.0276344
0.425926 -0.0273614
0.408951 -0.0266614
0.408951 -0.0245556
0.365741 -0.0232897
0.361111 -0.0233934
0.367284 -0.0241503
0.365741 -0.0259318
0.324074 -0.0279311
0.347222 -0.0294043
0.353395 -0.0305145
0.362654 -0.0321552
0.398148 -0.0339294
0.42284 -0.0346573
0.382716 -0.0364615
0.373457 -0.0385331
0.373457 -0.0399144
0.365741 -0.0411727
0.304012 -0.0432479
0.310185 -0.0464167
0.368827 -0.0483821
0.347222 -0.0494886
0.368827 -0.049738
0.412037 -0.0508771
0.425926 -0.0509809
0.410494 -0.0520698
0.404321 -0.0511276
0.424383 -0.0502515
0.391975 -0.0484154
0.404321 -0.0462262
0.458333 -0.0444277
0.45679 -0.0408447
0.45216 -0.0388362
0.42284 -0.0367553
0.41358 -0.0334868
0.467593 -0.0312014
0.419753 -0.0272824
0.416667 -0.023746
0.410494 -0.0221439
0.405864 -0.0200937
0.410494 -0.0169081
0.472222 -0.0126086
0.439815 -0.00920574
0.433642 -0.00606228
0.487654 -0.00185674
0.535494 0.000434285
0.490741 0.00238648
0.501543 0.00375726
0.45679 0.00374812
0.464506 0.00283789
0.450617 0.00248924
0.455247 0.00144926
0.503086 -0.00020921
0.478395 -0.00301163
0.487654 -0.00457886
0.475309 -0.00660765
0.459877 -0.00825915
0.445988 -0.00833889
0.436728 -0.00989152
0.438272 -0.00986892
0.45216 -0.0103021
0.424383 -0.0123551
0.421296 -0.0139542
0.424383 -0.0156357
0.412037 -0.0180781
0.395062 -0.0206848
0.425926 -0.0235556
0.415123 -0.0258482
0.373457 -0.0294505
0.378086 -0.0325959
0.339506 -0.0360065
0.341049 -0.0405056
0.333333 -0.0420114
0.347222 -0.0434894
0.342593 -0.0459162
0.319444 -0.045663
0.358025 -0.0462263
0.342593 -0.0453249
0.358025 -0.0445234
0.348765 -0.0432976
0.359568 -0.0426088
0.350309 -0.0422272
0.356481 -0.0401566
0.356481 -0.0359807
0.319444 -0.0319469
0.341049 -0.0265585
0.367284 -0.0210939
0.33642 -0.0175822
0.354938 -0.0122679
0.324074 -0.00776538
0.282407 -0.00375521
0.282407 -0.00200488
0.304012 -0.000596181
0.314815 0.00100109
0.302469 0.0025093
0.240741 0.0073097
0.243827 0.0121086
0.216049 0.0152921
0.216049 0.0191779
0.225309 0.0213393
0.209877 0.0229635
0.240741 0.0240551
0.226852 0.0264483
0.287037 0.0289703
0.231481 0.030966
0.231481 0.0317385
0.222222 0.0317329
0.208333 0.0318368
0.209877 0.0337536
0.192901 0.0333912
0.165123 0.0310402
0.21142 0.026769
0.223765 0.0222817
0.197531 0.0174639
0.223765 0.0144111
0.223765 0.0115973
0.225309 0.0101842
0.219136 0.00831174
0.223765 0.0078269
0.237654 0.00730863
0.231481 0.00666953
0.226852 0.00593941
0.25 0.0019713
0.212963 -0.00286182
0.246914 -0.0073967
0.231481 -0.0100203
0.251543 -0.0112592
0.287037 -0.0116726
0.333333 -0.0128819
0.347222 -0.0134219
0.348765 -0.0140672
0.300926 -0.013919
0.296296 -0.0149116
0.274691 -0.0158764
0.260802 -0.0155744
0.257716 -0.0156079
0.212963 -0.0154455
0.177469 -0.0138459
0.208333 -0.0121052
0.219136 -0.00853503
0.237654 -0.00616572
0.231481 -0.00435816
0.182099 -0.000698699
0.209877 0.00323241
0.186728 0.00936035
0.17284 0.0154519
0.209877 0.0192518
0.160494 0.0214699
0.20216 0.0221579
0.157407 0.0231773
0.166667 0.0248505
0.137346 0.0285304
0.171296 0.0320684
0.135802 0.0356513
0.12037 0.0394432
0.148148 0.0466051
0.132716 0.0546818
0.114198 0.0620046
0.16821 0.066422
0.171296 0.0700292
0.185185 0.0749288
0.194444 0.0804493
0.194444 0.0869527
0.219136 0.0925654
0.205247 0.0971183
0.257716 0.100288
0.246914 0.102251
0.256173 0.103165
0.223765 0.10417
0.240741 0.104683
0.268519 0.104391
0.294753 0.101482
0.358025 0.0979437
0.354938 0.0978491
0.347222 0.0978526
0.353395 0.09782
0.324074 0.0953709
0.348765 0.0944492
0.287037 0.0961462
0.273148 0.095438
0.25463 0.0926759
0.304012 0.0874222
0.32716 0.0806166
0.33179 0.0786445
0.316358 0.0746345
0.294753 0.0699909
0.310185 0.0660557
0.342593 0.064656
0.361111 0.0630212
0.333333 0.0611933
0.317901 0.0587654
0.280864 0.0565608
0.251543 0.0499247
0.24537 0.0437521
0.259259 0.0344772
0.223765 0.0273409
0.203704 0.0245085
0.225309 0.0212833
0.199074 0.0177752
0.231481 0.0140838
0.242284 0.0109019
0.268519 0.0110982
0.256173 0.00967095
0.242284 0.00570286
0.257716 -0.000961053
0.243827 -0.00638691
0.270062 -0.00893487
0.271605 -0.0112703
0.253086 -0.0122515
0.313272 -0.00946317
0.305556 -0.0064469
0.277778 -0.00470683
0.296296 -0.00440004
0.268519 -0.00395607
0.243827 -0.00331251
0.21142 -0.00559616
0.21142 -0.00552779
0.248457 -0.0063613
0.222222 -0.00277959
0.233025 0.00374355
0.276235 0.00786174
0.307099 0.0117832
0.342593 0.0170927
0.344136 0.016497
0.308642 0.0150188
0.373457 0.0119475
0.371914 0.00854104
0.396605 0.00167356
0.384259 -0.00356393
0.425926 -0.007985
0.433642 -0.0090477
0.416667 -0.00590432
0.407407 0.0019208
0.419753 0.00243603
0.378086 0.00663735
0.378086 0.00663502
0.345679 0.0047226
0.333333 0.00446849
0.373457 0.00427103
0.399691 0.00396982
0.432099 0.00714907
0.469136 0.00740068
0.484568 0.0114252
0.475309 0.0166617
0.475309 0.0172159
0.442901 0.0114365
0.405864 0.00267319
0.415123 -0.0062707
0.412037 -0.00810837
0.405864 -0.00830846
0.421296 -0.00962438
0.412037 -0.0162306
0.421296 -0.0210319
0.449074 -0.0279104
0.419753 -0.0278561
0.395062 -0.0221202
0.404321 -0.0194953
0.405864 -0.0135437
0.484568 -0.00730865
0.45679 -0.00804602
0.447531 -0.00957357
0.450617 -0.00950944
0.45679 -0.0116116
0.435185 -0.0145553
0.415123 -0.0116677
0.396605 -0.00426983
0.419753 0.00338525
0.390432 0.0117415
0.375 0.0111388
0.353395 0.00201246
0.337963 0.00417945
0.334877 0.00442742
0.307099 0.000129373
0.302469 0
