0.654321 1
0.666667 0.990581
0.658951 0.981911
0.683642 0.974073
0.625 0.966799
0.618827 0.959835
0.631173 0.952956
0.618827 0.94625
0.625 0.939606
0.611111 0.93312
0.58642 0.926528
0.527778 0.919562
0.552469 0.912781
0.544753 0.906448
0.58179 0.899764
0.604938 0.893355
0.634259 0.886798
0.62037 0.88081
0.611111 0.874789
0.600309 0.868504
0.587963 0.862168
0.561728 0.855895
0.575617 0.849616
0.584877 0.843415
0.612654 0.837515
0.628086 0.832077
0.604938 0.826859
0.569444 0.821659
0.578704 0.816211
0.589506 0.810606
0.608025 0.805287
0.606481 0.799886
0.567901 0.794203
0.584877 0.788512
0.609568 0.782544
0.665123 0.776267
0.671296 0.770684
0.67284 0.765174
0.691358 0.760079
0.70216 0.754676
0.723765 0.749303
0.753086 0.744069
0.766975 0.738688
0.771605 0.733224
0.771605 0.727879
0.762346 0.722544
0.75463 0.717421
0.731481 0.712067
0.703704 0.706789
0.685185 0.701415
0.725309 0.696
0.714506 0.690573
0.722222 0.685319
0.733025 0.680196
0.717593 0.674805
0.720679 0.669616
0.70679 0.664481
0.675926 0.65957
0.638889 0.654965
0.626543 0.65081
0.614198 0.647032
0.587963 0.642859
0.604938 0.638713
0.648148 0.634687
0.62963 0.630775
0.62963 0.627248
0.67284 0.623499
0.697531 0.619498
0.70216 0.615839
0.708333 0.611912
0.691358 0.60819
0.691358 0.604552
0.716049 0.600763
0.739198 0.597047
0.722222 0.592914
0.723765 0.588979
0.737654 0.584999
0.714506 0.58057
0.695988 0.575928
0.652778 0.571024
0.631173 0.566434
0.621914 0.561707
0.645062 0.557706
0.70216 0.553715
0.709877 0.549664
0.739198 0.545907
0.720679 0.541991
0.753086 0.538188
0.75463 0.534339
0.760802 0.530179
0.737654 0.525827
0.697531 0.521709
0.689815 0.51751
0.705247 0.513283
0.739198 0.508871
0.75 0.504534
0.759259 0.499841
0.768519 0.494725
0.734568 0.489422
0.740741 0.484229
0.728395 0.479071
0.691358 0.474304
0.688272 0.469663
0.70679 0.465119
0.759259 0.460697
0.762346 0.456208
0.75 0.451659
0.762346 0.446748
0.737654 0.4421
0.740741 0.437141
0.729938 0.432416
0.717593 0.42761
0.723765 0.422617
0.695988 0.418028
0.683642 0.414005
0.753086 0.409772
0.773148 0.405963
0.774691 0.402186
0.75 0.398559
0.720679 0.394632
0.700617 0.390994
0.71142 0.387075
0.694444 0.382915
0.688272 0.379062
0.705247 0.374757
0.695988 0.370729
0.719136 0.366847
0.716049 0.363121
0.689815 0.359674
0.689815 0.356252
0.691358 0.352996
0.632716 0.349592
0.645062 0.346517
0.66358 0.34406
0.62037 0.341161
0.658951 0.338627
0.657407 0.336365
0.651235 0.333707
0.635802 0.330612
0.640432 0.327483
0.600309 0.324262
0.578704 0.321222
0.544753 0.318608
0.533951 0.31584
0.516975 0.313201
0.506173 0.310337
0.5 0.307646
0.469136 0.304661
0.484568 0.302033
0.447531 0.299518
0.42284 0.296851
0.462963 0.294496
0.50463 0.292576
0.49537 0.290819
0.479938 0.28952
0.466049 0.288239
0.475309 0.286474
0.493827 0.284685
0.467593 0.282794
0.466049 0.280861
0.473765 0.279229
0.483025 0.277656
0.506173 0.276443
0.506173 0.275406
0.496914 0.274331
0.518519 0.273346
0.544753 0.272221
0.583333 0.271058
0.558642 0.269456
0.583333 0.268416
0.589506 0.267138
0.554012 0.266164
0.564815 0.265235
0.598765 0.264512
0.546296 0.26388
0.54321 0.263231
0.587963 0.262606
0.587963 0.262252
0.552469 0.261737
0.558642 0.261393
0.567901 0.261109
0.530864 0.261153
0.493827 0.261102
0.533951 0.260689
0.512346 0.259636
0.476852 0.258717
0.484568 0.258202
0.475309 0.2576
0.5 0.256791
0.501543 0.255238
0.523148 0.253958
0.496914 0.252859
0.524691 0.252353
0.483025 0.252041
0.484568 0.251759
0.49537 0.251386
0.467593 0.251053
0.483025 0.250589
0.49537 0.249952
0.518519 0.249348
0.540123 0.248745
0.563272 0.248136
0.535494 0.247385
0.544753 0.246564
0.506173 0.245276
0.520062 0.244003
0.574074 0.242879
0.589506 0.24176
0.597222 0.240964
0.618827 0.240349
0.604938 0.239534
0.595679 0.238932
0.609568 0.2386
0.58179 0.2383
0.575617 0.238059
0.570988 0.237769
0.604938 0.236809
0.595679 0.235893
0.606481 0.235168
0.578704 0.235001
0.628086 0.234872
0.640432 0.234761
0.631173 0.234917
0.626543 0.2351
0.611111 0.235307
0.606481 0.235737
0.618827 0.236182
0.675926 0.23683
0.67284 0.237378
0.651235 0.237637
0.66358 0.237753
0.666667 0.238073
0.657407 0.238247
0.655864 0.238391
0.626543 0.238325
0.631173 0.238457
0.686728 0.238269
0.700617 0.238633
0.723765 0.238873
0.742284 0.239277
0.776235 0.239034
0.78858 0.238901
0.802469 0.238617
0.814815 0.238921
0.78858 0.239071
0.780864 0.239334
0.731481 0.239616
0.719136 0.24039
0.697531 0.24056
0.70679 0.240389
0.648148 0.24004
0.614198 0.240036
0.631173 0.240088
0.66821 0.239754
0.625 0.239388
0.657407 0.239234
0.641975 0.239157
0.608025 0.238803
0.623457 0.238794
0.631173 0.238473
0.628086 0.238648
0.66358 0.238712
0.677469 0.238535
0.666667 0.238433
0.688272 0.238625
0.722222 0.23865
0.70216 0.238366
0.679012 0.238434
0.655864 0.238849
0.652778 0.239471
0.708333 0.240595
0.699074 0.241903
0.728395 0.242977
0.740741 0.243977
0.719136 0.245006
0.70216 0.246591
0.686728 0.248038
0.691358 0.249566
0.712963 0.250923
0.723765 0.252065
0.691358 0.252931
0.682099 0.254089
0.717593 0.255546
0.74537 0.256708
0.705247 0.257802
0.708333 0.258741
0.695988 0.259549
0.685185 0.260711
0.712963 0.261946
0.714506 0.263185
0.736111 0.264408
0.734568 0.265861
0.728395 0.267512
0.765432 0.268733
0.739198 0.269699
0.731481 0.27061
0.714506 0.271453
0.708333 0.273009
0.743827 0.274026
0.733025 0.274809
0.716049 0.276326
0.726852 0.277425
0.729938 0.278736
0.766975 0.279625
0.759259 0.280273
0.756173 0.280585
0.765432 0.281127
0.759259 0.281414
0.737654 0.281722
0.756173 0.282263
0.756173 0.28261
0.751543 0.282392
0.765432 0.281812
0.757716 0.281469
0.773148 0.280911
0.762346 0.280484
0.783951 0.280051
0.753086 0.279204
0.762346 0.278577
0.79321 0.278145
0.762346 0.278309
0.759259 0.277821
0.779321 0.276789
0.75463 0.275987
0.742284 0.274844
0.75 0.273496
0.737654 0.272211
0.70216 0.270703
0.71142 0.268874
0.699074 0.267011
0.708333 0.265291
0.680556 0.263778
0.679012 0.261889
0.70216 0.25972
0.728395 0.257704
0.726852 0.255594
0.737654 0.253362
0.709877 0.251025
0.739198 0.249062
0.712963 0.247394
0.733025 0.245927
0.705247 0.244502
0.683642 0.242741
0.623457 0.24098
0.638889 0.239248
0.674383 0.237476
0.641975 0.235806
0.66358 0.233694
0.675926 0.23175
0.688272 0.229595
0.662037 0.22743
0.643519 0.225576
0.654321 0.223964
0.680556 0.222246
0.722222 0.220681
0.740741 0.21884
0.694444 0.21761
0.71142 0.217028
0.717593 0.216467
0.694444 0.215778
0.705247 0.214533
0.691358 0.213355
0.70216 0.211484
0.689815 0.20989
0.699074 0.20812
0.720679 0.206577
0.709877 0.205282
0.726852 0.204229
0.734568 0.202821
0.717593 0.201784
0.703704 0.200381
0.720679 0.19902
0.694444 0.197308
0.717593 0.19543
0.699074 0.194055
0.688272 0.192755
0.682099 0.191495
0.657407 0.190406
0.665123 0.18917
0.666667 0.187966
0.689815 0.18732
0.649691 0.186159
0.640432 0.184961
0.685185 0.183761
0.682099 0.182734
0.688272 0.181807
0.700617 0.181035
0.714506 0.180156
0.685185 0.179292
0.703704 0.17842
0.712963 0.177224
0.685185 0.176286
0.682099 0.174992
0.682099 0.173832
0.708333 0.172483
0.737654 0.171611
0.726852 0.170912
0.709877 0.170661
0.736111 0.170116
0.74537 0.169309
0.770062 0.168443
0.75463 0.167023
0.753086 0.165431
0.753086 0.163306
0.766975 0.16183
0.779321 0.160285
0.731481 0.159117
0.737654 0.158216
0.771605 0.157289
0.763889 0.155729
0.777778 0.154407
0.760802 0.153371
0.783951 0.152734
0.759259 0.15208
0.74537 0.151379
0.756173 0.150183
0.728395 0.149276
0.719136 0.148602
0.719136 0.147834
0.70679 0.14681
0.699074 0.145608
0.683642 0.144317
0.671296 0.142785
0.705247 0.141308
0.675926 0.139707
0.682099 0.138384
0.645062 0.137213
0.660494 0.136387
0.666667 0.134856
0.654321 0.133434
0.649691 0.132026
0.66821 0.130888
0.677469 0.129652
0.689815 0.128684
0.682099 0.127785
0.62963 0.126411
0.625 0.124953
0.640432 0.123158
0.626543 0.121249
0.660494 0.119654
0.654321 0.117573
0.66358 0.115637
0.652778 0.113792
0.640432 0.111983
0.637346 0.110247
0.649691 0.108199
0.652778 0.106424
0.655864 0.104468
0.635802 0.102566
0.648148 0.100713
0.609568 0.0985457
0.628086 0.0972029
0.598765 0.0960314
0.560185 0.0946906
0.567901 0.0934234
0.535494 0.0921852
0.566358 0.0913718
0.526235 0.0908912
0.507716 0.0904687
0.523148 0.0899445
0.521605 0.0900024
0.50463 0.0899336
0.492284 0.090315
0.427469 0.0904664
0.458333 0.0909495
0.484568 0.0914068
0.475309 0.0914891
0.496914 0.0911399
0.486111 0.0910898
0.5 0.0910196
0.487654 0.0908254
0.484568 0.0906518
0.501543 0.0907388
0.532407 0.0912236
0.541667 0.0916269
0.544753 0.0922067
0.53858 0.0920449
0.541667 0.0918011
0.549383 0.0912198
0.533951 0.0906412
0.496914 0.0906335
0.473765 0.0904495
0.498457 0.0904528
0.483025 0.0904829
0.478395 0.0904186
0.472222 0.0905367
0.445988 0.0907135
0.466049 0.0907666
0.498457 0.0909819
0.464506 0.0911597
0.462963 0.0912047
0.493827 0.0909122
0.483025 0.0907961
0.537037 0.0902734
0.512346 0.0895506
0.550926 0.0888558
0.563272 0.0880559
0.540123 0.0874213
0.513889 0.0871206
0.540123 0.0868117
0.53858 0.0865165
0.493827 0.086283
0.436728 0.086065
0.459877 0.0858778
0.455247 0.0860042
0.416667 0.0862155
0.407407 0.0863429
0.450617 0.0866106
0.401235 0.0866098
0.415123 0.0866221
0.447531 0.0863088
0.472222 0.0859357
0.475309 0.0850113
0.512346 0.0841154
0.523148 0.0832848
0.489198 0.0823913
0.487654 0.0816601
0.503086 0.0808219
0.532407 0.0802515
0.53858 0.0797618
0.554012 0.0795639
0.552469 0.0793407
0.527778 0.0793858
0.530864 0.0793288
0.580247 0.0794094
0.62037 0.0790536
0.603395 0.0786055
0.601852 0.0779488
0.598765 0.0774101
0.643519 0.0770211
0.618827 0.0765025
0.591049 0.0762418
0.572531 0.0757894
0.557099 0.0757839
0.554012 0.0761357
0.558642 0.0769553
0.566358 0.0781496
0.578704 0.0792494
0.567901 0.0799031
0.526235 0.0808153
0.509259 0.0822317
0.552469 0.0834723
0.570988 0.0843768
0.552469 0.0854131
0.510802 0.0862267
0.509259 0.0873019
0.524691 0.0886497
0.529321 0.090672
0.489198 0.0927272
0.479938 0.0945209
0.490741 0.0960418
0.49537 0.0978073
0.442901 0.0995745
0.478395 0.101783
0.492284 0.104042
0.503086 0.106288
0.507716 0.108578
0.487654 0.110383
0.469136 0.111846
0.466049 0.113529
0.470679 0.115267
0.49537 0.11668
0.507716 0.118353
0.526235 0.119514
0.516975 0.120593
0.549383 0.121808
0.554012 0.122833
0.592593 0.123669
0.564815 0.125059
0.58642 0.126541
0.570988 0.128076
0.550926 0.129845
0.54321 0.131703
0.541667 0.133128
0.541667 0.134713
0.595679 0.136286
0.575617 0.137911
0.601852 0.139177
0.601852 0.140778
0.609568 0.142804
0.628086 0.144975
0.632716 0.147341
0.635802 0.149457
0.594136 0.151659
0.58179 0.153594
0.598765 0.155227
0.614198 0.156746
0.609568 0.15815
0.555556 0.159366
0.54784 0.1611
0.58179 0.162584
0.550926 0.164438
0.572531 0.16615
0.584877 0.16803
0.541667 0.170114
0.535494 0.172459
0.58179 0.174503
0.614198 0.176494
0.628086 0.179092
0.612654 0.181153
0.632716 0.183243
0.658951 0.185434
0.635802 0.187678
0.646605 0.189805
0.611111 0.191873
0.689815 0.193598
0.728395 0.195704
0.725309 0.197848
0.743827 0.19991
0.760802 0.201712
0.733025 0.203628
0.703704 0.205883
0.714506 0.208058
0.751543 0.210329
0.742284 0.212214
0.731481 0.214373
0.722222 0.216609
0.666667 0.218538
0.654321 0.220056
0.658951 0.221312
0.609568 0.222613
0.583333 0.22428
0.617284 0.225765
0.651235 0.227529
0.666667 0.22883
0.660494 0.23024
0.62037 0.231341
0.66358 0.232373
0.692901 0.233578
0.66821 0.235092
0.634259 0.236655
0.646605 0.237851
0.587963 0.238843
0.587963 0.239571
0.587963 0.240362
0.595679 0.241154
0.591049 0.242114
0.608025 0.243041
0.58179 0.243802
0.608025 0.244616
0.612654 0.245679
0.643519 0.246648
0.626543 0.24762
0.601852 0.249097
0.580247 0.250745
0.592593 0.252618
0.587963 0.254379
0.592593 0.256242
0.601852 0.258033
0.617284 0.259274
0.600309 0.260417
0.626543 0.261964
0.662037 0.263049
0.677469 0.264147
0.70679 0.265288
0.708333 0.266076
0.671296 0.266731
0.694444 0.26738
0.70216 0.267903
0.657407 0.268088
0.680556 0.268688
0.691358 0.269375
0.680556 0.270055
0.675926 0.270287
0.665123 0.270558
0.685185 0.27034
0.654321 0.27081
0.631173 0.271161
0.611111 0.271317
0.594136 0.271664
0.611111 0.27198
0.655864 0.272116
0.643519 0.272115
0.635802 0.272316
0.665123 0.272657
0.649691 0.273432
0.682099 0.274512
0.719136 0.275742
0.709877 0.276715
0.709877 0.277527
0.725309 0.277991
0.719136 0.278237
0.675926 0.279003
0.680556 0.280148
0.626543 0.281204
0.615741 0.282489
0.634259 0.283763
0.621914 0.284766
0.594136 0.286128
0.617284 0.28749
0.604938 0.28862
0.618827 0.289556
0.597222 0.290597
0.574074 0.290941
0.614198 0.290959
0.57716 0.291512
0.592593 0.292078
0.564815 0.293211
0.570988 0.294462
0.631173 0.296317
0.591049 0.298163
0.637346 0.300077
0.601852 0.301976
0.580247 0.303777
0.591049 0.305427
0.603395 0.307105
0.570988 0.308276
0.566358 0.309432
0.569444 0.310727
0.558642 0.312325
0.533951 0.313461
0.483025 0.31426
0.507716 0.315003
0.490741 0.315874
0.472222 0.316623
0.412037 0.317449
0.412037 0.318795
0.390432 0.320438
0.41821 0.321513
0.45216 0.322445
0.449074 0.323299
0.46142 0.323562
0.415123 0.32386
0.473765 0.323711
0.472222 0.323511
0.415123 0.32272
0.395062 0.322428
0.395062 0.322412
0.376543 0.322607
0.388889 0.32304
0.408951 0.323362
0.425926 0.323925
0.444444 0.323666
0.445988 0.323896
0.445988 0.324606
0.398148 0.325387
0.395062 0.326152
0.390432 0.32698
0.37037 0.327608
0.425926 0.328235
0.402778 0.328652
0.42284 0.328904
0.438272 0.328938
0.391975 0.3297
0.368827 0.330273
0.401235 0.330957
0.45216 0.33163
0.490741 0.332742
0.470679 0.334238
0.458333 0.335458
0.442901 0.336323
0.438272 0.337467
0.427469 0.338671
0.445988 0.340138
0.429012 0.34106
0.438272 0.342186
0.458333 0.342996
0.470679 0.343493
0.445988 0.344553
0.467593 0.34542
0.459877 0.346767
0.489198 0.348211
0.470679 0.349718
0.458333 0.35093
0.466049 0.352082
0.458333 0.353208
0.435185 0.354489
0.425926 0.355906
0.395062 0.357384
0.425926 0.358684
0.441358 0.36009
0.46142 0.361425
0.496914 0.36231
0.503086 0.363655
0.530864 0.365328
0.554012 0.367415
0.5 0.369791
0.490741 0.371817
0.492284 0.373907
0.516975 0.375799
0.492284 0.377942
0.518519 0.380314
0.526235 0.382662
0.532407 0.385142
0.557099 0.388092
0.53858 0.391158
0.509259 0.393883
0.510802 0.39633
0.509259 0.398709
0.537037 0.401324
0.540123 0.403568
0.587963 0.405069
0.570988 0.406793
0.604938 0.408596
0.66358 0.410428
0.682099 0.412488
0.695988 0.414194
0.709877 0.415773
0.67284 0.41686
0.635802 0.418159
0.643519 0.419423
0.617284 0.420235
0.655864 0.421148
0.637346 0.422109
0.635802 0.423075
0.612654 0.423876
0.566358 0.42449
0.555556 0.424989
0.540123 0.425421
0.598765 0.425518
0.594136 0.42528
0.587963 0.425356
0.598765 0.425463
0.580247 0.425575
0.572531 0.425099
0.561728 0.42468
0.524691 0.423822
0.569444 0.422868
0.598765 0.42213
0.626543 0.421534
0.58179 0.421283
0.628086 0.421389
0.609568 0.421402
0.597222 0.421376
0.603395 0.421296
0.597222 0.420908
0.584877 0.420538
0.592593 0.419914
0.615741 0.419365
0.621914 0.418778
0.625 0.4181
0.603395 0.417651
0.569444 0.417253
0.537037 0.416906
0.537037 0.416417
0.537037 0.415915
0.54321 0.415245
0.572531 0.414492
0.623457 0.413803
0.614198 0.413082
0.660494 0.412171
0.615741 0.411165
0.66821 0.410088
0.680556 0.409111
0.669753 0.408354
0.655864 0.408001
0.652778 0.407841
0.640432 0.407596
0.618827 0.406937
0.600309 0.406236
0.589506 0.405698
0.578704 0.405097
0.637346 0.404177
0.592593 0.403309
0.587963 0.402341
0.560185 0.401494
0.587963 0.400571
0.587963 0.399057
0.54784 0.397167
0.540123 0.395701
0.526235 0.394231
0.509259 0.392827
0.498457 0.391237
0.515432 0.390058
0.503086 0.38873
0.475309 0.387607
0.447531 0.386711
0.458333 0.385392
0.462963 0.384671
0.478395 0.3837
0.49537 0.382513
0.486111 0.38168
0.510802 0.381659
0.473765 0.381558
0.464506 0.381394
0.5 0.380665
0.5 0.379979
0.518519 0.379364
0.546296 0.379039
0.549383 0.378981
0.506173 0.378885
0.450617 0.379173
0.467593 0.379447
0.466049 0.379674
0.535494 0.380006
0.57716 0.379706
0.578704 0.378932
0.512346 0.378478
0.540123 0.378278
0.572531 0.378051
0.623457 0.377399
0.566358 0.376876
0.597222 0.376634
0.611111 0.376502
0.603395 0.376238
0.618827 0.375959
0.652778 0.37565
0.654321 0.375807
0.646605 0.37584
0.675926 0.375864
0.691358 0.376209
0.688272 0.376499
0.691358 0.376692
0.666667 0.376797
0.675926 0.377063
0.662037 0.377028
0.658951 0.376793
0.640432 0.376387
0.638889 0.37582
0.680556 0.375327
0.705247 0.374719
0.716049 0.374223
0.688272 0.373637
0.695988 0.373042
0.740741 0.372319
0.765432 0.371596
0.814815 0.371098
0.811728 0.370419
0.804012 0.369781
0.799383 0.369139
0.824074 0.368643
0.810185 0.368026
0.819444 0.367691
0.822531 0.3673
0.790123 0.36717
0.791667 0.366982
0.783951 0.366437
0.783951 0.366162
0.782407 0.366244
0.766975 0.365575
0.763889 0.364824
0.74537 0.364413
0.753086 0.363878
0.728395 0.363847
0.71142 0.363676
0.705247 0.363379
0.697531 0.363025
0.737654 0.363424
0.760802 0.363808
0.733025 0.364024
0.768519 0.364201
0.763889 0.364488
0.780864 0.364619
0.770062 0.365001
0.771605 0.365184
0.783951 0.365122
0.774691 0.364928
0.78858 0.364749
0.760802 0.364777
0.748457 0.36431
0.737654 0.364033
0.743827 0.363064
0.731481 0.361957
0.708333 0.360718
0.726852 0.359459
0.703704 0.358093
0.675926 0.356658
0.645062 0.355114
0.637346 0.352871
0.611111 0.350156
0.609568 0.34783
0.648148 0.345846
0.666667 0.343439
0.66821 0.341229
0.66358 0.339754
0.657407 0.337894
0.623457 0.336007
0.614198 0.334436
0.603395 0.33287
0.603395 0.331241
0.589506 0.329701
0.597222 0.327575
0.606481 0.325766
0.606481 0.323846
0.598765 0.322318
0.575617 0.320974
0.594136 0.319612
0.57716 0.317851
0.570988 0.316138
0.563272 0.314071
0.575617 0.312276
0.600309 0.31053
0.591049 0.309212
0.584877 0.307728
0.598765 0.30635
0.603395 0.304275
0.583333 0.302622
0.609568 0.300872
0.614198 0.298569
0.604938 0.296522
0.594136 0.29442
0.558642 0.292642
0.578704 0.290875
0.623457 0.28889
0.666667 0.287312
0.628086 0.285725
0.645062 0.283934
0.660494 0.281553
0.679012 0.279085
0.660494 0.276949
0.640432 0.274811
0.640432 0.272971
0.641975 0.271038
0.655864 0.269164
0.648148 0.266723
0.638889 0.264351
0.62037 0.262128
0.614198 0.259714
0.649691 0.258066
0.626543 0.256364
0.637346 0.254961
0.645062 0.253635
0.621914 0.252592
0.643519 0.251188
0.652778 0.249903
0.617284 0.248264
0.601852 0.246193
0.632716 0.244284
0.674383 0.242261
0.685185 0.239857
0.714506 0.238056
0.699074 0.236163
0.694444 0.234138
0.691358 0.23251
0.686728 0.230596
0.691358 0.228884
0.699074 0.227096
0.699074 0.225486
0.686728 0.223898
0.683642 0.222053
0.705247 0.219934
0.691358 0.217902
0.683642 0.215915
0.631173 0.213904
0.597222 0.211962
0.598765 0.210013
0.58179 0.208266
0.570988 0.206835
0.574074 0.205606
0.592593 0.204266
0.651235 0.202769
0.66358 0.201137
0.689815 0.199408
0.697531 0.197792
0.677469 0.196138
0.632716 0.194261
0.587963 0.192498
0.564815 0.191104
0.563272 0.189726
0.566358 0.188229
0.598765 0.186444
0.580247 0.184557
0.541667 0.182489
0.569444 0.180709
0.533951 0.178698
0.541667 0.176676
0.512346 0.17426
0.570988 0.172149
0.549383 0.170692
0.54784 0.16921
0.532407 0.167975
0.498457 0.166685
0.524691 0.164897
0.507716 0.16258
0.46142 0.160568
0.469136 0.158489
0.455247 0.156399
0.489198 0.154588
0.483025 0.152702
0.50463 0.150651
0.516975 0.148567
0.580247 0.146121
0.612654 0.143402
0.623457 0.140957
0.592593 0.138656
0.570988 0.136473
0.584877 0.13453
0.604938 0.132995
0.600309 0.131394
0.600309 0.129829
0.600309 0.128391
0.597222 0.126976
0.615741 0.125667
0.621914 0.124684
0.651235 0.123884
0.618827 0.123389
0.595679 0.122725
0.569444 0.122237
0.555556 0.121828
0.555556 0.120823
0.574074 0.119898
0.591049 0.119164
0.54784 0.1181
0.549383 0.116785
0.541667 0.115939
0.546296 0.114969
0.554012 0.114512
0.580247 0.114158
0.563272 0.11351
0.557099 0.113027
0.57716 0.112767
0.558642 0.112661
0.513889 0.112409
0.489198 0.11209
0.54784 0.111815
0.572531 0.111612
0.580247 0.111024
0.560185 0.111009
0.530864 0.110484
0.518519 0.110481
0.530864 0.110454
0.515432 0.110433
0.478395 0.110605
0.489198 0.110313
0.50463 0.109599
0.483025 0.109264
0.518519 0.108878
0.564815 0.108619
0.563272 0.10804
0.509259 0.10763
0.526235 0.107175
0.558642 0.106539
0.549383 0.10579
0.569444 0.105112
0.580247 0.104521
0.54784 0.10351
0.554012 0.103361
0.58642 0.102964
0.563272 0.103024
0.558642 0.102529
0.566358 0.101528
0.570988 0.100716
0.527778 0.0995362
0.537037 0.097821
0.518519 0.0960083
0.493827 0.0945212
0.464506 0.0932558
0.476852 0.0919699
0.50463 0.0905878
0.49537 0.0892422
0.512346 0.0875612
0.527778 0.0861506
0.53858 0.0847019
0.493827 0.0837186
0.529321 0.0829287
0.570988 0.0822697
0.540123 0.0811711
0.540123 0.08039
0.523148 0.0794664
0.526235 0.0785857
0.540123 0.0777204
0.515432 0.077128
0.466049 0.076284
0.481481 0.0755185
0.554012 0.0744783
0.554012 0.0724373
0.516975 0.0706703
0.503086 0.0688241
0.501543 0.0663586
0.476852 0.063495
0.50463 0.0609616
0.503086 0.0587568
0.479938 0.056298
0.49537 0.0539488
0.524691 0.0516553
0.563272 0.0492409
0.578704 0.0470968
0.592593 0.0451867
0.575617 0.04321
0.575617 0.0412703
0.584877 0.039746
0.615741 0.0380651
0.604938 0.0370076
0.600309 0.0357112
0.612654 0.0350141
0.614198 0.0344616
0.606481 0.0344671
0.589506 0.0345964
0.566358 0.0344446
0.598765 0.0339322
0.611111 0.0334225
0.604938 0.0331093
0.583333 0.0329507
0.58179 0.0326197
0.589506 0.0319664
0.566358 0.0313156
0.574074 0.0305732
0.552469 0.0304274
0.550926 0.0300837
0.558642 0.0300123
0.54784 0.0298571
0.564815 0.0297049
0.592593 0.0292404
0.589506 0.0288578
0.621914 0.0285425
0.66821 0.0283055
0.683642 0.0279178
0.677469 0.0276295
0.719136 0.0266545
0.712963 0.0254228
0.71142 0.0242858
0.726852 0.0229407
0.699074 0.0218795
0.709877 0.02139
0.703704 0.020876
0.703704 0.0197048
0.674383 0.0181442
0.677469 0.016736
0.640432 0.0150957
0.658951 0.0141181
0.703704 0.0133213
0.66358 0.0126463
0.643519 0.0123485
0.660494 0.0125965
0.657407 0.0128267
0.623457 0.0128662
0.651235 0.0126681
0.662037 0.0121861
0.654321 0.0116125
0.66821 0.011229
0.679012 0.0112305
0.641975 0.0113408
0.655864 0.0113609
0.733025 0.0115671
0.67284 0.0113223
0.646605 0.0111383
0.683642 0.0108166
0.70679 0.0107013
0.726852 0.0106527
0.726852 0.0103211
0.75463 0.0102488
0.762346 0.00951086
0.773148 0.00855215
0.74537 0.0077649
0.743827 0.00685291
0.734568 0.00609002
0.75463 0.00487514
0.779321 0.00343071
0.791667 0.00246091
0.78858 0.00159099
0.807099 0.00106576
0.802469 0.000368219
0.810185 -0.000455092
0.813272 -0.00112597
0.805556 -0.00236281
0.776235 -0.00312594
0.820988 -0.00381491
0.796296 -0.00406384
0.760802 -0.00431632
0.691358 -0.00446672
0.716049 -0.00502063
0.714506 -0.00539256
0.700617 -0.00612842
0.722222 -0.00666837
0.666667 -0.00739773
0.692901 -0.00812365
0.705247 -0.00871292
0.694444 -0.00892032
0.700617 -0.00946072
0.703704 -0.00963629
0.70216 -0.00990995
0.722222 -0.00990785
0.697531 -0.0100891
0.723765 -0.0106488
0.776235 -0.0109661
0.766975 -0.0112191
0.780864 -0.0118344
0.780864 -0.0119967
0.734568 -0.0123334
0.742284 -0.0126515
0.737654 -0.0132197
0.726852 -0.0136655
0.712963 -0.0137001
0.71142 -0.0135344
0.714506 -0.0136003
0.709877 -0.0141957
0.737654 -0.0154639
0.779321 -0.0168941
0.733025 -0.0177612
0.748457 -0.0189371
0.733025 -0.0201502
0.746914 -0.0212973
0.765432 -0.0223316
0.75463 -0.0242724
0.75 -0.0261665
0.765432 -0.0278877
0.740741 -0.0290424
0.70679 -0.030012
0.725309 -0.030943
0.729938 -0.0320808
0.768519 -0.0331871
0.780864 -0.0342348
0.791667 -0.035482
0.739198 -0.0366335
0.770062 -0.0382145
0.760802 -0.0394331
0.771605 -0.040783
0.762346 -0.0422056
0.780864 -0.0436958
0.771605 -0.044934
0.743827 -0.0459217
0.737654 -0.0474199
0.75463 -0.0492998
0.777778 -0.0515464
0.774691 -0.0530685
0.759259 -0.0542596
0.751543 -0.0554665
0.728395 -0.0567758
0.714506 -0.0576299
0.66821 -0.0584059
0.654321 -0.059402
0.648148 -0.0605841
0.662037 -0.0624729
0.651235 -0.0644312
0.679012 -0.0660905
0.679012 -0.0679286
0.691358 -0.0699333
0.669753 -0.0721193
0.689815 -0.0744131
0.66821 -0.0773811
0.682099 -0.0800409
0.680556 -0.0824762
0.689815 -0.0849538
0.680556 -0.0873722
0.70216 -0.0894198
0.679012 -0.0917654
0.621914 -0.093824
0.594136 -0.0960394
0.606481 -0.0983529
0.606481 -0.100957
0.578704 -0.103076
0.570988 -0.104761
0.554012 -0.106767
0.572531 -0.108856
0.54784 -0.110792
0.537037 -0.11227
0.515432 -0.113599
0.521605 -0.115106
0.489198 -0.116994
0.483025 -0.118785
0.513889 -0.120369
0.512346 -0.121434
0.513889 -0.122779
0.5 -0.124337
0.527778 -0.125371
0.532407 -0.126
0.54321 -0.126454
0.549383 -0.127484
0.530864 -0.128824
0.509259 -0.130336
0.546296 -0.132372
0.549383 -0.1345
0.529321 -0.136309
0.561728 -0.138222
0.535494 -0.139746
0.501543 -0.140957
0.530864 -0.142726
0.523148 -0.144375
0.496914 -0.146029
0.503086 -0.14719
0.515432 -0.148267
0.507716 -0.149238
0.524691 -0.150216
0.540123 -0.151366
0.518519 -0.152195
0.515432 -0.153025
0.486111 -0.153981
0.510802 -0.154598
0.569444 -0.155179
0.589506 -0.155438
0.58179 -0.155915
0.564815 -0.156232
0.54321 -0.157033
0.540123 -0.157908
0.530864 -0.159073
0.481481 -0.159916
0.518519 -0.161175
0.575617 -0.162121
0.575617 -0.162787
0.609568 -0.163433
0.625 -0.164477
0.625 -0.165936
0.651235 -0.167167
0.609568 -0.168413
0.658951 -0.168706
0.62963 -0.169207
0.611111 -0.169407
0.608025 -0.169913
0.611111 -0.170149
0.609568 -0.170452
0.628086 -0.170932
0.623457 -0.1711
0.615741 -0.170745
0.62037 -0.170327
0.621914 -0.170088
0.623457 -0.1699
0.540123 -0.169571
0.569444 -0.168945
0.563272 -0.168678
0.561728 -0.168018
0.572531 -0.167058
0.595679 -0.16549
0.603395 -0.164437
0.609568 -0.163252
0.550926 -0.161934
0.523148 -0.160489
0.533951 -0.159059
0.486111 -0.157398
0.472222 -0.155684
0.475309 -0.153636
0.54784 -0.151844
0.53858 -0.150044
0.523148 -0.148433
0.541667 -0.14699
0.512346 -0.145703
0.529321 -0.144209
0.49537 -0.142876
0.493827 -0.141625
0.510802 -0.140273
0.50463 -0.138601
0.475309 -0.13696
0.46142 -0.135481
0.479938 -0.133489
0.459877 -0.132161
0.458333 -0.130801
0.510802 -0.129582
0.510802 -0.128304
0.479938 -0.127367
0.439815 -0.125501
0.401235 -0.123348
0.41358 -0.121072
0.398148 -0.119088
0.405864 -0.117431
0.390432 -0.116097
0.359568 -0.114433
0.367284 -0.112687
0.345679 -0.11095
0.371914 -0.108862
0.362654 -0.106726
0.375 -0.104403
0.396605 -0.101935
0.405864 -0.0999968
0.45216 -0.0980812
0.475309 -0.0963554
0.469136 -0.0944683
0.507716 -0.092743
0.466049 -0.091835
0.487654 -0.0907642
0.496914 -0.089585
0.506173 -0.08885
0.484568 -0.0879722
0.503086 -0.0870755
0.530864 -0.0868121
0.540123 -0.0864584
0.557099 -0.0864679
0.544753 -0.0864623
0.564815 -0.0861811
0.572531 -0.0861509
0.598765 -0.0862651
0.640432 -0.0864966
0.631173 -0.086334
0.635802 -0.0862284
0.660494 -0.0864244
0.680556 -0.0870383
0.651235 -0.0878294
0.635802 -0.0886269
0.655864 -0.0892505
0.643519 -0.0903358
0.634259 -0.0914249
0.645062 -0.0924843
0.651235 -0.0941508
0.666667 -0.0960775
0.649691 -0.0974647
0.626543 -0.0993181
0.623457 -0.100386
0.652778 -0.100781
0.685185 -0.100986
0.646605 -0.101827
0.621914 -0.10242
0.634259 -0.102824
0.611111 -0.102831
0.640432 -0.102875
0.600309 -0.102873
0.550926 -0.103143
0.526235 -0.102669
0.560185 -0.102129
0.58642 -0.101964
0.561728 -0.101473
0.550926 -0.101045
0.526235 -0.100144
0.527778 -0.0989713
0.481481 -0.0982007
0.467593 -0.0972225
0.442901 -0.0966295
0.455247 -0.095942
0.438272 -0.0953854
0.412037 -0.09464
0.459877 -0.0934872
0.450617 -0.0921733
0.453704 -0.0910237
0.447531 -0.0892566
0.442901 -0.0878663
0.496914 -0.0866267
0.476852 -0.0850784
0.487654 -0.0829883
0.496914 -0.0807972
0.487654 -0.0787609
0.530864 -0.0767617
0.550926 -0.0753178
0.527778 -0.0735364
0.558642 -0.0718041
0.561728 -0.0704761
0.564815 -0.0690443
0.549383 -0.0675958
0.532407 -0.0666788
0.54321 -0.0660269
0.527778 -0.0655713
0.540123 -0.0650126
0.583333 -0.0645492
0.561728 -0.0639132
0.518519 -0.0637168
0.526235 -0.0637566
0.524691 -0.0632944
0.523148 -0.0624554
0.540123 -0.061393
0.564815 -0.0605431
0.594136 -0.059328
0.572531 -0.0582563
0.601852 -0.0569293
0.595679 -0.0558112
0.583333 -0.0546198
0.608025 -0.0536906
0.614198 -0.0526498
0.660494 -0.0517
0.660494 -0.0508371
0.640432 -0.0499539
0.623457 -0.0491554
0.654321 -0.048023
0.671296 -0.0467945
0.657407 -0.0459158
0.618827 -0.0449831
0.617284 -0.0438949
0.603395 -0.0432699
0.62037 -0.0420518
0.598765 -0.0410719
0.601852 -0.0398821
0.621914 -0.0390648
0.689815 -0.0385862
0.689815 -0.0382462
0.675926 -0.0377125
0.634259 -0.0369513
0.640432 -0.0358141
0.666667 -0.0351609
0.680556 -0.0350033
0.641975 -0.0350089
0.638889 -0.0341885
0.646605 -0.0335087
0.646605 -0.0330062
0.658951 -0.0323717
0.652778 -0.0317434
0.66358 -0.031228
0.66821 -0.0305645
0.689815 -0.0302076
0.67284 -0.0301894
0.631173 -0.0297054
0.621914 -0.0298255
0.603395 -0.0302479
0.614198 -0.0305724
0.603395 -0.0310047
0.555556 -0.0314969
0.569444 -0.0318386
0.507716 -0.0318542
0.516975 -0.0320582
0.521605 -0.0320786
0.493827 -0.0316173
0.439815 -0.0313356
0.432099 -0.0310835
0.447531 -0.0308423
0.49537 -0.0305878
0.527778 -0.0304812
0.558642 -0.0304138
0.535494 -0.030009
0.483025 -0.029004
0.524691 -0.0277692
0.518519 -0.0260296
0.561728 -0.0242468
0.591049 -0.0224433
0.603395 -0.0208348
0.555556 -0.019072
0.533951 -0.0166398
0.492284 -0.014571
0.5 -0.0127131
0.493827 -0.0108554
0.515432 -0.00884766
0.53858 -0.00672451
0.560185 -0.00435941
0.563272 -0.00327487
0.57716 -0.00169009
0.589506 8.14743e-05
0.589506 0.00234553
0.569444 0.00401713
0.580247 0.00621003
0.58642 0.0089946
0.563272 0.0114124
0.530864 0.0134888
0.537037 0.0152769
0.566358 0.0171898
0.618827 0.0189949
0.604938 0.0212775
0.575617 0.0235429
0.570988 0.0260542
0.606481 0.0284908
0.592593 0.0309196
0.580247 0.0324073
0.611111 0.034349
0.608025 0.0361984
0.643519 0.0382767
0.652778 0.0398515
0.648148 0.0413784
0.609568 0.0427751
0.634259 0.0441243
0.635802 0.0458952
0.637346 0.0474909
0.643519 0.0494699
0.615741 0.0509961
0.618827 0.0520879
0.595679 0.0533616
0.615741 0.054812
0.621914 0.0558956
0.603395 0.0569779
0.66358 0.0577246
0.680556 0.0585261
0.70216 0.0591746
0.723765 0.059908
0.728395 0.0609193
0.723765 0.0614066
0.717593 0.0623933
0.720679 0.0631325
0.719136 0.0634383
0.674383 0.0637758
0.70679 0.0641586
0.665123 0.0639292
0.654321 0.0637497
0.634259 0.0636149
0.614198 0.0635483
0.600309 0.0630179
0.591049 0.0624566
0.575617 0.0617752
0.589506 0.061332
0.618827 0.0611743
0.591049 0.0610251
0.591049 0.0607392
0.572531 0.0610046
0.611111 0.0613287
0.628086 0.0612158
0.637346 0.0609581
0.580247 0.0614515
0.592593 0.0617182
0.584877 0.0616404
0.54321 0.0613315
0.529321 0.0607568
0.546296 0.0603026
0.566358 0.0596509
0.530864 0.0591754
0.533951 0.0583421
0.484568 0.0576059
0.50463 0.0568843
0.513889 0.0565589
0.530864 0.056698
0.507716 0.0570016
0.486111 0.056886
0.483025 0.0567761
0.481481 0.0568047
0.430556 0.0566573
0.506173 0.056503
0.479938 0.0570159
0.492284 0.0570719
0.478395 0.0571074
0.503086 0.0569196
0.537037 0.0566174
0.529321 0.0565957
0.493827 0.0562551
0.512346 0.0556248
0.50463 0.0552684
0.486111 0.0552755
0.50463 0.055576
0.518519 0.056453
0.478395 0.0577226
0.444444 0.0595547
0.483025 0.0614069
0.472222 0.0628264
0.512346 0.0643388
0.530864 0.0657225
0.550926 0.0668125
0.583333 0.0681827
0.578704 0.0697308
0.560185 0.0709374
0.564815 0.071799
0.560185 0.0727737
0.580247 0.0737684
0.564815 0.0745122
0.591049 0.0758175
0.603395 0.0766274
0.646605 0.0774187
0.640432 0.078411
0.623457 0.0797494
0.671296 0.0808157
0.682099 0.0816355
0.682099 0.0818321
0.700617 0.0820904
0.722222 0.0818659
0.699074 0.0816645
0.723765 0.081582
0.742284 0.0825358
0.699074 0.0827728
0.726852 0.0828733
0.766975 0.0830094
0.75 0.0831369
0.734568 0.08321
0.733025 0.0834518
0.759259 0.0836452
0.804012 0.0839397
0.816358 0.0846094
0.799383 0.0849073
0.770062 0.0855578
0.794753 0.0860995
0.791667 0.0866956
0.802469 0.0876302
0.785494 0.0889354
0.766975 0.0897579
0.756173 0.0910684
0.774691 0.0927068
0.765432 0.0947193
0.753086 0.096123
0.762346 0.0973115
0.779321 0.098574
0.70216 0.0999797
0.703704 0.101731
0.697531 0.1036
0.712963 0.105512
0.709877 0.107496
0.748457 0.109012
0.740741 0.110502
0.726852 0.112065
0.700617 0.11368
0.700617 0.115677
0.662037 0.117105
0.662037 0.118635
0.649691 0.120389
0.648148 0.121871
0.638889 0.12324
0.66358 0.124527
0.666667 0.125851
0.625 0.126812
0.601852 0.127539
0.58642 0.127786
0.575617 0.128216
0.598765 0.128688
0.58642 0.129061
0.615741 0.128773
0.66358 0.12846
0.618827 0.127946
0.635802 0.12777
0.591049 0.128037
0.566358 0.1282
0.550926 0.128317
0.515432 0.128382
0.489198 0.128085
0.496914 0.127245
0.498457 0.126272
0.469136 0.125069
0.45216 0.124067
0.382716 0.122832
0.382716 0.121523
0.421296 0.120035
0.436728 0.118761
0.390432 0.118005
0.391975 0.116835
0.356481 0.115383
0.364198 0.114278
0.359568 0.112739
0.341049 0.111218
0.32716 0.109687
0.356481 0.107885
0.339506 0.1064
0.311728 0.104806
0.29321 0.103616
0.322531 0.102524
0.354938 0.101326
0.350309 0.100479
0.391975 0.099224
0.416667 0.0976666
0.429012 0.0962316
0.473765 0.0947153
0.484568 0.0928315
0.45679 0.0906882
0.447531 0.0889474
0.421296 0.0869672
0.390432 0.0856423
0.415123 0.0838405
0.408951 0.0817185
0.427469 0.0796637
0.419753 0.077666
0.408951 0.0751951
0.433642 0.0729905
0.419753 0.0704952
0.436728 0.0683355
0.453704 0.0661696
0.45216 0.0635069
0.441358 0.0612083
0.430556 0.0587851
0.41821 0.0569166
0.361111 0.0549923
0.341049 0.0529136
0.333333 0.0508438
0.365741 0.0480731
0.354938 0.0456171
0.382716 0.043438
0.33642 0.040875
0.314815 0.0386218
0.310185 0.0364723
0.310185 0.0346562
0.348765 0.0329359
0.304012 0.0310263
0.271605 0.0287051
0.274691 0.0259716
0.294753 0.0236462
0.299383 0.0214997
0.29784 0.0194761
0.33179 0.01806
0.382716 0.0170006
0.405864 0.0161107
0.42284 0.015207
0.393519 0.0138755
0.450617 0.0126185
0.5 0.0118049
0.503086 0.010958
0.450617 0.0101056
0.466049 0.00966123
0.484568 0.00828054
0.492284 0.00660686
0.470679 0.00457929
0.493827 0.00257181
0.472222 0.000401112
0.486111 -0.00148924
0.489198 -0.00355814
0.515432 -0.00595685
0.478395 -0.00839355
0.527778 -0.0112841
0.570988 -0.01361
0.533951 -0.0157539
0.472222 -0.0177743
0.425926 -0.0196646
0.479938 -0.021314
0.478395 -0.0235205
0.489198 -0.0253166
0.425926 -0.0277115
0.46142 -0.0300579
0.521605 -0.0322018
0.521605 -0.0344628
0.478395 -0.03688
0.453704 -0.0387799
0.509259 -0.040473
0.501543 -0.042274
0.490741 -0.0436922
0.498457 -0.0453371
0.510802 -0.0466086
0.555556 -0.0477213
0.58179 -0.0489663
0.53858 -0.050653
0.527778 -0.052334
0.510802 -0.0532995
0.478395 -0.0537154
0.453704 -0.0539265
0.484568 -0.0540878
0.484568 -0.0550027
0.518519 -0.0555146
0.513889 -0.0562538
0.503086 -0.0575128
0.475309 -0.0590496
0.470679 -0.0602672
0.478395 -0.061226
0.464506 -0.0618285
0.455247 -0.0618468
0.464506 -0.061537
0.445988 -0.0618653
0.387346 -0.0620316
0.395062 -0.0622088
0.388889 -0.0627298
0.354938 -0.0632249
0.359568 -0.0638971
0.356481 -0.0640865
0.348765 -0.0647385
0.387346 -0.0654592
0.356481 -0.0657976
0.381173 -0.0661237
0.344136 -0.066644
0.317901 -0.0673507
0.334877 -0.0685848
0.330247 -0.0694428
0.345679 -0.0702477
0.348765 -0.0716333
0.378086 -0.0727971
0.341049 -0.0736912
0.333333 -0.07371
0.354938 -0.0734737
0.328704 -0.0735835
0.334877 -0.0739038
0.353395 -0.0738435
0.367284 -0.0737931
0.358025 -0.0740692
0.320988 -0.0743763
0.310185 -0.0741032
0.320988 -0.0738174
0.353395 -0.0735901
0.371914 -0.0727361
0.320988 -0.0719099
0.311728 -0.0708759
0.33642 -0.069757
0.330247 -0.0692766
0.324074 -0.0685127
0.324074 -0.067802
0.365741 -0.0674701
0.393519 -0.0677908
0.425926 -0.0682323
0.368827 -0.0678796
0.333333 -0.067679
0.347222 -0.067271
0.395062 -0.0672393
0.410494 -0.0674101
0.396605 -0.0678801
0.433642 -0.0679316
0.393519 -0.0677191
0.375 -0.067537
0.375 -0.0674065
0.396605 -0.0678383
0.444444 -0.0677749
0.439815 -0.0682885
0.395062 -0.0688099
0.407407 -0.0697242
0.458333 -0.0700234
0.441358 -0.0711586
0.429012 -0.0725113
0.447531 -0.0736285
0.503086 -0.0746735
0.479938 -0.0764615
0.5 -0.0777642
0.5 -0.0793498
0.466049 -0.0811379
0.445988 -0.0827709
0.441358 -0.0844411
0.444444 -0.0858547
0.476852 -0.0871145
0.467593 -0.0887692
0.476852 -0.0907487
0.458333 -0.0932905
0.433642 -0.0956391
0.453704 -0.0982538
0.402778 -0.100982
0.425926 -0.103089
0.404321 -0.105445
0.405864 -0.107951
0.401235 -0.109847
0.427469 -0.112156
0.412037 -0.113909
0.41358 -0.115563
0.432099 -0.117326
0.358025 -0.118648
0.33179 -0.120219
0.334877 -0.12128
0.333333 -0.122172
0.384259 -0.123256
0.373457 -0.12488
0.375 -0.126312
0.396605 -0.12792
0.359568 -0.129157
0.398148 -0.130382
0.404321 -0.131589
0.410494 -0.132504
0.436728 -0.133313
0.404321 -0.134532
0.381173 -0.135799
0.387346 -0.136406
0.341049 -0.137494
0.353395 -0.138428
0.33179 -0.139024
0.333333 -0.139802
0.29321 -0.141129
0.234568 -0.142212
0.251543 -0.14368
0.248457 -0.144878
0.222222 -0.145993
0.220679 -0.146215
0.222222 -0.146571
0.246914 -0.147313
0.263889 -0.147675
0.226852 -0.14807
0.212963 -0.148043
0.16358 -0.147897
0.157407 -0.147164
0.151235 -0.146808
0.195988 -0.146334
0.189815 -0.145712
0.165123 -0.145195
0.195988 -0.144627
0.226852 -0.144193
0.243827 -0.144237
0.304012 -0.143974
0.319444 -0.143321
0.304012 -0.142382
0.337963 -0.141656
0.287037 -0.141189
0.316358 -0.140851
0.308642 -0.140396
0.350309 -0.139977
0.294753 -0.13897
0.290123 -0.13743
0.283951 -0.136298
0.324074 -0.135879
0.316358 -0.135899
0.345679 -0.135708
0.347222 -0.136026
0.341049 -0.136436
0.365741 -0.136506
0.395062 -0.136341
0.442901 -0.136279
0.455247 -0.135809
0.405864 -0.135406
0.401235 -0.135107
0.435185 -0.135168
0.429012 -0.135844
0.442901 -0.13682
0.476852 -0.137668
0.481481 -0.138252
0.473765 -0.139207
0.515432 -0.139654
0.476852 -0.14071
0.483025 -0.141468
0.496914 -0.141961
0.518519 -0.142749
0.524691 -0.143739
0.546296 -0.144701
0.557099 -0.145716
0.595679 -0.147557
0.608025 -0.149444
0.598765 -0.150436
0.604938 -0.151379
0.603395 -0.152773
0.601852 -0.154186
0.570988 -0.155504
0.563272 -0.156399
0.560185 -0.157393
0.560185 -0.157909
0.569444 -0.15866
0.604938 -0.158536
0.604938 -0.158337
0.601852 -0.158465
0.580247 -0.158527
0.587963 -0.1588
0.623457 -0.158941
0.591049 -0.159028
0.625 -0.159351
0.597222 -0.159739
0.591049 -0.15995
0.575617 -0.160155
0.567901 -0.159913
0.608025 -0.159784
0.601852 -0.159967
0.634259 -0.160011
0.62963 -0.159958
0.617284 -0.159417
0.608025 -0.159084
0.609568 -0.15897
0.618827 -0.158902
0.623457 -0.158629
0.600309 -0.15833
0.564815 -0.157799
0.554012 -0.157759
0.503086 -0.157848
0.501543 -0.157492
0.518519 -0.157057
0.53858 -0.156863
0.555556 -0.156533
0.569444 -0.15645
0.572531 -0.156293
0.601852 -0.15595
0.569444 -0.155559
0.537037 -0.155061
0.529321 -0.154447
0.496914 -0.154137
0.484568 -0.15394
0.486111 -0.153752
0.53858 -0.15325
0.550926 -0.152508
0.560185 -0.152007
0.512346 -0.15153
0.478395 -0.15094
0.45216 -0.150324
0.453704 -0.149338
0.45216 -0.148193
0.493827 -0.147561
0.470679 -0.147086
0.50463 -0.146312
0.549383 -0.145239
0.520062 -0.144486
0.561728 -0.144347
0.549383 -0.143776
0.524691 -0.143761
0.476852 -0.143308
0.510802 -0.1428
0.498457 -0.142374
0.523148 -0.142086
0.510802 -0.142024
0.490741 -0.141364
0.507716 -0.140607
0.549383 -0.139604
0.540123 -0.140012
0.530864 -0.140325
0.560185 -0.140723
0.569444 -0.141446
0.583333 -0.142192
0.591049 -0.142381
0.58642 -0.142277
0.631173 -0.141999
0.617284 -0.142448
0.604938 -0.14292
0.591049 -0.143811
0.611111 -0.14442
0.598765 -0.145174
0.608025 -0.146387
0.578704 -0.147213
0.560185 -0.148093
0.609568 -0.148957
0.595679 -0.149616
0.601852 -0.151014
0.570988 -0.15255
0.569444 -0.154625
0.601852 -0.156654
0.584877 -0.158575
0.615741 -0.160912
0.652778 -0.163342
0.640432 -0.1659
0.654321 -0.168438
0.675926 -0.17124
0.671296 -0.173786
0.675926 -0.176364
0.683642 -0.178805
0.67284 -0.181194
0.658951 -0.183422
0.658951 -0.185774
0.682099 -0.188122
0.703704 -0.190466
0.71142 -0.192295
0.725309 -0.194163
0.746914 -0.196123
0.748457 -0.198009
0.751543 -0.19992
0.734568 -0.202151
0.737654 -0.204137
0.771605 -0.206062
0.731481 -0.20804
0.726852 -0.209755
0.71142 -0.211548
0.682099 -0.213195
0.662037 -0.214732
0.662037 -0.215966
0.694444 -0.217739
0.641975 -0.219577
0.695988 -0.221184
0.691358 -0.222884
0.700617 -0.224241
0.694444 -0.225296
0.689815 -0.227373
0.689815 -0.228891
0.700617 -0.230349
0.685185 -0.231629
0.688272 -0.232884
0.699074 -0.234139
0.705247 -0.234984
0.697531 -0.235677
0.70216 -0.236709
0.691358 -0.237618
0.658951 -0.238603
0.677469 -0.238956
0.671296 -0.239184
0.689815 -0.239768
0.680556 -0.240595
0.70679 -0.2416
0.695988 -0.242603
0.700617 -0.243171
0.708333 -0.243755
0.719136 -0.24436
0.71142 -0.244935
0.705247 -0.244682
0.709877 -0.244871
0.712963 -0.245082
0.709877 -0.244568
0.680556 -0.243804
0.685185 -0.243244
0.699074 -0.242799
0.645062 -0.242854
0.679012 -0.243004
0.652778 -0.243857
0.669753 -0.244653
0.683642 -0.245238
0.651235 -0.24578
0.645062 -0.246063
0.637346 -0.246296
0.641975 -0.24687
0.671296 -0.247114
0.66821 -0.246818
0.683642 -0.246613
0.675926 -0.2465
0.671296 -0.247008
0.658951 -0.246614
0.723765 -0.246038
0.726852 -0.245855
0.691358 -0.245766
0.685185 -0.245489
0.671296 -0.245165
0.614198 -0.244655
0.625 -0.244411
0.611111 -0.244206
0.614198 -0.244197
0.591049 -0.243776
0.615741 -0.243506
0.662037 -0.244117
0.645062 -0.244546
0.654321 -0.245264
0.67284 -0.24541
0.671296 -0.246238
0.628086 -0.246444
0.617284 -0.246879
0.567901 -0.247645
0.603395 -0.248821
0.615741 -0.249599
0.603395 -0.251261
0.606481 -0.252978
0.603395 -0.25443
0.606481 -0.255378
0.606481 -0.256162
0.598765 -0.257085
0.58642 -0.25835
0.591049 -0.259013
0.595679 -0.259751
0.530864 -0.260421
0.520062 -0.261082
0.540123 -0.261733
0.540123 -0.263008
0.537037 -0.264043
0.546296 -0.265077
0.561728 -0.265982
0.541667 -0.266519
0.575617 -0.266993
0.564815 -0.26709
0.57716 -0.267544
0.566358 -0.267711
0.575617 -0.26775
0.589506 -0.268418
0.555556 -0.269483
0.557099 -0.270867
0.557099 -0.271778
0.569444 -0.272984
0.618827 -0.27451
0.597222 -0.276257
0.625 -0.277937
0.649691 -0.279726
0.615741 -0.28133
0.604938 -0.283137
0.598765 -0.28454
0.584877 -0.286144
0.603395 -0.287898
0.603395 -0.289852
0.54784 -0.291401
0.546296 -0.292546
0.554012 -0.293504
0.560185 -0.294972
0.483025 -0.296932
0.516975 -0.298766
0.469136 -0.300334
0.445988 -0.301763
0.429012 -0.303676
0.46142 -0.305434
0.441358 -0.307668
0.391975 -0.308951
0.412037 -0.30924
0.395062 -0.309685
0.41358 -0.309674
0.359568 -0.309308
0.408951 -0.309031
0.359568 -0.308612
0.350309 -0.30809
0.344136 -0.307041
0.350309 -0.305861
0.385802 -0.304821
0.391975 -0.303501
0.362654 -0.302396
0.367284 -0.301259
0.408951 -0.300098
0.385802 -0.299091
0.381173 -0.297336
0.362654 -0.295988
0.387346 -0.29447
0.367284 -0.293431
0.396605 -0.292491
0.382716 -0.291434
0.359568 -0.289684
0.365741 -0.287574
0.398148 -0.285652
0.37963 -0.28393
0.375 -0.282416
0.401235 -0.280777
0.376543 -0.278932
0.33179 -0.276743
0.322531 -0.275516
0.324074 -0.27372
0.283951 -0.271896
0.32716 -0.269896
0.348765 -0.267801
0.337963 -0.264991
0.342593 -0.262869
0.322531 -0.2611
0.319444 -0.259575
0.319444 -0.257997
0.356481 -0.256978
0.341049 -0.255196
0.320988 -0.252887
0.277778 -0.250524
0.317901 -0.248009
0.294753 -0.245723
0.351852 -0.243554
0.37963 -0.242037
0.421296 -0.240544
0.424383 -0.239058
0.404321 -0.23772
0.41358 -0.236197
0.404321 -0.234285
0.424383 -0.232149
0.398148 -0.229721
0.387346 -0.227085
0.416667 -0.223856
0.449074 -0.22072
0.442901 -0.217811
0.455247 -0.21535
0.42284 -0.213519
0.407407 -0.211426
0.390432 -0.209478
0.385802 -0.207659
0.368827 -0.205975
0.393519 -0.204101
0.444444 -0.202478
0.487654 -0.200901
0.479938 -0.199553
0.462963 -0.19825
0.501543 -0.197391
0.487654 -0.196543
0.549383 -0.195406
0.509259 -0.19386
0.537037 -0.192488
0.567901 -0.191017
0.529321 -0.189299
0.50463 -0.187036
0.476852 -0.184831
0.470679 -0.183136
0.512346 -0.182168
0.529321 -0.180825
0.530864 -0.178929
0.516975 -0.177032
0.510802 -0.175262
0.489198 -0.173611
0.472222 -0.172199
0.479938 -0.170888
0.429012 -0.169606
0.439815 -0.167477
0.438272 -0.165349
0.447531 -0.163592
0.45216 -0.161698
0.45216 -0.159277
0.385802 -0.157307
0.375 -0.154251
0.302469 -0.151335
0.276235 -0.148749
0.302469 -0.146544
0.308642 -0.144149
0.345679 -0.141261
0.385802 -0.138068
0.388889 -0.13517
0.391975 -0.132107
0.353395 -0.129364
0.367284 -0.126095
0.342593 -0.122481
0.350309 -0.118727
0.37963 -0.114521
0.385802 -0.110003
0.41358 -0.10572
0.395062 -0.10178
0.388889 -0.0976852
0.396605 -0.0941032
0.402778 -0.0904614
0.361111 -0.0873455
0.317901 -0.0832546
0.310185 -0.0792773
0.324074 -0.0755447
0.310185 -0.071705
0.302469 -0.0678387
0.317901 -0.0637842
0.337963 -0.0589153
0.359568 -0.0543659
0.348765 -0.0503946
0.384259 -0.0465097
0.41358 -0.04217
0.354938 -0.0383078
0.391975 -0.0341261
0.41358 -0.0306405
0.432099 -0.0273068
0.45216 -0.0240179
0.442901 -0.0211998
0.450617 -0.0179823
0.450617 -0.0151032
0.408951 -0.0132097
0.41821 -0.0112577
0.425926 -0.00954439
0.429012 -0.00835439
0.402778 -0.00654266
0.348765 -0.00482559
0.32716 -0.00300347
0.359568 -0.00117967
0.378086 0.000644861
0.408951 0.00215227
0.433642 0.00354898
0.464506 0.00443652
0.442901 0.00469308
0.45216 0.00556136
0.444444 0.00662365
0.425926 0.00769842
0.376543 0.0085471
0.402778 0.0100271
0.432099 0.0113118
0.432099 0.0122189
0.404321 0.0131341
0.407407 0.013559
0.424383 0.0136689
0.416667 0.014225
0.41358 0.0150247
0.449074 0.0161186
0.501543 0.0173196
0.521605 0.0175393
0.584877 0.016837
0.532407 0.0166133
0.516975 0.016486
0.496914 0.0166915
0.554012 0.0162585
0.609568 0.0159357
0.62037 0.0161481
0.651235 0.017179
0.682099 0.0182893
0.66821 0.0195213
0.649691 0.0202759
0.618827 0.0206342
0.66821 0.0206822
0.635802 0.020551
0.660494 0.0201591
0.665123 0.0205471
0.716049 0.0206214
0.716049 0.0200867
0.692901 0.0200077
0.694444 0.0192025
0.689815 0.0185614
0.671296 0.0180667
0.666667 0.0170232
0.692901 0.015483
0.669753 0.013868
0.70216 0.0130195
0.669753 0.0119158
0.651235 0.0104588
0.634259 0.0097132
0.592593 0.00950668
0.58179 0.00887567
0.574074 0.00845322
0.606481 0.00774521
0.591049 0.00676179
0.58642 0.00607037
0.575617 0.00522212
0.583333 0.00469576
0.54784 0.00482853
0.564815 0.00524368
0.58642 0.00536405
0.546296 0.00514196
0.560185 0.00483342
0.615741 0.00470611
0.583333 0.00495317
0.584877 0.00560984
0.614198 0.00593916
0.615741 0.00604227
0.631173 0.00569001
0.632716 0.00554922
0.617284 0.00536044
0.604938 0.00473696
0.580247 0.00446206
0.57716 0.0047044
0.594136 0.00455289
0.654321 0.0049129
0.648148 0.00521457
0.649691 0.00576381
0.608025 0.0057688
0.654321 0.00507331
0.628086 0.00393538
0.611111 0.00272214
0.589506 0.00179663
0.561728 0.000853873
0.552469 -0.000143438
0.533951 -0.00117468
0.54784 -0.00209597
0.58179 -0.0030307
0.587963 -0.00404075
0.570988 -0.0048516
0.533951 -0.00551238
0.530864 -0.00628065
0.575617 -0.00746727
0.592593 -0.00858111
0.662037 -0.00979452
0.643519 -0.0102041
0.632716 -0.0100856
0.641975 -0.0103918
0.603395 -0.0106103
0.57716 -0.0111657
0.580247 -0.0119537
0.561728 -0.0128442
0.583333 -0.0134186
0.589506 -0.0141483
0.558642 -0.0150795
0.530864 -0.0157511
0.537037 -0.0162191
0.601852 -0.0170151
0.612654 -0.0186199
0.603395 -0.0197145
0.62037 -0.0211355
0.603395 -0.0229169
0.598765 -0.0244074
0.608025 -0.0253172
0.592593 -0.0257347
0.621914 -0.0259219
0.591049 -0.0262591
0.533951 -0.0267469
0.512346 -0.0272056
0.524691 -0.0276631
0.557099 -0.0285547
0.574074 -0.029585
0.537037 -0.0307253
0.570988 -0.0315376
0.574074 -0.0318791
0.570988 -0.0315114
0.58642 -0.0313419
0.600309 -0.0319895
0.62037 -0.0325361
0.648148 -0.0327743
0.632716 -0.0333739
0.603395 -0.0337879
0.597222 -0.0341708
0.58642 -0.0352221
0.604938 -0.0354999
0.592593 -0.0363192
0.561728 -0.0368966
0.595679 -0.0376436
0.578704 -0.0378931
0.572531 -0.0382266
0.564815 -0.0380615
0.563272 -0.0377538
0.552469 -0.0378272
0.564815 -0.0378369
0.598765 -0.0382076
0.634259 -0.0386356
0.645062 -0.0388251
0.648148 -0.0384346
0.625 -0.0383069
0.623457 -0.0382265
0.628086 -0.0386639
0.655864 -0.0393179
0.62037 -0.0399602
0.566358 -0.0410905
0.561728 -0.0424803
0.544753 -0.0433506
0.527778 -0.0446362
0.453704 -0.0455767
0.45679 -0.0467176
0.442901 -0.0477994
0.444444 -0.0487483
0.410494 -0.0493947
0.368827 -0.049455
0.373457 -0.0496033
0.358025 -0.0500937
0.42284 -0.0502528
0.424383 -0.0499029
0.404321 -0.0492878
0.398148 -0.0489196
0.404321 -0.0488946
0.401235 -0.0488797
0.402778 -0.0490614
0.430556 -0.0483745
0.399691 -0.048225
0.375 -0.0481135
0.365741 -0.0481086
0.351852 -0.0486839
0.395062 -0.0496643
0.358025 -0.0502499
0.310185 -0.0507894
0.314815 -0.0513123
0.344136 -0.0522224
0.333333 -0.0528241
0.328704 -0.0538154
0.387346 -0.0542545
0.373457 -0.054805
0.358025 -0.056219
0.305556 -0.0572429
0.294753 -0.0580479
0.290123 -0.0591616
0.260802 -0.0604079
0.28858 -0.0615752
0.217593 -0.0631095
0.200617 -0.06442
0.16821 -0.0653167
0.114198 -0.0661914
0.104938 -0.0667576
0.0817901 -0.0680251
0.151235 -0.069801
0.145062 -0.0717899
0.117284 -0.073532
0.0848765 -0.0753061
0.0817901 -0.0771626
0.12037 -0.0788954
0.194444 -0.0813709
0.186728 -0.0834781
0.20216 -0.0852342
0.203704 -0.0870093
0.236111 -0.0888738
0.226852 -0.090188
0.216049 -0.0914636
0.199074 -0.092365
0.214506 -0.0931113
0.194444 -0.0934422
0.256173 -0.0942792
0.257716 -0.0951636
0.239198 -0.0960372
0.222222 -0.0972832
0.240741 -0.0980847
0.237654 -0.0989223
0.191358 -0.099811
0.162037 -0.100337
0.192901 -0.101518
0.151235 -0.102826
0.0987654 -0.104101
0.12037 -0.105057
0.0987654 -0.105798
0.100309 -0.106257
0.0462963 -0.106995
0.0833333 -0.108018
0.135802 -0.108309
0.108025 -0.108284
0.106481 -0.10789
0.0833333 -0.107537
0.0617284 -0.107402
0.095679 -0.107088
0.0478395 -0.107027
0.087963 -0.106972
0.100309 -0.106605
0.154321 -0.106545
0.174383 -0.106668
0.128086 -0.107087
0.138889 -0.107004
0.128086 -0.106705
0.108025 -0.10621
0.0864198 -0.105402
0.0462963 -0.105567
0.0169753 -0.10572
0.0246914 -0.105795
0.0108025 -0.10581
0.037037 -0.105719
0.0108025 -0.105202
0.0231481 -0.104659
0.0200617 -0.104095
0.0169753 -0.103247
0.00154321 -0.102078
0.0138889 -0.101329
0.0231481 -0.100313
0.0169753 -0.0993693
0.0385802 -0.0984513
0.00308642 -0.0970985
0.00308642 -0.0951106
0.00925926 -0.0929081
0 -0.0906079
0.00771605 -0.0889069
0.00462963 -0.0872902
0.0154321 -0.0864534
0.0324074 -0.0854853
0.0339506 -0.0850424
0.0617284 -0.0847759
0.058642 -0.0844019
0.0401235 -0.0837872
0.00925926 -0.0833206
0.0540123 -0.0830235
0.0462963 -0.0828158
0.0216049 -0.0824153
0.0262346 -0.0819961
0.037037 -0.0820584
0.0401235 -0.0809268
0.0200617 -0.0798025
0.0154321 -0.0785941
0.0462963 -0.0768282
0.0740741 -0.0755926
0.0509259 -0.0743609
0.0601852 -0.0727349
0.0493827 -0.071525
0.0570988 -0.0697574
0.0524691 -0.0684514
0.0108025 -0.06631
0.0169753 -0.0643649
0.0617284 -0.0624983
0.0756173 -0.0603542
0.0740741 -0.0577396
0.0648148 -0.0544108
0.0401235 -0.0516801
0.0725309 -0.0491823
0.0339506 -0.0469554
0.0308642 -0.0444327
0 -0.0424641
0.0262346 -0.0404688
0.00462963 -0.0385756
0.00154321 -0.0362809
0.0308642 -0.0345932
0.00617284 -0.0327233
0.00925926 -0.0305869
0.0385802 -0.0286848
0.0833333 -0.0267461
0.0833333 -0.0244545
0.0632716 -0.0225912
0.0462963 -0.0213387
0.0570988 -0.0193792
0.0216049 -0.0171446
0.0154321 -0.0145323
0.00154321 -0.0116671
0.0354938 -0.00846572
0.0123457 -0.00604655
0.066358 -0.00422006
0.0648148 -0.00272069
0.0895062 -0.00106423
0.0524691 4.04434e-05
0.0601852 0.0013001
0.0787037 0.0026906
0.0493827 0.0040629
0.0694444 0.00516903
0.066358 0.00592333
0.0709877 0.00654415
0.0910494 0.00667254
0.0740741 0.00622944
0.0725309 0.00613914
0.0246914 0.0064474
0.0478395 0.00669426
0.0138889 0.00715749
0.0354938 0.00741381
0.0185185 0.00828789
0.029321 0.00937274
0.0540123 0.00980947
0.0725309 0.0101047
0.0462963 0.0104225
0.0987654 0.0103071
0.0864198 0.0107312
0.0972222 0.0109035
0.103395 0.0113933
0.108025 0.0117721
0.140432 0.0121895
0.169753 0.0118976
0.162037 0.0118842
0.141975 0.011687
0.157407 0.0107313
0.228395 0.00978812
0.219136 0.00963875
0.212963 0.0103474
0.231481 0.0108432
0.177469 0.0116528
0.171296 0.0121233
0.135802 0.0130132
0.171296 0.0135297
0.128086 0.013042
0.137346 0.0120188
0.200617 0.0111497
0.220679 0.0105981
0.274691 0.0107428
0.265432 0.0104435
0.24537 0.00973365
0.233025 0.00915403
0.263889 0.00889476
0.256173 0.00797294
0.217593 0.00716357
0.203704 0.00662028
0.226852 0.00588878
0.203704 0.00506924
0.195988 0.00377491
0.194444 0.00265218
0.236111 0.0012086
0.229938 0.000538472
0.200617 -0.000247454
0.143519 -0.000421941
0.132716 -0.000895226
0.138889 -0.000824643
0.138889 -0.000836259
0.141975 -0.000841845
0.135802 -0.000749081
0.155864 -0.000278848
0.134259 0.000417813
0.0972222 0.000578032
0.149691 0.000611843
0.191358 9.67902e-05
0.217593 -0.000424926
0.226852 -0.000566686
0.226852 -0.000833472
0.195988 -0.00126894
0.205247 -0.00152758
0.200617 -0.0018059
0.217593 -0.00204455
0.214506 -0.00254701
0.209877 -0.00333421
0.240741 -0.00382062
0.277778 -0.004008
0.243827 -0.00411008
0.234568 -0.00448796
0.266975 -0.00409556
0.317901 -0.00387725
0.33642 -0.00380585
0.322531 -0.00445897
0.387346 -0.00559054
0.442901 -0.00650394
0.435185 -0.00732618
0.432099 -0.0085056
0.408951 -0.00893836
0.45216 -0.00989558
0.458333 -0.0107995
0.475309 -0.0119606
0.509259 -0.0124702
0.523148 -0.0136363
0.493827 -0.0153112
0.498457 -0.0167928
0.496914 -0.0181398
0.493827 -0.019386
0.483025 -0.0215504
0.475309 -0.0235877
0.510802 -0.0252795
0.479938 -0.0270973
0.469136 -0.0290408
0.489198 -0.0307727
0.498457 -0.032513
0.458333 -0.0339022
0.473765 -0.0347138
0.472222 -0.0357959
0.476852 -0.0369407
0.493827 -0.0376953
0.516975 -0.0385463
0.498457 -0.0387396
0.506173 -0.0396984
0.513889 -0.0411524
0.550926 -0.0421763
0.535494 -0.0436359
0.49537 -0.045261
0.498457 -0.0467032
0.530864 -0.0479042
0.563272 -0.0490628
0.521605 -0.0504309
0.523148 -0.0515361
0.546296 -0.052926
0.509259 -0.0544096
0.540123 -0.0552777
0.530864 -0.0564182
0.520062 -0.0577373
0.550926 -0.059183
0.501543 -0.0604878
0.523148 -0.0621592
0.50463 -0.0635038
0.554012 -0.0642511
0.567901 -0.0653846
0.578704 -0.0662596
0.580247 -0.0675609
0.591049 -0.0692082
0.612654 -0.0700689
0.594136 -0.0709759
0.540123 -0.0716758
0.557099 -0.0725492
0.544753 -0.0734464
0.527778 -0.0740355
0.561728 -0.0749565
0.570988 -0.0761263
0.549383 -0.0772652
0.594136 -0.0782093
0.598765 -0.0791607
0.592593 -0.0792192
0.550926 -0.0790793
0.572531 -0.0792091
0.584877 -0.0795939
0.569444 -0.0799489
0.592593 -0.0808888
0.62037 -0.0814607
0.614198 -0.0812468
0.572531 -0.0815954
0.520062 -0.0814143
0.526235 -0.0805303
0.513889 -0.0797176
0.557099 -0.0794982
0.603395 -0.0795892
0.651235 -0.0806522
0.665123 -0.0824236
0.666667 -0.0843535
0.655864 -0.0861132
0.621914 -0.0874973
0.615741 -0.088857
0.625 -0.090782
0.632716 -0.0925534
0.62963 -0.0941265
0.608025 -0.0957667
0.614198 -0.0970558
0.651235 -0.09833
0.654321 -0.0997521
0.692901 -0.100937
0.695988 -0.102201
0.665123 -0.103649
0.66358 -0.105483
0.657407 -0.106979
0.643519 -0.108813
0.645062 -0.110656
0.617284 -0.11217
0.651235 -0.113381
0.612654 -0.115409
0.600309 -0.117146
0.595679 -0.118512
0.594136 -0.119831
0.618827 -0.120379
0.592593 -0.121469
0.595679 -0.122675
0.646605 -0.123809
0.634259 -0.124854
0.615741 -0.126511
0.603395 -0.128167
0.566358 -0.12995
0.560185 -0.131306
0.567901 -0.132232
0.54321 -0.133091
0.555556 -0.133527
0.554012 -0.133593
0.513889 -0.133304
0.513889 -0.132954
0.529321 -0.133004
0.555556 -0.133386
0.550926 -0.133368
0.513889 -0.133417
0.503086 -0.133372
0.503086 -0.133864
0.530864 -0.134863
0.498457 -0.135343
0.513889 -0.135729
0.520062 -0.136348
0.492284 -0.137418
0.513889 -0.137701
0.496914 -0.137973
0.496914 -0.13778
0.470679 -0.137646
0.476852 -0.137255
0.489198 -0.136453
0.455247 -0.135813
0.447531 -0.135112
0.430556 -0.133829
0.405864 -0.132651
0.467593 -0.131227
0.453704 -0.130046
0.481481 -0.128541
0.5 -0.127696
0.507716 -0.126896
0.487654 -0.12619
0.450617 -0.125104
0.469136 -0.12439
0.416667 -0.123422
0.401235 -0.122308
0.402778 -0.121178
0.408951 -0.120028
0.405864 -0.119176
0.381173 -0.118526
0.402778 -0.118302
0.390432 -0.118093
0.391975 -0.117871
0.359568 -0.117315
0.396605 -0.117359
0.399691 -0.117019
0.361111 -0.116671
0.341049 -0.116196
0.367284 -0.115218
0.364198 -0.113904
0.398148 -0.112439
0.398148 -0.11134
0.449074 -0.11005
0.412037 -0.109171
0.425926 -0.107841
0.421296 -0.10722
0.421296 -0.106595
0.429012 -0.106292
0.433642 -0.106289
0.388889 -0.106199
0.402778 -0.105879
0.398148 -0.105192
0.378086 -0.104364
0.419753 -0.103583
0.382716 -0.102563
0.356481 -0.100767
0.345679 -0.099103
0.376543 -0.0963701
0.396605 -0.094039
0.396605 -0.0921042
0.410494 -0.0902987
0.439815 -0.0895912
0.455247 -0.0889669
0.416667 -0.0879176
0.407407 -0.0868564
0.399691 -0.0857679
0.395062 -0.0853236
0.402778 -0.0842493
0.402778 -0.0830364
0.433642 -0.0814505
0.438272 -0.0794454
0.459877 -0.0775454
0.478395 -0.0760868
0.493827 -0.0747746
0.492284 -0.0744369
0.490741 -0.0735495
0.49537 -0.0720355
0.493827 -0.0713688
0.453704 -0.0702591
0.438272 -0.0693176
0.424383 -0.0679733
0.37963 -0.066727
0.41358 -0.0654414
0.395062 -0.0640624
0.353395 -0.0620826
0.362654 -0.0599991
0.330247 -0.0581012
0.341049 -0.0563709
0.359568 -0.0539246
0.313272 -0.0509951
0.364198 -0.0491236
0.344136 -0.0476313
0.296296 -0.0469234
0.29321 -0.0466965
0.351852 -0.0465869
0.307099 -0.0466391
0.344136 -0.0462741
0.314815 -0.0462429
0.33179 -0.0459906
0.344136 -0.0459937
0.353395 -0.046392
0.33642 -0.0469808
0.342593 -0.0476266
0.334877 -0.0486057
0.313272 -0.0492517
0.294753 -0.0497732
0.266975 -0.0502321
0.296296 -0.0512219
0.263889 -0.052005
0.242284 -0.0529923
0.282407 -0.0541528
0.291667 -0.0556469
0.283951 -0.0570065
0.25 -0.0579142
0.24537 -0.0583632
0.257716 -0.0585712
0.270062 -0.0580626
0.324074 -0.0575205
0.351852 -0.0583449
0.368827 -0.0588823
0.348765 -0.0597003
0.348765 -0.0608749
0.32716 -0.0622525
0.339506 -0.0636793
0.341049 -0.0655381
0.279321 -0.0678916
0.324074 -0.0697479
0.33179 -0.0709998
0.285494 -0.0724138
0.307099 -0.0742066
0.308642 -0.0757049
0.317901 -0.0771742
0.322531 -0.079333
0.328704 -0.0820677
0.314815 -0.0850702
0.330247 -0.0880099
0.32716 -0.0904446
0.320988 -0.0933154
0.324074 -0.0963843
0.268519 -0.100274
0.276235 -0.10508
0.263889 -0.109375
0.248457 -0.113214
0.205247 -0.116904
0.20679 -0.120186
0.282407 -0.122848
0.322531 -0.125524
0.351852 -0.127462
0.365741 -0.129513
0.348765 -0.131667
0.353395 -0.133383
0.320988 -0.134985
0.345679 -0.136402
0.33642 -0.137785
0.339506 -0.139125
0.325617 -0.140611
0.314815 -0.141596
0.311728 -0.141938
0.302469 -0.143066
0.277778 -0.14452
0.256173 -0.145635
0.273148 -0.146591
0.311728 -0.147497
0.29784 -0.148415
0.296296 -0.149968
0.310185 -0.151768
0.280864 -0.153632
0.304012 -0.15581
0.322531 -0.158866
0.320988 -0.161513
0.313272 -0.164757
0.29321 -0.167658
0.280864 -0.169658
0.299383 -0.171693
0.29784 -0.173751
0.322531 -0.17528
0.242284 -0.176501
0.216049 -0.177768
0.212963 -0.17907
0.229938 -0.180834
0.248457 -0.182909
0.219136 -0.184512
0.205247 -0.185827
0.277778 -0.187405
0.294753 -0.188769
0.304012 -0.190315
0.308642 -0.191876
0.350309 -0.193478
0.367284 -0.195175
0.37963 -0.196641
0.435185 -0.197805
0.455247 -0.19864
0.475309 -0.199707
0.462963 -0.20025
0.503086 -0.200452
0.526235 -0.200527
0.487654 -0.200607
0.481481 -0.200792
0.487654 -0.201852
0.478395 -0.202553
0.492284 -0.20356
0.5 -0.203284
0.524691 -0.203434
0.540123 -0.203699
0.569444 -0.203662
0.592593 -0.203469
0.608025 -0.203417
0.597222 -0.203528
0.561728 -0.203863
0.540123 -0.204325
0.5 -0.204512
0.558642 -0.203992
0.569444 -0.203151
0.58179 -0.203172
0.57716 -0.203034
0.570988 -0.202416
0.555556 -0.202766
0.530864 -0.203321
0.487654 -0.203975
0.506173 -0.204613
0.521605 -0.205278
0.492284 -0.20542
0.483025 -0.205188
0.46142 -0.204643
0.5 -0.20362
0.464506 -0.203018
0.429012 -0.202303
0.441358 -0.201951
0.467593 -0.201964
0.464506 -0.201524
0.498457 -0.201602
0.449074 -0.202147
0.466049 -0.20209
0.481481 -0.201937
0.464506 -0.20212
0.424383 -0.202336
0.407407 -0.202241
0.378086 -0.202197
0.375 -0.202334
0.378086 -0.201883
0.361111 -0.201593
0.317901 -0.200841
0.300926 -0.199389
0.28858 -0.19827
0.277778 -0.197083
0.263889 -0.195455
0.268519 -0.194342
0.296296 -0.192325
0.283951 -0.190192
0.307099 -0.18815
0.300926 -0.186796
0.283951 -0.185383
0.29784 -0.184208
0.330247 -0.182423
0.325617 -0.18087
0.334877 -0.178933
0.310185 -0.177488
0.353395 -0.175992
0.354938 -0.175409
0.371914 -0.175011
0.412037 -0.174877
0.453704 -0.173366
0.41821 -0.172109
0.45679 -0.170675
0.433642 -0.169682
0.441358 -0.168781
0.445988 -0.167222
0.487654 -0.166232
0.481481 -0.165201
0.462963 -0.163939
0.493827 -0.16145
0.498457 -0.159368
0.492284 -0.156858
0.513889 -0.154658
0.484568 -0.152701
0.476852 -0.150852
0.405864 -0.149845
0.388889 -0.148544
0.361111 -0.147201
0.356481 -0.145482
0.364198 -0.143976
0.334877 -0.142712
0.280864 -0.141435
0.280864 -0.139919
0.268519 -0.138267
0.287037 -0.137062
0.285494 -0.135595
0.296296 -0.134154
0.283951 -0.132398
0.294753 -0.130712
0.279321 -0.128138
0.243827 -0.125321
0.253086 -0.122581
0.231481 -0.120028
0.209877 -0.117072
0.216049 -0.114874
0.149691 -0.112988
0.111111 -0.111246
0.109568 -0.109542
0.152778 -0.107623
0.189815 -0.10553
0.197531 -0.103756
0.212963 -0.102092
0.233025 -0.100735
0.248457 -0.0997168
0.242284 -0.0990869
0.243827 -0.0991577
0.263889 -0.100214
0.239198 -0.101236
0.239198 -0.101691
0.189815 -0.101831
0.216049 -0.1016
0.253086 -0.101207
0.259259 -0.101569
0.208333 -0.101792
0.179012 -0.101906
0.16358 -0.10255
0.186728 -0.10295
0.158951 -0.102603
0.128086 -0.102548
0.0972222 -0.102766
0.0848765 -0.103264
0.0864198 -0.103688
0.111111 -0.103942
0.155864 -0.103957
0.145062 -0.103909
0.137346 -0.104726
0.143519 -0.105261
0.114198 -0.105295
0.121914 -0.105272
0.149691 -0.105053
0.138889 -0.104734
0.138889 -0.103659
0.134259 -0.102718
0.149691 -0.101664
0.106481 -0.100736
0.115741 -0.100168
0.101852 -0.0998927
0.12963 -0.0990855
0.109568 -0.09828
0.109568 -0.0977668
0.095679 -0.0970859
0.143519 -0.0968502
0.095679 -0.0957676
0.108025 -0.0947363
0.095679 -0.0938985
0.0817901 -0.0931962
0.0833333 -0.0921241
0.137346 -0.0909744
0.103395 -0.0899539
0.128086 -0.0886417
0.12037 -0.0873948
0.118827 -0.0866609
0.115741 -0.0863107
0.154321 -0.0857987
0.20679 -0.0858671
0.16821 -0.086018
0.126543 -0.0862445
0.155864 -0.0864628
0.16358 -0.085772
0.16358 -0.0845557
0.182099 -0.08332
0.12963 -0.0825452
0.166667 -0.0822327
0.191358 -0.081208
0.169753 -0.0797175
0.205247 -0.0785758
0.16821 -0.0780342
0.182099 -0.0779821
0.209877 -0.0778265
0.239198 -0.0772128
0.214506 -0.0770492
0.216049 -0.0767214
0.191358 -0.0764649
0.225309 -0.0766762
0.216049 -0.0759309
0.183642 -0.0751583
0.182099 -0.0740985
0.231481 -0.0728273
0.240741 -0.0717254
0.179012 -0.071746
0.186728 -0.0714179
0.208333 -0.0710158
0.195988 -0.0713489
0.141975 -0.0718843
0.111111 -0.0717935
0.100309 -0.0719672
0.101852 -0.0726288
0.095679 -0.0726631
0.0895062 -0.072496
0.0817901 -0.0728387
0.104938 -0.0731221
0.0910494 -0.0727272
0.154321 -0.0731413
0.171296 -0.0738106
0.20216 -0.0745858
0.191358 -0.0749892
0.177469 -0.0756883
0.200617 -0.0763081
0.21142 -0.0762373
0.226852 -0.0766059
0.225309 -0.0776718
0.236111 -0.0786741
0.310185 -0.0795788
0.305556 -0.0801754
0.316358 -0.0802444
0.316358 -0.0807334
0.32716 -0.0818573
0.333333 -0.0833666
0.33179 -0.084711
0.33179 -0.0854704
0.305556 -0.0867258
0.314815 -0.087953
0.310185 -0.0895236
0.304012 -0.0905907
0.263889 -0.091599
0.259259 -0.0924927
0.233025 -0.0936581
0.307099 -0.0946179
0.290123 -0.0955774
0.317901 -0.0969268
0.299383 -0.097945
0.290123 -0.0985534
0.294753 -0.0988021
0.279321 -0.0981562
0.24537 -0.0974419
0.203704 -0.0960606
0.268519 -0.0953988
0.246914 -0.0940821
0.29784 -0.0929372
0.299383 -0.0917146
0.339506 -0.0908175
0.322531 -0.0898698
0.341049 -0.0901335
0.324074 -0.090757
0.330247 -0.0901029
0.29784 -0.0889899
0.302469 -0.0892443
0.299383 -0.0894275
0.311728 -0.0903224
0.328704 -0.0913292
0.290123 -0.0923237
0.328704 -0.0930729
0.311728 -0.0940107
0.341049 -0.0940103
0.302469 -0.0936215
0.287037 -0.0946068
0.291667 -0.0959116
0.319444 -0.0967577
0.291667 -0.0976573
0.334877 -0.0989901
0.304012 -0.100566
0.294753 -0.102207
0.28858 -0.104006
0.316358 -0.104782
0.325617 -0.104868
0.328704 -0.105392
0.294753 -0.10562
0.305556 -0.105663
0.283951 -0.106705
0.273148 -0.107734
0.287037 -0.108868
0.307099 -0.109983
0.276235 -0.111506
0.285494 -0.113365
0.322531 -0.115118
0.305556 -0.117097
0.330247 -0.119515
0.325617 -0.121431
0.368827 -0.123284
0.299383 -0.125279
0.344136 -0.126423
0.356481 -0.126847
0.367284 -0.127468
0.347222 -0.128477
0.33179 -0.129515
0.32716 -0.129604
0.314815 -0.129847
0.362654 -0.130516
0.344136 -0.132427
0.350309 -0.134285
0.373457 -0.136741
0.387346 -0.139208
0.351852 -0.142199
0.305556 -0.144944
0.271605 -0.148206
0.274691 -0.150394
0.271605 -0.151628
0.265432 -0.152414
0.265432 -0.153794
0.222222 -0.155041
0.205247 -0.157137
0.237654 -0.159146
0.20216 -0.160642
0.219136 -0.161783
0.192901 -0.162818
0.179012 -0.16329
0.141975 -0.164138
0.151235 -0.165249
0.148148 -0.166105
0.174383 -0.167405
0.179012 -0.168887
0.177469 -0.169632
0.169753 -0.170653
0.191358 -0.171515
0.174383 -0.172257
0.175926 -0.172386
0.16821 -0.173079
0.17284 -0.173845
0.182099 -0.175177
0.217593 -0.17693
0.236111 -0.179776
0.24537 -0.182126
0.251543 -0.184439
0.265432 -0.186658
0.274691 -0.187427
0.277778 -0.18787
0.32716 -0.187736
0.353395 -0.187231
0.319444 -0.187391
0.280864 -0.187337
0.314815 -0.187033
0.307099 -0.186798
0.294753 -0.186696
0.274691 -0.186128
0.24537 -0.184812
0.260802 -0.183709
0.263889 -0.181946
0.280864 -0.180417
0.225309 -0.180715
0.194444 -0.180727
0.229938 -0.180506
0.260802 -0.180317
0.262346 -0.179456
0.283951 -0.179551
0.294753 -0.179437
0.280864 -0.179626
0.285494 -0.179773
0.283951 -0.180301
0.276235 -0.18155
0.294753 -0.182367
0.268519 -0.18335
0.248457 -0.183198
0.246914 -0.182731
0.229938 -0.182216
0.25463 -0.181621
0.259259 -0.180604
0.25 -0.179367
0.233025 -0.178563
0.25 -0.178486
0.237654 -0.177832
0.236111 -0.176586
0.263889 -0.175253
0.259259 -0.173465
0.239198 -0.172178
0.256173 -0.170152
0.277778 -0.167635
0.233025 -0.165641
0.260802 -0.163515
0.279321 -0.161509
0.259259 -0.160008
0.266975 -0.157968
0.316358 -0.155337
0.280864 -0.152377
0.304012 -0.149098
0.358025 -0.145934
0.37037 -0.142943
0.368827 -0.140872
0.290123 -0.137727
0.310185 -0.135659
0.310185 -0.133826
0.314815 -0.131781
0.291667 -0.129931
0.291667 -0.127758
0.234568 -0.125773
0.20679 -0.123549
0.177469 -0.121803
0.177469 -0.120325
0.128086 -0.118036
0.0987654 -0.115557
0.106481 -0.113544
0.126543 -0.110564
0.111111 -0.107344
0.095679 -0.104336
0.126543 -0.101702
0.095679 -0.0995542
0.095679 -0.0972203
0.087963 -0.0950547
0.066358 -0.0924498
0.101852 -0.0897999
0.0401235 -0.0862909
0.0524691 -0.0826829
0.0200617 -0.0783465
0.0401235 -0.0735788
0.0308642 -0.069615
0.0462963 -0.0656548
0.037037 -0.0621178
0 -0.0583116
0.0138889 -0.0542496
0.0216049 -0.05041
0.037037 -0.0467488
0.00771605 -0.0430466
0.0200617 -0.0391501
0.0123457 -0.0354964
0.0216049 -0.032188
0.0108025 -0.028956
0.0401235 -0.0263668
0.0138889 -0.0236118
0.0108025 -0.0204433
0.0385802 -0.0166811
0.0216049 -0.0124137
0.00462963 -0.00787997
0.00154321 -0.00263251
0.0231481 0.00242324
0.00462963 0.00700486
0.00771605 0.0107069
0.00462963 0.0143827
0.0308642 0.0178158
0.0231481 0.0212171
0.0108025 0.0243118
0.0478395 0.0271737
0.0694444 0.0289337
0.100309 0.0301193
0.0941358 0.0313742
0.0802469 0.0327857
0.0277778 0.0340492
0.0216049 0.0356112
0.0447531 0.0368452
0.0787037 0.038624
0.0709877 0.0401795
0.066358 0.0412621
0.111111 0.0427737
0.145062 0.0440342
0.12037 0.0450961
0.152778 0.0458128
0.151235 0.045986
0.109568 0.0468668
0.148148 0.0482003
0.189815 0.0499094
0.154321 0.0509887
0.109568 0.0514968
0.066358 0.0537394
0.0925926 0.0552845
0.0694444 0.0567117
0.0509259 0.0580324
0.066358 0.0594138
0.0694444 0.0599233
0.0756173 0.060214
0.0972222 0.0611168
0.0709877 0.0616709
0.029321 0.0626812
0.0648148 0.0639323
0.100309 0.064897
0.123457 0.0663606
0.0972222 0.0683416
0.143519 0.0702848
0.171296 0.0720435
0.223765 0.0731255
0.208333 0.0742407
0.183642 0.0755617
0.219136 0.0768378
0.225309 0.0793004
0.152778 0.0806355
0.183642 0.0824341
0.17284 0.0852216
0.112654 0.0880419
0.158951 0.0902456
0.158951 0.0918445
0.171296 0.0927939
0.145062 0.0937825
0.146605 0.0959224
0.174383 0.0986772
0.195988 0.101485
0.239198 0.103995
0.274691 0.107191
0.225309 0.110808
0.200617 0.113687
0.162037 0.115556
0.145062 0.117039
0.108025 0.11875
0.104938 0.121614
0.132716 0.124847
0.121914 0.128307
0.189815 0.132025
0.141975 0.136206
0.188272 0.139502
0.205247 0.142754
0.16821 0.146398
0.203704 0.150232
0.231481 0.153861
0.265432 0.156743
0.25 0.159987
0.246914 0.16297
0.195988 0.165079
0.236111 0.165724
0.208333 0.165645
0.21142 0.165688
0.216049 0.166124
0.274691 0.165828
0.302469 0.165902
0.325617 0.165888
0.375 0.166876
0.333333 0.168926
0.328704 0.170945
0.347222 0.172506
0.361111 0.17392
0.333333 0.175245
0.353395 0.1766
0.388889 0.178229
0.402778 0.180396
0.350309 0.182943
0.285494 0.184553
0.271605 0.186611
0.299383 0.189307
0.345679 0.191914
0.344136 0.194277
0.334877 0.196855
0.324074 0.199614
0.29321 0.202417
0.341049 0.205727
0.330247 0.208428
0.333333 0.211732
0.285494 0.214348
0.256173 0.216485
0.25 0.217636
0.277778 0.218467
0.279321 0.219316
0.307099 0.219716
0.320988 0.220225
0.28858 0.220527
0.294753 0.220777
0.283951 0.221609
0.277778 0.222026
0.311728 0.223003
0.310185 0.22364
0.328704 0.223863
0.334877 0.224344
0.334877 0.225051
0.342593 0.22562
0.368827 0.225531
0.385802 0.224533
0.351852 0.222899
0.299383 0.220673
0.334877 0.218386
0.320988 0.215784
0.345679 0.21375
0.347222 0.21212
0.348765 0.210347
0.387346 0.208021
0.361111 0.205854
0.373457 0.202948
0.376543 0.199542
0.358025 0.196353
0.33179 0.193386
0.316358 0.189942
0.246914 0.18718
0.21142 0.184231
0.180556 0.180999
0.179012 0.177358
0.21142 0.174447
0.228395 0.171079
0.237654 0.167381
0.226852 0.164307
0.223765 0.161465
0.205247 0.158948
0.20679 0.15727
0.214506 0.155228
0.223765 0.152674
0.220679 0.150267
0.260802 0.147228
0.290123 0.144559
0.325617 0.141384
0.316358 0.138097
0.277778 0.13493
0.314815 0.132342
0.316358 0.130074
0.294753 0.127215
0.290123 0.124831
0.268519 0.12199
0.277778 0.119343
0.28858 0.116685
0.29784 0.113391
0.317901 0.110107
0.25 0.107052
0.214506 0.104672
0.225309 0.102841
0.231481 0.101586
0.175926 0.0991098
0.158951 0.096379
0.165123 0.0938172
0.199074 0.0915314
0.24537 0.088971
0.253086 0.0864378
0.300926 0.0848843
0.300926 0.0828996
0.223765 0.0811261
0.25 0.0792659
0.225309 0.0766692
0.197531 0.0743373
0.183642 0.0731712
0.154321 0.0705038
0.148148 0.0671485
0.17284 0.0642273
0.182099 0.0623534
0.21142 0.0603605
0.191358 0.0580364
0.174383 0.0560496
0.112654 0.0540248
0.087963 0.0528251
0.12037 0.0510254
0.177469 0.0494853
0.20216 0.0477987
0.188272 0.045761
0.169753 0.0440562
0.12037 0.0418597
0.117284 0.0394994
0.146605 0.0368033
0.12963 0.0339851
0.143519 0.0311884
0.118827 0.0291113
0.151235 0.0272102
0.162037 0.0248578
0.154321 0.0224638
0.165123 0.020329
0.145062 0.0181064
0.134259 0.0151147
0.137346 0.0124073
0.101852 0.00952615
0.12963 0.00589504
0.117284 0.00281872
0.149691 -0.000148591
0.138889 -0.00319849
0.111111 -0.00596687
0.0756173 -0.00746331
0.0709877 -0.00923287
0.145062 -0.0111999
0.143519 -0.0122295
0.195988 -0.013296
0.209877 -0.0144592
0.220679 -0.0156868
0.251543 -0.0164378
0.25463 -0.0167428
0.259259 -0.0175812
0.313272 -0.0188534
0.314815 -0.0211239
0.285494 -0.0230239
0.28858 -0.024487
0.257716 -0.0254209
0.24537 -0.0261505
0.282407 -0.0271133
0.266975 -0.0285079
0.239198 -0.0291327
0.189815 -0.0298475
0.194444 -0.029867
0.243827 -0.0291819
0.302469 -0.0291196
0.314815 -0.0281279
0.339506 -0.0269645
0.317901 -0.0255915
0.302469 -0.0237607
0.294753 -0.0231293
0.345679 -0.022154
0.33179 -0.0208764
0.328704 -0.0192759
0.354938 -0.018119
0.359568 -0.0170949
0.382716 -0.016138
0.402778 -0.0150081
0.381173 -0.0134462
0.385802 -0.0113273
0.396605 -0.00903565
0.348765 -0.00693792
0.37037 -0.00500725
0.388889 -0.00314784
0.324074 -0.000888375
0.328704 0.00148508
0.33642 0.00314447
0.320988 0.00445773
0.33179 0.00593524
0.342593 0.00825681
0.347222 0.00969238
0.382716 0.0109819
0.408951 0.0116727
0.410494 0.0122409
0.412037 0.0130425
0.384259 0.0139687
0.398148 0.015915
0.382716 0.017577
0.37963 0.0200032
0.373457 0.0222542
0.325617 0.0240626
0.341049 0.0256344
0.330247 0.0264576
0.365741 0.0268685
0.33642 0.0278911
0.350309 0.029162
0.365741 0.0303823
0.378086 0.0311714
0.399691 0.0317284
0.337963 0.0334353
0.371914 0.0354835
0.359568 0.0373615
0.376543 0.0393974
0.408951 0.0412549
0.388889 0.043658
0.347222 0.0465472
0.378086 0.0496574
0.358025 0.0525845
0.391975 0.0559208
0.401235 0.0590463
0.416667 0.0618168
0.458333 0.0639201
0.478395 0.0665367
0.509259 0.0691624
0.515432 0.0711496
0.524691 0.0726526
0.512346 0.0751519
0.523148 0.0772443
0.544753 0.0785323
0.523148 0.0806308
0.537037 0.0822827
0.533951 0.0838306
0.501543 0.0857309
0.554012 0.0865894
0.529321 0.0863658
0.54321 0.0858749
0.563272 0.0850326
0.58642 0.0842526
0.587963 0.0835714
0.617284 0.0830907
0.628086 0.0821477
0.643519 0.0810285
0.643519 0.0804571
0.612654 0.0790214
0.591049 0.0785086
0.597222 0.0776206
0.575617 0.0768903
0.540123 0.0753379
0.554012 0.0733871
0.54321 0.0713268
0.526235 0.0693621
0.561728 0.0678132
0.563272 0.0664187
0.530864 0.0649148
0.53858 0.0636184
0.487654 0.061907
0.529321 0.0600918
0.533951 0.0580187
0.561728 0.0564641
0.516975 0.0555268
0.506173 0.0552226
0.521605 0.0545635
0.516975 0.0549071
0.53858 0.0547813
0.512346 0.0544658
0.535494 0.0537821
0.546296 0.0531214
0.554012 0.0525859
0.552469 0.0525085
0.53858 0.0527074
0.569444 0.0527925
0.58179 0.0531613
0.618827 0.0534982
0.595679 0.05352
0.570988 0.0538591
0.549383 0.0540275
0.569444 0.0538509
0.560185 0.0539947
0.569444 0.0549488
0.609568 0.0554163
0.560185 0.0560384
0.591049 0.0561427
0.541667 0.0569458
0.564815 0.0574565
0.615741 0.0579501
0.634259 0.0571453
0.645062 0.0563599
0.652778 0.0568308
0.683642 0.0570401
0.679012 0.0573663
0.680556 0.0578845
0.640432 0.0579895
0.637346 0.0577133
0.643519 0.0564834
0.649691 0.0558021
0.635802 0.0558194
0.649691 0.0559807
0.714506 0.0556783
0.645062 0.0545334
0.662037 0.0536111
0.641975 0.0541046
0.66358 0.0537037
0.682099 0.0542095
0.683642 0.0535763
0.669753 0.0531704
0.70679 0.0526593
0.722222 0.0522336
0.675926 0.0517771
0.669753 0.0509606
0.654321 0.0492936
0.679012 0.0485589
0.686728 0.0484297
0.717593 0.0484637
0.736111 0.0479996
0.720679 0.0477453
0.739198 0.0468491
0.757716 0.0450437
0.726852 0.0435636
0.742284 0.0424328
0.751543 0.0410993
0.739198 0.0412469
0.742284 0.0413912
0.763889 0.040853
0.768519 0.039906
0.776235 0.039263
0.780864 0.0384941
0.779321 0.0374323
0.759259 0.0363826
0.757716 0.03479
0.768519 0.0332152
0.774691 0.0314786
0.773148 0.0290166
0.759259 0.0258431
0.737654 0.0236458
0.757716 0.0213225
0.757716 0.0186899
0.799383 0.0160033
0.79321 0.0137024
0.78858 0.0114326
0.804012 0.0080478
0.771605 0.00558971
0.785494 0.00281065
0.780864 0.000544774
0.78858 -0.00103115
0.753086 -0.00281312
0.768519 -0.00466683
0.776235 -0.00625195
0.794753 -0.00736545
0.785494 -0.00927334
0.770062 -0.0105619
0.765432 -0.0122874
0.779321 -0.0139682
0.768519 -0.0150462
0.771605 -0.0164891
0.742284 -0.0173919
0.743827 -0.0179991
0.740741 -0.0181291
0.728395 -0.0180918
0.70216 -0.0184993
0.692901 -0.0192217
0.646605 -0.0200877
0.671296 -0.0210088
0.686728 -0.0218656
0.686728 -0.0223293
0.682099 -0.0222237
0.66358 -0.0217152
0.62037 -0.021151
0.626543 -0.0210811
0.62963 -0.0212236
0.686728 -0.022565
0.683642 -0.0244344
0.691358 -0.0259601
0.623457 -0.0273835
0.631173 -0.0293648
0.615741 -0.0313363
0.612654 -0.0331805
0.637346 -0.0340934
0.592593 -0.0346867
0.569444 -0.0351124
0.564815 -0.0366765
0.537037 -0.0388298
0.560185 -0.0408596
0.530864 -0.0422577
0.537037 -0.0434051
0.533951 -0.0447563
0.521605 -0.0453
0.50463 -0.0461841
0.509259 -0.0477589
0.492284 -0.0486599
0.469136 -0.0490895
0.455247 -0.0488199
0.436728 -0.0481041
0.453704 -0.0479644
0.442901 -0.0483233
0.432099 -0.048449
0.444444 -0.0484544
0.479938 -0.0484013
0.489198 -0.0486635
0.490741 -0.0489512
0.526235 -0.0500408
0.54784 -0.0509987
0.530864 -0.0529302
0.483025 -0.0549793
0.487654 -0.0567815
0.486111 -0.057798
0.533951 -0.0590451
0.558642 -0.061161
0.561728 -0.0628527
0.53858 -0.0644955
0.544753 -0.0661816
0.570988 -0.0679468
0.58179 -0.069563
0.603395 -0.0711741
0.614198 -0.0724889
0.604938 -0.0742803
0.554012 -0.0751863
0.54784 -0.0750053
0.535494 -0.075538
0.527778 -0.0751733
0.558642 -0.0744226
0.546296 -0.0740375
0.541667 -0.0748924
0.603395 -0.0766486
0.609568 -0.079096
0.592593 -0.0821687
0.625 -0.0853423
0.595679 -0.0885949
0.618827 -0.0921831
0.625 -0.0954118
0.589506 -0.0977457
0.603395 -0.101346
0.58642 -0.105235
0.58642 -0.10893
0.569444 -0.112647
0.552469 -0.117123
0.54784 -0.121546
0.570988 -0.125412
0.563272 -0.128283
0.532407 -0.130654
0.532407 -0.133049
0.533951 -0.135019
0.555556 -0.137249
0.567901 -0.140669
0.574074 -0.142807
0.603395 -0.144069
0.541667 -0.145058
0.533951 -0.146332
0.54321 -0.148133
0.50463 -0.149432
0.526235 -0.150597
0.527778 -0.151355
0.532407 -0.152299
0.489198 -0.154323
0.506173 -0.155328
0.540123 -0.155953
0.496914 -0.156412
0.45216 -0.156542
0.458333 -0.155902
0.478395 -0.15568
0.561728 -0.155394
0.558642 -0.155698
0.558642 -0.1558
0.554012 -0.157399
0.546296 -0.158769
0.537037 -0.15949
0.54784 -0.160355
0.561728 -0.160826
0.570988 -0.161097
0.572531 -0.163225
0.569444 -0.165311
0.54784 -0.16757
0.54321 -0.168996
0.503086 -0.171816
0.523148 -0.173706
0.54784 -0.175718
0.54321 -0.178268
0.510802 -0.181228
0.490741 -0.183811
0.489198 -0.187006
0.45216 -0.190119
0.501543 -0.193314
0.507716 -0.197132
0.509259 -0.199597
0.509259 -0.202136
0.470679 -0.204668
0.49537 -0.206242
0.421296 -0.208541
0.415123 -0.210602
0.450617 -0.211939
0.459877 -0.212381
0.476852 -0.213483
0.492284 -0.213907
0.515432 -0.214576
0.510802 -0.215612
0.533951 -0.217984
0.540123 -0.220568
0.490741 -0.223258
0.533951 -0.226984
0.533951 -0.231265
0.554012 -0.23539
0.583333 -0.238248
0.57716 -0.240973
0.529321 -0.243557
0.566358 -0.24585
0.549383 -0.248767
0.58642 -0.251615
0.594136 -0.254761
0.591049 -0.257733
0.598765 -0.260143
0.603395 -0.262128
0.603395 -0.264548
0.58642 -0.265882
0.575617 -0.267897
0.609568 -0.269881
0.58179 -0.271198
0.560185 -0.272275
0.527778 -0.273538
0.529321 -0.274767
0.527778 -0.275657
0.541667 -0.276187
0.567901 -0.276291
0.623457 -0.275146
0.580247 -0.273405
0.554012 -0.271069
0.592593 -0.270034
0.529321 -0.269178
0.532407 -0.267349
0.567901 -0.265763
0.572531 -0.264999
0.541667 -0.263699
0.570988 -0.261739
0.567901 -0.259155
0.544753 -0.256268
0.58179 -0.252888
0.587963 -0.250543
0.54784 -0.248344
0.570988 -0.246621
0.540123 -0.244859
0.521605 -0.242988
0.533951 -0.241754
0.481481 -0.240365
0.469136 -0.238487
0.427469 -0.23554
0.41821 -0.23242
0.466049 -0.229963
0.467593 -0.228426
0.479938 -0.227131
0.493827 -0.225879
0.479938 -0.225072
0.487654 -0.223419
0.430556 -0.221067
0.41358 -0.219457
0.410494 -0.217214
0.405864 -0.214316
0.375 -0.212343
0.378086 -0.209819
0.399691 -0.209385
0.429012 -0.208715
0.432099 -0.20773
0.37963 -0.205902
0.348765 -0.204866
0.376543 -0.204589
0.385802 -0.204576
0.375 -0.204523
0.358025 -0.204253
0.378086 -0.203663
0.388889 -0.202669
0.436728 -0.201774
0.41821 -0.200087
0.453704 -0.198793
0.419753 -0.197453
0.393519 -0.194913
0.399691 -0.19223
0.398148 -0.189221
0.444444 -0.186394
0.387346 -0.182518
0.391975 -0.177898
0.421296 -0.173491
0.407407 -0.167825
0.412037 -0.162797
0.419753 -0.158697
0.385802 -0.153541
0.37037 -0.147557
0.378086 -0.141337
0.404321 -0.134418
0.430556 -0.127143
0.433642 -0.119723
0.445988 -0.112018
0.449074 -0.104509
0.427469 -0.0972256
0.399691 -0.0907665
0.405864 -0.0849229
0.376543 -0.0793348
0.324074 -0.0744637
0.378086 -0.069837
0.358025 -0.0656863
0.359568 -0.0617119
0.353395 -0.0576346
0.365741 -0.0532121
0.385802 -0.0501079
0.375 -0.0473199
0.364198 -0.04533
0.395062 -0.0421367
0.381173 -0.0384509
0.354938 -0.0356764
0.32716 -0.0317946
0.361111 -0.0285029
0.334877 -0.0256676
0.356481 -0.0231527
0.404321 -0.0207222
0.412037 -0.0174311
0.402778 -0.0139835
0.42284 -0.0111277
0.439815 -0.00825367
0.399691 -0.00388315
0.353395 0.0011209
0.33642 0.00498195
0.350309 0.00842372
0.361111 0.0118824
0.33642 0.0153583
0.304012 0.0191718
0.271605 0.0228674
0.259259 0.0263382
0.208333 0.0291588
0.200617 0.0314674
0.228395 0.0335427
0.248457 0.0354447
0.274691 0.0373557
0.29321 0.0382602
0.310185 0.03949
0.391975 0.0405159
0.393519 0.0417405
0.424383 0.042839
0.398148 0.0422301
0.393519 0.0399926
0.364198 0.03678
0.37037 0.0349686
0.361111 0.0329514
0.404321 0.0307631
0.401235 0.0295851
0.430556 0.0291121
0.404321 0.0288821
0.436728 0.0283565
0.42284 0.029295
0.424383 0.0296232
0.410494 0.0285896
0.362654 0.0274664
0.407407 0.0281842
0.358025 0.0284884
0.362654 0.0293981
0.368827 0.0297513
0.358025 0.0292237
0.388889 0.0283295
0.351852 0.0271184
0.324074 0.0264501
0.337963 0.0249588
0.382716 0.0232666
0.424383 0.0215496
0.388889 0.0206261
0.405864 0.0193003
0.438272 0.0198928
0.449074 0.0206678
0.483025 0.0202202
0.50463 0.0191903
0.462963 0.0171919
0.479938 0.0151748
0.487654 0.0130362
0.445988 0.011656
0.427469 0.00958399
0.395062 0.00751805
0.373457 0.00635918
0.364198 0.0042547
0.390432 0.000963696
0.356481 -0.00135304
0.345679 -0.00444216
0.344136 -0.00745624
0.348765 -0.0116359
0.316358 -0.0169844
0.33642 -0.0212942
0.316358 -0.0253556
0.285494 -0.0294651
0.256173 -0.0344993
0.231481 -0.040135
0.266975 -0.0453411
0.233025 -0.0511091
0.271605 -0.0559383
0.243827 -0.0600188
0.25463 -0.0641776
0.291667 -0.067235
0.259259 -0.0698339
0.291667 -0.072479
0.265432 -0.0740575
0.233025 -0.0748618
0.225309 -0.0760953
0.271605 -0.0773336
0.299383 -0.079251
0.319444 -0.0807377
0.325617 -0.0820595
0.325617 -0.0827799
0.33642 -0.0825209
0.339506 -0.0818618
0.334877 -0.0810536
0.385802 -0.0799789
0.382716 -0.07797
0.378086 -0.075916
0.390432 -0.0751382
0.430556 -0.0754038
0.408951 -0.0745524
0.401235 -0.0731735
0.37037 -0.0721824
0.371914 -0.0715808
0.33179 -0.0702109
0.308642 -0.0676953
0.28858 -0.0654946
0.314815 -0.0634492
0.33642 -0.062474
0.361111 -0.0608792
0.353395 -0.0612875
0.32716 -0.0617522
0.328704 -0.0622153
0.322531 -0.0614845
0.345679 -0.0605078
0.351852 -0.0597948
0.347222 -0.0607186
0.344136 -0.0626003
0.29784 -0.0645811
0.283951 -0.0669533
0.270062 -0.0701625
0.271605 -0.0733722
0.259259 -0.0749208
0.29321 -0.0768477
0.283951 -0.0787701
0.348765 -0.0810391
0.33642 -0.0830825
0.320988 -0.0853875
0.279321 -0.0863206
0.294753 -0.0868522
0.25 -0.0872167
0.279321 -0.0877838
0.265432 -0.0886021
0.214506 -0.0883033
0.162037 -0.0875507
0.100309 -0.087766
0.0925926 -0.0877214
0.0972222 -0.0889847
0.095679 -0.0914404
0.0848765 -0.0929876
0.095679 -0.0949456
0.058642 -0.0966116
0.0802469 -0.0987276
0.0354938 -0.100031
0.0632716 -0.101683
0.0447531 -0.103116
0.0216049 -0.103342
0.00462963 -0.103725
0.00462963 -0.104683
0.0231481 -0.105902
0.00308642 -0.108157
0.0324074 -0.111737
0.0740741 -0.115431
0.0771605 -0.118116
0.058642 -0.120867
0.0802469 -0.124613
0.0478395 -0.126582
0.0169753 -0.128736
0.0169753 -0.131871
0.0354938 -0.135356
0.0725309 -0.138282
0.0756173 -0.141315
0.0524691 -0.144084
0.0617284 -0.146301
0.0833333 -0.148946
0.037037 -0.152211
0.0493827 -0.154934
0.0277778 -0.156636
0.0277778 -0.158823
0.0200617 -0.160606
0.0138889 -0.162352
0.0154321 -0.163193
0.0308642 -0.16268
0.0416667 -0.161782
0.0570988 -0.161194
0.0246914 -0.158979
0.0200617 -0.15717
0.0154321 -0.155128
0.0339506 -0.153143
0.00925926 -0.152202
0.00771605 -0.151442
0.0216049 -0.151335
0.0308642 -0.151008
0.00154321 -0.150627
0.0231481 -0.151141
0.0108025 -0.15247
0.0185185 -0.15418
0.0339506 -0.156839
0.0601852 -0.158968
0.0493827 -0.160602
0.0509259 -0.162595
0.0725309 -0.162472
0.145062 -0.1635
0.109568 -0.164122
0.0787037 -0.165085
0.0185185 -0.166638
0.0123457 -0.167302
0.00308642 -0.168196
0.0231481 -0.169855
0.0354938 -0.171039
0.0154321 -0.173263
0.0540123 -0.175658
0.0570988 -0.177255
0.0354938 -0.179531
0.0570988 -0.182303
0.0617284 -0.184792
0.0725309 -0.186742
0.0817901 -0.188594
0.0555556 -0.189389
0.0910494 -0.189194
0.058642 -0.189738
0.037037 -0.18905
0.0617284 -0.188471
0.0925926 -0.188148
0.0771605 -0.187506
0.058642 -0.187121
0.0679012 -0.186919
0.0972222 -0.186131
0.134259 -0.183676
0.208333 -0.180645
0.229938 -0.178354
0.257716 -0.175582
0.240741 -0.173044
0.290123 -0.16974
0.322531 -0.165873
0.328704 -0.162304
0.387346 -0.159704
0.371914 -0.157654
0.307099 -0.155342
0.274691 -0.152041
0.324074 -0.14886
0.356481 -0.147351
0.341049 -0.14508
0.382716 -0.142717
0.396605 -0.140702
0.388889 -0.137927
0.373457 -0.134496
0.37037 -0.132515
0.381173 -0.13059
0.388889 -0.126592
0.405864 -0.123253
0.339506 -0.120676
0.330247 -0.116205
0.347222 -0.112053
0.393519 -0.110712
0.362654 -0.108083
0.359568 -0.104943
0.333333 -0.103639
0.356481 -0.102673
0.402778 -0.102058
0.412037 -0.101368
0.388889 -0.100327
0.412037 -0.0995869
0.41821 -0.0984088
0.432099 -0.0983032
0.416667 -0.0974723
0.353395 -0.0965901
0.351852 -0.0958795
0.344136 -0.0955419
0.300926 -0.0936038
0.322531 -0.0899558
0.314815 -0.0856739
0.348765 -0.0812079
0.364198 -0.0776683
0.393519 -0.0755628
0.387346 -0.0737365
0.333333 -0.0711052
0.32716 -0.0682697
0.33179 -0.0649593
0.378086 -0.0620595
0.376543 -0.058656
0.390432 -0.0549002
0.373457 -0.0514991
0.351852 -0.0485973
0.373457 -0.0471014
0.345679 -0.0462845
0.350309 -0.0456948
0.324074 -0.0451492
0.368827 -0.0442434
0.362654 -0.0419938
0.425926 -0.0393252
0.450617 -0.0355543
0.45679 -0.0299704
0.45679 -0.0255454
0.435185 -0.0216536
0.46142 -0.0175572
0.467593 -0.0144842
0.449074 -0.00962968
0.469136 -0.00288114
0.45679 0.00376101
0.45679 0.00954236
0.464506 0.0151255
0.435185 0.0204194
0.432099 0.0248876
0.382716 0.0291029
0.341049 0.0329205
0.339506 0.0369722
0.354938 0.039417
0.384259 0.0420199
0.371914 0.0446076
0.33642 0.0477324
0.337963 0.051009
0.356481 0.053285
0.337963 0.0551559
0.316358 0.0556219
0.317901 0.0560027
0.353395 0.0566948
0.359568 0.0573703
0.393519 0.0581197
0.408951 0.0593315
0.410494 0.0602756
0.371914 0.0627183
0.401235 0.0643229
0.429012 0.0647446
0.401235 0.0649965
0.442901 0.0664806
0.45679 0.066628
0.435185 0.067275
0.41358 0.067457
0.391975 0.0673828
0.410494 0.0673856
0.425926 0.0677361
0.342593 0.069315
0.342593 0.0702058
0.317901 0.0719974
0.305556 0.0736558
0.356481 0.0751001
0.359568 0.0753014
0.307099 0.0759461
0.356481 0.0774189
0.308642 0.0794845
0.313272 0.0820044
0.322531 0.0852409
0.328704 0.088021
0.367284 0.0896363
0.348765 0.0928259
0.410494 0.095514
0.416667 0.0988593
0.472222 0.101802
0.470679 0.103985
0.478395 0.105827
0.484568 0.107911
0.492284 0.110665
0.450617 0.113071
0.410494 0.115361
0.416667 0.118201
0.444444 0.119916
0.421296 0.121031
0.450617 0.122398
0.412037 0.123918
0.408951 0.125286
0.455247 0.125441
0.432099 0.126885
0.41821 0.127703
0.395062 0.127505
0.429012 0.12711
0.441358 0.125966
0.459877 0.124803
0.481481 0.123271
0.49537 0.122212
0.49537 0.122022
0.498457 0.121549
0.501543 0.121322
0.515432 0.12146
0.501543 0.121121
0.490741 0.120665
0.475309 0.121083
0.513889 0.122642
0.516975 0.123748
0.516975 0.126705
0.506173 0.129803
0.518519 0.131231
0.541667 0.133332
0.492284 0.136664
0.473765 0.139063
0.484568 0.141323
0.5 0.14492
0.54321 0.148846
0.572531 0.154428
0.595679 0.160004
0.580247 0.163419
0.591049 0.166239
0.546296 0.169052
0.510802 0.171611
0.527778 0.173963
0.541667 0.175421
0.532407 0.176463
0.532407 0.176419
0.544753 0.176055
0.557099 0.174728
0.483025 0.174391
0.487654 0.173824
0.503086 0.172803
0.453704 0.171926
0.5 0.171492
0.5 0.170791
0.49537 0.168627
0.462963 0.167631
0.490741 0.165983
0.529321 0.164321
0.541667 0.161138
0.516975 0.156971
0.509259 0.153373
0.512346 0.150445
0.521605 0.148202
0.503086 0.147156
0.49537 0.147916
0.513889 0.14756
0.520062 0.148209
0.537037 0.148296
0.493827 0.148204
0.476852 0.147363
0.515432 0.14841
0.564815 0.150299
0.567901 0.152165
0.584877 0.153965
0.592593 0.155899
0.550926 0.157843
0.567901 0.159532
0.598765 0.160722
0.617284 0.163032
0.612654 0.164116
0.654321 0.163554
0.67284 0.16304
0.66821 0.164128
0.651235 0.164876
0.649691 0.165507
0.649691 0.165703
0.617284 0.164106
0.62037 0.160861
0.604938 0.15582
0.589506 0.148456
0.57716 0.140627
0.53858 0.133981
0.54321 0.127472
0.521605 0.120234
0.557099 0.113244
0.592593 0.105871
0.549383 0.0981854
0.524691 0.0904083
0.5 0.0823523
0.50463 0.0735306
0.533951 0.0651466
0.523148 0.0578798
0.476852 0.0512012
0.501543 0.0454571
0.50463 0.0409502
0.512346 0.0355169
0.441358 0.0306797
0.458333 0.0265784
0.493827 0.0201641
0.466049 0.011305
0.509259 0.00229966
0.489198 -0.00582417
0.524691 -0.0109103
0.552469 -0.014359
0.558642 -0.0180752
0.555556 -0.0210346
0.550926 -0.0246767
0.546296 -0.0277742
0.513889 -0.0306803
0.515432 -0.0339069
0.552469 -0.0389376
0.589506 -0.0433515
0.635802 -0.0473241
0.66821 -0.0512269
0.70679 -0.0537699
0.700617 -0.0557778
0.728395 -0.0603306
0.719136 -0.065741
0.674383 -0.0689114
0.675926 -0.0749326
0.679012 -0.0815187
0.66358 -0.0873358
0.635802 -0.0930538
0.618827 -0.0992403
0.643519 -0.103178
0.648148 -0.107926
0.62963 -0.114055
0.637346 -0.121015
0.589506 -0.129652
0.550926 -0.137325
0.560185 -0.143531
0.567901 -0.150159
0.546296 -0.157909
0.516975 -0.1643
0.5 -0.1713
0.455247 -0.176877
0.458333 -0.180968
0.455247 -0.185826
0.421296 -0.190864
0.470679 -0.195749
0.464506 -0.200539
0.388889 -0.202842
0.41821 -0.204323
0.459877 -0.205781
0.412037 -0.207038
0.395062 -0.207766
0.419753 -0.207863
0.402778 -0.208705
0.367284 -0.210103
0.388889 -0.213331
0.450617 -0.21657
0.487654 -0.219474
0.442901 -0.222468
0.449074 -0.225507
0.427469 -0.227548
0.41358 -0.227672
0.427469 -0.227574
0.467593 -0.226226
0.466049 -0.226292
0.438272 -0.22698
0.501543 -0.227964
0.529321 -0.229575
0.53858 -0.230421
0.540123 -0.230269
0.540123 -0.229248
0.560185 -0.228003
0.572531 -0.22603
0.564815 -0.224907
0.546296 -0.223704
0.552469 -0.224268
0.552469 -0.225515
0.530864 -0.226587
0.544753 -0.227189
0.572531 -0.227039
0.509259 -0.226545
0.498457 -0.226056
0.481481 -0.224873
0.470679 -0.22226
0.45679 -0.217846
0.419753 -0.21459
0.467593 -0.212463
0.529321 -0.210259
0.501543 -0.206831
0.466049 -0.202608
0.492284 -0.195926
0.483025 -0.187679
0.498457 -0.180613
0.5 -0.174002
0.50463 -0.167371
0.466049 -0.161584
0.439815 -0.156005
0.462963 -0.149317
0.453704 -0.143153
0.479938 -0.137442
0.503086 -0.130376
0.510802 -0.123734
0.473765 -0.118115
0.464506 -0.112801
0.466049 -0.107289
0.490741 -0.101355
0.466049 -0.0955266
0.493827 -0.0910615
0.533951 -0.0872584
0.555556 -0.0814901
0.541667 -0.076391
0.493827 -0.0718913
0.481481 -0.0665371
0.496914 -0.0635309
0.496914 -0.0607775
0.529321 -0.0568671
0.544753 -0.0518693
0.513889 -0.0453437
0.509259 -0.0377853
0.496914 -0.0317788
0.510802 -0.0242708
0.54784 -0.017095
0.493827 -0.011686
0.442901 -0.0049306
0.432099 0.00325744
0.441358 0.0102498
0.429012 0.0182528
0.450617 0.0275823
0.421296 0.034132
0.405864 0.0414598
0.373457 0.0488215
0.307099 0.0570817
0.307099 0.0643281
0.311728 0.0733833
0.324074 0.0831775
0.330247 0.0917372
0.368827 0.10044
0.368827 0.108742
0.342593 0.116883
0.388889 0.124067
0.378086 0.130005
0.399691 0.133341
0.375 0.134873
0.358025 0.133753
0.351852 0.134056
0.373457 0.136155
0.37037 0.138155
0.412037 0.13993
0.455247 0.139912
0.41821 0.138216
0.427469 0.134086
0.46142 0.131682
0.459877 0.129411
0.408951 0.12674
0.425926 0.124468
0.421296 0.120451
0.398148 0.117169
0.415123 0.114733
0.361111 0.111011
0.365741 0.107641
0.385802 0.103033
0.402778 0.0981645
0.37963 0.0924875
0.398148 0.0868056
0.450617 0.0822691
0.458333 0.0779263
0.430556 0.0754982
0.433642 0.0746754
0.432099 0.0748005
0.450617 0.0732626
0.469136 0.071357
0.489198 0.0679111
0.473765 0.0641314
0.447531 0.0612743
0.464506 0.0583639
0.470679 0.0572586
0.5 0.0552636
0.541667 0.0533765
0.566358 0.0514767
0.567901 0.0511923
0.587963 0.0501079
0.611111 0.0489523
0.62037 0.0458126
0.612654 0.0403433
0.611111 0.036551
0.631173 0.036177
0.58642 0.0360396
0.612654 0.0357679
0.626543 0.0362579
0.645062 0.0359915
0.66358 0.0321383
0.665123 0.0254579
0.658951 0.0178713
0.635802 0.00921432
0.638889 0.00183578
0.634259 -0.00336833
0.631173 -0.00650915
0.652778 -0.00760932
0.631173 -0.0084392
0.608025 -0.0102649
0.598765 -0.0113063
0.606481 -0.0135675
0.595679 -0.0171638
0.591049 -0.0206842
0.608025 -0.0244214
0.649691 -0.0266271
0.652778 -0.026192
0.677469 -0.0250863
0.649691 -0.0247857
0.657407 -0.0235316
0.675926 -0.0231119
0.682099 -0.0228579
0.699074 -0.0257944
0.666667 -0.0263071
0.688272 -0.027033
0.709877 -0.025778
0.725309 -0.0223752
0.720679 -0.0187901
0.691358 -0.0158868
0.700617 -0.0116465
0.705247 -0.00649753
0.697531 -0.00417592
0.716049 -0.00253166
0.757716 -0.00312563
0.746914 -0.00370379
0.765432 -0.00400735
0.762346 -0.00220625
0.805556 0.00121525
0.78858 0.00227401
0.770062 0.00101653
0.794753 -0.00250191
0.79784 -0.00795603
0.766975 -0.0127551
0.782407 -0.017596
0.748457 -0.0239524
0.739198 -0.0314699
0.768519 -0.0372353
0.740741 -0.0420634
0.712963 -0.045749
0.731481 -0.0502142
0.719136 -0.0580924
0.737654 -0.0650186
0.763889 -0.0745933
0.734568 -0.08543
0.776235 -0.0954483
0.791667 -0.104109
0.783951 -0.110745
0.736111 -0.112292
0.736111 -0.109556
0.720679 -0.106123
0.71142 -0.100384
0.746914 -0.0976462
0.733025 -0.0959378
0.756173 -0.0930437
0.742284 -0.086275
0.75463 -0.0788681
0.776235 -0.0712903
0.811728 -0.0631836
0.817901 -0.0561518
0.780864 -0.0488602
0.756173 -0.0403166
0.742284 -0.0300705
0.751543 -0.0193849
0.787037 -0.00825961
0.810185 -0.00190985
0.800926 0.00390456
0.817901 0.0118375
0.796296 0.0196626
0.787037 0.0254854
0.811728 0.0327651
0.816358 0.0357828
0.787037 0.0341959
0.791667 0.0338975
0.791667 0.0319809
0.791667 0.0312572
0.814815 0.0307403
0.791667 0.0328289
0.766975 0.0347392
0.75 0.036628
0.757716 0.0340695
0.734568 0.0280625
0.714506 0.0177653
0.717593 0.0100114
0.699074 0.00505475
0.674383 0.00714575
0.66821 0.00656115
0.689815 0.00508571
0.674383 -0.00123817
0.638889 -0.00647973
0.626543 -0.0127033
0.608025 -0.0137557
0.580247 -0.00914576
0.618827 -0.00521067
0.645062 -0.00720425
0.669753 -0.00188547
0.635802 -0.002922
0.634259 -0.0071868
0.649691 -0.00466259
0.637346 -0.00332684
0.608025 -0.00531596
0.648148 -0.00617096
0.651235 0.00365333
0.640432 -0.000259496
0.641975 0.00306947
0.677469 0
