0.729938 1
0.71142 0.97005
0.675926 0.942926
0.680556 0.917088
0.700617 0.894096
0.742284 0.871637
0.726852 0.850979
0.728395 0.831772
0.70679 0.813335
0.705247 0.795359
0.714506 0.779342
0.683642 0.763925
0.717593 0.748835
0.685185 0.734327
0.680556 0.721167
0.674383 0.70827
0.625 0.69465
0.578704 0.681021
0.558642 0.668226
0.554012 0.655789
0.567901 0.644259
0.527778 0.633456
0.572531 0.624325
0.584877 0.614041
0.606481 0.603739
0.625 0.594087
0.623457 0.585564
0.649691 0.577806
0.645062 0.570933
0.62963 0.564161
0.665123 0.557232
0.680556 0.550112
0.657407 0.544106
0.679012 0.539019
0.651235 0.532308
0.652778 0.524428
0.603395 0.518441
0.628086 0.513322
0.640432 0.507403
0.66358 0.501316
0.657407 0.493786
0.626543 0.485318
0.625 0.477836
0.611111 0.470467
0.603395 0.462616
0.604938 0.453368
0.611111 0.444108
0.606481 0.43438
0.62963 0.425352
0.625 0.417526
0.608025 0.409165
0.598765 0.400507
0.608025 0.393145
0.589506 0.386026
0.587963 0.380956
0.608025 0.376337
0.651235 0.370709
0.643519 0.365895
0.651235 0.360027
0.645062 0.354336
0.645062 0.347529
0.600309 0.340781
0.609568 0.333542
0.583333 0.326375
0.532407 0.319704
0.54321 0.314647
0.560185 0.308969
0.544753 0.303088
0.578704 0.296863
0.54784 0.291383
0.58642 0.285696
0.594136 0.280342
0.591049 0.276473
0.575617 0.273308
0.589506 0.268153
0.58642 0.263943
0.558642 0.259185
0.550926 0.253957
0.54784 0.247561
0.512346 0.240625
0.492284 0.233598
0.496914 0.227689
0.506173 0.220824
0.533951 0.213362
0.563272 0.205679
0.555556 0.198038
0.54784 0.191507
0.57716 0.18648
0.523148 0.181037
0.541667 0.175126
0.529321 0.167854
0.524691 0.160607
0.569444 0.15331
0.563272 0.147675
0.567901 0.141911
0.566358 0.137291
0.540123 0.131953
0.513889 0.127765
0.510802 0.123875
0.552469 0.120137
0.560185 0.116029
0.608025 0.111608
0.617284 0.106992
0.637346 0.102805
0.637346 0.0991892
0.674383 0.0956743
0.689815 0.0920292
0.665123 0.0882663
0.671296 0.0850197
0.674383 0.0821324
0.694444 0.0793001
0.671296 0.0767559
0.692901 0.0737288
0.717593 0.0699888
0.708333 0.0655598
0.669753 0.060593
0.685185 0.0564248
0.695988 0.0531509
0.714506 0.0493281
0.739198 0.0460794
0.759259 0.0429464
0.736111 0.039475
0.714506 0.0360035
0.729938 0.0326142
0.757716 0.0295282
0.766975 0.0254996
0.79321 0.0209959
0.810185 0.0174325
0.810185 0.0137897
0.796296 0.0106726
0.765432 0.00752068
0.777778 0.00384191
0.774691 0.00152514
0.853395 -0.000260838
0.83179 -0.00100348
0.808642 -0.000997664
0.813272 -0.00150351
0.817901 -0.00270761
0.817901 -0.0040305
0.804012 -0.00654877
0.807099 -0.00714899
0.78858 -0.00848513
0.776235 -0.0106364
0.740741 -0.0126129
0.783951 -0.0161121
0.799383 -0.0189644
0.768519 -0.0220662
0.794753 -0.0247806
0.780864 -0.0262337
0.810185 -0.0270779
0.763889 -0.0283657
0.751543 -0.0288837
0.734568 -0.0299321
0.746914 -0.0295516
0.74537 -0.0295248
0.743827 -0.0308064
0.688272 -0.0313126
0.729938 -0.0338309
0.723765 -0.0360447
0.71142 -0.038891
0.726852 -0.0413896
0.75463 -0.043033
0.748457 -0.0442646
0.729938 -0.044172
0.734568 -0.0439636
0.75 -0.043099
0.783951 -0.0417124
0.766975 -0.0408589
0.776235 -0.0416556
0.725309 -0.0413188
0.720679 -0.0408463
0.726852 -0.0393714
0.71142 -0.0387467
0.725309 -0.0384572
0.720679 -0.0375111
0.692901 -0.0365229
0.720679 -0.0364835
0.686728 -0.0363529
0.720679 -0.0363724
0.726852 -0.0355105
0.785494 -0.0350071
0.779321 -0.0343132
0.773148 -0.0343957
0.79784 -0.0355429
0.753086 -0.0366697
0.70679 -0.0392712
0.733025 -0.0408368
0.705247 -0.0423618
0.675926 -0.0435481
0.691358 -0.0446039
0.70216 -0.045658
0.716049 -0.045964
0.720679 -0.045521
0.722222 -0.045455
0.751543 -0.0457017
0.734568 -0.046487
0.762346 -0.0467567
0.779321 -0.0465172
0.766975 -0.0465843
0.785494 -0.0463387
0.753086 -0.0460693
0.726852 -0.0453792
0.737654 -0.0454014
0.760802 -0.0457605
0.757716 -0.0459938
0.746914 -0.0467257
0.743827 -0.047277
0.729938 -0.0493287
0.722222 -0.051599
0.733025 -0.0541534
0.751543 -0.0569301
0.709877 -0.060259
0.736111 -0.0628228
0.763889 -0.0649597
0.74537 -0.066078
0.712963 -0.0659287
0.703704 -0.0663803
0.736111 -0.0672859
0.742284 -0.0675456
0.719136 -0.0674347
0.736111 -0.0660581
0.709877 -0.0642059
0.746914 -0.061847
0.716049 -0.0594449
0.70216 -0.0559051
0.703704 -0.0553692
0.705247 -0.054835
0.70679 -0.0540671
0.705247 -0.0532731
0.657407 -0.0540109
0.677469 -0.0543741
0.652778 -0.0546551
0.677469 -0.0559976
0.652778 -0.057029
0.614198 -0.0581809
0.655864 -0.0579965
0.632716 -0.0588268
0.634259 -0.0587724
0.652778 -0.057525
0.651235 -0.0564115
0.643519 -0.0538643
0.652778 -0.0525623
0.641975 -0.0520248
0.645062 -0.0529292
0.628086 -0.054646
0.625 -0.0568933
0.625 -0.0578591
0.591049 -0.058858
0.625 -0.0598695
0.62037 -0.0614181
0.637346 -0.0629468
0.621914 -0.0647647
0.640432 -0.0655756
0.648148 -0.0651782
0.643519 -0.0632219
0.691358 -0.0613721
0.692901 -0.0592304
0.716049 -0.0566968
0.689815 -0.0533229
0.695988 -0.0496862
0.686728 -0.044922
0.645062 -0.0397103
0.62037 -0.0358852
0.694444 -0.0332854
0.731481 -0.029947
0.714506 -0.0286361
0.743827 -0.0275163
0.746914 -0.0277944
0.728395 -0.0283288
0.705247 -0.0287566
0.66821 -0.0284401
0.680556 -0.0291269
0.699074 -0.0299569
0.688272 -0.0312384
0.675926 -0.0329917
0.699074 -0.0342916
0.66821 -0.0341596
0.66358 -0.0322657
0.674383 -0.0310272
0.682099 -0.028488
0.671296 -0.0261679
0.697531 -0.0227313
0.683642 -0.0215119
0.692901 -0.0198907
0.714506 -0.0202476
0.697531 -0.021734
0.669753 -0.0222329
0.67284 -0.0237906
0.671296 -0.0238855
0.677469 -0.024092
0.694444 -0.0257897
0.679012 -0.0274481
0.67284 -0.0300257
0.685185 -0.0322151
0.651235 -0.0332619
0.703704 -0.0337061
0.742284 -0.0325664
0.762346 -0.0322993
0.734568 -0.033012
0.733025 -0.0338968
0.739198 -0.0341932
0.734568 -0.0343655
0.725309 -0.0344261
0.728395 -0.0341694
0.70679 -0.0344674
0.685185 -0.0351539
0.680556 -0.0350591
0.688272 -0.0346329
0.688272 -0.0327543
0.674383 -0.0304461
0.621914 -0.0293809
0.600309 -0.0285577
0.584877 -0.0287886
0.609568 -0.0294921
0.58179 -0.0288965
0.640432 -0.0282885
0.623457 -0.0273824
0.626543 -0.0274288
0.594136 -0.0273157
0.578704 -0.0282247
0.572531 -0.0288083
0.58642 -0.0303351
0.580247 -0.0297795
0.600309 -0.0296223
0.603395 -0.0302815
0.589506 -0.031338
0.529321 -0.033176
0.572531 -0.0354898
0.600309 -0.0387025
0.617284 -0.0414184
0.649691 -0.0433222
0.611111 -0.0466476
0.603395 -0.0507204
0.575617 -0.0545493
0.606481 -0.0586853
0.62037 -0.0613996
0.67284 -0.0631417
0.654321 -0.0642334
0.643519 -0.0651003
0.669753 -0.0649862
0.662037 -0.0642773
0.697531 -0.0648059
0.671296 -0.0651375
0.645062 -0.0650402
0.692901 -0.0647984
0.729938 -0.0665071
0.731481 -0.067827
0.756173 -0.0702941
0.762346 -0.0720496
0.753086 -0.0750177
0.762346 -0.0789677
0.753086 -0.0829278
0.719136 -0.0863023
0.737654 -0.0884667
0.71142 -0.0899877
0.671296 -0.0896447
0.692901 -0.0890816
0.67284 -0.0871418
0.66358 -0.0863118
0.66358 -0.0855877
0.688272 -0.08613
0.680556 -0.087061
0.625 -0.088632
0.637346 -0.0898227
0.635802 -0.0903984
0.66821 -0.0910367
0.66821 -0.0905845
0.66821 -0.0896745
0.700617 -0.0880031
0.682099 -0.0854585
0.71142 -0.082765
0.720679 -0.0817
0.756173 -0.081144
0.765432 -0.0792741
0.759259 -0.0767212
0.790123 -0.0735226
0.774691 -0.0692325
0.729938 -0.0641277
0.705247 -0.0599336
0.677469 -0.0558182
0.695988 -0.0527205
0.685185 -0.0506469
0.708333 -0.047054
0.714506 -0.0441913
0.703704 -0.0397993
0.725309 -0.038105
0.728395 -0.0370113
0.689815 -0.0365488
0.677469 -0.0363658
0.694444 -0.0367421
0.709877 -0.0375562
0.691358 -0.0374148
0.643519 -0.0367815
0.649691 -0.0353661
0.62037 -0.0335752
0.584877 -0.0311985
0.563272 -0.0293667
0.561728 -0.026206
0.567901 -0.0224757
0.572531 -0.0196662
0.608025 -0.0167971
0.597222 -0.0141835
0.615741 -0.0125405
0.625 -0.0117515
0.62037 -0.0101661
0.578704 -0.0088278
0.575617 -0.00751262
0.587963 -0.00701165
0.612654 -0.00673287
0.611111 -0.00812724
0.58179 -0.00986627
0.57716 -0.0104256
0.591049 -0.00884123
0.604938 -0.00635875
0.58179 -0.00319176
0.584877 -0.000694531
0.558642 0.00214961
0.594136 0.00409669
0.637346 0.00678031
0.649691 0.00878734
0.648148 0.00888368
0.638889 0.00973109
0.66358 0.00929693
0.62037 0.0075142
0.635802 0.00595241
0.603395 0.00514504
0.566358 0.00628744
0.557099 0.00810254
0.608025 0.0107428
0.601852 0.0119435
0.598765 0.0124253
0.583333 0.01266
0.601852 0.0128508
0.57716 0.0135715
0.58642 0.0161183
0.591049 0.0184514
0.603395 0.0206071
0.632716 0.0240391
0.62963 0.0247658
0.597222 0.0270342
0.592593 0.0296906
0.58642 0.0320778
0.589506 0.0337344
0.58179 0.0369678
0.638889 0.0387862
0.658951 0.040995
0.66821 0.0443354
0.691358 0.0481385
0.632716 0.0501882
0.631173 0.0513429
0.632716 0.0538227
0.643519 0.0570504
0.651235 0.0614568
0.683642 0.0649939
0.674383 0.0688432
0.649691 0.0721531
0.604938 0.0745974
0.611111 0.0775504
0.62037 0.079844
0.625 0.0821293
0.634259 0.0844381
0.591049 0.0880258
0.595679 0.0920525
0.594136 0.0975717
0.578704 0.102915
0.549383 0.108338
0.57716 0.112291
0.598765 0.117019
0.618827 0.12044
0.608025 0.12187
0.634259 0.124508
0.709877 0.125917
0.708333 0.127099
0.71142 0.129966
0.751543 0.132938
0.757716 0.134405
0.780864 0.135716
0.770062 0.136343
0.79784 0.136989
0.802469 0.136231
0.753086 0.136273
0.742284 0.136923
0.763889 0.137178
0.783951 0.13777
0.768519 0.137863
0.763889 0.138376
0.785494 0.140647
0.794753 0.142328
0.773148 0.143531
0.743827 0.14511
0.771605 0.146072
0.760802 0.146971
0.748457 0.147644
0.768519 0.14736
0.682099 0.148145
0.657407 0.148994
0.655864 0.149201
0.703704 0.150773
0.725309 0.152009
0.652778 0.152714
0.614198 0.152857
0.625 0.152975
0.648148 0.154491
0.651235 0.156028
0.611111 0.157371
0.572531 0.158863
0.603395 0.161428
0.600309 0.163287
0.587963 0.164198
0.595679 0.165935
0.62963 0.167462
0.666667 0.168592
0.705247 0.170044
0.709877 0.169961
0.731481 0.168441
0.714506 0.166394
0.733025 0.16528
0.723765 0.164429
0.712963 0.163261
0.720679 0.165468
0.725309 0.166988
0.757716 0.167835
0.771605 0.16794
0.70679 0.168374
0.726852 0.169527
0.736111 0.170213
0.719136 0.171081
0.71142 0.172344
0.692901 0.173659
0.70216 0.173711
0.692901 0.174683
0.689815 0.175583
0.700617 0.175705
0.671296 0.174554
0.615741 0.172536
0.641975 0.172495
0.671296 0.173441
0.640432 0.173866
0.621914 0.174534
0.631173 0.174418
0.646605 0.174705
0.694444 0.175277
0.717593 0.175503
0.680556 0.174495
0.674383 0.17318
0.646605 0.171788
0.685185 0.170656
0.660494 0.169755
0.655864 0.169033
0.692901 0.168707
0.679012 0.168884
0.671296 0.169304
0.699074 0.169314
0.705247 0.168896
0.683642 0.168327
0.682099 0.16712
0.679012 0.166952
0.660494 0.166174
0.694444 0.165571
0.700617 0.165685
0.722222 0.166236
0.70679 0.168108
0.729938 0.169801
0.722222 0.171711
0.705247 0.174982
0.692901 0.17645
0.695988 0.177715
0.705247 0.179775
0.695988 0.180735
0.725309 0.181403
0.725309 0.181805
0.709877 0.181505
0.683642 0.180589
0.689815 0.179062
0.695988 0.177216
0.709877 0.176165
0.699074 0.175965
0.641975 0.177263
0.638889 0.178692
0.697531 0.180389
0.70216 0.180557
0.705247 0.181387
0.71142 0.180872
0.692901 0.180338
0.712963 0.179899
0.740741 0.178629
0.742284 0.176251
0.71142 0.172906
0.728395 0.168351
0.722222 0.163098
0.743827 0.157715
0.763889 0.152676
0.74537 0.14899
0.746914 0.145369
0.771605 0.141929
0.780864 0.138095
0.760802 0.133187
0.753086 0.129444
0.751543 0.126135
0.748457 0.123814
0.763889 0.122074
0.800926 0.119447
0.804012 0.116243
0.802469 0.112826
0.785494 0.109905
0.746914 0.107235
0.794753 0.106
0.814815 0.105938
0.824074 0.106545
0.79321 0.105183
0.757716 0.103466
0.773148 0.100354
0.79784 0.0953315
0.777778 0.0894447
0.739198 0.0842179
0.74537 0.0773595
0.723765 0.07009
0.700617 0.0638627
0.726852 0.058767
0.680556 0.0538252
0.669753 0.0486487
0.665123 0.0444251
0.649691 0.0384235
0.643519 0.0327232
0.638889 0.0293821
0.680556 0.0256482
0.66358 0.0213674
0.692901 0.0170801
0.695988 0.012716
0.66358 0.00844518
0.637346 0.00328665
0.635802 -0.00252939
0.669753 -0.00746881
0.641975 -0.0128267
0.62963 -0.0178401
0.606481 -0.0222789
0.651235 -0.0244403
0.671296 -0.0256458
0.66821 -0.0260906
0.662037 -0.0261914
0.655864 -0.0257209
0.682099 -0.0238944
0.658951 -0.0222718
0.625 -0.0202529
0.67284 -0.0169117
0.654321 -0.0136808
0.691358 -0.0111929
0.726852 -0.00866341
0.766975 -0.0055391
0.771605 -0.00250248
0.756173 1.75006e-05
0.771605 0.00214092
0.774691 0.00245113
0.794753 0.00292205
0.768519 0.00213098
0.785494 0.00157027
0.777778 0.000414626
0.813272 -0.000940487
0.756173 -0.00252582
0.760802 -0.00493754
0.785494 -0.00697988
0.800926 -0.00919391
0.779321 -0.0113009
0.802469 -0.0150752
0.800926 -0.0188693
0.811728 -0.021296
0.79784 -0.023997
0.816358 -0.0268821
0.804012 -0.0280459
0.791667 -0.0311843
0.787037 -0.0331684
0.787037 -0.0361513
0.814815 -0.0370643
0.82716 -0.038093
0.824074 -0.0376284
0.820988 -0.0369235
0.785494 -0.0368015
0.800926 -0.0377302
0.766975 -0.0389115
0.791667 -0.0395486
0.817901 -0.0382928
0.808642 -0.0363772
0.807099 -0.0346347
0.79321 -0.0319919
0.79321 -0.028883
0.82716 -0.0264172
0.825617 -0.0236489
0.810185 -0.0210617
0.780864 -0.0178123
0.756173 -0.0147945
0.734568 -0.0108608
0.716049 -0.00792439
0.716049 -0.00687628
0.70679 -0.00627156
0.695988 -0.00490426
0.726852 -0.00355915
0.70216 -0.00340284
0.736111 -0.00328169
0.708333 -0.00320934
0.709877 -0.00386758
0.692901 -0.00388219
0.669753 -0.00436765
0.685185 -0.00448425
0.709877 -0.00506435
0.671296 -0.00562026
0.66358 -0.0063908
0.649691 -0.00781621
0.631173 -0.00978938
0.66358 -0.0135867
0.638889 -0.0182099
0.621914 -0.02218
0.612654 -0.0262928
0.632716 -0.0317772
0.646605 -0.0365882
0.671296 -0.0380908
0.723765 -0.0392975
0.734568 -0.0393966
0.75463 -0.0391817
0.731481 -0.0377332
0.729938 -0.037924
0.726852 -0.037225
0.705247 -0.0374475
0.725309 -0.037808
0.700617 -0.0385296
0.648148 -0.0395422
0.669753 -0.0408435
0.66821 -0.040848
0.697531 -0.0403244
0.714506 -0.0385145
0.740741 -0.0372101
0.765432 -0.0366093
0.794753 -0.036276
0.777778 -0.0355729
0.768519 -0.0343033
0.791667 -0.0326611
0.776235 -0.0304914
0.757716 -0.0301613
0.748457 -0.029771
0.736111 -0.0306104
0.695988 -0.0318866
0.679012 -0.0325221
0.677469 -0.0345298
0.66821 -0.0370418
0.655864 -0.0376328
0.695988 -0.0372205
0.70679 -0.0384522
0.70679 -0.0410466
0.686728 -0.0440807
0.70216 -0.0448664
0.697531 -0.0461055
0.695988 -0.0466766
0.679012 -0.0479035
0.662037 -0.0508769
0.649691 -0.0528316
0.62963 -0.0546319
0.675926 -0.0564466
0.685185 -0.0574595
0.662037 -0.0588433
0.692901 -0.0593956
0.708333 -0.0592411
0.734568 -0.0592582
0.709877 -0.0589114
0.712963 -0.0588746
0.717593 -0.0576588
0.717593 -0.0586832
0.699074 -0.0589097
0.709877 -0.0595447
0.695988 -0.0597131
0.717593 -0.061791
0.695988 -0.0645842
0.692901 -0.0663726
0.674383 -0.0669691
0.637346 -0.067294
0.682099 -0.067214
0.716049 -0.0683865
0.695988 -0.0687142
0.70216 -0.0688931
0.759259 -0.0688792
0.765432 -0.068894
0.75 -0.0705419
0.733025 -0.0730965
0.75 -0.075545
0.782407 -0.0781925
0.768519 -0.0801558
0.791667 -0.083645
0.782407 -0.0853607
0.777778 -0.0879407
0.75 -0.0911345
0.763889 -0.0949125
0.765432 -0.0988301
0.765432 -0.102812
0.782407 -0.105616
0.804012 -0.107311
0.822531 -0.109095
0.808642 -0.110793
0.791667 -0.113314
0.748457 -0.116443
0.74537 -0.120666
0.723765 -0.123851
0.692901 -0.127602
0.70216 -0.1309
0.71142 -0.134612
0.728395 -0.138714
0.734568 -0.141106
0.773148 -0.143537
0.780864 -0.143375
0.780864 -0.145281
0.79321 -0.147207
0.813272 -0.14908
0.768519 -0.15085
0.791667 -0.152167
0.783951 -0.154023
0.746914 -0.155932
0.777778 -0.156595
0.723765 -0.159323
0.705247 -0.162762
0.717593 -0.16603
0.739198 -0.169059
0.751543 -0.171155
0.800926 -0.172303
0.845679 -0.171875
0.845679 -0.17224
0.828704 -0.173588
0.819444 -0.176748
0.814815 -0.180377
0.811728 -0.183518
0.811728 -0.188451
0.774691 -0.192832
0.833333 -0.197713
0.804012 -0.202411
0.805556 -0.205919
0.816358 -0.208455
0.765432 -0.210932
0.773148 -0.213193
0.756173 -0.214457
0.753086 -0.214966
0.756173 -0.217028
0.79321 -0.219519
0.756173 -0.222826
0.766975 -0.224153
0.796296 -0.224697
0.802469 -0.224792
0.820988 -0.224718
0.796296 -0.223831
0.771605 -0.222254
0.756173 -0.220763
0.763889 -0.218344
0.742284 -0.21619
0.74537 -0.214173
0.734568 -0.210695
0.734568 -0.206978
0.774691 -0.205102
0.75463 -0.203141
0.763889 -0.202189
0.790123 -0.201202
0.770062 -0.201084
0.813272 -0.200021
0.820988 -0.199722
0.816358 -0.199822
0.807099 -0.199542
0.78858 -0.199552
0.79321 -0.20043
0.756173 -0.200296
0.776235 -0.200969
0.751543 -0.200206
0.770062 -0.199745
0.739198 -0.19889
0.762346 -0.196306
0.782407 -0.192817
0.804012 -0.188861
0.782407 -0.185369
0.799383 -0.182154
0.819444 -0.178004
0.808642 -0.174662
0.783951 -0.170792
0.780864 -0.167789
0.83179 -0.166857
0.819444 -0.165822
0.814815 -0.16465
0.790123 -0.163775
0.796296 -0.163204
0.779321 -0.162015
0.777778 -0.159908
0.753086 -0.158047
0.763889 -0.155786
0.74537 -0.153621
0.737654 -0.149201
0.75463 -0.146414
0.757716 -0.14451
0.733025 -0.139693
0.736111 -0.134863
0.757716 -0.130871
0.739198 -0.127064
0.734568 -0.122378
0.70679 -0.119292
0.62963 -0.115065
0.638889 -0.111024
0.618827 -0.107152
0.598765 -0.102841
0.566358 -0.0994911
0.557099 -0.0975509
0.58179 -0.0955427
0.600309 -0.094267
0.621914 -0.0937765
0.615741 -0.0925716
0.598765 -0.0907797
0.603395 -0.0891817
0.560185 -0.0851934
0.54321 -0.08179
0.546296 -0.0797728
0.535494 -0.0776372
0.54321 -0.0747941
0.558642 -0.0724258
0.555556 -0.0714669
0.554012 -0.0700698
0.575617 -0.0671616
0.572531 -0.0657412
0.595679 -0.064701
0.606481 -0.0630712
0.646605 -0.0620669
0.645062 -0.060749
0.612654 -0.0594299
0.614198 -0.0578904
0.623457 -0.0565814
0.621914 -0.0546359
0.641975 -0.0511006
0.660494 -0.0484207
0.674383 -0.0471733
0.635802 -0.0456017
0.621914 -0.0436395
0.651235 -0.0422552
0.62963 -0.0420868
0.666667 -0.0414992
0.691358 -0.039653
0.679012 -0.037044
0.669753 -0.0357543
0.617284 -0.0343481
0.637346 -0.0324857
0.626543 -0.0306847
0.643519 -0.0289671
0.666667 -0.0270483
0.692901 -0.0238572
0.641975 -0.0206029
0.671296 -0.018386
0.692901 -0.0153802
0.674383 -0.0110955
0.692901 -0.00640222
0.666667 -0.000469082
0.660494 0.00627102
0.709877 0.0133739
0.655864 0.0186449
0.628086 0.022745
0.637346 0.0257392
0.646605 0.0287151
0.689815 0.0317989
0.703704 0.0357311
0.695988 0.0400989
0.697531 0.0454018
0.70216 0.0511441
0.709877 0.0575328
0.717593 0.0619312
0.733025 0.0667675
0.699074 0.0706251
0.66821 0.0743745
0.683642 0.0785859
0.669753 0.0806998
0.682099 0.0809083
0.666667 0.0808547
0.646605 0.0807504
0.641975 0.0799753
0.62037 0.0794624
0.598765 0.0790228
0.592593 0.0786513
0.555556 0.0780719
0.58179 0.0790266
0.591049 0.0795943
0.601852 0.0798495
0.632716 0.0805159
0.631173 0.0816763
0.592593 0.0820793
0.597222 0.0816488
0.564815 0.0797011
0.557099 0.0775448
0.606481 0.0759312
0.62037 0.0757235
0.621914 0.0736853
0.660494 0.0709861
0.621914 0.0683112
0.66358 0.0661117
0.683642 0.0636084
0.688272 0.060996
0.66821 0.0583932
0.685185 0.0555749
0.675926 0.052282
0.66821 0.0503926
0.669753 0.0489342
0.655864 0.0480035
0.674383 0.0471972
0.679012 0.0473312
0.686728 0.046373
0.712963 0.0456448
0.734568 0.0447483
0.714506 0.0433399
0.705247 0.0423835
0.680556 0.0418911
0.694444 0.0412176
0.691358 0.0410718
0.669753 0.0398433
0.665123 0.037365
0.615741 0.0340009
0.606481 0.0311395
0.614198 0.0280382
0.626543 0.0257514
0.604938 0.0248227
0.595679 0.0258622
0.535494 0.026578
0.561728 0.0300068
0.578704 0.03217
0.566358 0.0351998
0.570988 0.0365394
0.513889 0.0379292
0.526235 0.0375672
0.537037 0.0358924
0.560185 0.0338051
0.575617 0.032
0.598765 0.0321862
0.632716 0.0316093
0.674383 0.0321282
0.722222 0.0314608
0.691358 0.030316
0.733025 0.0292911
0.737654 0.0280138
0.762346 0.0258569
0.763889 0.0243954
0.785494 0.0248728
0.783951 0.0248496
0.783951 0.0264991
0.763889 0.0287402
0.756173 0.0305884
0.742284 0.0313249
0.743827 0.0320254
0.762346 0.0325152
0.74537 0.0340692
0.723765 0.0336694
0.70679 0.0348243
0.716049 0.0370078
0.677469 0.0401621
0.70679 0.0437175
0.716049 0.047061
0.748457 0.0487336
0.796296 0.0506729
0.78858 0.0498116
0.802469 0.0486684
0.814815 0.0478956
0.848765 0.0481227
0.848765 0.0471219
0.871914 0.0460074
0.858025 0.044878
0.865741 0.0451605
0.850309 0.0445948
0.859568 0.0450975
0.824074 0.0446215
0.83179 0.0425242
0.824074 0.0395525
0.777778 0.0365495
0.79321 0.0347332
0.810185 0.0313614
0.820988 0.0282294
0.83642 0.0247993
0.83179 0.0212319
0.845679 0.0169987
0.839506 0.0133105
0.854938 0.0105832
0.845679 0.00868718
0.834877 0.00702101
0.848765 0.00696212
0.824074 0.00682982
0.813272 0.00701485
0.824074 0.0073254
0.83179 0.00759382
0.804012 0.00737767
0.787037 0.00868572
0.779321 0.0102171
0.787037 0.0116776
0.802469 0.0143223
0.820988 0.0160736
0.811728 0.017959
0.819444 0.0194896
0.817901 0.0216008
0.814815 0.0233126
0.814815 0.0251466
0.834877 0.027844
0.844136 0.02997
0.805556 0.0296967
0.811728 0.0299083
0.79784 0.0288678
0.805556 0.027544
0.802469 0.0259634
0.787037 0.024197
0.771605 0.0236789
0.79784 0.0212707
0.751543 0.0202698
0.779321 0.0200746
0.773148 0.0197346
0.804012 0.0198149
0.78858 0.019648
0.791667 0.0182088
0.779321 0.0158138
0.78858 0.0145552
0.787037 0.0126027
0.766975 0.00995913
0.751543 0.00769882
0.759259 0.00671963
0.753086 0.00682087
0.766975 0.00633039
0.756173 0.00567906
0.765432 0.00543729
0.776235 0.00567281
0.743827 0.00523758
0.723765 0.00475811
0.685185 0.00454077
0.717593 0.00346998
0.67284 0.00333917
0.671296 0.00508628
0.680556 0.00553009
0.669753 0.0059594
0.623457 0.00515345
0.603395 0.00576984
0.615741 0.0052676
0.652778 0.00413201
0.649691 0.0047524
0.680556 0.00594866
0.697531 0.00584537
0.682099 0.00608995
0.67284 0.00592268
0.662037 0.00737269
0.682099 0.0105466
0.680556 0.011445
0.674383 0.0132626
0.66358 0.0128036
0.682099 0.0131224
0.733025 0.013022
0.743827 0.0144366
0.768519 0.0147003
0.736111 0.0130118
0.733025 0.0117821
0.742284 0.0103531
0.737654 0.00826444
0.737654 0.00747714
0.686728 0.00785325
0.760802 0.009576
0.739198 0.0119053
0.685185 0.0131606
0.677469 0.0163415
0.705247 0.0192754
0.695988 0.0230017
0.643519 0.0278537
0.592593 0.0333165
0.587963 0.0394062
0.594136 0.0447459
0.58642 0.0493512
0.603395 0.0545281
0.626543 0.0590061
0.657407 0.0641927
0.67284 0.0690668
0.688272 0.0733157
0.716049 0.076571
0.712963 0.0797289
0.716049 0.0830098
0.719136 0.0867844
0.726852 0.0906362
0.708333 0.0937441
0.708333 0.0977829
0.722222 0.100074
0.756173 0.101755
0.765432 0.103641
0.751543 0.104219
0.731481 0.105869
0.708333 0.107775
0.717593 0.110743
0.709877 0.113348
0.714506 0.116853
0.699074 0.121417
0.705247 0.124094
0.70216 0.125267
0.70216 0.127527
0.723765 0.129928
0.697531 0.131672
0.688272 0.132377
0.662037 0.13409
0.686728 0.135486
0.662037 0.137882
0.638889 0.140714
0.58642 0.143415
0.591049 0.145179
0.584877 0.146279
0.603395 0.145172
0.606481 0.14357
0.609568 0.142318
0.589506 0.139807
0.600309 0.137915
0.574074 0.137073
0.578704 0.136741
0.584877 0.136
0.57716 0.135076
0.58642 0.133955
0.555556 0.133006
0.574074 0.128999
0.601852 0.126506
0.58642 0.125748
0.569444 0.125317
0.557099 0.125264
0.529321 0.126061
0.527778 0.128106
0.58179 0.131066
0.589506 0.133119
0.640432 0.135022
0.641975 0.137723
0.649691 0.14063
0.631173 0.144598
0.658951 0.147407
0.67284 0.151008
0.682099 0.153481
0.708333 0.155762
0.683642 0.157302
0.723765 0.158923
0.736111 0.161683
0.746914 0.164184
0.763889 0.167543
0.763889 0.169259
0.780864 0.170352
0.782407 0.172193
0.771605 0.174898
0.791667 0.176069
0.807099 0.177672
0.808642 0.178229
0.790123 0.178255
0.807099 0.178614
0.759259 0.17917
0.763889 0.180006
0.757716 0.180417
0.740741 0.181203
0.75 0.18195
0.737654 0.182102
0.740741 0.182067
0.720679 0.182681
0.712963 0.182888
0.716049 0.184142
0.709877 0.186109
0.723765 0.185764
0.70216 0.183949
0.71142 0.182721
0.742284 0.181784
0.740741 0.181005
0.723765 0.178809
0.720679 0.178032
0.753086 0.178191
0.782407 0.177047
0.804012 0.176609
0.794753 0.177379
0.787037 0.178741
0.790123 0.178354
0.79321 0.1772
0.79321 0.174837
0.802469 0.172781
0.82716 0.172012
0.802469 0.172655
0.808642 0.172907
0.760802 0.173414
0.814815 0.17347
0.819444 0.17456
0.830247 0.175227
0.83642 0.175454
0.834877 0.174898
0.868827 0.174516
0.828704 0.174647
0.839506 0.173616
0.853395 0.172095
0.848765 0.170649
0.822531 0.168046
0.830247 0.16624
0.817901 0.164783
0.817901 0.163622
0.807099 0.162021
0.790123 0.160983
0.791667 0.158985
0.807099 0.157343
0.799383 0.155389
0.804012 0.153564
0.824074 0.15207
0.799383 0.149471
0.816358 0.14657
0.805556 0.143571
0.791667 0.140323
0.820988 0.137562
0.816358 0.135895
0.79784 0.134088
0.808642 0.132707
0.785494 0.131335
0.779321 0.131256
0.790123 0.129709
0.794753 0.126922
0.79784 0.124467
0.790123 0.122229
0.805556 0.122125
0.768519 0.120834
0.79321 0.117757
0.740741 0.115413
0.759259 0.112101
0.766975 0.108507
0.751543 0.104819
0.783951 0.100041
0.787037 0.0956787
0.771605 0.0926315
0.759259 0.0905119
0.780864 0.0871402
0.770062 0.0825548
0.748457 0.0768902
0.731481 0.0719636
0.717593 0.0666044
0.729938 0.0614133
0.70679 0.0554107
0.753086 0.0490424
0.78858 0.0429652
0.787037 0.0354526
0.771605 0.0289251
0.776235 0.0230878
0.78858 0.0188566
0.719136 0.0137321
0.731481 0.00990384
0.74537 0.0060502
0.725309 0.000232354
0.728395 -0.00441199
0.729938 -0.00834592
0.756173 -0.013091
0.768519 -0.0184333
0.725309 -0.0224932
0.766975 -0.0269826
0.734568 -0.0313182
0.70679 -0.0357572
0.712963 -0.0403124
0.728395 -0.0431366
0.733025 -0.0451506
0.762346 -0.0465277
0.75 -0.0479623
0.794753 -0.0501298
0.783951 -0.0517261
0.802469 -0.0529515
0.79321 -0.0544635
0.808642 -0.0562504
0.766975 -0.0586008
0.783951 -0.0602901
0.794753 -0.0611518
0.79321 -0.061365
0.791667 -0.0619065
0.791667 -0.061718
0.796296 -0.0621097
0.794753 -0.0627719
0.768519 -0.0620472
0.757716 -0.0613978
0.740741 -0.0611631
0.779321 -0.0598032
0.736111 -0.0568203
0.722222 -0.0544693
0.674383 -0.0517545
0.677469 -0.0491321
0.70679 -0.0481246
0.753086 -0.0479391
0.734568 -0.0500643
0.726852 -0.0511792
0.756173 -0.0530272
0.776235 -0.0539761
0.796296 -0.0540161
0.796296 -0.0529225
0.794753 -0.0526154
0.774691 -0.0523194
0.800926 -0.0516287
0.79784 -0.0504459
0.839506 -0.0498976
0.845679 -0.0518025
0.816358 -0.0539113
0.82716 -0.0566761
0.839506 -0.0593104
0.813272 -0.0634466
0.805556 -0.0663904
0.844136 -0.0710378
0.850309 -0.075117
0.839506 -0.0792112
0.819444 -0.0826378
0.837963 -0.0857717
0.859568 -0.0874064
0.844136 -0.0899402
0.848765 -0.0929227
0.834877 -0.0972147
0.824074 -0.100506
0.839506 -0.104084
0.848765 -0.107816
0.842593 -0.111484
0.814815 -0.115927
0.78858 -0.120733
0.811728 -0.126286
0.813272 -0.131223
0.830247 -0.133948
0.810185 -0.135915
0.780864 -0.137348
0.800926 -0.13991
0.802469 -0.14256
0.804012 -0.146357
0.808642 -0.151842
0.817901 -0.15711
0.811728 -0.160691
0.817901 -0.163926
0.785494 -0.165945
0.822531 -0.166956
0.828704 -0.166986
0.814815 -0.167623
0.796296 -0.16648
0.810185 -0.165365
0.794753 -0.163162
0.810185 -0.159529
0.810185 -0.155435
0.822531 -0.151145
0.782407 -0.147346
0.777778 -0.144153
0.796296 -0.139362
0.79321 -0.136123
0.787037 -0.132272
0.796296 -0.129905
0.800926 -0.127453
0.777778 -0.125377
0.736111 -0.122397
0.75463 -0.117078
0.802469 -0.112411
0.825617 -0.108029
0.802469 -0.102215
0.810185 -0.0957695
0.854938 -0.0907808
0.854938 -0.0868622
0.858025 -0.084542
0.854938 -0.0808763
0.858025 -0.0791582
0.783951 -0.0771524
0.746914 -0.0767664
0.699074 -0.0766277
0.66821 -0.0770442
0.646605 -0.0768032
0.637346 -0.0755185
0.671296 -0.0720764
0.649691 -0.0690854
0.67284 -0.0660144
0.671296 -0.0633837
0.697531 -0.0618169
0.712963 -0.0602933
0.691358 -0.0565827
0.709877 -0.0530025
0.712963 -0.0504196
0.695988 -0.0479657
0.694444 -0.0470834
0.731481 -0.0472672
0.722222 -0.0466599
0.708333 -0.0449461
0.705247 -0.0438647
0.733025 -0.043978
0.692901 -0.0425326
0.674383 -0.0409247
0.716049 -0.0397626
0.734568 -0.0389278
0.736111 -0.0378614
0.776235 -0.035693
0.782407 -0.0332607
0.760802 -0.0309701
0.771605 -0.0301016
0.753086 -0.0303186
0.740741 -0.0287829
0.726852 -0.0270431
0.751543 -0.0241816
0.760802 -0.0210789
0.719136 -0.0183601
0.74537 -0.015985
0.737654 -0.011997
0.742284 -0.0102162
0.746914 -0.00694322
0.760802 -0.00621572
0.729938 -0.00425968
0.753086 -0.00250458
0.700617 -0.000193188
0.70679 0.00201379
0.679012 0.00418045
0.70216 0.00474795
0.691358 0.00608577
0.717593 0.00594363
0.729938 0.00533052
0.719136 0.00493607
0.723765 0.00693126
0.70679 0.0099153
0.708333 0.0134962
0.70216 0.0161903
0.686728 0.0182041
0.679012 0.0180048
0.692901 0.0187188
0.700617 0.0198456
0.714506 0.0226412
0.71142 0.0260033
0.683642 0.02901
0.683642 0.0312797
0.671296 0.0342654
0.660494 0.0368359
0.640432 0.0410283
0.655864 0.0425506
0.660494 0.0435923
0.665123 0.0456896
0.674383 0.0474113
0.689815 0.0500368
0.674383 0.0515576
0.677469 0.0538398
0.618827 0.0570553
0.625 0.0571432
0.609568 0.0557596
0.648148 0.0543997
0.669753 0.0536116
0.654321 0.0535533
0.665123 0.0507009
0.637346 0.0488409
0.638889 0.046147
0.595679 0.0433747
0.591049 0.0415585
0.608025 0.0407212
0.657407 0.0394932
0.652778 0.039294
0.612654 0.0388244
0.618827 0.0389203
0.655864 0.0377502
0.665123 0.035767
0.66358 0.0324613
0.623457 0.0294249
0.632716 0.0270674
0.641975 0.0266779
0.643519 0.0252441
0.640432 0.0240619
0.666667 0.0227841
0.662037 0.0229436
0.671296 0.0236027
0.66821 0.0253071
0.623457 0.0276572
0.623457 0.0316436
0.652778 0.0356984
0.601852 0.0393939
0.597222 0.0416454
0.592593 0.0442935
0.58642 0.0461089
0.560185 0.0473766
0.578704 0.0485928
0.526235 0.0486004
0.591049 0.0480694
0.587963 0.0476892
0.608025 0.0474472
0.631173 0.0476521
0.662037 0.0497187
0.654321 0.0527206
0.669753 0.0554397
0.666667 0.0569603
0.666667 0.0592476
0.648148 0.0607657
0.67284 0.0621018
0.689815 0.0628593
0.683642 0.0635912
0.717593 0.0639396
0.70679 0.0635555
0.736111 0.0632012
0.759259 0.0629493
0.762346 0.0633493
0.766975 0.0628227
0.753086 0.0594298
0.770062 0.0570674
0.74537 0.0554208
0.737654 0.0529996
0.703704 0.0507596
0.736111 0.0491863
0.760802 0.0481916
0.756173 0.0476412
0.74537 0.0475052
0.751543 0.0454311
0.739198 0.0426125
0.717593 0.0395396
0.67284 0.0364336
0.66821 0.0342426
0.686728 0.0316606
0.716049 0.0288074
0.705247 0.0276403
0.694444 0.0272439
0.720679 0.0263302
0.725309 0.0259126
0.665123 0.0230729
0.621914 0.021593
0.666667 0.0185576
0.66358 0.0157773
0.638889 0.013803
0.657407 0.0118035
0.634259 0.00992884
0.591049 0.00840453
0.600309 0.00792554
0.612654 0.00862915
0.591049 0.0086457
0.594136 0.00915365
0.604938 0.00962801
0.587963 0.00989625
0.591049 0.00932355
0.569444 0.00954153
0.513889 0.0102482
0.518519 0.0106407
0.516975 0.0115779
0.567901 0.0111776
0.564815 0.011055
0.612654 0.0131396
0.603395 0.0153033
0.592593 0.0173859
0.612654 0.0196867
0.606481 0.0220688
0.612654 0.0242989
0.601852 0.0257293
0.584877 0.0259229
0.601852 0.0265174
0.617284 0.0276257
0.62963 0.0300405
0.649691 0.0324382
0.600309 0.0361579
0.54784 0.0396418
0.546296 0.0429443
0.58642 0.0457577
0.552469 0.0500084
0.560185 0.0529707
0.557099 0.05468
0.575617 0.0568199
0.603395 0.057787
0.654321 0.0581533
0.62963 0.0599649
0.631173 0.0610362
0.634259 0.0620515
0.658951 0.0613419
0.649691 0.0607988
0.671296 0.0627619
0.691358 0.061821
0.649691 0.0608794
0.665123 0.0595411
0.658951 0.0587951
0.679012 0.060861
0.649691 0.0635285
0.608025 0.0658126
0.648148 0.0677345
0.675926 0.0686831
0.70216 0.069878
0.694444 0.0699694
0.686728 0.0705267
0.648148 0.0714808
0.655864 0.0723916
0.655864 0.0756583
0.66821 0.078346
0.716049 0.0799186
0.665123 0.081172
0.665123 0.0813949
0.643519 0.0811144
0.651235 0.0809973
0.631173 0.0815221
0.655864 0.0816928
0.632716 0.0805212
0.58642 0.0792904
0.544753 0.0782539
0.580247 0.0777552
0.555556 0.0792741
0.574074 0.0819085
0.597222 0.0830555
0.592593 0.0831594
0.589506 0.0809474
0.606481 0.0792523
0.595679 0.079035
0.623457 0.0789579
0.597222 0.0783715
0.617284 0.077693
0.626543 0.0784672
0.62037 0.078316
0.645062 0.0797371
0.651235 0.0816606
0.641975 0.0842904
0.666667 0.0847662
0.614198 0.0862378
0.634259 0.0873935
0.649691 0.0894854
0.62963 0.0914655
0.635802 0.0924187
0.612654 0.0953986
0.618827 0.0991887
0.609568 0.103312
0.617284 0.108104
0.646605 0.11158
0.651235 0.112851
0.651235 0.113835
0.643519 0.115347
0.680556 0.116147
0.70679 0.115664
0.70679 0.11496
0.714506 0.114137
0.671296 0.114478
0.682099 0.117556
0.66821 0.120116
0.671296 0.121101
0.62963 0.120698
0.651235 0.120521
0.674383 0.119384
0.652778 0.118214
0.621914 0.115872
0.587963 0.113623
0.612654 0.111114
0.580247 0.10958
0.587963 0.106866
0.563272 0.103599
0.540123 0.0982354
0.530864 0.0920625
0.521605 0.0868017
0.524691 0.082683
0.549383 0.0788494
0.550926 0.0766872
0.530864 0.0732822
0.535494 0.0694193
0.563272 0.0656686
0.561728 0.0631739
0.558642 0.0613664
0.521605 0.0586691
0.566358 0.0551608
0.563272 0.0508213
0.567901 0.046788
0.555556 0.0441399
0.560185 0.0417254
0.554012 0.0393676
0.54321 0.0378169
0.563272 0.038935
0.578704 0.0410771
0.549383 0.045192
0.564815 0.0490132
0.58179 0.0509277
0.570988 0.0519332
0.566358 0.0529433
0.589506 0.0538361
0.57716 0.0567983
0.563272 0.0581166
0.520062 0.0591143
0.575617 0.0606386
0.575617 0.0610543
0.580247 0.0620605
0.591049 0.0623523
0.612654 0.0621335
0.606481 0.0634955
0.58642 0.066389
0.591049 0.0671697
0.591049 0.0666209
0.604938 0.0645749
0.578704 0.0617497
0.54321 0.0592912
0.533951 0.0570507
0.54321 0.055363
0.507716 0.0535442
0.472222 0.0512064
0.464506 0.0477607
0.501543 0.0453976
0.532407 0.0417646
0.526235 0.040092
0.558642 0.0368464
0.521605 0.0335465
0.541667 0.0314696
0.563272 0.0286174
0.557099 0.0268574
0.557099 0.0250035
0.527778 0.0233636
0.53858 0.0216093
0.524691 0.0205956
0.552469 0.0199469
0.544753 0.018761
0.53858 0.0176418
0.550926 0.0159092
0.575617 0.0143127
0.561728 0.0146767
0.611111 0.0149624
0.600309 0.0144372
0.608025 0.0141413
0.58642 0.015439
0.654321 0.0172778
0.62963 0.0175159
0.634259 0.0170114
0.637346 0.0146492
0.675926 0.011513
0.671296 0.00833413
0.643519 0.00571999
0.645062 0.00325038
0.626543 -0.00117082
0.600309 -0.00420132
0.600309 -0.00719844
0.646605 -0.0100659
0.631173 -0.0142598
0.669753 -0.0188329
0.671296 -0.0240342
0.712963 -0.0293895
0.703704 -0.0367443
0.695988 -0.0433187
0.722222 -0.0506192
0.70679 -0.0562764
0.716049 -0.061223
0.674383 -0.0669854
0.674383 -0.0730043
0.671296 -0.0799104
0.683642 -0.0852472
0.683642 -0.0896942
0.67284 -0.0938778
0.680556 -0.0969044
0.646605 -0.099727
0.625 -0.103013
0.640432 -0.10661
0.657407 -0.111035
0.705247 -0.114341
0.671296 -0.116769
0.70216 -0.11793
0.708333 -0.117137
0.665123 -0.115986
0.686728 -0.114908
0.705247 -0.116491
0.719136 -0.116685
0.71142 -0.116212
0.682099 -0.114914
0.716049 -0.112818
0.716049 -0.109006
0.655864 -0.108272
0.683642 -0.10884
0.66358 -0.109449
0.700617 -0.109364
0.665123 -0.10854
0.635802 -0.108044
0.598765 -0.106698
0.638889 -0.105045
0.652778 -0.103694
0.682099 -0.102134
0.655864 -0.0988455
0.674383 -0.0960246
0.686728 -0.0935498
0.729938 -0.0912285
0.760802 -0.0900226
0.753086 -0.0880485
0.760802 -0.0883847
0.774691 -0.0878369
0.805556 -0.0869238
0.785494 -0.0858906
0.790123 -0.0852125
0.785494 -0.0848076
0.782407 -0.0832812
0.802469 -0.082104
0.800926 -0.0827225
0.807099 -0.0820498
0.844136 -0.0814245
0.850309 -0.0802137
0.816358 -0.0810402
0.799383 -0.0815282
0.796296 -0.0814566
0.782407 -0.0815805
0.802469 -0.0813203
0.824074 -0.0804077
0.796296 -0.0806388
0.774691 -0.0796959
0.753086 -0.0804346
0.763889 -0.0826622
0.736111 -0.0849477
0.748457 -0.0864547
0.733025 -0.0873686
0.729938 -0.0878773
0.725309 -0.0862298
0.725309 -0.0821262
0.700617 -0.0791186
0.689815 -0.076174
0.658951 -0.073547
0.658951 -0.0720182
0.683642 -0.0695709
0.686728 -0.0670714
0.692901 -0.0654955
0.669753 -0.0661082
0.680556 -0.0669217
0.728395 -0.0665282
0.723765 -0.0682484
0.723765 -0.0684299
0.717593 -0.0688657
0.697531 -0.0686733
0.70216 -0.0683277
0.671296 -0.0683296
0.717593 -0.0694611
0.652778 -0.0695858
0.657407 -0.0683034
0.621914 -0.0663032
0.621914 -0.0671227
0.555556 -0.0679389
0.541667 -0.0671997
0.550926 -0.0666798
0.54321 -0.066159
0.584877 -0.0653291
0.609568 -0.0658658
0.612654 -0.0660839
0.632716 -0.0660276
0.635802 -0.0670117
0.635802 -0.06819
0.651235 -0.0694275
0.675926 -0.0694485
0.651235 -0.0690535
0.674383 -0.0684777
0.657407 -0.0674543
0.62037 -0.0661337
0.643519 -0.0629
0.645062 -0.0616436
0.640432 -0.0619328
0.606481 -0.0623286
0.631173 -0.0607587
0.62963 -0.0579531
0.621914 -0.0562999
0.592593 -0.0539824
0.592593 -0.0513181
0.57716 -0.0487776
0.557099 -0.0468651
0.540123 -0.0440774
0.578704 -0.0404773
0.564815 -0.038067
0.601852 -0.0342943
0.625 -0.0303939
0.617284 -0.0277662
0.612654 -0.0254409
0.578704 -0.0238622
0.557099 -0.020407
0.515432 -0.0194092
0.570988 -0.0184194
0.580247 -0.0168593
0.550926 -0.0133516
0.563272 -0.0100581
0.601852 -0.00535776
0.598765 -0.000683458
0.558642 0.00406523
0.57716 0.00745044
0.589506 0.0109316
0.563272 0.0124984
0.575617 0.0141281
0.570988 0.0165777
0.537037 0.0185684
0.535494 0.0213051
0.506173 0.0246079
0.507716 0.0263541
0.518519 0.0288653
0.530864 0.0303411
0.558642 0.0323236
0.561728 0.0347588
0.550926 0.0363032
0.563272 0.0365856
0.558642 0.0364766
0.62037 0.0353224
0.632716 0.0346165
0.621914 0.0342633
0.637346 0.0345341
0.631173 0.0340937
0.601852 0.0346174
0.615741 0.0353377
0.598765 0.0361973
0.623457 0.0364504
0.611111 0.0384204
0.651235 0.0412227
0.654321 0.0443011
0.66821 0.0463102
0.674383 0.0477435
0.674383 0.0485828
0.646605 0.0472535
0.623457 0.0471555
0.641975 0.0477217
0.643519 0.0500801
0.635802 0.0525484
0.611111 0.0556183
0.597222 0.057441
0.606481 0.059327
0.615741 0.0609343
0.634259 0.0632217
0.655864 0.0647134
0.686728 0.0670519
0.665123 0.070382
0.666667 0.0723223
0.669753 0.0732298
0.67284 0.0736774
0.666667 0.0723164
0.680556 0.0710548
0.671296 0.0697757
0.685185 0.0675806
0.662037 0.0663513
0.660494 0.0639758
0.655864 0.0606143
0.679012 0.0572618
0.658951 0.0539076
0.662037 0.0508639
0.591049 0.0472715
0.608025 0.0450481
0.621914 0.0409157
0.635802 0.0367323
0.618827 0.0327248
0.638889 0.0293869
0.634259 0.0258308
0.651235 0.0225188
0.640432 0.0190132
0.660494 0.0145639
0.632716 0.0107708
0.652778 0.00688019
0.689815 0.00400727
0.669753 0.000635046
0.649691 -0.00229807
0.652778 -0.00419963
0.682099 -0.00645184
0.719136 -0.00729498
0.734568 -0.00889589
0.669753 -0.00953614
0.658951 -0.0078628
0.680556 -0.00519411
0.651235 -0.00319867
0.646605 0.000178554
0.685185 0.00322985
0.675926 0.00604139
0.674383 0.00783587
0.655864 0.00853166
0.683642 0.0095657
0.669753 0.00959406
0.662037 0.00967275
0.635802 0.00975984
0.611111 0.00993114
0.597222 0.00710079
0.623457 0.00553517
0.635802 0.000790897
0.631173 -0.00492429
0.654321 -0.00924177
0.665123 -0.0127606
0.680556 -0.0151253
0.70216 -0.0167364
0.666667 -0.0193677
0.654321 -0.0249324
0.604938 -0.0294488
0.621914 -0.0323257
0.652778 -0.0334777
0.683642 -0.0366683
0.692901 -0.0391192
0.720679 -0.0415154
0.720679 -0.0428039
0.740741 -0.0433888
0.756173 -0.0433706
0.734568 -0.0459716
0.725309 -0.0485875
0.756173 -0.0506499
0.774691 -0.053913
0.79784 -0.0565453
0.837963 -0.0601491
0.847222 -0.063211
0.828704 -0.0659331
0.811728 -0.067282
0.814815 -0.0691129
0.779321 -0.0712039
0.783951 -0.0757126
0.766975 -0.0801483
0.776235 -0.0864589
0.770062 -0.0917362
0.79784 -0.0971094
0.770062 -0.10177
0.760802 -0.106362
0.757716 -0.110423
0.756173 -0.115845
0.742284 -0.120508
0.770062 -0.125108
0.777778 -0.128724
0.743827 -0.131968
0.728395 -0.134925
0.683642 -0.139644
0.675926 -0.143692
0.638889 -0.14787
0.591049 -0.151485
0.58179 -0.153093
0.592593 -0.153297
0.646605 -0.152287
0.654321 -0.1505
0.634259 -0.151037
0.635802 -0.150364
0.62963 -0.148413
0.637346 -0.147601
0.657407 -0.147078
0.62963 -0.146072
0.669753 -0.147239
0.691358 -0.148745
0.709877 -0.149937
0.719136 -0.150245
0.729938 -0.151836
0.742284 -0.153369
0.757716 -0.154021
0.717593 -0.153638
0.714506 -0.153509
0.657407 -0.152196
0.638889 -0.151006
0.645062 -0.151246
0.634259 -0.15068
0.666667 -0.149971
0.691358 -0.149335
0.700617 -0.149005
0.717593 -0.150044
0.726852 -0.151289
0.70679 -0.152088
0.70216 -0.153807
0.731481 -0.154321
0.726852 -0.153527
0.731481 -0.153024
0.753086 -0.15348
0.756173 -0.15273
0.729938 -0.152738
0.748457 -0.153
0.79784 -0.153614
0.770062 -0.152737
0.770062 -0.153368
0.75 -0.150368
0.743827 -0.148073
0.692901 -0.145218
0.699074 -0.142385
0.665123 -0.139424
0.703704 -0.136436
0.686728 -0.131343
0.725309 -0.125846
0.717593 -0.121374
0.714506 -0.117173
0.691358 -0.111648
0.708333 -0.106432
0.760802 -0.101336
0.779321 -0.0976714
0.748457 -0.0944968
0.782407 -0.0913227
0.760802 -0.0874312
0.746914 -0.083564
0.728395 -0.08125
0.717593 -0.0782853
0.699074 -0.0743498
0.685185 -0.0687494
0.67284 -0.0635774
0.70216 -0.0575809
0.719136 -0.0515451
0.719136 -0.0456716
0.734568 -0.0421937
0.75 -0.0378505
0.717593 -0.0338775
0.770062 -0.0297508
0.723765 -0.027055
0.719136 -0.024203
0.720679 -0.0196634
0.717593 -0.0176796
0.705247 -0.0157353
0.688272 -0.0138308
0.689815 -0.0111925
0.682099 -0.00801132
0.669753 -0.00561777
0.682099 -0.0016938
0.675926 0.00332744
0.712963 0.0077925
0.692901 0.0125136
0.689815 0.0156483
0.679012 0.018298
0.682099 0.0206401
0.671296 0.0209181
0.697531 0.02086
0.708333 0.0210584
0.756173 0.0222222
0.740741 0.0221213
0.75 0.0207284
0.751543 0.0195399
0.776235 0.0178149
0.79784 0.0177804
0.83179 0.0177954
0.800926 0.0181844
0.841049 0.0162197
0.814815 0.0166169
0.819444 0.0156929
0.833333 0.0137658
0.824074 0.0125478
0.819444 0.0110112
0.824074 0.00841285
0.766975 0.00739431
0.774691 0.00717376
0.811728 0.00812016
0.802469 0.00792601
0.808642 0.0068583
0.822531 0.00596717
0.78858 0.00550559
0.811728 0.00530027
0.817901 0.00551922
0.799383 0.00654173
0.799383 0.00616984
0.751543 0.00720632
0.729938 0.00723654
0.725309 0.00599664
0.717593 0.00537744
0.729938 0.0051162
0.748457 0.00602574
0.742284 0.00739851
0.712963 0.0102577
0.70679 0.01469
0.726852 0.0187889
0.712963 0.0224938
0.722222 0.0249723
0.729938 0.0284575
0.729938 0.0338488
0.695988 0.0404371
0.686728 0.0463758
0.683642 0.051212
0.634259 0.054803
0.641975 0.0572499
0.604938 0.0608921
0.62037 0.0628466
0.625 0.0650156
0.631173 0.0683629
0.598765 0.0702964
0.563272 0.0706091
0.574074 0.0715997
0.591049 0.0716379
0.640432 0.0734045
0.660494 0.0747989
0.677469 0.0772511
0.66821 0.0795741
0.686728 0.0812755
0.692901 0.0823403
0.725309 0.0829161
0.714506 0.0832932
0.780864 0.0852408
0.736111 0.0864014
0.731481 0.0870412
0.71142 0.0860794
0.705247 0.0864506
0.717593 0.0873039
0.71142 0.0893492
0.723765 0.0921129
0.759259 0.093561
0.763889 0.0951739
0.74537 0.0949147
0.734568 0.0938862
0.694444 0.0936375
0.70679 0.0917285
0.74537 0.0892798
0.712963 0.0875826
0.736111 0.086706
0.756173 0.0862984
0.723765 0.0871269
0.728395 0.0872072
0.762346 0.0873786
0.753086 0.0879816
0.743827 0.0892432
0.740741 0.0916974
0.725309 0.0911094
0.692901 0.0924751
0.682099 0.0923781
0.680556 0.0925049
0.665123 0.0911799
0.646605 0.0916995
0.689815 0.0924765
0.695988 0.0930677
0.708333 0.0915941
0.70679 0.0906793
0.691358 0.0910451
0.726852 0.0920987
0.703704 0.0925473
0.70679 0.0935453
0.694444 0.0953916
0.699074 0.0958308
0.66358 0.0941168
0.634259 0.0937674
0.674383 0.0919231
0.700617 0.0894946
0.67284 0.0877148
0.654321 0.0869237
0.657407 0.0847497
0.657407 0.0823608
0.658951 0.0804213
0.674383 0.080842
0.651235 0.0808842
0.645062 0.0802733
0.669753 0.0780241
0.669753 0.0771316
0.662037 0.0753434
0.675926 0.0724973
0.712963 0.0706583
0.736111 0.068803
0.760802 0.0660169
0.75 0.0649323
0.708333 0.0650862
0.685185 0.0645561
0.689815 0.063186
0.722222 0.0623855
0.729938 0.0622743
0.71142 0.062359
0.691358 0.0622501
0.682099 0.0617238
0.697531 0.0621148
0.71142 0.0621759
0.689815 0.0608677
0.686728 0.0595832
0.680556 0.0592234
0.694444 0.0587067
0.722222 0.0558752
0.722222 0.0542159
0.729938 0.0529979
0.703704 0.0508204
0.623457 0.0505321
0.62037 0.0515326
0.655864 0.0549046
0.662037 0.0575133
0.691358 0.0587602
0.723765 0.0607774
0.75 0.0624064
0.790123 0.0625168
0.804012 0.0621251
0.79321 0.0606591
0.785494 0.0601218
0.765432 0.0579938
0.766975 0.0563516
0.746914 0.0548887
0.705247 0.0545886
0.746914 0.0560396
0.746914 0.0571069
0.723765 0.0605971
0.746914 0.0637665
0.779321 0.0671108
0.742284 0.0690157
0.728395 0.0720604
0.753086 0.074914
0.768519 0.0771695
0.777778 0.0767994
0.762346 0.0770911
0.776235 0.078163
0.762346 0.0788152
0.796296 0.0805799
0.799383 0.0812078
0.79784 0.0836681
0.782407 0.0840495
0.811728 0.0837813
0.808642 0.0849129
0.79784 0.0858272
0.810185 0.0843306
0.830247 0.0850962
0.825617 0.0861746
0.844136 0.0889008
0.834877 0.0903565
0.822531 0.0927853
0.83642 0.0945468
0.865741 0.0955577
0.830247 0.0976787
0.807099 0.0977726
0.802469 0.0954845
0.79784 0.0927484
0.79784 0.0918768
0.794753 0.0907068
0.794753 0.0894405
0.805556 0.0884775
0.790123 0.0876218
0.79784 0.0871941
0.816358 0.0851762
0.804012 0.0836753
0.802469 0.0814665
0.779321 0.0797964
0.773148 0.077383
0.757716 0.0783253
0.757716 0.0795165
0.743827 0.0804261
0.759259 0.0818803
0.760802 0.0822128
0.742284 0.0809188
0.739198 0.0783051
0.766975 0.0749641
0.753086 0.0705964
0.766975 0.0661377
0.737654 0.0609659
0.75463 0.0567644
0.748457 0.050777
0.75463 0.0459057
0.719136 0.0405187
0.714506 0.0333444
0.700617 0.026372
0.705247 0.0215584
0.70679 0.0173659
0.692901 0.0144552
0.695988 0.0113413
0.652778 0.00777247
0.662037 0.00801973
0.652778 0.00745745
0.655864 0.00688401
0.628086 0.0083142
0.617284 0.00909706
0.637346 0.0116948
0.643519 0.0125671
0.631173 0.0133301
0.645062 0.0126404
0.685185 0.0108709
0.646605 0.00863598
0.62963 0.0068796
0.631173 0.00639387
0.62037 0.00641475
0.570988 0.00663223
0.520062 0.00880797
0.563272 0.00980338
0.591049 0.0125375
0.628086 0.0163115
0.641975 0.0192525
0.62963 0.0218442
0.566358 0.024265
0.529321 0.0255001
0.498457 0.0245412
0.486111 0.0221401
0.501543 0.0216687
0.507716 0.0218915
0.503086 0.021813
0.558642 0.0224727
0.54784 0.0242432
0.558642 0.0259261
0.544753 0.0275289
0.478395 0.0288097
0.510802 0.0288296
0.489198 0.0299508
0.469136 0.0301339
0.438272 0.0320129
0.390432 0.0338078
0.37037 0.0351301
0.37963 0.0362445
0.412037 0.0373799
0.432099 0.0382581
0.436728 0.0380229
0.473765 0.0381436
0.481481 0.0415769
0.483025 0.0447214
0.486111 0.0452789
0.493827 0.0463448
0.490741 0.0462814
0.486111 0.0470797
0.483025 0.0482956
0.475309 0.0497996
0.483025 0.05244
0.492284 0.0541702
0.501543 0.0564194
0.490741 0.0593424
0.516975 0.0619202
0.530864 0.0649003
0.458333 0.0693776
0.486111 0.0725095
0.464506 0.0766146
0.393519 0.0804236
0.365741 0.0855667
0.433642 0.088543
0.478395 0.0913392
0.473765 0.0947225
0.455247 0.0966131
0.478395 0.0970926
0.459877 0.0958496
0.438272 0.0963311
0.455247 0.0995924
0.464506 0.103038
0.472222 0.10505
0.5 0.107044
0.493827 0.109639
0.486111 0.110996
0.484568 0.112295
0.478395 0.114145
0.450617 0.115957
0.467593 0.117915
0.478395 0.120322
0.481481 0.122086
0.450617 0.123555
0.455247 0.124555
0.489198 0.125658
0.470679 0.126222
0.506173 0.126673
0.515432 0.126899
0.54321 0.12927
0.533951 0.131384
0.54784 0.133096
0.521605 0.13473
0.520062 0.136165
0.524691 0.138399
0.476852 0.139462
0.445988 0.141187
0.427469 0.1437
0.402778 0.145211
0.395062 0.146751
0.362654 0.150029
0.359568 0.15174
0.378086 0.152232
0.358025 0.154056
0.378086 0.156038
0.407407 0.156708
0.466049 0.155892
0.435185 0.154707
0.45216 0.152183
0.464506 0.152544
0.501543 0.151774
0.486111 0.150924
0.503086 0.14921
0.45216 0.152211
0.415123 0.154873
0.390432 0.157051
0.441358 0.156857
0.429012 0.15704
0.412037 0.158654
0.412037 0.160255
0.438272 0.162194
0.453704 0.163195
0.433642 0.162587
0.439815 0.160805
0.5 0.158094
0.512346 0.155872
0.535494 0.15325
0.524691 0.150213
0.527778 0.147715
0.512346 0.145932
0.552469 0.144742
0.58179 0.144302
0.530864 0.144775
0.535494 0.148167
0.558642 0.149324
0.564815 0.149984
0.550926 0.150776
0.561728 0.149123
0.535494 0.148591
0.515432 0.149755
0.537037 0.150414
0.53858 0.15184
0.510802 0.152754
0.484568 0.155521
0.449074 0.159619
0.46142 0.162776
0.49537 0.166832
0.470679 0.169149
0.50463 0.170482
0.512346 0.172118
0.527778 0.174406
0.507716 0.17666
0.492284 0.179053
0.512346 0.180812
0.487654 0.181738
0.489198 0.182216
0.506173 0.181658
0.518519 0.180933
0.523148 0.18032
0.537037 0.181214
0.535494 0.178903
0.569444 0.176824
0.594136 0.176574
0.615741 0.176099
0.603395 0.174186
0.626543 0.172595
0.649691 0.171364
0.649691 0.167303
0.692901 0.160665
0.658951 0.153513
0.62037 0.147698
0.669753 0.141163
0.628086 0.136899
0.62037 0.134873
0.640432 0.133799
0.660494 0.131605
0.609568 0.129404
0.598765 0.126346
0.583333 0.122093
0.591049 0.118986
0.595679 0.117823
0.612654 0.114101
0.597222 0.112464
0.597222 0.110867
0.584877 0.109632
0.591049 0.108717
0.564815 0.105388
0.603395 0.0997528
0.567901 0.0949454
0.560185 0.0903834
0.587963 0.0845252
0.595679 0.0782809
0.589506 0.0724013
0.62037 0.0667651
0.626543 0.0602977
0.654321 0.0551254
0.638889 0.0493699
0.640432 0.0437723
0.611111 0.037333
0.649691 0.0322883
0.675926 0.0287138
0.652778 0.0247684
0.645062 0.02065
0.648148 0.0159626
0.600309 0.0122901
0.621914 0.00952762
0.617284 0.00663357
0.615741 0.00436569
0.632716 0.00337492
0.646605 0.00107267
0.617284 -0.000839034
0.632716 -0.00248589
0.638889 -0.00272469
0.658951 -0.00377303
0.665123 -0.00606498
0.651235 -0.00900268
0.66358 -0.0133072
0.665123 -0.0160355
0.634259 -0.0190933
0.648148 -0.0193008
0.641975 -0.0209796
0.643519 -0.0212353
0.66821 -0.0202496
0.666667 -0.0187303
0.677469 -0.0172517
0.719136 -0.0167905
0.683642 -0.0188724
0.680556 -0.0194198
0.660494 -0.0205634
0.683642 -0.0202278
0.666667 -0.0206774
0.666667 -0.0224502
0.634259 -0.025275
0.643519 -0.0306579
0.623457 -0.0349667
0.615741 -0.0407252
0.628086 -0.0455313
0.665123 -0.0490337
0.666667 -0.0527692
0.679012 -0.0570874
0.700617 -0.0637129
0.677469 -0.0694824
0.695988 -0.0743785
0.649691 -0.0765473
0.651235 -0.0784951
0.649691 -0.0781757
0.637346 -0.0783854
0.699074 -0.0794805
0.728395 -0.0820296
0.751543 -0.0837295
0.753086 -0.0821296
0.736111 -0.0816895
0.75 -0.0802378
0.75 -0.081585
0.751543 -0.0822863
0.733025 -0.0826762
0.746914 -0.0826596
0.739198 -0.0829706
0.756173 -0.084825
0.760802 -0.0868834
0.766975 -0.088762
0.766975 -0.0893319
0.780864 -0.0906401
0.782407 -0.0912477
0.782407 -0.092458
0.796296 -0.0936275
0.756173 -0.093633
0.770062 -0.091479
0.740741 -0.0904424
0.753086 -0.0886581
0.766975 -0.0869756
0.770062 -0.0855763
0.757716 -0.0870466
0.725309 -0.0879896
0.75463 -0.0893459
0.746914 -0.0927885
0.790123 -0.0967657
0.799383 -0.101243
0.773148 -0.106741
0.779321 -0.111901
0.79784 -0.114144
0.830247 -0.116054
0.799383 -0.118879
0.805556 -0.120767
0.819444 -0.120421
0.814815 -0.118851
0.802469 -0.115207
0.820988 -0.110666
0.833333 -0.105426
0.83642 -0.0987611
0.804012 -0.0937904
0.787037 -0.0904247
0.766975 -0.087519
0.751543 -0.0864527
0.782407 -0.0825834
0.773148 -0.0780814
0.75 -0.075207
0.746914 -0.0713715
0.765432 -0.0696657
0.78858 -0.0685635
0.802469 -0.0680895
0.816358 -0.0667193
0.799383 -0.0639873
0.776235 -0.062513
0.780864 -0.0602763
0.734568 -0.0586558
0.74537 -0.0583228
0.728395 -0.058779
0.705247 -0.0595892
0.71142 -0.0611006
0.675926 -0.0626018
0.700617 -0.0636041
0.712963 -0.0627119
0.734568 -0.0619089
0.766975 -0.0617809
0.783951 -0.0627677
0.785494 -0.0658788
0.776235 -0.0674986
0.760802 -0.0694321
0.739198 -0.0698001
0.723765 -0.069133
0.70679 -0.0681877
0.680556 -0.0677553
0.671296 -0.0671355
0.682099 -0.067039
0.665123 -0.065623
0.645062 -0.0662745
0.657407 -0.0642467
0.674383 -0.0635248
0.675926 -0.0624138
0.695988 -0.0621161
0.71142 -0.0625075
0.719136 -0.0651697
0.712963 -0.0673602
0.716049 -0.0685373
0.75 -0.0699421
0.746914 -0.0714369
0.74537 -0.0736209
0.740741 -0.0736697
0.695988 -0.0735364
0.697531 -0.0749654
0.694444 -0.0739852
0.679012 -0.0740833
0.699074 -0.0747659
0.686728 -0.0756437
0.662037 -0.0747887
0.697531 -0.0733951
0.657407 -0.0722304
0.638889 -0.0708003
0.628086 -0.0690741
0.645062 -0.0668512
0.660494 -0.0655556
0.699074 -0.0652974
0.675926 -0.0660152
0.649691 -0.0653318
0.660494 -0.0627246
0.651235 -0.0607725
0.688272 -0.0598936
0.699074 -0.0592884
0.722222 -0.0579999
0.728395 -0.0578783
0.733025 -0.0567388
0.757716 -0.0550672
0.783951 -0.0515892
0.794753 -0.0501582
0.770062 -0.0508841
0.807099 -0.0513709
0.787037 -0.05045
0.802469 -0.0495545
0.810185 -0.0511723
0.791667 -0.0523537
0.760802 -0.0557409
0.766975 -0.0590364
0.791667 -0.0634379
0.814815 -0.0682839
0.780864 -0.0734044
0.777778 -0.079799
0.75463 -0.085659
0.712963 -0.0899827
0.70679 -0.0954303
0.726852 -0.101172
0.75 -0.105453
0.726852 -0.110976
0.739198 -0.117438
0.720679 -0.126485
0.692901 -0.134407
0.697531 -0.138361
0.705247 -0.14405
0.657407 -0.15047
0.640432 -0.157576
0.688272 -0.162236
0.70679 -0.167777
0.722222 -0.1728
0.714506 -0.179615
0.705247 -0.184846
0.708333 -0.191051
0.682099 -0.196214
0.708333 -0.201838
0.697531 -0.20582
0.71142 -0.210977
0.708333 -0.214504
0.729938 -0.215273
0.734568 -0.215476
0.709877 -0.215766
0.692901 -0.216392
0.703704 -0.216223
0.709877 -0.214349
0.737654 -0.213454
0.717593 -0.212245
0.674383 -0.212378
0.700617 -0.212726
0.70216 -0.211244
0.677469 -0.209151
0.677469 -0.207843
0.712963 -0.204605
0.666667 -0.20213
0.645062 -0.197955
0.648148 -0.195343
0.674383 -0.193933
0.675926 -0.193415
0.655864 -0.191074
0.689815 -0.190032
0.677469 -0.188466
0.70679 -0.186561
0.728395 -0.182656
0.737654 -0.181479
0.740741 -0.181658
0.691358 -0.181131
0.733025 -0.178506
0.723765 -0.175639
0.753086 -0.1719
0.762346 -0.170017
0.708333 -0.167
0.70216 -0.165008
0.708333 -0.163346
0.733025 -0.159554
0.723765 -0.157366
0.699074 -0.157236
0.700617 -0.153731
0.688272 -0.151022
0.70216 -0.146753
0.716049 -0.144742
0.688272 -0.142839
0.697531 -0.139299
0.70679 -0.136157
0.689815 -0.132249
0.699074 -0.1288
0.689815 -0.123091
0.703704 -0.120274
0.697531 -0.116003
0.722222 -0.11198
0.751543 -0.108222
0.742284 -0.107066
0.71142 -0.106936
0.728395 -0.10782
0.731481 -0.107784
0.776235 -0.107135
0.78858 -0.105464
0.776235 -0.106974
0.757716 -0.108022
0.779321 -0.108473
0.753086 -0.108296
0.728395 -0.109682
0.748457 -0.109162
0.756173 -0.11033
0.759259 -0.113088
0.67284 -0.116559
0.655864 -0.11846
0.62037 -0.119654
0.615741 -0.120755
0.584877 -0.12089
0.533951 -0.120661
0.555556 -0.121461
0.587963 -0.121312
0.594136 -0.120334
0.567901 -0.11819
0.532407 -0.116862
0.50463 -0.117205
0.449074 -0.118996
0.447531 -0.119671
0.492284 -0.121319
0.503086 -0.124054
0.462963 -0.127592
0.489198 -0.129445
0.509259 -0.130818
0.483025 -0.131942
0.516975 -0.132492
0.526235 -0.131933
0.5 -0.13092
0.515432 -0.128211
0.554012 -0.125191
0.557099 -0.120689
0.557099 -0.11529
0.526235 -0.109053
0.552469 -0.104723
0.62963 -0.101408
0.58179 -0.0978551
0.521605 -0.0961802
0.498457 -0.0948827
0.464506 -0.0932771
0.484568 -0.0920302
0.498457 -0.0915327
0.464506 -0.0903803
0.492284 -0.0875925
0.489198 -0.0864738
0.484568 -0.0833257
0.49537 -0.0802669
0.462963 -0.0762202
0.464506 -0.0745307
0.459877 -0.0728615
0.490741 -0.0702721
0.50463 -0.067122
0.481481 -0.0665105
0.433642 -0.0629825
0.402778 -0.0600202
0.353395 -0.0564877
0.337963 -0.0524241
0.353395 -0.0477852
0.325617 -0.0425616
0.33179 -0.0386251
0.341049 -0.0374467
0.342593 -0.0346942
0.387346 -0.0325942
0.405864 -0.0308907
0.393519 -0.0311054
0.405864 -0.0328561
0.408951 -0.0346592
0.402778 -0.0352255
0.429012 -0.0339017
0.42284 -0.0317961
0.439815 -0.0309763
0.445988 -0.0308287
0.427469 -0.0281205
0.455247 -0.0262542
0.425926 -0.0250735
0.427469 -0.0247735
0.419753 -0.0243044
0.396605 -0.0249311
0.398148 -0.02616
0.419753 -0.0276373
0.424383 -0.0290311
0.438272 -0.0288919
0.425926 -0.0286403
0.425926 -0.0271786
0.469136 -0.0249176
0.484568 -0.0237753
0.476852 -0.0225954
0.483025 -0.0199939
0.45216 -0.0176669
0.467593 -0.0153358
0.490741 -0.013616
0.45216 -0.0138557
0.492284 -0.012714
0.518519 -0.0122217
0.506173 -0.011784
0.529321 -0.0137574
0.507716 -0.0153651
0.484568 -0.0157585
0.509259 -0.0164361
0.54321 -0.0161145
0.54784 -0.0144267
0.54321 -0.0122556
0.53858 -0.00900976
0.520062 -0.00736432
0.524691 -0.00667664
0.515432 -0.00629571
0.496914 -0.00617227
0.564815 -0.00708823
0.578704 -0.00651196
0.591049 -0.00759572
0.564815 -0.00857449
0.554012 -0.0101987
0.552469 -0.0116524
0.554012 -0.0128612
0.516975 -0.0133363
0.484568 -0.0153356
0.496914 -0.0182575
0.541667 -0.0220481
0.57716 -0.0247864
0.554012 -0.0277471
0.598765 -0.0272854
0.589506 -0.026277
0.58179 -0.0278748
0.575617 -0.0279455
0.589506 -0.0288529
0.587963 -0.0312617
0.589506 -0.0327189
0.608025 -0.0316209
0.603395 -0.0302638
0.592593 -0.0307556
0.583333 -0.032952
0.567901 -0.0345769
0.566358 -0.0380557
0.566358 -0.0409248
0.524691 -0.0442739
0.523148 -0.0478403
0.572531 -0.0493832
0.580247 -0.0512701
0.609568 -0.0511036
0.591049 -0.0513674
0.603395 -0.0513653
0.57716 -0.0504878
0.558642 -0.0491624
0.524691 -0.0472521
0.558642 -0.0469675
0.526235 -0.0491088
0.524691 -0.050542
0.493827 -0.0526449
0.496914 -0.0563933
0.486111 -0.0579923
0.439815 -0.0562647
0.458333 -0.0529649
0.464506 -0.0492692
0.470679 -0.0433526
0.449074 -0.036951
0.486111 -0.0338365
0.493827 -0.0315331
0.498457 -0.0275636
0.527778 -0.0256401
0.557099 -0.0219293
0.533951 -0.019788
0.546296 -0.018085
0.535494 -0.0174442
0.544753 -0.0170327
0.530864 -0.0175922
0.518519 -0.0182536
0.516975 -0.0179897
0.521605 -0.0176417
0.506173 -0.0181579
0.503086 -0.0168487
0.492284 -0.0161228
0.510802 -0.0152318
0.524691 -0.0131252
0.523148 -0.0128489
0.583333 -0.014672
0.555556 -0.017505
0.584877 -0.0192091
0.618827 -0.0213732
0.611111 -0.0226278
0.608025 -0.0248686
0.628086 -0.0253165
0.652778 -0.0258337
0.665123 -0.0277077
0.691358 -0.0298221
0.699074 -0.0308531
0.683642 -0.0296944
0.728395 -0.0309129
0.74537 -0.0300986
0.743827 -0.0299152
0.70216 -0.0293396
0.632716 -0.029131
0.603395 -0.0270842
0.608025 -0.0250329
0.592593 -0.0236397
0.567901 -0.0232025
0.594136 -0.024023
0.641975 -0.0256132
0.598765 -0.0293079
0.638889 -0.0305892
0.651235 -0.0314492
0.665123 -0.0327239
0.680556 -0.0353936
0.601852 -0.0362079
0.615741 -0.0351565
0.563272 -0.0334553
0.58642 -0.0333372
0.591049 -0.0320221
0.608025 -0.0314183
0.614198 -0.0311561
0.626543 -0.030064
0.609568 -0.0303192
0.625 -0.0266137
0.609568 -0.0235604
0.623457 -0.0175469
0.652778 -0.0129628
0.637346 -0.00955551
0.618827 -0.00925966
0.612654 -0.00860727
0.655864 -0.0072527
0.66358 -0.00733486
0.67284 -0.00938093
0.625 -0.0130127
0.643519 -0.0125755
0.637346 -0.0140938
0.628086 -0.0130223
0.654321 -0.0127168
0.628086 -0.00978105
0.660494 -0.00805568
0.674383 -0.00667007
0.699074 -0.00641418
0.691358 -0.00493715
0.703704 -0.00392769
0.679012 -0.00331341
0.70216 -0.00427573
0.695988 -0.00518739
0.731481 -0.00709255
0.742284 -0.0102684
0.757716 -0.0141435
0.765432 -0.0194244
0.768519 -0.0224356
0.759259 -0.0275587
0.777778 -0.0321042
0.774691 -0.0346442
0.787037 -0.0371928
0.796296 -0.0402407
0.765432 -0.0441859
0.783951 -0.04966
0.824074 -0.0537817
0.816358 -0.0591542
0.79321 -0.0654684
0.79321 -0.0710689
0.771605 -0.0765352
0.756173 -0.081714
0.737654 -0.084842
0.742284 -0.0872141
0.779321 -0.0888216
0.79321 -0.0882511
0.777778 -0.0857989
0.731481 -0.0828357
0.731481 -0.0834686
0.703704 -0.0824297
0.739198 -0.0805818
0.729938 -0.0775728
0.734568 -0.0751375
0.766975 -0.0689385
0.770062 -0.0650266
0.753086 -0.0636412
0.762346 -0.0617345
0.75 -0.0610657
0.748457 -0.0594074
0.728395 -0.060215
0.71142 -0.0595861
0.734568 -0.0602652
0.708333 -0.0604577
0.719136 -0.0605758
0.725309 -0.0604996
0.751543 -0.0581787
0.780864 -0.0574918
0.805556 -0.0571268
0.800926 -0.0592475
0.746914 -0.0602971
0.763889 -0.0592834
0.779321 -0.0588003
0.783951 -0.0587828
0.768519 -0.0604806
0.74537 -0.061862
0.763889 -0.0627168
0.748457 -0.0616241
0.765432 -0.0610451
0.748457 -0.0597923
0.729938 -0.0592862
0.70679 -0.0582827
0.682099 -0.0569543
0.674383 -0.0564884
0.677469 -0.0561518
0.682099 -0.0564973
0.669753 -0.055125
0.688272 -0.0539103
0.657407 -0.0521471
0.675926 -0.0496738
0.649691 -0.0451143
0.631173 -0.0407424
0.606481 -0.0369087
0.570988 -0.0340239
0.584877 -0.0309325
0.583333 -0.0274216
0.57716 -0.0251501
0.592593 -0.0228488
0.595679 -0.0229261
0.584877 -0.020432
0.589506 -0.019851
0.592593 -0.0199656
0.58179 -0.0210587
0.572531 -0.0223767
0.611111 -0.0224951
0.597222 -0.0213883
0.615741 -0.0213636
0.595679 -0.0226517
0.591049 -0.0279002
0.591049 -0.0320032
0.626543 -0.0358895
0.628086 -0.0403364
0.646605 -0.0451166
0.662037 -0.0472067
0.683642 -0.0491553
0.679012 -0.0520997
0.666667 -0.0522689
0.67284 -0.0547107
0.680556 -0.056902
0.657407 -0.0575898
0.648148 -0.0589438
0.652778 -0.0602024
0.692901 -0.0639599
0.686728 -0.0652578
0.640432 -0.0653042
0.646605 -0.0649742
0.677469 -0.0676428
0.643519 -0.0725213
0.625 -0.0776443
0.62963 -0.0807267
0.669753 -0.0834176
0.689815 -0.0840994
0.692901 -0.0853261
0.705247 -0.0876522
0.658951 -0.0893554
0.641975 -0.0927909
0.660494 -0.0959343
0.657407 -0.100191
0.654321 -0.102038
0.640432 -0.103517
0.662037 -0.106428
0.680556 -0.108434
0.680556 -0.110674
0.729938 -0.114606
0.736111 -0.117841
0.731481 -0.119738
0.762346 -0.12144
0.74537 -0.124412
0.743827 -0.127083
0.756173 -0.130028
0.799383 -0.132956
0.817901 -0.136617
0.799383 -0.138229
0.807099 -0.138077
0.828704 -0.137052
0.802469 -0.135369
0.822531 -0.131224
0.799383 -0.126059
0.776235 -0.122292
0.729938 -0.116307
0.70679 -0.111562
0.725309 -0.106896
0.759259 -0.102679
0.762346 -0.0946921
0.765432 -0.0886448
0.728395 -0.0823086
0.748457 -0.0770857
0.734568 -0.0728204
0.709877 -0.0662471
0.697531 -0.0619033
0.695988 -0.0571677
0.760802 -0.0533521
0.771605 -0.0513128
0.773148 -0.049447
0.75463 -0.0457725
0.723765 -0.0427449
0.671296 -0.0441213
0.697531 -0.0480968
0.70216 -0.0516959
0.742284 -0.0535111
0.739198 -0.05344
0.70216 -0.0545166
0.726852 -0.0565304
0.694444 -0.0600531
0.660494 -0.0608935
0.648148 -0.0630442
0.682099 -0.0654368
0.689815 -0.0655248
0.70679 -0.0641482
0.694444 -0.0629683
0.677469 -0.0633434
0.694444 -0.0650026
0.699074 -0.0664322
0.658951 -0.0696776
0.658951 -0.0728895
0.660494 -0.076905
0.675926 -0.0788237
0.674383 -0.0811903
0.688272 -0.082805
0.695988 -0.0834362
0.688272 -0.0833869
0.734568 -0.0830244
0.680556 -0.0804786
0.631173 -0.0770064
0.648148 -0.0763116
0.635802 -0.0750557
0.621914 -0.0727506
0.658951 -0.0706349
0.697531 -0.0678552
0.737654 -0.0678709
0.722222 -0.0674985
0.740741 -0.0667925
0.770062 -0.0668459
0.794753 -0.0657398
0.753086 -0.0648161
0.768519 -0.0664745
0.771605 -0.0681126
0.753086 -0.0683957
0.751543 -0.0691579
0.765432 -0.0704684
0.763889 -0.071477
0.763889 -0.0707858
0.71142 -0.0704715
0.703704 -0.0716196
0.682099 -0.072722
0.680556 -0.0744112
0.714506 -0.0753025
0.716049 -0.077118
0.762346 -0.0776213
0.805556 -0.0779134
0.79784 -0.0780709
0.791667 -0.0802348
0.791667 -0.082002
0.794753 -0.0838023
0.811728 -0.0873976
0.825617 -0.0880956
0.796296 -0.0868723
0.79784 -0.0868648
0.820988 -0.0852538
0.824074 -0.0835922
0.828704 -0.082231
0.841049 -0.0806253
0.811728 -0.0799084
0.787037 -0.0782613
0.79321 -0.0768867
0.777778 -0.0758424
0.739198 -0.076312
0.762346 -0.0778058
0.766975 -0.0804234
0.736111 -0.0831475
0.748457 -0.0872376
0.731481 -0.0923018
0.766975 -0.0948519
0.768519 -0.0989696
0.765432 -0.103506
0.743827 -0.108933
0.753086 -0.113773
0.74537 -0.117801
0.75463 -0.121413
0.765432 -0.123827
0.779321 -0.128417
0.75 -0.132254
0.728395 -0.135628
0.70679 -0.137742
0.697531 -0.139238
0.709877 -0.140992
0.70679 -0.145466
0.723765 -0.148893
0.726852 -0.15132
0.726852 -0.155323
0.748457 -0.15838
0.723765 -0.161981
0.736111 -0.161739
0.756173 -0.161352
0.800926 -0.159625
0.785494 -0.156678
0.75463 -0.155129
0.779321 -0.154779
0.794753 -0.156683
0.794753 -0.154714
0.819444 -0.153059
0.808642 -0.152342
0.777778 -0.153277
0.756173 -0.156536
0.791667 -0.163711
0.768519 -0.170611
0.765432 -0.176855
0.794753 -0.180808
0.75463 -0.184555
0.773148 -0.189276
0.765432 -0.19438
0.712963 -0.200959
0.742284 -0.206438
0.768519 -0.211842
0.74537 -0.21595
0.714506 -0.219324
0.780864 -0.222801
0.787037 -0.227078
0.804012 -0.229867
0.774691 -0.234256
0.782407 -0.239625
0.765432 -0.24179
0.791667 -0.246725
0.774691 -0.252354
0.774691 -0.260687
0.742284 -0.26803
0.739198 -0.273768
0.787037 -0.282749
0.813272 -0.287419
0.814815 -0.293399
0.776235 -0.295737
0.773148 -0.299448
0.770062 -0.302683
0.776235 -0.305635
0.787037 -0.309388
0.794753 -0.312434
0.773148 -0.314901
0.805556 -0.316986
0.774691 -0.317616
0.760802 -0.319202
0.760802 -0.320559
0.742284 -0.320972
0.74537 -0.323861
0.768519 -0.32509
0.756173 -0.327454
0.771605 -0.327949
0.742284 -0.326654
0.705247 -0.324783
0.697531 -0.326477
0.712963 -0.32839
0.708333 -0.328727
0.699074 -0.327456
0.705247 -0.325523
0.691358 -0.324984
0.651235 -0.325898
0.66821 -0.327142
0.66821 -0.325845
0.67284 -0.32414
0.669753 -0.317656
0.688272 -0.310704
0.682099 -0.303727
0.680556 -0.295175
0.662037 -0.287815
0.617284 -0.282029
0.623457 -0.27944
0.658951 -0.274268
0.685185 -0.269834
0.686728 -0.264163
0.686728 -0.26125
0.70679 -0.256724
0.734568 -0.252537
0.736111 -0.249451
0.74537 -0.246073
0.763889 -0.243631
0.748457 -0.238619
0.763889 -0.233862
0.757716 -0.228661
0.78858 -0.225246
0.743827 -0.222999
0.705247 -0.220306
0.703704 -0.214561
0.651235 -0.208617
0.685185 -0.202466
0.679012 -0.196296
0.646605 -0.19155
0.689815 -0.186589
0.728395 -0.184265
0.703704 -0.184529
0.709877 -0.18441
0.728395 -0.182812
0.717593 -0.180863
0.708333 -0.17904
0.708333 -0.178534
0.725309 -0.176257
0.716049 -0.174686
0.709877 -0.173831
0.674383 -0.172518
0.658951 -0.170083
0.682099 -0.166506
0.705247 -0.163743
0.723765 -0.160715
0.692901 -0.156884
0.675926 -0.153178
0.671296 -0.147225
0.66358 -0.140404
0.67284 -0.131696
0.67284 -0.124302
0.631173 -0.115263
0.688272 -0.107175
0.714506 -0.0995879
0.733025 -0.0923453
0.709877 -0.0881693
0.699074 -0.0832002
0.691358 -0.0782405
0.680556 -0.0710924
0.689815 -0.0649858
0.67284 -0.0563351
0.679012 -0.0494435
0.645062 -0.0438581
0.628086 -0.036758
0.606481 -0.0288318
0.614198 -0.0237548
0.625 -0.018383
0.623457 -0.0134785
0.62037 -0.00777666
0.57716 -0.00320759
0.560185 -0.000495961
0.564815 0.000390994
0.546296 0.00261282
0.524691 0.00277271
0.516975 0.00264715
0.487654 0.000860256
0.520062 -0.00148407
0.509259 -0.00284437
0.481481 -0.00291516
0.469136 -0.00214623
0.478395 -0.00371696
0.421296 -0.00503165
0.393519 -0.00507152
0.425926 -0.00631261
0.479938 -0.00629487
0.46142 -0.00655835
0.520062 -0.0037471
0.503086 0.00105613
0.469136 0.00546367
0.518519 0.010147
0.541667 0.0159906
0.560185 0.0227058
0.549383 0.0296398
0.572531 0.0355935
0.557099 0.0442301
0.560185 0.0531451
0.53858 0.0604811
0.578704 0.0651251
0.598765 0.0682299
0.592593 0.0723324
0.560185 0.0759161
0.54784 0.0786738
0.589506 0.0823423
0.615741 0.0831669
0.62963 0.0833994
0.645062 0.0815434
0.645062 0.0799215
0.658951 0.0770904
0.66358 0.0763112
0.683642 0.0762321
0.67284 0.0775692
0.66358 0.0795781
0.669753 0.0818822
0.662037 0.0855212
0.652778 0.0886726
0.623457 0.0942515
0.604938 0.0984588
0.617284 0.0994998
0.628086 0.101284
0.649691 0.10332
0.677469 0.105457
0.623457 0.106338
0.572531 0.105084
0.566358 0.10436
0.575617 0.105644
0.563272 0.107409
0.592593 0.107947
0.566358 0.107691
0.54784 0.107498
0.584877 0.106053
0.597222 0.10566
0.609568 0.103912
0.600309 0.103681
0.601852 0.104703
0.606481 0.105272
0.589506 0.105864
0.597222 0.107298
0.609568 0.107873
0.603395 0.109661
0.567901 0.109686
0.600309 0.109942
0.603395 0.110671
0.603395 0.110577
0.611111 0.113877
0.646605 0.11762
0.692901 0.119409
0.709877 0.121516
0.679012 0.125083
0.674383 0.127064
0.692901 0.128774
0.719136 0.127691
0.695988 0.126775
0.689815 0.124851
0.658951 0.124519
0.654321 0.125046
0.635802 0.125
0.658951 0.124595
0.662037 0.124274
0.66358 0.125491
0.694444 0.127136
0.683642 0.128221
0.66821 0.128824
0.648148 0.128764
0.615741 0.129658
0.635802 0.130164
0.632716 0.130697
0.634259 0.133057
0.618827 0.135805
0.643519 0.137558
0.637346 0.14104
0.62963 0.142585
0.674383 0.143982
0.677469 0.143721
0.70679 0.143472
0.742284 0.142059
0.70679 0.140722
0.680556 0.140275
0.638889 0.140758
0.689815 0.140348
0.689815 0.135236
0.717593 0.131195
0.677469 0.126641
0.692901 0.124731
0.669753 0.122034
0.691358 0.118184
0.697531 0.11588
0.695988 0.115161
0.717593 0.115432
0.66358 0.114627
0.675926 0.117356
0.669753 0.119649
0.592593 0.121473
0.612654 0.122522
0.606481 0.124045
0.594136 0.121885
0.584877 0.119994
0.54784 0.118798
0.54321 0.118654
0.541667 0.119666
0.557099 0.121099
0.574074 0.123088
0.555556 0.125948
0.597222 0.128574
0.595679 0.130127
0.594136 0.133417
0.615741 0.136144
0.595679 0.135606
0.628086 0.136108
0.66358 0.135715
0.67284 0.134891
0.662037 0.134704
0.658951 0.135097
0.652778 0.133866
0.66358 0.13281
0.632716 0.13165
0.634259 0.131782
0.623457 0.13177
0.641975 0.134658
0.645062 0.137133
0.645062 0.138364
0.669753 0.137112
0.691358 0.137738
0.682099 0.140869
0.717593 0.145299
0.694444 0.149686
0.743827 0.153223
0.728395 0.155757
0.726852 0.156858
0.734568 0.159419
0.791667 0.16091
0.777778 0.161129
0.757716 0.160224
0.770062 0.15957
0.770062 0.159888
0.742284 0.159456
0.768519 0.159988
0.74537 0.15681
0.728395 0.155442
0.716049 0.152002
0.722222 0.149593
0.723765 0.146388
0.700617 0.143509
0.717593 0.141831
0.734568 0.140389
0.705247 0.139888
0.689815 0.138789
0.665123 0.140267
0.716049 0.140442
0.742284 0.141245
0.75463 0.142912
0.723765 0.143464
0.694444 0.146778
0.677469 0.14739
0.666667 0.147668
0.645062 0.146431
0.625 0.145482
0.62963 0.143731
0.691358 0.142601
0.683642 0.142671
0.66821 0.140484
0.723765 0.137159
0.759259 0.135806
0.768519 0.13644
0.763889 0.136664
0.756173 0.135915
0.652778 0.134269
0.615741 0.134628
0.608025 0.134375
0.592593 0.133495
0.58179 0.130855
0.603395 0.127505
0.606481 0.123373
0.62037 0.119447
0.637346 0.113644
0.688272 0.106769
0.680556 0.0984146
0.662037 0.0928781
0.646605 0.0830773
0.637346 0.0764389
0.601852 0.0696862
0.57716 0.0655609
0.609568 0.0615138
0.623457 0.0579559
0.62037 0.0556635
0.608025 0.052494
0.618827 0.0493708
0.637346 0.0480621
0.637346 0.0453693
0.623457 0.0443112
0.612654 0.0418689
0.637346 0.0397962
0.669753 0.0420861
0.691358 0.040116
0.71142 0.0361997
0.695988 0.0336393
0.694444 0.0316687
0.677469 0.0316183
0.666667 0.0325198
0.652778 0.0327478
0.66821 0.031505
0.662037 0.0303687
0.637346 0.0272759
0.648148 0.023953
0.646605 0.0195549
0.655864 0.0143706
0.631173 0.0101297
0.643519 0.00573201
0.631173 0.00222766
0.575617 -0.000704232
0.58642 -0.00629092
0.584877 -0.00889349
0.617284 -0.0103315
0.621914 -0.010513
0.621914 -0.0100013
0.606481 -0.00920766
0.62963 -0.0100846
0.638889 -0.012621
0.62037 -0.0153115
0.632716 -0.0157979
0.62963 -0.016619
0.669753 -0.0172402
0.655864 -0.0180059
0.652778 -0.0151434
0.625 -0.0146198
0.638889 -0.0145708
0.666667 -0.0121912
0.643519 -0.0116648
0.691358 -0.0104124
0.652778 -0.00884265
0.651235 -0.00553445
0.719136 -0.000453997
0.666667 0.00468419
0.665123 0.00841938
0.679012 0.0120074
0.669753 0.0135233
0.700617 0.0156618
0.680556 0.0195338
0.688272 0.0213408
0.740741 0.0228345
0.726852 0.0247566
0.679012 0.0314626
0.689815 0.0384979
0.700617 0.0464147
0.716049 0.0539624
0.742284 0.0617375
0.731481 0.0659387
0.699074 0.0681354
0.691358 0.0689961
0.70679 0.0710642
0.748457 0.0715874
0.763889 0.0693817
0.756173 0.0667301
0.746914 0.0638824
0.717593 0.0612146
0.708333 0.0551066
0.691358 0.0500417
0.74537 0.0490203
0.79321 0.0496536
0.799383 0.0483701
0.799383 0.0467258
0.794753 0.045815
0.776235 0.0441103
0.746914 0.0406065
0.763889 0.0394555
0.743827 0.0382584
0.726852 0.0374197
0.733025 0.0328911
0.739198 0.0322698
0.743827 0.0315755
0.717593 0.0327087
0.728395 0.0322262
0.719136 0.0325559
0.71142 0.0329724
0.719136 0.0352774
0.734568 0.039675
0.728395 0.0433015
0.725309 0.0475609
0.70679 0.0504749
0.723765 0.0537479
0.734568 0.0570988
0.717593 0.0619655
0.726852 0.0661826
0.725309 0.0716751
0.716049 0.0738268
0.717593 0.0772434
0.689815 0.078525
0.677469 0.0818527
0.694444 0.0865739
0.742284 0.0922391
0.694444 0.097801
0.695988 0.105614
0.682099 0.11229
0.712963 0.118428
0.720679 0.12476
0.734568 0.13179
0.743827 0.13861
0.733025 0.142064
0.709877 0.144578
0.731481 0.148862
0.737654 0.152285
0.785494 0.153835
0.782407 0.152718
0.783951 0.155314
0.799383 0.155963
0.83179 0.157277
0.833333 0.161989
0.810185 0.168224
0.802469 0.175105
0.763889 0.182099
0.790123 0.189574
0.757716 0.194778
0.759259 0.199933
0.728395 0.204223
0.74537 0.208983
0.776235 0.211418
0.805556 0.210567
0.824074 0.210117
0.841049 0.212916
0.839506 0.216189
0.833333 0.220838
0.837963 0.222909
0.824074 0.225799
0.794753 0.224624
0.760802 0.22059
0.768519 0.214657
0.742284 0.206892
0.700617 0.202722
0.748457 0.201141
0.731481 0.198195
0.759259 0.194194
0.723765 0.191549
0.71142 0.19114
0.691358 0.191925
0.709877 0.193595
0.728395 0.196234
0.746914 0.19802
0.770062 0.196289
0.728395 0.192979
0.768519 0.191794
0.748457 0.190389
0.75 0.18899
0.751543 0.189556
0.776235 0.190264
0.740741 0.189636
0.728395 0.18776
0.737654 0.187247
0.768519 0.188728
0.731481 0.191774
0.751543 0.195265
0.760802 0.198016
0.785494 0.202916
0.770062 0.207568
0.757716 0.21489
0.765432 0.219813
0.748457 0.224526
0.740741 0.228012
0.736111 0.230989
0.733025 0.232325
0.708333 0.232098
0.677469 0.231405
0.686728 0.229557
0.688272 0.228758
0.71142 0.225668
0.714506 0.225826
0.719136 0.224526
0.705247 0.224808
0.662037 0.222264
0.634259 0.21933
0.623457 0.218413
0.640432 0.214592
0.603395 0.210969
0.614198 0.208724
0.608025 0.208614
0.611111 0.208846
0.57716 0.206828
0.54784 0.204491
0.591049 0.202918
0.58179 0.202714
0.557099 0.203939
0.535494 0.206011
0.532407 0.20797
0.529321 0.209462
0.524691 0.208577
0.524691 0.20732
0.530864 0.20618
0.554012 0.205784
0.572531 0.205645
0.572531 0.203093
0.601852 0.202579
0.635802 0.202252
0.623457 0.199814
0.640432 0.19685
0.618827 0.193156
0.606481 0.188852
0.638889 0.184326
0.634259 0.175626
0.609568 0.167102
0.575617 0.156676
0.587963 0.143655
0.583333 0.130528
0.597222 0.119139
0.62963 0.10918
0.626543 0.0995244
0.606481 0.0913552
0.595679 0.0849085
0.600309 0.0782865
0.595679 0.0734538
0.601852 0.0698252
0.643519 0.0663053
0.666667 0.0584675
0.617284 0.0522113
0.612654 0.0469638
0.587963 0.0411919
0.566358 0.0364337
0.578704 0.0329089
0.552469 0.0290789
0.570988 0.0267154
0.567901 0.0253567
0.615741 0.0234235
0.603395 0.0217392
0.595679 0.0187588
0.580247 0.0147412
0.591049 0.0139675
0.600309 0.0122564
0.623457 0.0114213
0.601852 0.00903649
0.621914 0.00604699
0.62963 0.00553864
0.583333 0.00615031
0.560185 0.00666398
0.516975 0.0101406
0.512346 0.0156552
0.49537 0.0194205
0.475309 0.0191371
0.435185 0.0170507
0.45216 0.012891
0.46142 0.0091584
0.445988 0.00257116
0.445988 -0.00333071
0.469136 -0.0115312
0.532407 -0.0201359
0.606481 -0.0275155
0.567901 -0.034933
0.606481 -0.0437592
0.58179 -0.0520705
0.574074 -0.0613553
0.58179 -0.0632159
0.614198 -0.0684825
0.612654 -0.0743962
0.612654 -0.0826624
0.618827 -0.0909435
0.628086 -0.0993102
0.618827 -0.108267
0.635802 -0.117208
0.635802 -0.12547
0.623457 -0.129014
0.617284 -0.133431
0.604938 -0.136892
0.62037 -0.137531
0.603395 -0.139709
0.609568 -0.140618
0.575617 -0.140066
0.575617 -0.139503
0.549383 -0.140704
0.509259 -0.142444
0.510802 -0.14266
0.560185 -0.142792
0.533951 -0.143001
0.49537 -0.144681
0.450617 -0.147523
0.469136 -0.15095
0.472222 -0.153296
0.515432 -0.154423
0.555556 -0.155008
0.570988 -0.155965
0.589506 -0.155712
0.617284 -0.156411
0.58179 -0.158655
0.569444 -0.161038
0.544753 -0.165839
0.600309 -0.171267
0.649691 -0.176976
0.615741 -0.182265
0.592593 -0.182131
0.58179 -0.181476
0.57716 -0.182246
0.572531 -0.184993
0.563272 -0.187328
0.611111 -0.186066
0.614198 -0.184465
0.595679 -0.180998
0.604938 -0.173046
0.628086 -0.16606
0.635802 -0.161942
0.641975 -0.154579
0.631173 -0.148143
0.591049 -0.142647
0.631173 -0.138231
0.645062 -0.132758
0.666667 -0.129218
0.686728 -0.126387
0.657407 -0.121455
0.635802 -0.113479
0.648148 -0.103003
0.657407 -0.096092
0.623457 -0.0871741
0.655864 -0.076623
0.635802 -0.0705018
0.637346 -0.0651762
0.62963 -0.0607475
0.617284 -0.0556439
0.637346 -0.0512344
0.637346 -0.0479463
0.665123 -0.0446629
0.686728 -0.0379003
0.67284 -0.031752
0.712963 -0.0265876
0.737654 -0.0227198
0.739198 -0.0227712
0.733025 -0.0235144
0.71142 -0.0241153
0.703704 -0.0231236
0.70216 -0.0213414
0.692901 -0.019471
0.658951 -0.0157481
0.62963 -0.0131311
0.611111 -0.0121063
0.566358 -0.00695539
0.574074 0.000464802
0.554012 0.00904128
0.558642 0.0193052
0.591049 0.0282554
0.560185 0.0351468
0.567901 0.039417
0.564815 0.0441807
0.563272 0.0519377
0.584877 0.0592937
0.606481 0.070014
0.57716 0.0784369
0.578704 0.0918541
0.591049 0.100833
0.623457 0.104483
0.623457 0.108232
0.608025 0.111218
0.615741 0.116782
0.649691 0.122772
0.66358 0.128047
0.641975 0.132514
0.67284 0.131928
0.671296 0.12765
0.634259 0.123562
0.634259 0.116257
0.631173 0.108317
0.615741 0.101897
0.608025 0.0962985
0.597222 0.0916379
0.558642 0.0876146
0.557099 0.0851474
0.560185 0.0828002
0.549383 0.0809905
0.567901 0.0835986
0.541667 0.0820388
0.557099 0.0787583
0.516975 0.0756742
0.510802 0.0722834
0.509259 0.0697178
0.492284 0.0680063
0.469136 0.0662906
0.429012 0.0628657
0.436728 0.0607074
0.439815 0.058214
0.444444 0.0587992
0.467593 0.0587436
0.467593 0.05971
0.476852 0.0587792
0.490741 0.0578455
0.550926 0.0602041
0.555556 0.0574434
0.575617 0.0537595
0.583333 0.0504443
0.609568 0.0512551
0.615741 0.0510055
0.592593 0.0531282
0.552469 0.0587366
0.533951 0.0633538
0.549383 0.0664289
0.58642 0.0685749
0.570988 0.0709394
0.583333 0.0729823
0.555556 0.0743734
0.578704 0.0755596
0.583333 0.0760574
0.541667 0.0787668
0.507716 0.0790004
0.470679 0.080645
0.492284 0.0829301
0.45679 0.0881312
0.487654 0.0911513
0.512346 0.0961344
0.546296 0.100248
0.549383 0.103694
0.58179 0.105465
0.567901 0.110228
0.520062 0.116323
0.518519 0.123749
0.493827 0.132238
0.5 0.139056
0.481481 0.145865
0.45216 0.153062
0.425926 0.16131
0.438272 0.169746
0.424383 0.177517
0.432099 0.185071
0.436728 0.195694
0.427469 0.20179
0.438272 0.208821
0.45679 0.21649
0.476852 0.221917
0.509259 0.226621
0.472222 0.228453
0.492284 0.22994
0.49537 0.232142
0.512346 0.232629
0.541667 0.234463
0.541667 0.236097
0.550926 0.240048
0.532407 0.243668
0.50463 0.246325
0.510802 0.252288
0.540123 0.256964
0.524691 0.260824
0.490741 0.263822
0.487654 0.267471
0.489198 0.268291
0.449074 0.26632
0.427469 0.263541
0.459877 0.260303
0.424383 0.258949
0.439815 0.262342
0.445988 0.266229
0.467593 0.269634
0.476852 0.271902
0.487654 0.272787
0.521605 0.272517
0.555556 0.274341
0.564815 0.274368
0.554012 0.274917
0.552469 0.277415
0.544753 0.278428
0.569444 0.279572
0.570988 0.278614
0.617284 0.27736
0.597222 0.276872
0.546296 0.276121
0.546296 0.277708
0.54321 0.27546
0.53858 0.274048
0.544753 0.273264
0.552469 0.271704
0.58179 0.274171
0.601852 0.275221
0.574074 0.274195
0.512346 0.271424
0.496914 0.26643
0.521605 0.263431
0.540123 0.262057
0.527778 0.259583
0.530864 0.254217
0.521605 0.251382
0.496914 0.250254
0.503086 0.249913
0.521605 0.250295
0.533951 0.250388
0.54784 0.249272
0.54321 0.244064
0.521605 0.239369
0.46142 0.234978
0.486111 0.235686
0.506173 0.235006
0.496914 0.233202
0.503086 0.228632
0.540123 0.222428
0.569444 0.215105
0.535494 0.210189
0.554012 0.206565
0.530864 0.207443
0.53858 0.208691
0.509259 0.209968
0.540123 0.212441
0.541667 0.212512
0.544753 0.210381
0.492284 0.20487
0.447531 0.20094
0.447531 0.201363
0.450617 0.202495
0.483025 0.202901
0.467593 0.2057
0.49537 0.209147
0.496914 0.212648
0.466049 0.213301
0.489198 0.218597
0.496914 0.224664
0.473765 0.229038
0.453704 0.234456
0.466049 0.236914
0.45216 0.23503
0.37963 0.232404
0.354938 0.227622
0.364198 0.223953
0.356481 0.220281
0.381173 0.218149
0.365741 0.220696
0.384259 0.221818
0.354938 0.220561
0.33642 0.217549
0.348765 0.214865
0.37037 0.216565
0.33642 0.213972
0.356481 0.20958
0.339506 0.208352
0.368827 0.203898
0.387346 0.201037
0.402778 0.198664
0.396605 0.193153
0.445988 0.18716
0.430556 0.1817
0.41358 0.179266
0.46142 0.180967
0.472222 0.177987
0.449074 0.176581
0.453704 0.17411
0.509259 0.175959
0.5 0.173833
0.520062 0.169213
0.558642 0.166662
0.583333 0.162849
0.591049 0.159706
0.580247 0.153968
0.549383 0.149059
0.554012 0.144028
0.527778 0.139029
0.532407 0.133318
0.524691 0.125827
0.537037 0.117974
0.524691 0.107308
0.473765 0.0980795
0.513889 0.0914386
0.498457 0.0849886
0.466049 0.0776124
0.459877 0.0743183
0.462963 0.0714597
0.419753 0.0643629
0.396605 0.0558116
0.385802 0.0461499
0.382716 0.0436909
0.436728 0.0403643
0.427469 0.0347561
0.45679 0.0244291
0.466049 0.0139943
0.447531 0.00758726
0.436728 0.00341467
0.439815 -0.00159
0.462963 -0.00841427
0.481481 -0.0106108
0.532407 -0.00871045
0.520062 -0.00465437
0.574074 -0.0027955
0.537037 -0.00319173
0.523148 -0.00690179
0.498457 -0.00707245
0.492284 -0.00723379
0.524691 -0.00506996
0.566358 -0.00239597
0.555556 -0.00294268
0.57716 -0.00473229
0.54784 -0.00643887
0.555556 -0.00891076
0.537037 -0.00951178
0.608025 -0.014327
0.623457 -0.0159359
0.660494 -0.0197676
0.651235 -0.021279
0.674383 -0.0245774
0.646605 -0.0307507
0.643519 -0.0363435
0.641975 -0.044851
0.617284 -0.0473137
0.601852 -0.0477861
0.608025 -0.0502998
0.615741 -0.0560295
0.597222 -0.0640855
0.569444 -0.072907
0.532407 -0.0761371
0.560185 -0.0782824
0.558642 -0.0764892
0.569444 -0.0764801
0.561728 -0.0814022
0.569444 -0.0810813
0.587963 -0.0797162
0.614198 -0.0790349
0.601852 -0.0749364
0.601852 -0.0713654
0.66358 -0.0690085
0.654321 -0.0712793
0.660494 -0.070682
0.675926 -0.0682484
0.720679 -0.0684334
0.71142 -0.0681905
0.703704 -0.0648149
0.709877 -0.0608144
0.70679 -0.0553363
0.70679 -0.0502208
0.720679 -0.0475847
0.685185 -0.0472397
0.719136 -0.0491364
0.720679 -0.0492295
0.716049 -0.050424
0.671296 -0.0558174
0.641975 -0.0616303
0.643519 -0.0628571
0.655864 -0.0624346
0.662037 -0.0575149
0.674383 -0.0562589
0.708333 -0.0563941
0.723765 -0.0537783
0.712963 -0.0531663
0.728395 -0.0548411
0.739198 -0.0582727
0.709877 -0.061142
0.708333 -0.066406
0.736111 -0.0718894
0.729938 -0.0745138
0.762346 -0.0769811
0.746914 -0.0746208
0.709877 -0.0742754
0.714506 -0.0722754
0.695988 -0.0665471
0.74537 -0.0627975
0.748457 -0.0541813
0.794753 -0.0495019
0.808642 -0.0443301
0.814815 -0.0380696
0.790123 -0.0309729
0.813272 -0.0260039
0.847222 -0.0186145
0.859568 -0.017335
0.864198 -0.00880185
0.825617 -0.00348853
0.834877 0.00383943
0.830247 0.0107168
0.841049 0.0176977
0.82716 0.0208955
0.842593 0.0239204
0.822531 0.0300588
0.78858 0.0388483
0.810185 0.0426149
0.796296 0.0473371
0.75 0.0487285
0.71142 0.0458003
0.694444 0.0470821
0.722222 0.0483195
0.70216 0.0471758
0.680556 0.0456612
0.699074 0.0444107
0.71142 0.0476137
0.688272 0.0542609
0.70216 0.0599301
0.705247 0.0619987
0.716049 0.064673
0.742284 0.0673427
0.740741 0.0749115
0.766975 0.0849869
0.70216 0.0927572
0.699074 0.103552
0.658951 0.115965
0.649691 0.129676
0.643519 0.141422
0.637346 0.149057
0.657407 0.155586
0.655864 0.15948
0.692901 0.162733
0.70679 0.169095
0.686728 0.173606
0.685185 0.179607
0.712963 0.180789
0.703704 0.183504
0.697531 0.186822
0.70679 0.193129
0.708333 0.201461
0.697531 0.212027
0.662037 0.223675
0.645062 0.230146
0.62963 0.237035
0.654321 0.242347
0.657407 0.250217
0.692901 0.254595
0.712963 0.252533
0.74537 0.253808
0.737654 0.256313
0.773148 0.257387
0.765432 0.254202
0.766975 0.24991
0.757716 0.247522
0.768519 0.245391
0.75463 0.242454
0.773148 0.239629
0.783951 0.236315
0.791667 0.230578
0.811728 0.226113
0.802469 0.221603
0.814815 0.217135
0.805556 0.213896
0.817901 0.212313
0.811728 0.208567
0.825617 0.20587
0.830247 0.204631
0.804012 0.203967
0.780864 0.205763
0.804012 0.203911
0.783951 0.207492
0.802469 0.208175
0.820988 0.209193
0.833333 0.207502
0.79321 0.207793
0.780864 0.203902
0.765432 0.200814
0.748457 0.197077
0.697531 0.190626
0.708333 0.180508
0.689815 0.171035
0.70216 0.16562
0.669753 0.164358
0.675926 0.163743
0.665123 0.163554
0.652778 0.162616
0.643519 0.166574
0.632716 0.16557
0.641975 0.164721
0.625 0.162315
0.621914 0.158857
0.580247 0.155725
0.566358 0.156237
0.529321 0.159682
0.515432 0.166368
0.54321 0.174358
0.546296 0.180682
0.569444 0.184004
0.603395 0.189199
0.62037 0.197834
0.645062 0.203275
0.646605 0.207065
0.597222 0.212688
0.611111 0.213584
0.572531 0.211573
0.604938 0.208927
0.552469 0.2055
0.574074 0.200943
0.58179 0.193803
0.570988 0.19237
0.600309 0.191892
0.666667 0.187915
0.589506 0.179275
0.615741 0.173668
0.615741 0.164631
0.58642 0.163026
0.544753 0.159948
0.544753 0.155713
0.527778 0.151129
0.527778 0.147265
0.575617 0.145255
0.595679 0.138421
0.578704 0.130153
0.537037 0.12318
0.512346 0.117675
0.552469 0.117568
0.54784 0.113575
0.526235 0.11082
0.557099 0.106339
0.527778 0.0995602
0.555556 0.0905967
0.546296 0.0781751
0.526235 0.0652605
0.570988 0.0537643
0.563272 0.0417318
0.592593 0.0338029
0.569444 0.0232698
0.603395 0.0138273
0.583333 0.00660057
0.557099 0.000171445
0.54321 -0.00529475
0.527778 -0.013306
0.540123 -0.0164187
0.524691 -0.017709
0.535494 -0.0230412
0.524691 -0.0266348
0.552469 -0.0329944
0.527778 -0.0410747
0.535494 -0.0500841
0.546296 -0.0587923
0.572531 -0.0696296
0.578704 -0.0773478
0.587963 -0.0885563
0.554012 -0.0957766
0.50463 -0.10316
0.570988 -0.104772
0.558642 -0.112128
0.552469 -0.120738
0.612654 -0.134343
0.617284 -0.143745
0.635802 -0.151696
0.635802 -0.156482
0.609568 -0.161645
0.563272 -0.160923
0.563272 -0.160195
0.58642 -0.162326
0.592593 -0.162043
0.587963 -0.157317
0.558642 -0.154417
0.575617 -0.149368
0.54784 -0.149402
0.578704 -0.147254
0.572531 -0.148716
0.611111 -0.151805
0.563272 -0.156399
0.580247 -0.161286
0.62037 -0.163621
0.631173 -0.162268
0.67284 -0.158833
0.651235 -0.155714
0.625 -0.156671
0.645062 -0.155856
0.614198 -0.15348
0.649691 -0.148821
0.609568 -0.148526
0.589506 -0.153309
0.529321 -0.156536
0.550926 -0.160593
0.604938 -0.163387
0.640432 -0.161409
0.662037 -0.158422
0.637346 -0.157808
0.591049 -0.156115
0.580247 -0.147854
0.601852 -0.140813
0.62037 -0.135226
0.618827 -0.128711
0.604938 -0.122337
0.62037 -0.115069
0.611111 -0.108684
0.611111 -0.105529
0.62037 -0.103114
0.651235 -0.106055
0.657407 -0.108776
0.640432 -0.11261
0.651235 -0.1193
0.643519 -0.124435
0.638889 -0.12625
0.655864 -0.129826
0.674383 -0.135832
0.671296 -0.141855
0.652778 -0.141784
0.688272 -0.14219
0.703704 -0.145213
0.655864 -0.147682
0.680556 -0.148693
0.654321 -0.1539
0.680556 -0.157802
0.648148 -0.166527
0.646605 -0.172193
0.649691 -0.177165
0.683642 -0.178109
0.685185 -0.176702
0.705247 -0.174726
0.691358 -0.17183
0.692901 -0.172954
0.691358 -0.171832
0.709877 -0.173313
0.677469 -0.171143
0.680556 -0.170088
0.726852 -0.164838
0.763889 -0.166969
0.771605 -0.165718
0.743827 -0.168882
0.719136 -0.170458
0.740741 -0.170451
0.742284 -0.169978
0.714506 -0.169056
0.74537 -0.170574
0.79784 -0.167899
0.787037 -0.163013
0.757716 -0.163113
0.768519 -0.158679
0.763889 -0.156681
0.712963 -0.15438
0.731481 -0.151363
0.736111 -0.149209
0.751543 -0.143084
0.748457 -0.135216
0.740741 -0.130456
0.774691 -0.123867
0.751543 -0.122972
0.777778 -0.125134
0.785494 -0.127345
0.824074 -0.128041
0.802469 -0.12636
0.816358 -0.122072
0.82716 -0.117894
0.830247 -0.11322
0.800926 -0.10865
0.825617 -0.104365
0.820988 -0.103773
0.825617 -0.101091
0.814815 -0.0938138
0.825617 -0.0865834
0.804012 -0.0823356
0.780864 -0.0759246
0.787037 -0.0728252
0.766975 -0.0722005
0.780864 -0.0722315
0.782407 -0.0722654
0.774691 -0.0720112
0.763889 -0.0738777
0.726852 -0.0788552
0.734568 -0.0818704
0.705247 -0.0871491
0.736111 -0.0899322
0.703704 -0.0968541
0.688272 -0.101639
0.675926 -0.109135
0.688272 -0.118652
0.652778 -0.122234
0.660494 -0.126404
0.686728 -0.132023
0.652778 -0.1364
0.654321 -0.148069
0.66358 -0.157194
0.637346 -0.168681
0.631173 -0.184825
0.628086 -0.193067
0.655864 -0.202145
0.671296 -0.207683
0.682099 -0.21189
0.683642 -0.22213
0.652778 -0.231056
0.587963 -0.244263
0.632716 -0.254843
0.648148 -0.268726
0.674383 -0.275796
0.635802 -0.281249
0.674383 -0.284858
0.651235 -0.289065
0.674383 -0.28842
0.669753 -0.289053
0.631173 -0.28867
0.623457 -0.287342
0.631173 -0.290948
0.646605 -0.289531
0.640432 -0.291907
0.683642 -0.291786
0.688272 -0.288599
0.649691 -0.285332
0.643519 -0.284074
0.628086 -0.284977
0.67284 -0.280958
0.643519 -0.273031
0.649691 -0.264311
0.657407 -0.250789
0.662037 -0.239883
0.669753 -0.227909
0.651235 -0.216232
0.626543 -0.208969
0.614198 -0.199474
0.648148 -0.189978
0.623457 -0.180679
0.617284 -0.169154
0.638889 -0.162317
0.657407 -0.154471
0.628086 -0.145525
0.658951 -0.136851
0.62037 -0.122032
0.652778 -0.105938
0.626543 -0.0856138
0.612654 -0.062629
0.625 -0.0372112
0.645062 -0.0103874
0.634259 0.0178779
0.648148 0.0431312
0.645062 0.0630821
0.635802 0.079479
0.662037 0.0996477
0.674383 0.118786
0.734568 0.137137
0.734568 0.155679
0.683642 0.174245
0.682099 0.192378
0.658951 0.210699
0.680556 0.226357
0.674383 0.239926
0.689815 0.254094
0.709877 0.266942
0.719136 0.283558
0.753086 0.298883
0.763889 0.308254
0.697531 0.314422
0.682099 0.314347
0.643519 0.322216
0.628086 0.33614
0.604938 0.343156
0.608025 0.355254
0.608025 0.367021
0.637346 0.372646
0.62037 0.373301
0.612654 0.37653
0.615741 0.385285
0.67284 0.394694
0.658951 0.395791
0.641975 0.402151
0.645062 0.407242
0.640432 0.410194
0.680556 0.409632
0.637346 0.410699
0.638889 0.409581
0.677469 0.408981
0.680556 0.4054
0.743827 0.410456
0.765432 0.407694
0.759259 0.403273
0.719136 0.400813
0.722222 0.397956
0.719136 0.39761
0.712963 0.390185
0.70679 0.382641
0.743827 0.377684
0.746914 0.374612
0.746914 0.374715
0.694444 0.377076
0.71142 0.376383
0.675926 0.375233
0.645062 0.376637
0.669753 0.38501
0.666667 0.391933
0.691358 0.401013
0.669753 0.412696
0.695988 0.414399
0.677469 0.40843
0.638889 0.400515
0.665123 0.395707
0.692901 0.397177
0.746914 0.394323
0.714506 0.391755
0.695988 0.394028
0.689815 0.392476
0.677469 0.390492
0.677469 0.392618
0.66821 0.39046
0.674383 0.389462
0.645062 0.386706
0.658951 0.389129
0.66821 0.395301
0.66358 0.395907
0.677469 0.405895
0.645062 0.414402
0.631173 0.424188
0.617284 0.43389
0.589506 0.443522
0.592593 0.455178
0.612654 0.46305
0.587963 0.472902
0.597222 0.485805
0.591049 0.486081
0.564815 0.480806
0.532407 0.473501
0.57716 0.461481
0.58642 0.457043
0.575617 0.447723
0.572531 0.437204
0.595679 0.426822
0.572531 0.408929
0.561728 0.402665
0.558642 0.398982
0.583333 0.394857
0.580247 0.390027
0.513889 0.386949
0.490741 0.386584
0.476852 0.380659
0.490741 0.367401
0.455247 0.363474
0.484568 0.360099
0.513889 0.355339
0.473765 0.351072
0.429012 0.343863
0.429012 0.335777
0.445988 0.330284
0.455247 0.317683
0.402778 0.310613
0.45216 0.300682
0.475309 0.29135
0.483025 0.277802
0.513889 0.259349
0.544753 0.244091
0.529321 0.230477
0.566358 0.224829
0.574074 0.212337
0.558642 0.205641
0.533951 0.191449
0.537037 0.180905
0.537037 0.171546
0.540123 0.161385
0.549383 0.14755
0.558642 0.13326
0.524691 0.123594
0.503086 0.121752
0.526235 0.118931
0.546296 0.11703
0.561728 0.114901
0.535494 0.110987
0.54321 0.103704
0.554012 0.095783
0.54784 0.0889559
0.575617 0.0841759
0.567901 0.0807456
0.604938 0.0754526
0.600309 0.0739572
0.615741 0.0732001
0.617284 0.0702853
0.646605 0.0664057
0.660494 0.0577771
0.671296 0.0496318
0.669753 0.0478187
0.66821 0.045629
0.671296 0.0512978
0.648148 0.0515016
0.594136 0.0542558
0.584877 0.0656772
0.634259 0.0790465
0.660494 0.0985858
0.686728 0.113678
0.646605 0.121776
0.649691 0.134162
0.654321 0.144381
0.689815 0.153324
0.694444 0.153282
0.683642 0.146317
0.67284 0.140943
0.665123 0.136028
0.674383 0.126266
0.648148 0.121745
0.66821 0.114379
0.66358 0.113918
0.682099 0.111056
0.700617 0.100199
0.692901 0.0985595
0.703704 0.0967621
0.694444 0.100986
0.660494 0.102322
0.638889 0.106649
0.62037 0.119111
0.646605 0.134422
0.626543 0.14442
0.544753 0.151542
0.546296 0.16432
0.537037 0.182931
0.544753 0.195714
0.635802 0.208198
0.612654 0.206422
0.618827 0.202637
0.649691 0.20493
0.665123 0.204499
0.725309 0.203956
0.75 0.195014
0.708333 0.175708
0.705247 0.158456
0.674383 0.145144
0.719136 0.14776
0.723765 0.142226
0.703704 0.135973
0.725309 0.142937
0.751543 0.144527
0.75 0.146671
0.756173 0.139441
0.723765 0.132116
0.756173 0.125878
0.748457 0.113706
0.719136 0.0959342
0.70216 0.0759496
0.67284 0.0631352
0.71142 0.0518229
0.695988 0.0434973
0.766975 0.0471517
0.762346 0.0423575
0.759259 0.03949
0.751543 0.0348222
0.762346 0.0345282
0.785494 0.0328664
0.765432 0.0249795
0.753086 0.0138617
0.79784 0.00473281
0.79784 -0.0163565
0.799383 -0.0431103
0.762346 -0.0637968
0.790123 -0.0746021
0.760802 -0.0797838
0.773148 -0.0870405
0.734568 -0.0986098
0.728395 -0.104894
0.708333 -0.113966
0.746914 -0.110697
0.751543 -0.112515
0.794753 -0.110866
0.802469 -0.114622
0.762346 -0.11581
0.762346 -0.1099
0.733025 -0.108616
0.733025 -0.10591
0.717593 -0.0999079
0.734568 -0.105485
0.759259 -0.10781
0.753086 -0.115212
0.760802 -0.113965
0.763889 -0.117016
0.768519 -0.122683
0.748457 -0.117325
0.759259 -0.104336
0.78858 -0.0902547
0.78858 -0.0806792
0.78858 -0.0795261
0.790123 -0.0781181
0.777778 -0.0833324
0.79784 -0.0881352
0.779321 -0.0876653
0.762346 -0.0867023
0.748457 -0.07929
0.743827 -0.066515
0.768519 -0.051866
0.774691 -0.0365145
0.760802 -0.0244872
0.783951 -0.0209996
0.75463 -0.0220519
0.79321 -0.0213598
0.799383 -0.0294591
0.771605 -0.0365019
0.805556 -0.0550142
0.748457 -0.0839776
0.697531 -0.114769
0.717593 -0.126826
0.720679 -0.140512
0.70679 -0.151315
0.712963 -0.153741
0.714506 -0.157392
0.733025 -0.155202
0.766975 -0.146229
0.765432 -0.154838
0.762346 -0.156083
0.734568 -0.160904
0.691358 -0.155994
0.669753 -0.142938
0.67284 -0.129071
0.674383 -0.104669
0.645062 -0.0901201
0.626543 -0.0795714
0.662037 -0.0736169
0.658951 -0.0790992
0.708333 -0.0707724
0.726852 -0.0745113
0.774691 -0.0793011
0.768519 -0.0875022
0.782407 -0.0865586
0.785494 -0.0747416
0.785494 -0.0679237
0.79321 -0.0653795
0.783951 -0.0646203
0.743827 -0.0557906
0.807099 -0.0327917
0.800926 -0.0138918
0.822531 0.00988489
0.796296 0.0209451
0.756173 0.024766
0.770062 0.0309334
0.751543 0.0333228
0.765432 0.0443529
0.804012 0.0487606
0.808642 0.0516953
0.811728 0.0498235
0.807099 0.0384228
0.824074 0.0186279
0.819444 -0.0056122
0.853395 -0.0150231
0.83179 -0.0369746
0.828704 -0.0483684
0.83179 -0.0611802
0.83179 -0.0590586
0.804012 -0.0520927
0.79784 -0.0389061
0.800926 -0.0309115
0.796296 -0.027668
0.782407 -0.0234113
0.805556 0.00198459
0.819444 0.0115764
0.811728 0.00497361
0.776235 -0.0171148
0.768519 -0.00513249
0.794753 0.0251311
0.820988 0.0337211
0.808642 0.0122682
0.779321 -0.0319866
0.782407 -0.0291921
0.839506 -0.0128485
0.83642 0.0131701
0.837963 0.0203607
0.817901 0.020751
0.825617 0.0126827
0.799383 0
