0.115741 1
0.0972222 0.992936
0.0787037 0.986303
0.0802469 0.97989
0.0200617 0.973962
0.0231481 0.968297
0.0462963 0.962891
0.0802469 0.957751
0.0679012 0.952693
0.0509259 0.947945
0.00771605 0.943435
0.0123457 0.93916
0.0169753 0.934768
0.0154321 0.930099
0.00617284 0.92549
0.0416667 0.920883
0.0462963 0.916138
0.0447531 0.911751
0.00462963 0.907443
0.0231481 0.902925
0.00771605 0.898102
0.00154321 0.893087
0.0308642 0.888306
0.0447531 0.883441
0.0540123 0.878804
0.0231481 0.874124
0.0447531 0.869611
0.0679012 0.865427
0.0339506 0.861581
0.029321 0.857764
0.0462963 0.854343
0.0324074 0.851188
0.037037 0.847982
0.0308642 0.844892
0.0308642 0.841643
0.087963 0.838617
0.0756173 0.835369
0.095679 0.832184
0.0925926 0.829005
0.0787037 0.825626
0.0401235 0.822055
0.0679012 0.818555
0.0447531 0.814881
0.037037 0.811465
0.0339506 0.808011
0.037037 0.804324
0.0740741 0.800654
0.058642 0.797094
0.0972222 0.793206
0.114198 0.789335
0.134259 0.785558
0.132716 0.781913
0.140432 0.778224
0.140432 0.774539
0.135802 0.770775
0.146605 0.767361
0.137346 0.764304
0.140432 0.761229
0.114198 0.758135
0.112654 0.754193
0.128086 0.750202
0.140432 0.746414
0.138889 0.742375
0.134259 0.738414
0.162037 0.734387
0.182099 0.730643
0.220679 0.72685
0.229938 0.723366
0.208333 0.719778
0.205247 0.716112
0.199074 0.712446
0.194444 0.708765
0.212963 0.705088
0.220679 0.701614
0.262346 0.698095
0.268519 0.694639
0.216049 0.691071
0.200617 0.687609
0.185185 0.684384
0.162037 0.681385
0.175926 0.678428
0.179012 0.675395
0.171296 0.672396
0.146605 0.669228
0.16358 0.665987
0.179012 0.662822
0.194444 0.65975
0.233025 0.656719
0.208333 0.654007
0.188272 0.651142
0.197531 0.648695
0.205247 0.646046
0.162037 0.643297
0.175926 0.640281
0.141975 0.637549
0.155864 0.634761
0.155864 0.631768
0.200617 0.628833
0.195988 0.62652
0.214506 0.624172
0.223765 0.621981
0.214506 0.619584
0.231481 0.616758
0.174383 0.613983
0.158951 0.611495
0.16358 0.609234
0.141975 0.607146
0.118827 0.605347
0.135802 0.603335
0.101852 0.601617
0.0555556 0.600069
0.0679012 0.598192
0.0771605 0.596633
0.155864 0.595299
0.12963 0.594359
0.169753 0.593256
0.194444 0.592093
0.239198 0.590704
0.25463 0.589226
0.287037 0.587745
0.28858 0.586078
0.322531 0.584611
0.307099 0.583031
0.310185 0.581324
0.342593 0.579691
0.328704 0.578382
0.364198 0.57713
0.339506 0.575764
0.354938 0.574439
0.367284 0.57348
0.378086 0.572681
0.408951 0.571761
0.45216 0.57109
0.476852 0.570148
0.444444 0.569139
0.466049 0.567755
0.449074 0.566209
0.46142 0.564761
0.484568 0.563127
0.509259 0.56172
0.530864 0.560193
0.540123 0.558701
0.566358 0.557102
0.564815 0.555424
0.557099 0.553699
0.512346 0.551888
0.49537 0.550733
0.466049 0.55
0.472222 0.549426
0.455247 0.549029
0.472222 0.548688
0.53858 0.547999
0.558642 0.547555
0.561728 0.547174
0.557099 0.546678
0.589506 0.54587
0.552469 0.545193
0.575617 0.544376
0.53858 0.543631
0.564815 0.542825
0.563272 0.541855
0.575617 0.540747
0.554012 0.539782
0.513889 0.53877
0.475309 0.537628
0.458333 0.536757
0.427469 0.535947
0.447531 0.534967
0.412037 0.533967
0.396605 0.532708
0.410494 0.531215
0.376543 0.529634
0.37037 0.528437
0.375 0.52723
0.398148 0.525859
0.410494 0.524715
0.37963 0.523441
0.341049 0.522164
0.320988 0.520876
0.350309 0.519006
0.330247 0.517192
0.365741 0.51555
0.419753 0.513958
0.419753 0.512603
0.444444 0.511328
0.41821 0.509954
0.421296 0.508766
0.442901 0.5078
0.429012 0.506801
0.489198 0.506331
0.481481 0.506135
0.498457 0.505959
0.483025 0.505915
0.450617 0.505546
0.441358 0.505034
0.439815 0.504907
0.462963 0.504715
0.507716 0.504566
0.472222 0.504312
0.464506 0.504111
0.476852 0.504076
0.453704 0.504036
0.490741 0.503989
0.492284 0.504144
0.469136 0.50468
0.453704 0.505176
0.478395 0.505671
0.501543 0.506241
0.498457 0.507181
0.5 0.507832
0.516975 0.508202
0.524691 0.508883
0.54321 0.509204
0.574074 0.509526
0.529321 0.51032
0.483025 0.510936
0.503086 0.511957
0.496914 0.512787
0.466049 0.512971
0.438272 0.513259
0.393519 0.513513
0.410494 0.513668
0.427469 0.513563
0.433642 0.513305
0.450617 0.513245
0.433642 0.513232
0.384259 0.513302
0.37037 0.513392
0.395062 0.513621
0.348765 0.51369
0.330247 0.513975
0.296296 0.514488
0.296296 0.514913
0.350309 0.515528
0.341049 0.51596
0.353395 0.516288
0.348765 0.516501
0.333333 0.51684
0.302469 0.517157
0.285494 0.517402
0.239198 0.517715
0.29784 0.517957
0.322531 0.518332
0.296296 0.518958
0.302469 0.519887
0.313272 0.520522
0.253086 0.521093
0.243827 0.521529
0.233025 0.521823
0.231481 0.522196
0.268519 0.522677
0.25463 0.523391
0.248457 0.524023
0.262346 0.524584
0.294753 0.525094
0.302469 0.525767
0.353395 0.526364
0.324074 0.527194
0.324074 0.527882
0.334877 0.528547
0.387346 0.529172
0.391975 0.529677
0.364198 0.530172
0.353395 0.530788
0.320988 0.531253
0.334877 0.531697
0.341049 0.531931
0.337963 0.531877
0.402778 0.5316
0.351852 0.531388
0.358025 0.53082
0.325617 0.530194
0.314815 0.529863
0.325617 0.529746
0.381173 0.529619
0.362654 0.529699
0.356481 0.529597
0.342593 0.529438
0.33179 0.528942
0.282407 0.528373
0.251543 0.527591
0.273148 0.526643
0.273148 0.525545
0.304012 0.524392
0.313272 0.523494
0.354938 0.522379
0.373457 0.520915
0.348765 0.51961
0.345679 0.51854
0.351852 0.517558
0.359568 0.517051
0.353395 0.516625
0.365741 0.516012
0.356481 0.515363
0.388889 0.514451
0.415123 0.51332
0.402778 0.512449
0.421296 0.511768
0.404321 0.51111
0.398148 0.510614
0.391975 0.50976
0.373457 0.50919
0.371914 0.508464
0.378086 0.507686
0.378086 0.506807
0.373457 0.506134
0.373457 0.505857
0.37963 0.505378
0.382716 0.504992
0.364198 0.504172
0.302469 0.503205
0.308642 0.50194
0.310185 0.500865
0.324074 0.499568
0.37037 0.498471
0.405864 0.497512
0.408951 0.496715
0.410494 0.495739
0.388889 0.494566
0.376543 0.493591
0.365741 0.49267
0.385802 0.491623
0.358025 0.490413
0.371914 0.489273
0.325617 0.488216
0.265432 0.487173
0.274691 0.486243
0.259259 0.48533
0.32716 0.48418
0.324074 0.482904
0.33642 0.481659
0.345679 0.480714
0.319444 0.479754
0.393519 0.478761
0.395062 0.477988
0.384259 0.477124
0.333333 0.476078
0.341049 0.47475
0.387346 0.473515
0.408951 0.471943
0.438272 0.470248
0.416667 0.468653
0.464506 0.46729
0.436728 0.466046
0.390432 0.464658
0.402778 0.463157
0.395062 0.462042
0.402778 0.460953
0.371914 0.459779
0.328704 0.458485
0.37963 0.457124
0.445988 0.455869
0.476852 0.454325
0.473765 0.453013
0.439815 0.452029
0.459877 0.451229
0.484568 0.450121
0.492284 0.44925
0.507716 0.448307
0.515432 0.44776
0.535494 0.447186
0.527778 0.446332
0.554012 0.445466
0.527778 0.444434
0.526235 0.443626
0.524691 0.442523
0.552469 0.44172
0.535494 0.440898
0.567901 0.439562
0.54784 0.438172
0.501543 0.436896
0.512346 0.435592
0.533951 0.434331
0.510802 0.432895
0.554012 0.431445
0.600309 0.430373
0.625 0.42928
0.606481 0.427945
0.591049 0.426357
0.601852 0.424629
0.587963 0.422939
0.608025 0.421574
0.628086 0.42023
0.635802 0.418872
0.643519 0.417452
0.617284 0.416026
0.637346 0.414675
0.643519 0.41333
0.657407 0.411713
0.634259 0.410293
0.62037 0.408716
0.625 0.407119
0.609568 0.405668
0.62963 0.404389
0.594136 0.403284
0.604938 0.402165
0.589506 0.40081
0.604938 0.39946
0.628086 0.397914
0.625 0.39666
0.62037 0.395198
0.567901 0.393671
0.587963 0.39195
0.583333 0.390004
0.583333 0.388064
0.601852 0.386121
0.580247 0.384568
0.594136 0.383134
0.58642 0.381949
0.566358 0.38069
0.574074 0.378941
0.606481 0.377494
0.601852 0.376171
0.592593 0.374868
0.527778 0.373386
0.555556 0.371884
0.554012 0.3706
0.558642 0.369265
0.570988 0.368026
0.569444 0.366793
0.591049 0.365537
0.601852 0.364089
0.583333 0.362825
0.567901 0.361506
0.578704 0.360009
0.564815 0.358434
0.550926 0.356962
0.558642 0.35536
0.606481 0.354026
0.617284 0.352746
0.608025 0.351551
0.623457 0.350474
0.612654 0.349463
0.572531 0.348977
0.612654 0.348284
0.600309 0.347454
0.635802 0.346486
0.631173 0.345521
0.626543 0.344706
0.603395 0.343614
0.574074 0.342768
0.594136 0.342186
0.575617 0.341727
0.603395 0.341158
0.595679 0.340324
0.58642 0.339559
0.592593 0.338947
0.592593 0.338596
0.578704 0.338001
0.569444 0.33765
0.572531 0.337171
0.54784 0.336646
0.592593 0.335967
0.589506 0.335416
0.600309 0.334589
0.621914 0.333721
0.628086 0.332831
0.621914 0.331807
0.606481 0.330784
0.643519 0.329986
0.611111 0.329546
0.604938 0.328711
0.612654 0.327696
0.634259 0.327079
0.631173 0.326525
0.575617 0.32589
0.623457 0.325317
0.66821 0.324252
0.691358 0.32344
0.67284 0.322826
0.666667 0.321914
0.654321 0.321649
0.66358 0.321176
0.652778 0.320439
0.646605 0.320394
0.669753 0.320463
0.652778 0.320431
0.654321 0.320643
0.648148 0.320564
0.697531 0.320458
0.641975 0.320441
0.654321 0.320605
0.66821 0.320588
0.651235 0.320762
0.648148 0.320763
0.634259 0.320462
0.648148 0.320123
0.716049 0.319788
0.714506 0.319631
0.679012 0.319638
0.686728 0.319638
0.674383 0.319466
0.70679 0.319408
0.712963 0.31951
0.733025 0.319915
0.736111 0.320053
0.720679 0.320252
0.723765 0.320201
0.716049 0.320104
0.691358 0.320003
0.677469 0.319782
0.712963 0.319516
0.714506 0.318938
0.709877 0.318431
0.728395 0.317665
0.743827 0.31649
0.740741 0.315384
0.753086 0.314585
0.736111 0.313925
0.688272 0.313459
0.685185 0.313083
0.723765 0.312582
0.716049 0.312365
0.674383 0.312298
0.657407 0.312155
0.645062 0.311794
0.66821 0.311547
0.66358 0.311128
0.669753 0.310906
0.631173 0.310572
0.685185 0.310304
0.662037 0.310423
0.679012 0.310824
0.683642 0.311312
0.680556 0.312039
0.679012 0.31249
0.679012 0.312498
0.660494 0.312879
0.680556 0.313272
0.689815 0.313825
0.660494 0.314211
0.671296 0.314497
0.694444 0.314841
0.643519 0.315223
0.665123 0.315474
0.628086 0.31583
0.58642 0.316106
0.634259 0.316302
0.626543 0.316216
0.617284 0.315669
0.615741 0.315177
0.617284 0.314631
0.606481 0.314294
0.580247 0.314115
0.611111 0.313529
0.594136 0.312881
0.594136 0.311923
0.608025 0.310808
0.598765 0.309647
0.606481 0.308589
0.612654 0.307641
0.662037 0.306765
0.671296 0.30611
0.658951 0.305224
0.691358 0.304585
0.692901 0.304206
0.641975 0.303413
0.611111 0.302794
0.615741 0.302228
0.651235 0.301595
0.637346 0.300683
0.626543 0.299494
0.655864 0.298199
0.688272 0.296897
0.699074 0.295423
0.674383 0.294376
0.683642 0.293513
0.694444 0.29286
0.720679 0.292339
0.726852 0.291653
0.708333 0.290829
0.712963 0.290183
0.712963 0.289724
0.75 0.289279
0.766975 0.289097
0.763889 0.288564
0.756173 0.287879
0.748457 0.286588
0.759259 0.285547
0.70216 0.284353
0.709877 0.282962
0.67284 0.281915
0.631173 0.281006
0.632716 0.27993
0.625 0.278742
0.660494 0.277425
0.587963 0.275923
0.57716 0.274447
0.57716 0.272934
0.549383 0.271618
0.537037 0.270546
0.563272 0.26943
0.621914 0.268278
0.592593 0.266908
0.552469 0.265334
0.608025 0.263976
0.604938 0.262499
0.589506 0.26087
0.563272 0.259311
0.58642 0.257873
0.558642 0.256461
0.530864 0.255136
0.509259 0.25368
0.530864 0.252095
0.487654 0.250514
0.530864 0.248778
0.503086 0.247211
0.483025 0.245637
0.441358 0.244161
0.435185 0.242433
0.475309 0.24082
0.510802 0.239342
0.479938 0.237982
0.466049 0.23681
0.49537 0.235463
0.476852 0.234405
0.523148 0.233532
0.513889 0.232497
0.484568 0.2313
0.432099 0.230075
0.453704 0.228783
0.50463 0.227312
0.566358 0.225638
0.569444 0.224026
0.589506 0.222117
0.540123 0.220194
0.524691 0.218477
0.49537 0.216533
0.467593 0.214846
0.486111 0.213083
0.442901 0.211489
0.388889 0.209498
0.421296 0.207295
0.439815 0.205032
0.469136 0.203052
0.459877 0.201183
0.462963 0.199114
0.450617 0.196917
0.439815 0.194463
0.481481 0.192005
0.472222 0.189724
0.493827 0.187679
0.5 0.185546
0.512346 0.183544
0.490741 0.181466
0.523148 0.178937
0.530864 0.176523
0.5 0.174427
0.493827 0.172412
0.541667 0.170608
0.537037 0.16921
0.512346 0.16739
0.447531 0.165416
0.489198 0.163439
0.479938 0.161633
0.49537 0.159859
0.544753 0.157942
0.567901 0.155766
0.532407 0.153508
0.554012 0.151401
0.563272 0.149409
0.527778 0.147504
0.518519 0.145572
0.53858 0.143388
0.550926 0.141351
0.554012 0.139202
0.512346 0.136976
0.490741 0.135014
0.526235 0.13317
0.49537 0.131368
0.475309 0.129528
0.512346 0.127377
0.46142 0.125682
0.475309 0.123953
0.425926 0.122359
0.387346 0.12062
0.42284 0.118782
0.439815 0.117189
0.470679 0.115588
0.444444 0.114191
0.487654 0.112953
0.524691 0.111713
0.520062 0.110714
0.552469 0.109755
0.54321 0.10866
0.595679 0.107902
0.544753 0.106907
0.58179 0.105816
0.57716 0.104767
0.550926 0.103624
0.540123 0.102381
0.572531 0.101462
0.54784 0.10057
0.575617 0.0999704
0.58642 0.0994346
0.631173 0.0986085
0.591049 0.097783
0.557099 0.0972822
0.584877 0.0967006
0.598765 0.0960348
0.625 0.0952067
0.632716 0.0942008
0.611111 0.0932159
0.580247 0.0918897
0.560185 0.0908215
0.54321 0.0897341
0.492284 0.0883754
0.493827 0.0867193
0.470679 0.0855043
0.50463 0.083799
0.489198 0.0823866
0.472222 0.0808787
0.455247 0.0790003
0.435185 0.0771943
0.449074 0.075449
0.441358 0.0736753
0.45679 0.0718786
0.444444 0.0703038
0.453704 0.0689461
0.464506 0.0676708
0.469136 0.066541
0.453704 0.0653898
0.442901 0.0643221
0.444444 0.0629444
0.462963 0.0618442
0.470679 0.0604804
0.493827 0.0596546
0.5 0.0588946
0.53858 0.0584433
0.515432 0.0582352
0.489198 0.0578794
0.45216 0.0575473
0.429012 0.0572753
0.364198 0.0567087
0.442901 0.0560379
0.432099 0.0554408
0.419753 0.0546586
0.487654 0.0539393
0.439815 0.0535203
0.466049 0.053195
0.486111 0.0529288
0.459877 0.0530009
0.496914 0.052882
0.515432 0.0524844
0.476852 0.0519703
0.486111 0.0513607
0.493827 0.050709
0.478395 0.0497587
0.472222 0.0491067
0.483025 0.0487322
0.481481 0.0487295
0.496914 0.0486182
0.518519 0.0484748
0.518519 0.0481457
0.526235 0.0478886
0.498457 0.0476571
0.533951 0.0472519
0.561728 0.0468103
0.550926 0.0462978
0.550926 0.0455784
0.54784 0.0449618
0.479938 0.044347
0.430556 0.0435296
0.432099 0.0428662
0.402778 0.042301
0.424383 0.0419198
0.402778 0.0416749
0.385802 0.041699
0.368827 0.0418898
0.37037 0.0417314
0.385802 0.0416129
0.371914 0.0413218
0.328704 0.0409024
0.322531 0.0406511
0.314815 0.0402352
0.367284 0.0399856
0.358025 0.0401407
0.356481 0.0405649
0.344136 0.0410832
0.342593 0.0416019
0.364198 0.0419596
0.345679 0.0420324
0.333333 0.0422144
0.347222 0.0422993
0.362654 0.0425228
0.37963 0.0429376
0.354938 0.0434271
0.387346 0.0438469
0.421296 0.0442961
0.396605 0.0448283
0.356481 0.0451691
0.364198 0.0452669
0.364198 0.0453648
0.376543 0.0454139
0.371914 0.0453695
0.387346 0.0455145
0.387346 0.0458956
0.362654 0.0462131
0.324074 0.0467118
0.313272 0.047042
0.251543 0.0477521
0.243827 0.0481096
0.28858 0.0487664
0.345679 0.0490346
0.325617 0.0493644
0.373457 0.0493021
0.351852 0.0494629
0.358025 0.049517
0.337963 0.0493869
0.341049 0.0495229
0.330247 0.049449
0.348765 0.049642
0.356481 0.0498859
0.342593 0.0504685
0.381173 0.0510189
0.361111 0.0515337
0.371914 0.0517283
0.358025 0.0519161
0.365741 0.0523421
0.382716 0.0530892
0.347222 0.0536318
0.371914 0.0539537
0.385802 0.0540583
0.347222 0.0542815
0.319444 0.0543229
0.33179 0.0544007
0.371914 0.0545339
0.359568 0.0548275
0.378086 0.0552174
0.342593 0.0554853
0.353395 0.0558827
0.342593 0.0563891
0.381173 0.0570747
0.373457 0.0576505
0.388889 0.0580834
0.425926 0.0586982
0.407407 0.0592977
0.424383 0.0596481
0.489198 0.0597416
0.475309 0.0599028
0.489198 0.0600649
0.498457 0.0602868
0.475309 0.0604733
0.564815 0.0607543
0.566358 0.0608211
0.563272 0.0611885
0.506173 0.0617486
0.490741 0.0622795
0.425926 0.0627449
0.492284 0.0630673
0.526235 0.0634901
0.557099 0.0642529
0.608025 0.0649145
0.643519 0.0654568
0.652778 0.0657481
0.631173 0.0661002
0.594136 0.066449
0.635802 0.0666932
0.618827 0.0673297
0.615741 0.06746
0.591049 0.0676601
0.589506 0.0676913
0.57716 0.067572
0.58179 0.0674519
0.574074 0.0674275
0.606481 0.0672379
0.600309 0.0670036
0.600309 0.0669463
0.631173 0.0667771
0.618827 0.0664858
0.638889 0.0664724
0.665123 0.0666263
0.66821 0.0664649
0.641975 0.0665201
0.67284 0.0665426
0.67284 0.0665775
0.662037 0.0666109
0.694444 0.0662815
0.66821 0.0657826
0.66358 0.0648665
0.62963 0.0640938
0.597222 0.0630957
0.578704 0.0620593
0.589506 0.0610252
0.611111 0.0599353
0.550926 0.0588217
0.567901 0.0576464
0.570988 0.0565212
0.537037 0.0554561
0.523148 0.0546505
0.564815 0.0537823
0.540123 0.0528399
0.503086 0.0519167
0.523148 0.0511091
0.493827 0.0503384
0.46142 0.0492423
0.501543 0.0481894
0.46142 0.0467876
0.425926 0.0450813
0.402778 0.0435017
0.408951 0.0419866
0.444444 0.0402663
0.473765 0.0387336
0.472222 0.0367534
0.509259 0.0346811
0.513889 0.0325381
0.516975 0.0306291
0.501543 0.0293161
0.498457 0.0279845
0.532407 0.0269383
0.540123 0.0261017
0.550926 0.0254081
0.572531 0.0242007
0.595679 0.0227998
0.58642 0.0214028
0.631173 0.0196948
0.614198 0.0179624
0.578704 0.0160764
0.580247 0.0142161
0.58642 0.0125112
0.563272 0.0104931
0.58179 0.00855824
0.560185 0.00666741
0.557099 0.00476741
0.566358 0.00258233
0.515432 0.000374087
0.524691 -0.00167256
0.515432 -0.00392623
0.467593 -0.00620399
0.45679 -0.00870983
0.481481 -0.011174
0.483025 -0.0140926
0.509259 -0.016961
0.438272 -0.0196281
0.466049 -0.022337
0.520062 -0.0250573
0.45216 -0.0278284
0.459877 -0.0302293
0.472222 -0.0324721
0.453704 -0.0349041
0.430556 -0.0372604
0.438272 -0.0397647
0.445988 -0.04212
0.432099 -0.0440633
0.45216 -0.0462245
0.526235 -0.0481926
0.523148 -0.049924
0.521605 -0.0519235
0.527778 -0.0542656
0.535494 -0.0564884
0.516975 -0.0585941
0.478395 -0.060938
0.459877 -0.063214
0.50463 -0.0656117
0.490741 -0.0675011
0.469136 -0.0692887
0.450617 -0.0711434
0.455247 -0.0726865
0.483025 -0.0742731
0.524691 -0.0759606
0.549383 -0.0777405
0.533951 -0.0795532
0.555556 -0.0809636
0.54784 -0.0821529
0.50463 -0.0836003
0.567901 -0.0849013
0.606481 -0.0864556
0.595679 -0.0876402
0.584877 -0.0888422
0.592593 -0.0902873
0.58642 -0.0916405
0.597222 -0.0930552
0.641975 -0.0942509
0.640432 -0.0954634
0.686728 -0.0967114
0.655864 -0.0978648
0.662037 -0.0991557
0.671296 -0.100488
0.671296 -0.101822
0.649691 -0.103021
0.641975 -0.104595
0.66821 -0.106049
0.675926 -0.106965
0.683642 -0.108035
0.709877 -0.108915
0.677469 -0.109718
0.686728 -0.110708
0.694444 -0.111707
0.66358 -0.112695
0.662037 -0.113923
0.612654 -0.114754
0.635802 -0.116035
0.635802 -0.117377
0.680556 -0.118627
0.708333 -0.119918
0.703704 -0.121121
0.665123 -0.122414
0.697531 -0.123723
0.666667 -0.125015
0.626543 -0.126358
0.674383 -0.12782
0.669753 -0.128585
0.71142 -0.129448
0.70679 -0.130333
0.731481 -0.131191
0.709877 -0.131944
0.737654 -0.132491
0.708333 -0.133035
0.679012 -0.133599
0.675926 -0.134272
0.714506 -0.134915
0.733025 -0.135374
0.739198 -0.135552
0.717593 -0.13569
0.691358 -0.135884
0.731481 -0.136199
0.774691 -0.13646
0.768519 -0.136654
0.756173 -0.13693
0.776235 -0.137231
0.717593 -0.13745
0.746914 -0.137358
0.740741 -0.138049
0.74537 -0.138595
0.763889 -0.139158
0.75 -0.139578
0.737654 -0.139973
0.733025 -0.140656
0.768519 -0.14138
0.78858 -0.141901
0.819444 -0.142329
0.825617 -0.142812
0.799383 -0.143046
0.811728 -0.143223
0.837963 -0.143204
0.817901 -0.143163
0.839506 -0.143082
0.858025 -0.143151
0.813272 -0.143115
0.782407 -0.143437
0.79321 -0.143429
0.776235 -0.143722
0.765432 -0.144155
0.774691 -0.144984
0.790123 -0.145772
0.783951 -0.14655
0.805556 -0.147327
0.787037 -0.148175
0.766975 -0.148983
0.777778 -0.149669
0.753086 -0.150509
0.74537 -0.151191
0.688272 -0.151948
0.683642 -0.153027
0.651235 -0.154201
0.654321 -0.155372
0.662037 -0.156667
0.635802 -0.157714
0.612654 -0.158754
0.628086 -0.159463
0.611111 -0.160628
0.614198 -0.161389
0.654321 -0.162142
0.618827 -0.162935
0.555556 -0.164128
0.498457 -0.165084
0.498457 -0.165914
0.493827 -0.166568
0.493827 -0.1673
0.492284 -0.167733
0.50463 -0.168156
0.492284 -0.168698
0.523148 -0.169166
0.544753 -0.169827
0.550926 -0.170371
0.549383 -0.171237
0.550926 -0.171742
0.580247 -0.171958
0.53858 -0.172283
0.530864 -0.172361
0.523148 -0.172635
0.464506 -0.172789
0.436728 -0.173401
0.402778 -0.173883
0.405864 -0.174358
0.421296 -0.17483
0.458333 -0.175697
0.441358 -0.176523
0.462963 -0.17741
0.476852 -0.178472
0.462963 -0.179758
0.442901 -0.181083
0.455247 -0.182252
0.46142 -0.183539
0.516975 -0.184811
0.473765 -0.185823
0.478395 -0.186777
0.441358 -0.187612
0.447531 -0.188596
0.398148 -0.189801
0.385802 -0.19123
0.396605 -0.192868
0.37963 -0.19431
0.410494 -0.195698
0.402778 -0.196938
0.371914 -0.198118
0.37037 -0.199243
0.399691 -0.200382
0.404321 -0.2016
0.368827 -0.202846
0.393519 -0.204144
0.435185 -0.205281
0.450617 -0.206389
0.436728 -0.207536
0.402778 -0.208637
0.438272 -0.209462
0.421296 -0.209938
0.427469 -0.210605
0.416667 -0.211289
0.433642 -0.212042
0.450617 -0.212681
0.442901 -0.213206
0.45679 -0.213838
0.473765 -0.214822
0.493827 -0.215925
0.435185 -0.216992
0.445988 -0.218115
0.479938 -0.219309
0.492284 -0.220327
0.512346 -0.22144
0.535494 -0.222419
0.510802 -0.223223
0.498457 -0.223999
0.470679 -0.224396
0.509259 -0.224707
0.516975 -0.225358
0.540123 -0.22601
0.555556 -0.227151
0.554012 -0.228676
0.54784 -0.230181
0.532407 -0.231517
0.492284 -0.233266
0.50463 -0.235119
0.535494 -0.23723
0.595679 -0.239192
0.557099 -0.240738
0.533951 -0.24232
0.560185 -0.244014
0.555556 -0.245772
0.567901 -0.247839
0.526235 -0.250008
0.54784 -0.251711
0.555556 -0.253254
0.550926 -0.254735
0.564815 -0.256
0.532407 -0.257325
0.54321 -0.259014
0.535494 -0.260697
0.518519 -0.262529
0.529321 -0.263892
0.516975 -0.265487
0.509259 -0.267581
0.467593 -0.269825
0.484568 -0.271889
0.475309 -0.27396
0.447531 -0.275707
0.455247 -0.277036
0.475309 -0.278076
0.481481 -0.279187
0.493827 -0.280113
0.489198 -0.281543
0.493827 -0.282935
0.518519 -0.28443
0.509259 -0.285375
0.541667 -0.286302
0.558642 -0.287466
0.592593 -0.288966
0.564815 -0.290335
0.592593 -0.291709
0.601852 -0.292699
0.569444 -0.293572
0.572531 -0.294664
0.564815 -0.29581
0.567901 -0.297014
0.594136 -0.298357
0.587963 -0.299766
0.598765 -0.300772
0.643519 -0.30178
0.643519 -0.303058
0.658951 -0.304488
0.66821 -0.306147
0.652778 -0.307862
0.651235 -0.309728
0.614198 -0.311801
0.567901 -0.313552
0.614198 -0.315349
0.567901 -0.317486
0.552469 -0.319503
0.561728 -0.321112
0.510802 -0.32286
0.544753 -0.325023
0.587963 -0.326578
0.541667 -0.327831
0.544753 -0.329101
0.549383 -0.330476
0.554012 -0.332058
0.558642 -0.333599
0.49537 -0.335384
0.501543 -0.337358
0.506173 -0.339115
0.507716 -0.340823
0.520062 -0.342952
0.496914 -0.344784
0.524691 -0.346596
0.560185 -0.348453
0.530864 -0.350438
0.492284 -0.352574
0.484568 -0.354563
0.490741 -0.355901
0.5 -0.35752
0.447531 -0.358858
0.445988 -0.360085
0.45216 -0.361149
0.479938 -0.362035
0.45679 -0.362789
0.478395 -0.363857
0.476852 -0.36548
0.464506 -0.367033
0.478395 -0.368607
0.507716 -0.36997
0.521605 -0.371218
0.529321 -0.372355
0.520062 -0.373187
0.50463 -0.373855
0.498457 -0.374359
0.478395 -0.3748
0.516975 -0.375501
0.53858 -0.376168
0.580247 -0.376984
0.532407 -0.377933
0.587963 -0.379043
0.554012 -0.380212
0.591049 -0.381363
0.583333 -0.382424
0.600309 -0.383316
0.58179 -0.384038
0.58179 -0.384994
0.569444 -0.385477
0.558642 -0.386137
0.569444 -0.386802
0.57716 -0.387666
0.603395 -0.38816
0.603395 -0.388743
0.615741 -0.389303
0.662037 -0.389511
0.621914 -0.38956
0.62037 -0.389683
0.621914 -0.389999
0.643519 -0.390778
0.62037 -0.391645
0.621914 -0.392397
0.640432 -0.39368
0.67284 -0.395103
0.660494 -0.396157
0.608025 -0.397067
0.554012 -0.397734
0.552469 -0.398107
0.566358 -0.39824
0.598765 -0.398701
0.611111 -0.399242
0.651235 -0.399611
0.679012 -0.400004
0.634259 -0.400803
0.666667 -0.401546
0.643519 -0.40224
0.638889 -0.403024
0.608025 -0.403669
0.628086 -0.404361
0.623457 -0.404565
0.600309 -0.405068
0.608025 -0.405506
0.608025 -0.405776
0.554012 -0.405945
0.537037 -0.406008
0.515432 -0.406332
0.509259 -0.406607
0.574074 -0.406511
0.572531 -0.406322
0.594136 -0.406165
0.618827 -0.405562
0.679012 -0.405199
0.66358 -0.405378
0.614198 -0.405571
0.66358 -0.405494
0.683642 -0.405136
0.634259 -0.404735
0.655864 -0.404378
0.635802 -0.404214
0.625 -0.404036
0.612654 -0.403682
0.575617 -0.403088
0.591049 -0.402506
0.62037 -0.402257
0.603395 -0.402148
0.564815 -0.402009
0.57716 -0.401768
0.598765 -0.401931
0.600309 -0.402367
0.612654 -0.402809
0.601852 -0.403199
0.583333 -0.403857
0.595679 -0.404455
0.626543 -0.405162
0.598765 -0.405686
0.535494 -0.406263
0.509259 -0.406751
0.533951 -0.407259
0.498457 -0.407542
0.513889 -0.407733
0.487654 -0.408185
0.467593 -0.408405
0.552469 -0.408752
0.564815 -0.408914
0.57716 -0.408528
0.58642 -0.408044
0.578704 -0.40773
0.555556 -0.408037
0.564815 -0.40781
0.530864 -0.407794
0.521605 -0.407589
0.533951 -0.407709
0.518519 -0.407896
0.530864 -0.408082
0.486111 -0.407877
0.50463 -0.407541
0.523148 -0.406978
0.520062 -0.406433
0.554012 -0.405605
0.540123 -0.405034
0.521605 -0.404045
0.509259 -0.403113
0.493827 -0.40216
0.486111 -0.400951
0.49537 -0.399658
0.49537 -0.398368
0.455247 -0.39716
0.453704 -0.396016
0.472222 -0.394907
0.442901 -0.394123
0.378086 -0.393281
0.391975 -0.392342
0.396605 -0.391
0.401235 -0.389598
0.416667 -0.388716
0.416667 -0.387933
0.402778 -0.386811
0.398148 -0.385777
0.433642 -0.384575
0.467593 -0.383317
0.429012 -0.381812
0.402778 -0.380413
0.401235 -0.379007
0.388889 -0.377727
0.364198 -0.376677
0.344136 -0.375584
0.385802 -0.374385
0.391975 -0.373302
0.37963 -0.372562
0.398148 -0.37168
0.442901 -0.370666
0.49537 -0.369419
0.533951 -0.367924
0.493827 -0.366401
0.486111 -0.364924
0.458333 -0.36331
0.476852 -0.362033
0.490741 -0.360577
0.487654 -0.359037
0.479938 -0.35726
0.486111 -0.355526
0.512346 -0.353924
0.557099 -0.352417
0.54321 -0.35111
0.533951 -0.349626
0.532407 -0.348489
0.512346 -0.347524
0.498457 -0.346513
0.532407 -0.345231
0.503086 -0.343639
0.469136 -0.342051
0.450617 -0.340018
0.479938 -0.338075
0.445988 -0.336876
0.442901 -0.335544
0.421296 -0.334356
0.45216 -0.33292
0.441358 -0.330948
0.425926 -0.329414
0.41358 -0.328029
0.387346 -0.326507
0.416667 -0.325004
0.424383 -0.323396
0.462963 -0.321541
0.467593 -0.319447
0.475309 -0.317437
0.503086 -0.315409
0.520062 -0.313679
0.518519 -0.312091
0.49537 -0.310344
0.492284 -0.308933
0.555556 -0.307114
0.567901 -0.305068
0.570988 -0.303318
0.558642 -0.301496
0.594136 -0.299691
0.601852 -0.297837
0.575617 -0.2961
0.554012 -0.294492
0.515432 -0.292726
0.478395 -0.291503
0.527778 -0.290318
0.507716 -0.289324
0.569444 -0.288249
0.566358 -0.286863
0.601852 -0.285739
0.631173 -0.284796
0.655864 -0.283801
0.680556 -0.282809
0.669753 -0.281851
0.654321 -0.280704
0.669753 -0.279635
0.648148 -0.278393
0.631173 -0.276876
0.597222 -0.275305
0.597222 -0.273482
0.569444 -0.271921
0.535494 -0.270471
0.532407 -0.269249
0.492284 -0.267967
0.472222 -0.266694
0.427469 -0.265603
0.419753 -0.264535
0.472222 -0.263629
0.493827 -0.262908
0.496914 -0.262414
0.5 -0.262002
0.530864 -0.261724
0.515432 -0.261229
0.558642 -0.260664
0.592593 -0.260197
0.601852 -0.259776
0.606481 -0.259026
0.57716 -0.258263
0.589506 -0.257258
0.606481 -0.2564
0.600309 -0.255572
0.557099 -0.254709
0.600309 -0.254063
0.57716 -0.253966
0.611111 -0.25389
0.615741 -0.253896
0.604938 -0.253906
0.580247 -0.254013
0.549383 -0.254379
0.57716 -0.254726
0.541667 -0.255462
0.54784 -0.256326
0.533951 -0.257217
0.53858 -0.257937
0.555556 -0.258518
0.606481 -0.258901
0.578704 -0.258873
0.600309 -0.258736
0.558642 -0.258362
0.54784 -0.25811
0.532407 -0.257746
0.481481 -0.257365
0.449074 -0.257506
0.49537 -0.257673
0.487654 -0.257831
0.5 -0.258051
0.506173 -0.257818
0.462963 -0.257872
0.432099 -0.257867
0.435185 -0.258015
0.427469 -0.257921
0.356481 -0.257954
0.37963 -0.258258
0.381173 -0.258875
0.405864 -0.259578
0.419753 -0.260417
0.436728 -0.26099
0.429012 -0.261299
0.387346 -0.261636
0.402778 -0.261991
0.408951 -0.262165
0.396605 -0.262504
0.376543 -0.262783
0.37037 -0.263246
0.381173 -0.263502
0.348765 -0.263601
0.299383 -0.263586
0.32716 -0.263636
0.353395 -0.264196
0.33179 -0.264556
0.316358 -0.265314
0.300926 -0.265836
0.311728 -0.266582
0.299383 -0.267121
0.276235 -0.267732
0.285494 -0.26876
0.234568 -0.269667
0.248457 -0.270402
0.257716 -0.271458
0.262346 -0.272627
0.242284 -0.273597
0.236111 -0.274921
0.209877 -0.275805
0.200617 -0.276688
0.203704 -0.277595
0.214506 -0.278333
0.219136 -0.279069
0.234568 -0.280102
0.208333 -0.28147
0.192901 -0.283058
0.183642 -0.284954
0.157407 -0.286544
0.182099 -0.288493
0.128086 -0.290126
0.118827 -0.291422
0.108025 -0.292514
0.148148 -0.293591
0.128086 -0.294569
0.148148 -0.294839
0.146605 -0.295391
0.121914 -0.296527
0.138889 -0.297975
0.135802 -0.299495
0.148148 -0.30102
0.16358 -0.302368
0.146605 -0.303414
0.186728 -0.304164
0.182099 -0.305229
0.17284 -0.306578
0.162037 -0.307763
0.118827 -0.309023
0.117284 -0.310381
0.0725309 -0.31191
0.0740741 -0.313682
0.0740741 -0.315627
0.0385802 -0.317511
0.00925926 -0.319561
0.00771605 -0.321503
0.0478395 -0.323309
0.0277778 -0.325424
0.0231481 -0.327479
0.0447531 -0.329348
0.0570988 -0.331128
0.0709877 -0.332421
0.0432099 -0.334069
0.0540123 -0.336001
0.0108025 -0.338102
0.0401235 -0.340263
0.0246914 -0.342398
0.00617284 -0.343787
0.0540123 -0.345415
0.066358 -0.346932
0.0524691 -0.348397
0.0555556 -0.35
0.0324074 -0.351351
0.0169753 -0.35303
0.029321 -0.354063
0.00308642 -0.355255
0.0138889 -0.356316
0.0185185 -0.357576
0.0555556 -0.358777
0.0848765 -0.360223
0.0910494 -0.361611
0.131173 -0.362895
0.169753 -0.364044
0.16821 -0.365095
0.169753 -0.366207
0.138889 -0.367105
0.0987654 -0.368072
0.0848765 -0.369203
0.0910494 -0.37063
0.132716 -0.371892
0.151235 -0.372875
0.111111 -0.374037
0.134259 -0.375126
0.157407 -0.375683
0.165123 -0.376337
0.16358 -0.377203
0.146605 -0.378131
0.158951 -0.378792
0.20216 -0.379389
0.166667 -0.379806
0.169753 -0.380039
0.141975 -0.380194
0.148148 -0.380194
0.152778 -0.380434
0.152778 -0.381138
0.151235 -0.381477
0.16821 -0.38204
0.189815 -0.382838
0.106481 -0.383513
0.145062 -0.384056
0.154321 -0.384325
0.17284 -0.384683
0.165123 -0.385192
0.191358 -0.385969
0.12963 -0.386454
0.121914 -0.387145
0.149691 -0.388097
0.169753 -0.389128
0.141975 -0.390269
0.12963 -0.391143
0.114198 -0.39188
0.117284 -0.39271
0.087963 -0.393386
0.0648148 -0.39382
0.0447531 -0.394319
0.0493827 -0.394979
0.0756173 -0.396134
0.0632716 -0.397344
0.0570988 -0.398429
0.0432099 -0.399705
0.029321 -0.400578
0.0401235 -0.401787
0.0216049 -0.402814
0.0385802 -0.404072
0.00462963 -0.405166
0.0462963 -0.406098
0.0416667 -0.407429
0.0447531 -0.408493
0.0200617 -0.409618
0.0200617 -0.410652
0.0200617 -0.411425
0.0540123 -0.412509
0.0972222 -0.413551
0.0617284 -0.414289
0.0941358 -0.414866
0.0725309 -0.415156
0.066358 -0.415124
0.095679 -0.415129
0.117284 -0.41519
0.117284 -0.41558
0.131173 -0.415758
0.140432 -0.415693
0.0848765 -0.415434
0.0833333 -0.415056
0.111111 -0.414593
0.123457 -0.41371
0.141975 -0.412657
0.135802 -0.411544
0.126543 -0.410359
0.121914 -0.408947
0.0987654 -0.407393
0.125 -0.405797
0.118827 -0.404399
0.132716 -0.403288
0.114198 -0.402211
0.12037 -0.401177
0.103395 -0.399905
0.108025 -0.398705
0.0941358 -0.397294
0.152778 -0.396466
0.175926 -0.395062
0.17284 -0.393933
0.179012 -0.392846
0.186728 -0.392019
0.191358 -0.391078
0.203704 -0.390376
0.203704 -0.389437
0.192901 -0.388781
0.200617 -0.388176
0.180556 -0.387468
0.17284 -0.386663
0.131173 -0.385436
0.115741 -0.38441
0.117284 -0.383112
0.123457 -0.382184
0.095679 -0.381496
0.0756173 -0.381122
0.0138889 -0.380811
0.00308642 -0.380799
0.0694444 -0.381228
0.0277778 -0.38122
0.0262346 -0.381183
0.00771605 -0.380857
0.0601852 -0.380497
0.058642 -0.379944
0.0154321 -0.379707
0.00925926 -0.37966
0.0138889 -0.379445
0.0277778 -0.379327
0.00617284 -0.379069
0.00154321 -0.378593
0.0123457 -0.377785
0.0632716 -0.377085
0.0601852 -0.376306
0.0154321 -0.375471
0.0138889 -0.374808
0.0416667 -0.374299
0.0462963 -0.37374
0.0679012 -0.373442
0.0709877 -0.372534
0.0570988 -0.371905
0.0756173 -0.371207
0.0694444 -0.370656
0.0416667 -0.369682
0.0601852 -0.368237
0.0262346 -0.366812
0.00771605 -0.365634
0.0169753 -0.364578
0.00925926 -0.363823
0.0339506 -0.362463
0.0632716 -0.36112
0.0679012 -0.35996
0.0601852 -0.358466
0.029321 -0.357012
0.0154321 -0.355843
0.00462963 -0.354886
0.0308642 -0.354098
0.0108025 -0.353608
0.0108025 -0.353139
0.0262346 -0.352335
0.0632716 -0.351969
0.100309 -0.351752
0.0509259 -0.3521
0.0848765 -0.352619
0.0833333 -0.35295
0.0725309 -0.35341
0.0972222 -0.354093
0.143519 -0.354667
0.182099 -0.355313
0.222222 -0.35572
0.166667 -0.355728
0.132716 -0.355273
0.126543 -0.354649
0.131173 -0.354557
0.118827 -0.354145
0.141975 -0.353829
0.149691 -0.353578
0.155864 -0.353989
0.16358 -0.354405
0.182099 -0.354373
0.177469 -0.354088
0.140432 -0.353625
0.121914 -0.353092
0.141975 -0.352106
0.0987654 -0.35117
0.0632716 -0.35038
0.066358 -0.349979
0.0787037 -0.349706
0.0833333 -0.349372
0.0339506 -0.349223
0.0231481 -0.349444
0.0848765 -0.349149
0.0617284 -0.349106
0.0524691 -0.348897
0.00154321 -0.348488
0.0123457 -0.348202
0.0169753 -0.347799
0.00308642 -0.347368
0.0385802 -0.347163
0.0324074 -0.347144
0.0246914 -0.347278
0.0169753 -0.347643
0.0570988 -0.347647
0.0447531 -0.347557
0.029321 -0.347311
0.0601852 -0.347129
0.0447531 -0.347456
0.0462963 -0.347707
0.0154321 -0.347971
0.0200617 -0.348387
0.0169753 -0.348362
0.0447531 -0.347874
0.00617284 -0.347307
0.00925926 -0.346735
0.0509259 -0.346177
0.095679 -0.345985
0.143519 -0.345812
0.135802 -0.345689
0.0972222 -0.345716
0.123457 -0.345847
0.140432 -0.346082
0.155864 -0.346406
0.155864 -0.346385
0.137346 -0.346082
0.148148 -0.346001
0.114198 -0.346098
0.125 -0.346425
0.115741 -0.346496
0.154321 -0.346691
0.17284 -0.34661
0.194444 -0.346434
0.226852 -0.345928
0.189815 -0.345658
0.236111 -0.345828
0.276235 -0.345866
0.29321 -0.345809
0.277778 -0.345843
0.274691 -0.345854
0.25 -0.346414
0.25463 -0.347016
0.228395 -0.347611
0.246914 -0.348009
0.305556 -0.348226
0.234568 -0.347789
0.219136 -0.347505
0.189815 -0.347374
0.165123 -0.347246
0.143519 -0.347397
0.106481 -0.347205
0.162037 -0.347045
0.189815 -0.346816
0.183642 -0.346433
0.188272 -0.345652
0.180556 -0.344795
0.166667 -0.343901
0.138889 -0.343022
0.109568 -0.342199
0.135802 -0.341692
0.138889 -0.341222
0.180556 -0.340902
0.177469 -0.340433
0.154321 -0.340418
0.200617 -0.340209
0.242284 -0.33999
0.205247 -0.339724
0.216049 -0.339436
0.165123 -0.338903
0.132716 -0.33815
0.160494 -0.337518
0.240741 -0.336502
0.185185 -0.335435
0.182099 -0.334428
0.212963 -0.333594
0.243827 -0.332486
0.240741 -0.331166
0.233025 -0.330238
0.226852 -0.329809
0.21142 -0.330156
0.182099 -0.330803
0.177469 -0.331323
0.197531 -0.331765
0.214506 -0.331391
0.179012 -0.330884
0.200617 -0.330688
0.21142 -0.330381
0.166667 -0.329742
0.112654 -0.328432
0.087963 -0.327336
0.0570988 -0.326551
0.0462963 -0.325349
0.0200617 -0.324308
0.0200617 -0.323704
0.0478395 -0.323191
0.0246914 -0.322835
0.00154321 -0.323018
0.0154321 -0.323665
0.0416667 -0.324611
0.0740741 -0.325256
0.112654 -0.326068
0.104938 -0.326756
0.0679012 -0.327183
0.106481 -0.327178
0.0848765 -0.327364
0.0972222 -0.327615
0.12963 -0.327274
0.12037 -0.326829
0.118827 -0.326847
0.12037 -0.326719
0.125 -0.326594
0.108025 -0.32675
0.125 -0.32708
0.140432 -0.327494
0.132716 -0.32814
0.140432 -0.328756
0.180556 -0.329767
0.188272 -0.331257
0.231481 -0.333006
0.219136 -0.334505
0.20216 -0.335837
0.220679 -0.337406
0.223765 -0.338991
0.20679 -0.340033
0.145062 -0.341226
0.109568 -0.342374
0.0848765 -0.343551
0.0895062 -0.344465
0.0987654 -0.345533
0.087963 -0.346498
0.101852 -0.34727
0.0354938 -0.347871
0.0416667 -0.348404
0.0462963 -0.348932
0.0601852 -0.349497
0.0617284 -0.350418
0.0231481 -0.351704
0.0308642 -0.35275
0.0601852 -0.353716
0.0570988 -0.354612
0.0432099 -0.355597
0.0833333 -0.356564
0.0462963 -0.357714
0.066358 -0.358646
0.0987654 -0.359268
0.123457 -0.360239
0.132716 -0.360784
0.154321 -0.361068
0.188272 -0.361352
0.17284 -0.361671
0.20679 -0.361742
0.195988 -0.36204
0.223765 -0.362307
0.203704 -0.362683
0.209877 -0.363198
0.237654 -0.363977
0.236111 -0.365161
0.208333 -0.366231
0.236111 -0.367594
0.253086 -0.368763
0.305556 -0.369649
0.333333 -0.37022
0.262346 -0.370968
0.251543 -0.371056
0.223765 -0.371125
0.233025 -0.371402
0.195988 -0.371943
0.175926 -0.372182
0.145062 -0.372496
0.12037 -0.372772
0.117284 -0.373331
0.100309 -0.37379
0.0524691 -0.37425
0.0972222 -0.374974
0.0756173 -0.375786
0.095679 -0.376973
0.106481 -0.377941
0.109568 -0.378842
0.114198 -0.380375
0.0925926 -0.381963
0.12037 -0.383672
0.0987654 -0.385588
0.0895062 -0.387189
0.0648148 -0.388937
0.0725309 -0.390904
0.101852 -0.392964
0.149691 -0.394776
0.148148 -0.396511
0.145062 -0.398057
0.135802 -0.39937
0.174383 -0.400327
0.180556 -0.401221
0.140432 -0.402007
0.174383 -0.403174
0.146605 -0.403923
0.138889 -0.405164
0.148148 -0.406691
0.171296 -0.408303
0.125 -0.40996
0.123457 -0.411579
0.162037 -0.413115
0.175926 -0.414543
0.195988 -0.416273
0.191358 -0.41821
0.158951 -0.420096
0.123457 -0.421843
0.145062 -0.423296
0.162037 -0.424502
0.217593 -0.42528
0.246914 -0.426314
0.220679 -0.426946
0.217593 -0.427786
0.20679 -0.429016
0.183642 -0.430296
0.165123 -0.431468
0.189815 -0.432539
0.186728 -0.433721
0.194444 -0.435318
0.231481 -0.436615
0.195988 -0.437898
0.222222 -0.439155
0.225309 -0.439872
0.260802 -0.44069
0.299383 -0.441124
0.280864 -0.441357
0.265432 -0.442223
0.243827 -0.44291
0.233025 -0.443701
0.229938 -0.44467
0.259259 -0.445574
0.259259 -0.446466
0.280864 -0.447428
0.341049 -0.448701
0.310185 -0.449909
0.279321 -0.45117
0.273148 -0.452679
0.28858 -0.454589
0.300926 -0.456594
0.310185 -0.458556
0.333333 -0.460507
0.324074 -0.46192
0.324074 -0.463512
0.347222 -0.464878
0.401235 -0.466543
0.384259 -0.467698
0.361111 -0.468543
0.382716 -0.469932
0.396605 -0.471351
0.398148 -0.472826
0.391975 -0.474208
0.364198 -0.475659
0.378086 -0.476911
0.347222 -0.478786
0.330247 -0.480258
0.291667 -0.481971
0.333333 -0.484307
0.322531 -0.486825
0.310185 -0.488936
0.304012 -0.491384
0.300926 -0.493538
0.310185 -0.495754
0.291667 -0.497662
0.310185 -0.499487
0.299383 -0.50128
0.276235 -0.502625
0.209877 -0.504429
0.231481 -0.505669
0.234568 -0.507015
0.240741 -0.507855
0.274691 -0.509309
0.296296 -0.510774
0.270062 -0.512514
0.300926 -0.51394
0.266975 -0.51578
0.287037 -0.517961
0.325617 -0.519695
0.356481 -0.521409
0.339506 -0.523204
0.333333 -0.525209
0.310185 -0.526801
0.334877 -0.527987
0.404321 -0.528736
0.46142 -0.529068
0.436728 -0.529453
0.395062 -0.529975
0.424383 -0.530702
0.416667 -0.53124
0.439815 -0.531989
0.45216 -0.53242
0.425926 -0.532767
0.432099 -0.532588
0.435185 -0.532267
0.46142 -0.531602
0.459877 -0.531174
0.46142 -0.530715
0.470679 -0.530274
0.501543 -0.530129
0.507716 -0.529991
0.489198 -0.529822
0.515432 -0.530342
0.523148 -0.530777
0.509259 -0.531003
0.524691 -0.531492
0.512346 -0.531938
0.493827 -0.532286
0.513889 -0.532606
0.503086 -0.532776
0.498457 -0.532938
0.472222 -0.533053
0.49537 -0.533333
0.458333 -0.533529
0.41358 -0.533227
0.381173 -0.533064
0.433642 -0.5328
0.475309 -0.532623
0.429012 -0.532496
0.442901 -0.532973
0.447531 -0.533759
0.364198 -0.53472
0.350309 -0.535929
0.330247 -0.537221
0.345679 -0.538182
0.328704 -0.539171
0.322531 -0.540177
0.345679 -0.541239
0.350309 -0.542466
0.304012 -0.543257
0.291667 -0.54426
0.273148 -0.545395
0.302469 -0.546766
0.333333 -0.548098
0.259259 -0.548847
0.217593 -0.549825
0.222222 -0.550746
0.203704 -0.551896
0.191358 -0.552911
0.143519 -0.553578
0.148148 -0.554231
0.158951 -0.554733
0.199074 -0.55546
0.174383 -0.556271
0.111111 -0.556943
0.0216049 -0.557514
0.058642 -0.558318
0.0817901 -0.559179
0.111111 -0.560181
0.0848765 -0.561487
0.066358 -0.562807
0.0524691 -0.563907
0.058642 -0.565065
0.101852 -0.566285
0.141975 -0.567549
0.137346 -0.569028
0.109568 -0.570156
0.114198 -0.571095
0.0817901 -0.572118
0.0910494 -0.573377
0.0910494 -0.574897
0.0864198 -0.576387
0.0478395 -0.577685
0.0570988 -0.578707
0.0787037 -0.580394
0.0679012 -0.582058
0.0385802 -0.5841
0.0354938 -0.586292
0.0216049 -0.588479
0.0169753 -0.590628
0.0416667 -0.592564
0.0447531 -0.594467
0.0493827 -0.59667
0.0138889 -0.598583
0.0524691 -0.600456
0.066358 -0.602079
0.0771605 -0.604027
0.0447531 -0.606408
0.0740741 -0.608615
0.103395 -0.61033
0.0972222 -0.611482
0.0679012 -0.612833
0.118827 -0.614311
0.112654 -0.615812
0.117284 -0.617232
0.111111 -0.618314
0.0833333 -0.619248
0.0509259 -0.620066
0.0632716 -0.620878
0.0787037 -0.621347
0.0679012 -0.621899
0.0941358 -0.622546
0.0925926 -0.623477
0.169753 -0.624236
0.151235 -0.624862
0.214506 -0.62512
0.260802 -0.625023
0.266975 -0.624723
0.262346 -0.624863
0.24537 -0.624576
0.231481 -0.624616
0.242284 -0.624362
0.20216 -0.624139
0.217593 -0.623926
0.199074 -0.623712
0.180556 -0.623983
0.152778 -0.624324
0.148148 -0.624596
0.180556 -0.624667
0.180556 -0.625402
0.21142 -0.625867
0.220679 -0.626367
0.223765 -0.626552
0.228395 -0.626931
0.223765 -0.627165
0.220679 -0.627513
0.222222 -0.628047
0.197531 -0.628261
0.217593 -0.628717
0.166667 -0.628735
0.180556 -0.629053
0.231481 -0.629361
0.236111 -0.629713
0.203704 -0.62992
0.180556 -0.630157
0.12963 -0.630254
0.0910494 -0.629866
0.131173 -0.629574
0.125 -0.629265
0.0987654 -0.628695
0.103395 -0.628325
0.0895062 -0.627659
0.0617284 -0.626525
0.0432099 -0.625117
0.0617284 -0.623955
0.0138889 -0.622368
0.00771605 -0.621173
0.0648148 -0.620229
0.0632716 -0.61922
0.0709877 -0.618763
0.0925926 -0.618408
0.087963 -0.617788
0.0941358 -0.617815
0.114198 -0.617346
0.0725309 -0.616626
0.058642 -0.615834
0.029321 -0.61527
0.0416667 -0.614587
0.0478395 -0.613424
0.0169753 -0.612578
0.00925926 -0.612121
0.00617284 -0.611442
0.0308642 -0.61115
0 -0.610491
0.0169753 -0.609508
0.00771605 -0.608375
0.0617284 -0.607235
0.0478395 -0.605997
0.0802469 -0.604841
0.0447531 -0.604007
0.0725309 -0.603244
0.0231481 -0.602345
0.0308642 -0.601358
0.0138889 -0.600493
0.037037 -0.599122
0.0478395 -0.598014
0.0324074 -0.597024
0.0123457 -0.596622
0.0262346 -0.596306
0.0354938 -0.595854
0.0648148 -0.595478
0.066358 -0.595363
0.0709877 -0.595492
0.0601852 -0.595071
0.0617284 -0.594987
0.0493827 -0.594971
0.037037 -0.594931
0.00462963 -0.594908
0.0324074 -0.594898
0.0108025 -0.594835
0.00925926 -0.594818
0.0246914 -0.594995
0.0138889 -0.59531
0.0216049 -0.59608
0.0138889 -0.597077
0.00154321 -0.598378
0.0524691 -0.600137
0.0787037 -0.601752
0.0632716 -0.603051
0.0802469 -0.604313
0.0632716 -0.605528
0.0617284 -0.606374
0.0493827 -0.607031
0.058642 -0.607744
0.00771605 -0.608309
0.0354938 -0.609056
0.00617284 -0.609555
0.0385802 -0.610416
0.0756173 -0.611615
0.087963 -0.612771
0.0617284 -0.613684
0.0632716 -0.614522
0.0756173 -0.615234
0.0802469 -0.616468
0.0462963 -0.617546
0.0648148 -0.619133
0.0447531 -0.620679
0.0123457 -0.62207
0.0817901 -0.623288
0.0925926 -0.624086
0.135802 -0.624722
0.126543 -0.624622
0.131173 -0.62431
0.145062 -0.623501
0.155864 -0.622969
0.152778 -0.62256
0.149691 -0.622677
0.118827 -0.622411
0.0817901 -0.622298
0.0864198 -0.622073
0.115741 -0.621953
0.145062 -0.622466
0.194444 -0.622736
0.243827 -0.622909
0.219136 -0.623095
0.234568 -0.623176
0.229938 -0.623057
0.242284 -0.622792
0.305556 -0.622601
0.28858 -0.62215
0.354938 -0.622008
0.350309 -0.621862
0.416667 -0.622125
0.45216 -0.622239
0.450617 -0.62241
0.493827 -0.622634
0.476852 -0.623081
0.462963 -0.6237
0.46142 -0.62426
0.472222 -0.624895
0.472222 -0.625602
0.472222 -0.626836
0.466049 -0.627958
0.45679 -0.62916
0.416667 -0.629796
0.405864 -0.630061
0.384259 -0.629781
0.412037 -0.629824
0.407407 -0.62982
0.427469 -0.630061
0.476852 -0.630404
0.433642 -0.630455
0.476852 -0.630148
0.447531 -0.629702
0.421296 -0.630055
0.438272 -0.629951
0.449074 -0.629993
0.427469 -0.629871
0.408951 -0.629696
0.427469 -0.629199
0.405864 -0.628774
0.401235 -0.628449
0.410494 -0.628033
0.393519 -0.627365
0.473765 -0.626562
0.478395 -0.625647
0.507716 -0.62442
0.467593 -0.623624
0.479938 -0.62278
0.473765 -0.621982
0.442901 -0.620589
0.458333 -0.619736
0.475309 -0.618932
0.483025 -0.617933
0.478395 -0.616892
0.453704 -0.615799
0.416667 -0.614711
0.401235 -0.613674
0.404321 -0.612724
0.385802 -0.611414
0.381173 -0.610135
0.359568 -0.608556
0.358025 -0.60747
0.384259 -0.606558
0.381173 -0.605774
0.385802 -0.604986
0.42284 -0.603721
0.458333 -0.602142
0.481481 -0.60061
0.466049 -0.599684
0.476852 -0.598652
0.445988 -0.597349
0.42284 -0.595787
0.459877 -0.594581
0.45216 -0.59275
0.404321 -0.59125
0.391975 -0.590057
0.395062 -0.589436
0.378086 -0.588829
0.404321 -0.588532
0.455247 -0.588236
0.472222 -0.587712
0.503086 -0.58753
0.54321 -0.587299
0.524691 -0.58725
0.526235 -0.587314
0.506173 -0.587618
0.45216 -0.587843
0.475309 -0.587884
0.487654 -0.587568
0.512346 -0.587179
0.503086 -0.586716
0.523148 -0.586655
0.53858 -0.585988
0.53858 -0.585343
0.558642 -0.58463
0.558642 -0.583894
0.563272 -0.583474
0.54784 -0.583268
0.506173 -0.582623
0.490741 -0.582177
0.506173 -0.582033
0.483025 -0.58233
0.481481 -0.582178
0.436728 -0.581845
0.432099 -0.582009
0.433642 -0.582353
0.41821 -0.5826
0.421296 -0.583053
0.416667 -0.583739
0.416667 -0.584067
0.432099 -0.584399
0.435185 -0.584521
0.435185 -0.584516
0.444444 -0.584258
0.455247 -0.583906
0.436728 -0.58416
0.415123 -0.584586
0.368827 -0.584948
0.395062 -0.585476
0.371914 -0.58616
0.367284 -0.586981
0.385802 -0.58766
0.378086 -0.588307
0.364198 -0.588869
0.350309 -0.588957
0.353395 -0.588676
0.359568 -0.588596
0.356481 -0.588272
0.350309 -0.587862
0.401235 -0.587552
0.404321 -0.587201
0.399691 -0.587024
0.375 -0.586877
0.401235 -0.586452
0.46142 -0.58641
0.442901 -0.586221
0.46142 -0.585748
0.450617 -0.585197
0.450617 -0.584716
0.503086 -0.58368
0.53858 -0.582639
0.552469 -0.581434
0.550926 -0.580309
0.552469 -0.579172
0.560185 -0.578036
0.549383 -0.576539
0.520062 -0.575132
0.496914 -0.573382
0.472222 -0.571635
0.458333 -0.569686
0.459877 -0.567946
0.481481 -0.566569
0.493827 -0.56469
0.510802 -0.562552
0.489198 -0.560786
0.506173 -0.559117
0.503086 -0.557639
0.476852 -0.555487
0.472222 -0.553143
0.483025 -0.550837
0.496914 -0.548441
0.478395 -0.546337
0.442901 -0.544207
0.41821 -0.541992
0.415123 -0.540148
0.484568 -0.537987
0.49537 -0.535454
0.493827 -0.532907
0.464506 -0.530571
0.50463 -0.528412
0.520062 -0.526526
0.533951 -0.524393
0.549383 -0.521871
0.478395 -0.519655
0.478395 -0.517365
0.439815 -0.514769
0.399691 -0.512125
0.387346 -0.509474
0.365741 -0.506927
0.324074 -0.504507
0.313272 -0.502261
0.33642 -0.500124
0.324074 -0.498647
0.299383 -0.497279
0.279321 -0.495983
0.299383 -0.494635
0.29784 -0.492744
0.28858 -0.490604
0.290123 -0.488265
0.299383 -0.486298
0.271605 -0.484293
0.25463 -0.48231
0.25463 -0.48053
0.270062 -0.478726
0.29784 -0.476944
0.248457 -0.475145
0.222222 -0.473684
0.217593 -0.471971
0.205247 -0.471007
0.16821 -0.469941
0.177469 -0.469327
0.149691 -0.4684
0.169753 -0.467673
0.182099 -0.467471
0.174383 -0.466837
0.155864 -0.465859
0.155864 -0.464722
0.066358 -0.463619
0.106481 -0.462251
0.0617284 -0.461126
0.037037 -0.459885
0.0246914 -0.459229
0.0246914 -0.458957
0.00462963 -0.458252
0.0246914 -0.457569
0.0262346 -0.456933
0.0169753 -0.456398
0.0185185 -0.455822
0.0154321 -0.455235
0.00154321 -0.454659
0.0478395 -0.453874
0.0447531 -0.453017
0.0324074 -0.452072
0.0138889 -0.451271
0.0262346 -0.450545
0.0354938 -0.449377
0.0200617 -0.448758
0.0540123 -0.447848
0.0262346 -0.447088
0.0725309 -0.446028
0.101852 -0.444921
0.114198 -0.444112
0.0910494 -0.443251
0.066358 -0.442471
0.0941358 -0.441883
0.12037 -0.440855
0.0709877 -0.439771
0.0354938 -0.438758
0.0632716 -0.438314
0.0108025 -0.437946
0.0154321 -0.43763
0.0200617 -0.437618
0 -0.437041
0.00308642 -0.436588
0.0108025 -0.436806
0.0447531 -0.436849
0.0262346 -0.436601
0.0123457 -0.436114
0.00925926 -0.435868
0.0108025 -0.435706
0.0123457 -0.43575
0.0216049 -0.435846
0.0169753 -0.435997
0.0169753 -0.436219
0.00308642 -0.436704
0.0185185 -0.437538
0.0108025 -0.438901
0.0200617 -0.440354
0.0169753 -0.441262
0.0401235 -0.442578
0.0200617 -0.443958
0.0308642 -0.445453
0.0601852 -0.446564
0.0570988 -0.447361
0.0570988 -0.448226
0.0385802 -0.449418
0.0493827 -0.450137
0.058642 -0.450567
0.058642 -0.451041
0.0493827 -0.451326
0.0540123 -0.451367
0.029321 -0.450675
0.0185185 -0.450127
0.0493827 -0.449858
0.0709877 -0.449599
0.0972222 -0.449714
0.0925926 -0.449546
0.0617284 -0.449719
0.0432099 -0.450266
0.00617284 -0.451174
0.00771605 -0.451953
0.00154321 -0.452856
0.0154321 -0.45346
0.0185185 -0.454174
0.00617284 -0.454588
0.0154321 -0.455164
0.0694444 -0.455521
0.0509259 -0.455705
0.0679012 -0.455882
0.0277778 -0.456429
0.0108025 -0.457178
0.0509259 -0.457967
0.0509259 -0.458745
0.0308642 -0.459974
0.0262346 -0.461472
0.00462963 -0.462681
0.0740741 -0.46403
0.0324074 -0.465702
0.0339506 -0.46738
0.0756173 -0.468708
0.109568 -0.470184
0.104938 -0.471318
0.101852 -0.472031
0.0987654 -0.473165
0.0941358 -0.473606
0.0895062 -0.473577
0.0709877 -0.473608
0.0570988 -0.473307
0.0231481 -0.472925
0.0262346 -0.472606
0.0540123 -0.472651
0.0709877 -0.472213
0.115741 -0.472177
0.123457 -0.47212
0.128086 -0.472147
0.12037 -0.472357
0.0833333 -0.472491
0.0941358 -0.472704
0.0354938 -0.472728
0.0185185 -0.472893
0.066358 -0.473098
0.0972222 -0.473323
0.121914 -0.473778
0.128086 -0.474208
0.138889 -0.474448
0.123457 -0.47459
0.103395 -0.47469
0.126543 -0.475165
0.117284 -0.475905
0.114198 -0.476149
0.143519 -0.47629
0.111111 -0.476424
0.186728 -0.47714
0.229938 -0.477797
0.239198 -0.478353
0.226852 -0.479013
0.185185 -0.479859
0.179012 -0.481108
0.186728 -0.482441
0.146605 -0.483484
0.134259 -0.484534
0.158951 -0.485663
0.197531 -0.487005
0.220679 -0.487959
0.240741 -0.488864
0.251543 -0.489753
0.260802 -0.490448
0.270062 -0.491052
0.251543 -0.492042
0.271605 -0.493453
0.274691 -0.494966
0.259259 -0.49633
0.220679 -0.497645
0.219136 -0.498545
0.209877 -0.499244
0.17284 -0.49964
0.17284 -0.500023
0.17284 -0.4998
0.146605 -0.499325
0.114198 -0.499342
0.0987654 -0.499812
0.095679 -0.500347
0.128086 -0.50062
0.115741 -0.500973
0.087963 -0.501329
0.12037 -0.501717
0.158951 -0.502121
0.0895062 -0.502444
0.0679012 -0.503033
0.0925926 -0.503373
0.118827 -0.503378
0.146605 -0.50322
0.169753 -0.503025
0.217593 -0.502677
0.217593 -0.502238
0.237654 -0.502288
0.229938 -0.502092
0.273148 -0.501595
0.262346 -0.501192
0.280864 -0.500554
0.282407 -0.500378
0.280864 -0.50098
0.300926 -0.501638
0.316358 -0.501876
0.310185 -0.50231
0.29784 -0.502482
0.313272 -0.502784
0.270062 -0.502949
0.285494 -0.503038
0.265432 -0.503725
0.279321 -0.504719
0.305556 -0.505674
0.307099 -0.506234
0.333333 -0.50683
0.308642 -0.507318
0.296296 -0.507622
0.304012 -0.507588
0.279321 -0.507332
0.265432 -0.507446
0.242284 -0.507888
0.231481 -0.507922
0.276235 -0.50797
0.253086 -0.507915
0.253086 -0.507596
0.270062 -0.507329
0.25463 -0.506602
0.251543 -0.5056
0.274691 -0.504731
0.263889 -0.503726
0.270062 -0.502712
0.29784 -0.501521
0.300926 -0.500009
0.300926 -0.498287
0.324074 -0.496816
0.299383 -0.495431
0.287037 -0.494317
0.270062 -0.493434
0.256173 -0.492886
0.253086 -0.491998
0.266975 -0.491781
0.257716 -0.491723
0.259259 -0.49147
0.282407 -0.49129
0.259259 -0.491207
0.253086 -0.490734
0.240741 -0.490078
0.217593 -0.489018
0.209877 -0.488098
0.179012 -0.487187
0.179012 -0.486363
0.239198 -0.485061
0.233025 -0.483768
0.237654 -0.482714
0.25 -0.481497
0.256173 -0.480421
0.28858 -0.4795
0.24537 -0.478443
0.277778 -0.476847
0.253086 -0.475328
0.24537 -0.47406
0.222222 -0.472543
0.203704 -0.470354
0.253086 -0.468498
0.25 -0.466379
0.239198 -0.463895
0.271605 -0.461509
0.246914 -0.458738
0.248457 -0.456141
0.25463 -0.453229
0.302469 -0.450693
0.291667 -0.447857
0.256173 -0.444718
0.24537 -0.441893
0.214506 -0.439217
0.226852 -0.436803
0.25 -0.434005
0.21142 -0.431381
0.166667 -0.429049
0.131173 -0.426466
0.135802 -0.423673
0.179012 -0.420851
0.157407 -0.417741
0.17284 -0.415145
0.175926 -0.412649
0.262346 -0.410377
0.283951 -0.407737
0.257716 -0.405313
0.296296 -0.403455
0.283951 -0.401397
0.192901 -0.399331
0.197531 -0.397037
0.214506 -0.395136
0.189815 -0.393172
0.166667 -0.390894
0.131173 -0.388801
0.134259 -0.387529
0.115741 -0.386602
0.109568 -0.38596
0.123457 -0.385033
0.103395 -0.38393
0.0771605 -0.382692
0.103395 -0.381701
0.104938 -0.38049
0.108025 -0.379056
0.0848765 -0.377583
0.0478395 -0.375747
0.0478395 -0.373832
0.0493827 -0.371726
0.0679012 -0.369616
0.058642 -0.367691
0.0277778 -0.366065
0.0339506 -0.364729
0.0679012 -0.363495
0.0694444 -0.362664
0.0509259 -0.361794
0.0416667 -0.360961
0.0740741 -0.359722
0.0756173 -0.35834
0.0771605 -0.356584
0.0385802 -0.355007
0.0694444 -0.353708
0.0848765 -0.352355
0.0709877 -0.350331
0.115741 -0.348075
0.0910494 -0.345445
0.106481 -0.343258
0.087963 -0.341247
0.0493827 -0.339054
0.058642 -0.336953
0.0432099 -0.334469
0.0540123 -0.33216
0.104938 -0.32992
0.0895062 -0.328074
0.0848765 -0.325757
0.0478395 -0.323936
0.0570988 -0.322429
0.0462963 -0.320485
0.0339506 -0.318758
0.0432099 -0.317055
0.0123457 -0.31542
0.0308642 -0.314161
0.0447531 -0.312373
0.0447531 -0.310207
0.0509259 -0.308639
0.0108025 -0.307063
0.0277778 -0.305633
0.0432099 -0.303676
0.0216049 -0.302169
0.00154321 -0.300826
0.0123457 -0.299229
0.0339506 -0.297318
0.0756173 -0.29548
0.109568 -0.293627
0.131173 -0.291787
0.121914 -0.290547
0.106481 -0.288759
0.117284 -0.286665
0.148148 -0.284797
0.137346 -0.282967
0.146605 -0.281027
0.179012 -0.279376
0.123457 -0.277998
0.123457 -0.27677
0.114198 -0.275515
0.132716 -0.27459
0.121914 -0.273348
0.087963 -0.271953
0.0648148 -0.27064
0.0802469 -0.268833
0.0725309 -0.267409
0.0385802 -0.266242
0.0308642 -0.26514
0.0385802 -0.264585
0.029321 -0.263895
0.0354938 -0.262925
0.0462963 -0.262253
0.0231481 -0.26151
0.0185185 -0.261389
0 -0.261813
0.0216049 -0.262444
0.0354938 -0.262581
0.0432099 -0.262522
0.0524691 -0.262722
0.0570988 -0.262313
0.0200617 -0.261727
0.0246914 -0.260863
0.0478395 -0.260087
0.123457 -0.258908
0.138889 -0.257042
0.16821 -0.255295
0.165123 -0.25356
0.16358 -0.251785
0.135802 -0.250409
0.106481 -0.249183
0.140432 -0.247516
0.126543 -0.245964
0.175926 -0.244475
0.205247 -0.242854
0.209877 -0.240946
0.226852 -0.239153
0.216049 -0.237272
0.220679 -0.235567
0.214506 -0.233686
0.21142 -0.23146
0.219136 -0.229
0.251543 -0.226867
0.251543 -0.224962
0.251543 -0.223434
0.225309 -0.222122
0.248457 -0.220928
0.253086 -0.219765
0.223765 -0.218859
0.21142 -0.217944
0.246914 -0.216834
0.283951 -0.216012
0.313272 -0.215228
0.277778 -0.214126
0.273148 -0.213115
0.239198 -0.212194
0.214506 -0.211089
0.270062 -0.210127
0.270062 -0.209704
0.256173 -0.2093
0.209877 -0.208794
0.225309 -0.207823
0.268519 -0.206618
0.240741 -0.205506
0.285494 -0.205043
0.225309 -0.204058
0.209877 -0.202948
0.192901 -0.201823
0.162037 -0.201097
0.20216 -0.200207
0.175926 -0.198985
0.154321 -0.198065
0.180556 -0.197195
0.180556 -0.196134
0.174383 -0.195188
0.192901 -0.194332
0.175926 -0.193355
0.171296 -0.192271
0.174383 -0.191248
0.234568 -0.189746
0.222222 -0.188142
0.24537 -0.186573
0.236111 -0.185412
0.248457 -0.18406
0.237654 -0.18286
0.265432 -0.181578
0.282407 -0.180471
0.290123 -0.179754
0.253086 -0.178675
0.256173 -0.177652
0.20216 -0.176853
0.216049 -0.176105
0.291667 -0.1756
0.253086 -0.174864
0.239198 -0.173921
0.228395 -0.173167
0.220679 -0.172351
0.265432 -0.171352
0.253086 -0.170378
0.285494 -0.16923
0.256173 -0.167808
0.240741 -0.166917
0.226852 -0.166713
0.216049 -0.166277
0.296296 -0.165863
0.311728 -0.164734
0.270062 -0.163918
0.294753 -0.16348
0.310185 -0.163173
0.28858 -0.163167
0.28858 -0.163157
0.307099 -0.162665
0.324074 -0.161485
0.294753 -0.160159
0.282407 -0.158922
0.273148 -0.157898
0.294753 -0.15777
0.233025 -0.157967
0.209877 -0.158013
0.200617 -0.15768
0.217593 -0.157822
0.197531 -0.157939
0.20679 -0.158228
0.228395 -0.158151
0.225309 -0.15832
0.25 -0.158409
0.203704 -0.158106
0.216049 -0.158328
0.21142 -0.158493
0.219136 -0.15796
0.24537 -0.157157
0.276235 -0.156185
0.253086 -0.155502
0.294753 -0.154962
0.268519 -0.154415
0.251543 -0.153778
0.228395 -0.153035
0.212963 -0.152308
0.24537 -0.151815
0.20679 -0.151511
0.220679 -0.151552
0.149691 -0.151665
0.183642 -0.15133
0.174383 -0.150857
0.214506 -0.150165
0.226852 -0.149727
0.248457 -0.148941
0.194444 -0.148026
0.131173 -0.146833
0.191358 -0.14641
0.191358 -0.145504
0.169753 -0.144279
0.185185 -0.143142
0.143519 -0.142206
0.125 -0.141776
0.128086 -0.141604
0.152778 -0.141618
0.17284 -0.14158
0.171296 -0.141627
0.157407 -0.141605
0.154321 -0.141462
0.135802 -0.141095
0.134259 -0.140644
0.131173 -0.139841
0.0864198 -0.139151
0.132716 -0.13898
0.169753 -0.139018
0.21142 -0.138859
0.219136 -0.138972
0.220679 -0.138829
0.199074 -0.138302
0.195988 -0.137857
0.194444 -0.137718
0.182099 -0.138208
0.208333 -0.138575
0.171296 -0.138556
0.17284 -0.139057
0.17284 -0.139603
0.194444 -0.139813
0.192901 -0.139736
0.195988 -0.139881
0.16821 -0.140088
0.128086 -0.140305
0.132716 -0.140481
0.109568 -0.141111
0.0725309 -0.14229
0.109568 -0.143423
0.16821 -0.144117
0.157407 -0.144803
0.12963 -0.14519
0.174383 -0.145343
0.185185 -0.145415
0.192901 -0.145513
0.162037 -0.145695
0.0817901 -0.145737
0.0262346 -0.145626
0.0108025 -0.145656
0.0231481 -0.14584
0.00308642 -0.146643
0.00308642 -0.147196
0.0432099 -0.147548
0.00154321 -0.147966
0.0709877 -0.148156
0.0895062 -0.148374
0.0462963 -0.148305
0.0401235 -0.14826
0.0694444 -0.148106
0.0524691 -0.14828
0.0709877 -0.148826
0.104938 -0.149178
0.0740741 -0.149813
0.0617284 -0.150469
0.0617284 -0.151442
0.029321 -0.152253
0.0200617 -0.152945
0.0216049 -0.154048
0.066358 -0.15553
0.0864198 -0.156649
0.0817901 -0.158184
0.0555556 -0.158768
0.0200617 -0.15966
0.0123457 -0.160289
0.00617284 -0.160895
0 -0.161756
0.00617284 -0.162193
0.0324074 -0.162337
0.0679012 -0.162605
0.0679012 -0.162811
0.100309 -0.162723
0.0787037 -0.162436
0.0864198 -0.162497
0.095679 -0.162818
0.0802469 -0.163169
0.0817901 -0.163388
0.134259 -0.16345
0.087963 -0.163657
0.0787037 -0.163727
0.0833333 -0.163431
0.0555556 -0.16335
0.0709877 -0.163585
0.0416667 -0.163978
0.0570988 -0.165073
0.0154321 -0.166129
0.0401235 -0.167918
0.0216049 -0.169686
0.00771605 -0.171163
0.0401235 -0.172519
0.0555556 -0.173394
0.0385802 -0.174694
0.0447531 -0.175139
0.029321 -0.175674
0.066358 -0.175974
0.103395 -0.175746
0.117284 -0.175628
0.100309 -0.175858
0.0895062 -0.175796
0.0617284 -0.175895
0.0231481 -0.176471
0.0246914 -0.177107
0.0709877 -0.177934
0.0524691 -0.178369
0.0833333 -0.178532
0.0540123 -0.17824
0.0570988 -0.178187
0.0756173 -0.178152
0.0972222 -0.177591
0.100309 -0.17673
0.121914 -0.17551
0.0987654 -0.174656
0.106481 -0.173368
0.186728 -0.172442
0.165123 -0.171433
0.134259 -0.170615
0.151235 -0.169797
0.12963 -0.169121
0.104938 -0.168722
0.0817901 -0.168399
0.135802 -0.167934
0.148148 -0.166893
0.103395 -0.165698
0.100309 -0.164598
0.0895062 -0.163702
0.121914 -0.162947
0.166667 -0.161902
0.209877 -0.160186
0.180556 -0.158429
0.149691 -0.156413
0.165123 -0.154461
0.165123 -0.152519
0.17284 -0.150947
0.174383 -0.149637
0.179012 -0.148572
0.118827 -0.147797
0.101852 -0.147264
0.0725309 -0.14641
0.0154321 -0.145396
0.0216049 -0.144352
0.0401235 -0.143237
0.0185185 -0.141553
0.00462963 -0.140491
0.00462963 -0.139494
0.00617284 -0.138805
0.00771605 -0.137835
0.037037 -0.136397
0.0756173 -0.13497
0.0972222 -0.133157
0.117284 -0.131367
0.165123 -0.129136
0.192901 -0.12708
0.199074 -0.125172
0.166667 -0.123323
0.169753 -0.120961
0.174383 -0.118692
0.140432 -0.116325
0.125 -0.114068
0.0833333 -0.112107
0.12963 -0.109701
0.118827 -0.106821
0.121914 -0.104567
0.118827 -0.10232
0.0817901 -0.0999697
0.108025 -0.0978632
0.117284 -0.0963158
0.158951 -0.0941269
0.179012 -0.0920523
0.160494 -0.0900249
0.185185 -0.0884159
0.192901 -0.0869537
0.223765 -0.0849941
0.209877 -0.0829959
0.203704 -0.0812321
0.154321 -0.0793645
0.115741 -0.0774382
0.106481 -0.0765095
0.087963 -0.075277
0.109568 -0.0736487
0.128086 -0.071842
0.112654 -0.0695269
0.0694444 -0.0673771
0.0632716 -0.0654193
0.0941358 -0.0635258
0.103395 -0.0618761
0.121914 -0.0607982
0.115741 -0.0596887
0.123457 -0.059049
0.137346 -0.0584765
0.103395 -0.0576315
0.0987654 -0.0566591
0.0864198 -0.0560792
0.103395 -0.0555152
0.104938 -0.0549566
0.0725309 -0.0544135
0.037037 -0.0544138
0.0169753 -0.0547857
0.0308642 -0.0550999
0.0478395 -0.055036
0.0632716 -0.0543048
0.0679012 -0.0538188
0.0447531 -0.0532892
0.0524691 -0.0519737
0.0694444 -0.0508022
0.0354938 -0.0497551
0.0324074 -0.0495894
0.00771605 -0.0490965
0.00771605 -0.0485988
0.0246914 -0.0482825
0.0725309 -0.0477031
0.0570988 -0.046691
0.0694444 -0.0461263
0.0848765 -0.0453348
0.0679012 -0.0443491
0.0679012 -0.0434404
0.0354938 -0.0422277
0.058642 -0.0412999
0.0802469 -0.0402387
0.123457 -0.0389342
0.109568 -0.0377824
0.103395 -0.0365124
0.0972222 -0.0347911
0.087963 -0.032945
0.123457 -0.0316622
0.151235 -0.0306911
0.16358 -0.0292063
0.16821 -0.0279799
0.185185 -0.0267337
0.188272 -0.0259255
0.212963 -0.0245068
0.212963 -0.0230562
0.236111 -0.0213755
0.25 -0.0193237
0.251543 -0.0174247
0.236111 -0.0157786
0.21142 -0.0139704
0.243827 -0.0121253
0.234568 -0.0100987
0.237654 -0.00852249
0.24537 -0.00678976
0.197531 -0.0051155
0.186728 -0.00377461
0.180556 -0.00227876
0.151235 -0.00145607
0.125 -0.00106398
0.118827 -0.000621071
0.0925926 0.00031789
0.0987654 0.00121599
0.0725309 0.00247661
0.0478395 0.00385109
0.0277778 0.00446947
0.0123457 0.00515494
0.0216049 0.00527916
0.00925926 0.00557691
0.0462963 0.006318
0.058642 0.00745922
0.0756173 0.00858721
0.114198 0.00987321
0.0725309 0.010798
0.0725309 0.0115553
0.0709877 0.0130065
0.0416667 0.0141279
0.029321 0.0150137
0.0216049 0.0159232
0.0833333 0.017771
0.0555556 0.0191602
0.0246914 0.0206783
0.0694444 0.0209938
0.0925926 0.0217071
0.101852 0.0223658
0.0787037 0.0232997
0.108025 0.0243654
0.128086 0.0254122
0.152778 0.0271202
0.162037 0.0286934
0.166667 0.0298607
0.192901 0.0313055
0.188272 0.0328192
0.16358 0.0338777
0.189815 0.0346538
0.205247 0.0348994
0.239198 0.0356375
0.246914 0.0370534
0.208333 0.0385402
0.226852 0.0400148
0.259259 0.0417827
0.283951 0.0432855
0.265432 0.0445597
0.251543 0.0462629
0.188272 0.048133
0.199074 0.0504659
0.151235 0.0527306
0.192901 0.0549051
0.166667 0.0572474
0.186728 0.0596728
0.175926 0.0618317
0.16358 0.064091
0.145062 0.0663788
0.117284 0.0683373
0.087963 0.0704431
0.115741 0.0724044
0.104938 0.0745727
0.0848765 0.0767013
0.0632716 0.0786804
0.0447531 0.0808445
0.00925926 0.0825915
0.0138889 0.0841214
0.00308642 0.0857092
0.0262346 0.0872862
0.00925926 0.0890575
0.0138889 0.0908883
0.00154321 0.0925629
0.0354938 0.0941909
0.029321 0.0973009
0.0154321 0.100626
0.00617284 0.103912
0.00154321 0.107288
0.0308642 0.11046
0.0185185 0.112967
0.00462963 0.114936
0.0432099 0.117389
0.0493827 0.120204
0.0570988 0.123607
0.0524691 0.126107
0.0802469 0.128257
0.111111 0.130254
0.0756173 0.13223
0.103395 0.134458
0.0895062 0.137362
0.100309 0.140033
0.128086 0.142316
0.0864198 0.144626
0.0601852 0.147051
0.0401235 0.14991
0.0709877 0.152589
0.0802469 0.15477
0.0895062 0.156598
0.118827 0.158336
0.143519 0.159996
0.104938 0.162198
0.103395 0.164218
0.134259 0.166655
0.140432 0.169006
0.191358 0.171079
0.20216 0.173127
0.208333 0.175183
0.209877 0.177413
0.186728 0.179599
0.200617 0.182039
0.143519 0.18463
0.106481 0.187354
0.138889 0.189663
0.103395 0.192089
0.0972222 0.194369
0.0354938 0.196218
0.0679012 0.198216
0.0941358 0.200186
0.0694444 0.202481
0.029321 0.204085
0.0138889 0.205601
0.00154321 0.207228
0.00925926 0.208994
0.0169753 0.21101
0.0216049 0.212799
0.0339506 0.215139
0.0864198 0.217669
0.0972222 0.220397
0.134259 0.223372
0.125 0.226682
0.123457 0.229783
0.0864198 0.23263
0.0895062 0.235216
0.087963 0.237941
0.0848765 0.240637
0.0787037 0.243359
0.087963 0.246009
0.111111 0.248348
0.157407 0.250733
0.140432 0.25341
0.160494 0.256052
0.121914 0.259073
0.143519 0.261871
0.121914 0.264953
0.152778 0.26756
0.132716 0.270098
0.155864 0.273069
0.141975 0.276516
0.162037 0.279743
0.157407 0.283158
0.165123 0.28614
0.222222 0.288639
0.216049 0.290929
0.217593 0.292967
0.174383 0.294924
0.141975 0.296461
0.114198 0.298187
0.137346 0.299657
0.131173 0.30171
0.117284 0.303512
0.111111 0.305594
0.0833333 0.307305
0.0694444 0.308723
0.109568 0.309336
0.0740741 0.310112
0.0972222 0.310608
0.0864198 0.311297
0.112654 0.311921
0.126543 0.312638
0.121914 0.313545
0.0725309 0.314419
0.0617284 0.314531
0.118827 0.314648
0.103395 0.314631
0.0432099 0.314271
0.0972222 0.313771
0.066358 0.314057
0.128086 0.313905
0.146605 0.314242
0.134259 0.314243
0.114198 0.314047
0.117284 0.313571
0.0709877 0.312657
0.0509259 0.311225
0.0632716 0.310283
0.0756173 0.308859
0.0524691 0.307163
0.0802469 0.305654
0.0709877 0.304674
0.118827 0.303799
0.112654 0.303588
0.0817901 0.303197
0.0941358 0.30201
0.0740741 0.30171
0.0771605 0.300767
0.0987654 0.299414
0.128086 0.298186
0.16358 0.296769
0.194444 0.295106
0.212963 0.294086
0.169753 0.293219
0.135802 0.292474
0.0895062 0.291506
0.0601852 0.289958
0.0740741 0.288703
0.0401235 0.287145
0.00308642 0.285312
0.0694444 0.283357
0.114198 0.282254
0.131173 0.281068
0.112654 0.279774
0.115741 0.278594
0.125 0.277293
0.118827 0.275733
0.12963 0.274146
0.146605 0.272846
0.188272 0.271392
0.188272 0.270265
0.186728 0.268563
0.100309 0.267013
0.0833333 0.265207
0.0895062 0.263382
0.100309 0.261275
0.058642 0.259178
0.037037 0.256828
0.0324074 0.254346
0.0277778 0.252398
0.0154321 0.251079
0.00462963 0.249975
0.0447531 0.24868
0.0200617 0.247281
0.0246914 0.245261
0.0416667 0.242478
0 0.239992
0.00308642 0.237628
0.00925926 0.235474
0.00462963 0.233313
0.0339506 0.231069
0.0262346 0.229198
0.0524691 0.22676
0.0524691 0.224693
0.0108025 0.222852
0.0416667 0.221279
0.0216049 0.219994
0.0432099 0.218824
0.0216049 0.217952
0.0540123 0.216979
0.0478395 0.216637
0.0617284 0.216586
0.066358 0.216227
0.0756173 0.215638
0.140432 0.214766
0.111111 0.214089
0.137346 0.213031
0.095679 0.211664
0.0555556 0.210436
0.0246914 0.208894
0.00771605 0.206645
0.0308642 0.204775
0.0432099 0.20344
0.0617284 0.202261
0.0123457 0.201261
0.0570988 0.200348
0.0817901 0.198901
0.100309 0.197455
0.117284 0.195462
0.121914 0.193685
0.101852 0.191346
0.0925926 0.189047
0.0632716 0.186791
0.0385802 0.184001
0.0308642 0.181183
0.0679012 0.178394
0.0432099 0.175566
0.037037 0.172377
0.029321 0.16949
0.00925926 0.166893
0.00925926 0.164601
0.0601852 0.162171
0.0864198 0.160739
0.0478395 0.159115
0.0632716 0.157256
0.0493827 0.155551
0.0478395 0.153644
0.066358 0.151543
0.123457 0.149484
0.125 0.147273
0.200617 0.14523
0.223765 0.143708
0.197531 0.14275
0.229938 0.142161
0.251543 0.142524
0.195988 0.143375
0.191358 0.143498
0.20679 0.144228
0.234568 0.14514
0.199074 0.146414
0.229938 0.147033
0.236111 0.14764
0.260802 0.148761
0.29784 0.150081
0.322531 0.151229
0.347222 0.152141
0.337963 0.153107
0.311728 0.153643
0.341049 0.153425
0.330247 0.15301
0.351852 0.152611
0.339506 0.152376
0.333333 0.152883
0.368827 0.153102
0.410494 0.154058
0.402778 0.154525
0.37963 0.154674
0.353395 0.154897
0.371914 0.155035
0.410494 0.155285
0.412037 0.155793
0.382716 0.156556
0.402778 0.157263
0.385802 0.15839
0.371914 0.158883
0.373457 0.159712
0.328704 0.160196
0.29321 0.16013
0.274691 0.159594
0.263889 0.159055
0.253086 0.158305
0.276235 0.157587
0.271605 0.1569
0.302469 0.156738
0.353395 0.157445
0.371914 0.157805
0.382716 0.158557
0.401235 0.159457
0.399691 0.160527
0.376543 0.161879
0.364198 0.163665
0.354938 0.165067
0.371914 0.166109
0.358025 0.167713
0.322531 0.169787
0.25463 0.171892
0.305556 0.173747
0.294753 0.176055
0.304012 0.178098
0.358025 0.17983
0.328704 0.181453
0.333333 0.182942
0.351852 0.184402
0.337963 0.185701
0.371914 0.186696
0.351852 0.187671
0.361111 0.188761
0.358025 0.190363
0.333333 0.191841
0.283951 0.19359
0.305556 0.195443
0.304012 0.197736
0.28858 0.200355
0.276235 0.202682
0.266975 0.204596
0.214506 0.206667
0.205247 0.208243
0.222222 0.209571
0.236111 0.210855
0.280864 0.212103
0.262346 0.213884
0.24537 0.215711
0.21142 0.217942
0.228395 0.219674
0.195988 0.221073
0.251543 0.221649
0.219136 0.222751
0.209877 0.223258
0.20216 0.223995
0.197531 0.224642
0.162037 0.225576
0.180556 0.226985
0.183642 0.228233
0.188272 0.229495
0.239198 0.230524
0.233025 0.231733
0.233025 0.232749
0.259259 0.234098
0.265432 0.235223
0.313272 0.236511
0.271605 0.238318
0.270062 0.239785
0.257716 0.241476
0.276235 0.242511
0.307099 0.243669
0.29784 0.245245
0.271605 0.247033
0.257716 0.248747
0.231481 0.250534
0.217593 0.25195
0.25 0.253486
0.236111 0.255345
0.199074 0.256966
0.16358 0.258409
0.137346 0.259946
0.106481 0.261714
0.138889 0.262873
0.141975 0.264255
0.117284 0.265254
0.118827 0.265952
0.0709877 0.266189
0.029321 0.266202
0.0478395 0.266592
0.0246914 0.267298
0.0308642 0.26799
0.0324074 0.268583
0.00925926 0.269154
0.0262346 0.270237
0.0308642 0.271557
0.0216049 0.273005
0.0509259 0.274512
0.0617284 0.275829
0.0200617 0.276796
0.0200617 0.277657
0.00308642 0.27872
0.0108025 0.279498
0.0200617 0.280346
0.100309 0.281298
0.0632716 0.282748
0.0925926 0.283654
0.0416667 0.284396
0.0725309 0.284981
0.0802469 0.286019
0.0478395 0.287364
0.00771605 0.288464
0.0200617 0.289358
0.0262346 0.289852
0.00462963 0.28999
0.0216049 0.289829
0.0401235 0.289438
0.0524691 0.289178
0.0416667 0.289715
0.0416667 0.28952
0.0725309 0.288742
0.0262346 0.287451
0.0308642 0.285654
0.0123457 0.283491
0.0432099 0.281107
0.0632716 0.27947
0.0709877 0.277893
0.125 0.276635
0.095679 0.275037
0.0679012 0.273593
0.0848765 0.272144
0.0925926 0.270738
0.121914 0.269197
0.134259 0.267884
0.100309 0.266673
0.114198 0.265103
0.152778 0.263349
0.143519 0.262242
0.157407 0.261639
0.158951 0.261357
0.0987654 0.261093
0.0709877 0.26117
0.0987654 0.261058
0.0848765 0.260391
0.146605 0.259612
0.140432 0.25892
0.152778 0.25784
0.166667 0.256823
0.180556 0.255745
0.199074 0.255131
0.183642 0.254704
0.194444 0.253946
0.145062 0.253926
0.117284 0.253682
0.0817901 0.253364
0.0524691 0.252802
0.0555556 0.252159
0.0246914 0.251194
0.00462963 0.250213
0.0339506 0.248362
0.0540123 0.246562
0.0601852 0.244821
0.0694444 0.242579
0.112654 0.240523
0.114198 0.23926
0.0987654 0.238301
0.131173 0.236844
0.132716 0.235786
0.125 0.234382
0.148148 0.233053
0.137346 0.231584
0.146605 0.229615
0.141975 0.227914
0.148148 0.226979
0.154321 0.226389
0.174383 0.225666
0.185185 0.224829
0.20216 0.2239
0.174383 0.222487
0.169753 0.220495
0.162037 0.218569
0.180556 0.216139
0.185185 0.213808
0.125 0.212018
0.185185 0.209423
0.157407 0.206977
0.20216 0.204899
0.169753 0.202977
0.16821 0.201256
0.146605 0.200035
0.165123 0.198889
0.16358 0.198273
0.188272 0.197476
0.20679 0.196508
0.257716 0.195469
0.248457 0.195275
0.265432 0.194939
0.277778 0.194874
0.248457 0.194974
0.242284 0.194555
0.237654 0.193784
0.237654 0.192254
0.246914 0.190739
0.234568 0.18945
0.311728 0.187645
0.324074 0.186625
0.337963 0.185369
0.311728 0.184389
0.294753 0.183477
0.265432 0.182445
0.279321 0.181084
0.265432 0.179685
0.302469 0.178219
0.29321 0.176916
0.265432 0.175242
0.257716 0.173725
0.265432 0.172397
0.279321 0.171818
0.308642 0.170779
0.299383 0.169934
0.259259 0.168216
0.262346 0.166124
0.280864 0.163576
0.256173 0.161521
0.28858 0.159006
0.248457 0.156664
0.257716 0.154405
0.291667 0.15193
0.246914 0.149476
0.226852 0.146328
0.237654 0.143667
0.265432 0.140762
0.270062 0.138587
0.268519 0.136246
0.302469 0.134482
0.320988 0.133635
0.376543 0.132575
0.37963 0.132029
0.385802 0.131013
0.395062 0.129782
0.41358 0.127884
0.459877 0.126892
0.515432 0.126238
0.53858 0.125646
0.54784 0.124789
0.561728 0.124203
0.557099 0.123301
0.564815 0.122314
0.530864 0.122021
0.524691 0.120828
0.563272 0.119584
0.587963 0.118606
0.557099 0.1174
0.540123 0.115657
0.529321 0.113273
0.566358 0.110982
0.561728 0.1085
0.587963 0.106003
0.609568 0.103376
0.603395 0.10101
0.612654 0.0978298
0.62963 0.0942396
0.621914 0.0907052
0.58642 0.0864177
0.563272 0.0827344
0.632716 0.0794147
0.623457 0.0771712
0.618827 0.0748759
0.58642 0.0721824
0.592593 0.0694908
0.564815 0.0671673
0.554012 0.06437
0.57716 0.06162
0.608025 0.0595114
0.612654 0.0578831
0.609568 0.0560889
0.561728 0.054369
0.53858 0.0524652
0.529321 0.0505487
0.541667 0.0487375
0.523148 0.0469666
0.544753 0.0454664
0.570988 0.0435607
0.546296 0.0424228
0.496914 0.0413412
0.506173 0.0396838
0.54784 0.0379269
0.526235 0.0363123
0.503086 0.0347266
0.5 0.0334144
0.530864 0.0327686
0.526235 0.0323516
0.546296 0.0327
0.594136 0.0331107
0.625 0.0333716
0.606481 0.0340051
0.612654 0.0341305
0.597222 0.0346921
0.549383 0.0346625
0.550926 0.0350659
0.595679 0.0354022
0.614198 0.0357432
0.603395 0.0359126
0.638889 0.0361313
0.645062 0.0366529
0.640432 0.0379514
0.631173 0.0397132
0.652778 0.0416284
0.66358 0.0430128
0.682099 0.0446234
0.658951 0.0464937
0.648148 0.0484666
0.666667 0.0503286
0.669753 0.051913
0.645062 0.0530234
0.615741 0.0536761
0.662037 0.0544527
0.655864 0.0558299
0.685185 0.057631
0.677469 0.0589545
0.617284 0.0596107
0.638889 0.0594143
0.669753 0.0599443
0.662037 0.0614053
0.652778 0.0632079
0.652778 0.0645249
0.652778 0.065538
0.654321 0.0668568
0.658951 0.0681658
0.662037 0.0696488
0.679012 0.0720323
0.682099 0.0746617
0.680556 0.0769164
0.617284 0.0792635
0.628086 0.0803479
0.625 0.0816296
0.617284 0.0830097
0.612654 0.0849556
0.637346 0.0862517
0.628086 0.0881186
0.652778 0.0895148
0.652778 0.0913628
0.677469 0.0938185
0.700617 0.0961655
0.695988 0.0979627
0.649691 0.0990141
0.651235 0.0996524
0.652778 0.100502
0.637346 0.1027
0.578704 0.104799
0.552469 0.106038
0.541667 0.10767
0.58642 0.109368
0.555556 0.110802
0.54321 0.112064
0.572531 0.113118
0.555556 0.113941
0.592593 0.114195
0.640432 0.115646
0.641975 0.117351
0.609568 0.11903
0.649691 0.120626
0.618827 0.122896
0.615741 0.1245
0.648148 0.125919
0.628086 0.128154
0.608025 0.13032
0.618827 0.133233
0.62037 0.134762
0.614198 0.136217
0.612654 0.137972
0.62963 0.140011
0.669753 0.142151
0.626543 0.144963
0.674383 0.148424
0.675926 0.151964
0.649691 0.154747
0.625 0.156376
0.635802 0.157281
0.612654 0.157516
0.612654 0.157452
0.608025 0.157179
0.574074 0.157016
0.634259 0.157065
0.643519 0.157011
0.632716 0.157634
0.640432 0.158295
0.628086 0.158835
0.618827 0.159025
0.621914 0.159811
0.604938 0.159665
0.603395 0.159816
0.615741 0.160102
0.598765 0.160275
0.589506 0.160144
0.529321 0.159765
0.493827 0.15811
0.544753 0.156043
0.555556 0.154649
0.518519 0.153406
0.535494 0.152447
0.529321 0.150827
0.523148 0.14917
0.521605 0.147526
0.569444 0.145689
0.574074 0.144627
0.520062 0.144276
0.509259 0.143968
0.558642 0.143409
0.552469 0.143615
0.580247 0.144052
0.550926 0.144635
0.560185 0.14464
0.530864 0.14455
0.53858 0.144036
0.550926 0.142873
0.516975 0.141447
0.473765 0.139171
0.450617 0.136667
0.486111 0.134553
0.496914 0.132711
0.496914 0.130573
0.466049 0.128373
0.441358 0.126278
0.408951 0.124109
0.398148 0.121573
0.408951 0.119244
0.433642 0.116682
0.45679 0.114369
0.432099 0.111823
0.421296 0.108731
0.404321 0.106372
0.427469 0.104174
0.430556 0.102687
0.415123 0.100271
0.41358 0.0972418
0.401235 0.0937001
0.384259 0.0897316
0.350309 0.0857655
0.365741 0.0811667
0.391975 0.0769624
0.432099 0.0727885
0.438272 0.0686568
0.455247 0.065332
0.419753 0.0623224
0.399691 0.0589548
0.376543 0.0563478
0.37037 0.0530919
0.361111 0.0496699
0.354938 0.0467955
0.345679 0.0432178
0.334877 0.0391277
0.314815 0.0351031
0.330247 0.0316365
0.333333 0.027553
0.334877 0.0234122
0.337963 0.0191159
0.339506 0.0157583
0.345679 0.0127906
0.364198 0.0104538
0.396605 0.00822811
0.447531 0.00608212
0.473765 0.00466986
0.439815 0.00330249
0.416667 0.00209621
0.462963 0.00116715
0.469136 0.00161634
0.455247 0.0016078
0.436728 0.0011817
0.439815 0.000216388
0.408951 -0.00051481
0.393519 -0.00179853
0.387346 -0.00326528
0.429012 -0.00428836
0.402778 -0.00556668
0.395062 -0.00699428
0.398148 -0.00785964
0.399691 -0.00796865
0.381173 -0.00800002
0.371914 -0.0088524
0.401235 -0.00962573
0.382716 -0.00996978
0.337963 -0.0105794
0.32716 -0.0114714
0.351852 -0.0123067
0.368827 -0.0133474
0.362654 -0.0150292
0.421296 -0.0170929
0.415123 -0.0190388
0.371914 -0.0205589
0.33642 -0.0218232
0.362654 -0.0236483
0.37037 -0.0251227
0.407407 -0.0266256
0.450617 -0.027627
0.459877 -0.0289716
0.462963 -0.029915
0.478395 -0.0306478
0.450617 -0.0306032
0.447531 -0.0301297
0.496914 -0.029418
0.483025 -0.02799
0.496914 -0.0267351
0.53858 -0.0257263
0.486111 -0.024862
0.481481 -0.0243207
0.459877 -0.0239506
0.472222 -0.0231408
0.49537 -0.0225384
0.516975 -0.0216283
0.490741 -0.0204457
0.507716 -0.0192203
0.493827 -0.0184654
0.526235 -0.0179562
0.537037 -0.0166162
0.54784 -0.0158546
0.546296 -0.0151434
0.557099 -0.0147803
0.566358 -0.0147223
0.546296 -0.0150469
0.546296 -0.0152745
0.54321 -0.0158241
0.546296 -0.0168957
0.535494 -0.0176885
0.50463 -0.0174002
0.49537 -0.0170969
0.535494 -0.0167762
0.524691 -0.0156274
0.521605 -0.015088
0.493827 -0.0146982
0.507716 -0.0152122
0.490741 -0.0158802
0.483025 -0.0168062
0.520062 -0.0169526
0.564815 -0.0171841
0.583333 -0.0168112
0.540123 -0.0167567
0.524691 -0.0176107
0.520062 -0.0180145
0.484568 -0.0187912
0.512346 -0.0202637
0.524691 -0.0212685
0.570988 -0.0227464
0.524691 -0.0238531
0.533951 -0.0246346
0.5 -0.025533
0.50463 -0.0274205
0.467593 -0.0293867
0.455247 -0.0315443
0.455247 -0.0335463
0.478395 -0.0352753
0.521605 -0.0365807
0.561728 -0.0379065
0.558642 -0.0388039
0.570988 -0.0403724
0.575617 -0.0418394
0.570988 -0.0432122
0.555556 -0.0443648
0.544753 -0.0449369
0.518519 -0.0453667
0.49537 -0.0463463
0.45679 -0.0475179
0.429012 -0.0485069
0.37963 -0.0497446
0.358025 -0.0511106
0.345679 -0.0525205
0.393519 -0.0543142
0.425926 -0.0558096
0.458333 -0.0573455
0.469136 -0.0583192
0.501543 -0.0591568
0.490741 -0.0604395
0.459877 -0.06077
0.483025 -0.0617112
0.496914 -0.0630075
0.529321 -0.0638589
0.549383 -0.0637541
0.533951 -0.0644485
0.520062 -0.064803
0.549383 -0.0660006
0.524691 -0.0677346
0.554012 -0.0690972
0.516975 -0.0693967
0.498457 -0.0692793
0.510802 -0.0688414
0.540123 -0.0686337
0.587963 -0.0679334
0.584877 -0.0667484
0.626543 -0.0657096
0.631173 -0.0643692
0.640432 -0.0629539
0.612654 -0.061613
0.601852 -0.0598537
0.587963 -0.058621
0.537037 -0.0569616
0.54784 -0.0558791
0.489198 -0.0542529
0.462963 -0.0534545
0.496914 -0.0531414
0.549383 -0.0530876
0.49537 -0.0527796
0.512346 -0.0531229
0.532407 -0.0535157
0.535494 -0.0538812
0.50463 -0.0551981
0.50463 -0.056405
0.490741 -0.0575673
0.483025 -0.0586991
0.535494 -0.0596411
0.572531 -0.0603365
0.591049 -0.0604982
0.54784 -0.0612566
0.526235 -0.0625181
0.523148 -0.0643469
0.50463 -0.0664946
0.489198 -0.0683055
0.54784 -0.069382
0.535494 -0.070668
0.532407 -0.0725856
0.54784 -0.074097
0.546296 -0.0752324
0.49537 -0.0762781
0.510802 -0.0783722
0.483025 -0.0811583
0.516975 -0.0832907
0.520062 -0.0857262
0.520062 -0.0874198
0.575617 -0.0888078
0.609568 -0.0895803
0.660494 -0.0894978
0.643519 -0.0885562
0.611111 -0.0878785
0.626543 -0.0875481
0.648148 -0.086096
0.641975 -0.084619
0.671296 -0.0838565
0.677469 -0.0830781
0.699074 -0.0823014
0.692901 -0.0813135
0.658951 -0.0798791
0.654321 -0.0781255
0.675926 -0.0767646
0.640432 -0.0743168
0.660494 -0.0722002
0.641975 -0.0696801
0.637346 -0.0674994
0.632716 -0.0651749
0.609568 -0.0629296
0.598765 -0.06131
0.604938 -0.0591826
0.631173 -0.0568983
0.591049 -0.0550337
0.601852 -0.0532269
0.603395 -0.0516421
0.587963 -0.0494925
0.566358 -0.0478381
0.527778 -0.0458773
0.552469 -0.0434688
0.493827 -0.0418035
0.521605 -0.0408708
0.535494 -0.0394726
0.533951 -0.0376787
0.552469 -0.0362943
0.533951 -0.0355356
0.569444 -0.0348221
0.584877 -0.0336412
0.615741 -0.0323543
0.618827 -0.0302992
0.604938 -0.0270111
0.615741 -0.0241477
0.62037 -0.0205356
0.626543 -0.0173973
0.651235 -0.0145713
0.640432 -0.0115603
0.66358 -0.00821243
0.62963 -0.00470517
0.62037 -0.00284094
0.612654 -0.000619575
0.589506 0.00201254
0.524691 0.00513108
0.478395 0.00709881
0.526235 0.00803072
0.557099 0.00985
0.552469 0.0108287
0.587963 0.0123757
0.658951 0.0145606
0.640432 0.0176903
0.634259 0.0206346
0.615741 0.0234478
0.646605 0.0256456
0.641975 0.0278267
0.655864 0.0297733
0.634259 0.0326601
0.621914 0.0352983
0.660494 0.0381958
0.654321 0.0403203
0.686728 0.0420407
0.645062 0.0440979
0.654321 0.0453647
0.648148 0.0470663
0.66358 0.0486518
0.651235 0.0502808
0.618827 0.0518284
0.558642 0.0525355
0.566358 0.0528356
0.614198 0.0531931
0.615741 0.053467
0.683642 0.0533346
0.685185 0.054143
0.71142 0.0544546
0.66358 0.056031
0.674383 0.0567548
0.649691 0.0570363
0.606481 0.0573292
0.597222 0.056611
0.552469 0.0553376
0.523148 0.0536076
0.569444 0.0512472
0.57716 0.0494738
0.594136 0.048363
0.598765 0.0479288
0.594136 0.0469375
0.595679 0.0461587
0.632716 0.0446914
0.666667 0.0435132
0.635802 0.0431082
0.658951 0.0432464
0.70216 0.0433585
0.694444 0.0436991
0.723765 0.043703
0.70679 0.0441208
0.739198 0.0455689
0.692901 0.0468055
0.680556 0.0476483
0.66821 0.0479212
0.708333 0.047718
0.685185 0.048063
0.714506 0.0484774
0.716049 0.0491857
0.697531 0.0490637
0.725309 0.0494991
0.723765 0.0500805
0.740741 0.050837
0.748457 0.0512229
0.728395 0.0519515
0.722222 0.0526112
0.689815 0.0525238
0.722222 0.0519974
0.740741 0.0509206
0.765432 0.0504426
0.762346 0.0503215
0.790123 0.0496457
0.773148 0.0490567
0.74537 0.0478807
0.782407 0.0462549
0.785494 0.0456023
0.765432 0.0452547
0.728395 0.0452815
0.729938 0.0445349
0.714506 0.0438683
0.719136 0.0428923
0.703704 0.0419579
0.686728 0.0405205
0.657407 0.0389937
0.651235 0.037331
0.626543 0.0357326
0.62037 0.033986
0.635802 0.0318386
0.679012 0.0298526
0.71142 0.0282915
0.700617 0.0276695
0.689815 0.0261121
0.691358 0.0241876
0.658951 0.0225228
0.632716 0.021074
0.657407 0.0195058
0.675926 0.0184414
0.645062 0.0166914
0.609568 0.0150123
0.652778 0.013319
0.645062 0.0118775
0.634259 0.0111996
0.625 0.00990103
0.617284 0.00816263
0.591049 0.00626915
0.57716 0.00356306
0.575617 0.0011332
0.634259 -0.00167938
0.615741 -0.0031635
0.580247 -0.00482823
0.578704 -0.00663917
0.58642 -0.00901307
0.563272 -0.0111865
0.572531 -0.013546
0.569444 -0.0161288
0.62037 -0.0185587
0.58642 -0.0203608
0.580247 -0.0230276
0.572531 -0.0256207
0.587963 -0.028245
0.587963 -0.0299892
0.634259 -0.0312585
0.601852 -0.0314434
0.609568 -0.0310227
0.600309 -0.0301335
0.66358 -0.0293063
0.689815 -0.0284964
0.694444 -0.0281744
0.66821 -0.027244
0.637346 -0.026084
0.625 -0.0243226
0.631173 -0.0223581
0.666667 -0.021185
0.703704 -0.0203205
0.723765 -0.0182066
0.705247 -0.0163185
0.675926 -0.0142305
0.677469 -0.0124129
0.638889 -0.0113362
0.685185 -0.0109859
0.674383 -0.00963774
0.686728 -0.00815097
0.660494 -0.00734674
0.658951 -0.00639951
0.648148 -0.00512515
0.623457 -0.00386392
0.640432 -0.00129628
0.634259 0.00172079
0.58642 0.00469738
0.601852 0.00665522
0.604938 0.00804531
0.612654 0.00895582
0.609568 0.0102432
0.626543 0.0108157
0.623457 0.0116431
0.651235 0.0121797
0.604938 0.013306
0.592593 0.0139618
0.583333 0.0146515
0.570988 0.0151172
0.530864 0.0151566
0.540123 0.0149761
0.594136 0.0153523
0.598765 0.0163108
0.625 0.0169021
0.62963 0.0180189
0.638889 0.0195608
0.651235 0.0213482
0.649691 0.0232607
0.638889 0.0257763
0.606481 0.0282943
0.569444 0.0306732
0.560185 0.0325388
0.540123 0.0347315
0.587963 0.036417
0.611111 0.0391469
0.592593 0.0411889
0.637346 0.0428626
0.651235 0.0449401
0.658951 0.0464243
0.652778 0.0490555
0.660494 0.0516512
0.71142 0.0534997
0.674383 0.0565046
0.699074 0.059646
0.70679 0.0630554
0.733025 0.0668903
0.753086 0.0711423
0.756173 0.0756323
0.774691 0.0805042
0.787037 0.0857349
0.790123 0.0911452
0.759259 0.0966411
0.725309 0.10176
0.714506 0.107363
0.75463 0.113175
0.757716 0.118485
0.780864 0.123348
0.79784 0.127067
0.762346 0.131959
0.720679 0.135622
0.776235 0.138396
0.770062 0.141718
0.768519 0.144083
0.737654 0.146417
0.725309 0.148627
0.682099 0.151893
0.682099 0.154574
0.674383 0.15685
0.662037 0.15913
0.675926 0.161674
0.689815 0.165321
0.71142 0.169354
0.689815 0.174138
0.731481 0.178711
0.736111 0.184633
0.765432 0.191041
0.748457 0.19786
0.774691 0.204321
0.768519 0.210786
0.695988 0.217413
0.699074 0.22231
0.759259 0.227027
0.763889 0.231854
0.783951 0.236946
0.79321 0.242268
0.787037 0.247767
0.78858 0.252596
0.770062 0.257812
0.753086 0.263893
0.74537 0.270151
0.723765 0.27691
0.733025 0.282112
0.70679 0.287402
0.682099 0.290838
0.665123 0.294917
0.67284 0.298492
0.697531 0.302845
0.726852 0.307257
0.694444 0.311752
0.675926 0.316504
0.640432 0.320608
0.648148 0.324345
0.598765 0.327286
0.558642 0.329912
0.546296 0.332441
0.529321 0.333997
0.49537 0.3359
0.49537 0.336937
0.509259 0.337587
0.523148 0.339173
0.484568 0.341176
0.462963 0.342384
0.444444 0.343187
0.433642 0.343842
0.439815 0.343721
0.405864 0.343305
0.384259 0.343565
0.395062 0.342208
0.384259 0.341347
0.399691 0.339208
0.391975 0.337745
0.382716 0.3365
0.373457 0.335738
0.385802 0.335958
0.385802 0.336238
0.408951 0.335207
0.407407 0.334786
0.424383 0.334327
0.425926 0.333885
0.425926 0.33327
0.367284 0.332407
0.358025 0.331148
0.376543 0.329894
0.398148 0.328351
0.407407 0.327524
0.405864 0.327333
0.445988 0.326497
0.429012 0.326884
0.407407 0.326154
0.407407 0.325438
0.405864 0.324646
0.375 0.323806
0.396605 0.322342
0.410494 0.321222
0.42284 0.319962
0.421296 0.318961
0.391975 0.318547
0.373457 0.317902
0.351852 0.316874
0.376543 0.315628
0.378086 0.314719
0.378086 0.312825
0.424383 0.310642
0.412037 0.309065
0.415123 0.307885
0.390432 0.307454
0.399691 0.30651
0.442901 0.305515
0.410494 0.304392
0.432099 0.303242
0.371914 0.301199
0.365741 0.298543
0.347222 0.295553
0.359568 0.291731
0.381173 0.287957
0.37963 0.284724
0.396605 0.28152
0.45216 0.278421
0.398148 0.275125
0.381173 0.272183
0.390432 0.268738
0.404321 0.265619
0.37963 0.26292
0.381173 0.25918
0.441358 0.256614
0.449074 0.255031
0.45216 0.253541
0.462963 0.251854
0.5 0.249262
0.476852 0.247125
0.498457 0.245559
0.481481 0.243958
0.492284 0.24181
0.481481 0.240175
0.479938 0.239082
0.435185 0.237
0.402778 0.235365
0.445988 0.232148
0.402778 0.23065
0.405864 0.229403
0.375 0.22789
0.421296 0.226054
0.421296 0.224268
0.395062 0.222848
0.399691 0.220932
0.359568 0.219179
0.395062 0.215011
0.398148 0.211249
0.373457 0.207086
0.339506 0.20129
0.359568 0.196395
0.320988 0.191303
0.310185 0.186811
0.302469 0.182351
0.316358 0.179447
0.32716 0.176835
0.300926 0.1743
0.341049 0.171819
0.33179 0.170317
0.314815 0.168637
0.347222 0.166145
0.398148 0.163902
0.42284 0.161317
0.415123 0.15917
0.42284 0.157295
0.458333 0.156484
0.478395 0.156211
0.458333 0.155861
0.458333 0.154677
0.473765 0.151984
0.416667 0.150553
0.42284 0.148691
0.385802 0.147245
0.404321 0.144728
0.399691 0.142536
0.390432 0.140329
0.367284 0.138258
0.341049 0.136449
0.350309 0.133083
0.353395 0.131163
0.365741 0.128117
0.373457 0.125125
0.410494 0.12161
0.407407 0.118966
0.424383 0.114964
0.376543 0.112471
0.376543 0.109915
0.410494 0.106344
0.393519 0.102797
0.382716 0.099608
0.404321 0.0960247
0.438272 0.0934729
0.442901 0.0922442
0.410494 0.0911319
0.442901 0.090065
0.449074 0.0882932
0.450617 0.0866804
0.445988 0.0852439
0.432099 0.0834678
0.470679 0.0811615
0.498457 0.0788358
0.498457 0.0760802
0.516975 0.0726654
0.53858 0.0705068
0.501543 0.06819
0.533951 0.0658045
0.558642 0.0626278
0.563272 0.0585909
0.589506 0.0548569
0.625 0.0512703
0.598765 0.049496
0.603395 0.0470594
0.614198 0.0457327
0.62963 0.0443611
0.601852 0.0431988
0.603395 0.0418677
0.641975 0.0411772
0.677469 0.0407517
0.680556 0.0395528
0.67284 0.0379906
0.637346 0.0367177
0.651235 0.0349357
0.660494 0.0342489
0.662037 0.0336942
0.655864 0.0335565
0.651235 0.0340085
0.601852 0.0338034
0.609568 0.0317012
0.62037 0.0295293
0.626543 0.0273623
0.595679 0.02468
0.617284 0.0208281
0.62963 0.0180139
0.655864 0.0143704
0.657407 0.0120434
0.669753 0.00975071
0.669753 0.00848825
0.651235 0.00892859
0.686728 0.00893661
0.677469 0.0108186
0.657407 0.012826
0.662037 0.014457
0.699074 0.0159441
0.716049 0.0175724
0.697531 0.0190968
0.719136 0.0200613
0.716049 0.02116
0.714506 0.0222705
0.733025 0.023769
0.712963 0.0258459
0.705247 0.0282348
0.66358 0.0290691
0.708333 0.0284044
0.705247 0.0282249
0.682099 0.0279918
0.675926 0.0290407
0.675926 0.0303939
0.705247 0.0327228
0.694444 0.0352633
0.692901 0.0391539
0.712963 0.0439251
0.703704 0.0483194
0.723765 0.0509363
0.742284 0.0533897
0.746914 0.0552868
0.705247 0.0578582
0.714506 0.0595601
0.722222 0.0604338
0.695988 0.06134
0.66821 0.0609477
0.665123 0.0599173
0.66358 0.0595159
0.640432 0.058737
0.632716 0.057028
0.648148 0.0557107
0.592593 0.0551683
0.583333 0.0525949
0.518519 0.0512152
0.544753 0.0472841
0.572531 0.0428975
0.601852 0.0400943
0.589506 0.0376291
0.564815 0.0349614
0.560185 0.0319138
0.540123 0.0276943
0.529321 0.0222316
0.518519 0.0167577
0.566358 0.0118404
0.506173 0.00765106
0.46142 0.00309266
0.484568 -0.00130427
0.50463 -0.00450474
0.537037 -0.00583677
0.50463 -0.00689483
0.533951 -0.00722581
0.527778 -0.00792502
0.591049 -0.00748386
0.57716 -0.00762435
0.643519 -0.00760367
0.671296 -0.0070898
0.666667 -0.00616594
0.682099 -0.00694693
0.660494 -0.00623645
0.67284 -0.00649631
0.623457 -0.00650639
0.615741 -0.00676294
0.611111 -0.00662575
0.604938 -0.00552158
0.563272 -0.00473025
0.570988 -0.00442828
0.594136 -0.00332642
0.552469 -0.00195405
0.540123 -0.00186645
0.529321 -0.00186931
0.520062 -0.00140607
0.549383 -4.72469e-05
0.530864 0.0012362
0.535494 0.00268324
0.587963 0.00564598
0.62037 0.00872096
0.584877 0.0138256
0.603395 0.0177997
0.606481 0.0204401
0.628086 0.0234406
0.62037 0.0254873
0.583333 0.0274208
0.54784 0.0302881
0.597222 0.0322577
0.587963 0.0354049
0.603395 0.0390226
0.606481 0.0414703
0.609568 0.0442253
0.608025 0.046053
0.600309 0.0472818
0.626543 0.0489897
0.580247 0.0501268
0.552469 0.0500569
0.601852 0.0483353
0.601852 0.0487816
0.546296 0.0503896
0.550926 0.0525326
0.564815 0.055254
0.580247 0.058337
0.595679 0.0623405
0.591049 0.0656975
0.608025 0.07007
0.609568 0.0735217
0.615741 0.0766
0.641975 0.0786599
0.623457 0.0798724
0.658951 0.0802279
0.635802 0.0816349
0.62037 0.0814419
0.621914 0.0815643
0.611111 0.0824849
0.640432 0.0835677
0.655864 0.0855351
0.640432 0.0862764
0.688272 0.0884482
0.67284 0.0906817
0.628086 0.0932947
0.646605 0.0948799
0.648148 0.0960059
0.646605 0.0962691
0.62963 0.0974413
0.621914 0.0990951
0.597222 0.101354
0.617284 0.102525
0.682099 0.10208
0.691358 0.103042
0.677469 0.103194
0.675926 0.10324
0.671296 0.103623
0.651235 0.103061
0.677469 0.101953
0.658951 0.102209
0.597222 0.102835
0.62037 0.101947
0.625 0.101651
0.595679 0.0998333
0.62037 0.0988923
0.628086 0.0998372
0.66358 0.100915
0.692901 0.102779
0.700617 0.104419
0.686728 0.105257
0.697531 0.105131
0.700617 0.104647
0.648148 0.103173
0.679012 0.101414
0.651235 0.100312
0.631173 0.099893
0.632716 0.100331
0.652778 0.101791
0.654321 0.103953
0.66358 0.106023
0.694444 0.108375
0.708333 0.111507
0.703704 0.114289
0.70216 0.117622
0.723765 0.119879
0.756173 0.123434
0.779321 0.126336
0.736111 0.130222
0.739198 0.132147
0.717593 0.134576
0.691358 0.135537
0.71142 0.138533
0.720679 0.139916
0.688272 0.143755
0.70216 0.146989
0.675926 0.150338
0.662037 0.154585
0.688272 0.158899
0.712963 0.163854
0.736111 0.168727
0.74537 0.173766
0.734568 0.177655
0.708333 0.182496
0.70216 0.186121
0.694444 0.190229
0.697531 0.193181
0.725309 0.194788
0.682099 0.196559
0.646605 0.196247
0.614198 0.195862
0.625 0.193906
0.604938 0.193244
0.62963 0.191119
0.611111 0.189795
0.594136 0.187255
0.594136 0.184939
0.572531 0.18326
0.598765 0.182348
0.595679 0.183361
0.555556 0.184001
0.578704 0.184398
0.560185 0.184075
0.523148 0.183055
0.526235 0.179788
0.54321 0.176313
0.526235 0.171807
0.540123 0.166569
0.492284 0.159779
0.509259 0.152002
0.512346 0.145445
0.450617 0.139466
0.5 0.132704
0.496914 0.125857
0.507716 0.118534
0.523148 0.112345
0.546296 0.106295
0.503086 0.100738
0.555556 0.095161
0.521605 0.0901093
0.520062 0.0849956
0.484568 0.0807641
0.521605 0.0760859
0.510802 0.0740229
0.560185 0.0720452
0.540123 0.0705264
0.569444 0.0684181
0.600309 0.0651574
0.591049 0.0620611
0.609568 0.0590204
0.58642 0.0575216
0.57716 0.0541231
0.563272 0.0511757
0.564815 0.0459309
0.544753 0.041812
0.516975 0.0374296
0.546296 0.0342003
0.58179 0.0304971
0.594136 0.026373
0.597222 0.0214002
0.601852 0.0183253
0.552469 0.0172181
0.569444 0.016889
0.592593 0.0180536
0.578704 0.0184469
0.555556 0.0199265
0.580247 0.0219899
0.587963 0.0228041
0.625 0.0247403
0.669753 0.0253989
0.708333 0.0255342
0.689815 0.0262852
0.712963 0.0264837
0.703704 0.02642
0.70679 0.0263364
0.70216 0.0264456
0.694444 0.02816
0.657407 0.0287028
0.635802 0.0303482
0.651235 0.0299973
0.649691 0.0288199
0.657407 0.0263213
0.632716 0.0242658
0.638889 0.0223019
0.617284 0.0205498
0.643519 0.0187578
0.641975 0.0189863
0.692901 0.0200335
0.695988 0.022548
0.680556 0.0254227
0.674383 0.0279324
0.662037 0.0291051
0.646605 0.0309663
0.666667 0.0321453
0.646605 0.032676
0.717593 0.034136
0.699074 0.0323968
0.683642 0.0308735
0.688272 0.0278672
0.640432 0.0253757
0.67284 0.0236749
0.686728 0.022376
0.691358 0.0220783
0.717593 0.0224227
0.70679 0.0233292
0.74537 0.0221127
0.731481 0.0210756
0.751543 0.0177027
0.71142 0.0148706
0.695988 0.0129575
0.683642 0.0132847
0.67284 0.0147667
0.700617 0.0164885
0.716049 0.0195688
0.712963 0.0218663
0.671296 0.0224891
0.662037 0.023504
0.657407 0.0234424
0.697531 0.0230981
0.731481 0.0216145
0.75 0.0184647
0.760802 0.0174126
0.762346 0.0135651
0.770062 0.0107174
0.759259 0.00762409
0.743827 0.0065747
0.728395 0.00503532
0.709877 0.00418046
0.729938 0.0057393
0.688272 0.00512997
0.720679 0.00536306
0.692901 -0.00107362
0.686728 -0.00365795
0.675926 -0.00760881
0.604938 -0.0114838
0.584877 -0.0149912
0.597222 -0.0143788
0.592593 -0.0152361
0.600309 -0.0134924
0.598765 -0.0126913
0.62963 -0.00637361
0.682099 -0.0027837
0.680556 0.000539977
0.75 0.00295009
0.716049 0.00167362
0.774691 0.000947066
0.737654 -0.00219749
0.74537 -0.0014644
0.731481 -0.00212329
0.753086 -0.00118501
0.746914 -0.000562213
0.742284 -0.00115375
0.757716 -0.00286103
0.768519 -0.00742259
0.748457 -0.0110647
0.731481 -0.0139589
0.734568 -0.0119381
0.740741 -0.00974593
0.722222 -0.0111493
0.722222 -0.0152555
0.717593 -0.018752
0.683642 -0.020756
0.683642 -0.0163657
0.717593 -0.010578
0.760802 -0.00446817
0.779321 -0.00371769
0.791667 0.000116207
0.802469 0.000589404
0.782407 -0.00122308
0.802469 0.00111559
0.796296 0.000278898
0.79321 0
