0.557099 1
0.552469 0.991458
0.560185 0.98362
0.575617 0.976594
0.546296 0.969674
0.529321 0.963107
0.557099 0.956796
0.561728 0.951261
0.520062 0.945914
0.541667 0.940976
0.541667 0.936766
0.523148 0.932888
0.489198 0.928684
0.466049 0.924314
0.492284 0.920403
0.498457 0.91655
0.46142 0.912526
0.484568 0.908652
0.481481 0.905257
0.521605 0.901886
0.516975 0.898458
0.526235 0.895274
0.566358 0.89272
0.546296 0.890595
0.516975 0.888372
0.506173 0.885987
0.537037 0.883647
0.53858 0.881012
0.533951 0.878256
0.54321 0.875316
0.520062 0.872256
0.473765 0.868934
0.487654 0.865708
0.496914 0.862543
0.442901 0.859307
0.432099 0.856238
0.458333 0.853123
0.447531 0.850635
0.444444 0.848248
0.455247 0.845286
0.464506 0.842481
0.458333 0.839646
0.530864 0.83674
0.574074 0.83409
0.549383 0.831596
0.550926 0.829006
0.564815 0.826404
0.570988 0.823982
0.606481 0.82183
0.600309 0.819641
0.603395 0.817179
0.584877 0.814762
0.557099 0.812375
0.611111 0.809613
0.634259 0.807129
0.621914 0.804104
0.617284 0.801504
0.645062 0.798931
0.606481 0.796235
0.600309 0.793453
0.583333 0.790844
0.597222 0.78858
0.58179 0.786339
0.592593 0.784318
0.615741 0.78208
0.595679 0.779767
0.583333 0.777473
0.597222 0.775568
0.621914 0.772994
0.631173 0.770373
0.651235 0.768182
0.695988 0.766161
0.682099 0.764309
0.692901 0.761854
0.689815 0.759061
0.646605 0.756365
0.683642 0.753716
0.720679 0.751067
0.712963 0.748799
0.70679 0.746661
0.719136 0.744515
0.700617 0.742457
0.692901 0.740425
0.714506 0.738307
0.723765 0.736436
0.756173 0.734208
0.75 0.731514
0.75 0.728744
0.776235 0.725506
0.74537 0.722511
0.705247 0.719791
0.691358 0.716981
0.743827 0.714166
0.74537 0.711376
0.708333 0.70911
0.677469 0.706475
0.688272 0.70355
0.709877 0.700849
0.742284 0.698064
0.756173 0.695795
0.75 0.69366
0.756173 0.691463
0.790123 0.689417
0.790123 0.687317
0.771605 0.685336
0.743827 0.683612
0.796296 0.681944
0.799383 0.68059
0.770062 0.679017
0.777778 0.67808
0.810185 0.677037
0.807099 0.675435
0.814815 0.673563
0.776235 0.671381
0.794753 0.669068
0.790123 0.666659
0.777778 0.664469
0.773148 0.662043
0.785494 0.659586
0.777778 0.65736
0.760802 0.654823
0.759259 0.652393
0.773148 0.649516
0.785494 0.646555
0.760802 0.643803
0.773148 0.641112
0.736111 0.638317
0.733025 0.635745
0.753086 0.633265
0.722222 0.630529
0.722222 0.627879
0.712963 0.625659
0.70679 0.623166
0.739198 0.620756
0.734568 0.618445
0.74537 0.616028
0.691358 0.613588
0.726852 0.611008
0.726852 0.608287
0.720679 0.605226
0.685185 0.601885
0.726852 0.598856
0.753086 0.595922
0.712963 0.592785
0.70679 0.589466
0.692901 0.586202
0.700617 0.582974
0.712963 0.579705
0.739198 0.576623
0.756173 0.57345
0.742284 0.570364
0.751543 0.567362
0.75463 0.564511
0.757716 0.561791
0.736111 0.559254
0.75463 0.556917
0.753086 0.554792
0.746914 0.552913
0.746914 0.551358
0.773148 0.54957
0.787037 0.547952
0.780864 0.546353
0.790123 0.544937
0.780864 0.543355
0.796296 0.542059
0.770062 0.54047
0.763889 0.538816
0.768519 0.537083
0.783951 0.535047
0.794753 0.533499
0.783951 0.531863
0.844136 0.529864
0.825617 0.527393
0.848765 0.524727
0.841049 0.522312
0.822531 0.519482
0.820988 0.51658
0.796296 0.513862
0.810185 0.511028
0.811728 0.508235
0.796296 0.505761
0.817901 0.503544
0.808642 0.501152
0.824074 0.498579
0.83179 0.496105
0.800926 0.494007
0.799383 0.492374
0.805556 0.490591
0.814815 0.488816
0.842593 0.487357
0.868827 0.485687
0.858025 0.484036
0.862654 0.48268
0.848765 0.481095
0.830247 0.479437
0.825617 0.477808
0.808642 0.476179
0.810185 0.474715
0.807099 0.472922
0.800926 0.471233
0.774691 0.469731
0.78858 0.468262
0.774691 0.466606
0.796296 0.465094
0.780864 0.463422
0.791667 0.461505
0.79784 0.459475
0.75 0.45759
0.743827 0.455426
0.74537 0.453139
0.722222 0.450977
0.742284 0.448883
0.734568 0.44692
0.766975 0.444637
0.763889 0.442313
0.737654 0.44022
0.773148 0.438257
0.770062 0.436319
0.773148 0.43476
0.773148 0.43289
0.810185 0.431114
0.808642 0.429219
0.822531 0.427151
0.837963 0.425784
0.814815 0.424189
0.828704 0.422653
0.791667 0.421108
0.783951 0.419353
0.808642 0.417446
0.777778 0.415785
0.787037 0.414259
0.759259 0.412505
0.740741 0.41031
0.75463 0.408232
0.75 0.406398
0.737654 0.404961
0.71142 0.403807
0.739198 0.402405
0.728395 0.401093
0.737654 0.399637
0.746914 0.398752
0.712963 0.397769
0.682099 0.396631
0.669753 0.396214
0.635802 0.395666
0.66821 0.394745
0.694444 0.393889
0.712963 0.393104
0.71142 0.392335
0.739198 0.391882
0.785494 0.391299
0.808642 0.390745
0.839506 0.390644
0.83179 0.390657
0.848765 0.390753
0.839506 0.390444
0.814815 0.389856
0.813272 0.389047
0.780864 0.388176
0.75463 0.387497
0.770062 0.386891
0.756173 0.386329
0.770062 0.38552
0.777778 0.384711
0.75463 0.384431
0.776235 0.383824
0.790123 0.382973
0.780864 0.382001
0.740741 0.38126
0.768519 0.380302
0.787037 0.379363
0.78858 0.378433
0.785494 0.37762
0.82716 0.377198
0.844136 0.376795
0.844136 0.376341
0.834877 0.375828
0.816358 0.375115
0.825617 0.37389
0.800926 0.372915
0.83179 0.372221
0.825617 0.371619
0.816358 0.370589
0.810185 0.369118
0.841049 0.367518
0.839506 0.365924
0.814815 0.364063
0.83642 0.362367
0.824074 0.361093
0.78858 0.359597
0.790123 0.357823
0.813272 0.356388
0.810185 0.355646
0.82716 0.354887
0.796296 0.353726
0.790123 0.352577
0.760802 0.351502
0.731481 0.35054
0.740741 0.349586
0.719136 0.348817
0.737654 0.348185
0.729938 0.34764
0.736111 0.346974
0.725309 0.346497
0.722222 0.346044
0.716049 0.345349
0.739198 0.344289
0.714506 0.343115
0.722222 0.341833
0.685185 0.340195
0.669753 0.338501
0.675926 0.336585
0.658951 0.334496
0.652778 0.332486
0.611111 0.330666
0.625 0.328248
0.646605 0.326234
0.645062 0.324654
0.682099 0.323041
0.654321 0.321796
0.612654 0.321031
0.62037 0.32015
0.615741 0.318776
0.606481 0.317428
0.606481 0.315633
0.612654 0.313828
0.583333 0.311962
0.595679 0.309914
0.57716 0.307969
0.578704 0.306004
0.604938 0.304206
0.572531 0.302949
0.600309 0.302047
0.601852 0.300962
0.603395 0.300044
0.58642 0.298724
0.570988 0.296954
0.570988 0.295098
0.589506 0.293505
0.541667 0.292286
0.603395 0.290841
0.614198 0.289343
0.597222 0.287699
0.569444 0.286595
0.589506 0.285616
0.591049 0.28477
0.632716 0.283489
0.648148 0.281817
0.666667 0.279904
0.682099 0.277869
0.683642 0.276061
0.697531 0.273975
0.691358 0.271912
0.700617 0.270148
0.695988 0.268305
0.671296 0.266205
0.688272 0.264169
0.67284 0.262269
0.635802 0.260606
0.689815 0.259239
0.680556 0.258145
0.689815 0.256774
0.660494 0.254814
0.641975 0.252815
0.641975 0.251654
0.654321 0.250442
0.652778 0.24905
0.635802 0.247919
0.625 0.247145
0.626543 0.246162
0.643519 0.244992
0.674383 0.244216
0.631173 0.243862
0.62963 0.24311
0.634259 0.242167
0.646605 0.240933
0.657407 0.240014
0.685185 0.239185
0.700617 0.23813
0.734568 0.237097
0.74537 0.2356
0.714506 0.234246
0.737654 0.232785
0.723765 0.231373
0.712963 0.229849
0.70679 0.228531
0.655864 0.227304
0.665123 0.22609
0.697531 0.224509
0.686728 0.222917
0.660494 0.221705
0.671296 0.220499
0.669753 0.219554
0.67284 0.218763
0.679012 0.217928
0.680556 0.217196
0.657407 0.215652
0.631173 0.213851
0.631173 0.211823
0.643519 0.209389
0.665123 0.206764
0.652778 0.204503
0.618827 0.202382
0.651235 0.199866
0.682099 0.197629
0.62963 0.19515
0.625 0.192589
0.635802 0.189906
0.615741 0.187044
0.595679 0.184333
0.632716 0.181754
0.643519 0.179396
0.637346 0.177008
0.608025 0.174631
0.597222 0.172146
0.621914 0.169639
0.626543 0.167367
0.638889 0.165375
0.614198 0.163483
0.625 0.1612
0.652778 0.159001
0.669753 0.156737
0.674383 0.154088
0.66358 0.151146
0.683642 0.147808
0.660494 0.144546
0.669753 0.141282
0.649691 0.137928
0.652778 0.134634
0.617284 0.13127
0.615741 0.128327
0.600309 0.125398
0.637346 0.122183
0.643519 0.119016
0.618827 0.11582
0.595679 0.112875
0.583333 0.110006
0.570988 0.106905
0.58642 0.103934
0.603395 0.10097
0.584877 0.0979274
0.580247 0.0950565
0.592593 0.0923875
0.638889 0.0896385
0.674383 0.0874464
0.666667 0.0853861
0.66821 0.0832566
0.674383 0.0810205
0.689815 0.0782331
0.648148 0.0753695
0.637346 0.0723551
0.649691 0.069586
0.660494 0.0669481
0.677469 0.0644924
0.671296 0.0618688
0.689815 0.0595279
0.685185 0.0572645
0.640432 0.0549567
0.695988 0.0528619
0.709877 0.0510144
0.700617 0.049329
0.70216 0.0480507
0.719136 0.0466362
0.726852 0.0454541
0.725309 0.0441871
0.717593 0.0430297
0.743827 0.0419772
0.731481 0.0408216
0.731481 0.0396415
0.725309 0.0384829
0.74537 0.0374591
0.762346 0.0364575
0.771605 0.0350672
0.790123 0.0335125
0.825617 0.032019
0.817901 0.0310648
0.816358 0.0296869
0.820988 0.0282694
0.790123 0.0264792
0.765432 0.0251413
0.763889 0.0238172
0.768519 0.0223324
0.791667 0.0208026
0.774691 0.0189395
0.782407 0.017395
0.79784 0.0159234
0.783951 0.0145895
0.756173 0.0131558
0.725309 0.0116353
0.753086 0.00970833
0.723765 0.00792669
0.74537 0.00597004
0.739198 0.00383
0.725309 0.00203518
0.736111 0.000198859
0.765432 -0.00145598
0.759259 -0.00276432
0.736111 -0.00448704
0.699074 -0.00595282
0.712963 -0.00718212
0.695988 -0.00812692
0.692901 -0.00885147
0.665123 -0.00942994
0.646605 -0.00951821
0.638889 -0.00906862
0.592593 -0.00891126
0.631173 -0.00868896
0.685185 -0.00833132
0.669753 -0.00828135
0.683642 -0.00835413
0.685185 -0.00896076
0.699074 -0.0100088
0.688272 -0.0109802
0.67284 -0.0123035
0.695988 -0.0136008
0.716049 -0.0148757
0.675926 -0.0161608
0.671296 -0.0177097
0.689815 -0.0194281
0.695988 -0.021369
0.699074 -0.023028
0.703704 -0.0245748
0.722222 -0.0263155
0.763889 -0.0280723
0.74537 -0.0295655
0.74537 -0.0309213
0.725309 -0.032532
0.720679 -0.0341865
0.739198 -0.0355529
0.739198 -0.0367485
0.739198 -0.0380669
0.733025 -0.0394968
0.743827 -0.0408743
0.703704 -0.0421194
0.685185 -0.0435813
0.645062 -0.0451467
0.657407 -0.0469562
0.674383 -0.0487885
0.703704 -0.0509392
0.680556 -0.0533218
0.648148 -0.0555375
0.643519 -0.0577583
0.62963 -0.0599599
0.638889 -0.0624177
0.677469 -0.0643536
0.67284 -0.0660843
0.641975 -0.0678869
0.648148 -0.0694925
0.666667 -0.0712095
0.695988 -0.0729234
0.700617 -0.0746219
0.720679 -0.076248
0.729938 -0.0776672
0.736111 -0.0789765
0.74537 -0.080662
0.751543 -0.0826552
0.766975 -0.0848419
0.742284 -0.0866218
0.763889 -0.0884591
0.760802 -0.0903737
0.759259 -0.0919657
0.753086 -0.0931687
0.725309 -0.094881
0.714506 -0.0968753
0.699074 -0.0987352
0.717593 -0.100749
0.714506 -0.10301
0.737654 -0.105827
0.723765 -0.108352
0.75463 -0.110631
0.780864 -0.113159
0.770062 -0.115358
0.78858 -0.117485
0.776235 -0.119268
0.746914 -0.121146
0.726852 -0.122951
0.751543 -0.124504
0.740741 -0.126276
0.740741 -0.128067
0.763889 -0.129334
0.725309 -0.130277
0.733025 -0.131229
0.75 -0.131545
0.746914 -0.132383
0.736111 -0.132938
0.71142 -0.1335
0.703704 -0.134431
0.70216 -0.135225
0.716049 -0.135735
0.674383 -0.13622
0.712963 -0.13622
0.70679 -0.135871
0.694444 -0.135615
0.695988 -0.13561
0.705247 -0.135715
0.716049 -0.135553
0.729938 -0.135729
0.70679 -0.136052
0.662037 -0.136249
0.635802 -0.136136
0.62963 -0.136388
0.654321 -0.136787
0.635802 -0.137055
0.628086 -0.137649
0.625 -0.138538
0.591049 -0.138969
0.628086 -0.140162
0.652778 -0.141284
0.669753 -0.142242
0.648148 -0.14283
0.645062 -0.143621
0.654321 -0.144652
0.641975 -0.145684
0.604938 -0.146787
0.583333 -0.147892
0.566358 -0.148783
0.578704 -0.149183
0.54784 -0.149514
0.560185 -0.150018
0.561728 -0.150697
0.54321 -0.151357
0.552469 -0.15175
0.584877 -0.152346
0.62963 -0.153035
0.638889 -0.153727
0.640432 -0.154245
0.609568 -0.154963
0.591049 -0.155074
0.583333 -0.155399
0.530864 -0.156122
0.532407 -0.15689
0.5 -0.157538
0.550926 -0.158249
0.564815 -0.158604
0.552469 -0.159254
0.540123 -0.159659
0.493827 -0.159787
0.481481 -0.160145
0.487654 -0.160382
0.501543 -0.160388
0.467593 -0.160281
0.518519 -0.16038
0.493827 -0.160524
0.473765 -0.160554
0.479938 -0.160412
0.510802 -0.16039
0.509259 -0.160268
0.513889 -0.160141
0.509259 -0.160339
0.510802 -0.160453
0.523148 -0.161387
0.554012 -0.162634
0.552469 -0.163982
0.552469 -0.164992
0.546296 -0.165647
0.557099 -0.166466
0.550926 -0.167311
0.530864 -0.168007
0.554012 -0.168839
0.537037 -0.169796
0.516975 -0.171022
0.490741 -0.172366
0.496914 -0.173498
0.506173 -0.174406
0.550926 -0.175208
0.58179 -0.175785
0.601852 -0.176189
0.58642 -0.176366
0.601852 -0.176464
0.617284 -0.176704
0.623457 -0.176823
0.623457 -0.177222
0.612654 -0.177847
0.621914 -0.178201
0.591049 -0.178888
0.609568 -0.179458
0.617284 -0.18004
0.578704 -0.180532
0.529321 -0.180973
0.541667 -0.181737
0.54321 -0.182505
0.523148 -0.183564
0.516975 -0.184269
0.510802 -0.185193
0.518519 -0.186262
0.533951 -0.187501
0.555556 -0.188282
0.54784 -0.18896
0.595679 -0.18963
0.591049 -0.190363
0.572531 -0.191332
0.540123 -0.192146
0.572531 -0.192842
0.578704 -0.193288
0.597222 -0.19371
0.587963 -0.194983
0.597222 -0.196345
0.648148 -0.197678
0.645062 -0.198489
0.632716 -0.199258
0.580247 -0.199768
0.611111 -0.200602
0.628086 -0.20141
0.632716 -0.20224
0.626543 -0.202963
0.618827 -0.203729
0.597222 -0.204193
0.600309 -0.204545
0.634259 -0.204968
0.632716 -0.205621
0.592593 -0.206059
0.567901 -0.206063
0.589506 -0.205826
0.591049 -0.205522
0.57716 -0.205582
0.578704 -0.205683
0.608025 -0.205604
0.612654 -0.205877
0.584877 -0.206388
0.554012 -0.206967
0.58642 -0.207614
0.58642 -0.208627
0.555556 -0.209791
0.563272 -0.211286
0.57716 -0.212725
0.58179 -0.214314
0.603395 -0.215452
0.638889 -0.216547
0.615741 -0.217944
0.606481 -0.219532
0.612654 -0.220843
0.623457 -0.221901
0.612654 -0.222954
0.592593 -0.224313
0.600309 -0.225563
0.601852 -0.22672
0.651235 -0.227295
0.632716 -0.227591
0.646605 -0.227954
0.626543 -0.228262
0.62037 -0.228323
0.632716 -0.228382
0.634259 -0.228967
0.662037 -0.229272
0.666667 -0.229463
0.62037 -0.229309
0.626543 -0.22926
0.652778 -0.229399
0.608025 -0.229505
0.58642 -0.229772
0.589506 -0.22947
0.608025 -0.22894
0.592593 -0.227891
0.606481 -0.227217
0.595679 -0.226209
0.615741 -0.225233
0.632716 -0.224455
0.611111 -0.223964
0.654321 -0.223597
0.643519 -0.223543
0.654321 -0.223726
0.677469 -0.2238
0.674383 -0.224274
0.62963 -0.224396
0.652778 -0.224055
0.683642 -0.223104
0.677469 -0.222577
0.631173 -0.222382
0.66358 -0.222082
0.689815 -0.221624
0.697531 -0.221036
0.700617 -0.220756
0.70679 -0.220398
0.658951 -0.220433
0.677469 -0.219844
0.686728 -0.219703
0.660494 -0.219703
0.728395 -0.219695
0.677469 -0.219501
0.655864 -0.219079
0.643519 -0.218726
0.660494 -0.21831
0.685185 -0.21813
0.694444 -0.217509
0.719136 -0.216846
0.716049 -0.216008
0.731481 -0.215029
0.78858 -0.214232
0.822531 -0.213313
0.814815 -0.212217
0.760802 -0.211158
0.753086 -0.210308
0.736111 -0.209609
0.751543 -0.209183
0.748457 -0.209076
0.726852 -0.209538
0.773148 -0.209432
0.766975 -0.20942
0.768519 -0.209105
0.763889 -0.208716
0.728395 -0.208115
0.720679 -0.2078
0.705247 -0.207697
0.720679 -0.207404
0.691358 -0.20726
0.680556 -0.206679
0.683642 -0.206454
0.726852 -0.205823
0.723765 -0.205145
0.75 -0.204485
0.719136 -0.203793
0.75 -0.203317
0.762346 -0.202821
0.771605 -0.202352
0.773148 -0.20164
0.776235 -0.201292
0.78858 -0.201144
0.777778 -0.200955
0.785494 -0.201106
0.79784 -0.200847
0.811728 -0.200926
0.842593 -0.200982
0.828704 -0.20112
0.845679 -0.201336
0.848765 -0.201821
0.864198 -0.201831
0.871914 -0.20165
0.882716 -0.201324
0.87037 -0.200678
0.847222 -0.199959
0.861111 -0.199621
0.854938 -0.199546
0.878086 -0.199795
0.867284 -0.200077
0.878086 -0.200901
0.875 -0.201448
0.862654 -0.202348
0.87037 -0.202851
0.83642 -0.203278
0.814815 -0.2037
0.800926 -0.204012
0.837963 -0.204307
0.865741 -0.204822
0.850309 -0.205769
0.820988 -0.206634
0.850309 -0.207943
0.871914 -0.209264
0.873457 -0.209961
0.853395 -0.21041
0.820988 -0.211152
0.862654 -0.211673
0.859568 -0.212248
0.799383 -0.212564
0.780864 -0.212732
0.804012 -0.212676
0.814815 -0.212735
0.790123 -0.212655
0.824074 -0.212214
0.828704 -0.211459
0.820988 -0.21108
0.810185 -0.210981
0.83179 -0.21111
0.830247 -0.211431
0.800926 -0.212085
0.811728 -0.21271
0.828704 -0.213233
0.79784 -0.213627
0.785494 -0.213991
0.804012 -0.214164
0.794753 -0.214501
0.796296 -0.214956
0.83642 -0.215551
0.839506 -0.216138
0.848765 -0.216347
0.83642 -0.216254
0.83179 -0.21618
0.858025 -0.216137
0.82716 -0.215902
0.839506 -0.216187
0.865741 -0.216715
0.853395 -0.216965
0.839506 -0.216981
0.819444 -0.21649
0.853395 -0.216135
0.839506 -0.215601
0.817901 -0.214874
0.819444 -0.214033
0.839506 -0.213742
0.799383 -0.213046
0.790123 -0.21267
0.756173 -0.212395
0.768519 -0.211803
0.759259 -0.21164
0.78858 -0.210874
0.763889 -0.210155
0.737654 -0.209626
0.760802 -0.209354
0.770062 -0.208988
0.794753 -0.208432
0.807099 -0.207963
0.805556 -0.20771
0.768519 -0.207137
0.729938 -0.206224
0.75 -0.205292
0.762346 -0.204522
0.776235 -0.203557
0.766975 -0.202279
0.770062 -0.201513
0.766975 -0.200639
0.762346 -0.199906
0.748457 -0.198968
0.743827 -0.198163
0.722222 -0.197201
0.759259 -0.196783
0.739198 -0.19617
0.743827 -0.195818
0.733025 -0.195278
0.753086 -0.194733
0.75463 -0.194205
0.756173 -0.193905
0.751543 -0.193604
0.74537 -0.192914
0.733025 -0.191924
0.740741 -0.190868
0.753086 -0.189667
0.720679 -0.188413
0.716049 -0.187357
0.714506 -0.186909
0.70216 -0.186816
0.708333 -0.186708
0.733025 -0.186753
0.75463 -0.187009
0.763889 -0.187279
0.762346 -0.187847
0.736111 -0.188243
0.703704 -0.188841
0.70679 -0.189805
0.669753 -0.190511
0.658951 -0.191029
0.683642 -0.191289
0.682099 -0.191278
0.70679 -0.19114
0.671296 -0.190796
0.689815 -0.190569
0.692901 -0.190101
0.717593 -0.189777
0.734568 -0.189883
0.708333 -0.190003
0.70216 -0.189757
0.66821 -0.189343
0.654321 -0.188778
0.689815 -0.188217
0.731481 -0.187653
0.700617 -0.187571
0.692901 -0.187476
0.734568 -0.187313
0.762346 -0.186956
0.74537 -0.186797
0.757716 -0.186902
0.714506 -0.186989
0.694444 -0.187207
0.645062 -0.18733
0.692901 -0.187397
0.689815 -0.187308
0.641975 -0.187265
0.631173 -0.187759
0.592593 -0.187984
0.608025 -0.188208
0.595679 -0.188291
0.621914 -0.188293
0.587963 -0.188352
0.58642 -0.188221
0.58179 -0.188202
0.609568 -0.188396
0.608025 -0.188642
0.609568 -0.188208
0.657407 -0.187889
0.614198 -0.187434
0.669753 -0.187201
0.623457 -0.18723
0.632716 -0.187549
0.675926 -0.187284
0.658951 -0.187668
0.697531 -0.188406
0.689815 -0.189448
0.683642 -0.190773
0.679012 -0.191821
0.677469 -0.193154
0.669753 -0.194281
0.674383 -0.194525
0.691358 -0.194946
0.699074 -0.195343
0.71142 -0.19548
0.679012 -0.195667
0.649691 -0.195945
0.666667 -0.196017
0.677469 -0.196285
0.675926 -0.196786
0.683642 -0.197447
0.634259 -0.197959
0.66821 -0.198372
0.66821 -0.19851
0.646605 -0.198912
0.640432 -0.199614
0.660494 -0.20009
0.691358 -0.200205
0.723765 -0.200442
0.712963 -0.201143
0.686728 -0.201938
0.700617 -0.20267
0.70216 -0.203323
0.660494 -0.204056
0.66821 -0.204538
0.666667 -0.204881
0.645062 -0.204939
0.62963 -0.204911
0.637346 -0.204767
0.640432 -0.204452
0.658951 -0.203995
0.669753 -0.203491
0.649691 -0.203184
0.66821 -0.202609
0.594136 -0.202288
0.57716 -0.202417
0.62037 -0.202378
0.589506 -0.2023
0.598765 -0.202849
0.626543 -0.203158
0.655864 -0.203163
0.641975 -0.203052
0.651235 -0.202999
0.66821 -0.203149
0.66358 -0.203264
0.638889 -0.203508
0.658951 -0.203524
0.641975 -0.203486
0.621914 -0.203434
0.612654 -0.20335
0.583333 -0.203814
0.625 -0.203985
0.621914 -0.204256
0.608025 -0.20454
0.62037 -0.205432
0.646605 -0.206042
0.641975 -0.206477
0.645062 -0.207011
0.655864 -0.207767
0.655864 -0.20882
0.686728 -0.209608
0.694444 -0.210678
0.700617 -0.211994
0.692901 -0.213276
0.700617 -0.214733
0.739198 -0.215709
0.731481 -0.216403
0.70679 -0.216992
0.645062 -0.217573
0.694444 -0.217924
0.699074 -0.217933
0.666667 -0.217944
0.66358 -0.218097
0.70216 -0.218007
0.689815 -0.217936
0.719136 -0.218231
0.705247 -0.218499
0.712963 -0.218655
0.705247 -0.218211
0.70216 -0.217652
0.695988 -0.21719
0.692901 -0.216729
0.705247 -0.216729
0.719136 -0.216771
0.737654 -0.217026
0.740741 -0.217409
0.714506 -0.21846
0.712963 -0.219111
0.75463 -0.219491
0.746914 -0.219534
0.740741 -0.219376
0.768519 -0.219534
0.771605 -0.219303
0.78858 -0.219173
0.813272 -0.21908
0.820988 -0.218802
0.790123 -0.218527
0.799383 -0.218357
0.790123 -0.218063
0.814815 -0.218104
0.805556 -0.218597
0.810185 -0.219546
0.813272 -0.22029
0.844136 -0.220584
0.830247 -0.221152
0.837963 -0.221921
0.87037 -0.222633
0.882716 -0.223156
0.862654 -0.223611
0.867284 -0.223995
0.850309 -0.224374
0.83642 -0.224961
0.830247 -0.225796
0.817901 -0.226505
0.825617 -0.227122
0.822531 -0.227767
0.82716 -0.228779
0.811728 -0.229787
0.802469 -0.230343
0.78858 -0.231111
0.766975 -0.231544
0.790123 -0.231486
0.722222 -0.231484
0.751543 -0.231299
0.751543 -0.230946
0.751543 -0.230712
0.766975 -0.230338
0.791667 -0.230119
0.819444 -0.230281
0.83642 -0.230612
0.810185 -0.231326
0.785494 -0.231601
0.800926 -0.231752
0.766975 -0.231959
0.765432 -0.232271
0.768519 -0.232927
0.756173 -0.23333
0.712963 -0.233516
0.686728 -0.233625
0.674383 -0.234173
0.709877 -0.234556
0.665123 -0.235095
0.651235 -0.235273
0.709877 -0.235256
0.751543 -0.235315
0.765432 -0.235157
0.804012 -0.234778
0.817901 -0.23446
0.799383 -0.234528
0.75463 -0.234531
0.717593 -0.235062
0.729938 -0.235516
0.723765 -0.236336
0.705247 -0.237152
0.733025 -0.237633
0.731481 -0.238005
0.722222 -0.238319
0.682099 -0.238417
0.62963 -0.238493
0.657407 -0.23812
0.675926 -0.237482
0.66358 -0.237088
0.634259 -0.236595
0.645062 -0.235776
0.631173 -0.235258
0.632716 -0.234156
0.612654 -0.23309
0.645062 -0.232045
0.611111 -0.231314
0.657407 -0.230945
0.66358 -0.230417
0.674383 -0.22999
0.723765 -0.229886
0.705247 -0.229439
0.729938 -0.228829
0.742284 -0.228304
0.765432 -0.227688
0.780864 -0.227164
0.751543 -0.227071
0.759259 -0.227116
0.748457 -0.226814
0.790123 -0.226854
0.811728 -0.226645
0.766975 -0.226711
0.776235 -0.227103
0.770062 -0.227288
0.804012 -0.227001
0.766975 -0.226782
0.766975 -0.226763
0.794753 -0.227003
0.841049 -0.227071
0.853395 -0.227155
0.854938 -0.227098
0.854938 -0.226907
0.868827 -0.226908
0.837963 -0.226775
0.810185 -0.226809
0.859568 -0.226867
0.828704 -0.226253
0.819444 -0.225699
0.791667 -0.22566
0.811728 -0.226068
0.814815 -0.226443
0.808642 -0.226836
0.830247 -0.227015
0.841049 -0.227151
0.828704 -0.227364
0.813272 -0.228002
0.804012 -0.228707
0.756173 -0.229191
0.734568 -0.22958
0.737654 -0.230176
0.743827 -0.230937
0.777778 -0.231523
0.766975 -0.231717
0.783951 -0.23267
0.805556 -0.233684
0.810185 -0.234753
0.804012 -0.235614
0.822531 -0.23578
0.839506 -0.236167
0.833333 -0.23609
0.817901 -0.235711
0.834877 -0.235196
0.824074 -0.234569
0.794753 -0.234424
0.805556 -0.234004
0.79784 -0.233722
0.790123 -0.233395
0.791667 -0.233224
0.839506 -0.232874
0.853395 -0.232127
0.851852 -0.231212
0.853395 -0.230164
0.864198 -0.228509
0.864198 -0.22729
0.845679 -0.226066
0.839506 -0.224973
0.82716 -0.223716
0.822531 -0.222521
0.816358 -0.221734
0.820988 -0.221217
0.800926 -0.220875
0.787037 -0.220413
0.785494 -0.219938
0.820988 -0.2198
0.811728 -0.220028
0.808642 -0.220043
0.824074 -0.220228
0.82716 -0.220697
0.830247 -0.221268
0.813272 -0.221847
0.833333 -0.222505
0.848765 -0.223371
0.864198 -0.224221
0.862654 -0.22522
0.890432 -0.226215
0.871914 -0.22686
0.867284 -0.227639
0.868827 -0.228756
0.848765 -0.230029
0.848765 -0.230992
0.837963 -0.231967
0.83642 -0.232908
0.878086 -0.234327
0.875 -0.235433
0.859568 -0.236369
0.844136 -0.236995
0.83642 -0.237957
0.800926 -0.239057
0.787037 -0.239855
0.770062 -0.24085
0.766975 -0.242102
0.740741 -0.243509
0.71142 -0.244923
0.699074 -0.245998
0.719136 -0.247211
0.737654 -0.247916
0.734568 -0.249108
0.753086 -0.250618
0.777778 -0.251667
0.787037 -0.252825
0.817901 -0.253942
0.83179 -0.255082
0.82716 -0.256143
0.837963 -0.256962
0.844136 -0.257428
0.850309 -0.257808
0.851852 -0.258507
0.854938 -0.259203
0.858025 -0.259896
0.861111 -0.260745
0.847222 -0.261314
0.841049 -0.262041
0.841049 -0.262976
0.83179 -0.263657
0.828704 -0.264375
0.811728 -0.265304
0.816358 -0.265986
0.787037 -0.267081
0.759259 -0.268502
0.760802 -0.269105
0.756173 -0.27024
0.746914 -0.271475
0.762346 -0.272583
0.739198 -0.273651
0.746914 -0.274573
0.75 -0.274768
0.773148 -0.274673
0.763889 -0.274779
0.759259 -0.274711
0.751543 -0.274452
0.759259 -0.274825
0.763889 -0.275366
0.78858 -0.276319
0.816358 -0.277022
0.779321 -0.277629
0.757716 -0.278387
0.742284 -0.279449
0.691358 -0.281158
0.70216 -0.283292
0.686728 -0.285146
0.70216 -0.287129
0.66358 -0.288816
0.691358 -0.290324
0.675926 -0.291701
0.688272 -0.292844
0.66358 -0.294074
0.655864 -0.294959
0.631173 -0.296273
0.617284 -0.297351
0.632716 -0.298196
0.631173 -0.29887
0.628086 -0.298826
0.640432 -0.298603
0.657407 -0.298763
0.695988 -0.299101
0.739198 -0.299482
0.743827 -0.299974
0.800926 -0.300085
0.813272 -0.300659
0.813272 -0.300714
0.817901 -0.301305
0.820988 -0.302049
0.83179 -0.302547
0.807099 -0.303463
0.802469 -0.304652
0.800926 -0.305181
0.785494 -0.305821
0.800926 -0.30614
0.83642 -0.306581
0.842593 -0.306705
0.830247 -0.306908
0.825617 -0.307612
0.819444 -0.308422
0.841049 -0.309015
0.854938 -0.309589
0.822531 -0.3095
0.833333 -0.30985
0.783951 -0.309959
0.771605 -0.310132
0.783951 -0.310261
0.805556 -0.309816
0.813272 -0.309402
0.862654 -0.308873
0.868827 -0.308659
0.864198 -0.308869
0.859568 -0.309059
0.820988 -0.309488
0.828704 -0.309772
0.817901 -0.310406
0.814815 -0.311069
0.824074 -0.311767
0.833333 -0.312463
0.848765 -0.312743
0.837963 -0.312977
0.822531 -0.3131
0.825617 -0.313481
0.825617 -0.313713
0.810185 -0.313691
0.79321 -0.313946
0.79321 -0.314835
0.78858 -0.316109
0.771605 -0.317309
0.796296 -0.3187
0.776235 -0.320232
0.751543 -0.321377
0.740741 -0.32263
0.731481 -0.323906
0.766975 -0.325386
0.785494 -0.326625
0.780864 -0.327913
0.756173 -0.329585
0.742284 -0.330903
0.759259 -0.332118
0.787037 -0.332994
0.782407 -0.333782
0.802469 -0.334569
0.845679 -0.334977
0.839506 -0.335539
0.875 -0.33597
0.876543 -0.336146
0.873457 -0.336203
0.865741 -0.336219
0.851852 -0.336392
0.859568 -0.336517
0.845679 -0.336296
0.816358 -0.336449
0.820988 -0.336765
0.804012 -0.337442
0.805556 -0.3379
0.811728 -0.338023
0.799383 -0.33863
0.785494 -0.338542
0.776235 -0.33838
0.779321 -0.33878
0.790123 -0.339191
0.834877 -0.339713
0.820988 -0.340345
0.830247 -0.341022
0.837963 -0.341221
0.853395 -0.341036
0.859568 -0.340449
0.881173 -0.339844
0.856481 -0.33957
0.82716 -0.338758
0.830247 -0.338229
0.814815 -0.337992
0.839506 -0.337904
0.83642 -0.337645
0.868827 -0.337875
0.861111 -0.337683
0.841049 -0.337491
0.794753 -0.336953
0.785494 -0.336542
0.807099 -0.335933
0.774691 -0.335116
0.79784 -0.3342
0.762346 -0.333202
0.728395 -0.332493
0.762346 -0.331836
0.719136 -0.330986
0.759259 -0.329964
0.75 -0.328825
0.780864 -0.327763
0.800926 -0.327133
0.791667 -0.326413
0.768519 -0.325304
0.748457 -0.323799
0.776235 -0.322314
0.810185 -0.320469
0.828704 -0.318408
0.83179 -0.316856
0.824074 -0.3161
0.796296 -0.315796
0.763889 -0.315688
0.766975 -0.315968
0.782407 -0.316741
0.783951 -0.316941
0.794753 -0.316583
0.805556 -0.316255
0.824074 -0.316102
0.813272 -0.316004
0.796296 -0.315763
0.774691 -0.315447
0.751543 -0.315447
0.770062 -0.315015
0.774691 -0.315039
0.742284 -0.314897
0.736111 -0.314827
0.737654 -0.31448
0.709877 -0.313635
0.723765 -0.312998
0.700617 -0.31234
0.719136 -0.311433
0.766975 -0.310189
0.790123 -0.308487
0.777778 -0.306908
0.808642 -0.305021
0.820988 -0.302958
0.810185 -0.300935
0.790123 -0.299575
0.785494 -0.29844
0.75 -0.297188
0.760802 -0.296491
0.773148 -0.295746
0.810185 -0.295076
0.779321 -0.293903
0.756173 -0.29226
0.774691 -0.290785
0.796296 -0.28919
0.794753 -0.287966
0.791667 -0.287057
0.762346 -0.285889
0.783951 -0.284974
0.771605 -0.284185
0.763889 -0.283513
0.779321 -0.282487
0.802469 -0.28126
0.824074 -0.279859
0.837963 -0.27798
0.841049 -0.276462
0.825617 -0.27502
0.800926 -0.273907
0.822531 -0.272627
0.805556 -0.27096
0.79321 -0.269209
0.825617 -0.267814
0.845679 -0.266191
0.839506 -0.265051
0.805556 -0.263617
0.805556 -0.262137
0.822531 -0.260527
0.816358 -0.258897
0.839506 -0.257313
0.848765 -0.255495
0.839506 -0.253648
0.848765 -0.251713
0.814815 -0.249773
0.808642 -0.247832
0.783951 -0.246203
0.762346 -0.244764
0.783951 -0.243384
0.743827 -0.241852
0.740741 -0.241018
0.722222 -0.240291
0.737654 -0.240029
0.743827 -0.239527
0.760802 -0.23886
0.771605 -0.238155
0.796296 -0.237738
0.780864 -0.237206
0.816358 -0.236743
0.83642 -0.236063
0.848765 -0.235012
0.834877 -0.234089
0.808642 -0.233256
0.790123 -0.232545
0.782407 -0.231499
0.811728 -0.230681
0.802469 -0.230275
0.773148 -0.229857
0.779321 -0.228893
0.759259 -0.227771
0.787037 -0.226831
0.768519 -0.22551
0.768519 -0.224302
0.768519 -0.223763
0.785494 -0.223537
0.783951 -0.223383
0.799383 -0.223255
0.783951 -0.222695
0.777778 -0.222032
0.762346 -0.221645
0.760802 -0.220797
0.785494 -0.220344
0.751543 -0.219929
0.716049 -0.2193
0.714506 -0.218349
0.719136 -0.21755
0.725309 -0.216589
0.743827 -0.216018
0.74537 -0.21495
0.763889 -0.21393
0.759259 -0.212597
0.805556 -0.211241
0.805556 -0.210064
0.807099 -0.208622
0.785494 -0.207594
0.83642 -0.205999
0.850309 -0.204396
0.820988 -0.202722
0.780864 -0.200951
0.773148 -0.199624
0.765432 -0.198736
0.773148 -0.198145
0.768519 -0.198064
0.748457 -0.197615
0.686728 -0.196817
0.679012 -0.196392
0.679012 -0.195825
0.709877 -0.195142
0.709877 -0.194791
0.680556 -0.194051
0.655864 -0.192868
0.651235 -0.191976
0.654321 -0.191138
0.669753 -0.189729
0.651235 -0.188705
0.660494 -0.188028
0.643519 -0.187623
0.621914 -0.187465
0.628086 -0.18748
0.655864 -0.187931
0.621914 -0.18845
0.640432 -0.188817
0.641975 -0.189073
0.617284 -0.189188
0.614198 -0.189713
0.652778 -0.190309
0.640432 -0.19054
0.671296 -0.191119
0.688272 -0.19205
0.703704 -0.192654
0.743827 -0.193543
0.743827 -0.194383
0.74537 -0.194732
0.740741 -0.194722
0.70679 -0.194319
0.71142 -0.194025
0.70679 -0.19382
0.766975 -0.193351
0.790123 -0.192809
0.777778 -0.192337
0.773148 -0.191754
0.766975 -0.191059
0.757716 -0.190433
0.787037 -0.190034
0.782407 -0.189653
0.773148 -0.189616
0.771605 -0.190128
0.787037 -0.190475
0.787037 -0.190654
0.802469 -0.191401
0.774691 -0.191739
0.75463 -0.19213
0.75463 -0.192419
0.742284 -0.192861
0.736111 -0.193491
0.731481 -0.193986
0.739198 -0.194263
0.759259 -0.194403
0.787037 -0.194422
0.766975 -0.194943
0.770062 -0.195485
0.728395 -0.196013
0.717593 -0.196547
0.734568 -0.197601
0.719136 -0.198906
0.709877 -0.199992
0.70679 -0.200942
0.733025 -0.201932
0.776235 -0.202942
0.791667 -0.203772
0.805556 -0.203904
0.79321 -0.204127
0.83179 -0.204265
0.790123 -0.204485
0.748457 -0.20509
0.776235 -0.205944
0.757716 -0.206035
0.748457 -0.205945
0.746914 -0.205925
0.716049 -0.205899
0.71142 -0.205572
0.70216 -0.205389
0.765432 -0.205481
0.783951 -0.205581
0.856481 -0.205832
0.834877 -0.206432
0.82716 -0.207074
0.865741 -0.207953
0.864198 -0.208696
0.884259 -0.20962
0.87963 -0.210795
0.87963 -0.212393
0.878086 -0.214259
0.83642 -0.215772
0.820988 -0.217455
0.842593 -0.219416
0.833333 -0.221106
0.805556 -0.222789
0.839506 -0.224223
0.800926 -0.225655
0.810185 -0.226766
0.78858 -0.227769
0.782407 -0.22877
0.82716 -0.230029
0.800926 -0.231049
0.807099 -0.231902
0.804012 -0.232577
0.799383 -0.232946
0.808642 -0.233214
0.805556 -0.233277
0.805556 -0.233016
0.785494 -0.233459
0.785494 -0.234034
0.791667 -0.234992
0.79321 -0.236038
0.790123 -0.237001
0.763889 -0.237628
0.762346 -0.238791
0.75463 -0.239981
0.740741 -0.241007
0.736111 -0.241936
0.70679 -0.242328
0.712963 -0.243135
0.695988 -0.24387
0.685185 -0.244684
0.691358 -0.245552
0.703704 -0.246562
0.719136 -0.247451
0.712963 -0.24774
0.705247 -0.248039
0.703704 -0.24866
0.731481 -0.24904
0.734568 -0.249584
0.71142 -0.249798
0.709877 -0.249685
0.686728 -0.249629
0.697531 -0.249615
0.714506 -0.249748
0.729938 -0.249589
0.682099 -0.249858
0.679012 -0.250059
0.66821 -0.250174
0.685185 -0.250602
0.682099 -0.251319
0.686728 -0.252035
0.709877 -0.252384
0.677469 -0.252707
0.686728 -0.25312
0.731481 -0.253741
0.714506 -0.254011
0.742284 -0.254086
0.762346 -0.254664
0.773148 -0.254781
0.771605 -0.255047
0.782407 -0.255108
0.759259 -0.255006
0.802469 -0.254684
0.851852 -0.253994
0.853395 -0.253472
0.867284 -0.252929
0.859568 -0.251837
0.861111 -0.251108
0.859568 -0.25064
0.828704 -0.250547
0.859568 -0.249837
0.881173 -0.248923
0.875 -0.248139
0.87963 -0.247521
0.865741 -0.246628
0.87963 -0.245634
0.859568 -0.244656
0.862654 -0.243636
0.848765 -0.242856
0.839506 -0.24139
0.830247 -0.239944
0.83179 -0.238915
0.799383 -0.23876
0.787037 -0.238846
0.768519 -0.238654
0.791667 -0.238505
0.779321 -0.238261
0.813272 -0.23796
0.833333 -0.237248
0.813272 -0.236515
0.83642 -0.235657
0.862654 -0.233906
0.850309 -0.232228
0.833333 -0.23047
0.837963 -0.228776
0.825617 -0.227587
0.837963 -0.226131
0.820988 -0.224562
0.796296 -0.223001
0.791667 -0.221826
0.79784 -0.221104
0.807099 -0.220456
0.766975 -0.219363
0.791667 -0.218587
0.776235 -0.217106
0.78858 -0.215987
0.766975 -0.215337
0.796296 -0.214852
0.79784 -0.214511
0.808642 -0.214223
0.808642 -0.213916
0.841049 -0.213861
0.783951 -0.214142
0.785494 -0.214009
0.782407 -0.213063
0.776235 -0.21191
0.79784 -0.210664
0.79784 -0.209658
0.776235 -0.208564
0.78858 -0.207376
0.808642 -0.20629
0.810185 -0.205505
0.802469 -0.205146
0.760802 -0.204871
0.79321 -0.204212
0.794753 -0.202964
0.783951 -0.201383
0.811728 -0.199831
0.82716 -0.197894
0.817901 -0.195951
0.820988 -0.194225
0.807099 -0.193112
0.813272 -0.19227
0.817901 -0.191337
0.830247 -0.190777
0.814815 -0.190528
0.816358 -0.190535
0.780864 -0.190243
0.770062 -0.190495
0.766975 -0.190998
0.736111 -0.19125
0.75 -0.191912
0.783951 -0.192342
0.814815 -0.192937
0.842593 -0.193517
0.811728 -0.194249
0.800926 -0.194705
0.796296 -0.195164
0.774691 -0.195107
0.779321 -0.195182
0.770062 -0.194914
0.768519 -0.194569
0.776235 -0.193912
0.777778 -0.193367
0.777778 -0.192912
0.805556 -0.192114
0.782407 -0.191155
0.811728 -0.190744
0.808642 -0.19012
0.810185 -0.189582
0.791667 -0.188836
0.790123 -0.188985
0.833333 -0.189754
0.834877 -0.189502
0.820988 -0.189447
0.820988 -0.18887
0.813272 -0.188073
0.82716 -0.187548
0.813272 -0.187088
0.776235 -0.186462
0.785494 -0.186049
0.811728 -0.185094
0.814815 -0.183714
0.819444 -0.182541
0.83179 -0.181507
0.808642 -0.180253
0.787037 -0.17874
0.780864 -0.176798
0.768519 -0.174856
0.787037 -0.173282
0.753086 -0.171903
0.75463 -0.170398
0.763889 -0.168846
0.794753 -0.166987
0.774691 -0.165631
0.776235 -0.164087
0.765432 -0.163088
0.751543 -0.162208
0.734568 -0.161652
0.699074 -0.161332
0.712963 -0.161323
0.734568 -0.161368
0.71142 -0.161565
0.723765 -0.161486
0.743827 -0.161239
0.75463 -0.161232
0.780864 -0.161567
0.807099 -0.161822
0.804012 -0.161849
0.759259 -0.161927
0.807099 -0.161757
0.819444 -0.160903
0.790123 -0.160163
0.780864 -0.159874
0.783951 -0.158896
0.783951 -0.15852
0.796296 -0.158191
0.805556 -0.157825
0.820988 -0.157011
0.865741 -0.155818
0.859568 -0.154583
0.854938 -0.152921
0.834877 -0.151375
0.859568 -0.149497
0.839506 -0.148073
0.830247 -0.146462
0.833333 -0.144941
0.799383 -0.143649
0.813272 -0.141969
0.820988 -0.140351
0.813272 -0.138759
0.804012 -0.137208
0.810185 -0.135761
0.768519 -0.134113
0.742284 -0.132505
0.743827 -0.130962
0.756173 -0.129717
0.74537 -0.128556
0.768519 -0.127685
0.756173 -0.126389
0.757716 -0.124755
0.756173 -0.122894
0.746914 -0.121089
0.736111 -0.119352
0.742284 -0.117705
0.759259 -0.116157
0.804012 -0.114495
0.766975 -0.113171
0.791667 -0.112243
0.799383 -0.111156
0.790123 -0.110247
0.75463 -0.109349
0.737654 -0.108438
0.746914 -0.107726
0.723765 -0.106853
0.740741 -0.106361
0.751543 -0.105975
0.729938 -0.105703
0.71142 -0.105547
0.709877 -0.105324
0.697531 -0.104747
0.692901 -0.104107
0.686728 -0.103632
0.680556 -0.103454
0.691358 -0.103803
0.680556 -0.104232
0.705247 -0.104408
0.723765 -0.104261
0.731481 -0.104123
0.75 -0.104698
0.683642 -0.104596
0.67284 -0.104711
0.654321 -0.104849
0.66821 -0.105019
0.654321 -0.105058
0.62963 -0.105155
0.67284 -0.105632
0.708333 -0.105727
0.716049 -0.105635
0.717593 -0.105798
0.742284 -0.106149
0.689815 -0.105943
0.712963 -0.106189
0.686728 -0.106792
0.671296 -0.107448
0.666667 -0.108145
0.679012 -0.109049
0.689815 -0.110436
0.742284 -0.111721
0.743827 -0.112085
0.765432 -0.112544
0.790123 -0.113284
0.814815 -0.113681
0.813272 -0.114007
0.796296 -0.114229
0.765432 -0.114833
0.75 -0.115445
0.743827 -0.115653
0.783951 -0.115391
0.785494 -0.114993
0.802469 -0.114538
0.773148 -0.1137
0.759259 -0.113121
0.777778 -0.112949
0.800926 -0.112875
0.783951 -0.112634
0.782407 -0.112053
0.802469 -0.111191
0.810185 -0.11066
0.82716 -0.109785
0.859568 -0.109285
0.862654 -0.10943
0.845679 -0.109686
0.844136 -0.11036
0.820988 -0.111045
0.808642 -0.112234
0.751543 -0.113198
0.757716 -0.113785
0.742284 -0.114499
0.714506 -0.115855
0.716049 -0.117233
0.717593 -0.118275
0.699074 -0.119372
0.648148 -0.120896
0.646605 -0.121612
0.655864 -0.122215
0.638889 -0.122938
0.645062 -0.123254
0.666667 -0.123625
0.686728 -0.124336
0.691358 -0.124329
0.691358 -0.124092
0.677469 -0.123466
0.686728 -0.122594
0.733025 -0.122266
0.691358 -0.121702
0.665123 -0.12165
0.66358 -0.121446
0.654321 -0.120971
0.699074 -0.120453
0.719136 -0.119985
0.733025 -0.119935
0.708333 -0.120029
0.709877 -0.120138
0.722222 -0.120287
0.71142 -0.120255
0.717593 -0.119951
0.729938 -0.119703
0.733025 -0.119394
0.728395 -0.119238
0.717593 -0.118508
0.728395 -0.117553
0.722222 -0.117105
0.733025 -0.116638
0.748457 -0.116314
0.75463 -0.115384
0.765432 -0.114539
0.760802 -0.113309
0.762346 -0.112637
0.720679 -0.111814
0.748457 -0.111389
0.729938 -0.111005
0.725309 -0.110202
0.719136 -0.109694
0.737654 -0.108942
0.737654 -0.107814
0.723765 -0.106841
0.765432 -0.105867
0.746914 -0.105443
0.733025 -0.104789
0.751543 -0.103719
0.760802 -0.103292
0.717593 -0.103159
0.697531 -0.103334
0.734568 -0.103647
0.731481 -0.103646
0.726852 -0.103681
0.780864 -0.103639
0.79784 -0.103927
0.807099 -0.103995
0.804012 -0.104307
0.810185 -0.104812
0.79784 -0.105204
0.75463 -0.105154
0.74537 -0.105292
0.75463 -0.105449
0.740741 -0.105613
0.763889 -0.106545
0.751543 -0.107208
0.736111 -0.107725
0.746914 -0.108114
0.694444 -0.108345
0.694444 -0.108331
0.729938 -0.108286
0.762346 -0.108112
0.746914 -0.107424
0.708333 -0.106716
0.742284 -0.106133
0.720679 -0.106139
0.699074 -0.106274
0.643519 -0.106339
0.66358 -0.107049
0.683642 -0.107712
0.71142 -0.108516
0.699074 -0.108969
0.709877 -0.109142
0.739198 -0.109795
0.719136 -0.110461
0.737654 -0.111042
0.742284 -0.111874
0.748457 -0.112408
0.708333 -0.112747
0.722222 -0.112991
0.748457 -0.112844
0.766975 -0.112977
0.75463 -0.113011
0.743827 -0.112958
0.739198 -0.113019
0.748457 -0.112769
0.779321 -0.112686
0.790123 -0.112886
0.817901 -0.113508
0.845679 -0.11394
0.847222 -0.114235
0.808642 -0.114452
0.837963 -0.115277
0.833333 -0.115912
0.833333 -0.116742
0.811728 -0.117583
0.79321 -0.118448
0.791667 -0.118546
0.804012 -0.118926
0.794753 -0.119443
0.779321 -0.119949
0.822531 -0.119962
0.785494 -0.119963
0.799383 -0.119892
0.811728 -0.119242
0.796296 -0.118828
0.79321 -0.118818
0.783951 -0.118814
0.79784 -0.118389
0.810185 -0.117994
0.783951 -0.117881
0.791667 -0.117555
0.776235 -0.117783
0.759259 -0.117987
0.746914 -0.117939
0.773148 -0.118003
0.779321 -0.117842
0.787037 -0.118077
0.785494 -0.118414
0.794753 -0.119024
0.804012 -0.120345
0.785494 -0.121614
0.780864 -0.123208
0.75463 -0.124611
0.70216 -0.125744
0.705247 -0.126113
0.679012 -0.126152
0.703704 -0.126005
0.751543 -0.125667
0.736111 -0.124482
0.75463 -0.123495
0.75463 -0.122873
0.785494 -0.122842
0.817901 -0.122523
0.811728 -0.121868
0.813272 -0.121663
0.816358 -0.121289
0.783951 -0.121101
0.796296 -0.12136
0.79321 -0.121483
0.844136 -0.1218
0.850309 -0.122184
0.817901 -0.122601
0.805556 -0.122868
0.787037 -0.123414
0.774691 -0.123989
0.770062 -0.124234
0.782407 -0.124437
0.802469 -0.124883
0.766975 -0.12531
0.785494 -0.126113
0.780864 -0.126417
0.810185 -0.126739
0.82716 -0.12651
0.850309 -0.126468
0.87037 -0.12617
0.862654 -0.126271
0.844136 -0.126682
0.839506 -0.126743
0.842593 -0.127334
0.82716 -0.127653
0.837963 -0.128077
0.83642 -0.128122
0.83179 -0.127529
0.830247 -0.12692
0.845679 -0.126483
0.845679 -0.126118
0.865741 -0.126368
0.842593 -0.126441
0.842593 -0.126138
0.841049 -0.12542
0.834877 -0.124361
0.841049 -0.122934
0.83642 -0.121809
0.83179 -0.120182
0.807099 -0.118538
0.834877 -0.11727
0.817901 -0.115843
0.813272 -0.114641
0.845679 -0.113745
0.839506 -0.113666
0.83642 -0.11312
0.828704 -0.113285
0.822531 -0.113278
0.841049 -0.113443
0.873457 -0.11335
0.891975 -0.112893
0.873457 -0.112615
0.884259 -0.111991
0.87037 -0.112202
0.871914 -0.112479
0.861111 -0.112656
0.848765 -0.112544
0.848765 -0.112284
0.830247 -0.112294
0.820988 -0.112468
0.839506 -0.112235
0.848765 -0.111767
0.837963 -0.111243
0.833333 -0.110543
0.862654 -0.109743
0.881173 -0.108356
0.871914 -0.107131
0.878086 -0.105977
0.851852 -0.104585
0.839506 -0.103399
0.853395 -0.102805
0.847222 -0.102531
0.861111 -0.101941
0.820988 -0.101124
0.765432 -0.0999567
0.773148 -0.0984845
0.766975 -0.0971844
0.759259 -0.0961036
0.766975 -0.0942609
0.787037 -0.0928598
0.771605 -0.0914641
0.779321 -0.0903444
0.777778 -0.0893772
0.824074 -0.0892219
0.850309 -0.088771
0.850309 -0.0879531
0.82716 -0.0875607
0.825617 -0.0868555
0.790123 -0.0858444
0.79321 -0.0846956
0.79784 -0.0833401
0.794753 -0.0821559
0.785494 -0.0806119
0.770062 -0.0795836
0.722222 -0.0783385
0.776235 -0.0777407
0.79321 -0.0777277
0.763889 -0.0779318
0.753086 -0.0781374
0.751543 -0.0783265
0.75463 -0.0784368
0.766975 -0.0784426
0.736111 -0.0781964
0.757716 -0.0781111
0.766975 -0.0776608
0.765432 -0.0767493
0.743827 -0.0757785
0.722222 -0.0750175
0.705247 -0.0743367
0.679012 -0.0736071
0.66358 -0.0731573
0.703704 -0.0727878
0.651235 -0.0723756
0.66821 -0.071698
0.654321 -0.0717242
0.658951 -0.072389
0.66358 -0.0728548
0.612654 -0.0731156
0.58179 -0.0738164
0.554012 -0.0743818
0.549383 -0.0758038
0.572531 -0.0769543
0.592593 -0.0781899
0.621914 -0.0795678
0.58642 -0.0805896
0.575617 -0.0811826
0.58642 -0.0817212
0.557099 -0.0821144
0.569444 -0.0826111
0.541667 -0.0828023
0.537037 -0.0827221
0.575617 -0.0825822
0.584877 -0.0825015
0.595679 -0.082747
0.594136 -0.0837561
0.58642 -0.084764
0.625 -0.0849423
0.646605 -0.0847129
0.618827 -0.0841103
0.628086 -0.083368
0.600309 -0.0825266
0.615741 -0.081469
0.623457 -0.0803386
0.58642 -0.0791639
0.58642 -0.077623
0.618827 -0.0756704
0.609568 -0.0736181
0.554012 -0.0711704
0.58642 -0.0688965
0.640432 -0.0670297
0.679012 -0.0656137
0.674383 -0.0639661
0.700617 -0.0619525
0.717593 -0.0602776
0.722222 -0.0586088
0.731481 -0.0570957
0.717593 -0.0556331
0.694444 -0.0539913
0.699074 -0.0528984
0.677469 -0.0520042
0.685185 -0.0509317
0.645062 -0.0500487
0.679012 -0.049118
0.709877 -0.0479776
0.751543 -0.0469815
0.726852 -0.046525
0.734568 -0.0456058
0.726852 -0.0447132
0.722222 -0.0440785
0.734568 -0.0428962
0.733025 -0.0417601
0.716049 -0.0410664
0.699074 -0.0401544
0.67284 -0.0393206
0.689815 -0.0385199
0.67284 -0.037166
0.658951 -0.035723
0.666667 -0.0342038
0.67284 -0.0327462
0.631173 -0.0310946
0.618827 -0.029548
0.623457 -0.0279103
0.628086 -0.0269777
0.648148 -0.0261507
0.637346 -0.0247076
0.574074 -0.0235191
0.566358 -0.0226912
0.550926 -0.0217445
0.561728 -0.02162
0.601852 -0.0215783
0.646605 -0.0214909
0.637346 -0.0215189
0.62963 -0.0220524
0.731481 -0.0224295
0.760802 -0.0226757
0.723765 -0.0226661
0.751543 -0.0223884
0.740741 -0.021127
0.782407 -0.0193782
0.768519 -0.0177057
0.805556 -0.0165973
0.825617 -0.014913
0.814815 -0.0135063
0.807099 -0.0120356
0.804012 -0.0111138
0.783951 -0.0104514
0.799383 -0.00968369
0.777778 -0.00912564
0.770062 -0.00805076
0.782407 -0.00693685
0.766975 -0.00604832
0.768519 -0.00455622
0.770062 -0.00339665
0.774691 -0.00267302
0.75 -0.0025283
0.734568 -0.00263862
0.75 -0.00229033
0.756173 -0.00211234
0.743827 -0.00230626
0.729938 -0.00255577
0.756173 -0.00267954
0.75 -0.00250182
0.779321 -0.00189048
0.799383 -0.00153279
0.794753 -0.00148803
0.822531 -0.000897539
0.800926 -0.000408003
0.783951 0.000864701
0.742284 0.00189601
0.773148 0.00330028
0.773148 0.00485887
0.779321 0.00686639
0.817901 0.00803823
0.82716 0.00888058
0.856481 0.00991533
0.834877 0.0112715
0.839506 0.0124909
0.817901 0.0135959
0.804012 0.0152224
0.791667 0.0163945
0.79321 0.0175589
0.79321 0.0187719
0.802469 0.0202209
0.777778 0.0214064
0.776235 0.0219768
0.762346 0.0227322
0.726852 0.0239918
0.757716 0.0252018
0.762346 0.0263406
0.790123 0.0274229
0.808642 0.0290368
0.799383 0.031202
0.808642 0.0331896
0.791667 0.0348194
0.787037 0.036618
0.768519 0.0381742
0.743827 0.0390076
0.779321 0.0398782
0.757716 0.0402298
0.748457 0.0407476
0.75 0.0418488
0.746914 0.0433554
0.743827 0.0447835
0.703704 0.0461802
0.682099 0.0472964
0.694444 0.0485786
0.662037 0.0498148
0.691358 0.0510882
0.697531 0.0524601
0.705247 0.0541291
0.695988 0.0560988
0.708333 0.0579973
0.683642 0.0595654
0.740741 0.0618958
0.705247 0.0641825
0.700617 0.0667138
0.70216 0.0691637
0.736111 0.0707179
0.70679 0.0724652
0.720679 0.074855
0.751543 0.0769938
0.703704 0.0793471
0.686728 0.0808442
0.699074 0.0826424
0.722222 0.0846866
0.759259 0.0863643
0.771605 0.087738
0.760802 0.0886689
0.75463 0.090161
0.734568 0.0917536
0.74537 0.0927405
0.759259 0.0932907
0.736111 0.0941088
0.729938 0.0951539
0.739198 0.0959434
0.733025 0.0974009
0.739198 0.0986739
0.766975 0.100174
0.723765 0.101846
0.712963 0.103123
0.700617 0.104638
0.682099 0.10608
0.697531 0.107315
0.742284 0.108395
0.75463 0.109511
0.782407 0.110809
0.776235 0.111585
0.766975 0.112147
0.794753 0.112997
0.763889 0.114146
0.753086 0.114826
0.756173 0.115634
0.756173 0.116525
0.719136 0.117522
0.697531 0.118567
0.740741 0.119755
0.740741 0.121096
0.736111 0.122238
0.74537 0.12356
0.742284 0.124946
0.756173 0.126072
0.740741 0.12742
0.725309 0.129081
0.751543 0.130116
0.785494 0.1309
0.787037 0.131874
0.771605 0.132529
0.736111 0.133327
0.712963 0.134266
0.725309 0.134512
0.74537 0.134633
0.782407 0.134448
0.791667 0.134068
0.779321 0.134121
0.808642 0.134409
0.804012 0.134519
0.776235 0.134656
0.753086 0.135113
0.739198 0.135068
0.748457 0.134941
0.762346 0.134998
0.763889 0.134677
0.75463 0.134603
0.777778 0.134446
0.79784 0.134114
0.811728 0.134278
0.811728 0.134611
0.776235 0.134745
0.790123 0.134762
0.83179 0.135094
0.816358 0.135502
0.811728 0.135623
0.824074 0.135395
0.83179 0.134927
0.83642 0.134469
0.850309 0.134094
0.839506 0.133972
0.807099 0.133675
0.790123 0.133061
0.802469 0.132626
0.808642 0.132077
0.776235 0.132058
0.728395 0.132047
0.765432 0.131494
0.799383 0.13111
0.785494 0.131133
0.774691 0.131515
0.762346 0.132162
0.771605 0.132925
0.811728 0.133425
0.83179 0.134581
0.847222 0.135686
0.862654 0.136788
0.853395 0.138509
0.864198 0.139659
0.799383 0.141139
0.794753 0.141698
0.799383 0.142269
0.800926 0.142549
0.807099 0.142772
0.791667 0.142977
0.79321 0.142735
0.796296 0.142547
0.807099 0.142957
0.79784 0.143892
0.799383 0.144731
0.805556 0.145701
0.850309 0.146446
0.841049 0.147032
0.828704 0.147418
0.882716 0.147752
0.890432 0.147981
0.895062 0.147915
0.908951 0.148307
0.908951 0.149327
0.878086 0.14987
0.884259 0.150676
0.850309 0.151653
0.834877 0.1527
0.814815 0.153333
0.814815 0.153718
0.770062 0.154087
0.739198 0.154027
0.723765 0.153433
0.739198 0.152787
0.733025 0.152103
0.737654 0.151246
0.71142 0.150682
0.709877 0.150564
0.679012 0.150718
0.665123 0.151258
0.646605 0.151546
0.657407 0.152229
0.638889 0.152973
0.635802 0.153662
0.623457 0.154019
0.628086 0.154316
0.632716 0.154191
0.617284 0.153592
0.594136 0.152513
0.606481 0.151209
0.625 0.150973
0.625 0.151642
0.62963 0.151917
0.617284 0.151832
0.625 0.15143
0.600309 0.151461
0.604938 0.150993
0.594136 0.150493
0.594136 0.15006
0.611111 0.149356
0.635802 0.148293
0.674383 0.148122
0.632716 0.147935
0.649691 0.14764
0.609568 0.147445
0.634259 0.146666
0.614198 0.146132
0.600309 0.145193
0.567901 0.14425
0.598765 0.143997
0.575617 0.143364
0.54784 0.142486
0.521605 0.141823
0.594136 0.140712
0.62963 0.14008
0.66358 0.139526
0.677469 0.138676
0.67284 0.138026
0.666667 0.13755
0.654321 0.137218
0.655864 0.13702
0.587963 0.137446
0.589506 0.137375
0.606481 0.137099
0.62037 0.137068
0.62037 0.136578
0.66821 0.135704
0.720679 0.134679
0.739198 0.134217
0.740741 0.133825
0.731481 0.13379
0.748457 0.134093
0.766975 0.13406
0.78858 0.13429
0.811728 0.13502
0.807099 0.135837
0.807099 0.136181
0.816358 0.135985
0.794753 0.135944
0.790123 0.135847
0.796296 0.136108
0.802469 0.136309
0.808642 0.136363
0.813272 0.136601
0.820988 0.136874
0.79784 0.13738
0.780864 0.136866
0.799383 0.136247
0.802469 0.13573
0.777778 0.135905
0.728395 0.13635
0.74537 0.136555
0.728395 0.137467
0.679012 0.137689
0.671296 0.138
0.694444 0.139068
0.714506 0.139775
0.731481 0.140674
0.733025 0.141358
0.74537 0.14179
0.729938 0.141814
0.719136 0.141969
0.712963 0.141831
0.729938 0.141577
0.737654 0.141472
0.759259 0.140991
0.716049 0.140605
0.762346 0.140545
0.695988 0.140401
0.717593 0.140257
0.733025 0.139636
0.729938 0.13871
0.762346 0.138055
0.791667 0.13789
0.808642 0.137652
0.816358 0.137654
0.820988 0.13785
0.814815 0.138262
0.833333 0.138671
0.82716 0.139001
0.83642 0.139581
0.828704 0.139377
0.83642 0.139398
0.844136 0.138825
0.859568 0.138764
0.865741 0.138317
0.854938 0.137395
0.865741 0.136688
0.850309 0.135978
0.862654 0.135334
0.844136 0.134517
0.853395 0.134372
0.828704 0.134338
0.816358 0.133879
0.822531 0.133536
0.841049 0.133635
0.844136 0.133598
0.848765 0.133421
0.83179 0.133425
0.814815 0.133386
0.794753 0.133919
0.785494 0.134241
0.782407 0.134669
0.799383 0.135184
0.780864 0.135505
0.79321 0.135831
0.805556 0.136008
0.811728 0.136342
0.813272 0.136556
0.79784 0.13675
0.820988 0.136838
0.817901 0.137109
0.820988 0.137382
0.819444 0.137776
0.802469 0.138603
0.79321 0.139411
0.78858 0.140629
0.766975 0.142391
0.753086 0.144686
0.737654 0.146423
0.757716 0.147978
0.79321 0.14958
0.762346 0.151149
0.790123 0.152783
0.791667 0.154559
0.79321 0.156484
0.782407 0.158606
0.822531 0.160525
0.844136 0.162757
0.862654 0.164965
0.858025 0.166954
0.850309 0.168694
0.853395 0.170661
0.850309 0.172783
0.814815 0.175037
0.819444 0.176953
0.811728 0.178959
0.844136 0.180681
0.867284 0.181868
0.871914 0.183015
0.844136 0.184384
0.859568 0.185508
0.845679 0.187019
0.830247 0.18883
0.824074 0.190764
0.848765 0.192635
0.861111 0.194785
0.851852 0.196639
0.873457 0.198264
0.899691 0.200099
0.902778 0.201629
0.881173 0.203683
0.865741 0.20579
0.83642 0.207571
0.816358 0.209978
0.79784 0.212208
0.808642 0.213482
0.799383 0.214652
0.807099 0.21589
0.790123 0.218038
0.794753 0.219228
0.779321 0.220747
0.757716 0.222549
0.774691 0.224544
0.748457 0.227046
0.768519 0.229365
0.807099 0.23164
0.779321 0.233827
0.771605 0.23604
0.796296 0.237595
0.814815 0.239339
0.854938 0.241106
0.83179 0.242711
0.834877 0.243833
0.845679 0.244397
0.82716 0.244879
0.819444 0.245159
0.82716 0.245109
0.817901 0.24515
0.802469 0.245623
0.768519 0.245622
0.765432 0.245576
0.777778 0.245498
0.787037 0.24591
0.743827 0.246363
0.717593 0.246846
0.728395 0.247114
0.729938 0.247514
0.71142 0.247996
0.697531 0.249123
0.694444 0.250106
0.662037 0.251777
0.708333 0.253072
0.722222 0.254466
0.740741 0.255521
0.757716 0.256067
0.74537 0.257067
0.740741 0.257848
0.739198 0.259065
0.771605 0.259679
0.763889 0.260272
0.757716 0.260572
0.783951 0.260926
0.768519 0.261878
0.74537 0.262414
0.75463 0.263134
0.766975 0.263474
0.782407 0.264493
0.800926 0.265834
0.796296 0.267325
0.799383 0.268755
0.774691 0.270025
0.75 0.270814
0.74537 0.271331
0.765432 0.271389
0.760802 0.270985
0.726852 0.27122
0.717593 0.272042
0.726852 0.272382
0.719136 0.273186
0.719136 0.274265
0.74537 0.275652
0.699074 0.277585
0.700617 0.279242
0.688272 0.280754
0.679012 0.282067
0.679012 0.283213
0.679012 0.28422
0.67284 0.285197
0.66358 0.28593
0.697531 0.286643
0.682099 0.287945
0.699074 0.288926
0.751543 0.289594
0.782407 0.290077
0.800926 0.290965
0.779321 0.292159
0.817901 0.29338
0.800926 0.294767
0.822531 0.295958
0.833333 0.297006
0.800926 0.297928
0.834877 0.29915
0.783951 0.30052
0.837963 0.301571
0.79321 0.303384
0.819444 0.30478
0.79321 0.306491
0.800926 0.307739
0.819444 0.30904
0.816358 0.310149
0.825617 0.311456
0.825617 0.312692
0.824074 0.314023
0.845679 0.315067
0.83642 0.316061
0.82716 0.317706
0.825617 0.319011
0.813272 0.319737
0.804012 0.320385
0.834877 0.321131
0.83179 0.321954
0.847222 0.322777
0.819444 0.323044
0.780864 0.322963
0.771605 0.323153
0.773148 0.323145
0.804012 0.322809
0.811728 0.322567
0.768519 0.322065
0.759259 0.322099
0.757716 0.322256
0.737654 0.321717
0.75 0.321114
0.759259 0.320844
0.774691 0.320909
0.746914 0.320947
0.743827 0.32066
0.734568 0.320117
0.75463 0.319815
0.75 0.320225
0.757716 0.320003
0.774691 0.319757
0.790123 0.319928
0.762346 0.320369
0.777778 0.320705
0.779321 0.321156
0.780864 0.321749
0.773148 0.322017
0.785494 0.322348
0.816358 0.322057
0.805556 0.321345
0.828704 0.320628
0.808642 0.319878
0.804012 0.318951
0.794753 0.318083
0.760802 0.317304
0.770062 0.316607
0.779321 0.315837
0.771605 0.314893
0.785494 0.314059
0.794753 0.312767
0.800926 0.311273
0.802469 0.309962
0.794753 0.309072
0.760802 0.307637
0.748457 0.30596
0.763889 0.304564
0.763889 0.302622
0.785494 0.300989
0.810185 0.299235
0.796296 0.29731
0.782407 0.295569
0.800926 0.293775
0.800926 0.291887
0.807099 0.290182
0.816358 0.288321
0.841049 0.286316
0.842593 0.285045
0.854938 0.283523
0.847222 0.28206
0.842593 0.280863
0.820988 0.279294
0.830247 0.278217
0.834877 0.277128
0.841049 0.276341
0.834877 0.275709
0.837963 0.274757
0.847222 0.273676
0.844136 0.273153
0.853395 0.272608
0.839506 0.272403
0.839506 0.272461
0.834877 0.272278
0.804012 0.272323
0.83642 0.272062
0.787037 0.272216
0.78858 0.272411
0.783951 0.272549
0.780864 0.271865
0.807099 0.270795
0.811728 0.27013
0.833333 0.268809
0.833333 0.267654
0.819444 0.266787
0.82716 0.26587
0.825617 0.26445
0.805556 0.262552
0.813272 0.261046
0.785494 0.260135
0.796296 0.258691
0.810185 0.257912
0.819444 0.25758
0.828704 0.256763
0.828704 0.25593
0.811728 0.255283
0.79321 0.254727
0.776235 0.254178
0.791667 0.253496
0.802469 0.253385
0.779321 0.253446
0.762346 0.253859
0.763889 0.254624
0.787037 0.255494
0.785494 0.256026
0.796296 0.256486
0.737654 0.256731
0.729938 0.256588
0.756173 0.255866
0.712963 0.255268
0.74537 0.253982
0.719136 0.253012
0.739198 0.251916
0.746914 0.250794
0.757716 0.250155
0.742284 0.249882
0.739198 0.249182
0.756173 0.248364
0.733025 0.247981
0.719136 0.246777
0.726852 0.245189
0.733025 0.243948
0.726852 0.243345
0.70216 0.241786
0.703704 0.239952
0.705247 0.237912
0.714506 0.23568
0.674383 0.233015
0.646605 0.23039
0.614198 0.228164
0.58179 0.226538
0.618827 0.225061
0.611111 0.223034
0.608025 0.22089
0.554012 0.218755
0.614198 0.217105
0.595679 0.215677
0.583333 0.214101
0.572531 0.212803
0.564815 0.21201
0.550926 0.210932
0.524691 0.209892
0.555556 0.208749
0.57716 0.207823
0.584877 0.206798
0.603395 0.206276
0.58642 0.205766
0.557099 0.204598
0.54321 0.203802
0.587963 0.202596
0.609568 0.200882
0.606481 0.199144
0.609568 0.197292
0.604938 0.195524
0.62037 0.193695
0.621914 0.192332
0.595679 0.191387
0.567901 0.189864
0.580247 0.188123
0.591049 0.187336
0.584877 0.185737
0.595679 0.184541
0.638889 0.182751
0.592593 0.181389
0.608025 0.180472
0.62037 0.18001
0.635802 0.180418
0.626543 0.180667
0.657407 0.181176
0.662037 0.181698
0.680556 0.182194
0.709877 0.182858
0.662037 0.183556
0.657407 0.183501
0.615741 0.182795
0.638889 0.182034
0.635802 0.181192
0.632716 0.180261
0.635802 0.179252
0.66821 0.178037
0.648148 0.177534
0.649691 0.176614
0.615741 0.175336
0.606481 0.174229
0.584877 0.173248
0.611111 0.172149
0.646605 0.171929
0.621914 0.171522
0.651235 0.171633
0.657407 0.171839
0.637346 0.171646
0.652778 0.17124
0.67284 0.171232
0.649691 0.171464
0.621914 0.171279
0.600309 0.17058
0.62963 0.170262
0.638889 0.170036
0.632716 0.169648
0.648148 0.169004
0.654321 0.169004
0.638889 0.169435
0.662037 0.170209
0.671296 0.171021
0.658951 0.171581
0.665123 0.172073
0.631173 0.172853
0.632716 0.173932
0.572531 0.175646
0.564815 0.177635
0.574074 0.179419
0.575617 0.180846
0.560185 0.182409
0.584877 0.184032
0.563272 0.184813
0.580247 0.1856
0.655864 0.186762
0.645062 0.187147
0.658951 0.187167
0.685185 0.187413
0.712963 0.187596
0.658951 0.187237
0.625 0.186823
0.62037 0.185855
0.600309 0.184965
0.603395 0.184134
0.58642 0.183722
0.569444 0.183697
0.574074 0.183269
0.594136 0.183693
0.598765 0.18395
0.589506 0.184032
0.563272 0.183489
0.58179 0.182509
0.574074 0.182203
0.587963 0.181763
0.563272 0.181423
0.592593 0.181413
0.569444 0.181423
0.566358 0.181737
0.518519 0.182557
0.45216 0.182978
0.388889 0.183303
0.42284 0.183446
0.421296 0.183097
0.405864 0.183158
0.432099 0.182504
0.401235 0.18229
0.395062 0.181862
0.404321 0.18111
0.398148 0.18077
0.405864 0.180592
0.391975 0.180548
0.41821 0.181131
0.438272 0.181632
0.45216 0.182228
0.455247 0.182503
0.447531 0.182255
0.467593 0.181983
0.470679 0.181545
0.464506 0.181493
0.439815 0.181317
0.407407 0.18114
0.441358 0.180536
0.435185 0.179812
0.442901 0.179182
0.407407 0.179139
0.402778 0.179231
0.350309 0.179172
0.362654 0.178932
0.373457 0.179135
0.354938 0.179631
0.361111 0.18009
0.333333 0.180228
0.314815 0.179628
0.299383 0.178976
0.266975 0.179155
0.283951 0.179209
0.317901 0.179806
0.28858 0.180348
0.291667 0.180515
0.279321 0.180453
0.319444 0.180639
0.395062 0.181596
0.436728 0.182641
0.381173 0.183794
0.382716 0.184265
0.393519 0.184404
0.384259 0.184569
0.361111 0.18452
0.42284 0.183084
0.438272 0.181097
0.439815 0.179617
0.439815 0.178737
0.436728 0.177873
0.481481 0.177045
0.506173 0.177495
0.479938 0.177772
0.492284 0.177615
0.503086 0.177359
0.476852 0.176401
0.41821 0.175738
0.445988 0.174487
0.430556 0.173772
0.438272 0.173324
0.401235 0.173052
0.415123 0.172795
0.432099 0.172953
0.475309 0.173545
0.476852 0.173777
0.450617 0.174472
0.46142 0.174635
0.412037 0.174294
0.385802 0.172889
0.399691 0.171026
0.404321 0.169744
0.41821 0.168823
0.407407 0.167541
0.402778 0.165716
0.462963 0.164189
0.435185 0.162806
0.464506 0.161439
0.467593 0.160935
0.430556 0.160196
0.354938 0.159303
0.365741 0.158748
0.358025 0.158881
0.371914 0.159221
0.382716 0.159167
0.381173 0.159271
0.375 0.159879
0.404321 0.160216
0.445988 0.160293
0.470679 0.160307
0.518519 0.160394
0.532407 0.160424
0.530864 0.160278
0.54321 0.160001
0.496914 0.160021
0.476852 0.159545
0.475309 0.159066
0.490741 0.15817
0.483025 0.157351
0.473765 0.156408
0.455247 0.155518
0.444444 0.15463
0.464506 0.153717
0.472222 0.152682
0.419753 0.151831
0.41821 0.150985
0.407407 0.150375
0.382716 0.149222
0.365741 0.147971
0.337963 0.146489
0.381173 0.144821
0.376543 0.143165
0.358025 0.141266
0.407407 0.13985
0.371914 0.138149
0.378086 0.136374
0.395062 0.135085
0.399691 0.133552
0.424383 0.132304
0.384259 0.130435
0.408951 0.128745
0.438272 0.127371
0.405864 0.12666
0.436728 0.126328
0.450617 0.126384
0.438272 0.126294
0.436728 0.126087
0.487654 0.12542
0.563272 0.125056
0.541667 0.125026
0.535494 0.12456
0.49537 0.123503
0.567901 0.122251
0.549383 0.120892
0.515432 0.119932
0.527778 0.119565
0.501543 0.1198
0.507716 0.119493
0.506173 0.118969
0.464506 0.118776
0.45679 0.118624
0.470679 0.11793
0.467593 0.11671
0.455247 0.115237
0.441358 0.113403
0.442901 0.112317
0.427469 0.111654
0.415123 0.110763
0.359568 0.109782
0.375 0.108568
0.376543 0.107
0.393519 0.105854
0.421296 0.104241
0.424383 0.103199
0.410494 0.10225
0.375 0.101097
0.378086 0.099498
0.384259 0.0975647
0.388889 0.095333
0.384259 0.0930548
0.356481 0.0910457
0.358025 0.0894067
0.368827 0.0882922
0.356481 0.0867025
0.333333 0.0847426
0.364198 0.0834855
0.334877 0.0816693
0.361111 0.0801448
0.342593 0.0789938
0.32716 0.0776045
0.314815 0.0763807
0.320988 0.0755971
0.324074 0.074834
0.319444 0.0734542
0.405864 0.0722268
0.421296 0.0716648
0.404321 0.0712451
0.424383 0.0706055
0.405864 0.0694871
0.408951 0.0681258
0.433642 0.0670352
0.430556 0.0656642
0.442901 0.0636232
0.473765 0.0614271
0.455247 0.0587932
0.435185 0.0564309
0.419753 0.0540717
0.455247 0.0519819
0.432099 0.0510217
0.449074 0.0496605
0.436728 0.0478964
0.41358 0.0462848
0.42284 0.0446586
0.396605 0.0430556
0.384259 0.0421338
0.385802 0.0414531
0.410494 0.0407007
0.398148 0.0395634
0.388889 0.0387952
0.41821 0.0380817
0.450617 0.0375645
0.41358 0.0368782
0.427469 0.0364972
0.45679 0.0363317
0.476852 0.035663
0.486111 0.0344215
0.441358 0.0331564
0.441358 0.0314199
0.421296 0.0296507
0.425926 0.0280821
0.470679 0.0269957
0.453704 0.0253448
0.436728 0.023883
0.432099 0.0225344
0.402778 0.021135
0.410494 0.0196208
0.405864 0.0180043
0.427469 0.0157997
0.421296 0.0140319
0.42284 0.0120491
0.433642 0.0105009
0.42284 0.00938736
0.41358 0.00734968
0.395062 0.00560956
0.390432 0.00413353
0.41358 0.00280108
0.427469 0.00224157
0.430556 0.0021454
0.436728 0.00220005
0.435185 0.00179939
0.396605 0.00128062
0.371914 0.0011428
0.37037 0.00105688
0.37963 0.000366969
0.367284 -0.000315958
0.388889 -0.00184192
0.415123 -0.00406737
0.405864 -0.0058719
0.449074 -0.00798219
0.478395 -0.0100175
0.476852 -0.0117572
0.459877 -0.0131346
0.441358 -0.0134481
0.404321 -0.013814
0.381173 -0.0147494
0.396605 -0.0150685
0.390432 -0.015084
0.421296 -0.0146456
0.435185 -0.0146477
0.475309 -0.0143923
0.45216 -0.0134929
0.473765 -0.0133939
0.535494 -0.012342
0.54784 -0.0106623
0.490741 -0.0092067
0.473765 -0.00761955
0.510802 -0.00530543
0.533951 -0.00275514
0.541667 -0.000249588
0.58179 0.00170654
0.533951 0.0037666
0.518519 0.00595935
0.492284 0.00823891
0.496914 0.00965477
0.475309 0.0101938
0.490741 0.0111987
0.5 0.0119644
0.486111 0.0128858
0.483025 0.0138282
0.432099 0.0148499
0.396605 0.0152294
0.381173 0.0162125
0.361111 0.0180319
0.356481 0.019824
0.373457 0.0212826
0.399691 0.0225922
0.347222 0.0233812
0.371914 0.0238428
0.325617 0.0245766
0.299383 0.0257982
0.313272 0.0272656
0.268519 0.0286134
0.279321 0.0300173
0.279321 0.0313717
0.276235 0.0323051
0.268519 0.0329333
0.265432 0.0332902
0.234568 0.0341207
0.240741 0.0351244
0.248457 0.0366297
0.222222 0.0381173
0.197531 0.0391078
0.200617 0.039997
0.16358 0.0408461
0.186728 0.0413214
0.219136 0.0421777
0.228395 0.043638
0.243827 0.0447894
0.216049 0.0465076
0.240741 0.0479077
0.229938 0.049015
0.20679 0.0491576
0.222222 0.0493495
0.209877 0.0498135
0.225309 0.0506456
0.212963 0.0516998
0.195988 0.0534457
0.197531 0.0549876
0.185185 0.0567983
0.169753 0.0584123
0.152778 0.0603055
0.141975 0.0617738
0.152778 0.0632522
0.175926 0.0642229
0.185185 0.0652998
0.16358 0.0662815
0.209877 0.0671153
0.209877 0.0686749
0.186728 0.0705096
0.205247 0.0719745
0.228395 0.0728399
0.228395 0.0738878
0.246914 0.0743516
0.20216 0.0746155
0.189815 0.0742412
0.194444 0.0742114
0.237654 0.074718
0.228395 0.0755957
0.217593 0.0760785
0.24537 0.0770349
0.259259 0.0781896
0.273148 0.0797114
0.282407 0.0813423
0.251543 0.0830836
0.237654 0.0847294
0.20679 0.085308
0.189815 0.0854831
0.180556 0.0865819
0.212963 0.0876532
0.231481 0.088477
0.239198 0.0897002
0.256173 0.0913821
0.208333 0.0932144
0.177469 0.095353
0.145062 0.0981461
0.166667 0.100469
0.20216 0.103272
0.183642 0.105764
0.219136 0.108013
0.259259 0.110498
0.200617 0.112535
0.162037 0.113588
0.179012 0.11471
0.183642 0.115643
0.185185 0.116619
0.165123 0.117007
0.148148 0.117023
0.16821 0.116726
0.109568 0.116384
0.128086 0.116962
0.123457 0.117762
0.103395 0.118397
0.109568 0.119664
0.095679 0.120926
0.0679012 0.12222
0.0787037 0.123717
0.0416667 0.125385
0.0138889 0.127002
0.0308642 0.12879
0.0185185 0.130746
0.0154321 0.132326
0.0308642 0.133795
0.029321 0.135082
0.0246914 0.135904
0.0231481 0.137007
0.0231481 0.138519
0.0324074 0.140074
0.0401235 0.141391
0.0617284 0.142779
0.037037 0.143666
0.058642 0.144755
0.0462963 0.14581
0.0246914 0.146799
0.0478395 0.147905
0.0694444 0.148793
0.104938 0.149917
0.140432 0.150667
0.138889 0.152029
0.152778 0.154042
0.16358 0.155668
0.160494 0.157844
0.174383 0.160003
0.162037 0.161805
0.151235 0.163167
0.140432 0.164224
0.131173 0.165295
0.12963 0.16569
0.140432 0.166454
0.155864 0.167544
0.186728 0.16912
0.192901 0.170178
0.169753 0.171084
0.183642 0.171685
0.171296 0.172698
0.169753 0.173135
0.162037 0.174026
0.141975 0.174448
0.103395 0.174613
0.0555556 0.173632
0.0354938 0.17247
0.0385802 0.171067
0.0524691 0.169318
0.0354938 0.167735
0.0447531 0.166929
0.0416667 0.165821
0.0185185 0.164344
0.0185185 0.16295
0.0231481 0.162057
0.0308642 0.160749
0 0.158572
0.0339506 0.156368
0.0694444 0.154963
0.0277778 0.153815
0.0509259 0.151918
0.0709877 0.15074
0.0416667 0.150083
0.0401235 0.149087
0.0154321 0.148886
0.0308642 0.148485
0.0339506 0.148432
0.0123457 0.148409
0.029321 0.148713
0.0231481 0.150901
0.0339506 0.152326
0.00154321 0.152867
0.0138889 0.153266
0.0185185 0.15438
0.00154321 0.154694
0.00617284 0.154837
0.00771605 0.155883
0.00308642 0.156888
0.0277778 0.157685
0.0540123 0.157482
0.0540123 0.157799
0.0447531 0.158364
0.0216049 0.157549
0.0354938 0.156949
0.0354938 0.156886
0.00617284 0.155896
0.0493827 0.154654
0.0385802 0.153718
0.0895062 0.152414
0.0864198 0.150848
0.111111 0.149509
0.149691 0.149103
0.171296 0.148807
0.223765 0.149074
0.226852 0.14996
0.243827 0.15169
0.226852 0.153774
0.220679 0.155673
0.229938 0.157828
0.237654 0.160027
0.225309 0.161769
0.20679 0.163334
0.180556 0.164954
0.197531 0.165231
0.188272 0.164857
0.16821 0.16446
0.188272 0.164841
0.20679 0.166287
0.219136 0.167328
0.229938 0.168025
0.200617 0.170254
0.177469 0.171857
0.175926 0.173532
0.134259 0.175351
0.140432 0.176728
0.151235 0.176483
0.108025 0.175729
0.12037 0.175084
0.145062 0.174707
0.154321 0.173966
0.152778 0.173286
0.160494 0.172711
0.146605 0.171726
0.143519 0.171361
0.192901 0.170926
0.186728 0.170692
0.189815 0.170466
0.179012 0.169963
0.128086 0.168726
0.114198 0.167296
0.16821 0.16594
0.16358 0.164571
0.121914 0.163017
0.146605 0.160674
0.175926 0.159548
0.242284 0.158636
0.197531 0.158252
0.20679 0.156727
0.199074 0.155012
0.175926 0.153516
0.233025 0.151811
0.216049 0.149895
0.248457 0.14789
0.263889 0.146143
0.237654 0.144528
0.231481 0.143729
0.236111 0.14327
0.228395 0.143066
0.200617 0.14216
0.192901 0.141192
0.20679 0.140315
0.16821 0.138957
0.182099 0.136778
0.199074 0.134627
0.180556 0.132902
0.16821 0.131318
0.189815 0.130078
0.188272 0.128827
0.20216 0.127179
0.191358 0.125885
0.195988 0.124144
0.216049 0.122045
0.195988 0.120168
0.195988 0.118519
0.200617 0.117466
0.20216 0.11557
0.189815 0.113432
0.212963 0.110948
0.17284 0.108605
0.160494 0.10714
0.112654 0.105671
0.123457 0.103449
0.126543 0.101037
0.20679 0.0988089
0.174383 0.0970268
0.236111 0.0952423
0.219136 0.09293
0.236111 0.0902278
0.216049 0.08891
0.21142 0.0872476
0.197531 0.0852912
0.189815 0.0829466
0.186728 0.0806058
0.20216 0.0784566
0.242284 0.076703
0.265432 0.0765823
0.263889 0.0766571
0.28858 0.0762581
0.25463 0.0758664
0.280864 0.0746933
0.260802 0.0734254
0.299383 0.0717565
0.333333 0.0706704
0.33179 0.0690544
0.304012 0.0677201
0.271605 0.0658292
0.273148 0.063953
0.322531 0.0627093
0.325617 0.0617779
0.320988 0.0603822
0.313272 0.0586094
0.322531 0.0576385
0.344136 0.0566362
0.353395 0.0559109
0.373457 0.0553623
0.419753 0.0540852
0.438272 0.0528876
0.439815 0.0520084
0.439815 0.0517741
0.459877 0.0515965
0.462963 0.0511285
0.45679 0.0502677
0.486111 0.0498302
0.433642 0.0493221
0.435185 0.0488259
0.455247 0.0477273
0.475309 0.0463459
0.5 0.0453651
0.552469 0.044547
0.558642 0.043245
0.587963 0.0412407
0.601852 0.0386571
0.57716 0.0362491
0.552469 0.0337347
0.567901 0.0303881
0.597222 0.026631
0.535494 0.0238322
0.541667 0.0204011
0.572531 0.0171519
0.592593 0.0149869
0.612654 0.0138511
0.595679 0.0125963
0.598765 0.0115486
0.625 0.0109437
0.623457 0.0104467
0.655864 0.0100481
0.652778 0.0092542
0.660494 0.00820151
0.654321 0.00688086
0.62963 0.0053099
0.62963 0.00402141
0.62963 0.00354033
0.631173 0.00220808
0.67284 0.00125999
0.649691 0.000496282
0.652778 0.000507416
0.699074 0.00069806
0.695988 -6.57274e-05
0.700617 -0.000833945
0.725309 -0.00145173
0.726852 -0.00192373
0.742284 -0.0023596
0.779321 -0.00251953
0.771605 -0.0027732
0.748457 -0.00268845
0.739198 -0.00291598
0.751543 -0.00292363
0.751543 -0.00361119
0.771605 -0.00386441
0.770062 -0.00427002
0.791667 -0.00457356
0.805556 -0.00498488
0.813272 -0.00556733
0.807099 -0.00625894
0.819444 -0.00675408
0.828704 -0.00725291
0.811728 -0.00780244
0.813272 -0.00794575
0.811728 -0.00799127
0.79784 -0.00805665
0.807099 -0.00755223
0.791667 -0.00713786
0.791667 -0.0061945
0.811728 -0.00549839
0.813272 -0.00537648
0.807099 -0.00506266
0.811728 -0.0044294
0.794753 -0.00432942
0.782407 -0.00434796
0.83642 -0.00411708
0.79321 -0.0038517
0.825617 -0.00320593
0.814815 -0.00317841
0.816358 -0.00366412
0.804012 -0.00396053
0.819444 -0.00455664
0.773148 -0.00530814
0.770062 -0.00573052
0.766975 -0.00507136
0.782407 -0.00435654
0.756173 -0.00326801
0.783951 -0.00257078
0.763889 -0.00265406
0.770062 -0.00207201
0.800926 -0.0013014
0.817901 -0.000762223
0.820988 -0.000667643
0.844136 -0.000353973
0.876543 0.000291902
0.833333 0.000841082
0.845679 0.0014627
0.830247 0.00202451
0.824074 0.00309275
0.841049 0.00343561
0.862654 0.00456954
0.859568 0.00602355
0.871914 0.00657866
0.848765 0.00675643
0.837963 0.00679523
0.824074 0.006823
0.807099 0.00648094
0.82716 0.00551449
0.842593 0.00475169
0.82716 0.00539458
0.787037 0.00537133
0.782407 0.00531053
0.787037 0.00608974
0.779321 0.0065622
0.762346 0.00696492
0.780864 0.00743386
0.776235 0.00764165
0.766975 0.00760552
0.804012 0.00821297
0.783951 0.00873085
0.785494 0.00898288
0.740741 0.00937115
0.716049 0.00972243
0.771605 0.00970135
0.733025 0.0104584
0.759259 0.0105742
0.770062 0.0106621
0.785494 0.0111163
0.779321 0.0108517
0.791667 0.0103639
0.771605 0.00938712
0.759259 0.00870981
0.75463 0.00778261
0.753086 0.00709074
0.740741 0.0069822
0.719136 0.00763165
0.714506 0.00874334
0.683642 0.00911938
0.674383 0.00909224
0.680556 0.00922684
0.631173 0.0095702
0.625 0.00985212
0.638889 0.0100277
0.671296 0.00998772
0.671296 0.00981771
0.677469 0.00911098
0.709877 0.00822472
0.71142 0.00780191
0.739198 0.00728459
0.766975 0.00626512
0.757716 0.005464
0.729938 0.00458059
0.729938 0.0038047
0.705247 0.00323648
0.722222 0.00194864
0.708333 0.00172606
0.703704 0.000873004
0.71142 0.000782877
0.709877 0.000786975
0.686728 0.000321786
0.688272 -0.000375475
0.709877 -0.000205595
0.720679 0.000447426
0.731481 0.00139897
0.75 0.00153499
0.746914 0.00156719
0.776235 0.002482
0.79321 0.00377186
0.79784 0.00575368
0.79321 0.00766866
0.79321 0.00951153
0.794753 0.0111699
0.811728 0.0126417
0.805556 0.0135383
0.824074 0.0147192
0.814815 0.0161422
0.796296 0.0170328
0.790123 0.0184031
0.796296 0.0194395
0.773148 0.0201648
0.79321 0.019701
0.742284 0.0197498
0.722222 0.0199439
0.697531 0.0195803
0.697531 0.0192651
0.71142 0.0189349
0.720679 0.0184438
0.74537 0.0177761
0.74537 0.0167334
0.71142 0.0161943
0.705247 0.0153237
0.708333 0.0145197
0.728395 0.0135629
0.731481 0.0121235
0.714506 0.0106617
0.726852 0.00973928
0.700617 0.0100646
0.699074 0.0108888
0.768519 0.0114311
0.777778 0.0120745
0.756173 0.0137495
0.737654 0.0143813
0.697531 0.0139429
0.708333 0.0138195
0.717593 0.0138373
0.695988 0.0135986
0.695988 0.0134
0.682099 0.0133009
0.67284 0.0135576
0.677469 0.013022
0.699074 0.0125144
0.654321 0.0125335
0.685185 0.0124149
0.648148 0.011861
0.692901 0.0111747
0.726852 0.0107389
0.736111 0.0107812
0.753086 0.0105416
0.751543 0.0111798
0.760802 0.0131953
0.748457 0.0146151
0.753086 0.0146229
0.729938 0.0150109
0.723765 0.0149797
0.686728 0.0141819
0.728395 0.0132125
0.726852 0.0127339
0.734568 0.0126047
0.766975 0.0126145
0.733025 0.0123097
0.719136 0.0122888
0.688272 0.0130884
0.682099 0.0130024
0.685185 0.0129934
0.651235 0.0129016
0.632716 0.012445
0.671296 0.0112573
0.682099 0.0108663
0.686728 0.00936885
0.70679 0.00800852
0.709877 0.00667623
0.66358 0.0048077
0.645062 0.00338248
0.700617 0.00194011
0.700617 0.000657509
0.700617 -0.000588747
0.717593 -0.00150921
0.692901 -0.00222282
0.705247 -0.00214885
0.691358 -0.00173636
0.695988 -0.00204331
0.714506 -0.00172194
0.70216 -0.000700724
0.677469 0.000577663
0.71142 0.00102008
0.723765 0.00132056
0.748457 0.00131366
0.773148 0.0018366
0.762346 0.00272174
0.746914 0.0036464
0.771605 0.00394867
0.776235 0.00319301
0.785494 0.00267174
0.779321 0.00346497
0.746914 0.00356054
0.751543 0.00190057
0.757716 0.000349944
0.748457 -8.68734e-05
0.729938 -0.000951223
0.737654 -0.00211328
0.753086 -0.00311746
0.766975 -0.00417936
0.742284 -0.00580053
0.729938 -0.00743774
0.759259 -0.00852186
0.716049 -0.00959927
0.751543 -0.0104869
0.779321 -0.0111695
0.75 -0.0119063
0.716049 -0.0125079
0.746914 -0.0129413
0.743827 -0.0130758
0.766975 -0.0132564
0.805556 -0.0130193
0.777778 -0.0127134
0.774691 -0.0118124
0.760802 -0.0099136
0.756173 -0.00805756
0.757716 -0.00575997
0.765432 -0.00317772
0.785494 -0.00141463
0.770062 0.000400134
0.757716 0.00207908
0.783951 0.00296232
0.763889 0.00355806
0.756173 0.00413604
0.75 0.00432365
0.737654 0.00449388
0.731481 0.00481803
0.734568 0.00514645
0.757716 0.00560712
0.79321 0.00599798
0.814815 0.0073154
0.805556 0.00873845
0.787037 0.00972877
0.768519 0.0106191
0.783951 0.011009
0.774691 0.0118857
0.799383 0.0120932
0.790123 0.0127915
0.791667 0.0136893
0.771605 0.0150541
0.783951 0.0162097
0.780864 0.0179015
0.805556 0.0192552
0.807099 0.0206478
0.804012 0.0222683
0.845679 0.0237214
0.819444 0.0251321
0.814815 0.0254822
0.828704 0.0259797
0.816358 0.0263195
0.796296 0.0266262
0.819444 0.0259109
0.830247 0.0259069
0.845679 0.0262524
0.868827 0.0267092
0.816358 0.027617
0.790123 0.0273783
0.748457 0.0276025
0.762346 0.0277445
0.776235 0.0273555
0.794753 0.0275856
0.791667 0.0272735
0.759259 0.0275468
0.766975 0.0270355
0.737654 0.0275602
0.757716 0.0282216
0.746914 0.0289763
0.75 0.0301932
0.75 0.0316898
0.773148 0.0325755
0.763889 0.0332522
0.766975 0.0341042
0.734568 0.034954
0.705247 0.03493
0.723765 0.0342009
0.75463 0.0338509
0.742284 0.0350732
0.728395 0.0360062
0.746914 0.0367093
0.736111 0.0369808
0.728395 0.0368734
0.729938 0.0378294
0.725309 0.0383987
0.740741 0.0379995
0.757716 0.0371362
0.740741 0.0347094
0.763889 0.0326073
0.779321 0.0309837
0.791667 0.0291146
0.819444 0.027291
0.804012 0.0265746
0.794753 0.0251182
0.790123 0.024089
0.780864 0.0228051
0.817901 0.0205916
0.783951 0.0196998
0.733025 0.0183558
0.71142 0.0175382
0.736111 0.0164337
0.728395 0.014427
0.712963 0.0129987
0.683642 0.0117224
0.703704 0.0105203
0.717593 0.00935289
0.700617 0.00816277
0.699074 0.00706507
0.70216 0.00676993
0.694444 0.00646284
0.662037 0.00542606
0.686728 0.00494014
0.70679 0.00465593
0.736111 0.00494765
0.734568 0.00486874
0.717593 0.00491505
0.697531 0.00453522
0.708333 0.00390896
0.679012 0.00348707
0.669753 0.00293055
0.675926 0.00213105
0.685185 0.000930619
0.740741 0.000148784
0.75 -0.000893238
0.722222 -0.00262086
0.75 -0.00388912
0.757716 -0.0058194
0.773148 -0.00699374
0.814815 -0.0074931
0.845679 -0.00750935
0.796296 -0.00759243
0.807099 -0.00717547
0.813272 -0.00641897
0.819444 -0.0061568
0.822531 -0.00620058
0.847222 -0.00633246
0.83642 -0.0058634
0.848765 -0.00544897
0.825617 -0.00552965
0.865741 -0.00621498
0.868827 -0.0063084
0.862654 -0.00631926
0.83642 -0.00595368
0.820988 -0.00614582
0.79321 -0.00597688
0.763889 -0.0057607
0.731481 -0.0056978
0.736111 -0.00625807
0.771605 -0.00725022
0.737654 -0.00707604
0.739198 -0.00739528
0.743827 -0.00708491
0.736111 -0.00648875
0.737654 -0.00582469
0.756173 -0.00585878
0.782407 -0.005555
0.780864 -0.00402519
0.787037 -0.00219844
0.79321 -0.00139639
0.811728 -0.000723363
0.833333 -0.000227846
0.813272 0.000589164
0.850309 0.000787974
0.845679 0.0015212
0.833333 0.000901314
0.82716 0.000276485
0.841049 0.000642054
0.833333 0.00151749
0.825617 0.00144344
0.799383 0.000513717
0.774691 -0.000445566
0.753086 -0.00182327
0.785494 -0.0036756
0.794753 -0.00503502
0.774691 -0.00649959
0.74537 -0.00753268
0.728395 -0.0091165
0.728395 -0.0106734
0.780864 -0.0118863
0.774691 -0.0128737
0.773148 -0.0132748
0.765432 -0.013578
0.790123 -0.0148424
0.811728 -0.0159112
0.807099 -0.016543
0.841049 -0.0173053
0.848765 -0.0184174
0.862654 -0.01903
0.842593 -0.0193802
0.848765 -0.0195678
0.842593 -0.0187616
0.816358 -0.0181973
0.819444 -0.0167093
0.816358 -0.0153201
0.811728 -0.0140877
0.790123 -0.0136661
0.791667 -0.0145171
0.743827 -0.0149187
0.729938 -0.0164672
0.742284 -0.0181106
0.748457 -0.0198581
0.757716 -0.0205275
0.766975 -0.0209992
0.811728 -0.0218412
0.808642 -0.0221624
0.825617 -0.022189
0.819444 -0.0231558
0.839506 -0.0241727
0.833333 -0.0253726
0.822531 -0.0259316
0.79321 -0.0267133
0.814815 -0.0273162
0.83642 -0.027464
0.828704 -0.0271716
0.834877 -0.0271537
0.825617 -0.0270909
0.830247 -0.0261279
0.833333 -0.025198
0.811728 -0.024539
0.819444 -0.0237709
0.799383 -0.0224819
0.825617 -0.0217194
0.828704 -0.0211544
0.822531 -0.0202291
0.822531 -0.0197449
0.825617 -0.019768
0.804012 -0.0196319
0.824074 -0.0197863
0.78858 -0.0202022
0.742284 -0.0210534
0.729938 -0.0224387
0.75463 -0.0234264
0.756173 -0.0248902
0.765432 -0.0258851
0.794753 -0.0268858
0.796296 -0.0273609
0.804012 -0.0274318
0.800926 -0.0267301
0.796296 -0.0266648
0.771605 -0.0266417
0.733025 -0.0262893
0.70216 -0.0263986
0.692901 -0.0259289
0.720679 -0.0248609
0.717593 -0.023258
0.708333 -0.0218642
0.719136 -0.0207233
0.686728 -0.0187949
0.731481 -0.0165363
0.726852 -0.0140554
0.766975 -0.0130674
0.746914 -0.0113556
0.762346 -0.0100622
0.722222 -0.00930623
0.703704 -0.00862666
0.733025 -0.00880645
0.740741 -0.00943728
0.722222 -0.0102504
0.699074 -0.0109731
0.719136 -0.0111999
0.734568 -0.0118988
0.723765 -0.0115432
0.734568 -0.0119098
0.733025 -0.0122825
0.70679 -0.0129818
0.695988 -0.0130333
0.726852 -0.0123776
0.734568 -0.0121891
0.756173 -0.012224
0.753086 -0.0122893
0.765432 -0.011763
0.804012 -0.0119766
0.79321 -0.0112186
0.814815 -0.0100416
0.833333 -0.00988215
0.810185 -0.0100354
0.802469 -0.0110069
0.757716 -0.0112158
0.762346 -0.012549
0.751543 -0.0144552
0.739198 -0.016754
0.733025 -0.0190981
0.723765 -0.0207111
0.685185 -0.0219588
0.712963 -0.0235898
0.666667 -0.0249925
0.649691 -0.0254711
0.657407 -0.0258666
0.597222 -0.0266968
0.589506 -0.0276205
0.618827 -0.0285387
0.626543 -0.0299642
0.628086 -0.0307302
0.660494 -0.0311994
0.723765 -0.0318345
0.717593 -0.0327551
0.728395 -0.0325326
0.773148 -0.0320836
0.780864 -0.0319751
0.79321 -0.0323252
0.799383 -0.0325002
0.817901 -0.032681
0.783951 -0.0339384
0.79321 -0.034373
0.780864 -0.0346148
0.807099 -0.0360467
0.810185 -0.0377553
0.78858 -0.0388718
0.808642 -0.0398528
0.845679 -0.040535
0.82716 -0.0405581
0.811728 -0.0398019
0.822531 -0.0399886
0.794753 -0.0403903
0.75463 -0.0401312
0.765432 -0.040101
0.759259 -0.0404276
0.765432 -0.0413675
0.777778 -0.0420896
0.746914 -0.0427357
0.78858 -0.0427859
0.780864 -0.0421636
0.799383 -0.0409949
0.804012 -0.0383602
0.79784 -0.0362465
0.776235 -0.0350316
0.804012 -0.0339624
0.802469 -0.0333933
0.79784 -0.0337488
0.807099 -0.033309
0.814815 -0.0321767
0.82716 -0.0315758
0.820988 -0.0313875
0.811728 -0.0312258
0.820988 -0.0308429
0.79321 -0.0299969
0.820988 -0.0285136
0.833333 -0.0257151
0.844136 -0.0224143
0.837963 -0.0192348
0.845679 -0.0155985
0.844136 -0.0129203
0.830247 -0.0105411
0.842593 -0.00879339
0.839506 -0.0069331
0.817901 -0.00553124
0.841049 -0.00559406
0.807099 -0.00545986
0.79321 -0.00456997
0.808642 -0.00259751
0.83179 -0.00200141
0.83642 -0.000952585
0.837963 -0.000147443
0.853395 0.000895266
0.817901 0.00230116
0.817901 0.00338434
0.79321 0.00422392
0.757716 0.00393828
0.723765 0.00322951
0.709877 0.00202349
0.742284 0.00193598
0.725309 0.00202448
0.734568 0.00256469
0.714506 0.00330562
0.719136 0.00410234
0.771605 0.00571201
0.782407 0.00821036
0.776235 0.0101262
0.776235 0.011777
0.74537 0.0125253
0.762346 0.0124333
0.743827 0.012563
0.766975 0.0128151
0.779321 0.013096
0.776235 0.0131336
0.802469 0.0121793
0.800926 0.0110473
0.796296 0.00966077
0.785494 0.00831455
0.771605 0.00697696
0.759259 0.00607443
0.773148 0.0043956
0.783951 0.00330902
0.770062 0.00383256
0.79784 0.00405263
0.790123 0.00374306
0.799383 0.00390341
0.78858 0.00424695
0.790123 0.004721
0.811728 0.00617483
0.830247 0.00631977
0.814815 0.00636814
0.785494 0.00744143
0.816358 0.00839523
0.820988 0.00957671
0.802469 0.0104583
0.79321 0.0105592
0.79784 0.0106577
0.804012 0.010358
0.774691 0.00899695
0.802469 0.00807279
0.773148 0.00762742
0.748457 0.00717355
0.743827 0.00688961
0.737654 0.00709212
0.71142 0.00742775
0.685185 0.00688949
0.67284 0.00553888
0.736111 0.00345348
0.719136 0.00233899
0.765432 0.00192655
0.768519 0.00214646
0.736111 0.00234928
0.748457 0.00170925
0.720679 0.00149317
0.763889 0.00246543
0.802469 0.0038996
0.791667 0.0058518
0.794753 0.00825262
0.759259 0.00925727
0.723765 0.0108831
0.756173 0.012089
0.751543 0.0117197
0.736111 0.0120357
0.726852 0.0132438
0.719136 0.0137237
0.726852 0.0136544
0.765432 0.0146488
0.759259 0.0148286
0.733025 0.0150438
0.753086 0.0164749
0.74537 0.0181787
0.757716 0.0199129
0.751543 0.020492
0.74537 0.0232879
0.74537 0.0259044
0.720679 0.0280245
0.766975 0.0304025
0.78858 0.032751
0.768519 0.0354373
0.780864 0.0377709
0.768519 0.0394174
0.759259 0.041203
0.785494 0.0419574
0.759259 0.0435252
0.731481 0.0445158
0.743827 0.0446637
0.731481 0.04538
0.733025 0.0451204
0.780864 0.0453733
0.75 0.0459136
0.733025 0.0457499
0.759259 0.0452877
0.765432 0.0447914
0.768519 0.0449167
0.742284 0.0443367
0.739198 0.0436199
0.757716 0.0431327
0.731481 0.0425604
0.725309 0.0423669
0.780864 0.0415605
0.785494 0.0421972
0.75 0.0431367
0.728395 0.0448226
0.729938 0.0458632
0.743827 0.0470594
0.712963 0.0487186
0.716049 0.0500008
0.756173 0.0509001
0.777778 0.0515788
0.75463 0.0511522
0.756173 0.0496718
0.782407 0.0486387
0.783951 0.0473936
0.819444 0.046691
0.816358 0.0459317
0.804012 0.0447314
0.776235 0.0422867
0.79321 0.0399133
0.771605 0.037563
0.731481 0.0347653
0.691358 0.031087
0.726852 0.0261604
0.708333 0.0215916
0.728395 0.0180293
0.71142 0.0149138
0.729938 0.0113379
0.740741 0.00910571
0.728395 0.00802567
0.723765 0.00746729
0.71142 0.00795362
0.71142 0.00852639
0.70216 0.0083968
0.692901 0.00806775
0.683642 0.00784774
0.689815 0.00691169
0.652778 0.00642042
0.635802 0.00591722
0.654321 0.0054603
0.665123 0.00405664
0.682099 0.00141283
0.699074 4.45716e-05
0.708333 -0.0004225
0.722222 -0.00124531
0.717593 -0.00221908
0.697531 -0.00368967
0.691358 -0.00493235
0.712963 -0.00754825
0.734568 -0.0112656
0.716049 -0.0149426
0.694444 -0.0179077
0.722222 -0.0203391
0.709877 -0.0222892
0.729938 -0.0231588
0.720679 -0.0222901
0.705247 -0.0211961
0.697531 -0.0203299
0.731481 -0.0194897
0.757716 -0.0181345
0.717593 -0.0174929
0.736111 -0.0172949
0.731481 -0.0171982
0.717593 -0.016953
0.717593 -0.0178945
0.75463 -0.0196938
0.736111 -0.0200471
0.75463 -0.020662
0.759259 -0.0208867
0.751543 -0.0210563
0.720679 -0.0208067
0.70216 -0.0200301
0.699074 -0.018735
0.719136 -0.0184741
0.742284 -0.0188469
0.731481 -0.0184403
0.669753 -0.0191015
0.680556 -0.0204202
0.733025 -0.0209046
0.719136 -0.023019
0.742284 -0.0236556
0.75463 -0.0233284
0.78858 -0.0230999
0.774691 -0.0212671
0.787037 -0.0190702
0.817901 -0.0174074
0.79784 -0.0166174
0.833333 -0.0162694
0.834877 -0.0162844
0.825617 -0.017503
0.833333 -0.0186462
0.816358 -0.0188821
0.822531 -0.0182447
0.820988 -0.0175117
0.808642 -0.016562
0.79784 -0.0147425
0.820988 -0.0131167
0.811728 -0.0125531
0.820988 -0.0110581
0.82716 -0.00914938
0.825617 -0.00795839
0.837963 -0.00790018
0.864198 -0.00825951
0.87963 -0.00853961
0.868827 -0.00818159
0.865741 -0.00934709
0.834877 -0.0105416
0.825617 -0.0107952
0.794753 -0.0123412
0.787037 -0.013056
0.807099 -0.0128352
0.791667 -0.013521
0.776235 -0.0148128
0.763889 -0.0168285
0.800926 -0.0191877
0.791667 -0.0200139
0.773148 -0.0212577
0.802469 -0.02408
0.825617 -0.0273794
0.830247 -0.0301398
0.862654 -0.0329383
0.876543 -0.0343012
0.864198 -0.034322
0.830247 -0.0350511
0.811728 -0.0357241
0.794753 -0.0357533
0.830247 -0.0337921
0.817901 -0.0324993
0.780864 -0.0308941
0.777778 -0.0295721
0.790123 -0.0287057
0.800926 -0.0281028
0.814815 -0.0272672
0.779321 -0.0260319
0.75 -0.0250318
0.742284 -0.0247036
0.79784 -0.0251478
0.839506 -0.0253798
0.822531 -0.0255974
0.799383 -0.0252378
0.791667 -0.0256668
0.782407 -0.0260362
0.779321 -0.0261241
0.771605 -0.0264207
0.766975 -0.0264907
0.762346 -0.0268577
0.790123 -0.0267866
0.783951 -0.0257207
0.768519 -0.0250755
0.780864 -0.0245952
0.774691 -0.022816
0.75 -0.0211092
0.751543 -0.0207308
0.726852 -0.0200725
0.746914 -0.0192434
0.799383 -0.0181064
0.796296 -0.0160583
0.841049 -0.0131546
0.833333 -0.0095209
0.822531 -0.00541422
0.776235 -0.00318334
0.766975 -0.000370542
0.722222 0.00206918
0.723765 0.00413113
0.75463 0.00514154
0.759259 0.00742143
0.757716 0.00908511
0.736111 0.0101367
0.737654 0.010466
0.756173 0.0106681
0.785494 0.00958324
0.787037 0.00955445
0.837963 0.00951458
0.813272 0.0111745
0.804012 0.0114346
0.799383 0.0119924
0.785494 0.0139556
0.771605 0.0149172
0.756173 0.0161035
0.783951 0.0180379
0.763889 0.0207353
0.774691 0.0233475
0.777778 0.025464
0.760802 0.0278715
0.83179 0.0293717
0.839506 0.0316585
0.845679 0.0335634
0.839506 0.0362606
0.824074 0.0394969
0.825617 0.040435
0.828704 0.0399454
0.817901 0.0389736
0.794753 0.0374778
0.78858 0.0347019
0.796296 0.0327839
0.805556 0.0315204
0.813272 0.0307967
0.780864 0.0295337
0.807099 0.0291007
0.82716 0.0288975
0.802469 0.0274004
0.79784 0.026047
0.783951 0.0250171
0.790123 0.0241462
0.734568 0.0235674
0.751543 0.0232972
0.757716 0.025174
0.737654 0.0271768
0.780864 0.0280557
0.779321 0.0305037
0.800926 0.0323406
0.83642 0.0351369
0.808642 0.0372595
0.777778 0.0382952
0.737654 0.0379565
0.740741 0.0368347
0.760802 0.0363944
0.742284 0.0348717
0.743827 0.0325817
0.74537 0.029174
0.729938 0.0276239
0.717593 0.0254084
0.723765 0.0228631
0.74537 0.0210236
0.725309 0.0190549
0.671296 0.0185095
0.671296 0.0175091
0.675926 0.0162429
0.71142 0.0156641
0.682099 0.0156819
0.697531 0.0158466
0.733025 0.0158978
0.746914 0.0169253
0.779321 0.0181333
0.774691 0.0186824
0.785494 0.0201708
0.790123 0.0216224
0.825617 0.024397
0.805556 0.0277473
0.807099 0.0296477
0.794753 0.0310722
0.757716 0.0312137
0.748457 0.0312816
0.734568 0.0316391
0.733025 0.0304836
0.774691 0.028303
0.787037 0.0279922
0.763889 0.0285389
0.729938 0.0288455
0.748457 0.0299112
0.70216 0.0311646
0.671296 0.0316456
0.67284 0.0316617
0.66821 0.0313501
0.640432 0.0316224
0.609568 0.0305146
0.625 0.0284694
0.631173 0.0264461
0.628086 0.023841
0.671296 0.0216872
0.697531 0.0203868
0.708333 0.0203417
0.697531 0.0209206
0.719136 0.0216418
0.746914 0.021943
0.787037 0.0227135
0.814815 0.0242426
0.805556 0.0262737
0.817901 0.0283619
0.816358 0.029619
0.810185 0.0300809
0.813272 0.0293385
0.782407 0.0287286
0.776235 0.0287262
0.753086 0.0294605
0.765432 0.0302026
0.777778 0.0307617
0.774691 0.0322582
0.790123 0.0330303
0.800926 0.0334992
0.808642 0.0339859
0.819444 0.0347727
0.787037 0.03647
0.79321 0.0373813
0.79321 0.0370682
0.808642 0.0362257
0.83179 0.0356278
0.780864 0.0341327
0.790123 0.0315136
0.817901 0.0306223
0.834877 0.0294053
0.851852 0.0295647
0.848765 0.0297941
0.837963 0.0299055
0.844136 0.0279869
0.841049 0.0262347
0.839506 0.0241621
0.856481 0.0224295
0.841049 0.021394
0.830247 0.0223571
0.83642 0.0217717
0.811728 0.0217315
0.774691 0.0218636
0.762346 0.0224358
0.765432 0.0228529
0.785494 0.0214409
0.763889 0.0212896
0.717593 0.0211288
0.714506 0.0201838
0.725309 0.019356
0.756173 0.017804
0.712963 0.0168885
0.695988 0.0143394
0.766975 0.0118948
0.757716 0.0110357
0.765432 0.00921543
0.739198 0.00723149
0.736111 0.00388249
0.79784 0.00298114
0.777778 0.000602028
0.759259 -0.00268873
0.763889 -0.0056657
0.766975 -0.00814648
0.773148 -0.0098076
0.757716 -0.011465
0.780864 -0.0127237
0.799383 -0.0137374
0.779321 -0.0140735
0.779321 -0.0141546
0.802469 -0.0135305
0.790123 -0.0124798
0.776235 -0.0100977
0.808642 -0.00755862
0.800926 -0.00464198
0.78858 -0.00301287
0.773148 -0.00113542
0.763889 0.000395193
0.774691 0.000945997
0.771605 0.00197221
0.777778 0.00170419
0.780864 0.000468711
0.785494 -0.00147973
0.768519 -0.00320769
0.708333 -0.00521834
0.689815 -0.00824419
0.691358 -0.0115003
0.654321 -0.0132431
0.679012 -0.0156837
0.675926 -0.0167636
0.689815 -0.0172371
0.71142 -0.0195165
0.723765 -0.0210344
0.726852 -0.021466
0.74537 -0.0210125
0.75 -0.0206673
0.774691 -0.0209907
0.814815 -0.0186116
0.845679 -0.0159002
0.848765 -0.0129155
0.830247 -0.00993898
0.825617 -0.00717027
0.824074 -0.00686409
0.851852 -0.00606571
0.871914 -0.00337412
0.83642 -0.00294082
0.83642 -0.00414823
0.876543 -0.00390867
0.887346 -0.00175161
0.871914 -0.000116732
0.881173 -0.000523009
0.873457 0.000379746
0.864198 -0.000287606
0.868827 -0.00122088
0.848765 -0.00199029
0.839506 -0.00148957
0.808642 -0.00164467
0.822531 -0.00230813
0.78858 0.000159529
0.766975 0.00188652
0.773148 0.0025838
0.780864 0.00404217
0.779321 0.00529223
0.802469 0.00574289
0.766975 0.00451816
0.770062 0.00182994
0.782407 3.78991e-05
0.807099 -0.00170573
0.804012 -0.00101845
0.794753 0.00129067
0.837963 0.00273277
0.816358 0.00387683
0.837963 0.00417988
0.839506 0.00739219
0.833333 0.00951409
0.79321 0.0118929
0.737654 0.0126863
0.760802 0.0100999
0.783951 0.0080767
0.743827 0.00585623
0.766975 0.00226809
0.751543 -0.00157418
0.763889 -0.0029365
0.780864 -0.0025544
0.790123 -0.00245344
0.817901 -0.00232321
0.799383 -0.00121597
0.780864 -0.00167557
0.774691 -0.00382261
0.771605 -0.00546077
0.751543 -0.00761841
0.777778 -0.0109409
0.785494 -0.012557
0.742284 -0.0128062
0.726852 -0.0133174
0.742284 -0.0155533
0.723765 -0.0175864
0.737654 -0.0180944
0.765432 -0.0165758
0.714506 -0.0157404
0.703704 -0.0157342
0.70216 -0.0171196
0.75 -0.0208156
0.776235 -0.0253718
0.776235 -0.0281304
0.799383 -0.0294412
0.794753 -0.0325789
0.791667 -0.0333679
0.762346 -0.0335182
0.777778 -0.0340683
0.717593 -0.0348107
0.70216 -0.0347687
0.695988 -0.0353416
0.703704 -0.0344079
0.685185 -0.033995
0.748457 -0.0329341
0.757716 -0.0321593
0.757716 -0.0307376
0.776235 -0.0291772
0.805556 -0.0283726
0.828704 -0.0297844
0.802469 -0.0294897
0.819444 -0.0303969
0.79321 -0.0297362
0.808642 -0.0294691
0.782407 -0.0290769
0.779321 -0.0319178
0.820988 -0.033036
0.830247 -0.0336251
0.822531 -0.0354546
0.802469 -0.0345484
0.796296 -0.0335674
0.83642 -0.0320197
0.82716 -0.0312774
0.822531 -0.0299565
0.802469 -0.0281347
0.78858 -0.0276833
0.807099 -0.0260246
0.802469 -0.0240164
0.757716 -0.0210062
0.771605 -0.0202622
0.810185 -0.017825
0.808642 -0.0147022
0.834877 -0.0141069
0.856481 -0.0137673
0.844136 -0.015786
0.834877 -0.018391
0.887346 -0.0211744
0.859568 -0.0219257
0.842593 -0.0231442
0.844136 -0.0235661
0.817901 -0.0238246
0.78858 -0.0269564
0.800926 -0.0293592
0.774691 -0.0298508
0.771605 -0.0323766
0.771605 -0.0359564
0.770062 -0.0387177
0.748457 -0.0397664
0.74537 -0.0432241
0.74537 -0.0474104
0.796296 -0.0483848
0.78858 -0.0480292
0.790123 -0.0492753
0.810185 -0.0480906
0.779321 -0.0466747
0.743827 -0.0474924
0.751543 -0.0502983
0.757716 -0.0536999
0.725309 -0.0568895
0.763889 -0.0618567
0.779321 -0.0663521
0.816358 -0.0697756
0.796296 -0.0724197
0.770062 -0.0765853
0.756173 -0.0790333
0.75 -0.0823989
0.705247 -0.0852698
0.728395 -0.0892135
0.700617 -0.0901189
0.695988 -0.0890277
0.717593 -0.0881712
0.680556 -0.088411
0.657407 -0.0924372
0.700617 -0.0965734
0.733025 -0.098685
0.787037 -0.0999325
0.822531 -0.100828
0.833333 -0.100744
0.822531 -0.09886
0.814815 -0.0998374
0.800926 -0.100457
0.83179 -0.100995
0.800926 -0.0979685
0.780864 -0.0976729
0.776235 -0.100718
0.802469 -0.10094
0.800926 -0.102244
0.817901 -0.103957
0.824074 -0.107937
0.820988 -0.107779
0.853395 -0.107181
0.824074 -0.105637
0.839506 -0.104373
0.847222 -0.103079
0.839506 -0.103462
0.79784 -0.102152
0.779321 -0.100465
0.790123 -0.100333
0.770062 -0.100827
0.800926 -0.0972466
0.837963 -0.0944617
0.848765 -0.0923434
0.882716 -0.0897355
0.854938 -0.0858929
0.881173 -0.0824925
0.828704 -0.0792447
0.837963 -0.0767726
0.805556 -0.0737192
0.79784 -0.0713634
0.79784 -0.0685861
0.79321 -0.0651945
0.822531 -0.0632144
0.813272 -0.0627527
0.841049 -0.0611336
0.856481 -0.0582194
0.830247 -0.0584848
0.822531 -0.0608349
0.825617 -0.0623269
0.817901 -0.0613672
0.830247 -0.0617035
0.808642 -0.0614651
0.796296 -0.0604187
0.765432 -0.0595808
0.759259 -0.0605113
0.780864 -0.0574589
0.799383 -0.0512438
0.800926 -0.0460163
0.791667 -0.0420103
0.819444 -0.0376701
0.822531 -0.0339058
0.822531 -0.0311169
0.834877 -0.0280805
0.82716 -0.0205307
0.824074 -0.0154328
0.751543 -0.0140476
0.773148 -0.00969794
0.785494 -0.00591117
0.776235 -0.0085676
0.768519 -0.0104852
0.814815 -0.00814986
0.808642 -0.00747402
0.808642 -0.0112989
0.83179 -0.015788
0.814815 -0.0188819
0.782407 -0.0218283
0.763889 -0.0287642
0.782407 -0.0300204
0.802469 -0.0296383
0.766975 -0.0284424
0.782407 -0.0268693
0.783951 -0.0233432
0.777778 -0.0219163
0.722222 -0.0194323
0.720679 -0.0139667
0.757716 -0.00810077
0.776235 -0.00304804
0.79321 0.0027808
0.813272 0.00508991
0.814815 0.00559857
0.811728 0.00676151
0.777778 0.00534311
0.796296 0.000863705
0.799383 -0.00550252
0.811728 -0.0101332
0.760802 -0.0127572
0.763889 -0.0159771
0.740741 -0.0173604
0.731481 -0.0191724
0.739198 -0.0241983
0.748457 -0.0220856
0.723765 -0.0177004
0.70216 -0.017669
0.708333 -0.0177055
0.714506 -0.016469
0.679012 -0.0130565
0.70216 -0.00663486
0.716049 -0.00319686
0.71142 0.00172463
0.720679 0.00771252
0.765432 0.00774894
0.75 0.00793732
0.790123 0.0143601
0.770062 0.0189083
0.776235 0.0188545
0.79784 0.0199537
0.79784 0.019425
0.794753 0.0146045
0.802469 0.00878068
0.800926 0.00603592
0.790123 0.000413354
0.756173 -0.00116912
0.719136 0.00187812
0.75 0.00767024
0.762346 0.00673067
0.743827 0.00655336
0.746914 0.00578984
0.743827 0.00277873
0.771605 0.00022852
0.756173 0.000555579
0.765432 -0.00315799
0.733025 -0.00438976
0.739198 -0.00217517
0.74537 0.00418325
0.791667 0.0109195
0.783951 0.0103603
0.779321 0.0116271
0.753086 0.0127577
0.75463 0.00990145
0.716049 0.00548763
0.719136 0.00626638
0.697531 0.0102381
0.716049 0.0151452
0.756173 0.00874122
0.780864 0.00306036
0.794753 0.00780691
0.787037 0.00536323
0.736111 -0.00507223
0.737654 -0.000587914
0.731481 0.00545062
0.694444 0.00114573
0.726852 -0.00363698
0.740741 -0.000374959
0.717593 0.000493848
0.705247 0
