0.0895062 1
0.0570988 0.98878
0.0493827 0.9784
0.0339506 0.968795
0.029321 0.959169
0.00617284 0.949281
0.0108025 0.94048
0.0231481 0.932034
0.00771605 0.923947
0.0308642 0.916084
0.0509259 0.908514
0.0601852 0.901442
0.0694444 0.894875
0.0802469 0.88869
0.0787037 0.882493
0.0432099 0.87634
0.0231481 0.870007
0.0385802 0.863711
0.0478395 0.857415
0.0601852 0.850122
0.058642 0.84347
0.0123457 0.836681
0.0339506 0.829878
0.0262346 0.822826
0.0648148 0.815921
0.0555556 0.809177
0.066358 0.803095
0.0478395 0.797109
0.0601852 0.792122
0.0462963 0.787348
0.0632716 0.782385
0.0648148 0.777976
0.0787037 0.77339
0.12037 0.768668
0.151235 0.76446
0.103395 0.760456
0.12037 0.756321
0.12037 0.752259
0.157407 0.747896
0.117284 0.743698
0.165123 0.738987
0.151235 0.734198
0.117284 0.728939
0.0617284 0.724223
0.0416667 0.719804
0.0385802 0.715136
0.0277778 0.71054
0.0941358 0.705836
0.106481 0.70127
0.106481 0.69697
0.087963 0.692758
0.112654 0.688549
0.100309 0.684537
0.111111 0.680409
0.0771605 0.675594
0.0709877 0.671061
0.0570988 0.666528
0.0524691 0.662005
0.0447531 0.657395
0.0462963 0.652107
0.0416667 0.646394
0.0787037 0.641067
0.117284 0.636062
0.0848765 0.631303
0.0987654 0.626881
0.111111 0.622381
0.0694444 0.618414
0.0354938 0.614386
0.0108025 0.610447
0.0540123 0.606725
0.0509259 0.603376
0.00925926 0.599497
0.0138889 0.595531
0.00308642 0.591787
0.0169753 0.587926
0.0169753 0.583961
0.0385802 0.580029
0.0231481 0.575798
0.0169753 0.571907
0.0154321 0.56811
0.0154321 0.564218
0.0679012 0.560743
0.0524691 0.557662
0.0848765 0.554867
0.12963 0.551704
0.112654 0.54883
0.0771605 0.546272
0.118827 0.543605
0.095679 0.541168
0.0787037 0.538623
0.087963 0.535813
0.0740741 0.532875
0.0447531 0.529896
0.0895062 0.526753
0.101852 0.523327
0.0864198 0.519351
0.0540123 0.515199
0.0601852 0.510689
0.0864198 0.506337
0.114198 0.502854
0.135802 0.499616
0.132716 0.496899
0.134259 0.494155
0.134259 0.491148
0.0895062 0.487807
0.111111 0.48453
0.117284 0.481387
0.111111 0.478722
0.132716 0.475901
0.169753 0.472909
0.182099 0.469893
0.138889 0.466676
0.158951 0.463332
0.197531 0.459744
0.140432 0.45678
0.12963 0.453131
0.131173 0.449417
0.157407 0.445698
0.169753 0.441879
0.171296 0.438197
0.149691 0.434031
0.146605 0.429932
0.165123 0.425842
0.175926 0.421318
0.128086 0.416843
0.137346 0.412232
0.174383 0.407933
0.160494 0.404013
0.135802 0.399711
0.12963 0.395114
0.0817901 0.39008
0.0771605 0.385067
0.066358 0.380508
0.106481 0.37594
0.103395 0.371292
0.17284 0.366688
0.189815 0.362702
0.185185 0.358748
0.182099 0.355202
0.199074 0.351483
0.183642 0.347885
0.135802 0.344717
0.171296 0.341641
0.109568 0.338697
0.118827 0.335631
0.106481 0.332722
0.037037 0.329326
0.0308642 0.325772
0.0401235 0.322791
0.0740741 0.319507
0.0478395 0.31598
0.0648148 0.31232
0.0648148 0.309033
0.0478395 0.305775
0.0462963 0.3021
0.0308642 0.298827
0.101852 0.295835
0.137346 0.292637
0.185185 0.289924
0.188272 0.288175
0.174383 0.286183
0.174383 0.284147
0.166667 0.281854
0.188272 0.279293
0.165123 0.276467
0.143519 0.273662
0.151235 0.271085
0.126543 0.268224
0.12963 0.265034
0.131173 0.261803
0.148148 0.258243
0.125 0.254703
0.0895062 0.251688
0.12037 0.248758
0.103395 0.245438
0.158951 0.242472
0.182099 0.239681
0.162037 0.236723
0.16821 0.234039
0.175926 0.231317
0.148148 0.228366
0.111111 0.225483
0.0987654 0.223084
0.0941358 0.220754
0.0833333 0.218198
0.101852 0.215607
0.0972222 0.213009
0.0895062 0.210271
0.0787037 0.207165
0.106481 0.204016
0.134259 0.200789
0.12037 0.197082
0.118827 0.19346
0.149691 0.189785
0.145062 0.186187
0.149691 0.183011
0.0848765 0.179527
0.0694444 0.175885
0.0740741 0.171965
0.037037 0.168661
0.0154321 0.165178
0.0277778 0.161993
0.0817901 0.159101
0.152778 0.156236
0.179012 0.153632
0.237654 0.151363
0.25 0.148876
0.233025 0.145979
0.282407 0.142991
0.287037 0.139565
0.280864 0.136486
0.260802 0.13363
0.268519 0.131144
0.234568 0.129016
0.234568 0.127264
0.256173 0.125681
0.282407 0.12405
0.308642 0.122864
0.333333 0.121591
0.302469 0.120226
0.268519 0.118815
0.25463 0.117237
0.24537 0.116112
0.25 0.115534
0.231481 0.114067
0.217593 0.112955
0.246914 0.111911
0.248457 0.111069
0.237654 0.110335
0.200617 0.109978
0.21142 0.109864
0.199074 0.11008
0.169753 0.10992
0.115741 0.109769
0.0987654 0.109188
0.128086 0.108526
0.177469 0.107609
0.205247 0.106612
0.214506 0.105495
0.177469 0.103749
0.214506 0.101949
0.208333 0.100142
0.209877 0.0985317
0.225309 0.097096
0.259259 0.0956005
0.291667 0.0942603
0.263889 0.0926484
0.283951 0.0911818
0.253086 0.0896203
0.248457 0.0880322
0.237654 0.0869103
0.237654 0.085971
0.236111 0.0849111
0.271605 0.08335
0.236111 0.0817858
0.24537 0.0805346
0.248457 0.0794591
0.256173 0.0782322
0.260802 0.0769443
0.308642 0.0757563
0.296296 0.0755205
0.28858 0.0753483
0.313272 0.0751341
0.310185 0.0744397
0.302469 0.0737614
0.320988 0.073231
0.311728 0.0727909
0.345679 0.0727584
0.341049 0.0730261
0.33179 0.0736588
0.341049 0.0746977
0.351852 0.0753371
0.367284 0.0762357
0.37037 0.0769601
0.387346 0.0780944
0.381173 0.0798194
0.364198 0.0816058
0.348765 0.0836119
0.345679 0.085353
0.314815 0.0867403
0.350309 0.0876
0.324074 0.0885084
0.33179 0.0895187
0.342593 0.0900954
0.364198 0.0908042
0.384259 0.0916087
0.388889 0.0925232
0.388889 0.0939074
0.351852 0.095754
0.29321 0.0972646
0.313272 0.0985383
0.304012 0.0995758
0.294753 0.100823
0.310185 0.101756
0.290123 0.102122
0.308642 0.102653
0.317901 0.103267
0.345679 0.103573
0.33642 0.104241
0.390432 0.105384
0.373457 0.106583
0.402778 0.107982
0.435185 0.108839
0.449074 0.109385
0.449074 0.109958
0.442901 0.110968
0.447531 0.112051
0.487654 0.113244
0.486111 0.114668
0.476852 0.11609
0.466049 0.116432
0.445988 0.11661
0.438272 0.115945
0.430556 0.115573
0.45216 0.115626
0.459877 0.115568
0.427469 0.115471
0.433642 0.115242
0.462963 0.115562
0.476852 0.116024
0.510802 0.117006
0.532407 0.118356
0.513889 0.119386
0.515432 0.120393
0.546296 0.121789
0.563272 0.123417
0.572531 0.125379
0.598765 0.127514
0.563272 0.129688
0.575617 0.131825
0.569444 0.133812
0.58642 0.135361
0.592593 0.136517
0.566358 0.137722
0.532407 0.139114
0.555556 0.140305
0.578704 0.141181
0.535494 0.142061
0.578704 0.142987
0.623457 0.144322
0.66358 0.145649
0.700617 0.14666
0.70216 0.14784
0.671296 0.14896
0.618827 0.150087
0.637346 0.151091
0.626543 0.15216
0.62963 0.153026
0.618827 0.15384
0.587963 0.15514
0.611111 0.155842
0.584877 0.156494
0.58179 0.157103
0.554012 0.157265
0.53858 0.157402
0.552469 0.15722
0.557099 0.156847
0.557099 0.156736
0.567901 0.156625
0.592593 0.156605
0.563272 0.155921
0.578704 0.15555
0.555556 0.155282
0.572531 0.154928
0.591049 0.154622
0.575617 0.154809
0.572531 0.154939
0.58179 0.155265
0.614198 0.155674
0.62037 0.156107
0.654321 0.156362
0.648148 0.157127
0.638889 0.157461
0.615741 0.15734
0.561728 0.157255
0.544753 0.156658
0.527778 0.155531
0.523148 0.154645
0.549383 0.153951
0.592593 0.153616
0.628086 0.15306
0.651235 0.152771
0.649691 0.152801
0.654321 0.152955
0.637346 0.153196
0.689815 0.153348
0.716049 0.153782
0.725309 0.154631
0.705247 0.155128
0.688272 0.155711
0.734568 0.156077
0.729938 0.156451
0.756173 0.156909
0.740741 0.157146
0.685185 0.156571
0.688272 0.155917
0.714506 0.156143
0.705247 0.155959
0.655864 0.155922
0.641975 0.155893
0.652778 0.155942
0.621914 0.155874
0.621914 0.156033
0.635802 0.156334
0.62037 0.157058
0.601852 0.157131
0.566358 0.157074
0.575617 0.156594
0.54321 0.156027
0.541667 0.155357
0.529321 0.155241
0.516975 0.154708
0.483025 0.153915
0.493827 0.15297
0.484568 0.151869
0.498457 0.150849
0.466049 0.150091
0.45216 0.149393
0.41821 0.148785
0.416667 0.14767
0.399691 0.146998
0.404321 0.146503
0.402778 0.145693
0.364198 0.144557
0.376543 0.143283
0.410494 0.142064
0.402778 0.140719
0.432099 0.138778
0.37963 0.13727
0.358025 0.13509
0.317901 0.133067
0.316358 0.130417
0.328704 0.12755
0.351852 0.124873
0.401235 0.122292
0.391975 0.119993
0.37963 0.117412
0.373457 0.116006
0.378086 0.114464
0.341049 0.112697
0.325617 0.110408
0.304012 0.108194
0.256173 0.105687
0.285494 0.103295
0.263889 0.100806
0.236111 0.0981762
0.253086 0.0956607
0.217593 0.0928886
0.214506 0.0901957
0.231481 0.0873055
0.25463 0.0840249
0.248457 0.0804277
0.233025 0.0771288
0.271605 0.0737507
0.294753 0.070188
0.28858 0.0674672
0.29321 0.0648277
0.29784 0.0624562
0.319444 0.0598817
0.307099 0.057472
0.279321 0.0547403
0.299383 0.0522497
0.333333 0.0496458
0.316358 0.0472559
0.311728 0.0450345
0.313272 0.0423219
0.334877 0.0399591
0.282407 0.0375343
0.304012 0.0352081
0.311728 0.0325143
0.311728 0.0299024
0.285494 0.0271601
0.229938 0.024008
0.256173 0.0204579
0.242284 0.0175284
0.256173 0.0148873
0.226852 0.0122959
0.192901 0.00946326
0.208333 0.00660449
0.222222 0.00405345
0.192901 0.00115647
0.155864 -0.00168483
0.166667 -0.00451088
0.16358 -0.0068849
0.169753 -0.00922525
0.174383 -0.0115303
0.157407 -0.0144818
0.192901 -0.0169447
0.214506 -0.0194589
0.180556 -0.0220565
0.209877 -0.0244317
0.169753 -0.026908
0.157407 -0.0289925
0.177469 -0.0307669
0.151235 -0.0325191
0.186728 -0.0343937
0.217593 -0.0361559
0.197531 -0.0374845
0.214506 -0.0388693
0.209877 -0.0400671
0.217593 -0.0406604
0.208333 -0.0413659
0.219136 -0.0422203
0.205247 -0.043161
0.236111 -0.0441938
0.251543 -0.0457091
0.24537 -0.0473058
0.262346 -0.0485242
0.294753 -0.0499742
0.256173 -0.0513653
0.233025 -0.052144
0.248457 -0.0528763
0.226852 -0.0534099
0.214506 -0.0533551
0.233025 -0.0533443
0.219136 -0.0532724
0.205247 -0.0536174
0.236111 -0.0539961
0.203704 -0.0547564
0.263889 -0.055712
0.257716 -0.0566626
0.223765 -0.0571557
0.237654 -0.0581626
0.234568 -0.0592806
0.257716 -0.0597798
0.233025 -0.0598375
0.25 -0.0600437
0.223765 -0.060438
0.24537 -0.0613829
0.257716 -0.0622179
0.236111 -0.0632718
0.236111 -0.0639506
0.219136 -0.0639667
0.214506 -0.0640842
0.20216 -0.0643994
0.214506 -0.0647214
0.219136 -0.0647575
0.226852 -0.0651269
0.20216 -0.0649977
0.166667 -0.0647369
0.20679 -0.0642825
0.197531 -0.064518
0.234568 -0.0646624
0.236111 -0.0652117
0.260802 -0.0655491
0.279321 -0.0661437
0.25 -0.0666873
0.262346 -0.0676541
0.291667 -0.0687842
0.243827 -0.0693974
0.234568 -0.0705169
0.280864 -0.0713449
0.290123 -0.0724739
0.228395 -0.0734253
0.268519 -0.0745688
0.273148 -0.0761444
0.256173 -0.0776231
0.270062 -0.0789042
0.25 -0.0800072
0.237654 -0.0814187
0.237654 -0.0824483
0.216049 -0.0837295
0.200617 -0.0851855
0.25463 -0.0871841
0.233025 -0.088829
0.279321 -0.090556
0.317901 -0.0920264
0.33179 -0.0940681
0.33642 -0.0963655
0.325617 -0.0991053
0.361111 -0.101197
0.316358 -0.103035
0.350309 -0.10504
0.324074 -0.10702
0.356481 -0.109038
0.358025 -0.111186
0.320988 -0.113231
0.359568 -0.114669
0.347222 -0.116304
0.375 -0.117933
0.395062 -0.118728
0.405864 -0.119751
0.378086 -0.121119
0.368827 -0.122
0.359568 -0.122848
0.353395 -0.123429
0.345679 -0.124404
0.333333 -0.125443
0.296296 -0.126485
0.310185 -0.127581
0.300926 -0.128234
0.251543 -0.129547
0.21142 -0.13055
0.20216 -0.131124
0.237654 -0.132284
0.203704 -0.133874
0.260802 -0.136089
0.273148 -0.137848
0.29784 -0.139797
0.280864 -0.142484
0.262346 -0.144794
0.228395 -0.146741
0.229938 -0.149071
0.248457 -0.15188
0.24537 -0.153841
0.216049 -0.155316
0.233025 -0.156617
0.246914 -0.15816
0.229938 -0.159326
0.199074 -0.160698
0.195988 -0.16236
0.174383 -0.163832
0.158951 -0.165521
0.152778 -0.167613
0.146605 -0.169691
0.16358 -0.171925
0.16821 -0.17344
0.16821 -0.174626
0.180556 -0.1756
0.183642 -0.176499
0.234568 -0.177955
0.260802 -0.179278
0.276235 -0.180636
0.266975 -0.181956
0.274691 -0.18301
0.29784 -0.183788
0.322531 -0.18467
0.310185 -0.185501
0.33179 -0.186389
0.291667 -0.186893
0.28858 -0.187402
0.308642 -0.188173
0.325617 -0.189198
0.330247 -0.189874
0.320988 -0.190368
0.37963 -0.19107
0.424383 -0.191783
0.391975 -0.192733
0.354938 -0.193447
0.362654 -0.194283
0.367284 -0.19506
0.371914 -0.195763
0.368827 -0.196224
0.384259 -0.196738
0.398148 -0.19724
0.356481 -0.197295
0.365741 -0.197736
0.334877 -0.198378
0.320988 -0.198621
0.32716 -0.198971
0.313272 -0.199657
0.322531 -0.200219
0.395062 -0.20089
0.416667 -0.201234
0.42284 -0.201192
0.396605 -0.201248
0.412037 -0.20081
0.425926 -0.200446
0.455247 -0.200215
0.466049 -0.199758
0.506173 -0.199219
0.509259 -0.198994
0.490741 -0.199251
0.466049 -0.1983
0.464506 -0.197792
0.445988 -0.19821
0.470679 -0.197989
0.507716 -0.19798
0.49537 -0.198041
0.516975 -0.198543
0.544753 -0.198744
0.575617 -0.199098
0.530864 -0.199468
0.558642 -0.20025
0.558642 -0.200407
0.615741 -0.200673
0.609568 -0.200693
0.62037 -0.200579
0.594136 -0.200488
0.625 -0.200161
0.655864 -0.19887
0.625 -0.197717
0.615741 -0.196738
0.637346 -0.195991
0.618827 -0.194895
0.611111 -0.194263
0.578704 -0.193738
0.563272 -0.193699
0.493827 -0.193574
0.509259 -0.193373
0.479938 -0.193176
0.489198 -0.1932
0.45216 -0.192605
0.473765 -0.192524
0.478395 -0.191955
0.524691 -0.191609
0.496914 -0.191526
0.529321 -0.191007
0.516975 -0.190147
0.566358 -0.189059
0.541667 -0.187236
0.570988 -0.186236
0.563272 -0.18542
0.57716 -0.184852
0.601852 -0.184613
0.569444 -0.184543
0.594136 -0.184334
0.563272 -0.183816
0.501543 -0.183046
0.501543 -0.182755
0.53858 -0.183038
0.521605 -0.183207
0.501543 -0.182998
0.516975 -0.182473
0.555556 -0.182269
0.526235 -0.182421
0.501543 -0.18249
0.492284 -0.182507
0.527778 -0.182739
0.475309 -0.183505
0.444444 -0.184466
0.442901 -0.185443
0.430556 -0.186974
0.455247 -0.188442
0.442901 -0.189704
0.424383 -0.190734
0.385802 -0.191471
0.388889 -0.191821
0.376543 -0.192134
0.33642 -0.192247
0.353395 -0.192522
0.322531 -0.192348
0.317901 -0.192238
0.356481 -0.192102
0.314815 -0.191851
0.311728 -0.19201
0.282407 -0.191976
0.299383 -0.191285
0.242284 -0.190246
0.246914 -0.189176
0.239198 -0.188047
0.205247 -0.187472
0.270062 -0.187572
0.296296 -0.18748
0.324074 -0.187497
0.29321 -0.187585
0.29321 -0.187415
0.330247 -0.186984
0.291667 -0.186821
0.308642 -0.186496
0.300926 -0.186053
0.313272 -0.185202
0.296296 -0.184508
0.302469 -0.183826
0.294753 -0.183234
0.302469 -0.182272
0.271605 -0.181572
0.307099 -0.18067
0.283951 -0.180223
0.273148 -0.179886
0.220679 -0.179465
0.239198 -0.179735
0.236111 -0.179977
0.228395 -0.180086
0.225309 -0.180253
0.259259 -0.180436
0.256173 -0.18033
0.290123 -0.18051
0.256173 -0.180602
0.341049 -0.18014
0.381173 -0.179553
0.388889 -0.178574
0.365741 -0.177946
0.398148 -0.176906
0.396605 -0.176068
0.364198 -0.174791
0.384259 -0.173781
0.388889 -0.172555
0.358025 -0.171394
0.384259 -0.170553
0.445988 -0.169634
0.390432 -0.169063
0.375 -0.168353
0.375 -0.168009
0.376543 -0.167314
0.371914 -0.166719
0.362654 -0.166373
0.351852 -0.166022
0.322531 -0.165947
0.37037 -0.165463
0.382716 -0.165286
0.408951 -0.164854
0.395062 -0.164564
0.412037 -0.16432
0.364198 -0.164385
0.356481 -0.164654
0.368827 -0.164886
0.37037 -0.165235
0.404321 -0.165566
0.37963 -0.166039
0.384259 -0.166222
0.37037 -0.166125
0.41358 -0.165833
0.442901 -0.165665
0.445988 -0.16547
0.405864 -0.164937
0.401235 -0.164242
0.41821 -0.164403
0.425926 -0.163878
0.453704 -0.163512
0.42284 -0.163135
0.433642 -0.162934
0.442901 -0.1628
0.42284 -0.162252
0.342593 -0.161632
0.342593 -0.161304
0.364198 -0.160761
0.371914 -0.159803
0.362654 -0.15831
0.373457 -0.156823
0.388889 -0.155081
0.412037 -0.15305
0.375 -0.150981
0.354938 -0.149252
0.373457 -0.147472
0.395062 -0.146328
0.356481 -0.145257
0.358025 -0.143907
0.347222 -0.14241
0.299383 -0.141024
0.270062 -0.139921
0.229938 -0.138672
0.219136 -0.137437
0.234568 -0.136129
0.231481 -0.135487
0.216049 -0.134464
0.209877 -0.133807
0.197531 -0.13338
0.182099 -0.133836
0.155864 -0.133495
0.165123 -0.133382
0.186728 -0.132452
0.194444 -0.131822
0.21142 -0.130611
0.191358 -0.129463
0.185185 -0.127835
0.157407 -0.126232
0.140432 -0.124707
0.16358 -0.123288
0.148148 -0.122203
0.166667 -0.121759
0.146605 -0.120926
0.137346 -0.120597
0.146605 -0.119894
0.141975 -0.119488
0.12963 -0.119765
0.141975 -0.120272
0.155864 -0.120372
0.169753 -0.120371
0.20216 -0.120058
0.194444 -0.120304
0.194444 -0.12028
0.220679 -0.120044
0.200617 -0.119656
0.16821 -0.1198
0.17284 -0.119705
0.183642 -0.119311
0.155864 -0.118358
0.146605 -0.117913
0.174383 -0.117101
0.179012 -0.115678
0.17284 -0.114308
0.175926 -0.112618
0.222222 -0.110986
0.223765 -0.109005
0.239198 -0.107532
0.222222 -0.10592
0.229938 -0.10506
0.16358 -0.104594
0.16821 -0.103871
0.162037 -0.103654
0.140432 -0.103619
0.101852 -0.103597
0.0925926 -0.104543
0.114198 -0.104953
0.0555556 -0.104971
0.0617284 -0.104242
0.118827 -0.102925
0.0725309 -0.101228
0.058642 -0.0994351
0.0262346 -0.0978391
0.0277778 -0.0964459
0.066358 -0.095107
0.0601852 -0.0936834
0.0817901 -0.0924676
0.066358 -0.0913792
0.0709877 -0.0899209
0.0694444 -0.0877849
0.100309 -0.0857597
0.12963 -0.0840788
0.123457 -0.0827962
0.125 -0.081254
0.0709877 -0.0793981
0.0848765 -0.0776054
0.0925926 -0.0759591
0.146605 -0.074222
0.203704 -0.0721328
0.216049 -0.0703031
0.214506 -0.0681255
0.225309 -0.0669012
0.242284 -0.0656156
0.212963 -0.0647346
0.25463 -0.0641552
0.276235 -0.0637048
0.234568 -0.0634078
0.219136 -0.0627408
0.234568 -0.0621812
0.20679 -0.0610264
0.242284 -0.0603218
0.248457 -0.0594061
0.217593 -0.0581717
0.208333 -0.0576186
0.222222 -0.0571522
0.233025 -0.0562208
0.179012 -0.0554965
0.177469 -0.0542106
0.185185 -0.0530573
0.16821 -0.0522184
0.137346 -0.0518568
0.195988 -0.0514691
0.185185 -0.0513774
0.183642 -0.0513073
0.231481 -0.0511464
0.253086 -0.0508049
0.234568 -0.05033
0.253086 -0.0497762
0.268519 -0.0487414
0.270062 -0.047455
0.262346 -0.0462993
0.262346 -0.0449842
0.282407 -0.0436507
0.262346 -0.0423153
0.266975 -0.0405411
0.236111 -0.039293
0.273148 -0.0380946
0.290123 -0.0365279
0.304012 -0.035226
0.283951 -0.0342524
0.29321 -0.0340193
0.290123 -0.0337968
0.277778 -0.0338836
0.283951 -0.0337736
0.239198 -0.0338398
0.25 -0.0342316
0.246914 -0.0345674
0.237654 -0.0350644
0.225309 -0.0357181
0.200617 -0.036841
0.205247 -0.0382388
0.251543 -0.0393504
0.253086 -0.0400066
0.268519 -0.0403937
0.277778 -0.0407611
0.319444 -0.0411968
0.33642 -0.0415547
0.348765 -0.041715
0.353395 -0.0419316
0.344136 -0.0423098
0.325617 -0.042887
0.310185 -0.0433771
0.324074 -0.0437811
0.294753 -0.0449575
0.285494 -0.0461941
0.282407 -0.0474858
0.251543 -0.0485538
0.287037 -0.04959
0.29784 -0.0504243
0.287037 -0.051059
0.266975 -0.0522196
0.242284 -0.0532184
0.265432 -0.0541517
0.279321 -0.0549899
0.268519 -0.0562516
0.240741 -0.0571205
0.266975 -0.0578915
0.277778 -0.0588313
0.282407 -0.0593973
0.276235 -0.0605892
0.28858 -0.0616151
0.260802 -0.0627499
0.317901 -0.0638129
0.348765 -0.064401
0.388889 -0.0649013
0.390432 -0.0654973
0.354938 -0.06651
0.347222 -0.0673159
0.395062 -0.0681201
0.387346 -0.0694038
0.337963 -0.0709384
0.381173 -0.0728585
0.378086 -0.0749223
0.362654 -0.0765886
0.362654 -0.0790736
0.33642 -0.0812815
0.382716 -0.0827846
0.381173 -0.0842808
0.401235 -0.0852397
0.399691 -0.0862814
0.458333 -0.0869517
0.481481 -0.0873824
0.46142 -0.0879166
0.5 -0.0890183
0.507716 -0.0900868
0.487654 -0.0915298
0.479938 -0.0925417
0.510802 -0.0928418
0.506173 -0.0933996
0.493827 -0.0941148
0.484568 -0.0945823
0.490741 -0.0958627
0.49537 -0.0971895
0.478395 -0.0980501
0.501543 -0.0988142
0.469136 -0.0998586
0.473765 -0.101374
0.455247 -0.103346
0.436728 -0.105063
0.459877 -0.106411
0.45216 -0.107838
0.487654 -0.109234
0.498457 -0.110474
0.458333 -0.112031
0.479938 -0.113506
0.483025 -0.114781
0.49537 -0.115952
0.473765 -0.116654
0.439815 -0.116997
0.408951 -0.117563
0.390432 -0.118233
0.367284 -0.119277
0.337963 -0.121162
0.342593 -0.122719
0.29784 -0.124837
0.290123 -0.127023
0.310185 -0.129204
0.296296 -0.131516
0.361111 -0.133606
0.33642 -0.135551
0.358025 -0.137788
0.356481 -0.140162
0.345679 -0.14295
0.354938 -0.145525
0.32716 -0.147811
0.330247 -0.149231
0.283951 -0.150286
0.305556 -0.151518
0.32716 -0.152593
0.300926 -0.153791
0.29321 -0.155032
0.294753 -0.156097
0.300926 -0.157451
0.280864 -0.158712
0.290123 -0.159826
0.276235 -0.16161
0.29784 -0.162701
0.276235 -0.164286
0.29784 -0.165925
0.319444 -0.167657
0.296296 -0.168799
0.291667 -0.170217
0.256173 -0.172126
0.256173 -0.173986
0.271605 -0.176372
0.316358 -0.178407
0.271605 -0.180041
0.25 -0.181433
0.185185 -0.182349
0.174383 -0.183137
0.183642 -0.184397
0.194444 -0.186108
0.216049 -0.18657
0.214506 -0.187572
0.234568 -0.18847
0.231481 -0.189953
0.222222 -0.190837
0.237654 -0.191499
0.243827 -0.192173
0.271605 -0.192671
0.279321 -0.193298
0.285494 -0.193544
0.274691 -0.193714
0.290123 -0.193475
0.308642 -0.193528
0.317901 -0.193022
0.322531 -0.192407
0.350309 -0.192076
0.358025 -0.191489
0.362654 -0.190921
0.358025 -0.190235
0.381173 -0.18989
0.387346 -0.190044
0.384259 -0.189903
0.373457 -0.189111
0.348765 -0.188289
0.348765 -0.187635
0.429012 -0.18695
0.381173 -0.185849
0.376543 -0.185186
0.322531 -0.184479
0.322531 -0.183696
0.342593 -0.183069
0.337963 -0.182702
0.342593 -0.182376
0.361111 -0.182187
0.33642 -0.18161
0.313272 -0.181503
0.307099 -0.182558
0.262346 -0.183787
0.316358 -0.185449
0.313272 -0.187114
0.328704 -0.188811
0.353395 -0.190208
0.313272 -0.191292
0.28858 -0.192072
0.314815 -0.192786
0.273148 -0.193666
0.253086 -0.194733
0.226852 -0.196287
0.217593 -0.197749
0.226852 -0.199357
0.219136 -0.20108
0.228395 -0.202843
0.228395 -0.20467
0.165123 -0.206244
0.177469 -0.208121
0.126543 -0.209651
0.108025 -0.211455
0.132716 -0.213202
0.103395 -0.215096
0.058642 -0.217237
0.0385802 -0.219996
0.00925926 -0.223035
0.00154321 -0.225628
0.00617284 -0.227081
0.00462963 -0.22869
0.0200617 -0.230775
0.0216049 -0.232597
0.0509259 -0.234162
0.0308642 -0.235683
0.0570988 -0.236743
0.109568 -0.237963
0.123457 -0.239195
0.148148 -0.240107
0.17284 -0.240584
0.189815 -0.241117
0.191358 -0.241563
0.179012 -0.242179
0.182099 -0.243221
0.121914 -0.244587
0.066358 -0.246362
0.0617284 -0.248077
0.0540123 -0.249968
0.0493827 -0.252095
0.0833333 -0.254519
0.066358 -0.256411
0.029321 -0.257816
0.0246914 -0.258888
0.0262346 -0.259353
0.0432099 -0.259672
0.0478395 -0.259384
0.0817901 -0.259049
0.115741 -0.258896
0.108025 -0.258768
0.121914 -0.258456
0.118827 -0.258574
0.100309 -0.25899
0.112654 -0.25959
0.087963 -0.259768
0.0108025 -0.25963
0.0169753 -0.259432
0.0339506 -0.259284
0.0108025 -0.259237
0.0169753 -0.259353
0.0493827 -0.2594
0.0277778 -0.258944
0.0108025 -0.258384
0.0200617 -0.258539
0.0339506 -0.258227
0.0324074 -0.257771
0.0185185 -0.257785
0.00617284 -0.25761
0.0432099 -0.257417
0.0169753 -0.257077
0.0385802 -0.257177
0.0339506 -0.257221
0.0138889 -0.256888
0.0339506 -0.256116
0.0277778 -0.254845
0.0478395 -0.25345
0.0771605 -0.251802
0.0972222 -0.250327
0.115741 -0.248504
0.111111 -0.246568
0.125 -0.244724
0.20679 -0.243183
0.20679 -0.241488
0.21142 -0.239097
0.180556 -0.236808
0.212963 -0.234707
0.166667 -0.232992
0.0802469 -0.230726
0.0447531 -0.229089
0.0246914 -0.227177
0.00462963 -0.225195
0.0447531 -0.22315
0.0555556 -0.221722
0.118827 -0.219871
0.182099 -0.217909
0.180556 -0.215972
0.220679 -0.213843
0.239198 -0.212241
0.25463 -0.210266
0.271605 -0.208722
0.188272 -0.206932
0.154321 -0.204729
0.12963 -0.202965
0.118827 -0.200836
0.118827 -0.199419
0.123457 -0.196975
0.0817901 -0.195185
0.0262346 -0.193828
0.0138889 -0.191873
0.0216049 -0.189541
0.0246914 -0.188249
0.0185185 -0.187366
0.00925926 -0.186422
0.0154321 -0.185651
0.037037 -0.18492
0.0416667 -0.183737
0.0447531 -0.182686
0.0524691 -0.181572
0.0385802 -0.180061
0.0617284 -0.178524
0.037037 -0.176843
0.066358 -0.175132
0.0555556 -0.173846
0.0216049 -0.172898
0.00617284 -0.17146
0.0447531 -0.170562
0.0262346 -0.170318
0.0864198 -0.169855
0.0756173 -0.169171
0.00925926 -0.168236
0.0123457 -0.166861
0.0648148 -0.165492
0.0895062 -0.164464
0.0787037 -0.163534
0.0632716 -0.16255
0.0817901 -0.162008
0.0555556 -0.161364
0.058642 -0.160583
0.0740741 -0.159325
0.0817901 -0.158244
0.087963 -0.15713
0.126543 -0.15589
0.128086 -0.154606
0.182099 -0.152841
0.175926 -0.151074
0.149691 -0.14987
0.12037 -0.148699
0.146605 -0.147628
0.146605 -0.146759
0.183642 -0.145643
0.141975 -0.144918
0.185185 -0.143512
0.16821 -0.142254
0.146605 -0.140859
0.106481 -0.139
0.111111 -0.13737
0.121914 -0.135706
0.157407 -0.134444
0.126543 -0.133291
0.0895062 -0.132532
0.095679 -0.132249
0.135802 -0.131613
0.117284 -0.130696
0.087963 -0.130632
0.0462963 -0.130963
0.0216049 -0.130961
0.00462963 -0.131057
0.0108025 -0.131355
0.0138889 -0.131085
0.0154321 -0.130259
0.0138889 -0.129813
0.00462963 -0.129128
0.058642 -0.128748
0.0324074 -0.128003
0.066358 -0.127472
0.0540123 -0.126791
0.0385802 -0.12539
0.00771605 -0.124113
0.0231481 -0.123584
0.00462963 -0.122857
0.0354938 -0.122892
0.0524691 -0.12363
0.00154321 -0.124499
0.0416667 -0.125385
0.0509259 -0.126324
0.0679012 -0.127176
0.0648148 -0.12772
0.0771605 -0.127712
0.0756173 -0.127514
0.114198 -0.126681
0.125 -0.125806
0.112654 -0.124518
0.138889 -0.123055
0.112654 -0.121318
0.0756173 -0.119765
0.0679012 -0.118291
0.137346 -0.11658
0.123457 -0.115441
0.0802469 -0.114386
0.0570988 -0.113701
0.0324074 -0.112979
0.0462963 -0.11268
0.0802469 -0.112414
0.0555556 -0.112331
0.0648148 -0.112105
0.0246914 -0.112156
0.029321 -0.112238
0.0462963 -0.112576
0.0401235 -0.112852
0.0771605 -0.112745
0.0385802 -0.112345
0.0385802 -0.111882
0.00462963 -0.111678
0.0385802 -0.111489
0.100309 -0.11106
0.087963 -0.110343
0.0787037 -0.110496
0.037037 -0.111075
0.0246914 -0.112083
0.0339506 -0.113479
0.0787037 -0.114473
0.0709877 -0.11579
0.0694444 -0.116635
0.00462963 -0.117118
0.00462963 -0.117477
0.00771605 -0.117945
0.0154321 -0.118313
0.0169753 -0.118797
0.00771605 -0.119567
0.0447531 -0.120269
0.00925926 -0.121386
0.0493827 -0.122607
0.0385802 -0.123468
0.0493827 -0.124288
0.0771605 -0.124902
0.00617284 -0.125464
0.0138889 -0.12676
0.00462963 -0.128107
0.0246914 -0.129641
0.0324074 -0.131042
0.0833333 -0.132013
0.0972222 -0.132603
0.155864 -0.133212
0.166667 -0.13358
0.188272 -0.13422
0.155864 -0.135387
0.131173 -0.136768
0.0833333 -0.13808
0.0416667 -0.140083
0.0154321 -0.141945
0.0123457 -0.144248
0.00154321 -0.146023
0.0277778 -0.147684
0.0540123 -0.149548
0.0910494 -0.15172
0.0725309 -0.154225
0.0864198 -0.157084
0.0632716 -0.159594
0.0308642 -0.162041
0.00462963 -0.164972
0.0524691 -0.167724
0.0478395 -0.170089
0.0216049 -0.172175
0.00617284 -0.173918
0.029321 -0.175647
0.0833333 -0.177492
0.0694444 -0.179605
0.0200617 -0.182162
0.0354938 -0.184616
0.00308642 -0.187626
0.00462963 -0.190664
0.0169753 -0.193898
0.00771605 -0.196916
0.0138889 -0.200016
0.0138889 -0.203714
0.0401235 -0.207208
0.0493827 -0.210994
0.0432099 -0.21446
0.0740741 -0.217253
0.0771605 -0.219906
0.112654 -0.221693
0.0725309 -0.223268
0.0725309 -0.224719
0.123457 -0.226723
0.132716 -0.227984
0.145062 -0.229402
0.174383 -0.231371
0.151235 -0.233454
0.138889 -0.235723
0.112654 -0.239056
0.101852 -0.242141
0.111111 -0.244429
0.115741 -0.246711
0.165123 -0.249041
0.160494 -0.251379
0.16821 -0.253512
0.219136 -0.255965
0.191358 -0.257837
0.197531 -0.260017
0.226852 -0.261736
0.246914 -0.263455
0.231481 -0.26522
0.185185 -0.266931
0.183642 -0.268706
0.219136 -0.270892
0.199074 -0.273783
0.212963 -0.275732
0.185185 -0.27725
0.169753 -0.279139
0.118827 -0.281352
0.188272 -0.284023
0.240741 -0.28641
0.197531 -0.288907
0.175926 -0.291458
0.197531 -0.293637
0.217593 -0.295425
0.231481 -0.297132
0.233025 -0.29857
0.186728 -0.299515
0.16358 -0.301056
0.137346 -0.302662
0.154321 -0.303708
0.155864 -0.304851
0.134259 -0.306324
0.0848765 -0.307929
0.0493827 -0.309472
0.0694444 -0.311489
0.0725309 -0.313735
0.0925926 -0.315794
0.12037 -0.317383
0.087963 -0.318745
0.115741 -0.320202
0.128086 -0.321333
0.152778 -0.322279
0.188272 -0.323678
0.16358 -0.325456
0.155864 -0.326567
0.112654 -0.327425
0.0895062 -0.328606
0.0385802 -0.329806
0.0339506 -0.331263
0.0432099 -0.332559
0.0910494 -0.333845
0.0540123 -0.334956
0.037037 -0.335806
0.00308642 -0.336964
0.0108025 -0.338046
0.0138889 -0.339577
0.0154321 -0.341174
0.00154321 -0.342755
0.0262346 -0.344744
0.0354938 -0.346481
0.0246914 -0.348412
0.0401235 -0.350208
0.0138889 -0.352116
0.00617284 -0.353667
0.0108025 -0.354869
0.0154321 -0.355505
0.0246914 -0.356497
0.00154321 -0.357319
0 -0.358432
0.0231481 -0.35938
0.0447531 -0.360659
0.00771605 -0.362525
0.0401235 -0.364737
0.0354938 -0.366751
0.0246914 -0.368991
0.00308642 -0.371616
0.0138889 -0.374491
0.00462963 -0.376907
0.0401235 -0.379016
0.0817901 -0.381206
0.12037 -0.38304
0.151235 -0.384016
0.185185 -0.384928
0.222222 -0.385693
0.219136 -0.386586
0.216049 -0.387821
0.175926 -0.389078
0.165123 -0.390373
0.186728 -0.391725
0.20679 -0.393471
0.192901 -0.39502
0.192901 -0.396058
0.180556 -0.396751
0.186728 -0.397295
0.149691 -0.397788
0.146605 -0.398343
0.106481 -0.399057
0.141975 -0.399312
0.12963 -0.39953
0.0694444 -0.400089
0.0679012 -0.400742
0.0802469 -0.401951
0.0802469 -0.402607
0.0601852 -0.403041
0.0169753 -0.402541
0.037037 -0.402442
0.0200617 -0.402424
0.0169753 -0.40226
0.0169753 -0.401775
0.037037 -0.401359
0.066358 -0.40095
0.0895062 -0.400832
0.0601852 -0.400858
0.104938 -0.401262
0.106481 -0.401548
0.135802 -0.402016
0.095679 -0.402409
0.0941358 -0.402721
0.0771605 -0.402667
0.0725309 -0.40298
0.0648148 -0.403367
0.0570988 -0.404019
0.0138889 -0.403932
0.00925926 -0.404833
0.0138889 -0.405579
0.0185185 -0.406979
0.0385802 -0.408487
0.0432099 -0.409769
0.106481 -0.411199
0.109568 -0.41298
0.123457 -0.414279
0.155864 -0.41466
0.166667 -0.414914
0.194444 -0.414791
0.197531 -0.414748
0.199074 -0.414333
0.223765 -0.41421
0.188272 -0.414324
0.171296 -0.41384
0.0925926 -0.412831
0.109568 -0.412134
0.0987654 -0.410912
0.0972222 -0.409461
0.0848765 -0.408412
0.128086 -0.407148
0.123457 -0.405498
0.138889 -0.404274
0.151235 -0.402262
0.135802 -0.400567
0.151235 -0.399375
0.154321 -0.398681
0.192901 -0.397803
0.223765 -0.39672
0.205247 -0.395834
0.222222 -0.395339
0.223765 -0.394046
0.263889 -0.392233
0.296296 -0.39067
0.362654 -0.388987
0.395062 -0.386462
0.350309 -0.383978
0.351852 -0.381926
0.358025 -0.3804
0.345679 -0.378776
0.361111 -0.377831
0.324074 -0.37683
0.378086 -0.375984
0.384259 -0.375415
0.391975 -0.374886
0.442901 -0.374022
0.45216 -0.373332
0.447531 -0.372588
0.447531 -0.371642
0.470679 -0.370682
0.449074 -0.369403
0.438272 -0.36789
0.404321 -0.366546
0.391975 -0.365043
0.398148 -0.36329
0.415123 -0.36175
0.415123 -0.360247
0.393519 -0.358843
0.373457 -0.357387
0.364198 -0.355778
0.395062 -0.35381
0.378086 -0.351839
0.37963 -0.350147
0.427469 -0.347974
0.425926 -0.345134
0.404321 -0.342355
0.364198 -0.339051
0.405864 -0.335261
0.442901 -0.33082
0.408951 -0.326226
0.425926 -0.321512
0.438272 -0.316686
0.445988 -0.3121
0.435185 -0.307834
0.425926 -0.303564
0.424383 -0.29943
0.435185 -0.295234
0.41821 -0.291638
0.382716 -0.288273
0.373457 -0.285311
0.388889 -0.282553
0.362654 -0.279967
0.359568 -0.277382
0.393519 -0.274965
0.391975 -0.27247
0.421296 -0.270217
0.447531 -0.268147
0.473765 -0.26541
0.476852 -0.26262
0.447531 -0.259674
0.449074 -0.256599
0.416667 -0.253747
0.382716 -0.250508
0.398148 -0.247972
0.401235 -0.245437
0.408951 -0.242683
0.399691 -0.240438
0.37963 -0.237541
0.365741 -0.234432
0.385802 -0.231512
0.347222 -0.228646
0.316358 -0.226031
0.410494 -0.223302
0.350309 -0.220248
0.356481 -0.217187
0.33642 -0.214316
0.334877 -0.211124
0.307099 -0.207427
0.341049 -0.203402
0.342593 -0.199602
0.345679 -0.194717
0.359568 -0.190088
0.378086 -0.184967
0.373457 -0.180422
0.365741 -0.175511
0.376543 -0.170403
0.375 -0.164991
0.41358 -0.15963
0.425926 -0.154705
0.42284 -0.149235
0.393519 -0.144423
0.401235 -0.139923
0.42284 -0.135513
0.439815 -0.13134
0.427469 -0.127129
0.433642 -0.123043
0.424383 -0.118644
0.387346 -0.114535
0.407407 -0.110258
0.405864 -0.105657
0.391975 -0.100912
0.364198 -0.0964603
0.402778 -0.0922093
0.462963 -0.0878151
0.45216 -0.0833179
0.442901 -0.0789741
0.407407 -0.0746028
0.395062 -0.0710807
0.365741 -0.0673778
0.378086 -0.0635258
0.388889 -0.0598016
0.373457 -0.0569825
0.317901 -0.0534932
0.299383 -0.0498844
0.256173 -0.0465628
0.268519 -0.0429539
0.266975 -0.0395043
0.25463 -0.0357368
0.208333 -0.0318076
0.225309 -0.0287636
0.25463 -0.0260733
0.259259 -0.0230663
0.305556 -0.0207906
0.28858 -0.0179913
0.322531 -0.0155049
0.333333 -0.0127364
0.294753 -0.00880307
0.260802 -0.00493312
0.283951 -0.00173935
0.287037 0.0019395
0.273148 0.00609169
0.302469 0.00982084
0.311728 0.0131799
0.328704 0.0170822
0.320988 0.0209328
0.311728 0.0245918
0.239198 0.0277816
0.259259 0.0308185
0.304012 0.0343196
0.32716 0.0373471
0.294753 0.0403358
0.287037 0.0432101
0.304012 0.0457398
0.277778 0.0485991
0.239198 0.0513514
0.226852 0.0535185
0.251543 0.0562492
0.294753 0.0593702
0.353395 0.0623734
0.353395 0.065362
0.382716 0.0677411
0.341049 0.0701692
0.337963 0.0720953
0.333333 0.0743194
0.29784 0.0769149
0.305556 0.0792598
0.316358 0.0815961
0.290123 0.0841398
0.262346 0.086199
0.259259 0.0884815
0.302469 0.0905752
0.342593 0.0928135
0.290123 0.0958232
0.359568 0.0986859
0.33642 0.101636
0.304012 0.103835
0.32716 0.106462
0.334877 0.108946
0.341049 0.111229
0.350309 0.113321
0.307099 0.115113
0.32716 0.11638
0.29784 0.11811
0.305556 0.119204
0.348765 0.120864
0.313272 0.123158
0.311728 0.125898
0.334877 0.128163
0.324074 0.130323
0.325617 0.132259
0.294753 0.13427
0.334877 0.136341
0.334877 0.138065
0.320988 0.139586
0.348765 0.140985
0.283951 0.143034
0.314815 0.145551
0.296296 0.147592
0.29321 0.149773
0.320988 0.151288
0.339506 0.153067
0.308642 0.154175
0.29784 0.155441
0.287037 0.157105
0.262346 0.15857
0.271605 0.159858
0.308642 0.161073
0.310185 0.162189
0.307099 0.163294
0.368827 0.165175
0.371914 0.166466
0.388889 0.168283
0.378086 0.169901
0.388889 0.17125
0.396605 0.172861
0.419753 0.174577
0.42284 0.175937
0.376543 0.176975
0.384259 0.178073
0.337963 0.178881
0.356481 0.179401
0.399691 0.180051
0.416667 0.180912
0.402778 0.181591
0.444444 0.182183
0.404321 0.182595
0.387346 0.182914
0.393519 0.182995
0.408951 0.183269
0.444444 0.183389
0.441358 0.183713
0.410494 0.184279
0.421296 0.184505
0.438272 0.185051
0.404321 0.186102
0.367284 0.187634
0.384259 0.189311
0.342593 0.191321
0.330247 0.192565
0.317901 0.194094
0.308642 0.196044
0.320988 0.197471
0.283951 0.198885
0.287037 0.199559
0.228395 0.200199
0.192901 0.200512
0.209877 0.200585
0.182099 0.200949
0.185185 0.201529
0.200617 0.201855
0.141975 0.202121
0.148148 0.201831
0.132716 0.201595
0.126543 0.20124
0.126543 0.200813
0.114198 0.201212
0.0817901 0.20178
0.00462963 0.202089
0.0108025 0.201638
0.0339506 0.200908
0.00308642 0.19929
0.00462963 0.197061
0.0339506 0.195375
0.0416667 0.193419
0.0324074 0.191164
0.0462963 0.189806
0.0493827 0.188831
0.0817901 0.187252
0.0617284 0.186136
0.066358 0.186011
0.0725309 0.18588
0.0601852 0.184596
0.087963 0.183222
0.0601852 0.181784
0.0601852 0.1799
0.0601852 0.178176
0.0478395 0.176214
0.0354938 0.174282
0.0154321 0.172815
0.0354938 0.171091
0.095679 0.169141
0.131173 0.168385
0.118827 0.167479
0.106481 0.167171
0.0910494 0.166798
0.100309 0.166828
0.12037 0.167006
0.111111 0.167222
0.0694444 0.16733
0.0462963 0.167401
0.0432099 0.167142
0.0123457 0.166391
0.0138889 0.166052
0.0339506 0.165599
0.0200617 0.165253
0.0169753 0.164292
0.0308642 0.163627
0.037037 0.162874
0.0401235 0.163112
0.029321 0.163483
0.0385802 0.164256
0.00925926 0.164789
0.0154321 0.165002
0.00771605 0.16562
0.00308642 0.165875
0.0339506 0.166174
0.0354938 0.166704
0.037037 0.167463
0.0354938 0.167866
0.00617284 0.168044
0.0262346 0.167964
0.0339506 0.167269
0.0694444 0.166065
0.0787037 0.164325
0.115741 0.162407
0.0787037 0.160521
0.0648148 0.157841
0.0555556 0.155011
0.0648148 0.152156
0.0324074 0.149357
0.0262346 0.146244
0.0324074 0.142954
0.0354938 0.13985
0.0277778 0.137036
0.0416667 0.134365
0.0185185 0.132268
0.0216049 0.129997
0.0123457 0.128089
0.0138889 0.126269
0.00308642 0.124788
0.0679012 0.123115
0.029321 0.122072
0.0385802 0.120322
0.0385802 0.11894
0.0632716 0.117074
0.0817901 0.115559
0.0601852 0.114279
0.0540123 0.113379
0.0601852 0.112167
0.0848765 0.11168
0.101852 0.111177
0.0401235 0.11014
0.0200617 0.108727
0.0108025 0.107258
0.0138889 0.10566
0.029321 0.10436
0.0308642 0.102551
0.0324074 0.100309
0.0385802 0.0982752
0.0200617 0.0970599
0.0231481 0.0951868
0.0339506 0.093662
0.0216049 0.0923937
0.00925926 0.0911572
0.0324074 0.0895732
0.106481 0.0876381
0.134259 0.0855043
0.121914 0.083813
0.145062 0.0823195
0.186728 0.0815503
0.140432 0.0802084
0.16358 0.0789038
0.143519 0.0774587
0.148148 0.0747792
0.175926 0.072446
0.20216 0.0702126
0.199074 0.0680146
0.228395 0.066101
0.21142 0.0638553
0.20216 0.0619013
0.162037 0.0599265
0.174383 0.0580343
0.137346 0.0560519
0.180556 0.0537396
0.191358 0.0515049
0.203704 0.0490758
0.225309 0.0477297
0.182099 0.0463843
0.191358 0.0447692
0.234568 0.0434366
0.234568 0.0422629
0.240741 0.040532
0.225309 0.0386942
0.242284 0.0365028
0.208333 0.0351246
0.214506 0.0340781
0.25 0.0332354
0.262346 0.0323853
0.290123 0.0326541
0.262346 0.0324912
0.287037 0.0319615
0.307099 0.0314744
0.279321 0.0314185
0.334877 0.031116
0.348765 0.0301894
0.359568 0.0287629
0.345679 0.0275662
0.33179 0.0264909
0.279321 0.0258318
0.273148 0.0249096
0.294753 0.0231725
0.348765 0.0216108
0.37963 0.0202778
0.376543 0.0192767
0.384259 0.0182048
0.364198 0.0173989
0.376543 0.0158824
0.350309 0.014644
0.33642 0.0144906
0.324074 0.0134441
0.304012 0.0117925
0.296296 0.0102362
0.320988 0.00828069
0.302469 0.00692762
0.358025 0.00538839
0.364198 0.00380066
0.330247 0.00157824
0.354938 -0.000367416
0.395062 -0.00210049
0.407407 -0.00335552
0.385802 -0.00511291
0.364198 -0.00614599
0.362654 -0.00747004
0.345679 -0.0085748
0.341049 -0.00986016
0.33179 -0.0109085
0.362654 -0.011608
0.353395 -0.0117682
0.324074 -0.0130073
0.317901 -0.0138367
0.330247 -0.015574
0.320988 -0.0172509
0.348765 -0.0190033
0.317901 -0.0209142
0.302469 -0.0232535
0.325617 -0.026138
0.325617 -0.0287467
0.274691 -0.0314205
0.313272 -0.0336809
0.32716 -0.0362527
0.353395 -0.0391061
0.345679 -0.0419901
0.342593 -0.0441555
0.356481 -0.0457437
0.399691 -0.04745
0.399691 -0.0490552
0.388889 -0.0503115
0.361111 -0.0514359
0.299383 -0.0525002
0.348765 -0.0536697
0.382716 -0.0550705
0.41358 -0.0561106
0.445988 -0.0569586
0.421296 -0.0574481
0.399691 -0.0574585
0.396605 -0.0571782
0.41358 -0.057125
0.399691 -0.0574919
0.384259 -0.0574712
0.421296 -0.0579724
0.427469 -0.0583185
0.459877 -0.0582475
0.438272 -0.0580733
0.42284 -0.0585229
0.441358 -0.0584817
0.486111 -0.0577022
0.524691 -0.0571157
0.49537 -0.0563684
0.512346 -0.0558295
0.527778 -0.0552627
0.492284 -0.0549449
0.486111 -0.0541715
0.530864 -0.0528052
0.50463 -0.0511533
0.5 -0.0488289
0.472222 -0.046705
0.478395 -0.0454354
0.46142 -0.0440448
0.462963 -0.0431464
0.470679 -0.0426601
0.436728 -0.0425336
0.415123 -0.042646
0.408951 -0.0432693
0.407407 -0.0436764
0.41821 -0.0444153
0.396605 -0.0451471
0.401235 -0.0456309
0.445988 -0.0452415
0.484568 -0.0451015
0.473765 -0.0450192
0.478395 -0.0448949
0.518519 -0.044492
0.529321 -0.043948
0.555556 -0.0433365
0.564815 -0.0433722
0.594136 -0.0435448
0.549383 -0.0435112
0.561728 -0.0439579
0.549383 -0.0445212
0.574074 -0.0449305
0.555556 -0.0448664
0.569444 -0.0444896
0.580247 -0.0437788
0.575617 -0.0436225
0.535494 -0.0434161
0.50463 -0.0425834
0.493827 -0.0418834
0.510802 -0.0411331
0.523148 -0.0404764
0.53858 -0.0399018
0.501543 -0.0394416
0.509259 -0.0394669
0.475309 -0.0389388
0.486111 -0.0380258
0.498457 -0.0372185
0.53858 -0.0355169
0.570988 -0.0336707
0.611111 -0.0325165
0.592593 -0.0305388
0.597222 -0.0289038
0.561728 -0.0274684
0.554012 -0.0266783
0.558642 -0.0261033
0.575617 -0.0253912
0.578704 -0.024888
0.564815 -0.0244073
0.537037 -0.0242096
0.537037 -0.0236341
0.503086 -0.023044
0.492284 -0.0221921
0.513889 -0.0208035
0.57716 -0.0188331
0.618827 -0.0165534
0.58642 -0.0148419
0.604938 -0.0135927
0.617284 -0.0120744
0.594136 -0.0100666
0.591049 -0.00835411
0.58642 -0.00627532
0.524691 -0.00405771
0.510802 -0.00207427
0.515432 0.000136148
0.540123 0.00169947
0.540123 0.00262615
0.476852 0.0042759
0.516975 0.00564725
0.520062 0.00739273
0.557099 0.00870374
0.54784 0.00998014
0.560185 0.0112619
0.57716 0.0122395
0.57716 0.0135459
0.580247 0.0136734
0.583333 0.0138709
0.62037 0.014818
0.655864 0.0161667
0.671296 0.0169453
0.651235 0.0179726
0.66358 0.0189587
0.623457 0.0198056
0.618827 0.0205668
0.584877 0.021577
0.617284 0.0226974
0.631173 0.0236848
0.666667 0.0246142
0.637346 0.0261794
0.637346 0.0283791
0.615741 0.0305407
0.58179 0.0321459
0.595679 0.0328311
0.612654 0.0338909
0.621914 0.0356875
0.632716 0.036978
0.609568 0.0376685
0.618827 0.0384045
0.591049 0.0392253
0.561728 0.0399936
0.603395 0.0408611
0.658951 0.0412228
0.660494 0.0414831
0.677469 0.0424991
0.66821 0.0439882
0.694444 0.0459728
0.685185 0.0479925
0.728395 0.0504614
0.748457 0.0527918
0.71142 0.0552046
0.703704 0.0573325
0.655864 0.0591916
0.662037 0.0608477
0.640432 0.0622248
0.618827 0.0632802
0.655864 0.0648571
0.635802 0.066204
0.637346 0.0682848
0.679012 0.0703195
0.685185 0.0724571
0.677469 0.073917
0.694444 0.0754379
0.725309 0.077779
0.729938 0.0796997
0.714506 0.0818554
0.699074 0.0837568
0.722222 0.0853225
0.688272 0.0871432
0.677469 0.0888929
0.66821 0.0903017
0.625 0.0916073
0.631173 0.0927333
0.603395 0.0938775
0.635802 0.0951162
0.641975 0.0963117
0.587963 0.0981389
0.58642 0.0992613
0.594136 0.100703
0.634259 0.101796
0.62963 0.102495
0.626543 0.103522
0.635802 0.104368
0.649691 0.105054
0.612654 0.105152
0.592593 0.105308
0.618827 0.105629
0.606481 0.106459
0.595679 0.107433
0.612654 0.107533
0.612654 0.107927
0.554012 0.108177
0.552469 0.109258
0.50463 0.109861
0.510802 0.11024
0.472222 0.110762
0.476852 0.111208
0.501543 0.111853
0.498457 0.112802
0.496914 0.113553
0.492284 0.114248
0.506173 0.115431
0.529321 0.116707
0.53858 0.118132
0.540123 0.120167
0.549383 0.123265
0.503086 0.125727
0.489198 0.128021
0.523148 0.130428
0.530864 0.132808
0.470679 0.135799
0.458333 0.137062
0.449074 0.138496
0.459877 0.14049
0.478395 0.142931
0.462963 0.144619
0.507716 0.146665
0.532407 0.148773
0.515432 0.151238
0.544753 0.154094
0.532407 0.156392
0.524691 0.159395
0.529321 0.162662
0.520062 0.165138
0.509259 0.167407
0.513889 0.170093
0.490741 0.171957
0.45216 0.173602
0.435185 0.175073
0.385802 0.176538
0.382716 0.177537
0.405864 0.178252
0.390432 0.179069
0.42284 0.180205
0.46142 0.180934
0.473765 0.180853
0.450617 0.180658
0.427469 0.180202
0.450617 0.179601
0.455247 0.179371
0.45216 0.178791
0.442901 0.177954
0.432099 0.177446
0.433642 0.17766
0.435185 0.178275
0.427469 0.179567
0.419753 0.179863
0.439815 0.179922
0.467593 0.179014
0.464506 0.177679
0.462963 0.176423
0.466049 0.175266
0.459877 0.174369
0.430556 0.172978
0.371914 0.17179
0.378086 0.170577
0.395062 0.169698
0.432099 0.16847
0.41821 0.168523
0.450617 0.168514
0.466049 0.168424
0.438272 0.168361
0.429012 0.168022
0.470679 0.1682
0.484568 0.168092
0.501543 0.167987
0.501543 0.167814
0.523148 0.168607
0.481481 0.169721
0.487654 0.170467
0.479938 0.171458
0.473765 0.172542
0.473765 0.173914
0.470679 0.175254
0.45679 0.176635
0.492284 0.178181
0.472222 0.179808
0.45679 0.181565
0.435185 0.182854
0.436728 0.183923
0.405864 0.184999
0.455247 0.185468
0.46142 0.186313
0.447531 0.186972
0.449074 0.18712
0.464506 0.187198
0.470679 0.187218
0.518519 0.186992
0.546296 0.186972
0.490741 0.186499
0.489198 0.185903
0.526235 0.185079
0.557099 0.184275
0.526235 0.18399
0.544753 0.184173
0.53858 0.184015
0.554012 0.183448
0.567901 0.184158
0.564815 0.184463
0.570988 0.184408
0.533951 0.185008
0.523148 0.185687
0.507716 0.185948
0.469136 0.185418
0.509259 0.184452
0.513889 0.183221
0.530864 0.181988
0.515432 0.180873
0.529321 0.180238
0.54321 0.179458
0.530864 0.179057
0.512346 0.179325
0.529321 0.179324
0.512346 0.180243
0.50463 0.181503
0.524691 0.182535
0.54784 0.183539
0.523148 0.184788
0.523148 0.186175
0.541667 0.187006
0.524691 0.188154
0.501543 0.189505
0.489198 0.191892
0.515432 0.193434
0.555556 0.195087
0.564815 0.196705
0.560185 0.199011
0.572531 0.200586
0.560185 0.202741
0.570988 0.204197
0.564815 0.205847
0.546296 0.207137
0.512346 0.208268
0.532407 0.209748
0.49537 0.211174
0.510802 0.211999
0.54784 0.212782
0.527778 0.213314
0.595679 0.213478
0.58179 0.213197
0.58642 0.213026
0.631173 0.213021
0.62037 0.212161
0.597222 0.210575
0.58642 0.208551
0.612654 0.205818
0.58179 0.204475
0.594136 0.203098
0.592593 0.201574
0.592593 0.199677
0.611111 0.197536
0.592593 0.194508
0.541667 0.191476
0.550926 0.187887
0.507716 0.184628
0.490741 0.180913
0.479938 0.177865
0.45679 0.174475
0.493827 0.171209
0.53858 0.168304
0.509259 0.165525
0.472222 0.163229
0.515432 0.160135
0.524691 0.157013
0.498457 0.154145
0.490741 0.151979
0.484568 0.150049
0.455247 0.147679
0.479938 0.144834
0.469136 0.142307
0.445988 0.139046
0.467593 0.13577
0.447531 0.13284
0.388889 0.130279
0.375 0.127131
0.344136 0.124247
0.316358 0.121733
0.330247 0.11866
0.412037 0.11612
0.430556 0.113815
0.436728 0.111694
0.479938 0.109967
0.469136 0.10782
0.483025 0.105835
0.475309 0.10328
0.464506 0.100482
0.455247 0.097987
0.489198 0.0961435
0.498457 0.0937485
0.486111 0.0914915
0.513889 0.089761
0.527778 0.0883963
0.469136 0.0866525
0.436728 0.0845979
0.433642 0.0821945
0.435185 0.0794645
0.425926 0.0769456
0.402778 0.0747149
0.425926 0.0719559
0.435185 0.0695719
0.429012 0.0672399
0.438272 0.0649699
0.405864 0.0627432
0.433642 0.0604968
0.424383 0.0587413
0.382716 0.0565863
0.433642 0.0539165
0.432099 0.0514106
0.41821 0.0482651
0.384259 0.0450393
0.393519 0.0420932
0.450617 0.0390012
0.498457 0.0360068
0.484568 0.0335731
0.481481 0.0312221
0.447531 0.0285591
0.427469 0.0256353
0.398148 0.0219617
0.387346 0.0192006
0.398148 0.0163197
0.393519 0.0137094
0.391975 0.0107807
0.390432 0.00828579
0.447531 0.00543813
0.429012 0.00261859
0.432099 -0.000631447
0.45679 -0.0036873
0.447531 -0.00627401
0.459877 -0.00797572
0.45216 -0.00958396
0.430556 -0.0106844
0.439815 -0.0114605
0.415123 -0.0123874
0.373457 -0.0141865
0.388889 -0.0155344
0.424383 -0.0162794
0.45216 -0.017048
0.513889 -0.0181063
0.5 -0.0189363
0.526235 -0.0198735
0.540123 -0.0205289
0.546296 -0.0213911
0.575617 -0.0218651
0.580247 -0.0223465
0.574074 -0.0226304
0.615741 -0.0228723
0.595679 -0.0235296
0.584877 -0.0240883
0.561728 -0.0245648
0.578704 -0.0244804
0.58642 -0.0236011
0.601852 -0.0227856
0.625 -0.0221833
0.614198 -0.0213775
0.643519 -0.0205962
0.683642 -0.0197489
0.671296 -0.0191265
0.626543 -0.0176254
0.660494 -0.0164319
0.594136 -0.0150713
0.628086 -0.014141
0.614198 -0.0130206
0.595679 -0.0122681
0.566358 -0.0120701
0.570988 -0.0120861
0.546296 -0.0122473
0.515432 -0.0117569
0.533951 -0.0114547
0.540123 -0.011212
0.53858 -0.0106517
0.566358 -0.0100141
0.541667 -0.0103131
0.506173 -0.0115068
0.49537 -0.0135291
0.483025 -0.0157666
0.501543 -0.0178941
0.513889 -0.0195383
0.518519 -0.0212171
0.529321 -0.0229522
0.524691 -0.0242685
0.563272 -0.0258367
0.594136 -0.0276896
0.53858 -0.0290791
0.526235 -0.0302748
0.512346 -0.0313086
0.521605 -0.0331775
0.486111 -0.0362088
0.515432 -0.0388847
0.509259 -0.0419223
0.506173 -0.0446683
0.489198 -0.0471302
0.555556 -0.0499853
0.615741 -0.0526325
0.598765 -0.0541332
0.566358 -0.0555448
0.574074 -0.0579141
0.615741 -0.0602437
0.646605 -0.0612744
0.683642 -0.0624363
0.709877 -0.064329
0.691358 -0.0663137
0.716049 -0.0684123
0.67284 -0.0704051
0.651235 -0.0720482
0.666667 -0.0742789
0.691358 -0.0757626
0.688272 -0.0771538
0.74537 -0.078256
0.731481 -0.0790847
0.728395 -0.0801819
0.720679 -0.0813165
0.716049 -0.0825293
0.700617 -0.083921
0.714506 -0.0851574
0.674383 -0.0860544
0.679012 -0.0875131
0.680556 -0.0888943
0.699074 -0.0903646
0.67284 -0.0913382
0.675926 -0.0923144
0.662037 -0.0939977
0.666667 -0.0950797
0.651235 -0.0959123
0.67284 -0.0963361
0.638889 -0.0970025
0.643519 -0.0977751
0.654321 -0.0986853
0.654321 -0.0996322
0.685185 -0.100228
0.66358 -0.100945
0.671296 -0.101887
0.638889 -0.103437
0.677469 -0.10498
0.66821 -0.106074
0.652778 -0.107254
0.651235 -0.108161
0.645062 -0.108657
0.666667 -0.109295
0.675926 -0.110108
0.688272 -0.110746
0.689815 -0.111458
0.71142 -0.112152
0.660494 -0.111621
0.67284 -0.111404
0.733025 -0.111674
0.726852 -0.111619
0.723765 -0.111199
0.717593 -0.110929
0.742284 -0.110858
0.766975 -0.10993
0.766975 -0.109096
0.765432 -0.10725
0.782407 -0.104431
0.785494 -0.101433
0.773148 -0.0987892
0.768519 -0.0965613
0.776235 -0.0941732
0.779321 -0.0920685
0.770062 -0.0896087
0.819444 -0.0874361
0.791667 -0.0849577
0.785494 -0.0816817
0.75 -0.0781787
0.75463 -0.074394
0.734568 -0.0701418
0.709877 -0.0659205
0.700617 -0.0621166
0.688272 -0.0588342
0.683642 -0.0561773
0.691358 -0.0538273
0.692901 -0.0516629
0.71142 -0.0487236
0.677469 -0.0462985
0.686728 -0.0443307
0.675926 -0.0428428
0.686728 -0.0409753
0.70216 -0.0396625
0.675926 -0.0387888
0.697531 -0.0380368
0.703704 -0.0367215
0.682099 -0.0357437
0.683642 -0.0343851
0.655864 -0.0329087
0.57716 -0.0305722
0.578704 -0.0284935
0.637346 -0.0272216
0.654321 -0.0260825
0.651235 -0.0251357
0.669753 -0.0244391
0.67284 -0.0235239
0.641975 -0.022367
0.612654 -0.0214082
0.612654 -0.0207403
0.57716 -0.0200361
0.597222 -0.0195615
0.550926 -0.0192335
0.530864 -0.0180491
0.532407 -0.0165599
0.550926 -0.0149164
0.557099 -0.0133358
0.513889 -0.0116825
0.515432 -0.0105905
0.53858 -0.00940469
0.569444 -0.00703807
0.541667 -0.0047496
0.493827 -0.00284908
0.521605 -0.00134834
0.50463 0.000362453
0.515432 0.00192825
0.544753 0.0045851
0.541667 0.00725661
0.533951 0.00968405
0.521605 0.0120567
0.537037 0.0141475
0.540123 0.0153938
0.54784 0.0167652
0.567901 0.018235
0.594136 0.019844
0.583333 0.0216136
0.612654 0.0235408
0.635802 0.0259121
0.635802 0.0286733
0.646605 0.0316987
0.669753 0.0345876
0.682099 0.0372339
0.677469 0.0397589
0.686728 0.0428583
0.700617 0.046265
0.709877 0.048899
0.739198 0.0515987
0.680556 0.0540942
0.666667 0.0568884
0.677469 0.0592907
0.691358 0.0621266
0.643519 0.0650667
0.625 0.0676579
0.595679 0.0699438
0.62963 0.0726082
0.600309 0.0754579
0.572531 0.0778779
0.557099 0.0801424
0.575617 0.0825768
0.54321 0.0855836
0.518519 0.0883736
0.478395 0.0910933
0.483025 0.0935052
0.507716 0.0956669
0.580247 0.0980431
0.570988 0.100447
0.587963 0.103046
0.574074 0.104756
0.592593 0.107233
0.560185 0.109444
0.566358 0.111258
0.567901 0.112953
0.540123 0.114718
0.529321 0.116539
0.45679 0.119082
0.478395 0.120836
0.439815 0.122716
0.459877 0.124203
0.438272 0.125073
0.412037 0.12552
0.441358 0.125937
0.45216 0.125269
0.391975 0.123987
0.421296 0.123491
0.466049 0.123251
0.45679 0.122782
0.408951 0.122395
0.393519 0.121726
0.387346 0.120642
0.399691 0.119333
0.421296 0.118478
0.447531 0.118373
0.473765 0.118962
0.459877 0.119203
0.481481 0.119778
0.529321 0.119812
0.518519 0.11964
0.558642 0.120219
0.564815 0.120896
0.58642 0.121578
0.589506 0.121952
0.598765 0.12211
0.634259 0.122787
0.649691 0.123436
0.662037 0.12384
0.679012 0.124012
0.692901 0.124492
0.657407 0.125206
0.635802 0.126156
0.666667 0.127128
0.666667 0.128125
0.648148 0.12865
0.640432 0.129241
0.638889 0.129555
0.634259 0.129752
0.587963 0.130395
0.597222 0.130405
0.641975 0.130302
0.608025 0.129675
0.641975 0.128678
0.612654 0.127083
0.601852 0.125867
0.638889 0.124297
0.606481 0.122536
0.614198 0.120507
0.614198 0.11958
0.614198 0.119007
0.595679 0.11857
0.614198 0.118567
0.589506 0.119677
0.54321 0.120258
0.483025 0.121114
0.503086 0.122642
0.49537 0.123695
0.501543 0.123397
0.476852 0.123025
0.432099 0.121953
0.415123 0.120793
0.42284 0.119051
0.458333 0.117756
0.470679 0.115869
0.430556 0.114206
0.387346 0.111991
0.37963 0.109676
0.376543 0.10819
0.373457 0.107569
0.404321 0.107336
0.42284 0.107445
0.399691 0.107913
0.382716 0.109323
0.407407 0.109826
0.424383 0.110477
0.447531 0.110711
0.476852 0.111488
0.490741 0.112152
0.487654 0.112878
0.475309 0.112771
0.501543 0.113053
0.518519 0.113132
0.529321 0.113083
0.518519 0.113153
0.509259 0.113374
0.493827 0.113513
0.557099 0.114468
0.600309 0.114957
0.580247 0.115756
0.526235 0.116397
0.483025 0.117813
0.479938 0.118145
0.513889 0.118118
0.481481 0.118035
0.464506 0.117395
0.487654 0.116245
0.510802 0.11594
0.515432 0.115205
0.455247 0.115401
0.444444 0.116412
0.419753 0.117341
0.42284 0.117602
0.415123 0.117931
0.396605 0.117351
0.37037 0.117199
0.356481 0.116903
0.364198 0.11688
0.328704 0.115627
0.29321 0.11485
0.320988 0.114276
0.402778 0.113601
0.402778 0.114078
0.396605 0.11485
0.458333 0.114849
0.442901 0.114793
0.408951 0.115188
0.439815 0.11532
0.427469 0.11516
0.371914 0.114554
0.376543 0.113647
0.376543 0.112755
0.378086 0.111227
0.393519 0.110223
0.364198 0.108467
0.402778 0.107066
0.408951 0.106212
0.42284 0.105432
0.405864 0.105182
0.42284 0.104446
0.421296 0.104095
0.416667 0.103988
0.441358 0.103623
0.407407 0.102258
0.435185 0.101326
0.462963 0.100785
0.395062 0.100108
0.404321 0.0993438
0.37963 0.0990863
0.375 0.098883
0.430556 0.0982433
0.421296 0.0971632
0.364198 0.095848
0.408951 0.0936383
0.37963 0.0917383
0.371914 0.0905817
0.387346 0.0887482
0.398148 0.0871185
0.344136 0.0857031
0.305556 0.0836024
0.305556 0.0810976
0.305556 0.078682
0.325617 0.0765278
0.361111 0.0742089
0.368827 0.0715389
0.348765 0.0690325
0.398148 0.0660883
0.391975 0.0641252
0.408951 0.0618944
0.368827 0.0602071
0.396605 0.0578189
0.353395 0.0555972
0.294753 0.0536168
0.371914 0.0511139
0.347222 0.0490623
0.322531 0.0464405
0.276235 0.0426993
0.296296 0.0401044
0.304012 0.0371866
0.271605 0.0350831
0.274691 0.0324099
0.262346 0.0295424
0.313272 0.026343
0.280864 0.0230916
0.270062 0.0188678
0.266975 0.0144735
0.212963 0.0109672
0.183642 0.00792322
0.205247 0.0046879
0.197531 0.00115934
0.149691 -0.00141434
0.16358 -0.00344617
0.217593 -0.00534776
0.180556 -0.00680264
0.16358 -0.0077761
0.114198 -0.00851374
0.121914 -0.0105995
0.16358 -0.0128149
0.165123 -0.0152539
0.169753 -0.0178517
0.217593 -0.0201986
0.266975 -0.0219966
0.246914 -0.0233766
0.217593 -0.0246205
0.228395 -0.0255763
0.246914 -0.0269986
0.231481 -0.0288786
0.260802 -0.030816
0.285494 -0.0314399
0.259259 -0.031539
0.276235 -0.0319006
0.28858 -0.0313683
0.239198 -0.0304648
0.248457 -0.0297925
0.276235 -0.0294314
0.268519 -0.0292714
0.251543 -0.0282917
0.274691 -0.0272652
0.280864 -0.0261287
0.291667 -0.0254603
0.322531 -0.0258694
0.302469 -0.026931
0.299383 -0.027664
0.270062 -0.0279774
0.223765 -0.0287724
0.233025 -0.0295045
0.265432 -0.0297573
0.248457 -0.029916
0.225309 -0.0295845
0.29321 -0.0296736
0.234568 -0.0298424
0.262346 -0.0291437
0.29784 -0.0281373
0.248457 -0.0266411
0.248457 -0.0258503
0.270062 -0.0248467
0.291667 -0.0244482
0.262346 -0.0246381
0.273148 -0.0252363
0.29321 -0.0249597
0.25463 -0.0250014
0.234568 -0.0248511
0.260802 -0.0256161
0.234568 -0.0262581
0.242284 -0.0274291
0.259259 -0.0283488
0.300926 -0.0291887
0.33179 -0.0301699
0.333333 -0.030719
0.307099 -0.031025
0.324074 -0.0314045
0.348765 -0.032795
0.378086 -0.0341388
0.353395 -0.0353955
0.310185 -0.0367316
0.353395 -0.0381807
0.350309 -0.0387103
0.362654 -0.0398762
0.339506 -0.041287
0.371914 -0.0427727
0.378086 -0.0444946
0.368827 -0.0456405
0.361111 -0.0459521
0.348765 -0.0475282
0.356481 -0.0491704
0.348765 -0.0501954
0.311728 -0.0518762
0.310185 -0.0541637
0.314815 -0.0570154
0.296296 -0.059499
0.302469 -0.0615425
0.279321 -0.063637
0.270062 -0.0665044
0.265432 -0.0694004
0.279321 -0.0727427
0.296296 -0.0762442
0.328704 -0.0796014
0.33179 -0.0830654
0.328704 -0.0857075
0.324074 -0.0879911
0.313272 -0.0907919
0.299383 -0.0939776
0.29321 -0.0956647
0.300926 -0.097621
0.322531 -0.0989756
0.299383 -0.100694
0.337963 -0.102557
0.328704 -0.104198
0.341049 -0.106
0.322531 -0.108239
0.344136 -0.109854
0.37037 -0.111797
0.378086 -0.114157
0.376543 -0.115867
0.378086 -0.117124
0.299383 -0.119014
0.274691 -0.12104
0.268519 -0.122675
0.24537 -0.123876
0.220679 -0.125247
0.197531 -0.126334
0.180556 -0.127413
0.148148 -0.128273
0.165123 -0.129031
0.177469 -0.129543
0.171296 -0.129321
0.20679 -0.129131
0.217593 -0.129479
0.188272 -0.129657
0.228395 -0.12983
0.263889 -0.130174
0.257716 -0.130556
0.270062 -0.131119
0.304012 -0.131724
0.314815 -0.132318
0.291667 -0.132801
0.268519 -0.134026
0.234568 -0.135016
0.233025 -0.136035
0.280864 -0.136208
0.308642 -0.136268
0.248457 -0.135777
0.259259 -0.134871
0.296296 -0.133908
0.266975 -0.133129
0.290123 -0.133017
0.28858 -0.133257
0.291667 -0.133343
0.320988 -0.13279
0.29784 -0.132818
0.320988 -0.133306
0.32716 -0.133848
0.344136 -0.134039
0.347222 -0.133967
0.384259 -0.133828
0.410494 -0.131888
0.398148 -0.129639
0.359568 -0.127277
0.375 -0.124798
0.37037 -0.123178
0.401235 -0.121573
0.441358 -0.119591
0.371914 -0.118446
0.385802 -0.116375
0.385802 -0.11488
0.362654 -0.113199
0.341049 -0.111745
0.361111 -0.111125
0.351852 -0.110862
0.337963 -0.111016
0.37963 -0.110351
0.367284 -0.109813
0.378086 -0.109061
0.408951 -0.108232
0.393519 -0.107167
0.421296 -0.106502
0.453704 -0.104988
0.458333 -0.103877
0.435185 -0.102944
0.479938 -0.101846
0.458333 -0.101081
0.412037 -0.0996157
0.401235 -0.0987924
0.410494 -0.0986559
0.425926 -0.0985404
0.356481 -0.0985275
0.324074 -0.0992741
0.339506 -0.0991161
0.359568 -0.0991773
0.345679 -0.0993137
0.405864 -0.100067
0.390432 -0.100219
0.402778 -0.0999348
0.391975 -0.0984866
0.37037 -0.0971974
0.388889 -0.0958716
0.427469 -0.0946141
0.470679 -0.0939715
0.487654 -0.0925767
0.46142 -0.0920452
0.455247 -0.0913321
0.433642 -0.0907692
0.429012 -0.0906429
0.432099 -0.0909583
0.398148 -0.0914635
0.382716 -0.0918318
0.390432 -0.0930837
0.416667 -0.0941627
0.441358 -0.0950691
0.462963 -0.0959715
0.449074 -0.0971779
0.41358 -0.0978561
0.444444 -0.0981917
0.445988 -0.0987515
0.449074 -0.0990192
0.407407 -0.0992504
0.393519 -0.0995895
0.395062 -0.100791
0.449074 -0.101479
0.433642 -0.102508
0.473765 -0.103058
0.424383 -0.103675
0.432099 -0.103923
0.433642 -0.1047
0.41821 -0.105337
0.433642 -0.106049
0.430556 -0.106593
0.432099 -0.10744
0.450617 -0.108362
0.453704 -0.109754
0.449074 -0.110051
0.447531 -0.110732
0.388889 -0.111587
0.398148 -0.112627
0.382716 -0.11384
0.359568 -0.114971
0.364198 -0.116086
0.328704 -0.116932
0.304012 -0.117235
0.314815 -0.117801
0.29321 -0.119346
0.324074 -0.120885
0.376543 -0.123284
0.388889 -0.125877
0.410494 -0.128391
0.375 -0.130677
0.391975 -0.132122
0.381173 -0.134088
0.371914 -0.135319
0.311728 -0.135901
0.334877 -0.136223
0.330247 -0.135849
0.347222 -0.134936
0.291667 -0.13515
0.307099 -0.13569
0.337963 -0.136232
0.359568 -0.13687
0.305556 -0.137105
0.322531 -0.136381
0.300926 -0.135382
0.300926 -0.135282
0.300926 -0.135369
0.294753 -0.135007
0.29784 -0.135728
0.316358 -0.136378
0.294753 -0.137972
0.310185 -0.13927
0.302469 -0.140007
0.33179 -0.141285
0.320988 -0.141753
0.280864 -0.141494
0.290123 -0.140544
0.324074 -0.140045
0.291667 -0.139661
0.290123 -0.139316
0.313272 -0.138692
0.311728 -0.138363
0.291667 -0.138637
0.319444 -0.139478
0.304012 -0.141037
0.314815 -0.143175
0.256173 -0.146087
0.268519 -0.147846
0.256173 -0.150229
0.273148 -0.152545
0.277778 -0.154594
0.310185 -0.155974
0.263889 -0.156782
0.266975 -0.157667
0.290123 -0.157906
0.324074 -0.157891
0.348765 -0.158253
0.320988 -0.15907
0.305556 -0.159672
0.296296 -0.161301
0.256173 -0.162259
0.265432 -0.163366
0.325617 -0.164754
0.347222 -0.165674
0.382716 -0.166777
0.41821 -0.168401
0.424383 -0.169917
0.45216 -0.171591
0.49537 -0.172342
0.481481 -0.172968
0.487654 -0.173992
0.470679 -0.175528
0.435185 -0.176216
0.430556 -0.17661
0.404321 -0.177796
0.393519 -0.179423
0.359568 -0.181721
0.350309 -0.18511
0.348765 -0.187604
0.37037 -0.189923
0.378086 -0.19159
0.415123 -0.193571
0.433642 -0.195171
0.407407 -0.196761
0.356481 -0.197628
0.361111 -0.198525
0.378086 -0.19894
0.410494 -0.19912
0.430556 -0.199947
0.445988 -0.200711
0.421296 -0.202662
0.391975 -0.204957
0.410494 -0.206482
0.408951 -0.20758
0.42284 -0.208581
0.399691 -0.209127
0.393519 -0.209493
0.337963 -0.210773
0.330247 -0.212419
0.358025 -0.214279
0.341049 -0.21527
0.37037 -0.216399
0.37963 -0.217554
0.384259 -0.218719
0.398148 -0.219745
0.37963 -0.219946
0.345679 -0.220035
0.399691 -0.220239
0.345679 -0.220696
0.339506 -0.221508
0.313272 -0.222383
0.251543 -0.222966
0.242284 -0.223266
0.229938 -0.223637
0.248457 -0.224323
0.248457 -0.225284
0.242284 -0.227252
0.203704 -0.228482
0.185185 -0.230789
0.203704 -0.23282
0.194444 -0.234893
0.179012 -0.236048
0.179012 -0.237668
0.220679 -0.238405
0.195988 -0.238626
0.268519 -0.238354
0.304012 -0.238613
0.291667 -0.238542
0.307099 -0.23825
0.296296 -0.237405
0.322531 -0.237156
0.287037 -0.236543
0.251543 -0.237268
0.251543 -0.237002
0.24537 -0.237608
0.237654 -0.238755
0.236111 -0.239642
0.236111 -0.241148
0.262346 -0.242112
0.25 -0.242815
0.260802 -0.243752
0.228395 -0.244614
0.189815 -0.246204
0.225309 -0.248222
0.200617 -0.25027
0.217593 -0.251753
0.180556 -0.252487
0.186728 -0.254288
0.197531 -0.25691
0.166667 -0.259291
0.143519 -0.262096
0.191358 -0.265009
0.152778 -0.268029
0.158951 -0.270725
0.145062 -0.274435
0.145062 -0.278127
0.12037 -0.28091
0.128086 -0.283824
0.134259 -0.286032
0.111111 -0.288322
0.12963 -0.290935
0.143519 -0.293656
0.152778 -0.295973
0.155864 -0.298309
0.138889 -0.299986
0.134259 -0.301584
0.115741 -0.303559
0.115741 -0.305766
0.109568 -0.307112
0.140432 -0.308817
0.143519 -0.309728
0.17284 -0.310318
0.160494 -0.309812
0.20216 -0.309857
0.234568 -0.309665
0.262346 -0.308973
0.305556 -0.308204
0.308642 -0.307554
0.320988 -0.307592
0.308642 -0.307172
0.330247 -0.307284
0.330247 -0.307747
0.320988 -0.308209
0.324074 -0.309507
0.304012 -0.311365
0.320988 -0.313485
0.302469 -0.315619
0.259259 -0.317466
0.225309 -0.31936
0.265432 -0.321313
0.229938 -0.322493
0.214506 -0.324083
0.236111 -0.325939
0.246914 -0.327429
0.242284 -0.329686
0.251543 -0.331928
0.299383 -0.333582
0.291667 -0.335294
0.302469 -0.336985
0.337963 -0.338353
0.341049 -0.339563
0.319444 -0.341536
0.291667 -0.344444
0.271605 -0.3462
0.268519 -0.348164
0.248457 -0.349637
0.28858 -0.351676
0.259259 -0.352941
0.307099 -0.353992
0.337963 -0.354567
0.376543 -0.354336
0.373457 -0.353264
0.382716 -0.352522
0.390432 -0.351685
0.410494 -0.35075
0.455247 -0.349472
0.445988 -0.347982
0.41358 -0.346945
0.398148 -0.346227
0.376543 -0.345116
0.325617 -0.344777
0.350309 -0.344093
0.361111 -0.343576
0.396605 -0.34316
0.398148 -0.34337
0.433642 -0.343227
0.429012 -0.343594
0.393519 -0.344187
0.421296 -0.344447
0.41821 -0.343685
0.415123 -0.343599
0.444444 -0.343429
0.429012 -0.34379
0.458333 -0.344301
0.484568 -0.344407
0.493827 -0.344512
0.441358 -0.345528
0.433642 -0.346516
0.478395 -0.34754
0.445988 -0.347688
0.45216 -0.34792
0.438272 -0.347992
0.435185 -0.348262
0.429012 -0.348497
0.459877 -0.348534
0.432099 -0.348584
0.455247 -0.347841
0.475309 -0.346197
0.486111 -0.344515
0.473765 -0.343594
0.445988 -0.342566
0.401235 -0.341958
0.41821 -0.341558
0.412037 -0.341423
0.419753 -0.341773
0.475309 -0.342087
0.433642 -0.342128
0.384259 -0.342057
0.373457 -0.342255
0.407407 -0.342227
0.373457 -0.341674
0.316358 -0.341238
0.319444 -0.340721
0.354938 -0.339557
0.401235 -0.339462
0.367284 -0.338446
0.37037 -0.337082
0.384259 -0.335809
0.398148 -0.334624
0.390432 -0.333561
0.438272 -0.332379
0.433642 -0.332061
0.424383 -0.331463
0.427469 -0.33155
0.405864 -0.331352
0.412037 -0.331726
0.41821 -0.333103
0.408951 -0.334596
0.432099 -0.336563
0.435185 -0.33732
0.404321 -0.338062
0.378086 -0.338702
0.393519 -0.340028
0.405864 -0.341145
0.436728 -0.341915
0.412037 -0.343762
0.390432 -0.34604
0.373457 -0.347981
0.402778 -0.350242
0.359568 -0.353107
0.37037 -0.355554
0.402778 -0.357781
0.41821 -0.360266
0.371914 -0.362199
0.396605 -0.364059
0.376543 -0.366215
0.368827 -0.368358
0.356481 -0.370792
0.33179 -0.374115
0.393519 -0.377736
0.42284 -0.381663
0.410494 -0.385886
0.412037 -0.390318
0.395062 -0.39449
0.421296 -0.398702
0.408951 -0.402454
0.404321 -0.405493
0.385802 -0.408512
0.41358 -0.411471
0.405864 -0.414379
0.447531 -0.417164
0.466049 -0.418969
0.453704 -0.419827
0.429012 -0.419959
0.429012 -0.420112
0.410494 -0.420514
0.453704 -0.421485
0.473765 -0.422419
0.45679 -0.422518
0.439815 -0.423194
0.435185 -0.423545
0.404321 -0.42511
0.464506 -0.426235
0.444444 -0.427407
0.419753 -0.42738
0.433642 -0.42671
0.438272 -0.426093
0.412037 -0.425301
0.404321 -0.423498
0.396605 -0.421888
0.345679 -0.419901
0.408951 -0.417513
0.425926 -0.414105
0.459877 -0.410429
0.478395 -0.406243
0.442901 -0.402097
0.42284 -0.398171
0.455247 -0.394209
0.427469 -0.389679
0.455247 -0.386418
0.45679 -0.38261
0.412037 -0.380039
0.442901 -0.377403
0.483025 -0.375456
0.449074 -0.374233
0.447531 -0.373344
0.439815 -0.371625
0.46142 -0.370222
0.481481 -0.367314
0.475309 -0.364659
0.513889 -0.361753
0.510802 -0.358344
0.54321 -0.354585
0.515432 -0.351566
0.532407 -0.348757
0.515432 -0.346447
0.481481 -0.344329
0.521605 -0.342365
0.546296 -0.339644
0.524691 -0.337509
0.546296 -0.335116
0.518519 -0.332653
0.509259 -0.329299
0.509259 -0.325272
0.445988 -0.321012
0.459877 -0.315938
0.475309 -0.310542
0.492284 -0.304894
0.45216 -0.298758
0.467593 -0.293082
0.46142 -0.287448
0.464506 -0.282409
0.438272 -0.277196
0.402778 -0.272276
0.399691 -0.267323
0.41358 -0.263239
0.438272 -0.259012
0.459877 -0.255824
0.484568 -0.25271
0.49537 -0.249262
0.496914 -0.246101
0.470679 -0.242636
0.45679 -0.239086
0.509259 -0.235443
0.532407 -0.231626
0.549383 -0.228578
0.533951 -0.224742
0.549383 -0.221387
0.601852 -0.218638
0.649691 -0.215686
0.66358 -0.212551
0.648148 -0.209363
0.640432 -0.207341
0.655864 -0.205306
0.677469 -0.203208
0.662037 -0.201199
0.675926 -0.199167
0.677469 -0.197495
0.708333 -0.19657
0.685185 -0.19623
0.669753 -0.195877
0.677469 -0.195792
0.674383 -0.196113
0.675926 -0.196474
0.70679 -0.196524
0.691358 -0.196254
0.648148 -0.19528
0.654321 -0.192943
0.669753 -0.189883
0.62963 -0.186641
0.621914 -0.18332
0.600309 -0.1791
0.58642 -0.176333
0.570988 -0.172994
0.555556 -0.170996
0.572531 -0.167793
0.595679 -0.164684
0.580247 -0.162392
0.554012 -0.160067
0.569444 -0.158393
0.58642 -0.155648
0.589506 -0.152776
0.564815 -0.149952
0.569444 -0.147814
0.611111 -0.144792
0.62963 -0.141793
0.604938 -0.138622
0.631173 -0.134913
0.598765 -0.131594
0.572531 -0.128383
0.566358 -0.126013
0.563272 -0.124108
0.561728 -0.122269
0.612654 -0.120499
0.618827 -0.119079
0.580247 -0.117721
0.546296 -0.115773
0.564815 -0.114719
0.54784 -0.113423
0.608025 -0.111416
0.575617 -0.109264
0.570988 -0.107386
0.533951 -0.103896
0.516975 -0.100813
0.510802 -0.0979184
0.49537 -0.0943016
0.438272 -0.0908038
0.399691 -0.0864579
0.356481 -0.0831917
0.367284 -0.0802124
0.368827 -0.0769224
0.365741 -0.0737546
0.322531 -0.0698706
0.33642 -0.0667178
0.333333 -0.0639621
0.320988 -0.0613659
0.302469 -0.0589461
0.268519 -0.0566608
0.242284 -0.0543713
0.25463 -0.0523538
0.277778 -0.0501277
0.32716 -0.0472546
0.324074 -0.0435761
0.273148 -0.04146
0.268519 -0.0395502
0.285494 -0.0373425
0.291667 -0.0341592
0.260802 -0.0314726
0.240741 -0.0291135
0.231481 -0.0269427
0.251543 -0.0251119
0.248457 -0.0234172
0.273148 -0.0217371
0.271605 -0.0192368
0.283951 -0.0171165
0.283951 -0.0148863
0.285494 -0.0124734
0.330247 -0.0105575
0.371914 -0.00895124
0.362654 -0.00749017
0.399691 -0.0048841
0.384259 -0.00264079
0.359568 -0.00081438
0.32716 0.000834259
0.270062 0.00292704
0.273148 0.00526367
0.240741 0.00799334
0.268519 0.010577
0.257716 0.0133782
0.257716 0.0164941
0.256173 0.0185607
0.273148 0.020297
0.257716 0.0210022
0.287037 0.0222895
0.274691 0.0230777
0.282407 0.0244955
0.319444 0.0261766
0.296296 0.0284535
0.322531 0.031888
0.260802 0.0351435
0.328704 0.0381104
0.334877 0.040977
0.342593 0.0442262
0.368827 0.0489288
0.387346 0.0537451
0.354938 0.0587911
0.359568 0.0641708
0.37963 0.0700667
0.33179 0.0759506
0.328704 0.0802414
0.316358 0.084516
0.408951 0.0897146
0.396605 0.0951085
0.339506 0.100525
0.339506 0.104704
0.350309 0.10968
0.290123 0.115012
0.296296 0.120153
0.29784 0.125618
0.322531 0.130857
0.341049 0.135538
0.364198 0.141012
0.350309 0.146197
0.342593 0.15008
0.29321 0.154754
0.294753 0.15884
0.320988 0.162682
0.319444 0.166582
0.324074 0.170375
0.302469 0.173825
0.322531 0.177675
0.359568 0.181272
0.345679 0.184173
0.351852 0.187562
0.37037 0.190595
0.358025 0.194141
0.361111 0.196601
0.334877 0.199654
0.371914 0.202732
0.317901 0.206284
0.362654 0.209675
0.317901 0.212591
0.276235 0.215938
0.239198 0.219394
0.256173 0.223006
0.25463 0.225907
0.287037 0.227981
0.25 0.229634
0.248457 0.230769
0.242284 0.232105
0.223765 0.233207
0.220679 0.234656
0.188272 0.235397
0.205247 0.236224
0.155864 0.236599
0.180556 0.237439
0.138889 0.238472
0.151235 0.239395
0.162037 0.240319
0.131173 0.240543
0.140432 0.23946
0.158951 0.238591
0.146605 0.237315
0.111111 0.236795
0.095679 0.236607
0.0679012 0.236274
0.058642 0.235377
0.029321 0.23384
0.0478395 0.232742
0.066358 0.231584
0.0462963 0.231349
0.0771605 0.230757
0.0709877 0.230595
0.066358 0.229761
0.0385802 0.230177
0.0324074 0.230562
0.00154321 0.230363
0.0123457 0.229464
0.0154321 0.228102
0.0493827 0.226955
0.0493827 0.22628
0.0601852 0.22549
0.0540123 0.223621
0.095679 0.22238
0.109568 0.221132
0.104938 0.219611
0.0509259 0.218001
0.0787037 0.215455
0.0154321 0.213194
0.0709877 0.211054
0.0817901 0.208795
0.101852 0.20613
0.146605 0.202768
0.166667 0.1992
0.148148 0.196281
0.149691 0.193246
0.151235 0.190996
0.131173 0.189619
0.106481 0.189477
0.149691 0.1885
0.154321 0.187895
0.146605 0.187556
0.174383 0.187557
0.185185 0.188101
0.188272 0.18971
0.186728 0.191772
0.203704 0.193303
0.160494 0.195098
0.169753 0.196397
0.154321 0.19746
0.158951 0.198193
0.134259 0.198768
0.165123 0.19901
0.209877 0.199199
0.222222 0.20101
0.248457 0.203095
0.212963 0.205413
0.228395 0.20718
0.246914 0.208784
0.20216 0.208854
0.189815 0.208096
0.186728 0.20874
0.216049 0.209525
0.191358 0.209398
0.171296 0.209212
0.152778 0.210326
0.160494 0.211865
0.138889 0.212731
0.115741 0.213438
0.118827 0.213991
0.125 0.214151
0.108025 0.214301
0.126543 0.213428
0.0910494 0.213471
0.114198 0.21437
0.104938 0.214723
0.0493827 0.214579
0.0509259 0.213237
0.103395 0.213288
0.151235 0.213729
0.17284 0.214204
0.177469 0.214773
0.182099 0.215724
0.149691 0.216019
0.112654 0.216491
0.100309 0.216114
0.0632716 0.215724
0.0246914 0.215867
0.0401235 0.215155
0.0462963 0.214799
0.0308642 0.214141
0.037037 0.212558
0.0540123 0.210971
0.101852 0.210224
0.0493827 0.209038
0.0432099 0.206866
0.101852 0.205472
0.0555556 0.20433
0.0555556 0.202976
0.058642 0.201721
0.0864198 0.201884
0.0462963 0.201677
0.0339506 0.201233
0.0138889 0.199967
0.029321 0.197817
0 0.195345
0.029321 0.193683
0.0462963 0.192409
0.029321 0.190489
0.0617284 0.188654
0.0756173 0.186779
0.0524691 0.184296
0.0401235 0.181489
0.0509259 0.179054
0.0617284 0.176655
0.0478395 0.174291
0.066358 0.170365
0.058642 0.16691
0.0432099 0.163467
0.0308642 0.159002
0.0787037 0.154726
0.0478395 0.151165
0.0385802 0.146899
0.111111 0.142315
0.134259 0.138228
0.108025 0.133644
0.0941358 0.128801
0.0972222 0.124031
0.0972222 0.120005
0.0787037 0.116036
0.0509259 0.112888
0.058642 0.109952
0.0679012 0.107346
0.0601852 0.105917
0.108025 0.103431
0.0694444 0.101485
0.100309 0.0986434
0.109568 0.0964729
0.12037 0.0940687
0.0401235 0.0916292
0.0540123 0.0900682
0.0756173 0.0878398
0.00925926 0.0847413
0.0185185 0.0816598
0.0339506 0.0790553
0.0108025 0.0759115
0.00925926 0.0729813
0.00925926 0.0703583
0.0478395 0.0674546
0.0308642 0.0643393
0.0246914 0.061366
0.0123457 0.0573227
0.0185185 0.0532996
0.0108025 0.0499201
0.0138889 0.0473247
0.0200617 0.0444083
0.0277778 0.0414676
0.00925926 0.0395502
0.029321 0.0385277
0.0216049 0.0388468
0.00154321 0.0387437
0.00308642 0.0394568
0.00462963 0.0400123
0.00462963 0.0400492
0.00925926 0.0397714
0.0231481 0.0388884
0.0138889 0.0384452
0.0277778 0.0370267
0.0262346 0.0350251
0.0308642 0.0340492
0.00308642 0.0330519
0.0416667 0.0322005
0.0108025 0.0326448
0.0540123 0.0331458
0.108025 0.0330195
0.0833333 0.0325049
0.0601852 0.0328259
0.0108025 0.032203
0.00154321 0.0307305
0.0555556 0.0299917
0.0833333 0.0298159
0.0385802 0.030061
0.0709877 0.0304932
0.121914 0.0309095
0.0972222 0.031142
0.121914 0.0313
0.0972222 0.0306585
0.126543 0.0288433
0.132716 0.0267788
0.162037 0.0251243
0.182099 0.0255557
0.165123 0.0254336
0.134259 0.0242451
0.171296 0.0237286
0.191358 0.0238724
0.155864 0.0247474
0.179012 0.0250379
0.186728 0.0261288
0.151235 0.0282549
0.174383 0.0295267
0.154321 0.0311058
0.148148 0.0330451
0.148148 0.0344013
0.157407 0.0361816
0.149691 0.03892
0.155864 0.0411659
0.158951 0.0423672
0.188272 0.0445303
0.228395 0.0469236
0.283951 0.049042
0.299383 0.0513532
0.304012 0.0533069
0.273148 0.0559056
0.307099 0.0587554
0.339506 0.0608259
0.350309 0.0626253
0.328704 0.0660506
0.29321 0.0694467
0.268519 0.0728177
0.29321 0.0754718
0.265432 0.0793942
0.225309 0.083075
0.24537 0.08729
0.296296 0.0912712
0.328704 0.0963202
0.273148 0.100378
0.290123 0.103827
0.316358 0.109009
0.277778 0.113922
0.234568 0.117855
0.209877 0.121831
0.217593 0.125473
0.180556 0.127818
0.16358 0.129307
0.177469 0.130719
0.165123 0.132241
0.138889 0.133243
0.118827 0.135058
0.169753 0.136862
0.141975 0.138249
0.155864 0.139596
0.16358 0.142964
0.197531 0.146303
0.182099 0.149451
0.21142 0.153868
0.162037 0.157954
0.179012 0.161261
0.166667 0.164497
0.200617 0.166865
0.194444 0.170232
0.225309 0.172968
0.186728 0.176199
0.197531 0.180272
0.186728 0.184735
0.17284 0.188792
0.174383 0.192182
0.208333 0.196655
0.203704 0.202989
0.20216 0.208505
0.16821 0.214384
0.200617 0.220788
0.186728 0.227592
0.183642 0.233395
0.219136 0.239665
0.194444 0.245997
0.17284 0.252551
0.183642 0.258583
0.155864 0.264009
0.12037 0.268817
0.0925926 0.272556
0.0509259 0.276147
0.0771605 0.278815
0.118827 0.281371
0.151235 0.285011
0.0941358 0.289339
0.111111 0.293467
0.12963 0.298553
0.138889 0.303366
0.149691 0.307374
0.203704 0.312555
0.185185 0.31851
0.132716 0.324579
0.188272 0.330009
0.199074 0.335361
0.20216 0.340347
0.237654 0.345422
0.248457 0.349578
0.279321 0.35363
0.246914 0.357642
0.243827 0.360745
0.214506 0.364145
0.180556 0.367185
0.225309 0.369942
0.271605 0.373898
0.333333 0.377681
0.313272 0.381557
0.319444 0.385346
0.339506 0.389437
0.333333 0.39353
0.344136 0.397928
0.371914 0.402013
0.421296 0.40492
0.367284 0.406931
0.334877 0.407142
0.32716 0.407794
0.328704 0.409376
0.299383 0.410526
0.253086 0.411361
0.240741 0.412852
0.216049 0.414155
0.169753 0.414548
0.200617 0.414515
0.180556 0.414918
0.171296 0.416467
0.149691 0.419369
0.095679 0.421005
0.109568 0.423595
0.103395 0.426684
0.143519 0.429181
0.148148 0.432504
0.118827 0.434884
0.101852 0.435705
0.0972222 0.436681
0.0617284 0.437876
0.00308642 0.438537
0.0138889 0.439321
0.0354938 0.440452
0.00925926 0.441712
0.0216049 0.442144
0.0123457 0.442065
0.0216049 0.441919
0.0277778 0.441873
0.0185185 0.442391
0.0138889 0.442413
0.0308642 0.441194
0.0478395 0.440339
0.0509259 0.439747
0.0185185 0.439012
0.0108025 0.436783
0.00925926 0.434492
0.0324074 0.433065
0.0154321 0.431483
0.0354938 0.428812
0.0524691 0.426318
0.0246914 0.424637
0.0277778 0.424769
0.0200617 0.424554
0.0185185 0.422836
0.00308642 0.421558
0.0200617 0.419709
0.0154321 0.417648
0.0169753 0.416244
0.00925926 0.415401
0.0401235 0.415286
0.087963 0.417034
0.0709877 0.419328
0.118827 0.421372
0.143519 0.423212
0.16821 0.423518
0.154321 0.424135
0.183642 0.423683
0.179012 0.422277
0.146605 0.420616
0.158951 0.419606
0.180556 0.417887
0.155864 0.416111
0.212963 0.416253
0.237654 0.416002
0.183642 0.417244
0.140432 0.41913
0.146605 0.419956
0.132716 0.419915
0.128086 0.421243
0.131173 0.422991
0.143519 0.423558
0.16821 0.42432
0.140432 0.425385
0.166667 0.427416
0.197531 0.428004
0.186728 0.427964
0.225309 0.427727
0.234568 0.426787
0.239198 0.426827
0.20216 0.426808
0.199074 0.427256
0.175926 0.428616
0.231481 0.430909
0.212963 0.432699
0.262346 0.434214
0.260802 0.435548
0.285494 0.437962
0.256173 0.439501
0.266975 0.441458
0.290123 0.444018
0.294753 0.446119
0.290123 0.447934
0.273148 0.449768
0.274691 0.450763
0.285494 0.450211
0.291667 0.450102
0.251543 0.450532
0.231481 0.449799
0.270062 0.44937
0.256173 0.449015
0.216049 0.448908
0.174383 0.449061
0.212963 0.449876
0.186728 0.450352
0.199074 0.452134
0.203704 0.453698
0.263889 0.455739
0.268519 0.45828
0.251543 0.46007
0.233025 0.461209
0.268519 0.462279
0.20679 0.462983
0.259259 0.462353
0.265432 0.461677
0.239198 0.46087
0.243827 0.459221
0.225309 0.457823
0.260802 0.455982
0.20216 0.454368
0.189815 0.450966
0.186728 0.447475
0.169753 0.442812
0.162037 0.439395
0.152778 0.436714
0.149691 0.43441
0.0725309 0.431515
0.112654 0.428565
0.0848765 0.424879
0.123457 0.420954
0.0910494 0.417695
0.104938 0.413793
0.125 0.409856
0.117284 0.405194
0.111111 0.400176
0.0972222 0.39437
0.108025 0.389665
0.0833333 0.385037
0.117284 0.382152
0.117284 0.37934
0.100309 0.376684
0.118827 0.374282
0.140432 0.372651
0.146605 0.37114
0.158951 0.369805
0.135802 0.367833
0.141975 0.364991
0.169753 0.36262
0.143519 0.359596
0.143519 0.356916
0.112654 0.353361
0.140432 0.349945
0.149691 0.347118
0.103395 0.343392
0.137346 0.339142
0.123457 0.335734
0.138889 0.332077
0.143519 0.328717
0.162037 0.325627
0.162037 0.323901
0.148148 0.321988
0.148148 0.31812
0.117284 0.314778
0.0679012 0.310567
0.0709877 0.305721
0.0632716 0.301136
0.0802469 0.29685
0.0570988 0.292235
0.0787037 0.286854
0.0895062 0.282969
0.104938 0.278653
0.0864198 0.274067
0.109568 0.269806
0.0972222 0.264416
0.0694444 0.258133
0.0509259 0.252004
0.0817901 0.2463
0.111111 0.241608
0.0987654 0.235755
0.0771605 0.230005
0.146605 0.223689
0.154321 0.217652
0.157407 0.21178
0.16821 0.205954
0.179012 0.201042
0.186728 0.195869
0.21142 0.191537
0.236111 0.187166
0.251543 0.183603
0.325617 0.180978
0.299383 0.179232
0.330247 0.17754
0.348765 0.175476
0.311728 0.173004
0.320988 0.171062
0.268519 0.168371
0.29321 0.165564
0.274691 0.162596
0.268519 0.1606
0.277778 0.159342
0.285494 0.15661
0.29784 0.155647
0.302469 0.154325
0.29784 0.154159
0.236111 0.153269
0.268519 0.151663
0.24537 0.150068
0.226852 0.147282
0.236111 0.144602
0.233025 0.141598
0.256173 0.139119
0.212963 0.136879
0.234568 0.135214
0.214506 0.133517
0.197531 0.130153
0.17284 0.128147
0.191358 0.125799
0.165123 0.123845
0.135802 0.122643
0.0864198 0.121586
0.0432099 0.118389
0.0570988 0.114703
0.0617284 0.109579
0.0787037 0.10202
0.103395 0.0940939
0.143519 0.0860916
0.149691 0.0784756
0.117284 0.0714567
0.175926 0.0650942
0.234568 0.0586108
0.246914 0.0530644
0.212963 0.0464764
0.217593 0.039792
0.209877 0.0339105
0.229938 0.0282546
0.20679 0.0229501
0.143519 0.017227
0.12963 0.0105288
0.118827 0.00453349
0.0910494 -0.00193998
0.0385802 -0.00864375
0.0432099 -0.015675
0.0817901 -0.0222242
0.0694444 -0.0294318
0.0617284 -0.0360146
0.0478395 -0.0425904
0.0802469 -0.0482222
0.0848765 -0.0531051
0.112654 -0.0572097
0.0478395 -0.0613123
0.0725309 -0.0649421
0.095679 -0.0696702
0.106481 -0.0734842
0.095679 -0.0764537
0.109568 -0.0799465
0.0555556 -0.0821138
0.0524691 -0.0837154
0.0200617 -0.0853515
0.00462963 -0.0888286
0.0324074 -0.0917921
0.104938 -0.0953437
0.111111 -0.0989521
0.106481 -0.103366
0.101852 -0.109244
0.100309 -0.115152
0.0833333 -0.11994
0.101852 -0.124906
0.0601852 -0.12839
0.087963 -0.132219
0.137346 -0.13424
0.16358 -0.135565
0.145062 -0.136622
0.195988 -0.138137
0.177469 -0.13895
0.141975 -0.139601
0.109568 -0.140607
0.0324074 -0.142874
0.00617284 -0.146135
0.0154321 -0.150212
0.0123457 -0.153035
0.0216049 -0.156274
0.0200617 -0.159904
0.0462963 -0.163826
0.0740741 -0.168319
0.0725309 -0.171958
0.0817901 -0.174783
0.0817901 -0.178168
0.101852 -0.181161
0.121914 -0.183668
0.151235 -0.185654
0.165123 -0.189026
0.16358 -0.19057
0.135802 -0.192035
0.154321 -0.193678
0.149691 -0.195023
0.160494 -0.197755
0.145062 -0.200749
0.16821 -0.202483
0.194444 -0.203393
0.192901 -0.204742
0.189815 -0.20562
0.229938 -0.205953
0.257716 -0.206598
0.296296 -0.206057
0.320988 -0.203461
0.316358 -0.201992
0.304012 -0.200757
0.277778 -0.198148
0.291667 -0.195455
0.274691 -0.194275
0.299383 -0.194442
0.316358 -0.194286
0.307099 -0.194007
0.354938 -0.193051
0.356481 -0.193237
0.324074 -0.195219
0.322531 -0.196785
0.362654 -0.199385
0.373457 -0.201914
0.385802 -0.204868
0.368827 -0.206075
0.41821 -0.207314
0.415123 -0.208719
0.41821 -0.210494
0.396605 -0.212381
0.384259 -0.213812
0.385802 -0.215685
0.387346 -0.217359
0.419753 -0.219108
0.435185 -0.220254
0.42284 -0.220489
0.432099 -0.219285
0.464506 -0.219753
0.450617 -0.221571
0.493827 -0.222845
0.490741 -0.223231
0.49537 -0.225729
0.513889 -0.22931
0.532407 -0.232147
0.516975 -0.233638
0.492284 -0.235133
0.523148 -0.236084
0.503086 -0.235787
0.481481 -0.234638
0.49537 -0.232062
0.496914 -0.229833
0.506173 -0.227673
0.521605 -0.225914
0.520062 -0.223856
0.564815 -0.222545
0.567901 -0.22116
0.529321 -0.220749
0.516975 -0.220421
0.516975 -0.219795
0.513889 -0.220278
0.510802 -0.221525
0.544753 -0.223144
0.549383 -0.224525
0.54321 -0.22619
0.540123 -0.227148
0.509259 -0.228503
0.521605 -0.230449
0.563272 -0.23189
0.530864 -0.232505
0.557099 -0.2316
0.567901 -0.231058
0.54321 -0.2298
0.54321 -0.229953
0.516975 -0.231053
0.560185 -0.234221
0.567901 -0.236082
0.529321 -0.237133
0.513889 -0.237459
0.492284 -0.237565
0.512346 -0.236641
0.557099 -0.236447
0.513889 -0.235208
0.515432 -0.232646
0.574074 -0.231772
0.552469 -0.229141
0.608025 -0.226943
0.57716 -0.222388
0.608025 -0.219147
0.603395 -0.214719
0.660494 -0.210993
0.640432 -0.206719
0.62963 -0.204111
0.609568 -0.201387
0.614198 -0.200097
0.564815 -0.19856
0.529321 -0.198763
0.487654 -0.199523
0.515432 -0.199361
0.476852 -0.198616
0.458333 -0.197627
0.493827 -0.194807
0.5 -0.192488
0.520062 -0.191029
0.537037 -0.189348
0.537037 -0.188207
0.524691 -0.187577
0.523148 -0.185897
0.475309 -0.183201
0.412037 -0.180897
0.425926 -0.17993
0.382716 -0.179298
0.384259 -0.181308
0.373457 -0.183807
0.358025 -0.186532
0.348765 -0.190145
0.33179 -0.193462
0.341049 -0.19684
0.350309 -0.201165
0.322531 -0.206475
0.350309 -0.211696
0.405864 -0.216429
0.396605 -0.219863
0.429012 -0.222563
0.432099 -0.225024
0.439815 -0.227602
0.432099 -0.229309
0.425926 -0.231368
0.469136 -0.233453
0.50463 -0.234243
0.513889 -0.234623
0.520062 -0.235473
0.540123 -0.235535
0.493827 -0.237688
0.479938 -0.242138
0.489198 -0.246396
0.537037 -0.252113
0.498457 -0.255862
0.533951 -0.25799
0.560185 -0.260293
0.533951 -0.261258
0.541667 -0.261461
0.524691 -0.261251
0.506173 -0.2614
0.523148 -0.261788
0.54784 -0.260348
0.564815 -0.260033
0.526235 -0.25888
0.498457 -0.257656
0.523148 -0.257113
0.5 -0.256671
0.46142 -0.255646
0.520062 -0.255087
0.493827 -0.254719
0.464506 -0.2571
0.475309 -0.261004
0.49537 -0.264247
0.478395 -0.267736
0.490741 -0.270833
0.503086 -0.27448
0.462963 -0.276458
0.410494 -0.279103
0.381173 -0.281557
0.425926 -0.28602
0.432099 -0.290955
0.430556 -0.296158
0.429012 -0.301327
0.449074 -0.305856
0.45216 -0.310807
0.439815 -0.313525
0.435185 -0.317438
0.466049 -0.322265
0.496914 -0.325591
0.529321 -0.328354
0.513889 -0.33116
0.516975 -0.334963
0.578704 -0.339667
0.566358 -0.343428
0.560185 -0.347479
0.544753 -0.352508
0.558642 -0.358127
0.541667 -0.361866
0.544753 -0.364398
0.572531 -0.367879
0.558642 -0.370138
0.57716 -0.372592
0.615741 -0.374684
0.592593 -0.375364
0.587963 -0.376857
0.615741 -0.38037
0.625 -0.383362
0.592593 -0.388034
0.606481 -0.393461
0.628086 -0.397073
0.617284 -0.399717
0.609568 -0.400651
0.635802 -0.401057
0.67284 -0.399477
0.660494 -0.398122
0.621914 -0.396711
0.578704 -0.39645
0.570988 -0.396918
0.583333 -0.397535
0.57716 -0.398857
0.603395 -0.398513
0.589506 -0.398457
0.572531 -0.397761
0.58642 -0.397646
0.546296 -0.398769
0.569444 -0.399868
0.594136 -0.399664
0.625 -0.399183
0.592593 -0.399325
0.572531 -0.399707
0.552469 -0.399873
0.572531 -0.400176
0.566358 -0.401199
0.530864 -0.401305
0.532407 -0.401274
0.5 -0.400911
0.481481 -0.402611
0.472222 -0.403563
0.493827 -0.405766
0.492284 -0.408216
0.541667 -0.409193
0.506173 -0.408558
0.496914 -0.408306
0.529321 -0.407391
0.53858 -0.405442
0.558642 -0.404522
0.58179 -0.403866
0.583333 -0.404877
0.563272 -0.404488
0.541667 -0.404051
0.537037 -0.403178
0.567901 -0.401251
0.597222 -0.398968
0.561728 -0.397809
0.580247 -0.398216
0.575617 -0.398198
0.580247 -0.399344
0.564815 -0.401433
0.57716 -0.404089
0.563272 -0.406334
0.532407 -0.408825
0.529321 -0.412184
0.532407 -0.414592
0.526235 -0.416768
0.563272 -0.419187
0.546296 -0.421675
0.527778 -0.4249
0.540123 -0.427875
0.529321 -0.430127
0.486111 -0.430474
0.479938 -0.431066
0.464506 -0.430376
0.402778 -0.430966
0.398148 -0.432719
0.381173 -0.435496
0.37963 -0.438978
0.41821 -0.441749
0.395062 -0.440703
0.382716 -0.439973
0.419753 -0.439249
0.410494 -0.436431
0.404321 -0.433833
0.421296 -0.433958
0.415123 -0.432368
0.510802 -0.431066
0.510802 -0.428749
0.512346 -0.423067
0.541667 -0.418781
0.5 -0.414922
0.455247 -0.412561
0.445988 -0.408019
0.467593 -0.402294
0.475309 -0.395841
0.503086 -0.390776
0.464506 -0.386713
0.402778 -0.383441
0.427469 -0.380656
0.430556 -0.378923
0.427469 -0.376488
0.438272 -0.373897
0.425926 -0.370714
0.424383 -0.369617
0.447531 -0.367542
0.445988 -0.365901
0.483025 -0.364725
0.483025 -0.362901
0.467593 -0.361887
0.481481 -0.361104
0.439815 -0.360482
0.404321 -0.358603
0.429012 -0.357877
0.439815 -0.358133
0.438272 -0.357195
0.455247 -0.356265
0.430556 -0.355874
0.412037 -0.357878
0.421296 -0.360898
0.415123 -0.364344
0.425926 -0.368406
0.408951 -0.373116
0.430556 -0.376099
0.415123 -0.37825
0.425926 -0.380128
0.410494 -0.381926
0.393519 -0.385806
0.429012 -0.389158
0.424383 -0.392052
0.419753 -0.394775
0.449074 -0.398144
0.419753 -0.399669
0.412037 -0.399486
0.37963 -0.399523
0.381173 -0.399186
0.385802 -0.400477
0.404321 -0.400925
0.399691 -0.402486
0.41821 -0.402985
0.415123 -0.403884
0.381173 -0.403663
0.401235 -0.403889
0.432099 -0.403685
0.445988 -0.399574
0.45679 -0.396094
0.481481 -0.391033
0.470679 -0.383184
0.467593 -0.375958
0.430556 -0.369404
0.453704 -0.364743
0.476852 -0.361443
0.450617 -0.358921
0.469136 -0.356887
0.464506 -0.355309
0.430556 -0.352801
0.416667 -0.35147
0.455247 -0.349528
0.425926 -0.348964
0.489198 -0.347788
0.45216 -0.346507
0.405864 -0.345895
0.367284 -0.345281
0.341049 -0.345397
0.358025 -0.347356
0.391975 -0.347292
0.378086 -0.346186
0.42284 -0.345239
0.384259 -0.342612
0.33179 -0.34047
0.304012 -0.341323
0.243827 -0.343582
0.240741 -0.344883
0.240741 -0.34686
0.300926 -0.3493
0.330247 -0.349461
0.317901 -0.34792
0.33642 -0.348747
0.345679 -0.34877
0.341049 -0.349243
0.313272 -0.352796
0.359568 -0.354545
0.425926 -0.353909
0.382716 -0.352521
0.382716 -0.351651
0.381173 -0.350511
0.384259 -0.35091
0.395062 -0.350708
0.399691 -0.34997
0.42284 -0.349333
0.412037 -0.348221
0.337963 -0.347968
0.311728 -0.349397
0.333333 -0.353137
0.322531 -0.354928
0.285494 -0.358787
0.334877 -0.361706
0.356481 -0.364044
0.348765 -0.364486
0.405864 -0.363795
0.376543 -0.362769
0.381173 -0.363164
0.410494 -0.362998
0.439815 -0.361167
0.401235 -0.359273
0.356481 -0.357059
0.354938 -0.354681
0.365741 -0.350688
0.356481 -0.345137
0.404321 -0.340081
0.410494 -0.334988
0.45679 -0.330278
0.473765 -0.323179
0.487654 -0.316187
0.475309 -0.312127
0.432099 -0.308197
0.486111 -0.30362
0.501543 -0.298907
0.476852 -0.294453
0.507716 -0.290426
0.524691 -0.287371
0.530864 -0.284615
0.546296 -0.280498
0.535494 -0.276425
0.527778 -0.273294
0.558642 -0.271961
0.58642 -0.270544
0.524691 -0.26823
0.489198 -0.265394
0.521605 -0.261842
0.487654 -0.255027
0.524691 -0.248271
0.523148 -0.242972
0.530864 -0.238927
0.554012 -0.235423
0.563272 -0.23181
0.575617 -0.228897
0.541667 -0.225454
0.587963 -0.222296
0.557099 -0.216881
0.54321 -0.212182
0.533951 -0.208641
0.540123 -0.204259
0.503086 -0.200556
0.489198 -0.195989
0.45679 -0.194755
0.473765 -0.193327
0.447531 -0.192712
0.41821 -0.191862
0.401235 -0.192474
0.401235 -0.19388
0.362654 -0.197244
0.395062 -0.199938
0.402778 -0.203599
0.376543 -0.209848
0.359568 -0.214439
0.382716 -0.216664
0.412037 -0.217469
0.353395 -0.215841
0.342593 -0.212593
0.351852 -0.208658
0.385802 -0.203069
0.402778 -0.19792
0.410494 -0.192499
0.416667 -0.187138
0.401235 -0.1832
0.439815 -0.180285
0.395062 -0.175542
0.421296 -0.171807
0.391975 -0.167748
0.410494 -0.162294
0.398148 -0.153852
0.425926 -0.147475
0.430556 -0.141074
0.425926 -0.133959
0.427469 -0.126866
0.427469 -0.119706
0.445988 -0.111736
0.462963 -0.103875
0.458333 -0.0984173
0.395062 -0.0942698
0.382716 -0.0908357
0.359568 -0.0883792
0.358025 -0.0864959
0.402778 -0.086074
0.390432 -0.0847145
0.350309 -0.0848353
0.291667 -0.0854665
0.304012 -0.0862388
0.287037 -0.0859835
0.251543 -0.0863472
0.273148 -0.0854602
0.341049 -0.0850935
0.33642 -0.0866383
0.354938 -0.0883928
0.390432 -0.0888824
0.376543 -0.0870831
0.345679 -0.0855524
0.328704 -0.0847875
0.33642 -0.0822192
0.37037 -0.079648
0.42284 -0.0766679
0.378086 -0.0754011
0.382716 -0.0761395
0.37037 -0.0762576
0.359568 -0.0766418
0.328704 -0.0786419
0.347222 -0.0813
0.337963 -0.0822344
0.353395 -0.0838654
0.342593 -0.0845482
0.361111 -0.0858813
0.41821 -0.084944
0.436728 -0.0838916
0.441358 -0.0814262
0.466049 -0.0799705
0.416667 -0.0784731
0.415123 -0.0752959
0.453704 -0.0715087
0.432099 -0.0683009
0.421296 -0.0670878
0.435185 -0.0663398
0.45216 -0.0646343
0.444444 -0.0603293
0.405864 -0.0561517
0.438272 -0.0527747
0.415123 -0.047385
0.41358 -0.0414668
0.404321 -0.0354974
0.427469 -0.0317788
0.373457 -0.0291134
0.381173 -0.0261731
0.362654 -0.0212342
0.37963 -0.0161815
0.381173 -0.0133535
0.342593 -0.0104635
0.347222 -0.00790984
0.350309 -0.005865
0.341049 -0.00433906
0.334877 -0.00216434
0.33179 1.04905e-05
0.334877 0.00424704
0.330247 0.00390316
0.351852 0.000553995
0.356481 -0.00334172
0.322531 -0.00853324
0.291667 -0.014623
0.280864 -0.0194381
0.29784 -0.0232284
0.259259 -0.0261183
0.260802 -0.0266039
0.212963 -0.0276435
0.307099 -0.0288939
0.294753 -0.0307413
0.290123 -0.0325603
0.280864 -0.0341609
0.294753 -0.034825
0.290123 -0.0367067
0.290123 -0.036383
0.283951 -0.0368452
0.251543 -0.0389273
0.285494 -0.0419895
0.294753 -0.0436542
0.253086 -0.0418862
0.217593 -0.0407204
0.256173 -0.0364007
0.262346 -0.0310228
0.268519 -0.0288758
0.279321 -0.0282924
0.273148 -0.0274199
0.260802 -0.0277413
0.253086 -0.028827
0.212963 -0.0283813
0.226852 -0.0279261
0.242284 -0.0263314
0.266975 -0.0248699
0.265432 -0.0229751
0.273148 -0.0196382
0.260802 -0.0162971
0.310185 -0.0156751
0.274691 -0.0156573
0.270062 -0.0144508
0.263889 -0.0148152
0.237654 -0.016338
0.265432 -0.0136001
0.242284 -0.00953566
0.229938 -0.00605193
0.219136 -0.00196569
0.270062 0.000954209
0.280864 0.00211656
0.265432 0.00288411
0.237654 0.00652748
0.240741 0.0101942
0.223765 0.0142113
0.175926 0.0197622
0.16358 0.0240604
0.145062 0.0257447
0.21142 0.0279649
0.243827 0.0289715
0.229938 0.0302419
0.203704 0.0316171
0.180556 0.031211
0.192901 0.0285971
0.21142 0.0247085
0.219136 0.0197246
0.223765 0.0181174
0.240741 0.0169763
0.208333 0.0139977
0.228395 0.0130296
0.177469 0.013813
0.192901 0.0146941
0.197531 0.0135853
0.160494 0.0125984
0.160494 0.0136073
0.185185 0.0146009
0.21142 0.0151262
0.220679 0.0156417
0.223765 0.0149047
0.194444 0.0118565
0.216049 0.00619455
0.216049 0.000779106
0.186728 -0.00441535
0.192901 -0.00841779
0.200617 -0.0103719
0.175926 -0.0101205
0.219136 -0.0122389
0.251543 -0.0147755
0.266975 -0.0135644
0.296296 -0.0146872
0.287037 -0.0181863
0.280864 -0.0195287
0.256173 -0.0233794
0.237654 -0.0263368
0.174383 -0.0255833
0.228395 -0.0250966
0.276235 -0.0235501
0.316358 -0.0229426
0.320988 -0.0226406
0.262346 -0.0231691
0.260802 -0.0218829
0.240741 -0.0210866
0.308642 -0.0211212
0.291667 -0.0175796
0.29784 -0.0137465
0.282407 -0.0104486
0.237654 -0.00532206
0.248457 -0.00103371
0.228395 0.0017204
0.180556 0.0014944
0.177469 0.00184009
0.265432 0.00256268
0.251543 0.00529478
0.248457 0.00575048
0.270062 0.00626452
0.325617 0.00476594
0.33179 0.00233322
0.347222 -0.00238087
0.33179 -0.00717592
0.32716 -0.00786124
0.337963 -0.00903056
0.304012 -0.0118574
0.300926 -0.00687176
0.282407 -0.00390357
0.234568 -0.000468063
0.212963 0.00289061
0.225309 0.0051171
0.186728 0.00745298
0.171296 0.00977393
0.191358 0.00880253
0.194444 0.00476303
0.154321 -0.00121624
0.188272 -0.00934003
0.189815 -0.0185152
0.134259 -0.0260495
0.0925926 -0.0283354
0.112654 -0.0289481
0.146605 -0.0289072
0.143519 -0.0276828
0.148148 -0.0305931
0.126543 -0.03301
0.141975 -0.0340415
0.162037 -0.036252
0.154321 -0.0401891
0.111111 -0.0445559
0.118827 -0.0470952
0.117284 -0.0476201
0.145062 -0.0466713
0.234568 -0.0462928
0.228395 -0.0485594
0.279321 -0.0472726
0.25463 -0.0423239
0.268519 -0.0404287
0.277778 -0.0393392
0.28858 -0.0343531
0.285494 -0.0280597
0.283951 -0.0249606
0.287037 -0.0240955
0.313272 -0.0236007
0.29321 -0.0211589
0.320988 -0.0221613
0.348765 -0.0185795
0.317901 -0.0178066
0.310185 -0.01386
0.320988 -0.0104209
0.300926 -0.00677736
0.300926 -0.00526003
0.256173 -0.00386898
0.237654 -0.00393247
0.282407 -0.00107373
0.296296 0.00304103
0.277778 0.0064762
0.265432 0.0034061
0.274691 0.0007711
0.253086 0.000873049
0.285494 0.00211949
0.304012 0.00639148
0.305556 0.0127675
0.373457 0.0166865
0.407407 0.0227704
0.375 0.0293407
0.37963 0.0345912
0.310185 0.0354745
0.270062 0.0398009
0.291667 0.0411771
0.266975 0.0394175
0.200617 0.034224
0.203704 0.0274885
0.240741 0.0201537
0.262346 0.0108738
0.260802 0.00221109
0.256173 -0.00430536
0.219136 -0.00970049
0.231481 -0.0191349
0.226852 -0.0237955
0.234568 -0.0241665
0.219136 -0.0285541
0.246914 -0.0297557
0.216049 -0.0268723
0.240741 -0.0191617
0.20216 -0.0175839
0.225309 -0.0196155
0.192901 -0.017914
0.199074 -0.0189938
0.20679 -0.0260709
0.257716 -0.0291294
0.291667 -0.0333764
0.28858 -0.0349856
0.294753 -0.0381288
0.313272 -0.0384643
0.350309 -0.0389567
0.337963 -0.0350797
0.375 -0.0299092
0.339506 -0.023466
0.344136 -0.0242876
0.319444 -0.0243476
0.339506 -0.0263878
0.358025 -0.0296377
0.337963 -0.0395251
0.351852 -0.0462841
0.33179 -0.0513573
0.33179 -0.0553247
0.317901 -0.0537308
0.313272 -0.0456333
0.299383 -0.0415603
0.314815 -0.0416085
0.257716 -0.0361186
0.233025 -0.0350666
0.17284 -0.0343556
0.169753 -0.0344682
0.160494 -0.0261913
0.140432 -0.0187715
0.194444 -0.0159993
0.220679 -0.0142392
0.205247 -0.0111034
0.217593 -0.00955973
0.229938 -0.000513015
0.248457 0.00145637
0.248457 0.00484042
0.223765 0.0033318
0.259259 0.00639029
0.234568 0.00228371
0.220679 -0.000988466
0.237654 -0.0110841
0.197531 -0.0164401
0.233025 -0.0188708
0.217593 -0.0219199
0.219136 -0.0209538
0.236111 -0.0238278
0.240741 -0.020418
0.242284 -0.00716305
0.253086 0.00914315
0.212963 0.0180471
0.222222 0.0305404
0.21142 0.0393279
0.189815 0.0380638
0.185185 0.0308216
0.138889 0.0217273
0.101852 0.0133078
0.058642 0.00255961
0.0694444 0.00660889
0.0833333 0.00955641
0.066358 0.00811845
0.0339506 0
