0.400391 1
0.425781 0.993096
0.386719 0.986789
0.355469 0.980953
0.318359 0.975104
0.318359 0.969356
0.365234 0.96394
0.34375 0.958781
0.353516 0.953786
0.365234 0.948864
0.34375 0.944107
0.34375 0.939296
0.330078 0.934333
0.378906 0.929657
0.332031 0.925215
0.341797 0.920871
0.332031 0.916661
0.324219 0.912541
0.322266 0.908251
0.351562 0.903881
0.341797 0.89968
0.355469 0.895728
0.357422 0.891699
0.300781 0.887844
0.269531 0.88395
0.291016 0.880061
0.273438 0.876271
0.289062 0.872304
0.326172 0.86816
0.328125 0.863815
0.361328 0.859619
0.357422 0.855497
0.357422 0.851283
0.373047 0.84723
0.421875 0.843604
0.4375 0.839888
0.455078 0.83615
0.439453 0.832298
0.4375 0.828197
0.398438 0.824122
0.390625 0.820127
0.380859 0.816529
0.402344 0.813045
0.429688 0.80948
0.451172 0.80607
0.5 0.8027
0.470703 0.799757
0.443359 0.796942
0.503906 0.793973
0.5 0.791046
0.488281 0.788406
0.490234 0.785947
0.521484 0.783565
0.503906 0.781385
0.546875 0.778956
0.513672 0.7765
0.527344 0.774159
0.486328 0.771525
0.449219 0.769369
0.492188 0.766879
0.484375 0.764301
0.511719 0.761482
0.564453 0.758699
0.582031 0.755635
0.568359 0.752737
0.5625 0.749955
0.570312 0.747062
0.550781 0.744344
0.527344 0.741676
0.564453 0.738834
0.626953 0.735908
0.634766 0.733192
0.667969 0.730593
0.611328 0.728052
0.611328 0.725146
0.619141 0.722455
0.621094 0.719591
0.607422 0.71676
0.640625 0.713977
0.572266 0.711374
0.607422 0.708561
0.626953 0.705717
0.662109 0.702564
0.623047 0.699338
0.701172 0.696285
0.693359 0.693425
0.732422 0.690366
0.722656 0.687325
0.765625 0.684619
0.734375 0.682006
0.720703 0.679305
0.753906 0.676691
0.740234 0.674047
0.748047 0.671432
0.757812 0.668804
0.753906 0.665996
0.710938 0.663211
0.695312 0.660655
0.710938 0.658095
0.703125 0.655486
0.675781 0.652869
0.689453 0.65036
0.636719 0.647832
0.679688 0.645291
0.714844 0.642667
0.691406 0.639703
0.658203 0.63667
0.667969 0.633821
0.707031 0.630977
0.738281 0.628325
0.742188 0.625998
0.753906 0.62367
0.746094 0.621601
0.769531 0.619527
0.699219 0.617741
0.691406 0.615778
0.662109 0.613611
0.660156 0.611398
0.636719 0.609443
0.648438 0.607466
0.701172 0.605321
0.703125 0.603348
0.716797 0.60152
0.720703 0.59934
0.677734 0.596992
0.714844 0.594713
0.710938 0.592193
0.724609 0.589978
0.757812 0.587869
0.763672 0.585965
0.753906 0.583721
0.732422 0.581312
0.746094 0.578647
0.728516 0.576273
0.746094 0.574184
0.724609 0.572049
0.753906 0.56956
0.789062 0.567119
0.777344 0.564722
0.779297 0.56258
0.791016 0.560619
0.806641 0.558572
0.78125 0.556373
0.748047 0.554103
0.767578 0.551957
0.740234 0.549684
0.730469 0.547759
0.71875 0.545873
0.75 0.543911
0.761719 0.542008
0.767578 0.539809
0.765625 0.537745
0.753906 0.535466
0.708984 0.533268
0.671875 0.53082
0.697266 0.528093
0.679688 0.525694
0.683594 0.523191
0.613281 0.520573
0.640625 0.518343
0.619141 0.515896
0.625 0.513416
0.65625 0.511046
0.642578 0.509084
0.638672 0.506636
0.591797 0.504301
0.558594 0.50207
0.570312 0.499606
0.59375 0.497283
0.568359 0.494835
0.519531 0.492706
0.523438 0.490574
0.533203 0.488174
0.505859 0.485806
0.488281 0.483542
0.458984 0.480946
0.517578 0.478491
0.541016 0.475915
0.558594 0.473146
0.517578 0.470688
0.533203 0.467999
0.53125 0.465679
0.498047 0.463358
0.503906 0.461212
0.503906 0.459146
0.550781 0.456906
0.509766 0.454534
0.535156 0.452245
0.519531 0.449939
0.503906 0.447779
0.515625 0.445447
0.523438 0.443277
0.59375 0.441127
0.570312 0.439129
0.589844 0.437257
0.628906 0.435276
0.65625 0.433012
0.617188 0.430489
0.605469 0.428015
0.613281 0.425645
0.603516 0.423489
0.632812 0.421343
0.638672 0.419358
0.666016 0.417128
0.693359 0.414994
0.71875 0.413032
0.685547 0.411117
0.65625 0.409388
0.677734 0.407927
0.65625 0.406415
0.679688 0.4047
0.689453 0.402907
0.675781 0.401353
0.6875 0.399659
0.716797 0.398006
0.710938 0.396353
0.6875 0.394347
0.667969 0.392335
0.669922 0.39047
0.6875 0.388973
0.712891 0.38705
0.724609 0.385351
0.738281 0.383797
0.728516 0.382037
0.744141 0.380398
0.775391 0.379073
0.726562 0.377793
0.703125 0.376488
0.681641 0.375498
0.664062 0.374219
0.667969 0.373238
0.669922 0.372183
0.693359 0.371294
0.707031 0.370171
0.679688 0.369191
0.716797 0.36802
0.685547 0.366568
0.673828 0.364914
0.675781 0.363071
0.636719 0.361213
0.630859 0.359362
0.615234 0.357217
0.613281 0.354897
0.619141 0.352811
0.605469 0.350668
0.603516 0.34865
0.613281 0.346476
0.623047 0.344269
0.662109 0.342272
0.65625 0.340048
0.630859 0.337571
0.677734 0.335309
0.707031 0.333103
0.699219 0.331283
0.748047 0.329498
0.761719 0.327457
0.775391 0.325523
0.779297 0.323684
0.767578 0.321897
0.804688 0.320001
0.794922 0.318063
0.757812 0.316135
0.779297 0.314549
0.757812 0.313115
0.777344 0.31189
0.810547 0.310902
0.794922 0.3099
0.787109 0.308993
0.726562 0.30797
0.765625 0.30702
0.792969 0.305781
0.816406 0.304875
0.837891 0.30367
0.826172 0.302419
0.78125 0.301048
0.783203 0.299547
0.800781 0.29815
0.769531 0.296975
0.808594 0.295611
0.820312 0.294251
0.847656 0.293122
0.849609 0.292418
0.835938 0.291621
0.822266 0.29072
0.828125 0.289952
0.773438 0.289173
0.8125 0.288559
0.800781 0.287915
0.746094 0.287515
0.701172 0.286805
0.769531 0.286256
0.783203 0.285832
0.738281 0.285634
0.732422 0.285686
0.794922 0.285943
0.78125 0.286254
0.759766 0.286042
0.767578 0.285519
0.753906 0.284473
0.78125 0.283175
0.796875 0.282163
0.775391 0.281114
0.730469 0.279917
0.738281 0.27899
0.705078 0.278285
0.667969 0.277515
0.667969 0.276354
0.644531 0.275571
0.666016 0.274588
0.638672 0.273827
0.679688 0.272809
0.693359 0.271655
0.6875 0.2707
0.662109 0.269564
0.658203 0.268377
0.652344 0.26724
0.648438 0.266414
0.658203 0.265384
0.6875 0.264376
0.681641 0.263401
0.675781 0.262271
0.677734 0.261189
0.679688 0.260262
0.708984 0.259273
0.740234 0.25853
0.779297 0.257655
0.773438 0.256463
0.740234 0.255269
0.771484 0.254087
0.779297 0.252879
0.755859 0.251655
0.761719 0.250336
0.775391 0.248654
0.736328 0.246881
0.724609 0.245284
0.728516 0.243751
0.722656 0.242411
0.722656 0.241391
0.703125 0.240523
0.722656 0.239428
0.716797 0.23791
0.691406 0.236314
0.673828 0.234849
0.664062 0.233379
0.646484 0.232114
0.654297 0.230971
0.681641 0.230065
0.644531 0.228602
0.630859 0.227452
0.662109 0.22614
0.603516 0.224727
0.589844 0.223373
0.585938 0.222114
0.583984 0.221001
0.638672 0.219352
0.662109 0.217747
0.634766 0.216265
0.654297 0.214802
0.671875 0.213453
0.699219 0.212158
0.630859 0.210951
0.585938 0.210081
0.605469 0.209315
0.5625 0.208575
0.558594 0.207667
0.556641 0.207384
0.617188 0.206868
0.613281 0.206276
0.611328 0.2057
0.585938 0.205123
0.597656 0.204791
0.632812 0.204577
0.664062 0.204186
0.628906 0.203598
0.625 0.202959
0.636719 0.202617
0.605469 0.2019
0.626953 0.200829
0.597656 0.199768
0.578125 0.198793
0.554688 0.197851
0.644531 0.196813
0.65625 0.19571
0.689453 0.194563
0.683594 0.193396
0.681641 0.192287
0.6875 0.191184
0.712891 0.19003
0.691406 0.18908
0.699219 0.188186
0.677734 0.186993
0.667969 0.185802
0.652344 0.184526
0.671875 0.183206
0.6875 0.181985
0.632812 0.180185
0.666016 0.178753
0.677734 0.177476
0.662109 0.176316
0.716797 0.175114
0.720703 0.173673
0.777344 0.172339
0.761719 0.171061
0.734375 0.169743
0.738281 0.168624
0.755859 0.167551
0.695312 0.166484
0.757812 0.165305
0.738281 0.164442
0.742188 0.163514
0.75 0.162523
0.742188 0.161482
0.685547 0.160232
0.714844 0.158725
0.708984 0.157278
0.673828 0.155659
0.667969 0.1543
0.671875 0.153136
0.691406 0.152213
0.689453 0.151442
0.701172 0.150538
0.691406 0.149709
0.703125 0.149004
0.669922 0.148476
0.679688 0.147911
0.708984 0.147221
0.71875 0.146166
0.736328 0.145391
0.779297 0.14489
0.757812 0.144361
0.769531 0.143716
0.736328 0.142793
0.726562 0.142023
0.728516 0.141125
0.748047 0.13977
0.726562 0.138541
0.753906 0.137057
0.720703 0.135807
0.705078 0.134578
0.671875 0.133385
0.660156 0.132454
0.660156 0.131567
0.658203 0.13078
0.697266 0.13003
0.691406 0.129058
0.628906 0.128142
0.664062 0.127262
0.664062 0.12643
0.662109 0.125212
0.658203 0.124208
0.685547 0.123284
0.734375 0.122431
0.722656 0.121834
0.716797 0.121289
0.724609 0.120752
0.720703 0.120099
0.744141 0.119561
0.755859 0.118966
0.763672 0.118603
0.810547 0.118447
0.804688 0.118522
0.822266 0.118435
0.828125 0.118408
0.845703 0.118568
0.833984 0.118742
0.855469 0.119177
0.857422 0.120026
0.876953 0.120884
0.880859 0.121319
0.863281 0.121446
0.84375 0.121421
0.814453 0.1214
0.796875 0.121203
0.775391 0.121001
0.783203 0.120766
0.767578 0.120382
0.753906 0.120076
0.796875 0.119815
0.822266 0.119384
0.851562 0.119238
0.837891 0.119141
0.798828 0.119061
0.773438 0.118743
0.810547 0.118715
0.8125 0.118818
0.806641 0.1189
0.798828 0.118759
0.816406 0.118908
0.824219 0.119177
0.8125 0.119445
0.837891 0.119882
0.832031 0.120016
0.800781 0.119997
0.738281 0.120142
0.75 0.120431
0.785156 0.12062
0.800781 0.120803
0.808594 0.121398
0.791016 0.121676
0.796875 0.121798
0.794922 0.121855
0.806641 0.121738
0.802734 0.121801
0.775391 0.121642
0.771484 0.120933
0.789062 0.120541
0.806641 0.119704
0.810547 0.118577
0.853516 0.117422
0.880859 0.116469
0.855469 0.115459
0.818359 0.114383
0.802734 0.113551
0.783203 0.112422
0.763672 0.111342
0.785156 0.110128
0.761719 0.109109
0.789062 0.107647
0.816406 0.106315
0.835938 0.105439
0.832031 0.104429
0.845703 0.103114
0.839844 0.102131
0.810547 0.101396
0.785156 0.100762
0.835938 0.0998343
0.796875 0.0992316
0.833984 0.0984735
0.796875 0.0975141
0.773438 0.0963288
0.787109 0.0953139
0.806641 0.0942904
0.808594 0.093813
0.847656 0.0935086
0.839844 0.093209
0.841797 0.0929202
0.847656 0.0930108
0.810547 0.093033
0.814453 0.0926707
0.84375 0.0924945
0.810547 0.0923075
0.816406 0.0921059
0.789062 0.0918883
0.808594 0.0916675
0.794922 0.0913526
0.787109 0.09075
0.794922 0.0900598
0.808594 0.0897315
0.761719 0.0890385
0.742188 0.0884529
0.777344 0.0881252
0.755859 0.0877772
0.798828 0.0875757
0.802734 0.0874537
0.78125 0.0873682
0.808594 0.0868285
0.828125 0.0865195
0.847656 0.0862471
0.851562 0.0859793
0.810547 0.0857644
0.767578 0.085455
0.787109 0.0851886
0.806641 0.0846871
0.775391 0.0843187
0.767578 0.0838338
0.759766 0.0831914
0.742188 0.0822147
0.755859 0.0812891
0.751953 0.0801142
0.755859 0.0790276
0.746094 0.0782595
0.767578 0.0773371
0.767578 0.0764423
0.771484 0.0754581
0.740234 0.0745447
0.767578 0.0734645
0.757812 0.0722184
0.787109 0.0711071
0.78125 0.0700359
0.759766 0.0687221
0.720703 0.0673055
0.753906 0.066041
0.759766 0.0648976
0.732422 0.0638535
0.769531 0.0625694
0.761719 0.0609946
0.730469 0.0593394
0.730469 0.0577247
0.773438 0.0565589
0.757812 0.0555673
0.763672 0.0546742
0.703125 0.054345
0.734375 0.0537056
0.726562 0.0531645
0.769531 0.0527716
0.75 0.0526089
0.794922 0.0521047
0.78125 0.0516995
0.777344 0.0514444
0.765625 0.0510136
0.748047 0.0509396
0.763672 0.0506072
0.746094 0.0501363
0.759766 0.0497366
0.775391 0.049494
0.777344 0.0493043
0.828125 0.049194
0.835938 0.049033
0.806641 0.0488821
0.779297 0.0490732
0.736328 0.0492302
0.746094 0.0495577
0.759766 0.0502261
0.777344 0.0511289
0.794922 0.0520836
0.808594 0.0531638
0.837891 0.0543805
0.835938 0.0559864
0.853516 0.0574194
0.833984 0.058903
0.84375 0.0597099
0.787109 0.0602867
0.791016 0.0608322
0.818359 0.0613193
0.763672 0.0618936
0.746094 0.0624289
0.728516 0.0628118
0.726562 0.0630983
0.716797 0.0631457
0.679688 0.06325
0.671875 0.0636214
0.683594 0.0638838
0.638672 0.0637003
0.587891 0.063448
0.607422 0.0634579
0.587891 0.0634204
0.613281 0.0634416
0.65625 0.0636349
0.671875 0.0638766
0.695312 0.0644322
0.710938 0.0650892
0.732422 0.065769
0.740234 0.0665751
0.771484 0.0672099
0.744141 0.0674675
0.714844 0.0674866
0.712891 0.0675976
0.707031 0.0678078
0.738281 0.0678873
0.748047 0.0677545
0.6875 0.0677789
0.654297 0.0676908
0.660156 0.0673631
0.646484 0.0673183
0.615234 0.0671976
0.583984 0.0669174
0.578125 0.066711
0.505859 0.0662542
0.529297 0.0656953
0.505859 0.0652298
0.484375 0.0646845
0.513672 0.0644388
0.5625 0.0646014
0.582031 0.0646227
0.597656 0.0647789
0.630859 0.0649305
0.652344 0.0650079
0.626953 0.0652051
0.628906 0.0653359
0.626953 0.0653943
0.578125 0.0654077
0.597656 0.0653506
0.591797 0.0655094
0.548828 0.065544
0.539062 0.0652194
0.576172 0.0650956
0.570312 0.0654675
0.541016 0.0658233
0.589844 0.0659473
0.554688 0.0660279
0.529297 0.0659533
0.568359 0.0653901
0.605469 0.0647578
0.595703 0.0642563
0.564453 0.0639495
0.535156 0.0639138
0.507812 0.063953
0.451172 0.0633838
0.464844 0.0627915
0.474609 0.0620384
0.414062 0.0612213
0.431641 0.0607732
0.470703 0.0603879
0.490234 0.0600857
0.474609 0.0601298
0.498047 0.0605486
0.482422 0.0609742
0.513672 0.0615166
0.513672 0.0620389
0.597656 0.0628123
0.617188 0.0634291
0.650391 0.06407
0.701172 0.0645785
0.707031 0.065465
0.726562 0.0661541
0.75 0.0665501
0.744141 0.0669512
0.779297 0.067156
0.763672 0.0670519
0.740234 0.0667731
0.738281 0.0665948
0.748047 0.0661237
0.736328 0.0657414
0.730469 0.0658211
0.742188 0.0661384
0.740234 0.0663023
0.728516 0.0664526
0.710938 0.0667273
0.701172 0.0670459
0.707031 0.0673764
0.728516 0.067533
0.705078 0.0674305
0.697266 0.067196
0.681641 0.0670658
0.677734 0.0669308
0.664062 0.0666954
0.619141 0.0662747
0.607422 0.065972
0.599609 0.0660737
0.601562 0.0661356
0.609375 0.0661844
0.605469 0.0658489
0.585938 0.0656287
0.583984 0.0649164
0.570312 0.0640145
0.578125 0.063362
0.550781 0.0624823
0.587891 0.0613319
0.582031 0.0603313
0.533203 0.0591523
0.5 0.0580505
0.515625 0.0569
0.537109 0.0556424
0.496094 0.0540216
0.482422 0.0526319
0.503906 0.0512294
0.498047 0.0497712
0.505859 0.0484013
0.529297 0.0470192
0.521484 0.0460058
0.533203 0.0448773
0.525391 0.0436405
0.578125 0.0424777
0.578125 0.0410858
0.546875 0.0398559
0.529297 0.0388065
0.486328 0.0379766
0.535156 0.0372239
0.521484 0.0366351
0.546875 0.036677
0.580078 0.0366477
0.628906 0.0361378
0.625 0.0356806
0.615234 0.0353405
0.625 0.0350155
0.626953 0.0349415
0.673828 0.0351464
0.699219 0.0354387
0.693359 0.0355185
0.685547 0.0357148
0.669922 0.0361081
0.689453 0.0363949
0.695312 0.0366224
0.664062 0.0366014
0.664062 0.0367441
0.705078 0.0368857
0.732422 0.0373017
0.693359 0.0376148
0.699219 0.0381333
0.679688 0.0384467
0.708984 0.0385137
0.716797 0.0386556
0.697266 0.0386956
0.675781 0.0388273
0.666016 0.0388452
0.710938 0.0389804
0.726562 0.0395087
0.763672 0.0399807
0.742188 0.0401409
0.759766 0.0401098
0.736328 0.0406257
0.757812 0.0412806
0.755859 0.0417762
0.742188 0.0423744
0.759766 0.0427591
0.794922 0.0431899
0.814453 0.0432881
0.779297 0.0432822
0.761719 0.0435478
0.794922 0.0432764
0.792969 0.0429014
0.724609 0.0424228
0.714844 0.0420151
0.730469 0.0414758
0.716797 0.0409622
0.658203 0.0405821
0.679688 0.0402002
0.689453 0.0398651
0.677734 0.0398355
0.675781 0.0395594
0.683594 0.0394643
0.605469 0.0390285
0.613281 0.0385953
0.615234 0.0380674
0.628906 0.0373217
0.574219 0.0365952
0.574219 0.0355145
0.558594 0.0344294
0.574219 0.0332848
0.580078 0.0324533
0.556641 0.0315124
0.544922 0.0308239
0.585938 0.0296354
0.566406 0.028547
0.623047 0.0273265
0.615234 0.0262136
0.662109 0.0251536
0.673828 0.0241019
0.689453 0.0227317
0.669922 0.0211961
0.726562 0.0197483
0.732422 0.0184243
0.732422 0.0171031
0.738281 0.0156448
0.746094 0.0144285
0.759766 0.0133379
0.740234 0.0123205
0.726562 0.0114668
0.740234 0.010728
0.734375 0.0100529
0.720703 0.00903457
0.720703 0.00826347
0.726562 0.0074595
0.705078 0.00669215
0.710938 0.00616134
0.71875 0.00529671
0.699219 0.00436899
0.701172 0.00345115
0.773438 0.00289038
0.783203 0.00206477
0.808594 0.00094004
0.800781 0.000114168
0.792969 -0.000703441
0.777344 -0.00158418
0.806641 -0.00256255
0.794922 -0.00374042
0.800781 -0.00520694
0.828125 -0.00687996
0.775391 -0.00828553
0.779297 -0.00967473
0.796875 -0.0113227
0.783203 -0.0128674
0.779297 -0.014176
0.748047 -0.0157814
0.759766 -0.0170529
0.767578 -0.0179824
0.763672 -0.0189153
0.761719 -0.019792
0.734375 -0.0209648
0.744141 -0.0220738
0.742188 -0.0230421
0.748047 -0.0237641
0.736328 -0.0244907
0.732422 -0.0250727
0.701172 -0.0254693
0.697266 -0.0262291
0.675781 -0.0272437
0.712891 -0.0283788
0.724609 -0.0293719
0.761719 -0.0302742
0.746094 -0.0314275
0.765625 -0.0321925
0.742188 -0.0332653
0.732422 -0.0343857
0.736328 -0.035581
0.693359 -0.0369963
0.691406 -0.0381033
0.667969 -0.0392964
0.642578 -0.040576
0.658203 -0.0416268
0.638672 -0.0427489
0.662109 -0.0437446
0.705078 -0.044798
0.707031 -0.0461474
0.726562 -0.0474321
0.734375 -0.0483629
0.769531 -0.0493326
0.8125 -0.0505684
0.8125 -0.0516808
0.816406 -0.0524506
0.833984 -0.0531853
0.833984 -0.0541805
0.794922 -0.0552914
0.792969 -0.0565692
0.826172 -0.0583777
0.779297 -0.0604102
0.751953 -0.062105
0.742188 -0.0634155
0.789062 -0.0646791
0.855469 -0.065634
0.84375 -0.0664725
0.859375 -0.0676813
0.869141 -0.0684636
0.878906 -0.0691756
0.863281 -0.0701078
0.869141 -0.0712944
0.863281 -0.0726043
0.847656 -0.0738766
0.859375 -0.0752537
0.859375 -0.076532
0.886719 -0.0777287
0.863281 -0.0790441
0.869141 -0.0803357
0.871094 -0.081265
0.898438 -0.0818831
0.904297 -0.0823529
0.873047 -0.0826548
0.861328 -0.0829229
0.839844 -0.0833495
0.869141 -0.0839223
0.853516 -0.0845041
0.853516 -0.0847174
0.828125 -0.0849454
0.820312 -0.0851795
0.800781 -0.0852014
0.828125 -0.0852066
0.777344 -0.0856307
0.861328 -0.0857434
0.890625 -0.086082
0.853516 -0.0864968
0.857422 -0.0868917
0.839844 -0.0874952
0.808594 -0.087973
0.824219 -0.0881183
0.808594 -0.0880709
0.822266 -0.0883032
0.820312 -0.0884425
0.8125 -0.0885678
0.802734 -0.0890484
0.759766 -0.0896573
0.773438 -0.0900843
0.757812 -0.0905871
0.734375 -0.0913664
0.714844 -0.0922775
0.707031 -0.0929889
0.742188 -0.0937157
0.730469 -0.0944832
0.746094 -0.0951313
0.732422 -0.095987
0.701172 -0.0968952
0.730469 -0.0977242
0.763672 -0.0980519
0.792969 -0.0981696
0.777344 -0.0981421
0.761719 -0.098072
0.738281 -0.0980304
0.740234 -0.0979679
0.751953 -0.0983457
0.742188 -0.0985909
0.740234 -0.0987924
0.720703 -0.0990531
0.759766 -0.0990081
0.75 -0.0985754
0.783203 -0.0987291
0.824219 -0.0989417
0.816406 -0.0990641
0.78125 -0.0994892
0.785156 -0.099969
0.78125 -0.100739
0.765625 -0.101392
0.763672 -0.101909
0.763672 -0.102037
0.755859 -0.101962
0.763672 -0.102133
0.693359 -0.102368
0.728516 -0.102685
0.705078 -0.103013
0.755859 -0.103174
0.75 -0.103282
0.712891 -0.102867
0.779297 -0.10249
0.796875 -0.102024
0.751953 -0.101692
0.753906 -0.101137
0.806641 -0.100484
0.783203 -0.0995
0.78125 -0.0986198
0.755859 -0.0980418
0.734375 -0.0976243
0.755859 -0.0969929
0.775391 -0.0962493
0.828125 -0.0955925
0.845703 -0.0949234
0.871094 -0.0941828
0.857422 -0.0934998
0.839844 -0.0928529
0.841797 -0.0927794
0.875 -0.0924205
0.888672 -0.0920671
0.876953 -0.0920473
0.880859 -0.0918277
0.896484 -0.0916552
0.863281 -0.0915362
0.867188 -0.0913643
0.884766 -0.0911573
0.859375 -0.0907431
0.849609 -0.0904401
0.873047 -0.0900179
0.865234 -0.0894469
0.882812 -0.0893004
0.873047 -0.089108
0.863281 -0.0886668
0.867188 -0.0883089
0.806641 -0.0875698
0.810547 -0.0866434
0.785156 -0.0850955
0.802734 -0.0840731
0.855469 -0.0829586
0.857422 -0.0818294
0.859375 -0.080706
0.8125 -0.0795102
0.865234 -0.0783665
0.830078 -0.0772047
0.814453 -0.0761968
0.773438 -0.0754631
0.796875 -0.0747932
0.777344 -0.0743812
0.761719 -0.0737213
0.806641 -0.0733345
0.800781 -0.0729173
0.771484 -0.0723132
0.820312 -0.0716458
0.779297 -0.0710963
0.816406 -0.0705256
0.826172 -0.06976
0.837891 -0.0686246
0.800781 -0.0679035
0.824219 -0.0666311
0.8125 -0.065496
0.830078 -0.064334
0.84375 -0.0634399
0.800781 -0.0624954
0.765625 -0.0619283
0.763672 -0.0616647
0.787109 -0.0613278
0.767578 -0.0612069
0.751953 -0.0611173
0.734375 -0.0612414
0.724609 -0.0611992
0.730469 -0.0613588
0.736328 -0.0612195
0.783203 -0.0610971
0.779297 -0.0611379
0.789062 -0.0610494
0.783203 -0.0611172
0.730469 -0.0614585
0.710938 -0.0613402
0.710938 -0.0613912
0.677734 -0.0616399
0.701172 -0.0615922
0.679688 -0.0616803
0.660156 -0.0616834
0.697266 -0.0619628
0.689453 -0.0621158
0.691406 -0.0625383
0.744141 -0.0627665
0.753906 -0.0626997
0.792969 -0.0629018
0.783203 -0.0627731
0.791016 -0.0625201
0.738281 -0.0623541
0.746094 -0.0622513
0.753906 -0.0624844
0.748047 -0.0620867
0.75 -0.0616941
0.794922 -0.0612109
0.796875 -0.0606188
0.792969 -0.0603051
0.783203 -0.0600476
0.75 -0.0601716
0.708984 -0.0605056
0.736328 -0.060783
0.757812 -0.0612653
0.710938 -0.0615311
0.701172 -0.0612784
0.736328 -0.061233
0.767578 -0.0607787
0.787109 -0.060232
0.716797 -0.0597222
0.703125 -0.059337
0.710938 -0.0586758
0.703125 -0.0584015
0.712891 -0.0582602
0.714844 -0.0577066
0.726562 -0.0577008
0.730469 -0.0575325
0.730469 -0.0574952
0.757812 -0.0571146
0.730469 -0.0568033
0.740234 -0.0561382
0.734375 -0.0551769
0.791016 -0.0541145
0.728516 -0.0535356
0.763672 -0.0524291
0.755859 -0.0509611
0.751953 -0.0496059
0.755859 -0.048025
0.744141 -0.0461453
0.765625 -0.0447529
0.796875 -0.0434276
0.755859 -0.04221
0.755859 -0.0413793
0.771484 -0.0401266
0.75 -0.0392893
0.763672 -0.0383491
0.765625 -0.0372469
0.742188 -0.0362518
0.693359 -0.0350824
0.707031 -0.0340632
0.689453 -0.0330263
0.677734 -0.0320688
0.683594 -0.0313447
0.716797 -0.030357
0.722656 -0.0296949
0.714844 -0.0292246
0.724609 -0.0284953
0.779297 -0.0277289
0.767578 -0.0268245
0.753906 -0.0256721
0.761719 -0.0245902
0.730469 -0.0233572
0.699219 -0.0220012
0.693359 -0.0208982
0.636719 -0.019646
0.576172 -0.0188114
0.587891 -0.017956
0.605469 -0.016855
0.601562 -0.015558
0.662109 -0.0145343
0.683594 -0.0134623
0.703125 -0.0125823
0.705078 -0.0116874
0.714844 -0.0107462
0.726562 -0.00993581
0.679688 -0.00952506
0.667969 -0.00919226
0.607422 -0.0089537
0.583984 -0.0087384
0.535156 -0.00842209
0.554688 -0.00796303
0.503906 -0.00774222
0.5 -0.0073939
0.509766 -0.00696215
0.472656 -0.00625942
0.470703 -0.00560957
0.458984 -0.00510958
0.484375 -0.0045226
0.53125 -0.00378904
0.519531 -0.00299335
0.476562 -0.00221156
0.46875 -0.00135019
0.445312 -0.00100279
0.416016 -0.000403207
0.439453 0.000311531
0.447266 0.00100077
0.416016 0.00155757
0.494141 0.00211293
0.548828 0.00286472
0.519531 0.00349347
0.515625 0.00394626
0.478516 0.00422907
0.445312 0.00424279
0.431641 0.00420981
0.421875 0.00436454
0.396484 0.00473272
0.417969 0.00456004
0.451172 0.00419079
0.458984 0.00358818
0.449219 0.00300645
0.433594 0.0023354
0.439453 0.00138659
0.4375 0.000693844
0.490234 -5.41826e-05
0.478516 -0.001049
0.462891 -0.00211285
0.486328 -0.00318129
0.474609 -0.00413075
0.490234 -0.00506918
0.462891 -0.00592057
0.414062 -0.00669398
0.351562 -0.007122
0.361328 -0.00793192
0.345703 -0.00887222
0.355469 -0.00969148
0.412109 -0.0103702
0.398438 -0.011063
0.425781 -0.0121126
0.425781 -0.0135976
0.501953 -0.0154454
0.498047 -0.0172509
0.472656 -0.0188032
0.449219 -0.0205255
0.427734 -0.0222291
0.445312 -0.0240243
0.429688 -0.0259954
0.435547 -0.0278785
0.394531 -0.0301041
0.349609 -0.0319773
0.34375 -0.0338546
0.353516 -0.0355529
0.363281 -0.0373434
0.347656 -0.0390668
0.359375 -0.0409835
0.298828 -0.0430334
0.287109 -0.0454307
0.242188 -0.0475859
0.283203 -0.0499152
0.255859 -0.052275
0.248047 -0.0546724
0.283203 -0.056996
0.279297 -0.0590295
0.261719 -0.060939
0.271484 -0.0625572
0.238281 -0.0641336
0.185547 -0.0659281
0.210938 -0.067425
0.175781 -0.0686212
0.0996094 -0.0697486
0.146484 -0.0710241
0.126953 -0.0719141
0.167969 -0.0729146
0.148438 -0.0742622
0.171875 -0.0757226
0.150391 -0.0773778
0.0917969 -0.0789399
0.0664062 -0.0807851
0.0605469 -0.082732
0.00585938 -0.0841577
0.0214844 -0.0861282
0.0292969 -0.0878132
0.0527344 -0.0891809
0.046875 -0.0904762
0.0136719 -0.091774
0 -0.0931262
0.0351562 -0.094493
0.0742188 -0.095858
0.0957031 -0.0973309
0.111328 -0.0985907
0.140625 -0.0998239
0.146484 -0.100975
0.107422 -0.101918
0.136719 -0.10263
0.111328 -0.103161
0.134766 -0.103684
0.134766 -0.104106
0.162109 -0.104463
0.263672 -0.104459
0.246094 -0.104536
0.234375 -0.104691
0.287109 -0.104979
0.3125 -0.105726
0.3125 -0.106312
0.333984 -0.107031
0.34375 -0.107565
0.328125 -0.108509
0.359375 -0.109411
0.396484 -0.110393
0.433594 -0.111133
0.412109 -0.112178
0.375 -0.113185
0.375 -0.114539
0.4375 -0.115606
0.421875 -0.116791
0.414062 -0.11827
0.400391 -0.119606
0.425781 -0.12104
0.388672 -0.121904
0.382812 -0.123222
0.367188 -0.124563
0.328125 -0.125734
0.353516 -0.127037
0.351562 -0.128185
0.333984 -0.129284
0.3125 -0.13018
0.271484 -0.131135
0.261719 -0.131941
0.314453 -0.132822
0.273438 -0.133958
0.255859 -0.135024
0.232422 -0.136255
0.232422 -0.137635
0.232422 -0.138953
0.277344 -0.139786
0.361328 -0.140309
0.404297 -0.140861
0.408203 -0.141873
0.449219 -0.143274
0.382812 -0.144621
0.394531 -0.145812
0.439453 -0.147269
0.394531 -0.148883
0.392578 -0.150282
0.378906 -0.151724
0.386719 -0.153108
0.396484 -0.154364
0.421875 -0.155683
0.421875 -0.157081
0.417969 -0.158614
0.4375 -0.159783
0.427734 -0.160835
0.400391 -0.162086
0.380859 -0.163679
0.363281 -0.165391
0.410156 -0.16699
0.457031 -0.168504
0.439453 -0.169916
0.429688 -0.171176
0.390625 -0.172419
0.376953 -0.173551
0.443359 -0.174828
0.451172 -0.176393
0.482422 -0.177937
0.498047 -0.179172
0.460938 -0.180723
0.470703 -0.182095
0.490234 -0.183635
0.537109 -0.185318
0.492188 -0.186941
0.46875 -0.188666
0.441406 -0.190513
0.455078 -0.192344
0.460938 -0.193677
0.427734 -0.194438
0.380859 -0.195675
0.396484 -0.197034
0.410156 -0.198449
0.427734 -0.199738
0.460938 -0.200724
0.492188 -0.20181
0.470703 -0.202739
0.480469 -0.203778
0.496094 -0.204833
0.464844 -0.206184
0.451172 -0.207445
0.486328 -0.208335
0.482422 -0.20933
0.46875 -0.210231
0.517578 -0.211083
0.484375 -0.212219
0.427734 -0.213544
0.388672 -0.214952
0.376953 -0.216174
0.441406 -0.217516
0.408203 -0.218633
0.367188 -0.219816
0.376953 -0.221003
0.314453 -0.222231
0.341797 -0.22402
0.3125 -0.225661
0.314453 -0.227463
0.322266 -0.229162
0.300781 -0.230696
0.292969 -0.232233
0.236328 -0.233606
0.208984 -0.235391
0.191406 -0.237279
0.224609 -0.238947
0.222656 -0.240479
0.175781 -0.242151
0.210938 -0.24434
0.205078 -0.246419
0.158203 -0.248246
0.193359 -0.250169
0.210938 -0.252136
0.277344 -0.254178
0.273438 -0.256313
0.333984 -0.257898
0.330078 -0.259922
0.302734 -0.262116
0.339844 -0.264595
0.318359 -0.267282
0.314453 -0.269806
0.347656 -0.272812
0.333984 -0.275625
0.310547 -0.278434
0.267578 -0.28121
0.244141 -0.28391
0.267578 -0.286542
0.294922 -0.288773
0.316406 -0.291316
0.316406 -0.293524
0.332031 -0.295677
0.363281 -0.29813
0.378906 -0.300772
0.384766 -0.303299
0.382812 -0.305782
0.417969 -0.308084
0.425781 -0.309954
0.453125 -0.312137
0.496094 -0.314244
0.462891 -0.315839
0.474609 -0.317659
0.419922 -0.319185
0.398438 -0.320758
0.410156 -0.322053
0.441406 -0.323236
0.455078 -0.324942
0.472656 -0.32624
0.523438 -0.327348
0.455078 -0.328465
0.449219 -0.329874
0.416016 -0.330875
0.427734 -0.331253
0.4375 -0.331553
0.486328 -0.331858
0.486328 -0.332265
0.486328 -0.332445
0.466797 -0.332784
0.478516 -0.332998
0.501953 -0.333048
0.556641 -0.333506
0.583984 -0.333715
0.615234 -0.333499
0.667969 -0.332976
0.673828 -0.332468
0.683594 -0.332035
0.673828 -0.331537
0.671875 -0.330844
0.667969 -0.329925
0.699219 -0.329268
0.697266 -0.329056
0.695312 -0.329111
0.677734 -0.329079
0.736328 -0.329103
0.720703 -0.328753
0.703125 -0.328118
0.693359 -0.327316
0.726562 -0.32676
0.695312 -0.326278
0.662109 -0.325923
0.685547 -0.325748
0.664062 -0.325486
0.679688 -0.325597
0.640625 -0.325816
0.658203 -0.326154
0.662109 -0.326276
0.636719 -0.326308
0.625 -0.32602
0.607422 -0.325656
0.660156 -0.325193
0.669922 -0.324752
0.658203 -0.32456
0.667969 -0.323925
0.664062 -0.322794
0.648438 -0.32175
0.646484 -0.320448
0.644531 -0.319002
0.654297 -0.317442
0.644531 -0.316325
0.630859 -0.315219
0.5625 -0.313622
0.607422 -0.311805
0.583984 -0.30985
0.601562 -0.308465
0.630859 -0.307294
0.589844 -0.306027
0.541016 -0.305291
0.496094 -0.304525
0.519531 -0.303891
0.476562 -0.302956
0.478516 -0.302124
0.498047 -0.301348
0.482422 -0.300671
0.462891 -0.300031
0.455078 -0.299428
0.464844 -0.298809
0.509766 -0.298184
0.517578 -0.297267
0.496094 -0.296306
0.480469 -0.295339
0.460938 -0.294385
0.451172 -0.29315
0.486328 -0.292033
0.464844 -0.290804
0.486328 -0.289567
0.470703 -0.288148
0.447266 -0.286534
0.470703 -0.284978
0.439453 -0.283344
0.453125 -0.281644
0.470703 -0.279662
0.494141 -0.277598
0.494141 -0.275921
0.484375 -0.274417
0.484375 -0.273027
0.478516 -0.271561
0.466797 -0.270298
0.501953 -0.269301
0.509766 -0.268024
0.476562 -0.267336
0.527344 -0.266812
0.535156 -0.266291
0.548828 -0.265588
0.558594 -0.264731
0.550781 -0.264191
0.566406 -0.263869
0.587891 -0.263486
0.574219 -0.263036
0.582031 -0.262578
0.5625 -0.262211
0.59375 -0.26262
0.603516 -0.263357
0.603516 -0.263893
0.617188 -0.264591
0.621094 -0.265581
0.595703 -0.266427
0.580078 -0.267028
0.609375 -0.267523
0.621094 -0.268127
0.621094 -0.268675
0.65625 -0.268946
0.638672 -0.269489
0.605469 -0.270223
0.597656 -0.271096
0.564453 -0.271945
0.570312 -0.27278
0.578125 -0.273745
0.556641 -0.274498
0.548828 -0.274807
0.529297 -0.275064
0.519531 -0.274801
0.529297 -0.275008
0.498047 -0.275092
0.535156 -0.275049
0.548828 -0.274763
0.560547 -0.274632
0.595703 -0.274647
0.583984 -0.274395
0.542969 -0.274208
0.521484 -0.274218
0.5 -0.273856
0.548828 -0.273614
0.582031 -0.273352
0.591797 -0.27309
0.605469 -0.272978
0.626953 -0.273038
0.607422 -0.272923
0.621094 -0.272829
0.619141 -0.2731
0.615234 -0.27346
0.621094 -0.273535
0.574219 -0.273126
0.626953 -0.272573
0.689453 -0.271965
0.707031 -0.271325
0.673828 -0.270718
0.660156 -0.269975
0.640625 -0.269324
0.619141 -0.268453
0.630859 -0.267379
0.599609 -0.266317
0.59375 -0.264954
0.597656 -0.263614
0.632812 -0.262129
0.615234 -0.260779
0.626953 -0.259198
0.640625 -0.257901
0.615234 -0.256518
0.667969 -0.255071
0.693359 -0.254224
0.720703 -0.253263
0.767578 -0.251927
0.699219 -0.250518
0.705078 -0.24956
0.728516 -0.248384
0.767578 -0.246864
0.835938 -0.245068
0.800781 -0.24343
0.841797 -0.241753
0.875 -0.240511
0.863281 -0.239355
0.820312 -0.238273
0.804688 -0.237593
0.775391 -0.237095
0.767578 -0.236779
0.779297 -0.236834
0.769531 -0.236562
0.769531 -0.236237
0.804688 -0.23577
0.789062 -0.235185
0.796875 -0.234626
0.806641 -0.234325
0.796875 -0.234049
0.808594 -0.233574
0.804688 -0.233182
0.816406 -0.232878
0.775391 -0.23262
0.78125 -0.232435
0.791016 -0.232335
0.763672 -0.232337
0.730469 -0.232481
0.751953 -0.232337
0.746094 -0.231932
0.716797 -0.231332
0.746094 -0.230517
0.773438 -0.229485
0.753906 -0.228683
0.681641 -0.22852
0.681641 -0.228639
0.697266 -0.22874
0.689453 -0.228678
0.683594 -0.228787
0.710938 -0.228658
0.740234 -0.228488
0.730469 -0.228447
0.740234 -0.228321
0.810547 -0.228565
0.796875 -0.228959
0.779297 -0.229442
0.746094 -0.229837
0.771484 -0.229919
0.712891 -0.229837
0.712891 -0.229776
0.720703 -0.229918
0.746094 -0.229988
0.757812 -0.230133
0.796875 -0.230097
0.767578 -0.23073
0.767578 -0.230914
0.763672 -0.230936
0.726562 -0.231037
0.708984 -0.230584
0.728516 -0.230039
0.736328 -0.229336
0.763672 -0.228348
0.732422 -0.227578
0.693359 -0.227029
0.669922 -0.226421
0.667969 -0.225801
0.632812 -0.225277
0.609375 -0.224733
0.630859 -0.224329
0.667969 -0.223597
0.681641 -0.222961
0.699219 -0.22178
0.697266 -0.221097
0.699219 -0.220781
0.708984 -0.220081
0.722656 -0.219471
0.677734 -0.218838
0.693359 -0.21774
0.712891 -0.216925
0.701172 -0.215933
0.730469 -0.215091
0.707031 -0.214224
0.707031 -0.213128
0.726562 -0.211669
0.720703 -0.209672
0.732422 -0.207913
0.798828 -0.20603
0.800781 -0.204367
0.787109 -0.202806
0.769531 -0.20108
0.761719 -0.19928
0.785156 -0.197611
0.808594 -0.196093
0.808594 -0.194573
0.777344 -0.193172
0.779297 -0.191558
0.763672 -0.189722
0.767578 -0.187836
0.724609 -0.186233
0.705078 -0.184609
0.65625 -0.183191
0.689453 -0.182109
0.681641 -0.180754
0.6875 -0.179599
0.71875 -0.178629
0.720703 -0.178014
0.722656 -0.17744
0.712891 -0.176762
0.712891 -0.175989
0.707031 -0.175557
0.703125 -0.175098
0.710938 -0.174457
0.738281 -0.174099
0.769531 -0.173852
0.787109 -0.173677
0.789062 -0.173508
0.769531 -0.173872
0.761719 -0.173826
0.726562 -0.174038
0.699219 -0.174238
0.708984 -0.174152
0.683594 -0.174021
0.693359 -0.17422
0.701172 -0.174078
0.71875 -0.173625
0.671875 -0.173456
0.65625 -0.1735
0.648438 -0.173374
0.621094 -0.173152
0.605469 -0.173257
0.583984 -0.173271
0.617188 -0.173389
0.603516 -0.173862
0.642578 -0.174409
0.664062 -0.174797
0.625 -0.175138
0.630859 -0.175431
0.660156 -0.175596
0.660156 -0.175889
0.648438 -0.176169
0.730469 -0.176967
0.734375 -0.177309
0.746094 -0.177831
0.720703 -0.178242
0.742188 -0.178392
0.771484 -0.178478
0.751953 -0.178664
0.753906 -0.178866
0.728516 -0.178987
0.728516 -0.179212
0.748047 -0.179168
0.730469 -0.179279
0.707031 -0.179296
0.699219 -0.178832
0.705078 -0.178646
0.726562 -0.178411
0.726562 -0.178076
0.703125 -0.17769
0.708984 -0.177221
0.71875 -0.176873
0.671875 -0.176536
0.597656 -0.175961
0.636719 -0.175829
0.634766 -0.175579
0.605469 -0.174991
0.658203 -0.174712
0.658203 -0.174527
0.662109 -0.174472
0.660156 -0.174357
0.685547 -0.174009
0.6875 -0.173235
0.71875 -0.172869
0.730469 -0.172383
0.740234 -0.171576
0.736328 -0.171063
0.724609 -0.17055
0.714844 -0.170111
0.664062 -0.169707
0.662109 -0.169051
0.636719 -0.168261
0.640625 -0.167329
0.666016 -0.166236
0.679688 -0.165102
0.646484 -0.163859
0.658203 -0.162417
0.619141 -0.161452
0.669922 -0.160809
0.707031 -0.159719
0.708984 -0.15858
0.753906 -0.157668
0.755859 -0.156916
0.748047 -0.156323
0.710938 -0.155492
0.634766 -0.154983
0.677734 -0.154451
0.703125 -0.15407
0.708984 -0.153777
0.720703 -0.153155
0.689453 -0.152619
0.685547 -0.152046
0.730469 -0.15138
0.683594 -0.150308
0.736328 -0.149417
0.697266 -0.148553
0.673828 -0.147982
0.675781 -0.147695
0.65625 -0.147427
0.640625 -0.147367
0.609375 -0.147017
0.623047 -0.146575
0.609375 -0.146388
0.601562 -0.146208
0.578125 -0.145489
0.632812 -0.144905
0.632812 -0.144267
0.619141 -0.143525
0.652344 -0.142423
0.705078 -0.141677
0.697266 -0.140302
0.658203 -0.139161
0.6875 -0.138083
0.642578 -0.137275
0.664062 -0.136608
0.630859 -0.135946
0.636719 -0.135453
0.607422 -0.134906
0.626953 -0.133945
0.597656 -0.132767
0.634766 -0.131425
0.625 -0.130203
0.572266 -0.129008
0.611328 -0.127798
0.603516 -0.126259
0.613281 -0.124512
0.65625 -0.123019
0.589844 -0.121491
0.603516 -0.1201
0.619141 -0.118542
0.646484 -0.116824
0.65625 -0.115221
0.691406 -0.113335
0.732422 -0.11155
0.708984 -0.109829
0.722656 -0.108251
0.714844 -0.107115
0.701172 -0.106041
0.742188 -0.105291
0.716797 -0.104749
0.71875 -0.104103
0.748047 -0.103487
0.712891 -0.102896
0.748047 -0.102704
0.765625 -0.10228
0.728516 -0.102116
0.771484 -0.101829
0.791016 -0.100923
0.792969 -0.100081
0.792969 -0.0989926
0.78125 -0.098272
0.763672 -0.0972516
0.724609 -0.0960805
0.673828 -0.0947455
0.681641 -0.0933321
0.646484 -0.0917188
0.679688 -0.0901199
0.677734 -0.0887292
0.730469 -0.0875653
0.712891 -0.0862626
0.730469 -0.0850801
0.777344 -0.0837314
0.738281 -0.0824709
0.71875 -0.0811776
0.703125 -0.0799589
0.712891 -0.0785454
0.705078 -0.0767784
0.748047 -0.0752757
0.734375 -0.0738492
0.738281 -0.0726263
0.748047 -0.0714882
0.767578 -0.0706821
0.763672 -0.0698775
0.71875 -0.0691935
0.708984 -0.0691792
0.705078 -0.0687202
0.644531 -0.0688621
0.638672 -0.068666
0.638672 -0.0683694
0.626953 -0.0681035
0.619141 -0.0678836
0.617188 -0.0678611
0.613281 -0.0683109
0.669922 -0.0687758
0.683594 -0.0692484
0.673828 -0.0696547
0.666016 -0.0699518
0.65625 -0.0704787
0.628906 -0.0707419
0.59375 -0.0710944
0.611328 -0.0711174
0.623047 -0.0713157
0.638672 -0.0719373
0.634766 -0.0725176
0.625 -0.0733294
0.576172 -0.0740821
0.583984 -0.0749686
0.630859 -0.0760499
0.667969 -0.0772393
0.681641 -0.0784349
0.630859 -0.0796791
0.634766 -0.081324
0.632812 -0.082843
0.654297 -0.0846939
0.669922 -0.0865676
0.642578 -0.0885711
0.654297 -0.0905423
0.671875 -0.0920369
0.65625 -0.0935008
0.652344 -0.0951347
0.658203 -0.0970245
0.642578 -0.098967
0.626953 -0.100975
0.640625 -0.103232
0.65625 -0.105525
0.667969 -0.107864
0.654297 -0.10984
0.691406 -0.111823
0.742188 -0.113679
0.732422 -0.115506
0.714844 -0.117634
0.722656 -0.119526
0.685547 -0.12162
0.712891 -0.123586
0.708984 -0.125283
0.71875 -0.127089
0.667969 -0.128594
0.658203 -0.130248
0.673828 -0.131553
0.701172 -0.132732
0.707031 -0.133866
0.701172 -0.134928
0.699219 -0.136068
0.728516 -0.136397
0.716797 -0.136949
0.744141 -0.137516
0.742188 -0.138339
0.724609 -0.138933
0.707031 -0.140032
0.673828 -0.14136
0.654297 -0.142902
0.673828 -0.144247
0.683594 -0.145871
0.712891 -0.147287
0.769531 -0.148794
0.785156 -0.149965
0.765625 -0.151173
0.736328 -0.15206
0.757812 -0.153138
0.771484 -0.15401
0.755859 -0.15464
0.748047 -0.155191
0.6875 -0.155505
0.712891 -0.156331
0.728516 -0.157173
0.787109 -0.158519
0.773438 -0.159769
0.707031 -0.161024
0.710938 -0.162491
0.703125 -0.163942
0.732422 -0.165513
0.726562 -0.166994
0.732422 -0.168897
0.755859 -0.170846
0.765625 -0.172518
0.75 -0.174776
0.771484 -0.176946
0.728516 -0.179006
0.693359 -0.180881
0.775391 -0.182431
0.722656 -0.183497
0.726562 -0.18456
0.751953 -0.186222
0.751953 -0.187988
0.791016 -0.189431
0.792969 -0.19067
0.765625 -0.191767
0.730469 -0.193032
0.693359 -0.1942
0.703125 -0.195482
0.712891 -0.196479
0.720703 -0.196771
0.769531 -0.197327
0.78125 -0.198022
0.763672 -0.198164
0.794922 -0.198428
0.748047 -0.198982
0.740234 -0.199087
0.755859 -0.199055
0.806641 -0.199103
0.792969 -0.199008
0.822266 -0.198566
0.777344 -0.198519
0.767578 -0.198315
0.75 -0.198159
0.777344 -0.198411
0.777344 -0.198648
0.792969 -0.199505
0.796875 -0.200087
0.783203 -0.200493
0.837891 -0.201196
0.833984 -0.201978
0.822266 -0.202731
0.802734 -0.203257
0.796875 -0.203693
0.783203 -0.203987
0.810547 -0.204408
0.802734 -0.204818
0.804688 -0.20501
0.769531 -0.205221
0.763672 -0.205536
0.761719 -0.206336
0.765625 -0.20675
0.8125 -0.207737
0.771484 -0.20862
0.820312 -0.20944
0.835938 -0.210308
0.818359 -0.211493
0.833984 -0.212867
0.851562 -0.213946
0.820312 -0.215242
0.8125 -0.216677
0.816406 -0.217997
0.822266 -0.219373
0.810547 -0.22122
0.800781 -0.223188
0.767578 -0.225169
0.757812 -0.227427
0.767578 -0.229752
0.753906 -0.232173
0.722656 -0.234623
0.705078 -0.237636
0.708984 -0.240668
0.701172 -0.243696
0.712891 -0.246816
0.730469 -0.25015
0.710938 -0.253073
0.759766 -0.255629
0.724609 -0.257735
0.683594 -0.260114
0.666016 -0.262729
0.693359 -0.265411
0.644531 -0.268186
0.623047 -0.271007
0.640625 -0.274186
0.677734 -0.277567
0.642578 -0.280182
0.628906 -0.28292
0.634766 -0.285953
0.640625 -0.289274
0.677734 -0.292751
0.623047 -0.295832
0.662109 -0.299392
0.666016 -0.30253
0.673828 -0.305461
0.652344 -0.308366
0.623047 -0.311341
0.626953 -0.314051
0.626953 -0.316444
0.634766 -0.318754
0.65625 -0.321211
0.650391 -0.323397
0.662109 -0.325215
0.638672 -0.326963
0.605469 -0.328663
0.572266 -0.330288
0.621094 -0.332063
0.591797 -0.333458
0.580078 -0.334951
0.580078 -0.336153
0.585938 -0.337721
0.617188 -0.339086
0.607422 -0.340163
0.615234 -0.341349
0.599609 -0.34256
0.617188 -0.343426
0.671875 -0.344639
0.675781 -0.346156
0.722656 -0.347736
0.707031 -0.349567
0.705078 -0.351471
0.699219 -0.352779
0.666016 -0.354563
0.654297 -0.356192
0.632812 -0.357969
0.625 -0.359521
0.626953 -0.36064
0.642578 -0.361911
0.646484 -0.362906
0.699219 -0.363952
0.738281 -0.365003
0.787109 -0.366106
0.796875 -0.367275
0.777344 -0.368539
0.798828 -0.369442
0.8125 -0.370207
0.820312 -0.37096
0.832031 -0.372029
0.779297 -0.372618
0.824219 -0.373239
0.798828 -0.373815
0.818359 -0.374225
0.816406 -0.375098
0.822266 -0.375691
0.847656 -0.376401
0.859375 -0.377145
0.857422 -0.378227
0.861328 -0.379337
0.845703 -0.381144
0.800781 -0.383276
0.804688 -0.384987
0.775391 -0.386682
0.791016 -0.388688
0.816406 -0.390959
0.810547 -0.39321
0.753906 -0.395107
0.71875 -0.397608
0.671875 -0.400087
0.667969 -0.402425
0.701172 -0.404813
0.746094 -0.407104
0.740234 -0.40885
0.724609 -0.410275
0.744141 -0.411444
0.716797 -0.412782
0.728516 -0.414724
0.765625 -0.416692
0.769531 -0.418384
0.769531 -0.419973
0.748047 -0.421939
0.787109 -0.423691
0.78125 -0.425788
0.769531 -0.427603
0.775391 -0.42939
0.783203 -0.430762
0.755859 -0.432727
0.722656 -0.435113
0.814453 -0.436928
0.816406 -0.438957
0.818359 -0.440889
0.816406 -0.442686
0.775391 -0.444473
0.730469 -0.446222
0.726562 -0.447927
0.716797 -0.449522
0.699219 -0.451121
0.683594 -0.452928
0.693359 -0.454692
0.722656 -0.456349
0.726562 -0.458092
0.730469 -0.459626
0.75 -0.460777
0.703125 -0.461667
0.71875 -0.462369
0.681641 -0.463065
0.714844 -0.464018
0.722656 -0.464212
0.722656 -0.463899
0.716797 -0.46385
0.773438 -0.463477
0.755859 -0.463162
0.761719 -0.462434
0.748047 -0.462087
0.724609 -0.461726
0.728516 -0.46172
0.6875 -0.461831
0.679688 -0.461549
0.722656 -0.461732
0.722656 -0.462247
0.763672 -0.462731
0.744141 -0.463625
0.671875 -0.464898
0.728516 -0.466009
0.714844 -0.466806
0.728516 -0.467614
0.710938 -0.468639
0.753906 -0.46916
0.728516 -0.469367
0.732422 -0.469412
0.722656 -0.469439
0.726562 -0.469967
0.71875 -0.470839
0.716797 -0.472009
0.728516 -0.47306
0.705078 -0.474052
0.699219 -0.474909
0.708984 -0.475658
0.722656 -0.476386
0.708984 -0.47707
0.759766 -0.477632
0.753906 -0.477749
0.826172 -0.478167
0.824219 -0.478304
0.816406 -0.478408
0.804688 -0.478875
0.818359 -0.478823
0.792969 -0.47871
0.787109 -0.478722
0.779297 -0.479526
0.810547 -0.480554
0.777344 -0.481382
0.767578 -0.482363
0.736328 -0.483457
0.705078 -0.484118
0.669922 -0.484729
0.673828 -0.485193
0.673828 -0.485341
0.673828 -0.485276
0.673828 -0.485478
0.697266 -0.485599
0.675781 -0.485664
0.642578 -0.486384
0.683594 -0.486479
0.716797 -0.486438
0.714844 -0.486074
0.746094 -0.485841
0.724609 -0.485712
0.740234 -0.485598
0.730469 -0.485297
0.779297 -0.484585
0.775391 -0.484071
0.742188 -0.483483
0.734375 -0.482745
0.753906 -0.482017
0.78125 -0.480988
0.773438 -0.4796
0.792969 -0.478283
0.794922 -0.476934
0.816406 -0.47571
0.800781 -0.474601
0.796875 -0.473538
0.810547 -0.472689
0.777344 -0.471868
0.820312 -0.470687
0.785156 -0.46963
0.787109 -0.468677
0.78125 -0.467986
0.757812 -0.467065
0.775391 -0.465914
0.75 -0.464454
0.769531 -0.46315
0.769531 -0.461811
0.759766 -0.460178
0.773438 -0.458959
0.775391 -0.458453
0.769531 -0.458442
0.757812 -0.458414
0.771484 -0.458373
0.78125 -0.45828
0.785156 -0.458056
0.806641 -0.457907
0.787109 -0.457992
0.820312 -0.458043
0.748047 -0.457641
0.662109 -0.457492
0.652344 -0.457024
0.646484 -0.456758
0.589844 -0.456566
0.583984 -0.456246
0.599609 -0.455608
0.601562 -0.455608
0.552734 -0.455211
0.607422 -0.455003
0.638672 -0.45481
0.601562 -0.454699
0.59375 -0.454785
0.599609 -0.45459
0.576172 -0.453875
0.566406 -0.453478
0.560547 -0.453147
0.574219 -0.453149
0.560547 -0.453233
0.556641 -0.453544
0.544922 -0.454072
0.554688 -0.453963
0.605469 -0.453793
0.617188 -0.453717
0.599609 -0.453455
0.585938 -0.453129
0.611328 -0.452679
0.582031 -0.452699
0.568359 -0.452544
0.539062 -0.452566
0.496094 -0.45246
0.492188 -0.452682
0.498047 -0.452659
0.507812 -0.452586
0.474609 -0.452302
0.429688 -0.452111
0.423828 -0.451826
0.464844 -0.451741
0.525391 -0.45131
0.527344 -0.451138
0.525391 -0.45078
0.546875 -0.44975
0.558594 -0.448375
0.544922 -0.446889
0.515625 -0.445712
0.527344 -0.444365
0.517578 -0.442894
0.556641 -0.440975
0.568359 -0.439373
0.582031 -0.438115
0.570312 -0.436896
0.582031 -0.435947
0.546875 -0.434782
0.542969 -0.433752
0.550781 -0.432821
0.578125 -0.431804
0.605469 -0.430741
0.613281 -0.429596
0.599609 -0.428856
0.570312 -0.428069
0.582031 -0.426698
0.546875 -0.425391
0.556641 -0.423869
0.525391 -0.422654
0.533203 -0.421103
0.503906 -0.419702
0.490234 -0.418264
0.529297 -0.41612
0.541016 -0.41411
0.517578 -0.411818
0.554688 -0.409433
0.568359 -0.407239
0.53125 -0.4048
0.541016 -0.402299
0.566406 -0.399975
0.591797 -0.39775
0.591797 -0.395121
0.5625 -0.392166
0.554688 -0.389392
0.53125 -0.386562
0.53125 -0.384042
0.511719 -0.381475
0.509766 -0.378786
0.462891 -0.376129
0.419922 -0.373971
0.470703 -0.372524
0.455078 -0.371227
0.4375 -0.36979
0.412109 -0.368462
0.400391 -0.36707
0.402344 -0.365891
0.388672 -0.364948
0.386719 -0.364505
0.388672 -0.363767
0.394531 -0.362726
0.441406 -0.362205
0.412109 -0.361596
0.417969 -0.361133
0.398438 -0.360627
0.412109 -0.360112
0.417969 -0.359283
0.386719 -0.35834
0.328125 -0.357278
0.257812 -0.35631
0.230469 -0.35583
0.261719 -0.35515
0.28125 -0.354494
0.279297 -0.353726
0.320312 -0.352996
0.316406 -0.351993
0.332031 -0.350835
0.34375 -0.349882
0.390625 -0.349473
0.382812 -0.348802
0.365234 -0.348175
0.349609 -0.347838
0.386719 -0.347697
0.414062 -0.347631
0.435547 -0.347133
0.421875 -0.346856
0.408203 -0.346374
0.378906 -0.346337
0.345703 -0.346038
0.333984 -0.34574
0.324219 -0.345407
0.335938 -0.344902
0.298828 -0.344655
0.289062 -0.344456
0.310547 -0.344333
0.296875 -0.344101
0.275391 -0.343798
0.289062 -0.343254
0.316406 -0.342725
0.330078 -0.342218
0.298828 -0.34177
0.330078 -0.340857
0.322266 -0.339503
0.310547 -0.33838
0.294922 -0.337285
0.302734 -0.335603
0.275391 -0.333909
0.308594 -0.33296
0.292969 -0.331605
0.291016 -0.330507
0.296875 -0.329668
0.306641 -0.328968
0.320312 -0.327938
0.339844 -0.327159
0.324219 -0.326134
0.275391 -0.325618
0.285156 -0.325197
0.326172 -0.324613
0.34375 -0.323998
0.361328 -0.323742
0.341797 -0.323199
0.345703 -0.322535
0.332031 -0.322017
0.335938 -0.321644
0.347656 -0.321507
0.328125 -0.321001
0.275391 -0.320601
0.277344 -0.320272
0.296875 -0.319734
0.267578 -0.319552
0.220703 -0.319783
0.242188 -0.319432
0.191406 -0.319223
0.154297 -0.318978
0.134766 -0.319011
0.121094 -0.319011
0.146484 -0.318992
0.148438 -0.318916
0.164062 -0.319234
0.142578 -0.319259
0.115234 -0.319196
0.169922 -0.319457
0.166016 -0.31984
0.205078 -0.320236
0.232422 -0.320323
0.214844 -0.320526
0.234375 -0.321359
0.234375 -0.322164
0.236328 -0.322965
0.183594 -0.323875
0.130859 -0.32476
0.171875 -0.325478
0.119141 -0.326319
0.128906 -0.327212
0.126953 -0.328319
0.109375 -0.329533
0.154297 -0.330452
0.203125 -0.331218
0.220703 -0.331893
0.15625 -0.33275
0.171875 -0.333869
0.162109 -0.334395
0.138672 -0.334666
0.140625 -0.33459
0.130859 -0.334272
0.158203 -0.333893
0.164062 -0.333789
0.154297 -0.333557
0.136719 -0.333316
0.121094 -0.33276
0.09375 -0.332306
0.0996094 -0.332351
0.0996094 -0.332278
0.119141 -0.332301
0.0742188 -0.331511
0.0820312 -0.331265
0.121094 -0.331238
0.158203 -0.331518
0.173828 -0.33174
0.171875 -0.331655
0.203125 -0.331623
0.191406 -0.331394
0.205078 -0.331173
0.158203 -0.330906
0.138672 -0.33062
0.150391 -0.330862
0.148438 -0.330536
0.195312 -0.33005
0.199219 -0.329148
0.228516 -0.328146
0.244141 -0.327116
0.246094 -0.325914
0.298828 -0.324929
0.273438 -0.323774
0.199219 -0.322507
0.236328 -0.32163
0.263672 -0.320554
0.228516 -0.319111
0.197266 -0.318119
0.1875 -0.317146
0.195312 -0.315946
0.230469 -0.314996
0.234375 -0.313702
0.265625 -0.312398
0.300781 -0.31117
0.279297 -0.309945
0.300781 -0.308699
0.289062 -0.307115
0.261719 -0.305817
0.285156 -0.3042
0.277344 -0.302032
0.263672 -0.300425
0.263672 -0.29917
0.283203 -0.298107
0.210938 -0.297128
0.1875 -0.296564
0.199219 -0.29628
0.197266 -0.295689
0.185547 -0.294791
0.189453 -0.294114
0.140625 -0.293025
0.160156 -0.292121
0.173828 -0.290653
0.150391 -0.28901
0.167969 -0.287141
0.15625 -0.285582
0.1875 -0.283971
0.185547 -0.282425
0.230469 -0.280656
0.222656 -0.27924
0.197266 -0.278119
0.177734 -0.277411
0.164062 -0.276655
0.150391 -0.27611
0.123047 -0.275704
0.136719 -0.275299
0.138672 -0.275093
0.148438 -0.274705
0.136719 -0.274682
0.119141 -0.274504
0.107422 -0.274424
0.0761719 -0.274163
0.0957031 -0.274528
0.0722656 -0.274816
0.0605469 -0.274613
0.0566406 -0.274609
0.078125 -0.274712
0.148438 -0.274607
0.162109 -0.274059
0.119141 -0.27359
0.138672 -0.273128
0.175781 -0.272656
0.175781 -0.272425
0.146484 -0.272098
0.146484 -0.27223
0.125 -0.272066
0.177734 -0.271597
0.224609 -0.27154
0.210938 -0.271415
0.177734 -0.271693
0.158203 -0.271853
0.158203 -0.271831
0.166016 -0.272151
0.144531 -0.272164
0.189453 -0.272227
0.175781 -0.271839
0.189453 -0.271323
0.132812 -0.271016
0.107422 -0.270496
0.115234 -0.270351
0.107422 -0.270479
0.146484 -0.270692
0.130859 -0.27097
0.136719 -0.271115
0.175781 -0.271195
0.142578 -0.270725
0.146484 -0.270424
0.138672 -0.269732
0.175781 -0.269013
0.152344 -0.268067
0.167969 -0.267426
0.166016 -0.266731
0.203125 -0.266022
0.158203 -0.265469
0.150391 -0.264705
0.173828 -0.263767
0.146484 -0.262971
0.169922 -0.262506
0.146484 -0.261598
0.078125 -0.261192
0.0761719 -0.260946
0.0957031 -0.260622
0.101562 -0.260407
0.0996094 -0.260324
0.101562 -0.260518
0.109375 -0.26069
0.0917969 -0.260779
0.0625 -0.261077
0.0371094 -0.261708
0.015625 -0.262041
0.0390625 -0.262412
0.0253906 -0.262602
0.0078125 -0.262929
0.0117188 -0.262966
0.00390625 -0.262905
0.0136719 -0.263181
0.0175781 -0.263969
0.0429688 -0.264424
0.0625 -0.264308
0.107422 -0.264365
0.128906 -0.264259
0.136719 -0.263848
0.150391 -0.263324
0.183594 -0.262351
0.228516 -0.261457
0.220703 -0.260987
0.220703 -0.260182
0.244141 -0.259512
0.226562 -0.259002
0.208984 -0.258343
0.195312 -0.257465
0.193359 -0.256506
0.154297 -0.25583
0.138672 -0.25546
0.154297 -0.255248
0.167969 -0.254906
0.1875 -0.254335
0.191406 -0.253948
0.173828 -0.2534
0.1875 -0.252833
0.232422 -0.252502
0.267578 -0.252422
0.265625 -0.252415
0.294922 -0.251878
0.277344 -0.251708
0.265625 -0.251222
0.259766 -0.250899
0.3125 -0.250193
0.355469 -0.249212
0.349609 -0.248175
0.304688 -0.24669
0.363281 -0.245285
0.367188 -0.243873
0.349609 -0.242287
0.326172 -0.240391
0.328125 -0.238085
0.363281 -0.236145
0.375 -0.234522
0.408203 -0.233213
0.451172 -0.231936
0.429688 -0.230045
0.431641 -0.227683
0.439453 -0.226035
0.396484 -0.224205
0.382812 -0.222418
0.373047 -0.22043
0.353516 -0.219059
0.382812 -0.217747
0.335938 -0.2163
0.361328 -0.214865
0.365234 -0.213303
0.386719 -0.211715
0.378906 -0.209876
0.347656 -0.208201
0.304688 -0.206711
0.333984 -0.205091
0.386719 -0.203325
0.400391 -0.201723
0.345703 -0.200254
0.304688 -0.198906
0.304688 -0.197679
0.265625 -0.196102
0.273438 -0.193876
0.279297 -0.190857
0.265625 -0.18832
0.287109 -0.186094
0.261719 -0.183343
0.310547 -0.18064
0.330078 -0.177967
0.371094 -0.175009
0.359375 -0.17234
0.390625 -0.169515
0.402344 -0.166978
0.386719 -0.164661
0.378906 -0.162541
0.376953 -0.160759
0.380859 -0.158882
0.373047 -0.157462
0.376953 -0.155899
0.380859 -0.153927
0.367188 -0.152414
0.365234 -0.1511
0.337891 -0.149822
0.296875 -0.14873
0.275391 -0.147864
0.244141 -0.147562
0.242188 -0.14741
0.238281 -0.147113
0.240234 -0.14669
0.224609 -0.145674
0.216797 -0.144802
0.207031 -0.144191
0.220703 -0.143539
0.25 -0.143172
0.230469 -0.142903
0.292969 -0.142844
0.257812 -0.14254
0.244141 -0.142231
0.251953 -0.142308
0.212891 -0.142152
0.199219 -0.142343
0.203125 -0.142715
0.220703 -0.143002
0.171875 -0.142701
0.193359 -0.14239
0.253906 -0.141869
0.222656 -0.141229
0.298828 -0.140902
0.335938 -0.140665
0.292969 -0.140162
0.242188 -0.139564
0.25 -0.13933
0.248047 -0.138746
0.226562 -0.138509
0.189453 -0.137954
0.181641 -0.137334
0.228516 -0.136922
0.289062 -0.136458
0.263672 -0.136163
0.320312 -0.135757
0.291016 -0.134942
0.314453 -0.134404
0.320312 -0.133297
0.316406 -0.132364
0.328125 -0.131676
0.375 -0.130762
0.373047 -0.12938
0.371094 -0.127398
0.388672 -0.125684
0.408203 -0.124099
0.414062 -0.122261
0.384766 -0.120364
0.308594 -0.11826
0.375 -0.116768
0.363281 -0.11542
0.392578 -0.113926
0.412109 -0.112228
0.417969 -0.109851
0.410156 -0.107567
0.429688 -0.106076
0.394531 -0.104536
0.369141 -0.10299
0.369141 -0.101888
0.347656 -0.101283
0.332031 -0.100403
0.353516 -0.0993995
0.324219 -0.0980443
0.28125 -0.0967595
0.263672 -0.0954837
0.207031 -0.0945678
0.271484 -0.0934526
0.238281 -0.0918956
0.199219 -0.0901087
0.259766 -0.0885741
0.267578 -0.0868994
0.259766 -0.0853686
0.236328 -0.084239
0.152344 -0.0828152
0.0585938 -0.0817597
0.0722656 -0.0810446
0.115234 -0.0799167
0.130859 -0.0789772
0.142578 -0.0782518
0.169922 -0.0774549
0.189453 -0.076197
0.154297 -0.0747087
0.138672 -0.0739827
0.193359 -0.073366
0.160156 -0.0726578
0.0820312 -0.0719887
0.0722656 -0.0711931
0.0488281 -0.0704625
0.046875 -0.0700346
0.0527344 -0.0697714
0.0683594 -0.0693828
0.0976562 -0.06877
0.123047 -0.0686832
0.119141 -0.068397
0.123047 -0.0681644
0.123047 -0.0679405
0.134766 -0.0680091
0.167969 -0.0675007
0.162109 -0.0667871
0.183594 -0.0659222
0.169922 -0.0653197
0.148438 -0.0644725
0.201172 -0.0635036
0.25 -0.0625251
0.246094 -0.0613277
0.277344 -0.0602638
0.277344 -0.0593456
0.259766 -0.0584931
0.261719 -0.0574482
0.25 -0.0564684
0.248047 -0.055376
0.244141 -0.054491
0.248047 -0.0537161
0.265625 -0.0532786
0.292969 -0.0529002
0.279297 -0.0522534
0.275391 -0.0513983
0.275391 -0.0506281
0.263672 -0.0500667
0.306641 -0.049538
0.316406 -0.0485793
0.294922 -0.0480948
0.265625 -0.0471158
0.296875 -0.0459643
0.275391 -0.0448634
0.337891 -0.0434707
0.314453 -0.0416069
0.316406 -0.0395028
0.302734 -0.0375657
0.347656 -0.0355608
0.359375 -0.0342408
0.390625 -0.0333071
0.388672 -0.0323902
0.328125 -0.0313163
0.335938 -0.0305518
0.320312 -0.0296923
0.322266 -0.029114
0.306641 -0.028675
0.302734 -0.0278312
0.289062 -0.0268144
0.308594 -0.0260933
0.304688 -0.0253496
0.330078 -0.0240479
0.298828 -0.0225679
0.324219 -0.0213193
0.308594 -0.0197611
0.341797 -0.0185476
0.351562 -0.0172936
0.351562 -0.0157179
0.384766 -0.0139857
0.375 -0.0120548
0.367188 -0.0100538
0.408203 -0.00780335
0.410156 -0.00558345
0.363281 -0.00324315
0.310547 -0.000697377
0.359375 0.00185546
0.392578 0.00443496
0.380859 0.00662684
0.371094 0.00895223
0.373047 0.0114466
0.369141 0.0137855
0.367188 0.0160742
0.373047 0.018315
0.439453 0.0206904
0.441406 0.0230205
0.376953 0.0256494
0.421875 0.0278696
0.421875 0.0302517
0.380859 0.0335497
0.367188 0.0363717
0.324219 0.0390707
0.306641 0.0416224
0.263672 0.043476
0.244141 0.0449742
0.244141 0.046229
0.210938 0.0475765
0.228516 0.0488913
0.197266 0.0507879
0.179688 0.052885
0.158203 0.0545434
0.167969 0.056668
0.191406 0.0587762
0.203125 0.0607825
0.220703 0.0628427
0.238281 0.0651956
0.226562 0.0673863
0.255859 0.069321
0.289062 0.0711169
0.207031 0.0733574
0.201172 0.0750006
0.214844 0.0768443
0.212891 0.0789373
0.205078 0.0810178
0.255859 0.0825869
0.259766 0.0844519
0.203125 0.0865134
0.164062 0.0884566
0.210938 0.0902328
0.132812 0.0922623
0.148438 0.0944539
0.117188 0.0967748
0.154297 0.0993263
0.113281 0.101402
0.140625 0.103408
0.146484 0.105392
0.171875 0.107032
0.132812 0.108285
0.146484 0.109644
0.167969 0.110863
0.144531 0.112796
0.146484 0.114397
0.134766 0.115757
0.09375 0.117445
0.0507812 0.118971
0.00585938 0.12018
0.0546875 0.121536
0.107422 0.123364
0.162109 0.124684
0.166016 0.125711
0.162109 0.126741
0.158203 0.127722
0.15625 0.12871
0.117188 0.129958
0.107422 0.131048
0.126953 0.131981
0.134766 0.132608
0.148438 0.133669
0.138672 0.134692
0.169922 0.135221
0.214844 0.135527
0.248047 0.135525
0.214844 0.135946
0.207031 0.135577
0.179688 0.135193
0.216797 0.1345
0.214844 0.133917
0.212891 0.133429
0.259766 0.133267
0.279297 0.133783
0.294922 0.133944
0.300781 0.134172
0.265625 0.133574
0.294922 0.132607
0.275391 0.131952
0.244141 0.131308
0.244141 0.130741
0.238281 0.130556
0.28125 0.130598
0.257812 0.129862
0.273438 0.128423
0.3125 0.126945
0.320312 0.125281
0.251953 0.123782
0.277344 0.122148
0.265625 0.120919
0.263672 0.119427
0.238281 0.118452
0.226562 0.117756
0.234375 0.116813
0.265625 0.115755
0.291016 0.115007
0.279297 0.114907
0.316406 0.115031
0.324219 0.115201
0.359375 0.115183
0.390625 0.115318
0.441406 0.11561
0.476562 0.115744
0.541016 0.116264
0.478516 0.116714
0.501953 0.116685
0.46875 0.117132
0.470703 0.117506
0.435547 0.117884
0.414062 0.118682
0.416016 0.119802
0.404297 0.120557
0.40625 0.121261
0.375 0.1225
0.349609 0.122998
0.373047 0.1232
0.376953 0.12361
0.353516 0.123846
0.332031 0.123681
0.339844 0.123735
0.388672 0.123612
0.359375 0.123347
0.306641 0.122968
0.322266 0.122434
0.376953 0.121954
0.429688 0.121869
0.4375 0.122057
0.376953 0.122243
0.316406 0.122042
0.316406 0.121556
0.246094 0.121176
0.289062 0.121372
0.314453 0.121196
0.308594 0.121448
0.269531 0.121459
0.283203 0.121795
0.28125 0.121946
0.273438 0.122876
0.275391 0.1237
0.267578 0.124337
0.257812 0.124791
0.236328 0.125075
0.230469 0.124954
0.214844 0.124116
0.25 0.123256
0.240234 0.122122
0.259766 0.121093
0.246094 0.120621
0.275391 0.120602
0.287109 0.12006
0.314453 0.119991
0.28125 0.11993
0.296875 0.120046
0.314453 0.120262
0.318359 0.120411
0.308594 0.120656
0.335938 0.120802
0.337891 0.121406
0.365234 0.121644
0.425781 0.122066
0.398438 0.122447
0.404297 0.123347
0.400391 0.12364
0.40625 0.124111
0.421875 0.124578
0.416016 0.125148
0.371094 0.125973
0.404297 0.126672
0.441406 0.127251
0.431641 0.127993
0.375 0.128328
0.375 0.128767
0.419922 0.129758
0.466797 0.131117
0.478516 0.132969
0.490234 0.135044
0.517578 0.136851
0.480469 0.13875
0.466797 0.140366
0.416016 0.141796
0.394531 0.143193
0.369141 0.14429
0.419922 0.145353
0.410156 0.146368
0.404297 0.148264
0.402344 0.150189
0.417969 0.152133
0.441406 0.154376
0.417969 0.156445
0.363281 0.158632
0.333984 0.160202
0.367188 0.162001
0.339844 0.163448
0.365234 0.164868
0.347656 0.166143
0.347656 0.167342
0.363281 0.168521
0.341797 0.169795
0.337891 0.171228
0.34375 0.172725
0.363281 0.174384
0.34375 0.175888
0.314453 0.177449
0.326172 0.178922
0.285156 0.180452
0.316406 0.181599
0.277344 0.182468
0.224609 0.18402
0.210938 0.185641
0.169922 0.186395
0.138672 0.187576
0.167969 0.188612
0.134766 0.1894
0.0957031 0.19009
0.105469 0.190655
0.109375 0.191211
0.140625 0.191983
0.0722656 0.19243
0.0761719 0.192371
0.111328 0.19271
0.126953 0.192907
0.150391 0.192796
0.107422 0.193174
0.140625 0.193987
0.169922 0.194728
0.1875 0.195734
0.183594 0.196584
0.203125 0.197623
0.1875 0.198556
0.199219 0.199159
0.222656 0.19995
0.212891 0.200489
0.173828 0.201078
0.107422 0.201616
0.0839844 0.201866
0.00390625 0.201529
0.0078125 0.200502
0.00976562 0.199599
0.015625 0.199237
0.0117188 0.198418
0.0175781 0.197893
0.015625 0.19752
0.0273438 0.196766
0.00585938 0.195742
0.0214844 0.195206
0.0078125 0.195195
0.0078125 0.194874
0.0507812 0.194383
0.0878906 0.193907
0.0644531 0.193849
0.078125 0.192958
0.109375 0.192249
0.0917969 0.191475
0.0957031 0.191016
0.113281 0.190372
0.140625 0.189929
0.148438 0.189545
0.111328 0.18915
0.0996094 0.188415
0.078125 0.187802
0.130859 0.187422
0.150391 0.186845
0.152344 0.186249
0.199219 0.18583
0.146484 0.185278
0.152344 0.184294
0.123047 0.184041
0.144531 0.183818
0.138672 0.183802
0.117188 0.18409
0.158203 0.183976
0.117188 0.183803
0.0644531 0.183714
0.0488281 0.183311
0.0351562 0.182497
0.0605469 0.182569
0.0625 0.182959
0.0820312 0.183111
0.150391 0.183172
0.101562 0.183956
0.0429688 0.184315
0.0332031 0.184934
0 0.185919
0.0078125 0.186911
0.00585938 0.187793
0.00195312 0.187941
0.00976562 0.188042
0.0234375 0.187949
0.0625 0.187721
0.0820312 0.18741
0.0664062 0.187244
0.119141 0.186771
0.154297 0.186564
0.183594 0.186255
0.171875 0.186358
0.193359 0.186228
0.191406 0.186456
0.234375 0.186989
0.238281 0.187418
0.224609 0.187339
0.205078 0.187507
0.1875 0.187451
0.117188 0.187016
0.132812 0.186585
0.132812 0.186346
0.138672 0.186164
0.0976562 0.185934
0.0839844 0.186017
0.0722656 0.185757
0.0898438 0.185214
0.0292969 0.184819
0.00195312 0.1842
0.0175781 0.183261
0.046875 0.182666
0.0546875 0.182089
0.0761719 0.182056
0.0996094 0.181918
0.126953 0.181633
0.253906 0.181518
0.197266 0.181469
0.212891 0.181611
0.195312 0.181698
0.191406 0.182122
0.232422 0.182608
0.212891 0.183124
0.164062 0.183552
0.164062 0.183774
0.136719 0.184257
0.136719 0.184613
0.167969 0.185035
0.101562 0.185452
0.105469 0.185987
0.121094 0.186615
0.166016 0.186425
0.138672 0.186559
0.144531 0.186484
0.189453 0.186103
0.175781 0.185811
0.212891 0.185324
0.222656 0.184744
0.244141 0.184118
0.3125 0.183657
0.302734 0.183529
0.28125 0.183415
0.234375 0.183543
0.242188 0.183284
0.232422 0.182697
0.193359 0.182244
0.203125 0.181924
0.210938 0.181386
0.208984 0.181224
0.166016 0.180945
0.164062 0.180702
0.169922 0.179927
0.144531 0.179265
0.144531 0.178771
0.0917969 0.178371
0.126953 0.177622
0.0410156 0.177012
0.0527344 0.176254
0.0644531 0.174602
0.046875 0.173039
0.0488281 0.17125
0.0292969 0.169494
0.0273438 0.167554
0.0722656 0.165471
0.0507812 0.163375
0.125 0.161811
0.146484 0.160598
0.154297 0.159573
0.193359 0.158747
0.185547 0.157376
0.216797 0.155837
0.236328 0.154365
0.255859 0.152748
0.238281 0.151103
0.267578 0.149046
0.255859 0.146538
0.238281 0.144184
0.263672 0.141925
0.236328 0.139397
0.15625 0.136373
0.160156 0.1336
0.162109 0.130631
0.130859 0.127485
0.0878906 0.124587
0.0351562 0.121638
0.0390625 0.11836
0.00976562 0.114553
0.015625 0.109875
0.00195312 0.10579
0.00195312 0.101897
0.0117188 0.097826
0.0273438 0.0940565
0.00585938 0.0905402
0.0566406 0.0870569
0.0136719 0.0835599
0.0410156 0.0798553
0.015625 0.0762372
0.00976562 0.0720027
0.00390625 0.0678206
0.0332031 0.0638078
0.00585938 0.0596391
0.0253906 0.0554496
0.015625 0.0517627
0.015625 0.0474344
0.00390625 0.0435578
0.0390625 0.0395003
0.0449219 0.0351866
0.0078125 0.0312893
0.0195312 0.0276068
0.0136719 0.0236476
0.03125 0.0203719
0.0683594 0.0167955
0.00390625 0.0132248
0.00976562 0.00930993
0.00195312 0.00529503
0.0292969 0.00150509
0.0136719 -0.00300556
0.0292969 -0.00696677
0.0078125 -0.0112184
0.00195312 -0.0155133
0.0371094 -0.0198502
0.0390625 -0.0237124
0.03125 -0.0279378
0.015625 -0.0323457
0.0390625 -0.0362755
0.00390625 -0.0405636
0.0605469 -0.0444123
0.0585938 -0.0479439
0.0898438 -0.0515858
0.142578 -0.0555354
0.132812 -0.0590613
0.15625 -0.0621749
0.191406 -0.0651375
0.171875 -0.0680247
0.175781 -0.0711585
0.199219 -0.0744335
0.189453 -0.0778049
0.1875 -0.0816122
0.210938 -0.0852354
0.212891 -0.0890878
0.238281 -0.093315
0.234375 -0.0976726
0.224609 -0.101677
0.242188 -0.105228
0.238281 -0.108868
0.251953 -0.112296
0.248047 -0.11564
0.316406 -0.118751
0.345703 -0.122566
0.322266 -0.126066
0.289062 -0.129749
0.285156 -0.133672
0.296875 -0.137417
0.261719 -0.140985
0.251953 -0.144341
0.257812 -0.147774
0.267578 -0.151191
0.244141 -0.154827
0.279297 -0.157673
0.265625 -0.160155
0.28125 -0.162614
0.332031 -0.164473
0.419922 -0.166428
0.400391 -0.168685
0.373047 -0.171313
0.357422 -0.174079
0.355469 -0.17676
0.392578 -0.17974
0.410156 -0.18244
0.441406 -0.184456
0.462891 -0.185885
0.431641 -0.187715
0.394531 -0.190025
0.353516 -0.192619
0.333984 -0.195457
0.273438 -0.19822
0.302734 -0.201021
0.294922 -0.202768
0.291016 -0.204463
0.302734 -0.20613
0.333984 -0.207811
0.351562 -0.20918
0.396484 -0.210258
0.404297 -0.210558
0.363281 -0.210833
0.369141 -0.211501
0.353516 -0.211641
0.357422 -0.211734
0.363281 -0.212058
0.371094 -0.212161
0.386719 -0.212605
0.332031 -0.212633
0.324219 -0.212886
0.378906 -0.2133
0.384766 -0.213403
0.412109 -0.213572
0.431641 -0.213619
0.470703 -0.213793
0.488281 -0.214423
0.470703 -0.215434
0.429688 -0.216419
0.46875 -0.217427
0.46875 -0.218447
0.470703 -0.218544
0.453125 -0.218926
0.433594 -0.219555
0.470703 -0.220282
0.476562 -0.220752
0.484375 -0.22155
0.482422 -0.222324
0.427734 -0.223361
0.380859 -0.224322
0.402344 -0.22569
0.369141 -0.226266
0.410156 -0.227447
0.388672 -0.228124
0.390625 -0.229024
0.40625 -0.229458
0.386719 -0.229646
0.373047 -0.22981
0.376953 -0.229993
0.394531 -0.230344
0.417969 -0.23078
0.435547 -0.230552
0.457031 -0.229786
0.476562 -0.228737
0.498047 -0.227621
0.488281 -0.226596
0.470703 -0.225817
0.484375 -0.224971
0.511719 -0.224067
0.511719 -0.223288
0.511719 -0.222637
0.568359 -0.221646
0.570312 -0.220526
0.519531 -0.219589
0.480469 -0.21878
0.464844 -0.218158
0.476562 -0.218157
0.466797 -0.217967
0.457031 -0.217856
0.435547 -0.218064
0.416016 -0.218303
0.40625 -0.218376
0.402344 -0.218475
0.386719 -0.218378
0.408203 -0.218939
0.414062 -0.218775
0.392578 -0.21835
0.412109 -0.218009
0.410156 -0.217542
0.414062 -0.21659
0.392578 -0.216502
0.412109 -0.21695
0.384766 -0.216856
0.380859 -0.217007
0.423828 -0.217141
0.453125 -0.217253
0.398438 -0.217431
0.441406 -0.217443
0.476562 -0.217356
0.486328 -0.216069
0.46875 -0.214723
0.441406 -0.214128
0.443359 -0.21337
0.421875 -0.212608
0.384766 -0.211961
0.390625 -0.211523
0.388672 -0.211318
0.359375 -0.211455
0.367188 -0.211696
0.380859 -0.212051
0.355469 -0.212818
0.318359 -0.213911
0.341797 -0.214985
0.330078 -0.215932
0.34375 -0.216106
0.335938 -0.216133
0.371094 -0.21619
0.369141 -0.216852
0.300781 -0.217665
0.347656 -0.219002
0.371094 -0.220398
0.365234 -0.22192
0.34375 -0.223226
0.314453 -0.224348
0.292969 -0.225986
0.320312 -0.227734
0.326172 -0.229353
0.375 -0.230873
0.328125 -0.232153
0.332031 -0.233112
0.339844 -0.234046
0.347656 -0.234827
0.259766 -0.235604
0.273438 -0.237363
0.220703 -0.238142
0.21875 -0.238147
0.238281 -0.23771
0.310547 -0.236838
0.341797 -0.236189
0.306641 -0.234943
0.349609 -0.233466
0.394531 -0.231641
0.355469 -0.229318
0.371094 -0.227395
0.359375 -0.225161
0.423828 -0.222898
0.402344 -0.220821
0.371094 -0.219032
0.386719 -0.217286
0.361328 -0.215443
0.333984 -0.213581
0.376953 -0.211478
0.386719 -0.209382
0.455078 -0.206918
0.476562 -0.204744
0.484375 -0.202443
0.474609 -0.200373
0.476562 -0.198202
0.498047 -0.195995
0.535156 -0.19456
0.482422 -0.192635
0.513672 -0.190972
0.505859 -0.1896
0.517578 -0.187879
0.513672 -0.185949
0.460938 -0.183708
0.482422 -0.182184
0.474609 -0.180868
0.470703 -0.179367
0.408203 -0.178173
0.408203 -0.176898
0.402344 -0.175698
0.390625 -0.174338
0.351562 -0.173486
0.371094 -0.173124
0.367188 -0.17275
0.345703 -0.171951
0.326172 -0.171918
0.285156 -0.171435
0.271484 -0.171124
0.289062 -0.171021
0.332031 -0.170531
0.304688 -0.16966
0.277344 -0.168742
0.302734 -0.168126
0.289062 -0.167945
0.306641 -0.167994
0.273438 -0.167535
0.283203 -0.167063
0.302734 -0.166442
0.337891 -0.165441
0.322266 -0.164168
0.349609 -0.163138
0.369141 -0.162046
0.419922 -0.161463
0.402344 -0.160345
0.357422 -0.159562
0.324219 -0.158695
0.345703 -0.158131
0.345703 -0.156921
0.324219 -0.155658
0.328125 -0.154599
0.378906 -0.153775
0.433594 -0.152175
0.427734 -0.149925
0.476562 -0.148146
0.474609 -0.146182
0.474609 -0.14439
0.478516 -0.142767
0.455078 -0.141089
0.460938 -0.139606
0.421875 -0.137808
0.394531 -0.136146
0.382812 -0.134869
0.410156 -0.134005
0.394531 -0.133514
0.328125 -0.132032
0.351562 -0.130602
0.380859 -0.128895
0.357422 -0.127183
0.363281 -0.125939
0.355469 -0.12505
0.375 -0.12447
0.353516 -0.123466
0.371094 -0.122362
0.335938 -0.121695
0.328125 -0.121007
0.369141 -0.11958
0.353516 -0.118062
0.384766 -0.116261
0.388672 -0.114115
0.384766 -0.112162
0.365234 -0.110793
0.326172 -0.10953
0.365234 -0.107631
0.410156 -0.105998
0.431641 -0.104119
0.421875 -0.101893
0.400391 -0.100384
0.416016 -0.0995192
0.445312 -0.0987744
0.421875 -0.0980991
0.400391 -0.0979666
0.398438 -0.0975761
0.392578 -0.0973009
0.388672 -0.0965567
0.367188 -0.0956501
0.367188 -0.0952466
0.365234 -0.0946987
0.378906 -0.0939425
0.369141 -0.0930032
0.357422 -0.0917677
0.402344 -0.0910631
0.396484 -0.0903935
0.425781 -0.0893875
0.423828 -0.0889604
0.435547 -0.0885156
0.421875 -0.0878594
0.421875 -0.0869629
0.416016 -0.0859771
0.410156 -0.085446
0.425781 -0.084764
0.402344 -0.0832845
0.412109 -0.0822535
0.46875 -0.0807971
0.451172 -0.0786417
0.445312 -0.0759932
0.457031 -0.0734586
0.451172 -0.071582
0.388672 -0.0697556
0.34375 -0.068105
0.328125 -0.066573
0.277344 -0.0649299
0.289062 -0.0636567
0.267578 -0.062346
0.234375 -0.0613295
0.238281 -0.0600026
0.201172 -0.0585474
0.179688 -0.0577638
0.207031 -0.0564728
0.212891 -0.0548474
0.189453 -0.0534216
0.173828 -0.0519439
0.224609 -0.0503964
0.173828 -0.0490448
0.160156 -0.0480742
0.179688 -0.0465678
0.214844 -0.0451451
0.216797 -0.0431218
0.203125 -0.040789
0.181641 -0.0392736
0.162109 -0.0381141
0.183594 -0.0362775
0.210938 -0.0347301
0.257812 -0.0330356
0.294922 -0.0317207
0.306641 -0.0302384
0.275391 -0.0283358
0.248047 -0.0268095
0.261719 -0.0255735
0.292969 -0.0244165
0.289062 -0.0234504
0.326172 -0.0230278
0.314453 -0.022256
0.339844 -0.0216874
0.380859 -0.0206236
0.361328 -0.0202068
0.330078 -0.0202715
0.367188 -0.0202008
0.333984 -0.0201505
0.353516 -0.020619
0.337891 -0.0208996
0.310547 -0.0214809
0.267578 -0.0212117
0.226562 -0.0209888
0.257812 -0.0206221
0.285156 -0.019481
0.332031 -0.0177335
0.339844 -0.0158674
0.322266 -0.0145856
0.363281 -0.0131344
0.396484 -0.011706
0.369141 -0.0103325
0.371094 -0.00930753
0.402344 -0.00836596
0.394531 -0.00773654
0.349609 -0.0069556
0.375 -0.0064805
0.419922 -0.0062262
0.433594 -0.00590345
0.408203 -0.00478683
0.402344 -0.00382688
0.423828 -0.00355028
0.398438 -0.00303191
0.388672 -0.00201403
0.316406 -0.00135646
0.332031 -0.00171146
0.351562 -0.00209186
0.335938 -0.00244635
0.335938 -0.00265912
0.367188 -0.00233516
0.345703 -0.0017211
0.357422 -0.00119755
0.386719 -0.00077004
0.335938 0.000174758
0.34375 2.4826e-05
0.324219 0.000106875
0.324219 0.000422345
0.320312 0.000411933
0.330078 -0.000597434
0.291016 -0.000646985
0.322266 -0.000330058
0.322266 0.000734873
0.326172 0.00231112
0.304688 0.00367215
0.322266 0.0040305
0.345703 0.0052118
0.326172 0.00629413
0.345703 0.00752726
0.423828 0.00854855
0.4375 0.00959119
0.414062 0.0108102
0.431641 0.0122352
0.429688 0.0134188
0.410156 0.0146417
0.421875 0.0157445
0.474609 0.0166345
0.496094 0.0180807
0.478516 0.0192936
0.480469 0.0201684
0.519531 0.0209683
0.542969 0.0223737
0.513672 0.0235622
0.517578 0.0248339
0.527344 0.0259079
0.558594 0.0269947
0.582031 0.0279498
0.589844 0.0294607
0.605469 0.0314011
0.583984 0.0330293
0.609375 0.0352839
0.623047 0.0374319
0.611328 0.0390753
0.636719 0.0409708
0.599609 0.0425698
0.539062 0.0435532
0.564453 0.0442163
0.558594 0.0448795
0.59375 0.045367
0.591797 0.0460294
0.578125 0.0469145
0.578125 0.0467912
0.542969 0.0467851
0.574219 0.046846
0.560547 0.0473589
0.492188 0.0483288
0.525391 0.0489297
0.523438 0.050038
0.546875 0.0505221
0.529297 0.0506155
0.498047 0.0504863
0.527344 0.0498408
0.527344 0.0492372
0.525391 0.048687
0.535156 0.0477615
0.548828 0.0464366
0.574219 0.0457123
0.513672 0.0448267
0.554688 0.0438246
0.544922 0.043275
0.541016 0.0426413
0.542969 0.0419314
0.517578 0.041498
0.5625 0.0410225
0.527344 0.0404005
0.529297 0.0395681
0.529297 0.038375
0.521484 0.0372786
0.537109 0.0361367
0.568359 0.0350754
0.523438 0.0340597
0.509766 0.0335789
0.544922 0.0324834
0.484375 0.0315951
0.511719 0.030454
0.525391 0.0293082
0.552734 0.0278004
0.515625 0.0268349
0.582031 0.0255794
0.583984 0.0239726
0.619141 0.0227757
0.638672 0.0219807
0.654297 0.0220506
0.609375 0.0216933
0.640625 0.0204869
0.650391 0.0195237
0.660156 0.0187759
0.654297 0.0181969
0.65625 0.0175084
0.6875 0.0173701
0.697266 0.0171893
0.701172 0.016958
0.683594 0.0166369
0.664062 0.0165863
0.666016 0.0160815
0.689453 0.0160379
0.691406 0.0155333
0.667969 0.0144722
0.619141 0.0134367
0.634766 0.0120928
0.634766 0.0105901
0.683594 0.00885576
0.705078 0.00709809
0.683594 0.00553351
0.712891 0.00431323
0.773438 0.00285857
0.751953 0.00139642
0.730469 -0.000175933
0.714844 -0.00185367
0.728516 -0.00359816
0.736328 -0.00544094
0.714844 -0.00722319
0.71875 -0.00840167
0.726562 -0.00995084
0.740234 -0.0109975
0.728516 -0.0121622
0.740234 -0.0134283
0.732422 -0.0144568
0.777344 -0.0153927
0.753906 -0.0162691
0.748047 -0.0175404
0.779297 -0.0182105
0.767578 -0.0185763
0.75 -0.0198086
0.705078 -0.0208357
0.730469 -0.0217073
0.734375 -0.0217622
0.771484 -0.0222381
0.748047 -0.0226483
0.716797 -0.0234697
0.71875 -0.0247417
0.712891 -0.0258148
0.728516 -0.0269065
0.744141 -0.0279513
0.794922 -0.0286161
0.794922 -0.0292613
0.792969 -0.0298614
0.789062 -0.0311065
0.806641 -0.032212
0.800781 -0.0341989
0.818359 -0.0361353
0.832031 -0.0380716
0.808594 -0.0401058
0.820312 -0.0421592
0.847656 -0.0435052
0.822266 -0.0452381
0.789062 -0.0473343
0.78125 -0.0492329
0.738281 -0.0514389
0.763672 -0.0536886
0.759766 -0.055383
0.716797 -0.0570537
0.775391 -0.059226
0.757812 -0.0607019
0.763672 -0.0623129
0.738281 -0.0640816
0.716797 -0.0659278
0.730469 -0.0680063
0.775391 -0.069766
0.767578 -0.0715038
0.777344 -0.073677
0.787109 -0.0752001
0.804688 -0.0764579
0.800781 -0.0779554
0.751953 -0.079381
0.726562 -0.0812438
0.742188 -0.0835725
0.757812 -0.0859731
0.734375 -0.0879333
0.763672 -0.0901914
0.763672 -0.0921199
0.761719 -0.0939901
0.775391 -0.0960518
0.773438 -0.0978037
0.767578 -0.0992647
0.755859 -0.100217
0.763672 -0.101872
0.738281 -0.103424
0.722656 -0.104634
0.734375 -0.106318
0.769531 -0.10732
0.792969 -0.108132
0.800781 -0.107974
0.794922 -0.108312
0.818359 -0.10846
0.835938 -0.108071
0.849609 -0.107454
0.857422 -0.107178
0.859375 -0.107639
0.808594 -0.108088
0.820312 -0.108901
0.796875 -0.109417
0.794922 -0.110239
0.816406 -0.110828
0.808594 -0.11111
0.78125 -0.111914
0.8125 -0.112109
0.794922 -0.112557
0.820312 -0.113181
0.861328 -0.113959
0.849609 -0.115003
0.789062 -0.11582
0.757812 -0.117172
0.802734 -0.118544
0.789062 -0.120484
0.775391 -0.122469
0.775391 -0.124279
0.800781 -0.125912
0.783203 -0.127812
0.798828 -0.128856
0.767578 -0.129431
0.728516 -0.129871
0.761719 -0.130673
0.773438 -0.131352
0.746094 -0.132039
0.765625 -0.132835
0.785156 -0.133948
0.779297 -0.134491
0.779297 -0.135161
0.746094 -0.13573
0.794922 -0.135888
0.78125 -0.135175
0.798828 -0.134679
0.806641 -0.134092
0.806641 -0.132815
0.828125 -0.131609
0.796875 -0.130562
0.806641 -0.130193
0.810547 -0.129827
0.818359 -0.129509
0.818359 -0.128785
0.779297 -0.128484
0.787109 -0.127689
0.773438 -0.126823
0.806641 -0.126357
0.755859 -0.12592
0.759766 -0.125905
0.792969 -0.126183
0.742188 -0.125928
0.791016 -0.126261
0.761719 -0.126051
0.765625 -0.125802
0.763672 -0.125152
0.746094 -0.124103
0.724609 -0.123412
0.728516 -0.123235
0.714844 -0.122951
0.697266 -0.123032
0.669922 -0.123
0.634766 -0.123053
0.677734 -0.123433
0.679688 -0.123824
0.636719 -0.124107
0.615234 -0.124878
0.644531 -0.126035
0.666016 -0.126993
0.646484 -0.128173
0.632812 -0.129405
0.650391 -0.12961
0.677734 -0.129736
0.634766 -0.129531
0.644531 -0.129343
0.642578 -0.128948
0.662109 -0.128813
0.667969 -0.129038
0.689453 -0.128602
0.695312 -0.12814
0.695312 -0.127429
0.666016 -0.125904
0.669922 -0.124528
0.703125 -0.123883
0.703125 -0.123094
0.689453 -0.122105
0.677734 -0.121372
0.681641 -0.12057
0.697266 -0.118698
0.720703 -0.116913
0.685547 -0.114976
0.710938 -0.112702
0.683594 -0.110581
0.683594 -0.108397
0.701172 -0.107347
0.664062 -0.106215
0.677734 -0.10572
0.675781 -0.104843
0.650391 -0.103461
0.644531 -0.102527
0.65625 -0.101995
0.703125 -0.100397
0.679688 -0.0979874
0.689453 -0.0959231
0.699219 -0.0943264
0.683594 -0.0921517
0.642578 -0.090652
0.601562 -0.0892993
0.648438 -0.0885797
0.650391 -0.0875061
0.689453 -0.0861392
0.714844 -0.0850416
0.689453 -0.084099
0.697266 -0.0831856
0.728516 -0.0817517
0.761719 -0.0806118
0.763672 -0.0791917
0.755859 -0.0777371
0.75 -0.076118
0.771484 -0.0738895
0.707031 -0.0712147
0.726562 -0.0686751
0.746094 -0.0652689
0.734375 -0.0622417
0.707031 -0.0597334
0.705078 -0.0568307
0.675781 -0.053344
0.707031 -0.0504885
0.6875 -0.0475565
0.6875 -0.0442697
0.699219 -0.0409113
0.720703 -0.037848
0.701172 -0.0343071
0.699219 -0.0306417
0.693359 -0.027913
0.71875 -0.025056
0.759766 -0.0223437
0.746094 -0.0195894
0.804688 -0.0171741
0.824219 -0.0145935
0.804688 -0.0121121
0.828125 -0.00917076
0.822266 -0.00599628
0.808594 -0.00289752
0.792969 -0.000648722
0.779297 0.000794697
0.777344 0.00250136
0.794922 0.00377413
0.769531 0.00509443
0.763672 0.00644556
0.753906 0.00736692
0.734375 0.00825714
0.761719 0.00882855
0.804688 0.00986668
0.814453 0.0109927
0.8125 0.0121938
0.828125 0.0132774
0.841797 0.0148799
0.791016 0.016223
0.767578 0.0173702
0.773438 0.0182945
0.746094 0.0194257
0.722656 0.0203669
0.730469 0.0216366
0.710938 0.0220293
0.708984 0.0224168
0.683594 0.0226626
0.677734 0.0231385
0.708984 0.0231235
0.685547 0.0237423
0.699219 0.0247208
0.703125 0.0252062
0.650391 0.0261607
0.644531 0.0264525
0.638672 0.0259941
0.640625 0.0254993
0.662109 0.0252552
0.646484 0.0249875
0.601562 0.0251516
0.632812 0.0249994
0.623047 0.0250696
0.621094 0.025591
0.640625 0.0264339
0.671875 0.0269999
0.613281 0.0281839
0.642578 0.0289845
0.654297 0.0298891
0.648438 0.0304048
0.595703 0.0310341
0.566406 0.0303178
0.585938 0.0302343
0.595703 0.0301246
0.625 0.0296899
0.615234 0.0293496
0.658203 0.0287657
0.615234 0.028517
0.613281 0.0280751
0.564453 0.02753
0.580078 0.0263327
0.550781 0.0258099
0.558594 0.0244726
0.611328 0.0230559
0.615234 0.0220676
0.638672 0.02143
0.640625 0.0207702
0.619141 0.0202982
0.597656 0.0199532
0.597656 0.0192387
0.640625 0.0184411
0.621094 0.0181103
0.625 0.0172314
0.615234 0.0165363
0.601562 0.0159067
0.623047 0.0153544
0.621094 0.0147557
0.648438 0.0131754
0.638672 0.011572
0.617188 0.0101226
0.591797 0.0088065
0.630859 0.00754774
0.650391 0.00670201
0.652344 0.00538504
0.677734 0.00492884
0.705078 0.00477227
0.699219 0.00436583
0.650391 0.00362338
0.658203 0.00216631
0.650391 0.000835511
0.632812 -0.000286758
0.636719 -0.000786542
0.652344 -0.000805796
0.726562 -0.00110885
0.701172 -0.00123668
0.726562 -0.00122279
0.722656 -0.000277774
0.765625 0.000847083
0.707031 0.00192497
0.701172 0.00298063
0.669922 0.00356881
0.669922 0.00437147
0.632812 0.00546698
0.654297 0.00632433
0.666016 0.0069656
0.697266 0.00760339
0.742188 0.0082651
0.712891 0.00901573
0.689453 0.00934323
0.697266 0.0094082
0.746094 0.00987193
0.724609 0.0109045
0.732422 0.0121173
0.748047 0.0136247
0.757812 0.0162127
0.767578 0.0181955
0.759766 0.0206942
0.742188 0.022749
0.720703 0.0243558
0.710938 0.0264924
0.716797 0.0284484
0.714844 0.029673
0.71875 0.0305446
0.685547 0.0313184
0.695312 0.0317447
0.673828 0.0318556
0.669922 0.032857
0.671875 0.0343807
0.693359 0.0355314
0.673828 0.0365179
0.703125 0.0367471
0.720703 0.037602
0.712891 0.0388358
0.751953 0.0403431
0.765625 0.041765
0.777344 0.0433978
0.761719 0.0448563
0.759766 0.0458951
0.755859 0.0477747
0.71875 0.0494373
0.728516 0.0504343
0.746094 0.0510794
0.710938 0.0522278
0.705078 0.0527317
0.669922 0.0533883
0.673828 0.0536226
0.666016 0.0536562
0.65625 0.0537044
0.664062 0.0539784
0.660156 0.0547303
0.644531 0.0552487
0.701172 0.0553043
0.708984 0.0555311
0.662109 0.0562278
0.630859 0.0568573
0.660156 0.0575243
0.648438 0.0575069
0.662109 0.0568508
0.617188 0.056862
0.589844 0.0561716
0.578125 0.0555509
0.583984 0.0545709
0.527344 0.0540722
0.492188 0.0533354
0.507812 0.051865
0.447266 0.050947
0.445312 0.0505735
0.408203 0.0496755
0.443359 0.0485019
0.470703 0.0474828
0.423828 0.046297
0.394531 0.0456078
0.410156 0.0451398
0.40625 0.0445894
0.400391 0.0442961
0.414062 0.0443276
0.40625 0.0440856
0.404297 0.0443371
0.410156 0.0449277
0.394531 0.0460025
0.361328 0.0459884
0.330078 0.0470181
0.341797 0.0478694
0.326172 0.0481581
0.322266 0.0482296
0.314453 0.0476187
0.332031 0.0466401
0.349609 0.0453631
0.396484 0.0452679
0.367188 0.0455768
0.421875 0.0462696
0.398438 0.0469229
0.392578 0.0483081
0.382812 0.0496153
0.380859 0.0505665
0.365234 0.0528243
0.363281 0.0549236
0.363281 0.0562607
0.371094 0.0577693
0.388672 0.059841
0.408203 0.0617788
0.380859 0.063777
0.380859 0.0655417
0.392578 0.0665538
0.404297 0.0666089
0.421875 0.0672392
0.427734 0.0686905
0.425781 0.0693316
0.449219 0.0706235
0.5 0.0717915
0.501953 0.0726218
0.523438 0.0729253
0.558594 0.0727697
0.539062 0.0733379
0.537109 0.0739306
0.554688 0.0736471
0.539062 0.0739549
0.509766 0.0745114
0.533203 0.0738776
0.496094 0.0735494
0.529297 0.0729751
0.544922 0.0726802
0.521484 0.0724759
0.523438 0.0723956
0.5625 0.072618
0.576172 0.073243
0.572266 0.0728258
0.609375 0.0729051
0.582031 0.0726427
0.556641 0.0729151
0.609375 0.0732404
0.632812 0.0742141
0.615234 0.0759816
0.644531 0.077348
0.597656 0.0795731
0.59375 0.0809089
0.611328 0.0819861
0.636719 0.083597
0.660156 0.0858586
0.660156 0.0879586
0.632812 0.0891892
0.601562 0.0905091
0.580078 0.0910575
0.560547 0.0918086
0.623047 0.0922361
0.619141 0.0930905
0.619141 0.0935332
0.626953 0.0945338
0.642578 0.0960121
0.677734 0.0973761
0.65625 0.098796
0.630859 0.0997038
0.574219 0.100119
0.548828 0.100304
0.638672 0.0997768
0.658203 0.100277
0.619141 0.101529
0.574219 0.10274
0.597656 0.103665
0.599609 0.104458
0.601562 0.105319
0.576172 0.107238
0.591797 0.108846
0.603516 0.110374
0.583984 0.111515
0.591797 0.112256
0.601562 0.113558
0.660156 0.115222
0.65625 0.11643
0.667969 0.11822
0.740234 0.119983
0.726562 0.12106
0.740234 0.122119
0.736328 0.123666
0.707031 0.124556
0.720703 0.126001
0.730469 0.128459
0.701172 0.130623
0.691406 0.132731
0.701172 0.134027
0.675781 0.135211
0.671875 0.136565
0.583984 0.138369
0.603516 0.138654
0.625 0.138944
0.605469 0.13923
0.597656 0.13978
0.560547 0.139837
0.527344 0.139955
0.544922 0.140212
0.591797 0.141041
0.568359 0.142554
0.617188 0.143681
0.578125 0.143955
0.572266 0.144067
0.558594 0.143784
0.583984 0.144181
0.603516 0.143651
0.601562 0.143733
0.591797 0.143217
0.529297 0.143515
0.541016 0.142742
0.447266 0.141614
0.445312 0.139868
0.490234 0.137803
0.501953 0.13649
0.509766 0.136737
0.544922 0.136616
0.498047 0.13637
0.544922 0.136241
0.490234 0.135979
0.517578 0.135103
0.548828 0.134287
0.501953 0.134831
0.472656 0.134885
0.431641 0.135378
0.449219 0.135987
0.400391 0.13675
0.410156 0.136464
0.410156 0.136177
0.408203 0.13601
0.435547 0.136823
0.494141 0.137834
0.517578 0.140066
0.494141 0.142303
0.496094 0.144522
0.523438 0.146489
0.585938 0.149086
0.658203 0.152145
0.697266 0.156443
0.681641 0.16151
0.664062 0.166914
0.679688 0.171704
0.634766 0.175391
0.671875 0.179197
0.613281 0.183428
0.611328 0.18669
0.607422 0.190464
0.583984 0.1944
0.576172 0.198095
0.583984 0.202126
0.5625 0.206837
0.53125 0.211487
0.533203 0.215297
0.533203 0.219009
0.537109 0.22251
0.492188 0.226039
0.509766 0.229177
0.490234 0.232437
0.433594 0.235227
0.417969 0.23776
0.453125 0.240178
0.488281 0.243268
0.505859 0.246808
0.529297 0.250413
0.462891 0.253723
0.433594 0.257044
0.417969 0.26076
0.388672 0.264383
0.412109 0.267038
0.392578 0.269716
0.404297 0.272479
0.425781 0.275335
0.433594 0.279066
0.455078 0.283298
0.423828 0.288269
0.449219 0.292722
0.398438 0.2968
0.367188 0.300449
0.353516 0.304151
0.371094 0.308065
0.392578 0.312045
0.402344 0.315578
0.382812 0.319669
0.40625 0.323615
0.388672 0.327535
0.417969 0.331905
0.367188 0.336473
0.371094 0.339891
0.351562 0.34336
0.376953 0.34668
0.320312 0.350494
0.265625 0.353915
0.246094 0.357252
0.25 0.360262
0.214844 0.363513
0.259766 0.365725
0.339844 0.368939
0.259766 0.373134
0.246094 0.376037
0.205078 0.378088
0.232422 0.380121
0.185547 0.382643
0.148438 0.384672
0.158203 0.385687
0.185547 0.386488
0.111328 0.38829
0.113281 0.390115
0.123047 0.3919
0.0546875 0.393181
0.0195312 0.394846
0.0585938 0.396477
0.0488281 0.397208
0.0507812 0.397125
0.0429688 0.397065
0.0390625 0.396928
0.0292969 0.396352
0.03125 0.396207
0.015625 0.39682
0.0664062 0.397297
0.0898438 0.397698
0.0742188 0.399473
0.0507812 0.40053
0.0546875 0.400518
0.046875 0.400419
0.0664062 0.399804
0.00585938 0.399501
0.0449219 0.398541
0.0117188 0.398084
0.0234375 0.397088
0.0625 0.395655
0.0761719 0.393422
0.046875 0.391606
0.0214844 0.389766
0.0136719 0.388542
0 0.387125
0 0.385375
0.00585938 0.382804
0.0332031 0.379914
0.0195312 0.377791
0.0332031 0.374547
0.046875 0.370707
0.0214844 0.367225
0.0585938 0.363425
0.0625 0.358813
0.0683594 0.355778
0.0683594 0.352741
0.0234375 0.350382
0.0351562 0.348119
0.0332031 0.345115
0.0175781 0.342012
0.0078125 0.338842
0.00195312 0.334692
0.0078125 0.330937
0.0253906 0.327618
0.0332031 0.323603
0.0703125 0.319647
0.0683594 0.315604
0.0644531 0.310734
0.0234375 0.305519
0.00585938 0.300398
0.00976562 0.294802
0.0449219 0.289408
0.0410156 0.284038
0.0507812 0.278464
0.0957031 0.272938
0.0917969 0.267726
0.138672 0.262102
0.107422 0.257016
0.123047 0.251805
0.105469 0.246839
0.0722656 0.241643
0.0527344 0.236482
0.0820312 0.230698
0.0878906 0.224961
0.113281 0.219928
0.0839844 0.215499
0.0546875 0.210863
0.103516 0.204935
0.117188 0.199652
0.078125 0.194875
0.0527344 0.190001
0.0957031 0.185188
0.144531 0.180756
0.214844 0.175759
0.265625 0.171283
0.269531 0.167601
0.269531 0.16352
0.308594 0.159496
0.308594 0.156341
0.332031 0.153438
0.347656 0.149555
0.361328 0.145061
0.396484 0.140634
0.363281 0.136971
0.322266 0.133025
0.369141 0.127804
0.373047 0.124396
0.333984 0.120839
0.365234 0.116571
0.310547 0.112415
0.328125 0.107918
0.363281 0.102722
0.361328 0.0976356
0.375 0.0926412
0.404297 0.0878533
0.400391 0.0837209
0.378906 0.0792531
0.359375 0.0750632
0.357422 0.0698782
0.375 0.0655219
0.367188 0.0610552
0.353516 0.0556544
0.414062 0.0501477
0.40625 0.0456871
0.396484 0.0406498
0.421875 0.0361629
0.396484 0.0313511
0.402344 0.0267993
0.396484 0.0214412
0.451172 0.0167164
0.470703 0.0136942
0.458984 0.00984998
0.5 0.00663432
0.501953 0.00377417
0.5 0.00135914
0.53125 -0.000769788
0.589844 -0.00263279
0.556641 -0.00326406
0.544922 -0.00499271
0.539062 -0.00760017
0.572266 -0.0101144
0.601562 -0.0119157
0.599609 -0.014045
0.636719 -0.0155924
0.666016 -0.015801
0.673828 -0.0161138
0.697266 -0.0156795
0.710938 -0.0151454
0.691406 -0.0152395
0.677734 -0.0166997
0.667969 -0.0171862
0.681641 -0.0175826
0.667969 -0.0179082
0.693359 -0.0182443
0.689453 -0.0184938
0.693359 -0.0196859
0.695312 -0.0202666
0.714844 -0.0205522
0.779297 -0.0207217
0.775391 -0.019854
0.769531 -0.01962
0.771484 -0.0198971
0.761719 -0.0190876
0.787109 -0.0185341
0.761719 -0.0181278
0.736328 -0.0186591
0.71875 -0.0190776
0.720703 -0.0198601
0.728516 -0.0206603
0.757812 -0.0223921
0.75 -0.0229486
0.746094 -0.0238115
0.755859 -0.0254344
0.736328 -0.0254022
0.751953 -0.0254339
0.763672 -0.0263811
0.785156 -0.0273181
0.748047 -0.0279409
0.693359 -0.0282571
0.726562 -0.0282854
0.728516 -0.0278527
0.75 -0.0268566
0.771484 -0.0264543
0.794922 -0.0255778
0.814453 -0.0237766
0.8125 -0.0215051
0.851562 -0.0196253
0.849609 -0.0175615
0.814453 -0.0161637
0.804688 -0.0147284
0.794922 -0.0134593
0.802734 -0.0109028
0.822266 -0.00880311
0.783203 -0.00660915
0.783203 -0.00454566
0.820312 -0.00277979
0.798828 -0.00142946
0.792969 -0.000603359
0.804688 0.00108992
0.818359 0.00296012
0.824219 0.00385314
0.859375 0.00523958
0.853516 0.00596562
0.833984 0.00664315
0.791016 0.00769841
0.773438 0.0091616
0.783203 0.0108977
0.839844 0.0123272
0.820312 0.014184
0.779297 0.0145671
0.75 0.015191
0.769531 0.0150796
0.806641 0.0147897
0.785156 0.0154523
0.783203 0.0158243
0.775391 0.0157292
0.792969 0.0149955
0.736328 0.0137926
0.695312 0.0122853
0.732422 0.009809
0.734375 0.00851573
0.753906 0.00739989
0.755859 0.0064794
0.765625 0.00492603
0.738281 0.00343422
0.753906 0.00204186
0.763672 0.00111097
0.744141 0.000520765
0.775391 0.000137058
0.787109 -0.000184003
0.824219 -0.00180815
0.816406 -0.0029602
0.796875 -0.0027433
0.753906 -0.00260656
0.728516 -0.00392214
0.734375 -0.00519129
0.738281 -0.00684271
0.761719 -0.00716826
0.78125 -0.00696436
0.738281 -0.00705834
0.791016 -0.00814384
0.820312 -0.00800554
0.816406 -0.007871
0.808594 -0.00770317
0.806641 -0.00881643
0.820312 -0.00982585
0.804688 -0.0105786
0.830078 -0.0115075
0.841797 -0.0109605
0.84375 -0.0112672
0.845703 -0.0121233
0.873047 -0.0130951
0.902344 -0.0133201
0.873047 -0.0132636
0.867188 -0.0130082
0.873047 -0.0133314
0.853516 -0.0139315
0.876953 -0.014434
0.871094 -0.0151312
0.888672 -0.016187
0.849609 -0.0165381
0.841797 -0.0166903
0.806641 -0.0177298
0.810547 -0.0189692
0.787109 -0.0215475
0.755859 -0.0234586
0.742188 -0.0251404
0.738281 -0.0273157
0.738281 -0.0307918
0.75 -0.0326216
0.708984 -0.0339199
0.724609 -0.0358307
0.712891 -0.0377063
0.707031 -0.0404819
0.689453 -0.0438293
0.648438 -0.0473051
0.681641 -0.0509846
0.691406 -0.0548684
0.65625 -0.0577332
0.6875 -0.0604549
0.673828 -0.062812
0.652344 -0.0657283
0.699219 -0.0686291
0.75 -0.07095
0.732422 -0.0730178
0.767578 -0.0751949
0.767578 -0.0766896
0.759766 -0.077943
0.789062 -0.0787924
0.792969 -0.0802332
0.779297 -0.0805848
0.798828 -0.081517
0.855469 -0.0828943
0.853516 -0.0818222
0.900391 -0.0810468
0.892578 -0.0806359
0.875 -0.0791634
0.865234 -0.0783662
0.855469 -0.0789352
0.892578 -0.0786459
0.878906 -0.0774049
0.818359 -0.0760435
0.839844 -0.0750676
0.845703 -0.073245
0.826172 -0.0722079
0.773438 -0.071936
0.761719 -0.0706043
0.771484 -0.0701128
0.759766 -0.0696745
0.75 -0.0692522
0.767578 -0.0689175
0.78125 -0.0682618
0.742188 -0.0672257
0.710938 -0.0659817
0.716797 -0.0644225
0.753906 -0.0624547
0.765625 -0.0608062
0.787109 -0.0585917
0.800781 -0.0565302
0.832031 -0.0553201
0.779297 -0.0538555
0.816406 -0.0526348
0.810547 -0.050875
0.792969 -0.0492065
0.830078 -0.0473269
0.845703 -0.0449453
0.839844 -0.0439683
0.853516 -0.042414
0.855469 -0.0409406
0.851562 -0.0393508
0.84375 -0.0366525
0.869141 -0.0331915
0.855469 -0.0306419
0.851562 -0.0282976
0.841797 -0.0265396
0.859375 -0.0255783
0.886719 -0.0266549
0.875 -0.0278544
0.859375 -0.027975
0.853516 -0.0265951
0.818359 -0.0256131
0.833984 -0.0237096
0.861328 -0.0222405
0.835938 -0.019596
0.837891 -0.0193537
0.824219 -0.0198601
0.8125 -0.0212612
0.828125 -0.0210206
0.808594 -0.0197714
0.820312 -0.0204073
0.798828 -0.0209804
0.789062 -0.0208328
0.804688 -0.0195221
0.800781 -0.0192433
0.804688 -0.017865
0.826172 -0.0146388
0.833984 -0.0121259
0.800781 -0.0101341
0.794922 -0.00776124
0.773438 -0.00596173
0.773438 -0.004948
0.757812 -0.00338789
0.792969 -0.000842697
0.787109 0.000976885
0.763672 0.00217202
0.78125 0.00322571
0.828125 0.00574592
0.833984 0.00871781
0.808594 0.0123183
0.810547 0.0155207
0.828125 0.0193559
0.837891 0.0219536
0.841797 0.024918
0.802734 0.0273371
0.794922 0.0284358
0.777344 0.0302885
0.794922 0.0333173
0.806641 0.0364961
0.826172 0.0390745
0.845703 0.0426273
0.816406 0.0451201
0.767578 0.0478192
0.722656 0.0511629
0.730469 0.0536881
0.740234 0.0548118
0.714844 0.0551107
0.710938 0.055094
0.689453 0.0539566
0.65625 0.0535914
0.710938 0.0527542
0.701172 0.052947
0.708984 0.0522353
0.712891 0.0512674
0.681641 0.0490006
0.695312 0.0475274
0.695312 0.046148
0.660156 0.0440433
0.646484 0.0399923
0.660156 0.0354918
0.636719 0.0307551
0.613281 0.0266821
0.599609 0.0212895
0.580078 0.0159975
0.654297 0.0105258
0.683594 0.00689421
0.705078 0.00207972
0.697266 -0.00190859
0.708984 -0.00587914
0.632812 -0.0104189
0.632812 -0.0151828
0.669922 -0.0198009
0.666016 -0.0243202
0.591797 -0.0298324
0.640625 -0.0356597
0.65625 -0.0422335
0.669922 -0.0482987
0.695312 -0.0519507
0.701172 -0.0550079
0.693359 -0.0568703
0.724609 -0.058596
0.753906 -0.0600606
0.771484 -0.0612837
0.769531 -0.0620785
0.761719 -0.0638325
0.763672 -0.0666841
0.759766 -0.0683403
0.763672 -0.0719945
0.75 -0.0741044
0.773438 -0.0757144
0.777344 -0.0763995
0.787109 -0.0764702
0.78125 -0.0753028
0.779297 -0.0733036
0.792969 -0.0723629
0.794922 -0.0715491
0.783203 -0.0703783
0.757812 -0.0698282
0.726562 -0.0674237
0.787109 -0.0671589
0.785156 -0.064654
0.824219 -0.0635807
0.832031 -0.0616225
0.794922 -0.060679
0.8125 -0.0602467
0.835938 -0.059794
0.814453 -0.0591817
0.849609 -0.0571132
0.853516 -0.0539984
0.855469 -0.0519883
0.820312 -0.0520802
0.830078 -0.0520677
0.845703 -0.0524813
0.867188 -0.0527831
0.873047 -0.050671
0.884766 -0.0488935
0.84375 -0.0464031
0.873047 -0.045043
0.857422 -0.0423332
0.867188 -0.0421291
0.855469 -0.0427604
0.806641 -0.043963
0.787109 -0.045962
0.789062 -0.0465683
0.787109 -0.0474498
0.796875 -0.0484712
0.814453 -0.0492937
0.804688 -0.0512432
0.847656 -0.0551735
0.839844 -0.0579373
0.808594 -0.0592753
0.818359 -0.0604037
0.816406 -0.0620578
0.828125 -0.063378
0.832031 -0.0626776
0.847656 -0.0597792
0.84375 -0.0579061
0.841797 -0.0582499
0.826172 -0.0587923
0.787109 -0.059754
0.773438 -0.0617729
0.742188 -0.0623801
0.742188 -0.0629122
0.748047 -0.063263
0.761719 -0.0620941
0.787109 -0.0635047
0.796875 -0.0635182
0.78125 -0.0639629
0.818359 -0.0654464
0.791016 -0.0671794
0.757812 -0.0675623
0.732422 -0.0669361
0.738281 -0.0673366
0.783203 -0.0675881
0.787109 -0.0685972
0.775391 -0.0685459
0.796875 -0.0699851
0.792969 -0.0698399
0.753906 -0.0691571
0.759766 -0.0689205
0.792969 -0.0699739
0.779297 -0.071934
0.714844 -0.0718005
0.722656 -0.0737579
0.738281 -0.074871
0.753906 -0.0763219
0.753906 -0.0774972
0.722656 -0.0779958
0.779297 -0.0809352
0.775391 -0.083423
0.755859 -0.0848218
0.722656 -0.0851163
0.759766 -0.0870495
0.742188 -0.0877537
0.716797 -0.0890155
0.677734 -0.0912057
0.646484 -0.094518
0.650391 -0.0959078
0.677734 -0.0972724
0.664062 -0.0991665
0.75 -0.100588
0.775391 -0.101213
0.75 -0.100859
0.726562 -0.100576
0.736328 -0.101372
0.726562 -0.102019
0.724609 -0.101715
0.771484 -0.101748
0.744141 -0.101181
0.775391 -0.100562
0.833984 -0.0976553
0.824219 -0.0931609
0.814453 -0.0876299
0.8125 -0.0816622
0.851562 -0.0738184
0.865234 -0.0672316
0.896484 -0.0637315
0.888672 -0.0614346
0.863281 -0.0575284
0.865234 -0.0530816
0.859375 -0.0482533
0.861328 -0.0467916
0.820312 -0.0451694
0.816406 -0.0445322
0.791016 -0.0416315
0.816406 -0.0391601
0.828125 -0.0363803
0.822266 -0.0350263
0.851562 -0.0313325
0.828125 -0.0291322
0.785156 -0.0257133
0.773438 -0.023899
0.777344 -0.0196082
0.78125 -0.0176257
0.814453 -0.0139353
0.792969 -0.0112957
0.804688 -0.0100325
0.753906 -0.00990562
0.777344 -0.0117952
0.75 -0.012631
0.716797 -0.0147758
0.716797 -0.0142869
0.6875 -0.0153257
0.681641 -0.0168366
0.660156 -0.0201855
0.671875 -0.0243464
0.650391 -0.0260249
0.681641 -0.0258805
0.693359 -0.0252232
0.720703 -0.0247119
0.748047 -0.0253901
0.724609 -0.0251158
0.695312 -0.0255456
0.666016 -0.0223531
0.732422 -0.0242021
0.716797 -0.0271586
0.701172 -0.0267141
0.6875 -0.0260551
0.675781 -0.027141
0.708984 -0.0285049
0.662109 -0.0253288
0.666016 -0.0234754
0.697266 -0.0196822
0.697266 -0.0168459
0.707031 -0.0147666
0.720703 -0.0164183
0.726562 -0.01921
0.677734 -0.0193341
0.732422 -0.019068
0.75 -0.0179764
0.759766 -0.0153835
0.763672 -0.0117159
0.787109 -0.0141181
0.744141 -0.0172764
0.728516 -0.0167144
0.734375 -0.0147239
0.734375 -0.0148511
0.751953 -0.0128637
0.773438 -0.00904581
0.777344 -0.00848424
0.75 -0.00793142
0.748047 -0.0109015
0.730469 -0.0133156
0.71875 -0.0127578
0.734375 -0.0119016
0.765625 -0.00884122
0.759766 -0.00818696
0.722656 -0.00546886
0.71875 -0.00501362
0.6875 -0.00239738
0.681641 -0.00194343
0.662109 -0.00303341
0.671875 -0.00163258
0.689453 0.00215861
0.646484 0.00491001
0.673828 0.0107728
0.726562 0.00983771
0.705078 0.0117648
0.736328 0.00998278
0.724609 0.00861377
0.730469 0.00696415
0.736328 0.00637809
0.746094 0.0043817
0.732422 0.00159942
0.677734 0.00375462
0.705078 0.00561898
0.742188 0.0103777
0.71875 0.0126437
0.757812 0.0104458
0.726562 0.00446685
0.740234 0.00803313
0.679688 0.00243234
0.693359 0.00209365
0.689453 0.00619426
0.691406 0.0100796
0.695312 0.00811677
0.716797 0.00384125
0.667969 0.0138589
0.644531 0.024366
0.697266 0.0190931
0.689453 0.00422336
0.636719 -0.0059479
0.585938 0
