0.746094 1
0.769531 0.967287
0.728516 0.939898
0.728516 0.914511
0.753906 0.891283
0.773438 0.868695
0.757812 0.846213
0.751953 0.825882
0.746094 0.807205
0.716797 0.789433
0.71875 0.771722
0.759766 0.754992
0.800781 0.739825
0.806641 0.725031
0.791016 0.709342
0.771484 0.694059
0.753906 0.678711
0.771484 0.665637
0.773438 0.651611
0.761719 0.636754
0.707031 0.621805
0.720703 0.607951
0.726562 0.593098
0.751953 0.578592
0.734375 0.566105
0.783203 0.554166
0.765625 0.54277
0.802734 0.531538
0.8125 0.518941
0.804688 0.508299
0.818359 0.497437
0.78125 0.488106
0.722656 0.479838
0.691406 0.472734
0.705078 0.46609
0.716797 0.458487
0.763672 0.45053
0.783203 0.44221
0.789062 0.43356
0.832031 0.425645
0.820312 0.418585
0.783203 0.411151
0.785156 0.403861
0.791016 0.397205
0.824219 0.391136
0.826172 0.385687
0.808594 0.377727
0.837891 0.370064
0.824219 0.363481
0.828125 0.356379
0.851562 0.348486
0.859375 0.340809
0.820312 0.333101
0.800781 0.326106
0.771484 0.320169
0.779297 0.314199
0.785156 0.307851
0.814453 0.30023
0.847656 0.294326
0.873047 0.289044
0.871094 0.283179
0.863281 0.27763
0.824219 0.272611
0.851562 0.26784
0.859375 0.262444
0.875 0.257265
0.84375 0.251554
0.882812 0.246412
0.839844 0.242
0.828125 0.237229
0.779297 0.232556
0.791016 0.22772
0.796875 0.221679
0.802734 0.217129
0.775391 0.213501
0.765625 0.209043
0.785156 0.204612
0.785156 0.200037
0.791016 0.195605
0.8125 0.192752
0.791016 0.190155
0.771484 0.1875
0.833984 0.186028
0.851562 0.184454
0.849609 0.182746
0.855469 0.179677
0.847656 0.176471
0.857422 0.173242
0.820312 0.170057
0.832031 0.166909
0.8125 0.164128
0.839844 0.158745
0.845703 0.15452
0.873047 0.152267
0.880859 0.149198
0.867188 0.147036
0.847656 0.143269
0.826172 0.140133
0.835938 0.136597
0.822266 0.133245
0.808594 0.130447
0.783203 0.127571
0.794922 0.123777
0.779297 0.118794
0.753906 0.114314
0.808594 0.110203
0.824219 0.105344
0.824219 0.100201
0.810547 0.0962277
0.826172 0.0927612
0.820312 0.0899308
0.851562 0.0888753
0.847656 0.0866635
0.857422 0.0850955
0.859375 0.0829328
0.822266 0.0799721
0.787109 0.0779738
0.767578 0.0751434
0.798828 0.072234
0.814453 0.0684604
0.849609 0.0653053
0.808594 0.0611256
0.802734 0.0591176
0.789062 0.0562093
0.759766 0.0534069
0.71875 0.0500495
0.734375 0.0465586
0.759766 0.0430667
0.798828 0.0401355
0.769531 0.0379782
0.783203 0.0370977
0.8125 0.0371954
0.835938 0.0368378
0.828125 0.0358928
0.8125 0.0355312
0.822266 0.0350552
0.810547 0.0335965
0.820312 0.031722
0.802734 0.0305669
0.804688 0.0295715
0.814453 0.0291317
0.828125 0.0280413
0.8125 0.0261601
0.759766 0.0250419
0.757812 0.0237889
0.748047 0.0240225
0.724609 0.023361
0.75 0.0219978
0.765625 0.0199106
0.751953 0.0177378
0.736328 0.0157802
0.771484 0.0138781
0.798828 0.0101797
0.798828 0.00758914
0.791016 0.00332534
0.822266 -0.000568928
0.8125 -0.00532418
0.798828 -0.00920327
0.816406 -0.0127146
0.837891 -0.0163687
0.775391 -0.0182191
0.787109 -0.0195744
0.779297 -0.0195934
0.777344 -0.0185651
0.742188 -0.0164372
0.757812 -0.0126726
0.775391 -0.00979541
0.783203 -0.00680683
0.775391 -0.00423691
0.791016 -0.00255633
0.767578 -0.000988221
0.734375 0.00015842
0.736328 0.0010762
0.720703 0.00174497
0.736328 0.00299757
0.714844 0.00480593
0.6875 0.00752276
0.730469 0.0110616
0.705078 0.0130647
0.691406 0.015593
0.724609 0.0164186
0.695312 0.0175472
0.724609 0.0192259
0.677734 0.0213338
0.646484 0.0228054
0.619141 0.0246084
0.587891 0.0264196
0.582031 0.0277891
0.615234 0.0307467
0.617188 0.032715
0.634766 0.0365706
0.652344 0.0391984
0.650391 0.0422107
0.6875 0.0438143
0.679688 0.0453476
0.679688 0.0462645
0.705078 0.0488859
0.703125 0.0518265
0.708984 0.0551487
0.669922 0.0579611
0.683594 0.0600355
0.667969 0.0639002
0.6875 0.0667013
0.712891 0.0683366
0.742188 0.0692195
0.734375 0.0693255
0.722656 0.0684034
0.814453 0.0674095
0.804688 0.0669097
0.828125 0.0662216
0.804688 0.0660672
0.8125 0.0662913
0.808594 0.0665625
0.800781 0.0664166
0.835938 0.0667722
0.806641 0.0683523
0.820312 0.0689477
0.822266 0.0699769
0.808594 0.0725831
0.814453 0.0729125
0.814453 0.0731247
0.765625 0.074526
0.785156 0.0753332
0.757812 0.0763223
0.751953 0.0767993
0.775391 0.0765851
0.761719 0.075341
0.726562 0.0740405
0.730469 0.0738826
0.751953 0.0731648
0.746094 0.0723329
0.720703 0.0707547
0.708984 0.0692506
0.699219 0.0696051
0.712891 0.0704108
0.71875 0.0729525
0.691406 0.0757077
0.65625 0.0784625
0.673828 0.0817151
0.640625 0.0838115
0.679688 0.0868011
0.658203 0.0893811
0.636719 0.0927538
0.638672 0.0958647
0.679688 0.0989862
0.654297 0.101022
0.673828 0.103601
0.683594 0.104704
0.654297 0.105793
0.689453 0.107525
0.646484 0.107765
0.673828 0.108834
0.685547 0.110581
0.705078 0.112071
0.673828 0.11376
0.658203 0.115458
0.677734 0.117586
0.667969 0.119518
0.619141 0.120792
0.654297 0.124405
0.638672 0.126292
0.615234 0.128603
0.671875 0.130013
0.671875 0.131075
0.726562 0.131051
0.740234 0.128866
0.724609 0.127373
0.689453 0.125146
0.714844 0.121433
0.759766 0.117857
0.775391 0.113669
0.78125 0.108294
0.740234 0.102273
0.75 0.0976236
0.814453 0.0931862
0.822266 0.0879908
0.777344 0.0848348
0.755859 0.0808022
0.791016 0.0778636
0.820312 0.0736639
0.845703 0.0714707
0.882812 0.0683857
0.826172 0.0659006
0.824219 0.0633123
0.828125 0.0601438
0.8125 0.0582643
0.791016 0.0570381
0.794922 0.056299
0.820312 0.0541611
0.833984 0.0518475
0.832031 0.0486724
0.839844 0.0464732
0.84375 0.0438776
0.839844 0.0412816
0.851562 0.0386641
0.839844 0.0357993
0.818359 0.0337535
0.802734 0.0318925
0.806641 0.0303437
0.84375 0.0301387
0.853516 0.0297843
0.863281 0.0303452
0.84375 0.0306602
0.865234 0.0316498
0.839844 0.0318293
0.84375 0.0332968
0.800781 0.0332724
0.761719 0.0340878
0.779297 0.0351892
0.779297 0.0353032
0.806641 0.0358882
0.787109 0.0374247
0.806641 0.0379814
0.853516 0.0401474
0.869141 0.041875
0.873047 0.0436895
0.865234 0.0453725
0.871094 0.0460195
0.867188 0.0467257
0.808594 0.0476648
0.869141 0.0483673
0.878906 0.0488117
0.890625 0.0494094
0.908203 0.0504792
0.902344 0.0491652
0.867188 0.0492347
0.857422 0.0485575
0.847656 0.048314
0.826172 0.0487699
0.820312 0.0481367
0.837891 0.0479611
0.857422 0.0477125
0.851562 0.0481416
0.849609 0.0474018
0.837891 0.046953
0.835938 0.0446587
0.849609 0.0427977
0.835938 0.0410908
0.832031 0.0388227
0.830078 0.0378877
0.828125 0.0368091
0.824219 0.0374468
0.814453 0.037452
0.800781 0.0376772
0.769531 0.0372519
0.808594 0.0379037
0.816406 0.0380833
0.804688 0.0373711
0.820312 0.0351977
0.820312 0.03471
0.796875 0.0345202
0.806641 0.0339196
0.779297 0.0319559
0.767578 0.0300242
0.753906 0.0299553
0.75 0.0287224
0.740234 0.0274602
0.732422 0.0252905
0.71875 0.0247541
0.710938 0.0251502
0.75 0.0233974
0.703125 0.0206773
0.71875 0.0192406
0.712891 0.0179601
0.689453 0.0171887
0.701172 0.0152696
0.671875 0.0150197
0.646484 0.0160916
0.634766 0.0174967
0.683594 0.0186469
0.683594 0.0201102
0.710938 0.0218751
0.685547 0.021755
0.726562 0.0193568
0.724609 0.0151498
0.693359 0.0121436
0.724609 0.00845456
0.689453 0.00482287
0.705078 6.36334e-05
0.720703 -0.0050723
0.746094 -0.00928152
0.769531 -0.013734
0.765625 -0.0182373
0.798828 -0.0214912
0.787109 -0.0233251
0.753906 -0.0241289
0.775391 -0.0257678
0.765625 -0.0267626
0.716797 -0.0280349
0.746094 -0.027251
0.785156 -0.0271963
0.738281 -0.0267558
0.71875 -0.0257828
0.705078 -0.0240719
0.71875 -0.0237999
0.720703 -0.0257873
0.751953 -0.0283355
0.761719 -0.0337642
0.783203 -0.0370891
0.759766 -0.0388994
0.787109 -0.0403325
0.775391 -0.0438985
0.787109 -0.0469843
0.769531 -0.050013
0.755859 -0.0516564
0.753906 -0.0513952
0.792969 -0.0511575
0.789062 -0.0500659
0.773438 -0.0497317
0.748047 -0.0505624
0.783203 -0.0497889
0.800781 -0.0476842
0.794922 -0.0454725
0.810547 -0.0442809
0.828125 -0.0431521
0.841797 -0.04203
0.826172 -0.0403944
0.826172 -0.0396742
0.814453 -0.0395109
0.800781 -0.0380711
0.792969 -0.0374309
0.818359 -0.03724
0.847656 -0.0371424
0.853516 -0.0372335
0.839844 -0.0373108
0.832031 -0.0351973
0.830078 -0.0317766
0.822266 -0.0277922
0.861328 -0.0231967
0.830078 -0.0188055
0.832031 -0.0154049
0.816406 -0.0125857
0.859375 -0.00911502
0.820312 -0.00289778
0.802734 0.00225429
0.794922 0.00719666
0.806641 0.01261
0.800781 0.0170033
0.779297 0.0211128
0.759766 0.0244457
0.748047 0.0279966
0.746094 0.0312249
0.71875 0.0341359
0.677734 0.0373912
0.693359 0.040848
0.714844 0.0461146
0.65625 0.0489142
0.669922 0.0530564
0.632812 0.0569923
0.617188 0.0610525
0.621094 0.0642469
0.609375 0.0667166
0.589844 0.0709165
0.591797 0.0739216
0.587891 0.0772393
0.587891 0.0790837
0.607422 0.0817858
0.615234 0.085491
0.632812 0.0883651
0.632812 0.0920696
0.632812 0.0952982
0.666016 0.10017
0.666016 0.103349
0.666016 0.103957
0.644531 0.10524
0.638672 0.105923
0.617188 0.107918
0.578125 0.109268
0.578125 0.110698
0.564453 0.1122
0.527344 0.114252
0.574219 0.115637
0.582031 0.114712
0.59375 0.113546
0.625 0.11456
0.664062 0.11424
0.621094 0.11478
0.636719 0.114484
0.654297 0.114656
0.662109 0.11556
0.666016 0.11672
0.613281 0.118384
0.65625 0.120083
0.623047 0.120745
0.599609 0.122103
0.617188 0.123288
0.634766 0.125936
0.638672 0.12773
0.632812 0.131484
0.554688 0.135172
0.587891 0.136801
0.59375 0.137996
0.587891 0.139994
0.591797 0.143366
0.615234 0.146357
0.556641 0.148517
0.576172 0.15108
0.544922 0.154897
0.568359 0.157719
0.603516 0.161107
0.640625 0.163969
0.650391 0.167755
0.636719 0.171909
0.617188 0.175998
0.615234 0.180848
0.609375 0.185525
0.625 0.190593
0.601562 0.194758
0.607422 0.19945
0.601562 0.204287
0.560547 0.206856
0.603516 0.208908
0.613281 0.210429
0.634766 0.213095
0.638672 0.214758
0.646484 0.217071
0.671875 0.218137
0.650391 0.218386
0.654297 0.219198
0.669922 0.21892
0.662109 0.218963
0.681641 0.219403
0.679688 0.221201
0.693359 0.225047
0.708984 0.228732
0.679688 0.232798
0.710938 0.23637
0.748047 0.238169
0.748047 0.239892
0.753906 0.24005
0.742188 0.241455
0.753906 0.242295
0.705078 0.242213
0.732422 0.242577
0.722656 0.243352
0.767578 0.245541
0.794922 0.247307
0.746094 0.249868
0.726562 0.252913
0.765625 0.256149
0.755859 0.259436
0.759766 0.263959
0.757812 0.267863
0.792969 0.271827
0.796875 0.274398
0.820312 0.276392
0.837891 0.279912
0.804688 0.282406
0.791016 0.284026
0.779297 0.286136
0.792969 0.287621
0.820312 0.28882
0.826172 0.289643
0.839844 0.28865
0.822266 0.2878
0.833984 0.286986
0.851562 0.285731
0.869141 0.282989
0.857422 0.281937
0.833984 0.28257
0.830078 0.282675
0.828125 0.282421
0.804688 0.282001
0.789062 0.280275
0.824219 0.276779
0.798828 0.272137
0.785156 0.267453
0.814453 0.265376
0.839844 0.262406
0.791016 0.259955
0.792969 0.258113
0.808594 0.256606
0.802734 0.255354
0.830078 0.253828
0.849609 0.250805
0.841797 0.248708
0.837891 0.24599
0.857422 0.244133
0.855469 0.241267
0.861328 0.238259
0.830078 0.235233
0.849609 0.233018
0.833984 0.232403
0.859375 0.232101
0.871094 0.232747
0.828125 0.232805
0.773438 0.234369
0.769531 0.235457
0.728516 0.2366
0.771484 0.236951
0.753906 0.236188
0.787109 0.235519
0.773438 0.23483
0.763672 0.233443
0.773438 0.232588
0.767578 0.232967
0.787109 0.231817
0.814453 0.229575
0.824219 0.227418
0.785156 0.223604
0.828125 0.218408
0.84375 0.21445
0.8125 0.211105
0.828125 0.207226
0.853516 0.204127
0.826172 0.202244
0.798828 0.199358
0.794922 0.1967
0.816406 0.193882
0.859375 0.191163
0.871094 0.187975
0.847656 0.186319
0.853516 0.185157
0.853516 0.182721
0.863281 0.181597
0.861328 0.180945
0.855469 0.179459
0.828125 0.178848
0.826172 0.176433
0.847656 0.173323
0.841797 0.169978
0.832031 0.166754
0.835938 0.163959
0.833984 0.16185
0.828125 0.15966
0.84375 0.15702
0.835938 0.155901
0.832031 0.155688
0.822266 0.157027
0.871094 0.159157
0.863281 0.16014
0.863281 0.162435
0.814453 0.164093
0.808594 0.166111
0.841797 0.167398
0.849609 0.167997
0.835938 0.169577
0.835938 0.170221
0.830078 0.168868
0.857422 0.166681
0.875 0.163398
0.886719 0.159806
0.855469 0.155377
0.853516 0.149504
0.84375 0.144865
0.886719 0.140319
0.912109 0.135226
0.876953 0.128941
0.875 0.123288
0.847656 0.117158
0.837891 0.110801
0.828125 0.10576
0.871094 0.10027
0.84375 0.0956998
0.841797 0.0922964
0.826172 0.0865267
0.849609 0.0811898
0.835938 0.0774916
0.833984 0.0716219
0.816406 0.0657549
0.783203 0.0608964
0.806641 0.0556384
0.796875 0.0497229
0.802734 0.0452653
0.818359 0.0407161
0.804688 0.0367017
0.802734 0.032201
0.800781 0.027277
0.810547 0.0232284
0.792969 0.0194117
0.820312 0.0163419
0.787109 0.0142534
0.759766 0.013023
0.748047 0.0123481
0.816406 0.0107516
0.757812 0.00953434
0.761719 0.00929728
0.765625 0.00963453
0.765625 0.0109488
0.761719 0.0119267
0.740234 0.0127244
0.757812 0.0130616
0.794922 0.0146047
0.800781 0.0158252
0.796875 0.015975
0.830078 0.0175897
0.8125 0.0194861
0.787109 0.0212501
0.78125 0.022894
0.769531 0.0240425
0.804688 0.0256325
0.789062 0.0279255
0.794922 0.0301715
0.777344 0.0316628
0.775391 0.0340777
0.757812 0.0373148
0.779297 0.0401018
0.736328 0.0417969
0.755859 0.0433978
0.769531 0.046217
0.757812 0.0480761
0.783203 0.0487105
0.767578 0.0502688
0.773438 0.0511989
0.777344 0.053547
0.753906 0.0560348
0.728516 0.0581246
0.724609 0.0606504
0.708984 0.0620334
0.708984 0.0630488
0.6875 0.0636204
0.677734 0.0653389
0.669922 0.0662524
0.601562 0.0668688
0.570312 0.0660041
0.601562 0.0651849
0.609375 0.0659305
0.638672 0.0672286
0.646484 0.0699597
0.644531 0.071708
0.658203 0.0736072
0.658203 0.0747899
0.638672 0.0760833
0.679688 0.0774914
0.701172 0.07843
0.689453 0.0784322
0.708984 0.0798606
0.681641 0.0815309
0.691406 0.0839722
0.734375 0.0832648
0.742188 0.0833513
0.71875 0.0817721
0.71875 0.0775404
0.691406 0.0720535
0.691406 0.0675863
0.679688 0.0639078
0.675781 0.0597533
0.681641 0.055988
0.605469 0.05296
0.638672 0.0503541
0.625 0.0483221
0.662109 0.0468467
0.658203 0.0440727
0.683594 0.041332
0.666016 0.0376719
0.675781 0.0334042
0.677734 0.0278028
0.642578 0.0225561
0.658203 0.0186841
0.732422 0.0137348
0.716797 0.00887022
0.746094 0.00324179
0.751953 -0.00201619
0.732422 -0.00515771
0.699219 -0.00817821
0.693359 -0.0112396
0.708984 -0.0121931
0.673828 -0.0149456
0.691406 -0.0170052
0.685547 -0.0202687
0.658203 -0.0226712
0.697266 -0.0227661
0.695312 -0.022852
0.689453 -0.0224425
0.699219 -0.0216226
0.693359 -0.0199388
0.671875 -0.0186262
0.673828 -0.0176093
0.671875 -0.017017
0.681641 -0.018086
0.685547 -0.0188217
0.6875 -0.0190215
0.673828 -0.0186828
0.6875 -0.0187697
0.677734 -0.017589
0.707031 -0.0166419
0.707031 -0.0157674
0.671875 -0.0150352
0.642578 -0.0158621
0.660156 -0.0146018
0.683594 -0.0144083
0.671875 -0.0138172
0.652344 -0.0136021
0.654297 -0.0134442
0.640625 -0.011964
0.654297 -0.0109581
0.693359 -0.0108386
0.703125 -0.00959957
0.732422 -0.0101003
0.728516 -0.00931087
0.742188 -0.00959489
0.726562 -0.0104205
0.722656 -0.0119784
0.724609 -0.0144263
0.730469 -0.0163078
0.755859 -0.0175769
0.736328 -0.0195388
0.691406 -0.0208673
0.716797 -0.0231282
0.708984 -0.0230292
0.662109 -0.0224492
0.638672 -0.0216699
0.636719 -0.0209185
0.630859 -0.02027
0.623047 -0.0191351
0.671875 -0.0178374
0.693359 -0.0161481
0.726562 -0.0147151
0.681641 -0.0132628
0.644531 -0.0139574
0.642578 -0.0132882
0.648438 -0.0131344
0.654297 -0.0141206
0.662109 -0.0137518
0.679688 -0.0147509
0.632812 -0.0161643
0.677734 -0.016145
0.677734 -0.0163584
0.669922 -0.0166414
0.691406 -0.0173493
0.652344 -0.0173715
0.654297 -0.0161273
0.625 -0.0142744
0.621094 -0.0144782
0.626953 -0.0150306
0.578125 -0.0148541
0.550781 -0.0145001
0.525391 -0.0156908
0.505859 -0.0172314
0.476562 -0.0168163
0.509766 -0.0173631
0.550781 -0.0184582
0.542969 -0.0200043
0.544922 -0.021819
0.576172 -0.0232289
0.582031 -0.0248691
0.544922 -0.0256031
0.560547 -0.0265448
0.572266 -0.0264691
0.552734 -0.0258106
0.558594 -0.0256207
0.544922 -0.0256226
0.519531 -0.0263732
0.546875 -0.0266158
0.519531 -0.0275399
0.546875 -0.0280702
0.550781 -0.0304462
0.568359 -0.0322364
0.591797 -0.0345541
0.599609 -0.0369264
0.615234 -0.0380858
0.626953 -0.0388783
0.638672 -0.0399339
0.636719 -0.0398617
0.603516 -0.0401391
0.609375 -0.0390912
0.589844 -0.0381256
0.617188 -0.0371788
0.654297 -0.036125
0.636719 -0.0339585
0.613281 -0.0321468
0.626953 -0.0293141
0.623047 -0.0268683
0.625 -0.0259626
0.664062 -0.0244208
0.634766 -0.022148
0.662109 -0.0203442
0.669922 -0.01883
0.695312 -0.0186948
0.683594 -0.0176459
0.697266 -0.0186645
0.695312 -0.0207789
0.679688 -0.0208844
0.681641 -0.0205078
0.666016 -0.0191417
0.685547 -0.0185195
0.738281 -0.0185649
0.757812 -0.0205187
0.775391 -0.0226839
0.728516 -0.0258082
0.724609 -0.0301662
0.728516 -0.0318341
0.728516 -0.0337875
0.701172 -0.0381284
0.707031 -0.0416516
0.691406 -0.045934
0.734375 -0.0493535
0.742188 -0.053076
0.695312 -0.0558995
0.744141 -0.0586262
0.798828 -0.061571
0.720703 -0.0664068
0.720703 -0.0696537
0.703125 -0.0718569
0.746094 -0.0741187
0.742188 -0.0754996
0.712891 -0.0763238
0.707031 -0.0777807
0.705078 -0.0797985
0.712891 -0.0832549
0.722656 -0.0845043
0.751953 -0.0860992
0.75 -0.0888142
0.785156 -0.09001
0.769531 -0.0918079
0.765625 -0.092767
0.753906 -0.0950613
0.785156 -0.0970261
0.765625 -0.097816
0.787109 -0.0990404
0.753906 -0.0991829
0.787109 -0.100277
0.8125 -0.103488
0.818359 -0.105432
0.791016 -0.106585
0.787109 -0.105058
0.810547 -0.104546
0.78125 -0.104263
0.783203 -0.10187
0.810547 -0.100763
0.837891 -0.0994036
0.853516 -0.0989009
0.837891 -0.0980516
0.828125 -0.0971473
0.830078 -0.0975944
0.828125 -0.0990135
0.830078 -0.101968
0.835938 -0.104627
0.863281 -0.107475
0.853516 -0.109065
0.841797 -0.11073
0.863281 -0.111835
0.876953 -0.112869
0.871094 -0.113965
0.851562 -0.11723
0.828125 -0.118719
0.837891 -0.120393
0.869141 -0.12189
0.853516 -0.123731
0.865234 -0.126447
0.845703 -0.128888
0.855469 -0.130531
0.820312 -0.129732
0.798828 -0.131384
0.830078 -0.13112
0.833984 -0.130815
0.814453 -0.129681
0.832031 -0.129385
0.824219 -0.130106
0.8125 -0.129313
0.800781 -0.128783
0.814453 -0.127153
0.791016 -0.12519
0.820312 -0.122632
0.841797 -0.120146
0.84375 -0.116902
0.830078 -0.11331
0.810547 -0.111759
0.789062 -0.110506
0.779297 -0.109793
0.787109 -0.109248
0.744141 -0.109693
0.728516 -0.106993
0.703125 -0.105486
0.724609 -0.10454
0.716797 -0.103331
0.679688 -0.100816
0.701172 -0.100049
0.75 -0.0983354
0.746094 -0.0973043
0.794922 -0.0974232
0.791016 -0.0954457
0.802734 -0.0949242
0.816406 -0.0940074
0.798828 -0.0915791
0.816406 -0.0904189
0.808594 -0.0906306
0.841797 -0.092126
0.833984 -0.0931472
0.816406 -0.0937202
0.830078 -0.0945023
0.818359 -0.0973127
0.839844 -0.0993224
0.832031 -0.0982121
0.828125 -0.0958693
0.839844 -0.0935679
0.830078 -0.0921235
0.855469 -0.0884874
0.884766 -0.0859971
0.890625 -0.0831242
0.871094 -0.0795992
0.845703 -0.0755517
0.841797 -0.0721605
0.837891 -0.0704022
0.800781 -0.0704439
0.798828 -0.0707177
0.796875 -0.071035
0.841797 -0.0720427
0.826172 -0.0730511
0.792969 -0.0751369
0.802734 -0.0761867
0.787109 -0.0775987
0.822266 -0.0800744
0.802734 -0.0825476
0.767578 -0.0837708
0.787109 -0.0841719
0.818359 -0.0856306
0.783203 -0.0868553
0.740234 -0.086682
0.761719 -0.0869448
0.800781 -0.0873373
0.71875 -0.0872027
0.728516 -0.0842161
0.730469 -0.0830656
0.753906 -0.0841797
0.757812 -0.0847006
0.767578 -0.0853908
0.804688 -0.0849829
0.835938 -0.0856651
0.859375 -0.0857417
0.851562 -0.0848945
0.804688 -0.0831311
0.769531 -0.0796158
0.771484 -0.0762461
0.783203 -0.0725208
0.810547 -0.0677624
0.787109 -0.064615
0.765625 -0.0612227
0.734375 -0.0585432
0.742188 -0.0548551
0.722656 -0.0521736
0.787109 -0.0498983
0.748047 -0.0490334
0.810547 -0.0475537
0.830078 -0.0459121
0.871094 -0.0455889
0.875 -0.0434502
0.875 -0.0408092
0.845703 -0.0391485
0.851562 -0.0370548
0.835938 -0.0349474
0.857422 -0.0319504
0.847656 -0.0298428
0.84375 -0.0267622
0.845703 -0.0239479
0.824219 -0.0202267
0.810547 -0.017296
0.757812 -0.0130713
0.738281 -0.00893485
0.677734 -0.00499115
0.736328 0.000787192
0.753906 0.00676807
0.798828 0.0104066
0.787109 0.0162451
0.820312 0.0196897
0.845703 0.0227455
0.855469 0.0250183
0.886719 0.0280891
0.884766 0.0328245
0.902344 0.037555
0.890625 0.041946
0.904297 0.0458539
0.890625 0.0487389
0.904297 0.0516782
0.890625 0.0567887
0.859375 0.0623326
0.863281 0.0675961
0.869141 0.0718764
0.863281 0.0765807
0.835938 0.0801126
0.863281 0.0839686
0.886719 0.0882928
0.873047 0.0925416
0.849609 0.0977887
0.847656 0.101901
0.8125 0.105782
0.833984 0.109479
0.824219 0.114315
0.816406 0.117006
0.810547 0.118986
0.802734 0.120673
0.775391 0.121964
0.763672 0.124157
0.722656 0.126694
0.707031 0.130185
0.691406 0.13415
0.710938 0.138871
0.722656 0.142797
0.734375 0.148304
0.771484 0.151036
0.806641 0.154696
0.806641 0.156125
0.835938 0.156218
0.8125 0.157892
0.845703 0.156994
0.806641 0.156953
0.763672 0.156742
0.773438 0.157006
0.757812 0.15793
0.742188 0.159559
0.712891 0.161604
0.728516 0.161921
0.705078 0.162568
0.708984 0.163613
0.724609 0.16485
0.681641 0.165277
0.615234 0.165425
0.640625 0.166723
0.626953 0.16768
0.574219 0.167815
0.576172 0.167867
0.59375 0.166305
0.595703 0.163987
0.605469 0.162898
0.578125 0.160046
0.621094 0.159567
0.611328 0.157488
0.603516 0.154995
0.625 0.152843
0.675781 0.149061
0.708984 0.146538
0.703125 0.144183
0.740234 0.141916
0.738281 0.140174
0.75 0.138075
0.75 0.136753
0.744141 0.135558
0.742188 0.135316
0.742188 0.135164
0.738281 0.133527
0.759766 0.131834
0.765625 0.129281
0.796875 0.126187
0.794922 0.125513
0.787109 0.12314
0.798828 0.121377
0.792969 0.118625
0.800781 0.113816
0.802734 0.110071
0.8125 0.106203
0.798828 0.102712
0.791016 0.0984881
0.751953 0.0938972
0.763672 0.0900645
0.787109 0.0843679
0.767578 0.0786204
0.785156 0.0732456
0.771484 0.0695692
0.763672 0.066103
0.726562 0.0626165
0.771484 0.0591319
0.769531 0.0538678
0.787109 0.0497964
0.808594 0.0455648
0.769531 0.0428247
0.755859 0.0395649
0.759766 0.037509
0.775391 0.0365355
0.820312 0.0342167
0.814453 0.0318655
0.833984 0.0309702
0.84375 0.0313034
0.857422 0.0290047
0.845703 0.0263557
0.851562 0.0253498
0.828125 0.0226264
0.847656 0.0189419
0.869141 0.0168142
0.849609 0.0134842
0.833984 0.00999257
0.822266 0.00783697
0.802734 0.00450696
0.779297 0.00216797
0.798828 0.000347978
0.775391 -0.00123361
0.783203 -0.000797961
0.740234 0.000569771
0.761719 0.00124193
0.78125 0.00285618
0.792969 0.00521637
0.800781 0.00786579
0.787109 0.0117273
0.800781 0.0147115
0.759766 0.0160696
0.771484 0.0178651
0.734375 0.0193464
0.746094 0.0194691
0.78125 0.0186203
0.757812 0.0191262
0.789062 0.0196742
0.773438 0.0203898
0.798828 0.0201034
0.800781 0.0197342
0.816406 0.0195679
0.851562 0.0199728
0.808594 0.0207481
0.8125 0.0208964
0.830078 0.0225327
0.800781 0.02412
0.775391 0.0257136
0.816406 0.0267734
0.841797 0.0279823
0.820312 0.0277215
0.826172 0.0260876
0.818359 0.0248832
0.818359 0.0213712
0.835938 0.0184376
0.826172 0.0139984
0.849609 0.0107066
0.873047 0.00837938
0.898438 0.0057997
0.896484 0.00326235
0.912109 0.00157996
0.900391 -0.000385674
0.855469 -0.00345759
0.837891 -0.00437244
0.820312 -0.0055009
0.839844 -0.00736526
0.871094 -0.0101717
0.808594 -0.0123312
0.767578 -0.0148034
0.763672 -0.015797
0.738281 -0.0162328
0.746094 -0.0182349
0.779297 -0.0194318
0.742188 -0.0221183
0.753906 -0.024543
0.78125 -0.0265871
0.773438 -0.0266544
0.804688 -0.0271272
0.769531 -0.0277405
0.75 -0.0275372
0.75 -0.0252291
0.751953 -0.0223177
0.744141 -0.0191865
0.792969 -0.0161445
0.806641 -0.0116995
0.828125 -0.0087283
0.824219 -0.00649014
0.8125 -0.00621494
0.851562 -0.0067443
0.869141 -0.00705132
0.875 -0.00861786
0.876953 -0.0103847
0.882812 -0.0113864
0.886719 -0.0126978
0.869141 -0.0121858
0.857422 -0.0121223
0.847656 -0.0136358
0.849609 -0.0151527
0.84375 -0.0155469
0.839844 -0.0145723
0.841797 -0.0150557
0.837891 -0.0158306
0.849609 -0.014702
0.787109 -0.0128483
0.773438 -0.0123867
0.794922 -0.0121275
0.767578 -0.011234
0.802734 -0.0105507
0.732422 -0.0106056
0.753906 -0.0104567
0.767578 -0.0109725
0.800781 -0.0117026
0.765625 -0.014898
0.767578 -0.0157193
0.765625 -0.0163897
0.787109 -0.0152736
0.751953 -0.0146944
0.791016 -0.013881
0.794922 -0.0134939
0.808594 -0.0130295
0.769531 -0.0120168
0.738281 -0.01158
0.732422 -0.00956274
0.751953 -0.00891617
0.806641 -0.00784032
0.792969 -0.00848652
0.800781 -0.00705236
0.78125 -0.00565559
0.794922 -0.0027755
0.798828 0.00307035
0.806641 0.00834809
0.818359 0.0137683
0.816406 0.0173136
0.791016 0.0195022
0.775391 0.0211978
0.765625 0.0224492
0.757812 0.0250027
0.742188 0.0274446
0.714844 0.0296947
0.701172 0.0312788
0.681641 0.034392
0.677734 0.0373213
0.652344 0.0407371
0.669922 0.0437934
0.671875 0.0460465
0.720703 0.0491569
0.71875 0.0528869
0.738281 0.056314
0.734375 0.0602674
0.763672 0.0628799
0.765625 0.0649944
0.767578 0.0677455
0.771484 0.069439
0.787109 0.0709494
0.771484 0.0729144
0.755859 0.0733669
0.714844 0.0741798
0.707031 0.0725912
0.689453 0.0740245
0.736328 0.0752184
0.724609 0.0766394
0.728516 0.0768505
0.703125 0.0796157
0.753906 0.0822558
0.75 0.0831483
0.792969 0.0851618
0.814453 0.0855814
0.810547 0.0843131
0.832031 0.0823683
0.804688 0.0807842
0.816406 0.0785196
0.833984 0.0755723
0.800781 0.0713497
0.794922 0.0683968
0.798828 0.0677296
0.808594 0.0673462
0.800781 0.0665557
0.816406 0.0659547
0.816406 0.0645098
0.820312 0.0648492
0.837891 0.0632517
0.814453 0.0640906
0.810547 0.0647396
0.835938 0.0647933
0.8125 0.0655881
0.839844 0.0635154
0.824219 0.0622157
0.792969 0.0607391
0.8125 0.0576224
0.789062 0.0544138
0.779297 0.0493075
0.755859 0.0450737
0.75 0.0415717
0.755859 0.0378036
0.755859 0.0344172
0.794922 0.0326421
0.820312 0.0315747
0.837891 0.029681
0.84375 0.0267608
0.828125 0.0255934
0.796875 0.02503
0.806641 0.0240907
0.794922 0.0217587
0.798828 0.0189519
0.802734 0.0156349
0.808594 0.0104968
0.833984 0.00661502
0.849609 0.00347296
0.835938 0.000150934
0.882812 -0.00522735
0.841797 -0.00820583
0.830078 -0.0109435
0.84375 -0.0134084
0.841797 -0.0163898
0.828125 -0.0193099
0.804688 -0.0216593
0.839844 -0.0229092
0.822266 -0.0239922
0.789062 -0.0256727
0.761719 -0.0276952
0.724609 -0.0291034
0.753906 -0.0324679
0.798828 -0.0360015
0.806641 -0.0411025
0.818359 -0.0441294
0.822266 -0.0473932
0.833984 -0.0519465
0.816406 -0.0550679
0.833984 -0.0604555
0.824219 -0.0625426
0.861328 -0.0633731
0.865234 -0.0664068
0.849609 -0.0703889
0.830078 -0.0734484
0.78125 -0.0785004
0.78125 -0.0834071
0.785156 -0.0903953
0.796875 -0.096557
0.802734 -0.101631
0.798828 -0.105995
0.751953 -0.109237
0.736328 -0.114607
0.738281 -0.118146
0.744141 -0.123177
0.726562 -0.125022
0.722656 -0.126982
0.730469 -0.127906
0.755859 -0.128378
0.732422 -0.128529
0.748047 -0.128337
0.769531 -0.128759
0.753906 -0.128561
0.800781 -0.127804
0.775391 -0.126959
0.783203 -0.127035
0.802734 -0.128425
0.791016 -0.12933
0.863281 -0.130879
0.869141 -0.133554
0.857422 -0.134659
0.853516 -0.13387
0.890625 -0.131739
0.867188 -0.130451
0.841797 -0.131153
0.84375 -0.13116
0.833984 -0.130907
0.8125 -0.130375
0.806641 -0.129746
0.792969 -0.129254
0.8125 -0.128911
0.800781 -0.130081
0.761719 -0.131967
0.794922 -0.133867
0.806641 -0.136719
0.875 -0.13846
0.873047 -0.140328
0.871094 -0.14196
0.878906 -0.145301
0.880859 -0.14828
0.878906 -0.151753
0.878906 -0.155932
0.873047 -0.158441
0.816406 -0.161228
0.808594 -0.162959
0.765625 -0.163438
0.765625 -0.163984
0.742188 -0.164627
0.708984 -0.166379
0.683594 -0.168451
0.660156 -0.169989
0.634766 -0.172529
0.625 -0.172953
0.636719 -0.173194
0.630859 -0.172585
0.632812 -0.17133
0.667969 -0.171467
0.666016 -0.169315
0.667969 -0.166462
0.669922 -0.165425
0.640625 -0.16359
0.605469 -0.162448
0.632812 -0.160677
0.628906 -0.161469
0.632812 -0.162395
0.650391 -0.164482
0.648438 -0.16427
0.675781 -0.165782
0.667969 -0.167658
0.632812 -0.168702
0.681641 -0.167846
0.666016 -0.168546
0.703125 -0.170498
0.714844 -0.171995
0.691406 -0.173863
0.666016 -0.17686
0.628906 -0.179259
0.630859 -0.182896
0.658203 -0.189078
0.662109 -0.193014
0.664062 -0.19623
0.658203 -0.198364
0.666016 -0.202004
0.695312 -0.205889
0.677734 -0.210982
0.693359 -0.215187
0.679688 -0.219753
0.662109 -0.225215
0.675781 -0.22998
0.697266 -0.234483
0.697266 -0.239107
0.640625 -0.241914
0.662109 -0.244927
0.679688 -0.245149
0.710938 -0.247982
0.722656 -0.249536
0.701172 -0.252349
0.720703 -0.255334
0.679688 -0.261055
0.716797 -0.268201
0.722656 -0.273061
0.736328 -0.278221
0.759766 -0.281983
0.730469 -0.285338
0.703125 -0.288071
0.716797 -0.28937
0.728516 -0.289277
0.710938 -0.287111
0.755859 -0.282112
0.783203 -0.277547
0.789062 -0.273529
0.808594 -0.268998
0.828125 -0.264249
0.806641 -0.260182
0.783203 -0.255118
0.794922 -0.250471
0.789062 -0.245951
0.785156 -0.244884
0.791016 -0.24253
0.765625 -0.240952
0.775391 -0.238962
0.783203 -0.237367
0.763672 -0.236915
0.791016 -0.236891
0.818359 -0.237287
0.802734 -0.237407
0.789062 -0.235939
0.771484 -0.235126
0.753906 -0.234301
0.773438 -0.23463
0.796875 -0.233936
0.791016 -0.234252
0.798828 -0.236506
0.804688 -0.238914
0.833984 -0.24369
0.84375 -0.248032
0.837891 -0.252145
0.824219 -0.256496
0.791016 -0.261846
0.833984 -0.267499
0.824219 -0.273163
0.822266 -0.277294
0.837891 -0.279184
0.787109 -0.281626
0.791016 -0.281832
0.759766 -0.282274
0.753906 -0.283386
0.726562 -0.282991
0.720703 -0.282315
0.734375 -0.282549
0.742188 -0.282544
0.720703 -0.283455
0.726562 -0.282922
0.699219 -0.280792
0.732422 -0.278888
0.697266 -0.276605
0.701172 -0.271287
0.681641 -0.266536
0.664062 -0.261546
0.654297 -0.256933
0.681641 -0.251238
0.677734 -0.243812
0.642578 -0.237158
0.664062 -0.229691
0.636719 -0.225041
0.617188 -0.221335
0.533203 -0.216434
0.554688 -0.210821
0.580078 -0.206782
0.603516 -0.202098
0.550781 -0.197409
0.554688 -0.192917
0.603516 -0.188347
0.652344 -0.183613
0.675781 -0.17845
0.685547 -0.172327
0.666016 -0.165703
0.691406 -0.158251
0.716797 -0.149745
0.691406 -0.143811
0.640625 -0.137786
0.707031 -0.132967
0.708984 -0.128898
0.726562 -0.124247
0.699219 -0.119093
0.664062 -0.115593
0.662109 -0.11183
0.640625 -0.108659
0.654297 -0.103986
0.671875 -0.0986354
0.695312 -0.0929304
0.724609 -0.0887547
0.720703 -0.0846398
0.707031 -0.0809772
0.761719 -0.0795187
0.755859 -0.0756205
0.716797 -0.070641
0.701172 -0.0637541
0.712891 -0.0572443
0.685547 -0.0509629
0.664062 -0.0475095
0.650391 -0.0427298
0.669922 -0.0386498
0.693359 -0.0356834
0.669922 -0.0330971
0.693359 -0.0299014
0.708984 -0.0251901
0.724609 -0.0215864
0.746094 -0.0183979
0.714844 -0.0143495
0.707031 -0.0101744
0.703125 -0.0049993
0.712891 -0.000996371
0.71875 0.00377551
0.720703 0.00760324
0.769531 0.0123111
0.751953 0.0159314
0.779297 0.0192322
0.761719 0.0226932
0.738281 0.0263332
0.705078 0.0278575
0.701172 0.0287761
0.675781 0.0294702
0.640625 0.0317612
0.632812 0.0342592
0.632812 0.036506
0.654297 0.0394967
0.730469 0.0412579
0.753906 0.0432893
0.779297 0.043626
0.792969 0.0460346
0.794922 0.0494219
0.8125 0.0527721
0.800781 0.0540018
0.792969 0.0549955
0.78125 0.0564322
0.789062 0.0582723
0.818359 0.0613419
0.792969 0.0638986
0.8125 0.0652309
0.808594 0.06856
0.839844 0.0708117
0.830078 0.0721768
0.865234 0.073265
0.845703 0.0757284
0.839844 0.0770751
0.832031 0.0783089
0.828125 0.0787929
0.802734 0.0803954
0.800781 0.0829679
0.800781 0.0854311
0.792969 0.0897606
0.810547 0.0915722
0.789062 0.0929128
0.746094 0.0926606
0.748047 0.093552
0.746094 0.0931828
0.783203 0.0940998
0.810547 0.0959121
0.783203 0.0967819
0.814453 0.0994718
0.796875 0.102568
0.802734 0.10663
0.78125 0.111749
0.804688 0.116005
0.804688 0.120082
0.814453 0.122573
0.806641 0.125895
0.798828 0.129926
0.773438 0.13154
0.804688 0.133164
0.791016 0.133708
0.791016 0.134893
0.771484 0.135394
0.767578 0.135091
0.794922 0.135775
0.783203 0.136956
0.830078 0.136209
0.839844 0.135967
0.84375 0.137283
0.849609 0.136916
0.833984 0.137671
0.837891 0.13809
0.810547 0.139373
0.841797 0.139987
0.826172 0.141226
0.847656 0.141268
0.849609 0.138176
0.859375 0.135961
0.878906 0.132776
0.888672 0.129247
0.917969 0.126342
0.90625 0.122242
0.902344 0.117188
0.806641 0.113853
0.832031 0.110448
0.855469 0.105616
0.851562 0.100514
0.871094 0.0951234
0.845703 0.0927925
0.861328 0.0869208
0.867188 0.0822696
0.847656 0.0772253
0.841797 0.0740144
0.837891 0.0713983
0.867188 0.064931
0.857422 0.0605763
0.839844 0.0572308
0.837891 0.0550133
0.873047 0.0524617
0.855469 0.0474171
0.863281 0.0443355
0.835938 0.0416232
0.78125 0.0387671
0.775391 0.0380312
0.767578 0.0363004
0.759766 0.035602
0.761719 0.0331599
0.753906 0.0286491
0.722656 0.0278203
0.6875 0.0286253
0.6875 0.0282913
0.675781 0.0269637
0.689453 0.0255173
0.701172 0.0234423
0.716797 0.0204829
0.755859 0.017472
0.796875 0.0140821
0.755859 0.0106429
0.773438 0.00668931
0.771484 0.00318215
0.761719 0.00151542
0.808594 -0.00113072
0.810547 -0.00281057
0.804688 -0.00528202
0.814453 -0.00712363
0.798828 -0.00872716
0.816406 -0.0102449
0.841797 -0.0132447
0.826172 -0.0157546
0.832031 -0.0191675
0.84375 -0.0246086
0.832031 -0.0304715
0.830078 -0.0371376
0.833984 -0.0422062
0.835938 -0.0480894
0.841797 -0.0523233
0.828125 -0.058513
0.833984 -0.0638469
0.804688 -0.0668874
0.791016 -0.0670098
0.830078 -0.0675297
0.859375 -0.0673101
0.837891 -0.0676727
0.847656 -0.0669613
0.828125 -0.066818
0.810547 -0.0668201
0.830078 -0.0667084
0.794922 -0.0675031
0.802734 -0.0675082
0.775391 -0.0670719
0.792969 -0.0680583
0.789062 -0.0676032
0.814453 -0.067908
0.814453 -0.0670828
0.816406 -0.0657042
0.816406 -0.0654821
0.792969 -0.0668568
0.777344 -0.0673965
0.794922 -0.0663518
0.792969 -0.0655073
0.832031 -0.0628976
0.861328 -0.0611339
0.822266 -0.0573998
0.853516 -0.0540081
0.820312 -0.0520078
0.808594 -0.0489359
0.830078 -0.0446653
0.787109 -0.0414022
0.783203 -0.0383286
0.753906 -0.0359095
0.757812 -0.0321797
0.785156 -0.0297352
0.771484 -0.0286967
0.720703 -0.0278437
0.763672 -0.0274968
0.787109 -0.0276015
0.751953 -0.0287158
0.794922 -0.0324664
0.767578 -0.0359413
0.794922 -0.0388797
0.814453 -0.0416856
0.806641 -0.0458424
0.796875 -0.0503691
0.8125 -0.0546259
0.832031 -0.0607007
0.859375 -0.0644229
0.859375 -0.0668001
0.847656 -0.0686147
0.814453 -0.0694325
0.830078 -0.0712158
0.845703 -0.0723705
0.808594 -0.0722851
0.816406 -0.0730055
0.796875 -0.0746667
0.800781 -0.0769773
0.789062 -0.0793624
0.796875 -0.0805013
0.810547 -0.0808808
0.818359 -0.0808759
0.826172 -0.0825267
0.849609 -0.0853665
0.820312 -0.0915883
0.789062 -0.0957855
0.75 -0.099113
0.732422 -0.101748
0.708984 -0.101714
0.714844 -0.101463
0.697266 -0.102246
0.681641 -0.104011
0.708984 -0.1052
0.724609 -0.106216
0.753906 -0.104984
0.757812 -0.104317
0.738281 -0.102652
0.708984 -0.101454
0.703125 -0.100286
0.707031 -0.0981609
0.714844 -0.0967553
0.748047 -0.0956915
0.763672 -0.0937661
0.785156 -0.0936567
0.785156 -0.0949004
0.787109 -0.0958551
0.806641 -0.0963872
0.824219 -0.0961362
0.806641 -0.09505
0.8125 -0.0942965
0.84375 -0.0933087
0.828125 -0.0921947
0.787109 -0.0915198
0.824219 -0.0927678
0.845703 -0.0926564
0.822266 -0.0926514
0.828125 -0.0930126
0.853516 -0.0951493
0.84375 -0.0981096
0.828125 -0.0986503
0.820312 -0.100053
0.769531 -0.10093
0.761719 -0.102817
0.775391 -0.106311
0.765625 -0.108062
0.751953 -0.109257
0.777344 -0.109709
0.796875 -0.110197
0.791016 -0.109429
0.783203 -0.111586
0.775391 -0.112745
0.775391 -0.11373
0.748047 -0.113695
0.746094 -0.113796
0.746094 -0.112156
0.742188 -0.114104
0.71875 -0.112542
0.689453 -0.108935
0.748047 -0.104361
0.783203 -0.100566
0.773438 -0.0997583
0.736328 -0.100009
0.751953 -0.0986295
0.728516 -0.0970882
0.759766 -0.0977087
0.757812 -0.099167
0.771484 -0.101918
0.804688 -0.102761
0.794922 -0.103895
0.808594 -0.104854
0.765625 -0.105158
0.771484 -0.105392
0.775391 -0.10397
0.763672 -0.104837
0.763672 -0.104195
0.828125 -0.103157
0.804688 -0.102504
0.806641 -0.101291
0.792969 -0.0985757
0.791016 -0.0955144
0.810547 -0.0928701
0.806641 -0.0894275
0.789062 -0.0881875
0.783203 -0.0862219
0.785156 -0.0836975
0.841797 -0.0807836
0.863281 -0.0799519
0.845703 -0.0814635
0.841797 -0.082709
0.855469 -0.0813994
0.835938 -0.0791374
0.824219 -0.0743947
0.824219 -0.0693504
0.820312 -0.0644753
0.857422 -0.0598266
0.832031 -0.0539704
0.824219 -0.0475496
0.800781 -0.0423125
0.775391 -0.0380195
0.773438 -0.033477
0.810547 -0.029721
0.808594 -0.0275427
0.763672 -0.025422
0.822266 -0.0236366
0.785156 -0.0221841
0.765625 -0.022103
0.740234 -0.0217314
0.728516 -0.0202011
0.785156 -0.0179196
0.787109 -0.0165883
0.744141 -0.0148835
0.730469 -0.0111695
0.728516 -0.0086585
0.775391 -0.00556607
0.751953 -0.00263516
0.740234 -0.00247519
0.726562 7.98277e-05
0.738281 0.00282038
0.732422 0.00518003
0.716797 0.00695131
0.724609 0.00757199
0.775391 0.0106372
0.724609 0.0130159
0.71875 0.0162752
0.722656 0.016119
0.732422 0.0150725
0.742188 0.015765
0.751953 0.0148412
0.767578 0.012435
0.806641 0.0107225
0.851562 0.0123991
0.810547 0.0124999
0.796875 0.0118343
0.75 0.0107944
0.740234 0.00967864
0.78125 0.00941342
0.789062 0.00868898
0.775391 0.00756996
0.814453 0.00546928
0.806641 0.00432938
0.791016 0.00423935
0.78125 0.00472352
0.775391 0.00385978
0.740234 0.00194412
0.755859 0.00174817
0.763672 0.00101666
0.765625 0.000163583
0.755859 -0.00108629
0.769531 -0.00154896
0.726562 -0.00396541
0.753906 -0.007484
0.761719 -0.0123731
0.714844 -0.0163685
0.710938 -0.0203051
0.736328 -0.025613
0.697266 -0.0287816
0.679688 -0.0346245
0.695312 -0.0408369
0.671875 -0.0475879
0.695312 -0.0499922
0.667969 -0.0525876
0.675781 -0.0549572
0.636719 -0.0578903
0.648438 -0.0608239
0.652344 -0.0628744
0.673828 -0.0640871
0.666016 -0.0652957
0.742188 -0.0659786
0.746094 -0.0666369
0.775391 -0.0681093
0.757812 -0.0694932
0.802734 -0.072187
0.806641 -0.0753078
0.789062 -0.079848
0.796875 -0.085039
0.830078 -0.0891518
0.822266 -0.0923775
0.820312 -0.096907
0.820312 -0.101306
0.818359 -0.105008
0.822266 -0.109113
0.806641 -0.113162
0.814453 -0.116402
0.853516 -0.12277
0.833984 -0.126999
0.826172 -0.133971
0.832031 -0.141116
0.824219 -0.148916
0.785156 -0.157722
0.808594 -0.165354
0.794922 -0.172221
0.820312 -0.18012
0.777344 -0.187792
0.822266 -0.195065
0.845703 -0.199984
0.853516 -0.207098
0.814453 -0.213227
0.800781 -0.219273
0.869141 -0.224804
0.839844 -0.230335
0.886719 -0.233303
0.849609 -0.235871
0.796875 -0.237658
0.806641 -0.240161
0.808594 -0.242547
0.792969 -0.245198
0.791016 -0.246775
0.736328 -0.247693
0.724609 -0.248603
0.714844 -0.247289
0.699219 -0.246298
0.6875 -0.244696
0.695312 -0.243331
0.746094 -0.242727
0.742188 -0.241817
0.726562 -0.240898
0.722656 -0.239454
0.707031 -0.236965
0.707031 -0.23669
0.742188 -0.236976
0.75 -0.236727
0.746094 -0.236449
0.759766 -0.234985
0.785156 -0.231847
0.779297 -0.227832
0.765625 -0.224376
0.800781 -0.223002
0.757812 -0.22085
0.759766 -0.218354
0.75 -0.216491
0.751953 -0.215937
0.757812 -0.216521
0.78125 -0.21578
0.761719 -0.216068
0.759766 -0.216776
0.787109 -0.218554
0.744141 -0.220003
0.736328 -0.222062
0.736328 -0.223902
0.789062 -0.225954
0.740234 -0.23011
0.738281 -0.233595
0.689453 -0.235735
0.679688 -0.23597
0.759766 -0.238327
0.769531 -0.24041
0.757812 -0.24315
0.806641 -0.245396
0.798828 -0.248746
0.845703 -0.249578
0.789062 -0.25073
0.814453 -0.252665
0.841797 -0.253439
0.826172 -0.256263
0.847656 -0.25928
0.804688 -0.261521
0.810547 -0.264444
0.802734 -0.266049
0.8125 -0.26781
0.839844 -0.270447
0.826172 -0.270976
0.822266 -0.269311
0.832031 -0.266859
0.822266 -0.264536
0.830078 -0.261864
0.818359 -0.258891
0.796875 -0.257806
0.808594 -0.258007
0.826172 -0.260059
0.847656 -0.263585
0.828125 -0.266152
0.855469 -0.267295
0.8125 -0.267791
0.789062 -0.269835
0.816406 -0.272168
0.796875 -0.27577
0.814453 -0.276881
0.794922 -0.277231
0.802734 -0.277097
0.787109 -0.276706
0.783203 -0.277547
0.765625 -0.278313
0.714844 -0.278783
0.685547 -0.276572
0.671875 -0.275051
0.675781 -0.274599
0.658203 -0.27487
0.654297 -0.276889
0.658203 -0.278457
0.716797 -0.28022
0.691406 -0.279543
0.703125 -0.279075
0.693359 -0.280093
0.732422 -0.28066
0.734375 -0.281379
0.734375 -0.280244
0.722656 -0.279765
0.681641 -0.277375
0.664062 -0.275386
0.634766 -0.273457
0.572266 -0.270185
0.542969 -0.265215
0.5625 -0.260297
0.597656 -0.256887
0.619141 -0.252036
0.605469 -0.249047
0.611328 -0.244128
0.626953 -0.2394
0.613281 -0.235423
0.605469 -0.231624
0.587891 -0.227669
0.587891 -0.223526
0.603516 -0.218622
0.578125 -0.212444
0.59375 -0.206984
0.619141 -0.203955
0.673828 -0.200937
0.681641 -0.197515
0.683594 -0.193491
0.681641 -0.189389
0.666016 -0.186281
0.660156 -0.181441
0.691406 -0.178155
0.691406 -0.175398
0.681641 -0.174578
0.654297 -0.173975
0.650391 -0.173362
0.648438 -0.171192
0.685547 -0.169785
0.683594 -0.168753
0.658203 -0.170191
0.605469 -0.168564
0.601562 -0.167989
0.582031 -0.167232
0.59375 -0.165316
0.542969 -0.163434
0.541016 -0.158521
0.546875 -0.152479
0.568359 -0.146153
0.558594 -0.14129
0.529297 -0.134821
0.507812 -0.125786
0.498047 -0.117801
0.509766 -0.111084
0.515625 -0.104361
0.53125 -0.0930986
0.558594 -0.0845625
0.535156 -0.0757666
0.521484 -0.0664137
0.529297 -0.0577796
0.490234 -0.0502071
0.505859 -0.044169
0.470703 -0.0377243
0.5 -0.0308507
0.486328 -0.0258805
0.472656 -0.0213188
0.480469 -0.0165887
0.478516 -0.0106444
0.453125 -0.00456896
0.482422 0.000214861
0.482422 0.00556789
0.496094 0.0121645
0.458984 0.0189459
0.498047 0.0236928
0.529297 0.0272554
0.546875 0.0298248
0.523438 0.0326972
0.505859 0.034828
0.521484 0.0334167
0.517578 0.0317956
0.507812 0.0304396
0.552734 0.0299359
0.535156 0.0294228
0.583984 0.0295225
0.621094 0.0302582
0.625 0.0291572
0.660156 0.0276494
0.644531 0.028549
0.642578 0.0299119
0.650391 0.0312129
0.669922 0.0339712
0.658203 0.0361414
0.65625 0.039726
0.652344 0.0418213
0.666016 0.0442467
0.675781 0.0482476
0.664062 0.0505729
0.667969 0.0543241
0.714844 0.0580602
0.734375 0.0615319
0.740234 0.065465
0.751953 0.0681029
0.796875 0.0692023
0.8125 0.0695261
0.808594 0.0712181
0.810547 0.0733859
0.837891 0.0759184
0.833984 0.0784936
0.798828 0.0780348
0.791016 0.0790705
0.789062 0.078854
0.818359 0.0794927
0.859375 0.0819398
0.859375 0.0854491
0.861328 0.0893684
0.869141 0.0923508
0.878906 0.0956606
0.892578 0.10005
0.880859 0.105859
0.830078 0.110829
0.816406 0.112433
0.820312 0.113772
0.847656 0.114725
0.828125 0.115997
0.802734 0.116238
0.808594 0.117046
0.822266 0.117433
0.822266 0.116691
0.818359 0.117156
0.802734 0.116329
0.808594 0.11287
0.810547 0.11035
0.826172 0.10941
0.818359 0.108475
0.832031 0.108965
0.820312 0.107343
0.806641 0.109688
0.810547 0.11255
0.808594 0.114043
0.826172 0.115357
0.828125 0.117089
0.851562 0.119544
0.869141 0.118654
0.859375 0.115754
0.853516 0.112646
0.84375 0.111907
0.835938 0.111615
0.8125 0.109308
0.802734 0.106544
0.794922 0.102025
0.800781 0.0952793
0.800781 0.0899143
0.841797 0.0842562
0.830078 0.0773395
0.884766 0.0717634
0.908203 0.0676466
0.90625 0.0639787
0.863281 0.060332
0.839844 0.0567667
0.832031 0.0505034
0.839844 0.046531
0.810547 0.0442635
0.835938 0.0419157
0.857422 0.0415396
0.857422 0.0409403
0.869141 0.0398699
0.851562 0.0369212
0.845703 0.0352115
0.853516 0.0344816
0.886719 0.033132
0.880859 0.0340216
0.857422 0.0336493
0.837891 0.0326799
0.863281 0.0308336
0.853516 0.0305557
0.833984 0.0261148
0.796875 0.0221016
0.792969 0.0201381
0.765625 0.0206404
0.779297 0.0197047
0.714844 0.018137
0.707031 0.0178159
0.740234 0.0190651
0.771484 0.0194531
0.771484 0.0196522
0.779297 0.0210773
0.808594 0.0223095
0.783203 0.0236867
0.779297 0.0252967
0.751953 0.0282508
0.765625 0.0296508
0.773438 0.0302985
0.796875 0.0294062
0.783203 0.0280334
0.759766 0.0282334
0.767578 0.0293965
0.746094 0.0290558
0.773438 0.0316158
0.736328 0.0322789
0.742188 0.0352995
0.738281 0.0370418
0.722656 0.0400663
0.785156 0.0413566
0.837891 0.0423757
0.814453 0.0426687
0.859375 0.0415858
0.863281 0.0404689
0.839844 0.0376111
0.816406 0.0359492
0.814453 0.031642
0.802734 0.0264366
0.8125 0.0214629
0.845703 0.0173614
0.832031 0.0122954
0.816406 0.00479636
0.818359 -0.00336965
0.835938 -0.00895053
0.824219 -0.0157892
0.865234 -0.0196139
0.828125 -0.0224499
0.789062 -0.0232039
0.759766 -0.0235376
0.751953 -0.0239999
0.742188 -0.0244935
0.753906 -0.027243
0.751953 -0.0291711
0.751953 -0.0321708
0.777344 -0.0369804
0.798828 -0.0428908
0.798828 -0.046529
0.816406 -0.0498266
0.808594 -0.0549943
0.78125 -0.0593631
0.798828 -0.0634187
0.794922 -0.066823
0.796875 -0.06871
0.798828 -0.0695455
0.830078 -0.0725202
0.849609 -0.0740483
0.835938 -0.0750913
0.867188 -0.0747559
0.873047 -0.0763613
0.837891 -0.078501
0.771484 -0.0817211
0.736328 -0.0861849
0.732422 -0.0881606
0.720703 -0.0913764
0.697266 -0.0925614
0.738281 -0.0949549
0.730469 -0.097473
0.685547 -0.0968477
0.6875 -0.0977682
0.71875 -0.0991995
0.724609 -0.100674
0.673828 -0.100673
0.634766 -0.0993341
0.634766 -0.0991332
0.642578 -0.0989787
0.648438 -0.0999408
0.597656 -0.100582
0.583984 -0.102275
0.535156 -0.106046
0.617188 -0.108502
0.626953 -0.110597
0.583984 -0.111975
0.675781 -0.114618
0.664062 -0.117086
0.650391 -0.119488
0.664062 -0.12252
0.701172 -0.123047
0.726562 -0.125396
0.701172 -0.126734
0.675781 -0.127863
0.716797 -0.128214
0.701172 -0.127092
0.724609 -0.125218
0.751953 -0.122865
0.800781 -0.120802
0.779297 -0.12049
0.761719 -0.120567
0.779297 -0.121492
0.775391 -0.117684
0.779297 -0.114338
0.775391 -0.108481
0.785156 -0.104619
0.824219 -0.100848
0.810547 -0.098087
0.839844 -0.0954386
0.828125 -0.0913577
0.845703 -0.0896502
0.830078 -0.0872488
0.8125 -0.0843957
0.814453 -0.0803479
0.806641 -0.0760534
0.763672 -0.0711532
0.779297 -0.0671886
0.792969 -0.0642763
0.785156 -0.0601054
0.746094 -0.056037
0.767578 -0.0523906
0.787109 -0.0495871
0.753906 -0.0479363
0.761719 -0.0453467
0.806641 -0.0446393
0.824219 -0.0429636
0.810547 -0.0410203
0.789062 -0.0401817
0.769531 -0.0379261
0.763672 -0.0349147
0.767578 -0.0290753
0.78125 -0.0231483
0.794922 -0.0171404
0.746094 -0.00991496
0.771484 -0.00498483
0.757812 0.00165213
0.789062 0.00950475
0.8125 0.0172162
0.832031 0.0238742
0.802734 0.0298982
0.769531 0.0345587
0.734375 0.0389759
0.695312 0.0447399
0.693359 0.0493189
0.671875 0.0526576
0.648438 0.0534404
0.646484 0.0555887
0.646484 0.0559701
0.6875 0.0556724
0.642578 0.0574056
0.650391 0.0583801
0.652344 0.059089
0.625 0.05892
0.646484 0.0594282
0.634766 0.061604
0.619141 0.0627449
0.542969 0.064327
0.587891 0.0655789
0.59375 0.0669557
0.609375 0.0678806
0.595703 0.0691678
0.576172 0.070735
0.654297 0.0703627
0.675781 0.0692152
0.626953 0.0677772
0.664062 0.0687654
0.654297 0.0662918
0.654297 0.0658971
0.671875 0.0673077
0.697266 0.0667957
0.701172 0.065476
0.710938 0.0632399
0.736328 0.0588748
0.757812 0.0570589
0.771484 0.0573223
0.75 0.0593477
0.734375 0.0606379
0.714844 0.0612232
0.685547 0.0613568
0.689453 0.0600195
0.728516 0.0601855
0.712891 0.0601914
0.730469 0.0596921
0.712891 0.0597323
0.724609 0.0572788
0.681641 0.0569191
0.710938 0.0562423
0.714844 0.0562799
0.728516 0.0571347
0.712891 0.058906
0.669922 0.0605015
0.675781 0.0605102
0.673828 0.060719
0.685547 0.0610071
0.695312 0.062222
0.722656 0.063256
0.695312 0.0643737
0.722656 0.0658112
0.707031 0.0668687
0.679688 0.0690621
0.652344 0.0696029
0.611328 0.0724106
0.621094 0.0735854
0.607422 0.076808
0.613281 0.081467
0.595703 0.0845836
0.634766 0.0875071
0.642578 0.091004
0.623047 0.0962402
0.65625 0.100653
0.667969 0.103868
0.646484 0.105699
0.638672 0.106507
0.642578 0.106598
0.599609 0.107974
0.605469 0.108851
0.589844 0.109994
0.570312 0.110714
0.589844 0.111234
0.623047 0.111038
0.572266 0.110177
0.582031 0.111322
0.589844 0.113133
0.597656 0.114149
0.630859 0.11406
0.658203 0.112738
0.671875 0.111657
0.634766 0.109215
0.625 0.107654
0.644531 0.106279
0.605469 0.106725
0.638672 0.106619
0.638672 0.102313
0.660156 0.0981071
0.644531 0.0937222
0.642578 0.0870904
0.65625 0.0820312
0.652344 0.0751978
0.699219 0.0694517
0.701172 0.0634327
0.685547 0.0568856
0.714844 0.0497266
0.707031 0.0425839
0.6875 0.0379077
0.697266 0.0355699
0.644531 0.0341194
0.683594 0.029822
0.619141 0.024344
0.691406 0.0214967
0.716797 0.0186346
0.716797 0.0146087
0.767578 0.00989478
0.742188 0.00544118
0.738281 0.00149641
0.773438 -0.00273839
0.748047 -0.00647946
0.748047 -0.011056
0.792969 -0.0140021
0.791016 -0.0148675
0.804688 -0.0171139
0.775391 -0.0198466
0.761719 -0.0202828
0.775391 -0.0195016
0.75 -0.0192872
0.720703 -0.0184351
0.675781 -0.0179281
0.691406 -0.0192414
0.681641 -0.021936
0.677734 -0.0236711
0.697266 -0.0229021
0.708984 -0.0233485
0.699219 -0.0229129
0.697266 -0.0235193
0.712891 -0.0240243
0.712891 -0.0273064
0.738281 -0.029224
0.753906 -0.030782
0.810547 -0.0329195
0.736328 -0.0332127
0.671875 -0.0370574
0.6875 -0.0392672
0.699219 -0.0408407
0.65625 -0.041216
0.666016 -0.0418279
0.6875 -0.0413579
0.677734 -0.0422126
0.679688 -0.0448538
0.625 -0.0480762
0.658203 -0.0494906
0.701172 -0.0484481
0.705078 -0.0469962
0.748047 -0.0474306
0.751953 -0.0482371
0.720703 -0.0500376
0.740234 -0.051844
0.742188 -0.0572948
0.757812 -0.0606435
0.775391 -0.0667233
0.755859 -0.0706802
0.748047 -0.0753286
0.748047 -0.0817347
0.720703 -0.0875557
0.708984 -0.0922186
0.701172 -0.0967013
0.689453 -0.0983379
0.669922 -0.0999085
0.675781 -0.10053
0.644531 -0.0990255
0.671875 -0.0975624
0.707031 -0.0949292
0.695312 -0.0939224
0.685547 -0.0937469
0.685547 -0.0949214
0.740234 -0.0943872
0.712891 -0.0946128
0.689453 -0.0954385
0.708984 -0.0972717
0.703125 -0.0996475
0.708984 -0.101568
0.673828 -0.102575
0.648438 -0.102308
0.669922 -0.100493
0.707031 -0.0997335
0.658203 -0.0990493
0.65625 -0.0997721
0.650391 -0.102458
0.664062 -0.10363
0.652344 -0.105465
0.660156 -0.10576
0.650391 -0.106629
0.65625 -0.106626
0.685547 -0.108122
0.681641 -0.108453
0.660156 -0.107604
0.642578 -0.107625
0.636719 -0.108201
0.630859 -0.110991
0.642578 -0.113643
0.65625 -0.113697
0.638672 -0.114678
0.677734 -0.115731
0.632812 -0.115897
0.660156 -0.115984
0.666016 -0.117073
0.710938 -0.11621
0.689453 -0.118525
0.685547 -0.120216
0.669922 -0.119821
0.671875 -0.120107
0.728516 -0.122167
0.699219 -0.123899
0.742188 -0.12565
0.738281 -0.128465
0.710938 -0.131212
0.6875 -0.133363
0.685547 -0.136104
0.689453 -0.138657
0.705078 -0.140019
0.71875 -0.140141
0.71875 -0.139423
0.720703 -0.138796
0.714844 -0.137974
0.705078 -0.136958
0.693359 -0.13832
0.699219 -0.1388
0.693359 -0.138628
0.6875 -0.138796
0.707031 -0.140745
0.65625 -0.141983
0.634766 -0.142119
0.583984 -0.14385
0.613281 -0.144581
0.617188 -0.14361
0.638672 -0.14225
0.673828 -0.140555
0.636719 -0.138599
0.644531 -0.137167
0.644531 -0.133802
0.683594 -0.130689
0.658203 -0.127506
0.603516 -0.123354
0.623047 -0.120458
0.591797 -0.115919
0.621094 -0.111521
0.621094 -0.105397
0.611328 -0.100656
0.583984 -0.0953641
0.546875 -0.0920927
0.472656 -0.0905862
0.505859 -0.0878051
0.576172 -0.085545
0.560547 -0.0836041
0.505859 -0.0822419
0.539062 -0.0792817
0.552734 -0.0771728
0.591797 -0.0753473
0.587891 -0.0725156
0.59375 -0.0712585
0.601562 -0.068469
0.628906 -0.067038
0.607422 -0.0644866
0.576172 -0.0629873
0.544922 -0.0625208
0.580078 -0.0627433
0.568359 -0.0625566
0.595703 -0.0621374
0.585938 -0.0610563
0.587891 -0.0599158
0.628906 -0.0610712
0.59375 -0.0629613
0.572266 -0.0653528
0.572266 -0.0676071
0.574219 -0.0703763
0.582031 -0.0741513
0.5625 -0.0777923
0.525391 -0.0812071
0.498047 -0.0850464
0.539062 -0.0876492
0.517578 -0.0887906
0.472656 -0.0886501
0.488281 -0.0879629
0.470703 -0.0863478
0.486328 -0.0841735
0.492188 -0.0837888
0.556641 -0.0849188
0.527344 -0.0879477
0.578125 -0.0912496
0.623047 -0.0925814
0.625 -0.0923734
0.650391 -0.0917404
0.646484 -0.0907081
0.638672 -0.0897043
0.609375 -0.0886853
0.626953 -0.0890328
0.634766 -0.0875085
0.646484 -0.0848874
0.636719 -0.0837969
0.673828 -0.0826429
0.611328 -0.0813374
0.558594 -0.0777289
0.582031 -0.0742068
0.662109 -0.0715815
0.648438 -0.0720043
0.679688 -0.0714204
0.695312 -0.0691401
0.689453 -0.0695258
0.710938 -0.0710758
0.695312 -0.0715482
0.75 -0.071707
0.744141 -0.0709161
0.744141 -0.0720572
0.714844 -0.0709764
0.746094 -0.0691526
0.791016 -0.0665838
0.785156 -0.0647622
0.783203 -0.0611299
0.777344 -0.0581998
0.777344 -0.0565034
0.716797 -0.0570431
0.71875 -0.0565161
0.736328 -0.0546315
0.75 -0.0530809
0.785156 -0.0520249
0.763672 -0.0514222
0.730469 -0.0507684
0.720703 -0.0501389
0.751953 -0.0497926
0.740234 -0.0462095
0.71875 -0.0429214
0.71875 -0.0396052
0.732422 -0.0359872
0.693359 -0.0308821
0.662109 -0.0275263
0.689453 -0.0253466
0.697266 -0.0220878
0.640625 -0.0178924
0.587891 -0.0133202
0.570312 -0.0093294
0.576172 -0.00479969
0.613281 0.000290203
0.617188 0.00559977
0.613281 0.0116582
0.617188 0.0186216
0.601562 0.0246149
0.585938 0.0289493
0.677734 0.0332324
0.677734 0.037208
0.695312 0.0399223
0.683594 0.0444193
0.707031 0.0504704
0.740234 0.0566105
0.748047 0.0618862
0.740234 0.0653278
0.763672 0.0684095
0.791016 0.0686132
0.796875 0.0702884
0.806641 0.0711333
0.808594 0.0728266
0.839844 0.0758796
0.789062 0.0782751
0.808594 0.0792141
0.779297 0.0814278
0.794922 0.0810822
0.792969 0.0800794
0.748047 0.0801046
0.693359 0.079636
0.707031 0.0774304
0.677734 0.0745335
0.642578 0.0741862
0.605469 0.073094
0.621094 0.0713901
0.601562 0.0691819
0.601562 0.0685681
0.621094 0.0668953
0.644531 0.0685398
0.623047 0.0662907
0.666016 0.0674119
0.640625 0.0693318
0.648438 0.0694997
0.652344 0.0694037
0.679688 0.068699
0.710938 0.067651
0.6875 0.0689806
0.65625 0.070294
0.677734 0.0717007
0.660156 0.0718145
0.683594 0.0715703
0.679688 0.072095
0.666016 0.0714671
0.689453 0.0682888
0.712891 0.0658376
0.720703 0.0644167
0.695312 0.0631375
0.695312 0.0623868
0.728516 0.0612291
0.732422 0.0612185
0.748047 0.0594863
0.730469 0.0602555
0.730469 0.060156
0.769531 0.058416
0.765625 0.0551092
0.773438 0.0511711
0.771484 0.0458787
0.787109 0.0383732
0.792969 0.0305613
0.804688 0.0259429
0.78125 0.0223936
0.796875 0.0218343
0.783203 0.019252
0.792969 0.01861
0.796875 0.0199398
0.802734 0.0205274
0.751953 0.0223048
0.777344 0.0234835
0.789062 0.0242666
0.798828 0.0233559
0.785156 0.0220854
0.765625 0.0216755
0.763672 0.0222428
0.792969 0.023458
0.777344 0.0236673
0.792969 0.0214107
0.759766 0.0207182
0.748047 0.0191036
0.771484 0.0189244
0.826172 0.0192999
0.837891 0.0201147
0.863281 0.021981
0.878906 0.0252664
0.84375 0.0270554
0.871094 0.0310549
0.824219 0.0331547
0.826172 0.0383858
0.841797 0.044012
0.802734 0.0484219
0.796875 0.0539113
0.789062 0.0600131
0.820312 0.0633791
0.828125 0.0656925
0.816406 0.0661018
0.798828 0.0662137
0.779297 0.0658101
0.830078 0.063819
0.802734 0.0628395
0.808594 0.0626147
0.792969 0.0643617
0.796875 0.064704
0.814453 0.0671839
0.798828 0.065565
0.785156 0.0662677
0.761719 0.069461
0.802734 0.0715162
0.714844 0.0732136
0.71875 0.0743002
0.683594 0.0753829
0.705078 0.0774556
0.728516 0.0780418
0.732422 0.0776524
0.716797 0.0768089
0.740234 0.075767
0.728516 0.0779852
0.728516 0.0806507
0.708984 0.0836717
0.697266 0.0876389
0.734375 0.0929281
0.726562 0.0965981
0.644531 0.098807
0.673828 0.100976
0.664062 0.10262
0.660156 0.101912
0.638672 0.100662
0.595703 0.0979824
0.597656 0.0965681
0.615234 0.095248
0.662109 0.0940087
0.658203 0.0957731
0.666016 0.0970178
0.650391 0.0991505
0.677734 0.100897
0.683594 0.100695
0.658203 0.10108
0.681641 0.102128
0.703125 0.103122
0.728516 0.103898
0.742188 0.105265
0.759766 0.105539
0.759766 0.103568
0.71875 0.100038
0.664062 0.0968447
0.689453 0.0945877
0.648438 0.094379
0.712891 0.0913455
0.75 0.090852
0.736328 0.0891174
0.748047 0.0861026
0.757812 0.0852662
0.744141 0.0847608
0.71875 0.0848455
0.683594 0.085596
0.660156 0.0876028
0.685547 0.0872966
0.691406 0.0875998
0.673828 0.0878947
0.644531 0.0885327
0.677734 0.0877118
0.705078 0.08585
0.714844 0.0852198
0.730469 0.0820458
0.722656 0.0804331
0.705078 0.0798495
0.685547 0.0789362
0.724609 0.0776019
0.738281 0.0747892
0.734375 0.0732695
0.755859 0.0714002
0.742188 0.0706701
0.765625 0.0701113
0.726562 0.0704175
0.710938 0.0716229
0.744141 0.0726102
0.767578 0.0747607
0.816406 0.0778802
0.804688 0.0787545
0.785156 0.0806907
0.78125 0.0837282
0.785156 0.0854696
0.777344 0.0867078
0.806641 0.0885959
0.810547 0.0866438
0.824219 0.0866513
0.818359 0.0833602
0.816406 0.0792358
0.84375 0.0739695
0.837891 0.0709622
0.84375 0.0680735
0.837891 0.0643054
0.789062 0.0606616
0.767578 0.0568936
0.740234 0.05506
0.75 0.0529763
0.738281 0.0529418
0.742188 0.0519729
0.666016 0.051829
0.708984 0.0511341
0.6875 0.0504446
0.703125 0.0505351
0.734375 0.0471216
0.705078 0.0419588
0.720703 0.0386602
0.757812 0.0369766
0.787109 0.0374493
0.824219 0.0395566
0.791016 0.0418496
0.8125 0.0446617
0.800781 0.0488298
0.810547 0.0527743
0.816406 0.0554588
0.78125 0.0589283
0.773438 0.0641209
0.78125 0.0683408
0.777344 0.0717031
0.779297 0.0739775
0.728516 0.0775664
0.740234 0.0826936
0.755859 0.0879546
0.740234 0.0943729
0.738281 0.101006
0.722656 0.108277
0.714844 0.114527
0.742188 0.12087
0.783203 0.127507
0.814453 0.135851
0.818359 0.141355
0.789062 0.146219
0.800781 0.152052
0.802734 0.158196
0.794922 0.164633
0.771484 0.171407
0.769531 0.176168
0.773438 0.182532
0.765625 0.188092
0.765625 0.190572
0.804688 0.191275
0.775391 0.192212
0.767578 0.192256
0.802734 0.193199
0.78125 0.195408
0.798828 0.200774
0.789062 0.204553
0.78125 0.208076
0.75 0.20928
0.759766 0.209152
0.742188 0.209826
0.771484 0.209574
0.808594 0.209733
0.857422 0.21135
0.845703 0.209972
0.814453 0.211371
0.775391 0.213487
0.730469 0.212266
0.71875 0.213019
0.6875 0.215729
0.695312 0.217658
0.714844 0.218787
0.757812 0.220996
0.771484 0.221872
0.765625 0.223571
0.744141 0.22471
0.710938 0.226317
0.730469 0.228205
0.726562 0.23094
0.714844 0.233463
0.736328 0.237747
0.681641 0.241036
0.683594 0.245537
0.636719 0.25025
0.664062 0.254903
0.705078 0.258682
0.71875 0.263971
0.679688 0.267321
0.681641 0.271781
0.619141 0.277474
0.613281 0.280254
0.591797 0.282436
0.560547 0.282429
0.525391 0.281285
0.550781 0.280163
0.585938 0.279878
0.568359 0.281201
0.611328 0.28346
0.626953 0.28724
0.601562 0.289614
0.611328 0.293232
0.589844 0.297131
0.652344 0.29606
0.65625 0.29495
0.638672 0.291463
0.634766 0.287808
0.660156 0.28421
0.652344 0.278368
0.660156 0.274231
0.638672 0.26949
0.609375 0.264698
0.59375 0.258803
0.607422 0.252843
0.623047 0.247803
0.621094 0.243511
0.595703 0.239459
0.591797 0.235593
0.544922 0.232289
0.53125 0.230177
0.503906 0.228499
0.560547 0.226509
0.560547 0.223703
0.525391 0.22295
0.511719 0.220553
0.460938 0.217118
0.484375 0.213001
0.492188 0.209394
0.488281 0.207969
0.490234 0.206524
0.515625 0.205012
0.5625 0.200007
0.558594 0.195722
0.527344 0.190227
0.556641 0.182805
0.566406 0.1787
0.572266 0.17459
0.572266 0.171652
0.570312 0.168252
0.535156 0.165008
0.568359 0.162151
0.591797 0.158614
0.650391 0.155474
0.640625 0.153663
0.652344 0.152064
0.646484 0.15015
0.673828 0.145416
0.630859 0.140098
0.652344 0.133738
0.6875 0.128093
0.689453 0.124823
0.710938 0.120482
0.707031 0.115437
0.701172 0.11129
0.701172 0.110409
0.689453 0.108185
0.689453 0.106532
0.708984 0.105463
0.697266 0.104021
0.691406 0.101237
0.708984 0.101448
0.708984 0.100781
0.689453 0.101504
0.691406 0.102129
0.683594 0.101204
0.695312 0.101249
0.716797 0.0985469
0.714844 0.0958489
0.751953 0.0919684
0.804688 0.0886964
0.800781 0.0838104
0.794922 0.0804469
0.775391 0.0781606
0.779297 0.0762301
0.744141 0.0744231
0.736328 0.0722594
0.738281 0.0706776
0.714844 0.0684624
0.697266 0.0660306
0.679688 0.0626648
0.685547 0.0626454
0.689453 0.0624472
0.701172 0.0631882
0.683594 0.0614316
0.660156 0.0597612
0.613281 0.0557398
0.609375 0.0538277
0.576172 0.0503684
0.576172 0.0465592
0.607422 0.0456316
0.583984 0.0455971
0.603516 0.0435483
0.583984 0.04151
0.613281 0.0374691
0.630859 0.0340416
0.648438 0.0287147
0.675781 0.0242571
0.685547 0.0186654
0.679688 0.0126194
0.671875 0.00716799
0.654297 0.00234455
0.689453 -0.00353497
0.6875 -0.00889637
0.671875 -0.015838
0.675781 -0.022743
0.701172 -0.0280898
0.681641 -0.0344007
0.6875 -0.0412514
0.691406 -0.0474545
0.708984 -0.0539351
0.710938 -0.0588234
0.695312 -0.0623082
0.681641 -0.0663865
0.648438 -0.0701943
0.65625 -0.074427
0.679688 -0.0791543
0.658203 -0.0839101
0.6875 -0.0894017
0.673828 -0.0945528
0.681641 -0.102895
0.654297 -0.111182
0.650391 -0.11882
0.714844 -0.124548
0.722656 -0.130568
0.759766 -0.135837
0.763672 -0.141101
0.71875 -0.144134
0.75 -0.148043
0.728516 -0.152134
0.734375 -0.157365
0.726562 -0.163145
0.697266 -0.168715
0.652344 -0.173938
0.646484 -0.179234
0.646484 -0.182917
0.673828 -0.184038
0.714844 -0.186172
0.759766 -0.187957
0.728516 -0.187054
0.744141 -0.18281
0.769531 -0.179181
0.794922 -0.176583
0.822266 -0.175439
0.845703 -0.176509
0.826172 -0.176734
0.814453 -0.177223
0.810547 -0.180168
0.810547 -0.182219
0.818359 -0.183353
0.806641 -0.18418
0.798828 -0.185315
0.789062 -0.187362
0.8125 -0.185608
0.791016 -0.185224
0.775391 -0.185211
0.775391 -0.183523
0.771484 -0.183697
0.761719 -0.183715
0.757812 -0.183063
0.763672 -0.183249
0.765625 -0.183404
0.744141 -0.183361
0.738281 -0.184964
0.716797 -0.186518
0.699219 -0.186249
0.707031 -0.186834
0.746094 -0.185464
0.710938 -0.18288
0.75 -0.182294
0.746094 -0.182111
0.705078 -0.18291
0.683594 -0.183094
0.640625 -0.183611
0.628906 -0.183328
0.580078 -0.18023
0.580078 -0.176381
0.582031 -0.172445
0.525391 -0.170308
0.556641 -0.166302
0.576172 -0.162906
0.525391 -0.161214
0.509766 -0.159534
0.5 -0.15484
0.507812 -0.151866
0.523438 -0.150308
0.505859 -0.147321
0.490234 -0.143758
0.486328 -0.1402
0.466797 -0.136111
0.494141 -0.130964
0.480469 -0.125469
0.480469 -0.119887
0.53125 -0.116656
0.537109 -0.111449
0.515625 -0.107068
0.523438 -0.100202
0.529297 -0.0948482
0.535156 -0.0910677
0.503906 -0.0870042
0.482422 -0.0839621
0.462891 -0.0760522
0.439453 -0.0698335
0.460938 -0.065017
0.4375 -0.0616083
0.458984 -0.0569427
0.517578 -0.0520245
0.503906 -0.0480062
0.464844 -0.0410294
0.453125 -0.0341407
0.478516 -0.0257416
0.513672 -0.0191235
0.511719 -0.0134205
0.529297 -0.00966073
0.554688 -0.00607758
0.576172 -0.00301882
0.509766 0.001713
0.505859 0.00561346
0.494141 0.00671961
0.474609 0.00581035
0.464844 0.00488679
0.474609 0.0050853
0.464844 0.00504052
0.421875 0.00931465
0.478516 0.0142527
0.429688 0.0201726
0.421875 0.0272552
0.441406 0.0345551
0.490234 0.0420939
0.539062 0.0478017
0.519531 0.052778
0.498047 0.0574151
0.525391 0.0617275
0.513672 0.0642649
0.515625 0.0655209
0.529297 0.066782
0.521484 0.0695676
0.498047 0.0724989
0.517578 0.0762908
0.505859 0.0801643
0.533203 0.0834569
0.541016 0.0881186
0.613281 0.0927189
0.640625 0.0990313
0.613281 0.105234
0.630859 0.111245
0.646484 0.118783
0.658203 0.125186
0.648438 0.128014
0.603516 0.130227
0.605469 0.1314
0.611328 0.132103
0.611328 0.133656
0.541016 0.133632
0.548828 0.132041
0.566406 0.130594
0.570312 0.13103
0.537109 0.131013
0.541016 0.130503
0.572266 0.128171
0.556641 0.126363
0.554688 0.124676
0.560547 0.12325
0.523438 0.120729
0.507812 0.117238
0.539062 0.11379
0.521484 0.111199
0.507812 0.110185
0.517578 0.108098
0.546875 0.104592
0.550781 0.101539
0.585938 0.096847
0.595703 0.0911439
0.630859 0.086745
0.642578 0.0838519
0.654297 0.0780881
0.638672 0.0724408
0.679688 0.0652718
0.65625 0.0587207
0.638672 0.0538214
0.599609 0.0509534
0.568359 0.0495812
0.597656 0.0487159
0.626953 0.0489664
0.658203 0.0505398
0.628906 0.0508057
0.605469 0.0502191
0.572266 0.0473214
0.578125 0.0451947
0.5625 0.0416279
0.537109 0.038587
0.546875 0.0381271
0.578125 0.0389795
0.589844 0.0386515
0.585938 0.0365448
0.591797 0.0349063
0.623047 0.0347311
0.636719 0.0326811
0.599609 0.0316031
0.603516 0.035523
0.611328 0.0385283
0.589844 0.0404476
0.548828 0.0413597
0.529297 0.0435699
0.568359 0.0448664
0.564453 0.0476997
0.525391 0.0518302
0.556641 0.0556146
0.548828 0.0600136
0.515625 0.0622672
0.587891 0.0638811
0.671875 0.0632772
0.685547 0.0603439
0.675781 0.0581681
0.689453 0.0560369
0.697266 0.0537918
0.732422 0.0523951
0.716797 0.0508969
0.654297 0.0512054
0.671875 0.0505814
0.673828 0.049101
0.701172 0.0491873
0.744141 0.0471019
0.777344 0.0447739
0.759766 0.0429332
0.751953 0.0414023
0.773438 0.0396646
0.736328 0.036979
0.71875 0.0338301
0.708984 0.0307493
0.677734 0.0311919
0.666016 0.0297886
0.669922 0.0288723
0.666016 0.028161
0.640625 0.0267609
0.648438 0.0244082
0.628906 0.0231605
0.623047 0.0209937
0.632812 0.0170891
0.658203 0.0155461
0.640625 0.0137167
0.617188 0.0103013
0.607422 0.00962505
0.583984 0.00726105
0.617188 0.00775918
0.609375 0.0101414
0.666016 0.0100325
0.669922 0.0090547
0.666016 0.00659703
0.623047 0.00578006
0.603516 0.00374727
0.619141 -0.000132067
0.617188 -0.0023172
0.621094 -0.00577832
0.652344 -0.0112954
0.648438 -0.0163526
0.669922 -0.0216092
0.683594 -0.0219538
0.726562 -0.0198982
0.734375 -0.0191043
0.757812 -0.0202139
0.769531 -0.0191834
0.751953 -0.0200738
0.796875 -0.0199711
0.808594 -0.019371
0.824219 -0.0215866
0.804688 -0.0221429
0.810547 -0.0248182
0.830078 -0.0300388
0.839844 -0.0342845
0.816406 -0.0395439
0.796875 -0.0451583
0.835938 -0.0503851
0.837891 -0.053779
0.820312 -0.0579086
0.816406 -0.0616409
0.796875 -0.0653436
0.818359 -0.0701075
0.820312 -0.0714966
0.816406 -0.0722247
0.775391 -0.0737785
0.78125 -0.0768634
0.78125 -0.0774916
0.728516 -0.0801925
0.734375 -0.0830597
0.734375 -0.0850777
0.765625 -0.0895562
0.808594 -0.0946527
0.765625 -0.100335
0.8125 -0.102609
0.804688 -0.105702
0.800781 -0.107802
0.775391 -0.108603
0.78125 -0.108766
0.757812 -0.107042
0.783203 -0.104685
0.767578 -0.105098
0.757812 -0.105741
0.763672 -0.105572
0.728516 -0.106001
0.734375 -0.106921
0.697266 -0.108856
0.71875 -0.11289
0.722656 -0.114914
0.728516 -0.115208
0.763672 -0.117078
0.787109 -0.120986
0.757812 -0.124407
0.773438 -0.127008
0.775391 -0.128494
0.802734 -0.128046
0.783203 -0.129049
0.783203 -0.129125
0.761719 -0.129583
0.773438 -0.128167
0.826172 -0.126777
0.810547 -0.123116
0.806641 -0.121528
0.769531 -0.118644
0.777344 -0.115931
0.746094 -0.112032
0.763672 -0.105397
0.75 -0.101783
0.746094 -0.0992778
0.753906 -0.0953401
0.720703 -0.0932391
0.724609 -0.0913103
0.744141 -0.0889629
0.716797 -0.088644
0.742188 -0.0857751
0.724609 -0.0844703
0.701172 -0.0818717
0.716797 -0.0783548
0.708984 -0.0730015
0.705078 -0.0680968
0.716797 -0.0628723
0.697266 -0.056074
0.703125 -0.0471225
0.660156 -0.0359699
0.707031 -0.025621
0.712891 -0.0182863
0.691406 -0.00983936
0.699219 -0.00323589
0.744141 0.00188488
0.742188 0.00632117
0.693359 0.0122784
0.675781 0.0186907
0.654297 0.024672
0.646484 0.0297776
0.638672 0.0361307
0.648438 0.0451717
0.6875 0.052769
0.695312 0.0594021
0.65625 0.0656066
0.685547 0.0710021
0.679688 0.0758829
0.703125 0.0826921
0.693359 0.0887893
0.742188 0.0927523
0.726562 0.0981641
0.712891 0.102097
0.738281 0.10741
0.697266 0.111762
0.707031 0.114785
0.714844 0.117807
0.751953 0.118497
0.775391 0.117874
0.734375 0.117433
0.740234 0.116726
0.708984 0.114912
0.755859 0.113485
0.724609 0.112436
0.730469 0.111656
0.730469 0.106513
0.712891 0.104725
0.683594 0.102157
0.685547 0.103016
0.697266 0.102477
0.707031 0.100965
0.65625 0.0992782
0.667969 0.0972699
0.707031 0.0968995
0.667969 0.0971024
0.65625 0.0967532
0.662109 0.0975716
0.654297 0.0966321
0.603516 0.0952091
0.574219 0.094406
0.609375 0.0943213
0.626953 0.0928405
0.65625 0.0928233
0.664062 0.0928348
0.675781 0.0910062
0.697266 0.0870452
0.6875 0.0818515
0.646484 0.0802307
0.640625 0.0802674
0.646484 0.0795882
0.626953 0.0777257
0.669922 0.0770508
0.6875 0.0777193
0.691406 0.0749381
0.693359 0.071388
0.685547 0.0669545
0.683594 0.0625156
0.703125 0.0611618
0.710938 0.0589047
0.726562 0.0569137
0.720703 0.0563658
0.736328 0.0582867
0.726562 0.061587
0.748047 0.0649053
0.738281 0.0688649
0.730469 0.0728746
0.728516 0.0759771
0.740234 0.0795398
0.720703 0.0797744
0.757812 0.0790836
0.740234 0.0759256
0.763672 0.074613
0.748047 0.0742883
0.722656 0.0702953
0.673828 0.0657147
0.658203 0.0622907
0.666016 0.0589693
0.658203 0.0560396
0.720703 0.0574476
0.734375 0.0605609
0.732422 0.0634875
0.726562 0.0657668
0.732422 0.0696841
0.699219 0.0755574
0.728516 0.0800429
0.695312 0.0855393
0.671875 0.0896479
0.671875 0.0934354
0.681641 0.0947609
0.669922 0.0933353
0.679688 0.0914214
0.693359 0.0893929
0.669922 0.0846381
0.695312 0.0803989
0.677734 0.0749933
0.722656 0.0711588
0.712891 0.0717881
0.708984 0.0722238
0.677734 0.073079
0.677734 0.0729566
0.65625 0.0722302
0.660156 0.068476
0.648438 0.0638163
0.669922 0.0603883
0.666016 0.0577703
0.648438 0.0515468
0.634766 0.0473857
0.640625 0.0445143
0.671875 0.0413136
0.667969 0.0353584
0.673828 0.0282868
0.705078 0.0192463
0.701172 0.01317
0.707031 0.0115641
0.6875 0.00882317
0.697266 0.00552586
0.679688 0.00226585
0.65625 -0.0014448
0.621094 -0.00535985
0.59375 -0.00920333
0.589844 -0.012954
0.603516 -0.0148857
0.576172 -0.0151565
0.572266 -0.0161064
0.595703 -0.018703
0.597656 -0.0198428
0.613281 -0.0207403
0.650391 -0.0219215
0.636719 -0.0231667
0.662109 -0.026948
0.660156 -0.0325749
0.666016 -0.0347695
0.664062 -0.0397941
0.658203 -0.0453133
0.685547 -0.0504589
0.722656 -0.0556776
0.703125 -0.0632476
0.677734 -0.06957
0.689453 -0.0744237
0.675781 -0.0755296
0.660156 -0.0761335
0.703125 -0.0757225
0.664062 -0.0760932
0.697266 -0.0743817
0.777344 -0.0755133
0.736328 -0.0782374
0.751953 -0.0829727
0.746094 -0.0852773
0.767578 -0.0869581
0.761719 -0.0905478
0.8125 -0.0971424
0.804688 -0.103914
0.740234 -0.109984
0.746094 -0.113918
0.785156 -0.118955
0.796875 -0.122911
0.84375 -0.12617
0.847656 -0.132616
0.828125 -0.138023
0.832031 -0.145116
0.792969 -0.151256
0.785156 -0.159142
0.785156 -0.165344
0.789062 -0.172777
0.806641 -0.18232
0.810547 -0.192166
0.802734 -0.203683
0.804688 -0.21184
0.796875 -0.216655
0.777344 -0.219521
0.794922 -0.22589
0.802734 -0.232796
0.818359 -0.238601
0.8125 -0.243645
0.802734 -0.244618
0.798828 -0.247587
0.769531 -0.253013
0.769531 -0.255186
0.755859 -0.259956
0.746094 -0.263194
0.734375 -0.264392
0.755859 -0.266009
0.755859 -0.272419
0.75 -0.279261
0.708984 -0.283976
0.732422 -0.287487
0.730469 -0.294563
0.714844 -0.299562
0.689453 -0.304613
0.619141 -0.30895
0.630859 -0.312519
0.640625 -0.314754
0.666016 -0.318383
0.675781 -0.320909
0.681641 -0.32121
0.65625 -0.321557
0.681641 -0.319727
0.681641 -0.317919
0.701172 -0.314573
0.748047 -0.314192
0.767578 -0.315305
0.759766 -0.312845
0.724609 -0.310145
0.726562 -0.306491
0.742188 -0.3032
0.726562 -0.296769
0.75 -0.292396
0.751953 -0.285758
0.791016 -0.2823
0.789062 -0.278235
0.796875 -0.275177
0.796875 -0.273071
0.759766 -0.268468
0.732422 -0.264976
0.738281 -0.260809
0.6875 -0.257684
0.673828 -0.256571
0.658203 -0.257047
0.664062 -0.258305
0.693359 -0.258317
0.689453 -0.260151
0.716797 -0.262396
0.710938 -0.263952
0.677734 -0.265131
0.673828 -0.265299
0.664062 -0.2629
0.666016 -0.261612
0.630859 -0.259475
0.669922 -0.256156
0.611328 -0.251077
0.613281 -0.243773
0.611328 -0.237591
0.558594 -0.231457
0.544922 -0.226112
0.576172 -0.224989
0.607422 -0.224221
0.607422 -0.221704
0.628906 -0.218307
0.662109 -0.213288
0.660156 -0.209038
0.662109 -0.205854
0.652344 -0.203271
0.683594 -0.200848
0.691406 -0.198221
0.708984 -0.193571
0.71875 -0.190288
0.673828 -0.186739
0.699219 -0.186512
0.669922 -0.185803
0.65625 -0.184268
0.636719 -0.181093
0.597656 -0.177048
0.611328 -0.172028
0.535156 -0.166802
0.537109 -0.159816
0.525391 -0.15436
0.546875 -0.150508
0.529297 -0.147185
0.488281 -0.148458
0.490234 -0.145999
0.513672 -0.145767
0.480469 -0.143675
0.498047 -0.14017
0.478516 -0.135553
0.490234 -0.126354
0.474609 -0.117848
0.484375 -0.110596
0.453125 -0.105872
0.451172 -0.100367
0.476562 -0.0960565
0.486328 -0.0914517
0.419922 -0.0905646
0.408203 -0.0882866
0.398438 -0.0831036
0.416016 -0.080077
0.40625 -0.0770561
0.435547 -0.0740631
0.373047 -0.0710181
0.357422 -0.0690572
0.341797 -0.0699972
0.330078 -0.0694914
0.347656 -0.0685958
0.314453 -0.0698394
0.386719 -0.0700113
0.398438 -0.0688214
0.394531 -0.0690476
0.361328 -0.0680591
0.310547 -0.0647441
0.332031 -0.0632732
0.339844 -0.0633547
0.314453 -0.0609342
0.279297 -0.0596727
0.335938 -0.0594375
0.363281 -0.0579912
0.357422 -0.0547972
0.359375 -0.0555903
0.382812 -0.0534001
0.390625 -0.0500029
0.400391 -0.046322
0.410156 -0.0439729
0.376953 -0.042614
0.408203 -0.0421773
0.408203 -0.0394397
0.380859 -0.0381489
0.400391 -0.0346792
0.392578 -0.0323541
0.376953 -0.031387
0.384766 -0.0291613
0.353516 -0.0268191
0.367188 -0.0212145
0.347656 -0.0139172
0.351562 -0.00907545
0.324219 -0.00495149
0.347656 -0.00201369
0.373047 0.001471
0.400391 0.00321887
0.412109 0.00319231
0.457031 0.00140961
0.455078 0.000427423
0.460938 0.000863437
0.408203 0.00194014
0.435547 0.0029337
0.441406 0.00326259
0.480469 0.00204301
0.480469 0.00293002
0.5 0.006139
0.525391 0.00831527
0.537109 0.01125
0.541016 0.0127051
0.548828 0.0144617
0.507812 0.0186468
0.494141 0.0220851
0.470703 0.0254405
0.533203 0.0260311
0.498047 0.0270007
0.533203 0.0264282
0.552734 0.0264125
0.564453 0.0271909
0.568359 0.0291122
0.578125 0.0344889
0.542969 0.0369569
0.523438 0.0427493
0.541016 0.0480883
0.558594 0.0546117
0.552734 0.0621044
0.552734 0.0707348
0.554688 0.0808918
0.578125 0.0914333
0.533203 0.100999
0.546875 0.112908
0.558594 0.121415
0.53125 0.128953
0.548828 0.135983
0.527344 0.141814
0.541016 0.147348
0.501953 0.150248
0.515625 0.155959
0.570312 0.160331
0.533203 0.166637
0.5625 0.170318
0.605469 0.174321
0.580078 0.177734
0.626953 0.180803
0.625 0.184189
0.628906 0.185962
0.599609 0.188167
0.615234 0.191243
0.613281 0.191132
0.574219 0.190204
0.591797 0.186668
0.589844 0.186287
0.607422 0.184379
0.607422 0.180873
0.626953 0.178782
0.642578 0.178707
0.634766 0.177292
0.628906 0.172824
0.667969 0.16977
0.664062 0.16709
0.6875 0.166992
0.671875 0.164896
0.646484 0.162908
0.621094 0.162697
0.583984 0.163027
0.611328 0.165855
0.560547 0.167821
0.494141 0.172165
0.494141 0.174489
0.5625 0.173176
0.572266 0.168572
0.519531 0.163248
0.505859 0.159288
0.572266 0.157233
0.558594 0.154617
0.539062 0.151818
0.511719 0.149942
0.527344 0.148599
0.548828 0.146456
0.533203 0.14571
0.519531 0.145768
0.550781 0.142732
0.5625 0.136272
0.533203 0.130084
0.546875 0.124985
0.5625 0.12232
0.564453 0.119554
0.541016 0.115555
0.560547 0.112286
0.537109 0.108611
0.623047 0.105748
0.636719 0.102427
0.613281 0.0968649
0.654297 0.0939263
0.707031 0.0907877
0.707031 0.0896626
0.712891 0.0879929
0.691406 0.0852444
0.666016 0.0817558
0.701172 0.0797679
0.693359 0.0775707
0.671875 0.0727075
0.699219 0.0679053
0.726562 0.0619175
0.789062 0.0560959
0.818359 0.0530988
0.794922 0.0495836
0.798828 0.045708
0.794922 0.0423321
0.791016 0.0353661
0.792969 0.0320557
0.773438 0.0271917
0.806641 0.023831
0.822266 0.0205627
0.837891 0.0181863
0.851562 0.0151038
0.853516 0.0109869
0.826172 0.00761127
0.833984 0.00106052
0.798828 -0.00474131
0.78125 -0.0107524
0.759766 -0.0147544
0.748047 -0.0205024
0.728516 -0.0222211
0.728516 -0.0241348
0.75 -0.0269239
0.744141 -0.0320147
0.732422 -0.0395724
0.730469 -0.0437983
0.736328 -0.0468439
0.763672 -0.0494405
0.755859 -0.0526078
0.730469 -0.0561846
0.716797 -0.0619087
0.716797 -0.067896
0.724609 -0.073688
0.685547 -0.0780025
0.6875 -0.0809419
0.660156 -0.086484
0.660156 -0.089344
0.625 -0.0930384
0.611328 -0.0979669
0.658203 -0.102329
0.625 -0.110394
0.628906 -0.117772
0.658203 -0.124889
0.673828 -0.131661
0.673828 -0.139272
0.683594 -0.14378
0.673828 -0.148477
0.669922 -0.156234
0.642578 -0.164113
0.6875 -0.168836
0.693359 -0.1693
0.722656 -0.170655
0.720703 -0.170454
0.708984 -0.171886
0.677734 -0.171359
0.708984 -0.16995
0.714844 -0.169948
0.712891 -0.169995
0.751953 -0.170374
0.730469 -0.171665
0.732422 -0.173429
0.724609 -0.17537
0.763672 -0.176032
0.726562 -0.173186
0.730469 -0.172396
0.740234 -0.168869
0.742188 -0.163232
0.742188 -0.158706
0.744141 -0.15324
0.785156 -0.152299
0.791016 -0.147412
0.792969 -0.141398
0.8125 -0.135475
0.800781 -0.131279
0.78125 -0.125246
0.832031 -0.12128
0.820312 -0.116651
0.820312 -0.112543
0.775391 -0.107899
0.763672 -0.105967
0.779297 -0.103202
0.742188 -0.0996004
0.75 -0.0956857
0.736328 -0.0903201
0.726562 -0.0887483
0.742188 -0.0886576
0.775391 -0.0860252
0.746094 -0.0822712
0.742188 -0.0814425
0.751953 -0.0783063
0.775391 -0.0782275
0.736328 -0.080374
0.753906 -0.0812749
0.759766 -0.081465
0.791016 -0.0793678
0.763672 -0.0802288
0.753906 -0.0797938
0.783203 -0.078179
0.755859 -0.0782256
0.736328 -0.0778538
0.71875 -0.0751299
0.746094 -0.0739604
0.753906 -0.0747642
0.777344 -0.0755591
0.748047 -0.0781998
0.769531 -0.0834123
0.775391 -0.0876319
0.765625 -0.0896495
0.779297 -0.0923877
0.763672 -0.0952579
0.724609 -0.0965427
0.707031 -0.0991653
0.722656 -0.106301
0.714844 -0.111931
0.734375 -0.120575
0.732422 -0.126477
0.728516 -0.131997
0.699219 -0.1306
0.730469 -0.128798
0.714844 -0.127693
0.701172 -0.128719
0.691406 -0.125975
0.712891 -0.126269
0.732422 -0.128104
0.726562 -0.130761
0.763672 -0.13344
0.761719 -0.131892
0.707031 -0.130089
0.736328 -0.127641
0.744141 -0.127217
0.730469 -0.131417
0.746094 -0.136127
0.769531 -0.138613
0.808594 -0.142023
0.789062 -0.141486
0.796875 -0.140474
0.8125 -0.139505
0.814453 -0.140723
0.806641 -0.140404
0.828125 -0.137916
0.810547 -0.138058
0.822266 -0.139405
0.785156 -0.134952
0.775391 -0.131191
0.775391 -0.127584
0.777344 -0.118393
0.796875 -0.113236
0.796875 -0.108137
0.802734 -0.103059
0.830078 -0.100589
0.833984 -0.0964636
0.818359 -0.0910004
0.767578 -0.0864214
0.771484 -0.0802019
0.78125 -0.074878
0.763672 -0.070441
0.789062 -0.0669147
0.792969 -0.0624167
0.761719 -0.0565442
0.789062 -0.0514351
0.75 -0.050497
0.720703 -0.0483037
0.744141 -0.043714
0.705078 -0.0396453
0.736328 -0.0352327
0.779297 -0.0338128
0.804688 -0.0305998
0.796875 -0.0251249
0.810547 -0.0174816
0.785156 -0.00826323
0.798828 -0.0020558
0.800781 0.00506271
0.783203 0.0118754
0.816406 0.018847
0.826172 0.0250957
0.78125 0.0306612
0.794922 0.0394112
0.804688 0.0484141
0.792969 0.0581588
0.789062 0.0686087
0.787109 0.0800394
0.791016 0.0906858
0.775391 0.100348
0.724609 0.113575
0.720703 0.126645
0.701172 0.139944
0.707031 0.15157
0.71875 0.162385
0.716797 0.172497
0.722656 0.180331
0.712891 0.190196
0.734375 0.200109
0.775391 0.210422
0.8125 0.220379
0.820312 0.228727
0.826172 0.238421
0.822266 0.245766
0.828125 0.254644
0.822266 0.263514
0.847656 0.270484
0.835938 0.278463
0.78125 0.28617
0.789062 0.293282
0.810547 0.300497
0.857422 0.306958
0.839844 0.314371
0.833984 0.320992
0.810547 0.325483
0.833984 0.330782
0.830078 0.335032
0.832031 0.342066
0.853516 0.346879
0.845703 0.352408
0.832031 0.356972
0.853516 0.358238
0.816406 0.359661
0.828125 0.362334
0.853516 0.36619
0.884766 0.364891
0.833984 0.366511
0.839844 0.364714
0.859375 0.36397
0.894531 0.360197
0.863281 0.356099
0.830078 0.352235
0.837891 0.34876
0.800781 0.34218
0.835938 0.336513
0.826172 0.331967
0.828125 0.323578
0.841797 0.314494
0.873047 0.305096
0.888672 0.295977
0.876953 0.288072
0.876953 0.28096
0.867188 0.273948
0.837891 0.269117
0.865234 0.263242
0.871094 0.255619
0.867188 0.248496
0.849609 0.242679
0.849609 0.233773
0.847656 0.22511
0.841797 0.213592
0.800781 0.204519
0.808594 0.192364
0.832031 0.182885
0.794922 0.173142
0.828125 0.161913
0.787109 0.15317
0.792969 0.144008
0.773438 0.137979
0.802734 0.130439
0.798828 0.124778
0.791016 0.116881
0.769531 0.110364
0.802734 0.100776
0.783203 0.0900548
0.816406 0.0862206
0.824219 0.0817433
0.789062 0.0773845
0.791016 0.0727753
0.806641 0.0670648
0.773438 0.0606974
0.759766 0.0587018
0.787109 0.0535245
0.777344 0.0510006
0.818359 0.0477566
0.818359 0.0469798
0.824219 0.0434348
0.8125 0.0404673
0.785156 0.0393032
0.787109 0.0373683
0.75 0.0404162
0.748047 0.0367766
0.765625 0.0306205
0.785156 0.0235126
0.808594 0.0179314
0.84375 0.0125298
0.822266 0.0123163
0.84375 0.0118518
0.818359 0.00916818
0.804688 0.00465786
0.830078 0.00256014
0.808594 -0.00134637
0.791016 -0.00232703
0.796875 -0.00712409
0.794922 -0.0118069
0.78125 -0.0172728
0.753906 -0.0222392
0.804688 -0.0275729
0.826172 -0.0275498
0.837891 -0.0279188
0.8125 -0.025248
0.810547 -0.019962
0.816406 -0.0148182
0.820312 -0.00964923
0.791016 -0.0032385
0.810547 0.00401136
0.78125 0.00985792
0.763672 0.0151996
0.808594 0.0196463
0.767578 0.0221351
0.775391 0.0286176
0.783203 0.0348494
0.746094 0.0415129
0.742188 0.0447454
0.720703 0.0459728
0.761719 0.0461342
0.753906 0.0450833
0.773438 0.0441617
0.773438 0.0441358
0.794922 0.0438711
0.777344 0.0436876
0.777344 0.0422184
0.804688 0.0439825
0.800781 0.0467831
0.810547 0.0472259
0.775391 0.0493586
0.818359 0.0543553
0.820312 0.0563699
0.816406 0.0586175
0.828125 0.0616286
0.820312 0.0625126
0.822266 0.0600988
0.835938 0.0584017
0.824219 0.056047
0.851562 0.0527718
0.828125 0.0484051
0.767578 0.0453325
0.783203 0.0446739
0.794922 0.0408362
0.783203 0.0383384
0.796875 0.0345603
0.824219 0.0301671
0.810547 0.0271866
0.808594 0.0243322
0.783203 0.0246991
0.794922 0.0253052
0.775391 0.0233307
0.753906 0.0154978
0.751953 0.0118783
0.734375 0.00581699
0.751953 -0.00183859
0.765625 -0.00800042
0.773438 -0.0165698
0.8125 -0.0239984
0.84375 -0.0344984
0.845703 -0.0403248
0.816406 -0.0454483
0.816406 -0.0502849
0.853516 -0.0543373
0.851562 -0.0564873
0.835938 -0.0613513
0.794922 -0.0664346
0.775391 -0.0730781
0.779297 -0.0780012
0.787109 -0.0832988
0.757812 -0.0876497
0.767578 -0.0930318
0.78125 -0.0984188
0.755859 -0.107001
0.777344 -0.114945
0.767578 -0.11815
0.794922 -0.122187
0.802734 -0.128271
0.792969 -0.135171
0.841797 -0.144337
0.851562 -0.154637
0.828125 -0.162571
0.845703 -0.168853
0.8125 -0.17363
0.783203 -0.182561
0.775391 -0.192044
0.771484 -0.196538
0.785156 -0.202436
0.794922 -0.208357
0.820312 -0.213609
0.8125 -0.219075
0.779297 -0.224607
0.748047 -0.227548
0.748047 -0.228751
0.75 -0.232284
0.757812 -0.235072
0.712891 -0.239125
0.681641 -0.240564
0.712891 -0.241703
0.6875 -0.239863
0.730469 -0.238022
0.689453 -0.236447
0.662109 -0.237634
0.660156 -0.237033
0.6875 -0.236322
0.689453 -0.231612
0.71875 -0.230439
0.679688 -0.229321
0.660156 -0.226619
0.634766 -0.222451
0.619141 -0.216407
0.646484 -0.210364
0.619141 -0.205822
0.628906 -0.20327
0.646484 -0.199012
0.699219 -0.19868
0.714844 -0.192345
0.751953 -0.185132
0.746094 -0.173103
0.742188 -0.164957
0.736328 -0.160665
0.732422 -0.155782
0.783203 -0.150334
0.785156 -0.144023
0.751953 -0.133919
0.732422 -0.122405
0.740234 -0.113876
0.748047 -0.106685
0.726562 -0.0995887
0.708984 -0.095234
0.679688 -0.090465
0.667969 -0.0817768
0.681641 -0.0726895
0.701172 -0.0630281
0.691406 -0.0544176
0.679688 -0.0477496
0.714844 -0.0444088
0.716797 -0.0368077
0.71875 -0.0256546
0.720703 -0.0173836
0.732422 -0.0103822
0.712891 -0.00429256
0.703125 0.00234311
0.681641 0.0100265
0.710938 0.0183501
0.757812 0.0243873
0.716797 0.0312955
0.740234 0.0388518
0.712891 0.0445797
0.712891 0.0543488
0.716797 0.0630988
0.742188 0.0732192
0.757812 0.0832523
0.714844 0.0948461
0.701172 0.103845
0.707031 0.113557
0.71875 0.120996
0.689453 0.128151
0.6875 0.133961
0.640625 0.141797
0.642578 0.147072
0.662109 0.155756
0.705078 0.163537
0.707031 0.169976
0.710938 0.173868
0.703125 0.174652
0.679688 0.173804
0.6875 0.172928
0.701172 0.171523
0.728516 0.16787
0.708984 0.162849
0.703125 0.160423
0.667969 0.156238
0.634766 0.157167
0.638672 0.159465
0.630859 0.15968
0.660156 0.164189
0.667969 0.165242
0.666016 0.166072
0.693359 0.169652
0.666016 0.169302
0.658203 0.164185
0.699219 0.160321
0.689453 0.162668
0.714844 0.162148
0.685547 0.15841
0.671875 0.156069
0.648438 0.153501
0.662109 0.153794
0.679688 0.151353
0.654297 0.145062
0.632812 0.142134
0.666016 0.136834
0.675781 0.138525
0.6875 0.137105
0.693359 0.135649
0.693359 0.131307
0.662109 0.122293
0.677734 0.111913
0.662109 0.10497
0.673828 0.10616
0.6875 0.107884
0.697266 0.101558
0.695312 0.094351
0.703125 0.0858763
0.708984 0.0755873
0.699219 0.0647247
0.699219 0.0550917
0.730469 0.0462477
0.697266 0.0384079
0.693359 0.0279849
0.710938 0.0211716
0.75 0.0114507
0.789062 0.00368653
0.8125 -0.00200612
0.787109 -0.00587047
0.789062 -0.00723684
0.748047 -0.0134641
0.740234 -0.0178897
0.769531 -0.0219059
0.794922 -0.0252971
0.789062 -0.029779
0.783203 -0.03619
0.828125 -0.0410399
0.824219 -0.0456697
0.833984 -0.0490973
0.818359 -0.0531472
0.841797 -0.052529
0.851562 -0.0500944
0.824219 -0.0465005
0.837891 -0.043146
0.851562 -0.0410704
0.861328 -0.0339919
0.849609 -0.0250323
0.84375 -0.0126854
0.820312 -0.0025876
0.798828 0.00615051
0.830078 0.0137387
0.808594 0.0233784
0.800781 0.0289495
0.833984 0.0381146
0.826172 0.0499691
0.818359 0.0561297
0.785156 0.0621167
0.802734 0.0650477
0.849609 0.0707151
0.847656 0.0758435
0.857422 0.0828855
0.841797 0.0894701
0.828125 0.0945727
0.798828 0.100643
0.794922 0.109341
0.818359 0.113735
0.798828 0.118291
0.794922 0.122306
0.8125 0.1287
0.832031 0.13617
0.830078 0.137156
0.816406 0.135807
0.785156 0.137602
0.794922 0.138387
0.820312 0.130106
0.824219 0.123468
0.835938 0.118136
0.814453 0.109982
0.804688 0.105394
0.806641 0.0995019
0.791016 0.0967138
0.806641 0.0916455
0.794922 0.0908165
0.824219 0.0886468
0.804688 0.0879126
0.8125 0.0894241
0.8125 0.0895833
0.806641 0.0911596
0.765625 0.0974282
0.744141 0.102459
0.746094 0.103708
0.757812 0.103847
0.78125 0.101802
0.798828 0.10385
0.78125 0.103684
0.789062 0.100519
0.818359 0.0946507
0.806641 0.0973819
0.84375 0.0997801
0.863281 0.0998304
0.84375 0.0984807
0.855469 0.098429
0.837891 0.100424
0.787109 0.101722
0.806641 0.103498
0.775391 0.102423
0.787109 0.10763
0.806641 0.11042
0.826172 0.113755
0.857422 0.112828
0.830078 0.10805
0.863281 0.100798
0.875 0.0935065
0.867188 0.0869499
0.857422 0.0839542
0.855469 0.0792418
0.826172 0.0696113
0.798828 0.0641172
0.773438 0.0623225
0.806641 0.0562006
0.8125 0.0483299
0.818359 0.0419178
0.792969 0.0345852
0.787109 0.0289234
0.757812 0.0252693
0.773438 0.0151725
0.765625 0.000369783
0.761719 -0.0149827
0.8125 -0.027854
0.855469 -0.0433355
0.826172 -0.0540271
0.820312 -0.0630073
0.832031 -0.0746727
0.835938 -0.0868066
0.841797 -0.0957424
0.804688 -0.103902
0.851562 -0.115956
0.828125 -0.12395
0.833984 -0.131798
0.794922 -0.136455
0.777344 -0.143465
0.783203 -0.151907
0.783203 -0.159732
0.808594 -0.165805
0.783203 -0.167976
0.816406 -0.173163
0.792969 -0.177728
0.796875 -0.182652
0.837891 -0.186431
0.867188 -0.186442
0.837891 -0.191949
0.822266 -0.199301
0.873047 -0.202353
0.875 -0.198828
0.861328 -0.20007
0.892578 -0.196289
0.851562 -0.197495
0.814453 -0.194576
0.845703 -0.189094
0.847656 -0.184854
0.837891 -0.184942
0.816406 -0.187967
0.826172 -0.190542
0.818359 -0.189921
0.798828 -0.185236
0.798828 -0.180889
0.791016 -0.177445
0.820312 -0.171344
0.789062 -0.163487
0.800781 -0.151459
0.804688 -0.139964
0.816406 -0.134569
0.833984 -0.127906
0.820312 -0.119856
0.833984 -0.111711
0.804688 -0.100112
0.816406 -0.0910728
0.779297 -0.0828465
0.785156 -0.074517
0.771484 -0.0637023
0.744141 -0.0545682
0.751953 -0.0508587
0.767578 -0.0410505
0.794922 -0.0269411
0.787109 -0.0163336
0.748047 -0.00613847
0.755859 0.00768072
0.755859 0.0213295
0.769531 0.0292564
0.769531 0.0372844
0.71875 0.04609
0.720703 0.0542124
0.693359 0.0596716
0.6875 0.0669256
0.660156 0.0779065
0.660156 0.0883097
0.621094 0.0969542
0.630859 0.108167
0.611328 0.120355
0.611328 0.128707
0.673828 0.139121
0.636719 0.145233
0.625 0.148957
0.652344 0.148361
0.646484 0.150974
0.630859 0.150836
0.681641 0.150525
0.636719 0.152408
0.625 0.150791
0.630859 0.148029
0.628906 0.145247
0.638672 0.137914
0.644531 0.135696
0.660156 0.136664
0.619141 0.135698
0.617188 0.134037
0.570312 0.129836
0.570312 0.125005
0.550781 0.11729
0.539062 0.112494
0.539062 0.100501
0.541016 0.0907875
0.568359 0.080811
0.568359 0.0715631
0.564453 0.0668536
0.574219 0.0629621
0.613281 0.0574802
0.619141 0.049818
0.630859 0.0412095
0.621094 0.0320891
0.601562 0.0281736
0.642578 0.0260505
0.646484 0.0177556
0.613281 0.00995926
0.601562 0.00198766
0.570312 -0.00125698
0.582031 -0.0100696
0.568359 -0.0193612
0.611328 -0.033695
0.585938 -0.0375396
0.591797 -0.0394647
0.580078 -0.0414002
0.595703 -0.051666
0.589844 -0.0616868
0.625 -0.0703718
0.650391 -0.0764762
0.673828 -0.0763388
0.691406 -0.0846235
0.695312 -0.0911132
0.707031 -0.0978735
0.634766 -0.098987
0.632812 -0.104041
0.642578 -0.103352
0.644531 -0.108325
0.667969 -0.106258
0.691406 -0.0964267
0.677734 -0.0905509
0.673828 -0.0838355
0.683594 -0.0768426
0.664062 -0.0679274
0.707031 -0.0606011
0.720703 -0.0548379
0.726562 -0.0522335
0.753906 -0.0479765
0.748047 -0.0435662
0.748047 -0.0396432
0.757812 -0.033588
0.769531 -0.0300517
0.765625 -0.0242889
0.773438 -0.020909
0.792969 -0.0161959
0.816406 -0.0125559
0.775391 -0.0116791
0.828125 -0.0158403
0.75 -0.0204778
0.767578 -0.021439
0.757812 -0.0195496
0.796875 -0.0188678
0.791016 -0.0181904
0.755859 -0.0134258
0.787109 -0.0135798
0.779297 -0.0148527
0.765625 -0.0179709
0.802734 -0.0234756
0.806641 -0.0222075
0.832031 -0.0236439
0.832031 -0.0331551
0.800781 -0.0446301
0.8125 -0.054671
0.800781 -0.0587979
0.8125 -0.0595221
0.830078 -0.0628409
0.830078 -0.0657206
0.798828 -0.0718733
0.794922 -0.0767154
0.771484 -0.0785168
0.78125 -0.0772005
0.787109 -0.0787519
0.806641 -0.0797418
0.773438 -0.0750007
0.751953 -0.0675256
0.710938 -0.0646243
0.740234 -0.0687822
0.726562 -0.0681693
0.740234 -0.0691743
0.736328 -0.0651151
0.755859 -0.0574349
0.787109 -0.0468809
0.775391 -0.038135
0.751953 -0.0264478
0.751953 -0.00999816
0.761719 0.00930596
0.771484 0.0189142
0.767578 0.0290078
0.78125 0.0393362
0.755859 0.0488645
0.738281 0.059098
0.744141 0.0694424
0.740234 0.076919
0.75 0.0840574
0.763672 0.0884807
0.759766 0.0917011
0.773438 0.0893504
0.779297 0.0902454
0.810547 0.0920327
0.78125 0.0986872
0.753906 0.104411
0.757812 0.109273
0.789062 0.112252
0.796875 0.114833
0.755859 0.117446
0.736328 0.116103
0.728516 0.115853
0.671875 0.115735
0.685547 0.111825
0.720703 0.105754
0.677734 0.10284
0.716797 0.101643
0.726562 0.10299
0.730469 0.0986275
0.693359 0.0949309
0.720703 0.08277
0.755859 0.0689587
0.691406 0.0547671
0.710938 0.0400433
0.705078 0.0287206
0.755859 0.0254779
0.751953 0.0199974
0.748047 0.0157346
0.763672 0.00607731
0.769531 -0.00455029
0.794922 -0.00561182
0.775391 -0.00320664
0.796875 -0.00262059
0.802734 -0.00846796
0.810547 -0.00559677
0.787109 -0.00604723
0.789062 -0.0115315
0.761719 -0.0170259
0.744141 -0.0152819
0.728516 -0.015453
0.71875 -0.0206432
0.689453 -0.0241724
0.689453 -0.0240808
0.701172 -0.0248693
0.689453 -0.0194566
0.675781 -0.0170057
0.685547 -0.0138978
0.691406 -0.00919221
0.693359 -0.00112826
0.699219 0.00698534
0.677734 0.0172642
0.712891 0.029968
0.703125 0.0440105
0.695312 0.0548501
0.685547 0.0629405
0.705078 0.0680415
0.710938 0.070607
0.748047 0.0680709
0.734375 0.0650671
0.710938 0.0673763
0.701172 0.0737032
0.71875 0.0804786
0.755859 0.0887168
0.757812 0.0936338
0.71875 0.093323
0.689453 0.097225
0.738281 0.0992388
0.767578 0.103181
0.753906 0.103201
0.779297 0.104573
0.759766 0.0977659
0.734375 0.103235
0.755859 0.106434
0.763672 0.104457
0.744141 0.095043
0.767578 0.0807993
0.785156 0.0710032
0.794922 0.0597804
0.820312 0.0465274
0.816406 0.0366495
0.792969 0.0370694
0.833984 0.0310086
0.833984 0.0215444
0.851562 0.0135767
0.890625 0.00530311
0.875 -0.000123076
0.871094 0.00497797
0.851562 0.0123363
0.861328 0.0176941
0.857422 0.0197403
0.873047 0.0209073
0.888672 0.0147169
0.863281 0.0110995
0.871094 0.0131671
0.875 0.0167702
0.824219 0.0133193
0.806641 0.0107569
0.751953 0.0155778
0.783203 0.0193687
0.783203 0.0231685
0.787109 0.0308454
0.775391 0.0422874
0.796875 0.0502298
0.820312 0.0467935
0.794922 0.0496356
0.759766 0.0571106
0.748047 0.0681553
0.759766 0.0807842
0.761719 0.090396
0.736328 0.0969003
0.748047 0.102646
0.755859 0.107354
0.744141 0.105858
0.775391 0.0999874
0.765625 0.096333
0.726562 0.0954565
0.740234 0.0922637
0.775391 0.0881743
0.798828 0.0887319
0.783203 0.0991667
0.791016 0.119707
0.794922 0.135563
0.773438 0.144674
0.75 0.146863
0.755859 0.144116
0.724609 0.14038
0.724609 0.137215
0.769531 0.129454
0.759766 0.123206
0.740234 0.11198
0.734375 0.098297
0.71875 0.0874505
0.71875 0.0891979
0.724609 0.0803117
0.701172 0.0705357
0.660156 0.0634777
0.652344 0.0547049
0.640625 0.0439176
0.646484 0.0272929
0.654297 0.0202092
0.646484 0.0242802
0.660156 0.0273234
0.623047 0.0268531
0.585938 0.0330116
0.550781 0.038199
0.615234 0.0286328
0.599609 0.0216674
0.599609 0.010892
0.626953 0.00437609
0.658203 -0.00291382
0.660156 -0.0173457
0.699219 -0.0370606
0.673828 -0.0447506
0.679688 -0.0529325
0.681641 -0.0584945
0.666016 -0.0549277
0.691406 -0.0543565
0.716797 -0.0555
0.699219 -0.0649146
0.71875 -0.0718332
0.746094 -0.0782036
0.724609 -0.0774436
0.757812 -0.0848583
0.742188 -0.0882925
0.726562 -0.0909343
0.732422 -0.0858954
0.771484 -0.0837795
0.796875 -0.0765783
0.791016 -0.0716409
0.804688 -0.0611065
0.8125 -0.0561554
0.861328 -0.0617335
0.875 -0.070208
0.853516 -0.0733611
0.865234 -0.079052
0.859375 -0.083596
0.833984 -0.0795171
0.808594 -0.0785582
0.767578 -0.0819726
0.78125 -0.0861008
0.798828 -0.0884257
0.771484 -0.0845191
0.751953 -0.0845122
0.789062 -0.0974551
0.802734 -0.108979
0.796875 -0.118114
0.787109 -0.131985
0.804688 -0.141063
0.791016 -0.140548
0.806641 -0.142861
0.767578 -0.147052
0.744141 -0.153656
0.707031 -0.161384
0.712891 -0.167896
0.753906 -0.169324
0.742188 -0.162409
0.724609 -0.159064
0.695312 -0.163345
0.65625 -0.167867
0.71875 -0.164923
0.736328 -0.155893
0.753906 -0.140186
0.746094 -0.126792
0.759766 -0.11912
0.798828 -0.130834
0.773438 -0.14016
0.75 -0.163523
0.804688 -0.166515
0.835938 -0.164381
0.857422 -0.153638
0.830078 -0.156336
0.802734 -0.143194
0.806641 -0.125596
0.806641 -0.0998557
0.828125 -0.0749388
0.832031 -0.0439915
0.839844 -0.0180845
0.804688 -0.00998192
0.787109 -0.0116696
0.806641 -0.00944929
0.828125 0.0059915
0.816406 0.0260235
0.796875 0.0295046
0.748047 0.0301176
0.755859 0.0281721
0.753906 0.0221892
0.777344 0.0160747
0.771484 0.0160997
0.828125 0.00762264
0.802734 0.00439602
0.820312 0.00882081
0.789062 0.017732
0.8125 0.033394
0.777344 0.0578344
0.804688 0.0770126
0.792969 0.0834229
0.724609 0.085577
0.6875 0.091832
0.705078 0.0921786
0.751953 0.0880655
0.724609 0.0839843
0.693359 0.0733998
0.681641 0.0498262
0.677734 0.0267327
0.675781 0.0161962
0.679688 0.0163936
0.6875 0.0142574
0.642578 0.0294272
0.634766 0.0490541
0.65625 0.0575907
0.609375 0.059873
0.613281 0.0746585
0.650391 0.0698306
0.644531 0.0680217
0.591797 0.0619771
0.59375 0.0423816
0.591797 0.0171664
0.570312 -0.00166771
0.574219 -0.0226086
0.597656 -0.0307914
0.669922 -0.0299922
0.677734 -0.0252961
0.693359 -0.00799255
0.724609 0.00539265
0.755859 0.0109233
0.738281 0.0180919
0.744141 0.022831
0.740234 0.0220934
0.736328 0.020582
0.726562 0.0103322
0.701172 0.00271242
0.673828 0.00736131
0.699219 -0.00172062
0.662109 -0.00645133
0.667969 -0.00812459
0.675781 -0.000739808
0.726562 -0.0060388
0.703125 -0.00618077
0.714844 -0.00274349
0.751953 0.00284145
0.746094 0.00525484
0.753906 -0.010473
0.738281 -0.0145561
0.732422 -0.00398485
0.744141 0.000883466
0.740234 -0.00378503
0.695312 0.00772343
0.714844 0.00842048
0.726562 -0.00300093
0.705078 -0.00261306
0.720703 -0.00656615
0.730469 -0.00627067
0.722656 0.0129271
0.734375 0.00738692
0.722656 -0.00738692
0.710938 0
