0.708984 1
0.740234 0.991082
0.751953 0.983073
0.732422 0.975686
0.740234 0.968424
0.757812 0.961356
0.759766 0.954147
0.728516 0.947324
0.679688 0.941005
0.6875 0.934737
0.710938 0.928226
0.724609 0.921998
0.6875 0.916022
0.726562 0.910195
0.736328 0.904441
0.746094 0.89864
0.744141 0.892839
0.763672 0.887295
0.722656 0.881789
0.707031 0.876731
0.722656 0.871746
0.734375 0.866787
0.751953 0.861926
0.777344 0.857439
0.751953 0.852751
0.734375 0.847717
0.705078 0.842318
0.738281 0.837572
0.726562 0.833006
0.701172 0.828149
0.648438 0.823667
0.625 0.819294
0.671875 0.815072
0.617188 0.810952
0.636719 0.806726
0.609375 0.802547
0.589844 0.798422
0.611328 0.794363
0.603516 0.790103
0.628906 0.78592
0.617188 0.782212
0.609375 0.778282
0.572266 0.774526
0.599609 0.771058
0.535156 0.767929
0.53125 0.764606
0.519531 0.760997
0.552734 0.757482
0.539062 0.754145
0.560547 0.75045
0.548828 0.74661
0.535156 0.743253
0.605469 0.739644
0.554688 0.736142
0.560547 0.732347
0.574219 0.728621
0.576172 0.724833
0.556641 0.721194
0.552734 0.718089
0.576172 0.715029
0.574219 0.712532
0.609375 0.710032
0.585938 0.707149
0.574219 0.70425
0.570312 0.70179
0.591797 0.699376
0.597656 0.696574
0.607422 0.693718
0.611328 0.691036
0.666016 0.68815
0.642578 0.685136
0.638672 0.682412
0.609375 0.679898
0.626953 0.677624
0.585938 0.675344
0.582031 0.673267
0.582031 0.671222
0.533203 0.669142
0.603516 0.667223
0.550781 0.665359
0.544922 0.663577
0.576172 0.661713
0.568359 0.659748
0.552734 0.657817
0.539062 0.6563
0.539062 0.65484
0.517578 0.653149
0.539062 0.651446
0.558594 0.650156
0.535156 0.648092
0.525391 0.645821
0.560547 0.643835
0.583984 0.642055
0.601562 0.640325
0.585938 0.638621
0.605469 0.636651
0.660156 0.635131
0.650391 0.633793
0.681641 0.632479
0.701172 0.630776
0.652344 0.629132
0.650391 0.627693
0.648438 0.625977
0.697266 0.624209
0.689453 0.622163
0.652344 0.620154
0.673828 0.617986
0.689453 0.616137
0.658203 0.614397
0.625 0.612735
0.650391 0.610925
0.677734 0.609198
0.65625 0.60702
0.695312 0.604737
0.726562 0.602591
0.734375 0.600151
0.71875 0.597808
0.736328 0.595223
0.742188 0.59277
0.691406 0.590148
0.714844 0.5879
0.742188 0.585658
0.714844 0.582925
0.720703 0.580423
0.716797 0.578072
0.679688 0.575693
0.685547 0.573327
0.714844 0.570484
0.681641 0.567474
0.634766 0.564392
0.632812 0.561247
0.707031 0.558186
0.699219 0.555049
0.626953 0.551696
0.669922 0.548229
0.691406 0.544178
0.685547 0.540096
0.720703 0.53616
0.691406 0.532141
0.685547 0.528049
0.658203 0.523874
0.652344 0.519641
0.669922 0.515817
0.652344 0.512343
0.611328 0.508852
0.621094 0.505645
0.609375 0.502312
0.597656 0.499074
0.613281 0.495865
0.609375 0.492854
0.617188 0.48945
0.589844 0.48619
0.582031 0.482945
0.595703 0.480114
0.625 0.47685
0.666016 0.473496
0.658203 0.470071
0.65625 0.466854
0.615234 0.463716
0.650391 0.460908
0.617188 0.458222
0.650391 0.455733
0.650391 0.453176
0.630859 0.450074
0.568359 0.44709
0.554688 0.444065
0.582031 0.440808
0.574219 0.437234
0.556641 0.433533
0.578125 0.429856
0.521484 0.425944
0.537109 0.422446
0.546875 0.419161
0.578125 0.416021
0.542969 0.412188
0.585938 0.408466
0.617188 0.405059
0.613281 0.401555
0.626953 0.398057
0.638672 0.394506
0.662109 0.390952
0.662109 0.387547
0.611328 0.384184
0.640625 0.380594
0.611328 0.376821
0.576172 0.373644
0.539062 0.370315
0.511719 0.367056
0.521484 0.364438
0.548828 0.362007
0.517578 0.359167
0.505859 0.356175
0.527344 0.352857
0.523438 0.349307
0.529297 0.345737
0.505859 0.342728
0.53125 0.340236
0.527344 0.337648
0.492188 0.334832
0.521484 0.331761
0.615234 0.328607
0.613281 0.325287
0.652344 0.32195
0.59375 0.318795
0.605469 0.315932
0.582031 0.313217
0.625 0.310199
0.564453 0.307404
0.589844 0.304399
0.658203 0.301557
0.662109 0.298685
0.685547 0.295741
0.673828 0.292813
0.642578 0.290487
0.666016 0.287922
0.619141 0.285613
0.615234 0.283022
0.628906 0.280452
0.607422 0.277754
0.601562 0.275009
0.572266 0.272532
0.560547 0.270399
0.560547 0.268141
0.583984 0.266047
0.621094 0.26397
0.615234 0.261711
0.572266 0.259341
0.572266 0.256925
0.572266 0.254737
0.525391 0.252959
0.550781 0.251422
0.537109 0.249883
0.613281 0.248396
0.619141 0.246905
0.601562 0.245079
0.605469 0.24275
0.582031 0.240809
0.595703 0.23942
0.609375 0.237885
0.638672 0.236051
0.623047 0.234294
0.617188 0.233022
0.625 0.231722
0.660156 0.230044
0.658203 0.227873
0.654297 0.225627
0.626953 0.223814
0.650391 0.22188
0.636719 0.220008
0.664062 0.218118
0.671875 0.216353
0.677734 0.214467
0.685547 0.212705
0.679688 0.210527
0.646484 0.207935
0.617188 0.205537
0.654297 0.203479
0.646484 0.201447
0.667969 0.199813
0.658203 0.197876
0.632812 0.196569
0.671875 0.195549
0.679688 0.194523
0.669922 0.193556
0.753906 0.192608
0.775391 0.191439
0.765625 0.190477
0.707031 0.189149
0.707031 0.187866
0.710938 0.186559
0.707031 0.185151
0.693359 0.183587
0.660156 0.182055
0.628906 0.18093
0.617188 0.180018
0.578125 0.179178
0.583984 0.178657
0.632812 0.178247
0.626953 0.177774
0.662109 0.177205
0.681641 0.176676
0.681641 0.176359
0.634766 0.175954
0.576172 0.175549
0.527344 0.174996
0.550781 0.174766
0.570312 0.17484
0.556641 0.174227
0.546875 0.173612
0.583984 0.17317
0.564453 0.17267
0.560547 0.17221
0.572266 0.171818
0.542969 0.171516
0.548828 0.17111
0.556641 0.170394
0.564453 0.169952
0.580078 0.16951
0.576172 0.169069
0.617188 0.168516
0.619141 0.168018
0.5625 0.167321
0.582031 0.166587
0.605469 0.165865
0.605469 0.165079
0.589844 0.164248
0.597656 0.163855
0.564453 0.163587
0.566406 0.163764
0.566406 0.164169
0.580078 0.164254
0.605469 0.164675
0.634766 0.164891
0.658203 0.164791
0.654297 0.164648
0.675781 0.164541
0.689453 0.164565
0.707031 0.164915
0.738281 0.164991
0.740234 0.165085
0.710938 0.165218
0.732422 0.165774
0.732422 0.166096
0.740234 0.166155
0.748047 0.165937
0.744141 0.165566
0.730469 0.165442
0.712891 0.164835
0.751953 0.164117
0.765625 0.163214
0.744141 0.162546
0.785156 0.161936
0.738281 0.161367
0.707031 0.160966
0.742188 0.160745
0.740234 0.160244
0.699219 0.159629
0.679688 0.159008
0.638672 0.158192
0.666016 0.157895
0.677734 0.15726
0.707031 0.156331
0.677734 0.155341
0.597656 0.154669
0.613281 0.153631
0.650391 0.152774
0.703125 0.152134
0.71875 0.151553
0.71875 0.150823
0.722656 0.150138
0.71875 0.1492
0.740234 0.14816
0.746094 0.147054
0.748047 0.146017
0.726562 0.145607
0.683594 0.144784
0.685547 0.143869
0.671875 0.143287
0.677734 0.143004
0.654297 0.142754
0.681641 0.142369
0.683594 0.141999
0.681641 0.14217
0.701172 0.14204
0.6875 0.142036
0.664062 0.141711
0.650391 0.141622
0.621094 0.141935
0.591797 0.142029
0.597656 0.142023
0.582031 0.142141
0.556641 0.142082
0.519531 0.141788
0.554688 0.141157
0.544922 0.140354
0.507812 0.139506
0.517578 0.138479
0.546875 0.137877
0.523438 0.137252
0.566406 0.13685
0.494141 0.136812
0.478516 0.136485
0.492188 0.135957
0.486328 0.135907
0.513672 0.135764
0.578125 0.135432
0.59375 0.135143
0.558594 0.134951
0.568359 0.134493
0.519531 0.133655
0.564453 0.132743
0.597656 0.131831
0.552734 0.130846
0.564453 0.129932
0.527344 0.129556
0.513672 0.129061
0.513672 0.12843
0.511719 0.127949
0.513672 0.127648
0.535156 0.127143
0.548828 0.126682
0.548828 0.126234
0.541016 0.12553
0.498047 0.125049
0.521484 0.124631
0.535156 0.124133
0.539062 0.123617
0.556641 0.123249
0.539062 0.122865
0.539062 0.12238
0.519531 0.121898
0.509766 0.121803
0.4375 0.121766
0.447266 0.121637
0.447266 0.121454
0.421875 0.121679
0.400391 0.121602
0.392578 0.121036
0.414062 0.12059
0.390625 0.120581
0.376953 0.120512
0.40625 0.120243
0.386719 0.120584
0.400391 0.120742
0.40625 0.120548
0.417969 0.120357
0.402344 0.120476
0.472656 0.120621
0.464844 0.121029
0.449219 0.12116
0.457031 0.121543
0.439453 0.121859
0.453125 0.121943
0.431641 0.121927
0.460938 0.122061
0.503906 0.122202
0.505859 0.122447
0.492188 0.122856
0.525391 0.123224
0.5 0.123491
0.453125 0.124117
0.482422 0.124649
0.470703 0.125254
0.505859 0.12577
0.529297 0.126139
0.533203 0.126749
0.548828 0.127398
0.568359 0.128268
0.570312 0.129406
0.576172 0.130531
0.628906 0.131791
0.654297 0.133003
0.675781 0.133825
0.683594 0.134568
0.699219 0.135768
0.732422 0.137014
0.722656 0.138243
0.724609 0.139566
0.720703 0.140849
0.720703 0.142286
0.699219 0.143817
0.693359 0.145747
0.681641 0.147507
0.669922 0.149128
0.703125 0.150909
0.689453 0.152595
0.710938 0.154404
0.728516 0.156357
0.724609 0.158563
0.703125 0.160984
0.675781 0.163245
0.695312 0.165861
0.673828 0.168477
0.644531 0.17115
0.667969 0.173409
0.632812 0.175517
0.648438 0.177108
0.636719 0.17871
0.640625 0.180325
0.650391 0.182129
0.625 0.183841
0.654297 0.185769
0.646484 0.187627
0.640625 0.189425
0.617188 0.191245
0.591797 0.193279
0.607422 0.195378
0.595703 0.197415
0.564453 0.199503
0.556641 0.201624
0.599609 0.203618
0.558594 0.205087
0.537109 0.206766
0.546875 0.208199
0.550781 0.20982
0.554688 0.211271
0.560547 0.212607
0.53125 0.214067
0.517578 0.215676
0.542969 0.216997
0.509766 0.217786
0.525391 0.218704
0.537109 0.219965
0.5625 0.220906
0.578125 0.22143
0.617188 0.22181
0.591797 0.2222
0.558594 0.22291
0.580078 0.223747
0.544922 0.224397
0.560547 0.22489
0.609375 0.224818
0.644531 0.224645
0.650391 0.224203
0.660156 0.223626
0.666016 0.223468
0.650391 0.223042
0.609375 0.222896
0.59375 0.2227
0.583984 0.222485
0.599609 0.221984
0.625 0.221259
0.613281 0.220211
0.572266 0.219138
0.542969 0.218309
0.548828 0.217337
0.568359 0.21643
0.523438 0.215507
0.517578 0.214598
0.480469 0.213567
0.462891 0.213195
0.490234 0.212803
0.482422 0.212423
0.509766 0.211554
0.515625 0.210721
0.482422 0.210396
0.519531 0.210044
0.525391 0.209517
0.527344 0.20921
0.535156 0.208677
0.552734 0.208043
0.5625 0.207191
0.544922 0.206645
0.509766 0.206688
0.53125 0.206879
0.564453 0.20701
0.525391 0.207429
0.503906 0.20778
0.505859 0.20813
0.546875 0.208398
0.5625 0.20867
0.628906 0.208831
0.638672 0.208997
0.607422 0.209411
0.615234 0.210056
0.634766 0.210605
0.654297 0.2111
0.640625 0.21123
0.625 0.211564
0.691406 0.21242
0.6875 0.213594
0.699219 0.214472
0.703125 0.216033
0.677734 0.218054
0.650391 0.220115
0.638672 0.222077
0.628906 0.223698
0.621094 0.225038
0.621094 0.226042
0.59375 0.227479
0.572266 0.228658
0.546875 0.230391
0.521484 0.232225
0.509766 0.233832
0.517578 0.235298
0.507812 0.237036
0.503906 0.239094
0.521484 0.241089
0.527344 0.242837
0.541016 0.244343
0.519531 0.245851
0.53125 0.246875
0.570312 0.247875
0.617188 0.249419
0.601562 0.251067
0.572266 0.252618
0.570312 0.25428
0.580078 0.256078
0.585938 0.258061
0.613281 0.259721
0.628906 0.262072
0.576172 0.26439
0.603516 0.266571
0.619141 0.268939
0.613281 0.271324
0.638672 0.273579
0.621094 0.275747
0.630859 0.277852
0.625 0.279587
0.644531 0.281124
0.654297 0.282722
0.658203 0.284633
0.654297 0.286188
0.703125 0.287926
0.712891 0.289572
0.736328 0.291236
0.757812 0.292666
0.744141 0.293754
0.720703 0.294871
0.646484 0.296032
0.683594 0.297116
0.632812 0.298407
0.662109 0.299639
0.699219 0.300569
0.714844 0.300942
0.697266 0.301337
0.722656 0.301698
0.738281 0.302271
0.673828 0.303444
0.654297 0.304352
0.646484 0.305393
0.630859 0.306287
0.677734 0.30709
0.697266 0.307613
0.669922 0.307964
0.654297 0.308254
0.738281 0.30836
0.769531 0.308622
0.798828 0.308973
0.796875 0.309004
0.798828 0.309252
0.806641 0.309602
0.798828 0.309749
0.78125 0.310206
0.798828 0.310373
0.804688 0.310384
0.785156 0.310172
0.771484 0.309891
0.771484 0.309016
0.730469 0.308127
0.78125 0.307331
0.767578 0.306376
0.785156 0.305204
0.810547 0.304304
0.761719 0.303393
0.748047 0.30301
0.712891 0.302456
0.753906 0.301505
0.751953 0.300778
0.726562 0.299842
0.759766 0.298958
0.779297 0.298499
0.783203 0.297794
0.746094 0.297192
0.734375 0.296332
0.703125 0.295876
0.695312 0.295718
0.695312 0.295395
0.705078 0.295311
0.675781 0.295098
0.6875 0.294688
0.695312 0.293839
0.746094 0.292819
0.720703 0.292205
0.730469 0.291226
0.707031 0.290328
0.689453 0.289476
0.648438 0.288082
0.650391 0.28705
0.630859 0.285961
0.617188 0.284765
0.617188 0.283925
0.607422 0.28309
0.650391 0.282126
0.658203 0.281313
0.636719 0.280152
0.628906 0.279213
0.648438 0.278053
0.623047 0.277017
0.621094 0.276261
0.623047 0.275325
0.591797 0.274394
0.589844 0.273433
0.613281 0.272516
0.613281 0.27132
0.591797 0.269997
0.589844 0.268891
0.644531 0.267837
0.679688 0.266808
0.642578 0.26549
0.644531 0.264167
0.646484 0.263123
0.626953 0.262112
0.628906 0.261255
0.603516 0.259976
0.638672 0.258805
0.59375 0.258092
0.568359 0.257785
0.589844 0.25777
0.566406 0.257298
0.560547 0.25709
0.560547 0.256711
0.541016 0.256264
0.533203 0.256193
0.550781 0.255855
0.535156 0.255658
0.542969 0.255757
0.535156 0.255641
0.515625 0.255478
0.445312 0.255255
0.425781 0.254852
0.476562 0.254879
0.474609 0.254464
0.525391 0.253429
0.525391 0.252117
0.507812 0.250906
0.519531 0.249978
0.519531 0.248822
0.525391 0.247244
0.541016 0.245322
0.5625 0.243867
0.585938 0.24268
0.607422 0.241157
0.556641 0.239435
0.556641 0.238279
0.554688 0.237076
0.5625 0.235506
0.574219 0.234276
0.630859 0.232885
0.654297 0.231197
0.621094 0.229453
0.541016 0.228062
0.576172 0.226724
0.591797 0.225443
0.591797 0.224198
0.558594 0.223131
0.521484 0.222278
0.513672 0.221131
0.507812 0.219946
0.53125 0.218856
0.546875 0.218005
0.574219 0.217597
0.552734 0.217228
0.554688 0.216796
0.576172 0.216019
0.542969 0.21519
0.515625 0.214063
0.546875 0.212927
0.580078 0.21162
0.550781 0.210344
0.564453 0.208986
0.572266 0.207476
0.597656 0.205645
0.625 0.203322
0.595703 0.201477
0.595703 0.199635
0.570312 0.198077
0.580078 0.196424
0.558594 0.195033
0.59375 0.193839
0.619141 0.192664
0.660156 0.191472
0.642578 0.189874
0.625 0.188795
0.621094 0.187623
0.601562 0.186577
0.552734 0.185757
0.517578 0.185367
0.542969 0.185024
0.585938 0.184536
0.544922 0.183449
0.554688 0.182191
0.560547 0.180868
0.566406 0.1796
0.556641 0.178073
0.542969 0.176313
0.5625 0.174499
0.552734 0.172864
0.583984 0.171103
0.537109 0.169659
0.556641 0.168052
0.568359 0.166436
0.597656 0.164945
0.644531 0.16395
0.630859 0.162657
0.632812 0.161578
0.599609 0.160583
0.638672 0.159642
0.636719 0.159194
0.640625 0.158902
0.679688 0.158434
0.626953 0.15777
0.542969 0.157249
0.523438 0.156461
0.517578 0.155777
0.476562 0.154731
0.535156 0.153856
0.501953 0.152781
0.501953 0.151626
0.509766 0.150251
0.470703 0.14874
0.435547 0.147158
0.423828 0.145316
0.431641 0.143142
0.412109 0.140746
0.449219 0.13829
0.435547 0.136105
0.498047 0.134039
0.533203 0.132014
0.494141 0.130575
0.513672 0.129595
0.523438 0.128709
0.533203 0.128086
0.498047 0.127
0.533203 0.125807
0.544922 0.124247
0.568359 0.122844
0.625 0.121337
0.628906 0.119893
0.660156 0.118164
0.640625 0.11609
0.626953 0.113763
0.605469 0.111761
0.611328 0.110094
0.617188 0.108639
0.632812 0.107218
0.619141 0.106093
0.609375 0.104873
0.597656 0.103894
0.554688 0.102813
0.513672 0.101618
0.521484 0.100469
0.513672 0.099461
0.566406 0.0983869
0.5625 0.0970436
0.5625 0.0961735
0.568359 0.0953797
0.591797 0.0937973
0.630859 0.0923192
0.646484 0.090609
0.638672 0.0886354
0.660156 0.0870597
0.644531 0.0857257
0.660156 0.0845216
0.623047 0.0831511
0.615234 0.0815804
0.615234 0.0799528
0.611328 0.077616
0.628906 0.0754643
0.605469 0.0731668
0.644531 0.0705714
0.591797 0.0678881
0.599609 0.0657872
0.564453 0.0636045
0.589844 0.0614188
0.583984 0.0593435
0.550781 0.0577231
0.486328 0.0558623
0.376953 0.054181
0.419922 0.0526159
0.40625 0.0509787
0.398438 0.049495
0.414062 0.0479708
0.417969 0.0465502
0.410156 0.0451738
0.423828 0.0438799
0.333984 0.0421112
0.357422 0.0404596
0.333984 0.0384155
0.291016 0.0366805
0.326172 0.0353303
0.353516 0.0338725
0.357422 0.032329
0.353516 0.0313302
0.347656 0.0300803
0.349609 0.0292192
0.333984 0.0287432
0.306641 0.0282128
0.261719 0.027738
0.304688 0.0273358
0.283203 0.02646
0.240234 0.025511
0.195312 0.0245329
0.138672 0.0234786
0.162109 0.0226647
0.189453 0.021291
0.216797 0.020151
0.173828 0.0189715
0.185547 0.0179276
0.212891 0.0172213
0.251953 0.0165295
0.224609 0.015607
0.230469 0.0147924
0.195312 0.0140462
0.228516 0.0134327
0.214844 0.0125925
0.25 0.0115302
0.193359 0.0107159
0.193359 0.0100711
0.238281 0.00956393
0.216797 0.0088575
0.171875 0.00825168
0.189453 0.00724448
0.201172 0.00635501
0.224609 0.00536983
0.226562 0.00381693
0.267578 0.00258237
0.195312 0.0015825
0.228516 0.000772174
0.199219 0.000537844
0.224609 0.000109694
0.25 -0.000350835
0.246094 -0.000502861
0.166016 -0.000853393
0.175781 -0.00108083
0.162109 -0.00175492
0.136719 -0.00265213
0.191406 -0.00341901
0.128906 -0.00425009
0.105469 -0.00517755
0.0488281 -0.00602922
0.0351562 -0.00643463
0.0292969 -0.00693515
0.0175781 -0.00734413
0.0273438 -0.00781748
0.0722656 -0.00910431
0.0957031 -0.00987867
0.0507812 -0.0109802
0.0488281 -0.0121731
0.078125 -0.0132493
0.09375 -0.0140307
0.0585938 -0.0149729
0.00195312 -0.0151956
0.046875 -0.015686
0.0585938 -0.0159294
0.0234375 -0.0163451
0.0644531 -0.0169117
0.0722656 -0.0173459
0.0957031 -0.0177362
0.0976562 -0.0178933
0.130859 -0.0178945
0.111328 -0.0177182
0.134766 -0.0180594
0.132812 -0.0181141
0.162109 -0.0179086
0.169922 -0.0178135
0.115234 -0.0177886
0.158203 -0.0177153
0.179688 -0.0181547
0.222656 -0.0185798
0.234375 -0.0186852
0.265625 -0.0188729
0.28125 -0.0190757
0.337891 -0.019645
0.337891 -0.0198742
0.335938 -0.0199143
0.339844 -0.0202545
0.349609 -0.0200458
0.353516 -0.0197102
0.345703 -0.0193008
0.337891 -0.0185476
0.332031 -0.0180006
0.357422 -0.0179236
0.300781 -0.0178441
0.285156 -0.017661
0.253906 -0.0181522
0.222656 -0.0184416
0.25 -0.0189622
0.251953 -0.0196376
0.232422 -0.0201328
0.226562 -0.0203164
0.232422 -0.02088
0.216797 -0.0214187
0.228516 -0.0218194
0.203125 -0.0216093
0.144531 -0.0214033
0.154297 -0.0213519
0.181641 -0.0209339
0.191406 -0.0203613
0.207031 -0.0192945
0.203125 -0.018483
0.242188 -0.0173805
0.220703 -0.0162837
0.203125 -0.0155388
0.207031 -0.0145913
0.185547 -0.0135656
0.175781 -0.0130709
0.148438 -0.0124962
0.109375 -0.0115833
0.0273438 -0.0107866
0.0390625 -0.0101705
0.0566406 -0.00917497
0.0527344 -0.00798228
0.0234375 -0.00709834
0.0214844 -0.00619822
0.0136719 -0.00520838
0.0644531 -0.00474876
0.0976562 -0.00385403
0.0429688 -0.00304512
0.103516 -0.00206447
0.113281 -0.00102425
0.117188 -0.000319175
0.121094 0.000704323
0.0917969 0.00142464
0.119141 0.00242788
0.164062 0.0033255
0.169922 0.00416282
0.222656 0.00546844
0.154297 0.00625829
0.191406 0.00720043
0.232422 0.00791448
0.263672 0.00834075
0.212891 0.00840886
0.283203 0.0086162
0.326172 0.00876427
0.326172 0.00916737
0.306641 0.00923331
0.244141 0.00938529
0.181641 0.00964478
0.214844 0.009825
0.212891 0.0098506
0.234375 0.00937097
0.240234 0.00922379
0.222656 0.00865757
0.242188 0.00786923
0.224609 0.00721717
0.228516 0.00681547
0.21875 0.00637088
0.244141 0.00626897
0.222656 0.00596782
0.257812 0.00575748
0.210938 0.00538946
0.238281 0.00531318
0.205078 0.00572262
0.189453 0.00623367
0.234375 0.00683624
0.214844 0.00693346
0.199219 0.00694567
0.181641 0.00663356
0.177734 0.00650008
0.15625 0.0063475
0.140625 0.00602687
0.121094 0.00577029
0.140625 0.00614513
0.113281 0.00611087
0.0839844 0.00604809
0.0605469 0.00582288
0.0546875 0.00487607
0.00195312 0.0037847
0.0136719 0.00298474
0.0136719 0.00207088
0.0078125 0.00117433
0.0136719 0.000260579
0.00976562 -0.000167321
0.0351562 -0.00105141
0.00390625 -0.00176468
0.0136719 -0.00253595
0.00585938 -0.00340433
0.00976562 -0.00401706
0.09375 -0.00468471
0.101562 -0.00530765
0.109375 -0.00617997
0.0507812 -0.00688212
0.0898438 -0.00748874
0.0488281 -0.00828559
0.0488281 -0.00928506
0.0253906 -0.00991714
0.0742188 -0.0104832
0.0488281 -0.0111204
0.0976562 -0.0116535
0.103516 -0.0121916
0.103516 -0.0129397
0.0859375 -0.0140376
0.0625 -0.0147024
0.0605469 -0.0153004
0.0839844 -0.0159523
0.130859 -0.0163665
0.191406 -0.0166704
0.21875 -0.0167696
0.15625 -0.0168998
0.152344 -0.0166817
0.158203 -0.0163577
0.117188 -0.0163258
0.117188 -0.0162159
0.130859 -0.0162204
0.140625 -0.0164578
0.136719 -0.0164949
0.140625 -0.0169186
0.105469 -0.0169826
0.117188 -0.0170043
0.0761719 -0.0171236
0.0800781 -0.0169258
0.115234 -0.0167458
0.179688 -0.0162066
0.140625 -0.0154628
0.175781 -0.0147303
0.119141 -0.0140001
0.0839844 -0.0135243
0.113281 -0.0130749
0.0957031 -0.0126251
0.0566406 -0.0121567
0.0527344 -0.0118694
0.0957031 -0.0116468
0.0878906 -0.0115834
0.0566406 -0.0109502
0.103516 -0.0104524
0.0957031 -0.0101155
0.175781 -0.00969187
0.169922 -0.00905755
0.183594 -0.00851167
0.203125 -0.00807263
0.242188 -0.00766006
0.273438 -0.00711278
0.279297 -0.00676655
0.337891 -0.00653096
0.400391 -0.00613161
0.414062 -0.00616444
0.412109 -0.00650081
0.455078 -0.00680213
0.425781 -0.0074424
0.431641 -0.00829363
0.460938 -0.00932301
0.484375 -0.00998588
0.537109 -0.0107786
0.533203 -0.01163
0.486328 -0.0126749
0.476562 -0.0136828
0.482422 -0.0143463
0.455078 -0.0146829
0.464844 -0.0146244
0.474609 -0.0148568
0.478516 -0.0146421
0.455078 -0.0144535
0.447266 -0.0140089
0.416016 -0.0141286
0.433594 -0.0142508
0.380859 -0.0138597
0.398438 -0.0130621
0.427734 -0.0125864
0.402344 -0.0120329
0.378906 -0.0115357
0.353516 -0.0109902
0.392578 -0.0102103
0.394531 -0.00949154
0.4375 -0.00863769
0.447266 -0.00821842
0.472656 -0.00761887
0.492188 -0.00733056
0.466797 -0.0071963
0.447266 -0.00776397
0.4375 -0.00819562
0.4375 -0.00900169
0.470703 -0.00976763
0.488281 -0.0105656
0.550781 -0.0113752
0.517578 -0.0123538
0.541016 -0.0130425
0.478516 -0.0137832
0.498047 -0.014389
0.558594 -0.0151214
0.554688 -0.015675
0.568359 -0.0156575
0.566406 -0.0153358
0.572266 -0.0154156
0.591797 -0.0157503
0.5625 -0.0157842
0.527344 -0.0153014
0.525391 -0.01493
0.529297 -0.0146959
0.541016 -0.0146697
0.541016 -0.0151583
0.513672 -0.0157624
0.537109 -0.0164916
0.5 -0.0167904
0.515625 -0.0173947
0.511719 -0.0179625
0.466797 -0.0184987
0.464844 -0.0187171
0.439453 -0.0191106
0.458984 -0.0191666
0.449219 -0.0190988
0.402344 -0.0188352
0.394531 -0.0183507
0.373047 -0.0180266
0.382812 -0.0178903
0.417969 -0.0182646
0.388672 -0.0186002
0.335938 -0.0186285
0.365234 -0.018737
0.341797 -0.0186834
0.3125 -0.0182851
0.333984 -0.0177977
0.361328 -0.0171241
0.376953 -0.0161652
0.361328 -0.0153527
0.390625 -0.0140411
0.449219 -0.012773
0.486328 -0.0113327
0.480469 -0.0100762
0.464844 -0.0083436
0.466797 -0.00666038
0.421875 -0.0057491
0.470703 -0.00490178
0.484375 -0.00381769
0.439453 -0.00305588
0.488281 -0.00188565
0.478516 -0.000229094
0.466797 0.00128215
0.46875 0.00220546
0.460938 0.00280654
0.466797 0.00374783
0.523438 0.0047719
0.519531 0.00549298
0.498047 0.00629707
0.505859 0.00728841
0.480469 0.00838724
0.505859 0.00911538
0.507812 0.00971776
0.482422 0.0103534
0.484375 0.0108387
0.513672 0.0112871
0.501953 0.0112816
0.519531 0.0114913
0.46875 0.0116749
0.5 0.0119878
0.535156 0.0117341
0.568359 0.0113065
0.603516 0.0108805
0.660156 0.0100969
0.638672 0.00941752
0.642578 0.00898577
0.603516 0.0089655
0.648438 0.00864374
0.638672 0.00808716
0.650391 0.00738412
0.638672 0.00672331
0.650391 0.00577071
0.671875 0.004318
0.646484 0.00284241
0.628906 0.00170447
0.667969 0.000749612
0.640625 0.000275618
0.6875 -0.000307346
0.679688 -0.000391632
0.679688 -0.000421923
0.675781 -0.000823193
0.708984 -0.00129035
0.714844 -0.0019005
0.736328 -0.00263499
0.794922 -0.00376722
0.779297 -0.00473592
0.777344 -0.00603979
0.777344 -0.0071855
0.789062 -0.00778982
0.753906 -0.0083912
0.740234 -0.00877359
0.759766 -0.00947508
0.759766 -0.0104585
0.753906 -0.0112215
0.728516 -0.0116555
0.775391 -0.0117087
0.800781 -0.0120879
0.802734 -0.0122338
0.814453 -0.0126064
0.796875 -0.012708
0.791016 -0.0127002
0.763672 -0.012927
0.746094 -0.0128515
0.761719 -0.0132375
0.763672 -0.0134666
0.728516 -0.0139504
0.722656 -0.0140251
0.75 -0.0144719
0.748047 -0.0150934
0.726562 -0.0155924
0.705078 -0.0158239
0.757812 -0.0156457
0.794922 -0.0156701
0.792969 -0.0155524
0.816406 -0.015551
0.847656 -0.0154537
0.830078 -0.0154832
0.833984 -0.0156938
0.863281 -0.0160038
0.820312 -0.0157411
0.853516 -0.0155724
0.814453 -0.0155625
0.789062 -0.0156075
0.804688 -0.0160469
0.802734 -0.0165793
0.798828 -0.0172366
0.791016 -0.0176673
0.8125 -0.0178771
0.814453 -0.0179254
0.806641 -0.0182052
0.783203 -0.0185624
0.761719 -0.0184021
0.800781 -0.0180668
0.78125 -0.0176257
0.785156 -0.0171541
0.785156 -0.0170494
0.787109 -0.0168048
0.775391 -0.016986
0.746094 -0.0166212
0.732422 -0.0158816
0.734375 -0.015025
0.703125 -0.0139356
0.716797 -0.0123934
0.736328 -0.0114194
0.753906 -0.0103056
0.773438 -0.00934402
0.748047 -0.00771603
0.748047 -0.00630197
0.726562 -0.00549164
0.78125 -0.00457271
0.714844 -0.00345205
0.666016 -0.00284856
0.6875 -0.00245597
0.695312 -0.00192996
0.675781 -0.00075269
0.722656 0.000342097
0.726562 0.00148819
0.734375 0.00242034
0.697266 0.00331117
0.673828 0.00421762
0.697266 0.00504796
0.701172 0.00612887
0.65625 0.00744144
0.748047 0.00896298
0.769531 0.0103778
0.787109 0.0118278
0.771484 0.013355
0.761719 0.0146876
0.75 0.0160836
0.736328 0.0177274
0.71875 0.0193181
0.730469 0.0205032
0.771484 0.0217899
0.759766 0.0228229
0.755859 0.0237933
0.705078 0.0242848
0.6875 0.0250951
0.691406 0.0262826
0.685547 0.0275774
0.634766 0.0291535
0.685547 0.0305324
0.703125 0.0319013
0.710938 0.032966
0.746094 0.0338275
0.744141 0.0347023
0.714844 0.0351426
0.705078 0.0361525
0.689453 0.0371187
0.714844 0.0382583
0.6875 0.0395428
0.707031 0.0404787
0.707031 0.0414045
0.673828 0.0422555
0.681641 0.0429305
0.728516 0.0433548
0.720703 0.043407
0.703125 0.0437252
0.708984 0.0441466
0.699219 0.0440941
0.669922 0.0440468
0.617188 0.0443722
0.613281 0.0443125
0.609375 0.0439971
0.599609 0.0433825
0.605469 0.0427192
0.601562 0.04161
0.587891 0.0403556
0.550781 0.0392045
0.582031 0.0383297
0.605469 0.0373285
0.630859 0.0358699
0.634766 0.0346491
0.566406 0.0335606
0.558594 0.0323363
0.542969 0.0314872
0.533203 0.0305795
0.574219 0.0302456
0.535156 0.0296548
0.564453 0.0287032
0.578125 0.0277133
0.591797 0.0270718
0.595703 0.0265664
0.626953 0.0257454
0.603516 0.0250465
0.523438 0.0245003
0.533203 0.0240979
0.519531 0.0233722
0.470703 0.0227997
0.501953 0.0228588
0.5 0.0228982
0.511719 0.0230573
0.513672 0.0232751
0.5625 0.0232766
0.550781 0.0228508
0.589844 0.0225426
0.603516 0.0220267
0.605469 0.0211891
0.623047 0.0205301
0.595703 0.020159
0.564453 0.0201293
0.554688 0.0198746
0.609375 0.0192191
0.59375 0.0186001
0.626953 0.0180269
0.636719 0.0181045
0.634766 0.0183462
0.626953 0.017889
0.660156 0.0177168
0.634766 0.0172059
0.630859 0.0169565
0.615234 0.0165221
0.671875 0.0156878
0.640625 0.0145432
0.644531 0.0134762
0.630859 0.0125831
0.650391 0.0117787
0.6875 0.0107415
0.679688 0.00993052
0.617188 0.00945274
0.613281 0.0091892
0.615234 0.00890983
0.625 0.00808252
0.607422 0.00692692
0.589844 0.00579041
0.65625 0.00493036
0.658203 0.00401252
0.638672 0.0035733
0.648438 0.00353506
0.660156 0.00366265
0.636719 0.00335623
0.6875 0.00270421
0.695312 0.00187687
0.671875 0.00103706
0.662109 9.61786e-05
0.669922 -0.000927752
0.671875 -0.00167004
0.675781 -0.00262425
0.712891 -0.0034026
0.707031 -0.00429227
0.654297 -0.00493064
0.662109 -0.00479748
0.666016 -0.00487105
0.632812 -0.00450249
0.566406 -0.00423104
0.501953 -0.00385947
0.494141 -0.00355367
0.482422 -0.00330462
0.447266 -0.00307506
0.419922 -0.00286482
0.441406 -0.00249459
0.414062 -0.00214802
0.419922 -0.00160535
0.451172 -0.00134378
0.460938 -0.00115411
0.460938 -0.00115575
0.417969 -0.000956255
0.480469 -0.000519007
0.457031 -0.000130132
0.455078 0.000453817
0.427734 0.00111115
0.5 0.00227713
0.556641 0.00315023
0.509766 0.00393886
0.509766 0.00455508
0.564453 0.00538489
0.564453 0.00633776
0.548828 0.00657336
0.5625 0.00658931
0.550781 0.00709311
0.564453 0.00754223
0.566406 0.00781862
0.601562 0.00868732
0.580078 0.00936797
0.615234 0.010032
0.628906 0.0103461
0.646484 0.0105415
0.630859 0.0104938
0.603516 0.0101234
0.626953 0.00993135
0.580078 0.00985166
0.589844 0.0100767
0.582031 0.00978716
0.621094 0.0097414
0.638672 0.00951316
0.603516 0.00958372
0.640625 0.00937943
0.625 0.00925567
0.685547 0.00958816
0.705078 0.00991779
0.705078 0.0101474
0.720703 0.0105732
0.689453 0.0111409
0.675781 0.0120069
0.664062 0.012653
0.650391 0.0131545
0.669922 0.0136874
0.681641 0.014478
0.669922 0.0147109
0.664062 0.0144082
0.640625 0.0149648
0.619141 0.015289
0.597656 0.0161606
0.578125 0.0174307
0.599609 0.0187767
0.580078 0.020063
0.605469 0.021833
0.552734 0.022698
0.541016 0.0235461
0.544922 0.0241424
0.556641 0.0245299
0.521484 0.0249832
0.472656 0.0259913
0.513672 0.0274128
0.546875 0.0287702
0.527344 0.0293964
0.535156 0.0306609
0.521484 0.0314209
0.505859 0.0322761
0.509766 0.0329084
0.515625 0.0338146
0.576172 0.0345145
0.568359 0.0352241
0.554688 0.0360891
0.564453 0.0368742
0.566406 0.0371121
0.599609 0.0376467
0.666016 0.0383775
0.662109 0.0390866
0.634766 0.0394488
0.611328 0.040176
0.572266 0.0410785
0.601562 0.0419064
0.560547 0.0424106
0.511719 0.0425235
0.542969 0.0425496
0.501953 0.0421272
0.507812 0.0416865
0.503906 0.0409732
0.486328 0.0401899
0.517578 0.0392979
0.519531 0.0383257
0.542969 0.0374341
0.509766 0.0361769
0.482422 0.03518
0.498047 0.0340765
0.570312 0.0329841
0.552734 0.0316588
0.574219 0.030625
0.576172 0.0295169
0.603516 0.0286426
0.580078 0.0280068
0.582031 0.027056
0.517578 0.0263691
0.5 0.0261431
0.523438 0.0255253
0.550781 0.0244347
0.542969 0.0228452
0.533203 0.0209964
0.597656 0.0190002
0.589844 0.0170122
0.597656 0.0152025
0.65625 0.0136842
0.619141 0.0124284
0.583984 0.0111289
0.554688 0.010381
0.541016 0.0094824
0.554688 0.00912339
0.537109 0.00889759
0.521484 0.00904314
0.511719 0.00906234
0.542969 0.00888072
0.572266 0.00854434
0.623047 0.00839395
0.634766 0.00855615
0.630859 0.00872182
0.630859 0.00876988
0.558594 0.00888695
0.53125 0.00929626
0.529297 0.00985494
0.513672 0.00981219
0.554688 0.0101837
0.527344 0.0105887
0.498047 0.0112965
0.503906 0.011976
0.556641 0.0121759
0.623047 0.0121731
0.654297 0.0120244
0.677734 0.0119654
0.673828 0.0120668
0.632812 0.0117113
0.640625 0.0114897
0.609375 0.0109675
0.628906 0.0106564
0.638672 0.0105096
0.638672 0.0103627
0.6875 0.0102264
0.71875 0.0100293
0.695312 0.00972123
0.658203 0.00982117
0.707031 0.0100864
0.693359 0.0103805
0.714844 0.0111288
0.748047 0.0117358
0.730469 0.0118837
0.699219 0.0116921
0.6875 0.0118626
0.712891 0.0118618
0.71875 0.0120926
0.701172 0.0120066
0.712891 0.0114507
0.738281 0.011667
0.761719 0.0116686
0.773438 0.0111153
0.730469 0.0109628
0.710938 0.0110448
0.710938 0.0113161
0.705078 0.011384
0.6875 0.0115035
0.714844 0.0122377
0.708984 0.0130186
0.703125 0.0138348
0.728516 0.014474
0.699219 0.0157226
0.703125 0.0168637
0.695312 0.0181595
0.675781 0.0194969
0.699219 0.0211977
0.705078 0.0227651
0.705078 0.0245145
0.701172 0.0263734
0.648438 0.0280694
0.685547 0.0297534
0.632812 0.0315672
0.591797 0.0327767
0.630859 0.0333436
0.634766 0.0343861
0.630859 0.0349004
0.714844 0.0356439
0.708984 0.0367331
0.732422 0.038029
0.695312 0.0389385
0.652344 0.0403259
0.667969 0.0415064
0.660156 0.0426096
0.644531 0.0427368
0.662109 0.0430379
0.695312 0.0432818
0.710938 0.0430253
0.703125 0.0422967
0.705078 0.0418495
0.689453 0.0415859
0.710938 0.0414738
0.730469 0.0412648
0.703125 0.0410802
0.707031 0.0405395
0.703125 0.0398394
0.703125 0.0393971
0.753906 0.038838
0.742188 0.0382878
0.773438 0.0377049
0.796875 0.0368819
0.792969 0.0362445
0.824219 0.0362364
0.792969 0.0361736
0.783203 0.0353273
0.783203 0.03413
0.806641 0.033368
0.798828 0.0325474
0.771484 0.0317199
0.792969 0.0306377
0.789062 0.0301234
0.804688 0.0300364
0.796875 0.02994
0.787109 0.0300302
0.814453 0.030268
0.773438 0.0308153
0.761719 0.0313691
0.746094 0.0318809
0.728516 0.0321906
0.734375 0.0323379
0.730469 0.0322413
0.703125 0.0318426
0.697266 0.0312549
0.671875 0.0309371
0.693359 0.0305513
0.6875 0.0302577
0.708984 0.0304391
0.677734 0.030729
0.669922 0.0312766
0.642578 0.0314876
0.654297 0.0318365
0.652344 0.0316612
0.628906 0.0310584
0.658203 0.0310042
0.699219 0.0309164
0.726562 0.0308273
0.714844 0.0311085
0.697266 0.031002
0.748047 0.0309756
0.726562 0.0306164
0.689453 0.0299081
0.650391 0.0289752
0.613281 0.0283043
0.601562 0.0282466
0.580078 0.0284383
0.550781 0.0280627
0.525391 0.0283551
0.523438 0.0289582
0.503906 0.0294985
0.486328 0.0297651
0.433594 0.0300356
0.470703 0.0307786
0.472656 0.0312606
0.482422 0.031318
0.445312 0.0309578
0.458984 0.0308126
0.449219 0.031236
0.509766 0.0314754
0.542969 0.031326
0.474609 0.031116
0.462891 0.0310663
0.435547 0.0310797
0.435547 0.0312319
0.474609 0.0311585
0.425781 0.0310432
0.441406 0.0307072
0.46875 0.0309444
0.533203 0.0310171
0.488281 0.0312522
0.519531 0.0317801
0.517578 0.0320908
0.519531 0.0323205
0.507812 0.0325568
0.470703 0.032306
0.457031 0.0323193
0.447266 0.0323465
0.445312 0.0321126
0.478516 0.0317224
0.496094 0.0311676
0.535156 0.0306668
0.496094 0.0303109
0.535156 0.0298429
0.552734 0.0287409
0.533203 0.0278442
0.519531 0.0272481
0.560547 0.0260018
0.652344 0.0247491
0.634766 0.0236197
0.568359 0.022619
0.542969 0.0219808
0.576172 0.0210551
0.583984 0.0200782
0.558594 0.0195174
0.589844 0.0190392
0.583984 0.0182895
0.599609 0.0173872
0.560547 0.0163503
0.564453 0.015109
0.552734 0.0136238
0.560547 0.0124629
0.5625 0.0114566
0.550781 0.0104335
0.548828 0.00927856
0.558594 0.00827455
0.560547 0.00752326
0.542969 0.00724177
0.521484 0.00701241
0.509766 0.00697548
0.523438 0.00729039
0.552734 0.00819554
0.542969 0.00810483
0.519531 0.00814109
0.421875 0.00867421
0.388672 0.00950473
0.419922 0.0105049
0.412109 0.0118167
0.396484 0.012435
0.351562 0.0132245
0.414062 0.0141198
0.427734 0.0148724
0.394531 0.0154553
0.373047 0.0159775
0.333984 0.0170751
0.341797 0.0179778
0.396484 0.0189544
0.408203 0.0194638
0.376953 0.020231
0.382812 0.0212244
0.414062 0.0223852
0.388672 0.0232275
0.380859 0.0240358
0.427734 0.0254492
0.455078 0.0266811
0.451172 0.0280528
0.445312 0.0293082
0.462891 0.0307907
0.425781 0.0326437
0.396484 0.0347259
0.388672 0.0365952
0.451172 0.0385092
0.507812 0.0404474
0.521484 0.0424427
0.544922 0.0446815
0.525391 0.0470134
0.554688 0.0497535
0.580078 0.0520751
0.552734 0.0538265
0.535156 0.0555791
0.552734 0.057322
0.501953 0.0589876
0.474609 0.060453
0.503906 0.0622464
0.537109 0.0642164
0.511719 0.0661093
0.492188 0.0685074
0.537109 0.0709514
0.519531 0.0730573
0.521484 0.0751767
0.544922 0.0768027
0.529297 0.0782421
0.544922 0.0805141
0.566406 0.0824095
0.611328 0.0847058
0.595703 0.0869934
0.615234 0.0889267
0.628906 0.090786
0.570312 0.0923158
0.621094 0.0942053
0.625 0.0962566
0.605469 0.0980198
0.558594 0.0997476
0.570312 0.101551
0.548828 0.103166
0.552734 0.10457
0.515625 0.105848
0.550781 0.107365
0.554688 0.108391
0.580078 0.10906
0.591797 0.109506
0.607422 0.10964
0.623047 0.109904
0.583984 0.109515
0.541016 0.10924
0.546875 0.108676
0.564453 0.108817
0.533203 0.108688
0.541016 0.108587
0.533203 0.108584
0.544922 0.108913
0.513672 0.10895
0.492188 0.109088
0.529297 0.108964
0.554688 0.108569
0.533203 0.108204
0.568359 0.107985
0.609375 0.107134
0.648438 0.105668
0.611328 0.104189
0.617188 0.103225
0.564453 0.101845
0.5625 0.100629
0.533203 0.0989337
0.492188 0.0972243
0.519531 0.0956155
0.529297 0.0939818
0.564453 0.0917825
0.523438 0.0899403
0.578125 0.0877321
0.595703 0.0858366
0.621094 0.0842066
0.595703 0.0826372
0.572266 0.0809056
0.632812 0.0794387
0.619141 0.0779184
0.595703 0.076129
0.564453 0.0747579
0.542969 0.0734298
0.451172 0.0723093
0.503906 0.0713345
0.484375 0.0700176
0.445312 0.0682986
0.423828 0.0661127
0.384766 0.0642937
0.410156 0.0623703
0.435547 0.0603627
0.402344 0.0586249
0.435547 0.0566802
0.396484 0.0553198
0.400391 0.0542762
0.455078 0.0527506
0.519531 0.0513176
0.533203 0.0500241
0.519531 0.048575
0.556641 0.0479926
0.513672 0.0473887
0.570312 0.0464152
0.621094 0.0453286
0.595703 0.0437279
0.599609 0.0419918
0.566406 0.04097
0.621094 0.0400254
0.683594 0.0390659
0.648438 0.0377775
0.662109 0.0368666
0.650391 0.03579
0.705078 0.034177
0.693359 0.0327964
0.707031 0.0316976
0.716797 0.0307549
0.757812 0.0300947
0.78125 0.029261
0.761719 0.028793
0.75 0.0286793
0.763672 0.0285915
0.783203 0.0283583
0.777344 0.0284167
0.769531 0.0288895
0.757812 0.0292842
0.775391 0.0296769
0.763672 0.0303176
0.767578 0.031031
0.740234 0.0313381
0.748047 0.031905
0.738281 0.0316756
0.730469 0.0314887
0.701172 0.0311868
0.654297 0.0309363
0.671875 0.0307362
0.71875 0.0308079
0.685547 0.0304793
0.65625 0.0300123
0.615234 0.0296845
0.6875 0.0294875
0.724609 0.0289816
0.730469 0.0283308
0.707031 0.0277829
0.708984 0.0275752
0.666016 0.0276099
0.621094 0.0277971
0.658203 0.0280941
0.673828 0.0283452
0.658203 0.0286556
0.660156 0.0284834
0.685547 0.0277481
0.681641 0.0266002
0.652344 0.0254458
0.638672 0.0242712
0.644531 0.0229757
0.628906 0.0219088
0.626953 0.021028
0.626953 0.0199633
0.628906 0.0190853
0.660156 0.0179036
0.673828 0.0173967
0.671875 0.0170722
0.746094 0.0168131
0.753906 0.0158565
0.736328 0.0148512
0.703125 0.0137158
0.708984 0.0127375
0.710938 0.0124193
0.705078 0.011826
0.669922 0.011346
0.654297 0.0109636
0.642578 0.0104834
0.625 0.00970548
0.605469 0.008896
0.576172 0.00849077
0.552734 0.00789124
0.517578 0.00739982
0.509766 0.00693449
0.5 0.00603293
0.496094 0.00561872
0.472656 0.00498254
0.523438 0.00447249
0.525391 0.00358383
0.537109 0.00252156
0.589844 0.00153548
0.548828 -2.27567e-05
0.546875 -0.0019473
0.539062 -0.00378874
0.517578 -0.00575149
0.533203 -0.00788866
0.554688 -0.00993106
0.544922 -0.0116971
0.509766 -0.0132486
0.525391 -0.0146225
0.572266 -0.0157957
0.572266 -0.0174159
0.642578 -0.0185861
0.583984 -0.0198968
0.576172 -0.0216648
0.572266 -0.0229699
0.613281 -0.0240482
0.662109 -0.0255657
0.677734 -0.0274733
0.613281 -0.0291766
0.621094 -0.030517
0.621094 -0.0317664
0.630859 -0.0327203
0.609375 -0.0338434
0.583984 -0.0356971
0.591797 -0.0368679
0.578125 -0.0383677
0.535156 -0.039157
0.474609 -0.0397563
0.447266 -0.0406935
0.476562 -0.041567
0.416016 -0.0425343
0.431641 -0.043522
0.429688 -0.0445147
0.416016 -0.0451491
0.439453 -0.0456049
0.419922 -0.0458918
0.466797 -0.046024
0.425781 -0.0465371
0.458984 -0.0475311
0.509766 -0.0483016
0.515625 -0.0493407
0.501953 -0.0503412
0.515625 -0.0510519
0.515625 -0.0520193
0.53125 -0.053228
0.523438 -0.0548213
0.466797 -0.0565768
0.478516 -0.0580504
0.507812 -0.0597584
0.546875 -0.0615825
0.523438 -0.0636315
0.574219 -0.0655638
0.533203 -0.0676671
0.558594 -0.0700427
0.5625 -0.073276
0.603516 -0.0766335
0.644531 -0.0803336
0.675781 -0.0838194
0.710938 -0.0869908
0.771484 -0.0901633
0.740234 -0.0922989
0.716797 -0.094373
0.695312 -0.0962186
0.671875 -0.0982853
0.6875 -0.100237
0.681641 -0.101861
0.65625 -0.104128
0.621094 -0.106256
0.582031 -0.109128
0.611328 -0.111674
0.619141 -0.114374
0.638672 -0.117185
0.640625 -0.119304
0.632812 -0.121178
0.652344 -0.122826
0.632812 -0.12454
0.664062 -0.126155
0.658203 -0.127455
0.673828 -0.129272
0.689453 -0.130999
0.716797 -0.132154
0.703125 -0.133637
0.681641 -0.135021
0.646484 -0.136243
0.65625 -0.13711
0.681641 -0.13867
0.634766 -0.139914
0.621094 -0.140874
0.583984 -0.142064
0.632812 -0.143154
0.669922 -0.144186
0.701172 -0.145305
0.708984 -0.146844
0.701172 -0.148145
0.669922 -0.149676
0.667969 -0.151215
0.652344 -0.152628
0.677734 -0.15401
0.65625 -0.155778
0.65625 -0.157388
0.632812 -0.159212
0.646484 -0.161188
0.597656 -0.163183
0.619141 -0.16457
0.603516 -0.166248
0.630859 -0.167631
0.595703 -0.168602
0.597656 -0.169749
0.619141 -0.17085
0.650391 -0.171789
0.660156 -0.172823
0.632812 -0.174145
0.642578 -0.174918
0.621094 -0.175368
0.628906 -0.175166
0.679688 -0.174651
0.699219 -0.174782
0.65625 -0.174899
0.626953 -0.174534
0.632812 -0.174482
0.634766 -0.173811
0.613281 -0.172759
0.621094 -0.171931
0.658203 -0.171093
0.636719 -0.170399
0.65625 -0.169551
0.681641 -0.169042
0.65625 -0.168607
0.644531 -0.168061
0.623047 -0.167376
0.595703 -0.16653
0.623047 -0.1659
0.617188 -0.165546
0.634766 -0.165821
0.578125 -0.165468
0.599609 -0.165193
0.650391 -0.164767
0.59375 -0.164625
0.609375 -0.163922
0.621094 -0.163167
0.621094 -0.162103
0.583984 -0.161025
0.5625 -0.159822
0.605469 -0.159103
0.589844 -0.15844
0.591797 -0.157671
0.576172 -0.156208
0.601562 -0.155047
0.621094 -0.153307
0.642578 -0.151975
0.634766 -0.151084
0.621094 -0.150806
0.601562 -0.15056
0.636719 -0.150123
0.574219 -0.149389
0.576172 -0.148713
0.621094 -0.148282
0.646484 -0.147639
0.65625 -0.147018
0.646484 -0.146807
0.648438 -0.146566
0.673828 -0.146078
0.646484 -0.145652
0.658203 -0.14525
0.666016 -0.145161
0.664062 -0.144901
0.671875 -0.145085
0.646484 -0.144697
0.644531 -0.144245
0.601562 -0.143601
0.609375 -0.14315
0.613281 -0.14269
0.595703 -0.141972
0.615234 -0.141713
0.660156 -0.140865
0.652344 -0.14037
0.654297 -0.140269
0.632812 -0.140883
0.640625 -0.140827
0.664062 -0.141146
0.685547 -0.141297
0.669922 -0.141536
0.662109 -0.141728
0.644531 -0.141935
0.667969 -0.141838
0.675781 -0.141714
0.681641 -0.141863
0.685547 -0.141888
0.6875 -0.141949
0.751953 -0.142855
0.740234 -0.143875
0.746094 -0.144944
0.783203 -0.145961
0.746094 -0.146539
0.744141 -0.146991
0.75 -0.14713
0.710938 -0.147329
0.708984 -0.147723
0.720703 -0.148261
0.701172 -0.148521
0.695312 -0.148361
0.748047 -0.148671
0.699219 -0.14913
0.710938 -0.149319
0.726562 -0.150067
0.757812 -0.150978
0.738281 -0.152115
0.755859 -0.152898
0.742188 -0.153726
0.726562 -0.15424
0.705078 -0.154667
0.701172 -0.15496
0.693359 -0.155389
0.691406 -0.155716
0.736328 -0.155579
0.746094 -0.154848
0.724609 -0.153562
0.765625 -0.152555
0.771484 -0.151381
0.789062 -0.150213
0.777344 -0.149268
0.767578 -0.149199
0.78125 -0.148856
0.761719 -0.148307
0.757812 -0.147558
0.714844 -0.14637
0.751953 -0.145421
0.724609 -0.144138
0.732422 -0.143237
0.732422 -0.142817
0.716797 -0.142406
0.681641 -0.142036
0.65625 -0.142012
0.654297 -0.142128
0.646484 -0.142812
0.644531 -0.14404
0.640625 -0.145364
0.636719 -0.146469
0.669922 -0.147207
0.666016 -0.147877
0.675781 -0.148361
0.691406 -0.148595
0.689453 -0.148864
0.746094 -0.14926
0.759766 -0.150103
0.738281 -0.150969
0.796875 -0.151489
0.800781 -0.152164
0.816406 -0.15263
0.792969 -0.153022
0.808594 -0.152773
0.761719 -0.152564
0.761719 -0.152229
0.761719 -0.152373
0.773438 -0.152568
0.794922 -0.151968
0.804688 -0.150749
0.806641 -0.149804
0.789062 -0.148544
0.789062 -0.147071
0.751953 -0.144955
0.720703 -0.142994
0.751953 -0.141495
0.757812 -0.139604
0.716797 -0.137868
0.660156 -0.136193
0.660156 -0.135006
0.673828 -0.134596
0.623047 -0.134196
0.615234 -0.133775
0.587891 -0.133939
0.613281 -0.134707
0.603516 -0.135571
0.623047 -0.136515
0.601562 -0.137528
0.611328 -0.138342
0.611328 -0.139632
0.669922 -0.140948
0.669922 -0.142251
0.650391 -0.143533
0.642578 -0.144423
0.677734 -0.14541
0.65625 -0.146527
0.652344 -0.147493
0.638672 -0.148268
0.683594 -0.148921
0.714844 -0.150384
0.722656 -0.151898
0.714844 -0.153142
0.779297 -0.154902
0.783203 -0.157049
0.787109 -0.159283
0.746094 -0.161133
0.679688 -0.162569
0.728516 -0.163512
0.789062 -0.164157
0.800781 -0.164861
0.796875 -0.165305
0.792969 -0.165926
0.767578 -0.167379
0.736328 -0.169184
0.746094 -0.171111
0.769531 -0.173039
0.769531 -0.174185
0.746094 -0.175269
0.751953 -0.176638
0.722656 -0.177341
0.705078 -0.178167
0.734375 -0.178549
0.703125 -0.179167
0.646484 -0.179498
0.648438 -0.179424
0.654297 -0.179048
0.683594 -0.177986
0.662109 -0.17719
0.671875 -0.176586
0.675781 -0.175349
0.763672 -0.173878
0.757812 -0.172661
0.78125 -0.172347
0.757812 -0.171576
0.720703 -0.170361
0.6875 -0.16909
0.728516 -0.167496
0.769531 -0.166427
0.763672 -0.165027
0.746094 -0.163585
0.763672 -0.161883
0.767578 -0.159795
0.722656 -0.157867
0.707031 -0.155682
0.691406 -0.153529
0.703125 -0.151532
0.673828 -0.149425
0.644531 -0.147611
0.607422 -0.146174
0.646484 -0.14468
0.662109 -0.143555
0.679688 -0.143245
0.716797 -0.142864
0.712891 -0.142774
0.667969 -0.142697
0.732422 -0.14279
0.732422 -0.142744
0.71875 -0.142423
0.714844 -0.141896
0.726562 -0.141404
0.724609 -0.140739
0.699219 -0.139892
0.697266 -0.139284
0.683594 -0.13883
0.701172 -0.138377
0.720703 -0.138234
0.736328 -0.137942
0.705078 -0.138006
0.726562 -0.138131
0.726562 -0.138289
0.71875 -0.137971
0.722656 -0.138033
0.726562 -0.138255
0.695312 -0.138293
0.699219 -0.137892
0.705078 -0.137842
0.673828 -0.137806
0.628906 -0.138
0.626953 -0.138303
0.619141 -0.138295
0.621094 -0.138636
0.619141 -0.139583
0.582031 -0.140253
0.615234 -0.14068
0.582031 -0.141073
0.566406 -0.141324
0.572266 -0.140931
0.539062 -0.140773
0.5 -0.141054
0.529297 -0.140689
0.533203 -0.140358
0.525391 -0.140233
0.511719 -0.140501
0.548828 -0.141354
0.548828 -0.142018
0.59375 -0.142771
0.597656 -0.143344
0.568359 -0.143875
0.53125 -0.144386
0.519531 -0.14483
0.515625 -0.145334
0.496094 -0.146286
0.517578 -0.147
0.527344 -0.147635
0.515625 -0.14846
0.511719 -0.149107
0.580078 -0.149883
0.566406 -0.150973
0.564453 -0.151981
0.552734 -0.152913
0.546875 -0.153765
0.529297 -0.154751
0.537109 -0.155828
0.542969 -0.15711
0.5 -0.158008
0.494141 -0.159682
0.482422 -0.161854
0.46875 -0.16428
0.472656 -0.166218
0.423828 -0.168115
0.359375 -0.169944
0.347656 -0.171415
0.376953 -0.172254
0.314453 -0.172898
0.289062 -0.173439
0.34375 -0.173778
0.351562 -0.17389
0.3125 -0.17339
0.314453 -0.173137
0.283203 -0.172998
0.326172 -0.172935
0.285156 -0.172682
0.216797 -0.172267
0.189453 -0.171327
0.197266 -0.169835
0.162109 -0.168356
0.183594 -0.167245
0.177734 -0.166102
0.150391 -0.164607
0.212891 -0.16363
0.224609 -0.162703
0.207031 -0.161851
0.208984 -0.161278
0.181641 -0.160707
0.175781 -0.159907
0.134766 -0.159459
0.15625 -0.158411
0.162109 -0.157089
0.160156 -0.156202
0.169922 -0.15536
0.152344 -0.15443
0.140625 -0.153893
0.152344 -0.153529
0.162109 -0.152762
0.146484 -0.152361
0.138672 -0.151604
0.132812 -0.151111
0.214844 -0.150759
0.177734 -0.150777
0.15625 -0.150749
0.15625 -0.150319
0.160156 -0.149061
0.160156 -0.147307
0.167969 -0.145755
0.195312 -0.144632
0.173828 -0.144038
0.191406 -0.14332
0.183594 -0.142692
0.138672 -0.142371
0.0546875 -0.141818
0.078125 -0.140559
0 -0.13949
0.00195312 -0.13814
0.0253906 -0.13662
0.0429688 -0.13455
0.0683594 -0.132674
0.0585938 -0.131085
0.0234375 -0.129134
0.0117188 -0.127559
0.0390625 -0.12565
0.0625 -0.124308
0.046875 -0.122834
0.0683594 -0.121072
0.0683594 -0.119156
0.103516 -0.117863
0.144531 -0.117005
0.123047 -0.11644
0.123047 -0.115623
0.125 -0.11454
0.109375 -0.113451
0.126953 -0.11252
0.128906 -0.110788
0.144531 -0.109542
0.121094 -0.10839
0.109375 -0.107327
0.0898438 -0.106223
0.105469 -0.105577
0.154297 -0.105149
0.123047 -0.104525
0.142578 -0.104178
0.15625 -0.103412
0.140625 -0.102848
0.1875 -0.101745
0.197266 -0.100836
0.15625 -0.10035
0.181641 -0.100132
0.167969 -0.0994975
0.177734 -0.0988872
0.169922 -0.097761
0.21875 -0.0967921
0.326172 -0.095547
0.330078 -0.0940409
0.333984 -0.0927182
0.316406 -0.0910472
0.3125 -0.0891668
0.285156 -0.0871856
0.337891 -0.0844236
0.363281 -0.0822473
0.367188 -0.0804359
0.408203 -0.0782337
0.349609 -0.0763061
0.382812 -0.0735548
0.435547 -0.0709175
0.40625 -0.0682495
0.328125 -0.0657163
0.337891 -0.0632545
0.351562 -0.0605431
0.322266 -0.0589049
0.304688 -0.0574089
0.322266 -0.056501
0.318359 -0.0555542
0.322266 -0.0546368
0.267578 -0.05421
0.271484 -0.0547408
0.232422 -0.0547462
0.246094 -0.0542914
0.193359 -0.0540278
0.238281 -0.053894
0.197266 -0.0540239
0.158203 -0.0536954
0.193359 -0.0530907
0.238281 -0.0525323
0.248047 -0.051891
0.210938 -0.0508677
0.189453 -0.0504116
0.207031 -0.0496381
0.1875 -0.049422
0.212891 -0.048684
0.240234 -0.0480537
0.191406 -0.0470911
0.197266 -0.0462298
0.197266 -0.044827
0.166016 -0.0439055
0.183594 -0.0429376
0.189453 -0.0421118
0.177734 -0.0413014
0.152344 -0.0407632
0.107422 -0.0400591
0.0449219 -0.0390814
0.03125 -0.0374994
0.0195312 -0.0361055
0.0800781 -0.0351223
0.0488281 -0.0340071
0.0449219 -0.0327263
0.0234375 -0.0314018
0.046875 -0.0301073
0.0859375 -0.0293407
0.0898438 -0.0285818
0.0722656 -0.0276195
0.0800781 -0.0269788
0.078125 -0.0261914
0.125 -0.0250337
0.123047 -0.0241516
0.144531 -0.0233456
0.199219 -0.0226218
0.177734 -0.0225467
0.115234 -0.0222858
0.0605469 -0.0217932
0.0449219 -0.0214109
0.0546875 -0.0207492
0.0507812 -0.0206625
0.0273438 -0.0206149
0.0390625 -0.0199618
0.00976562 -0.0194616
0.00195312 -0.0196633
0.015625 -0.0193749
0.00390625 -0.0191946
0.0214844 -0.0184693
0.0195312 -0.0178908
0.0625 -0.0174756
0.107422 -0.0174273
0.123047 -0.0170258
0.15625 -0.016915
0.154297 -0.0172368
0.158203 -0.0172799
0.128906 -0.0168749
0.0722656 -0.0159988
0.0507812 -0.0150973
0.0507812 -0.0140278
0.0429688 -0.0119135
0.0507812 -0.00902103
0.0585938 -0.00611847
0.0742188 -0.00355577
0.0332031 -0.00134104
0.0273438 0.00108546
0.00585938 0.00295321
0.0742188 0.00505991
0.0195312 0.00695659
0.0136719 0.00903736
0.0214844 0.0108426
0.015625 0.0132796
0.0195312 0.0153172
0.00390625 0.0166018
0 0.0175763
0.078125 0.018884
0.0996094 0.0200253
0.107422 0.0210086
0.158203 0.0217885
0.132812 0.0221089
0.181641 0.0222766
0.146484 0.0220341
0.119141 0.0216834
0.103516 0.0217615
0.132812 0.02251
0.136719 0.0235769
0.119141 0.0246968
0.146484 0.0253661
0.154297 0.0260451
0.103516 0.0267309
0.160156 0.0275004
0.0820312 0.0283814
0.0664062 0.0296388
0.0078125 0.0307557
0.00195312 0.0316225
0.00585938 0.0327684
0.0175781 0.0340937
0.015625 0.035491
0.00195312 0.0366504
0.00390625 0.0378892
0.015625 0.0390767
0.0488281 0.0410348
0.0664062 0.0424816
0.0976562 0.0441128
0.169922 0.0456834
0.0390625 0.0470592
0.0410156 0.0485184
0.0585938 0.0502071
0.0683594 0.0517379
0.0800781 0.0532726
0.0859375 0.0542161
0.109375 0.0554352
0.138672 0.0566184
0.15625 0.0582051
0.138672 0.0599356
0.0957031 0.0611812
0.126953 0.0629896
0.15625 0.0648147
0.160156 0.0659328
0.183594 0.0670637
0.185547 0.0684162
0.185547 0.0698242
0.152344 0.0707989
0.140625 0.0723181
0.152344 0.0738653
0.193359 0.0752896
0.177734 0.0767482
0.203125 0.0778673
0.246094 0.0787978
0.232422 0.0804467
0.234375 0.0821735
0.259766 0.0838532
0.244141 0.0854721
0.228516 0.0876863
0.242188 0.0897888
0.240234 0.0914686
0.302734 0.0929876
0.382812 0.0940536
0.335938 0.0950242
0.333984 0.0963027
0.375 0.097647
0.351562 0.099346
0.359375 0.100537
0.402344 0.101533
0.458984 0.102483
0.40625 0.102691
0.396484 0.102787
0.392578 0.102664
0.400391 0.102103
0.404297 0.101825
0.375 0.100865
0.345703 0.0992941
0.351562 0.0978491
0.380859 0.0961517
0.382812 0.0945623
0.369141 0.0928208
0.417969 0.0907164
0.412109 0.0894853
0.394531 0.0883145
0.333984 0.0880621
0.404297 0.0880339
0.412109 0.0877654
0.417969 0.086944
0.435547 0.0860951
0.435547 0.0857997
0.439453 0.0850456
0.478516 0.0844559
0.486328 0.0841024
0.470703 0.0834862
0.445312 0.0832448
0.423828 0.0824388
0.353516 0.0817189
0.335938 0.0817083
0.355469 0.0812146
0.316406 0.0806221
0.298828 0.0796115
0.273438 0.0788903
0.283203 0.0786048
0.332031 0.0785306
0.326172 0.0784259
0.277344 0.078304
0.291016 0.0782536
0.253906 0.0781893
0.269531 0.0778034
0.269531 0.0776092
0.228516 0.0778061
0.261719 0.0783468
0.279297 0.0791679
0.332031 0.0797837
0.345703 0.0801758
0.316406 0.0798714
0.279297 0.0803625
0.216797 0.0813727
0.269531 0.0823855
0.240234 0.0833567
0.248047 0.0842128
0.253906 0.0846184
0.224609 0.0847495
0.308594 0.0841853
0.310547 0.0836061
0.291016 0.0829458
0.306641 0.0824134
0.292969 0.0815741
0.269531 0.0800941
0.304688 0.0781526
0.322266 0.0763089
0.296875 0.0747458
0.224609 0.073615
0.242188 0.0728194
0.212891 0.072359
0.232422 0.0722689
0.1875 0.0720951
0.201172 0.0718714
0.1875 0.0715953
0.224609 0.0720501
0.222656 0.0724998
0.244141 0.0727243
0.214844 0.072951
0.195312 0.0734573
0.166016 0.0743432
0.130859 0.0752799
0.107422 0.0764781
0.0957031 0.0779054
0.128906 0.079606
0.154297 0.0812207
0.152344 0.0832671
0.103516 0.0848383
0.111328 0.0864638
0.078125 0.088129
0.123047 0.0895962
0.142578 0.0907971
0.09375 0.0921565
0.078125 0.0937012
0.0625 0.0953325
0.015625 0.0972665
0.0527344 0.0991902
0.078125 0.100495
0.0644531 0.101413
0.0449219 0.102359
0.00976562 0.103117
0.0136719 0.103874
0.0234375 0.103999
0.0351562 0.104284
0.0253906 0.104511
0.00976562 0.104816
0.0253906 0.105179
0.123047 0.105275
0.0488281 0.105376
0.0703125 0.104814
0.0273438 0.10396
0.0214844 0.103119
0.0136719 0.102183
0.00976562 0.101431
0.0117188 0.100995
0.00195312 0.100335
0.03125 0.099149
0.0488281 0.0980968
0.0722656 0.0975522
0.123047 0.0966364
0.0957031 0.0954592
0.123047 0.0949631
0.136719 0.0943345
0.142578 0.0936741
0.134766 0.0935521
0.183594 0.0938945
0.195312 0.0944833
0.183594 0.0950584
0.160156 0.0955955
0.173828 0.0967642
0.126953 0.0976793
0.121094 0.0987013
0.0878906 0.0992233
0.109375 0.0994785
0.0507812 0.0999328
0.0253906 0.100391
0.0078125 0.100677
0.0390625 0.100572
0.0273438 0.0998884
0.0253906 0.0992961
0.0136719 0.0984742
0.0117188 0.0978285
0.00976562 0.0974792
0.0195312 0.0975561
0.00195312 0.0973979
0.0117188 0.0969066
0.0175781 0.0965219
0.0195312 0.0962279
0.0488281 0.095835
0.0449219 0.0948833
0.0371094 0.0939059
0.0722656 0.0935848
0.107422 0.0930956
0.0878906 0.0925054
0.0996094 0.0919047
0.015625 0.0916585
0.0273438 0.0924357
0.015625 0.0929689
0.00390625 0.093106
0.0332031 0.0936358
0.00976562 0.0939093
0.00976562 0.0937446
0.0703125 0.093389
0.113281 0.0931544
0.113281 0.0929126
0.130859 0.0929006
0.117188 0.0931394
0.171875 0.0937565
0.205078 0.0940211
0.175781 0.094623
0.212891 0.095732
0.203125 0.0969066
0.15625 0.0981688
0.105469 0.100032
0.09375 0.101643
0.111328 0.103159
0.115234 0.104209
0.0996094 0.104514
0.115234 0.104559
0.0898438 0.104893
0.0625 0.105365
0.00390625 0.105718
0.0214844 0.106565
0.00585938 0.107191
0.0449219 0.108196
0.00976562 0.108642
0.00976562 0.109534
0.0566406 0.111002
0.0917969 0.112388
0.0917969 0.113977
0.0957031 0.116338
0.119141 0.118557
0.138672 0.12046
0.0898438 0.122599
0.0859375 0.125039
0.0585938 0.128154
0.0878906 0.131375
0.078125 0.134361
0.0761719 0.136963
0.126953 0.139806
0.0820312 0.142545
0.0605469 0.14492
0.0703125 0.147225
0.136719 0.149622
0.148438 0.151369
0.125 0.152524
0.130859 0.15348
0.132812 0.155309
0.123047 0.156841
0.142578 0.158394
0.109375 0.160013
0.105469 0.161901
0.199219 0.163555
0.212891 0.165002
0.197266 0.16651
0.193359 0.167581
0.181641 0.168757
0.240234 0.170013
0.230469 0.171613
0.201172 0.172684
0.185547 0.17318
0.167969 0.173773
0.210938 0.173902
0.205078 0.173566
0.216797 0.173475
0.253906 0.173643
0.25 0.173708
0.269531 0.173484
0.28125 0.173129
0.259766 0.172458
0.292969 0.171703
0.306641 0.171263
0.308594 0.170782
0.257812 0.170147
0.265625 0.169711
0.298828 0.169736
0.353516 0.1686
0.375 0.167823
0.373047 0.166896
0.421875 0.166641
0.4375 0.165462
0.417969 0.164314
0.388672 0.163233
0.416016 0.162484
0.373047 0.162012
0.349609 0.161403
0.341797 0.160379
0.314453 0.158991
0.332031 0.157501
0.359375 0.155311
0.412109 0.153687
0.390625 0.152442
0.367188 0.150788
0.353516 0.148976
0.283203 0.147704
0.3125 0.146912
0.308594 0.146332
0.304688 0.145654
0.339844 0.145784
0.330078 0.14487
0.326172 0.144276
0.316406 0.143587
0.316406 0.142805
0.289062 0.14242
0.28125 0.141589
0.304688 0.141331
0.287109 0.141056
0.332031 0.140545
0.292969 0.140229
0.207031 0.13947
0.208984 0.138391
0.205078 0.137552
0.255859 0.13695
0.208984 0.136718
0.230469 0.136517
0.236328 0.135515
0.265625 0.134704
0.173828 0.133188
0.197266 0.131778
0.150391 0.130718
0.162109 0.12916
0.205078 0.127754
0.236328 0.125516
0.230469 0.123326
0.248047 0.121296
0.195312 0.119518
0.199219 0.118526
0.109375 0.117824
0.125 0.117569
0.140625 0.116518
0.148438 0.115743
0.201172 0.115106
0.171875 0.114308
0.123047 0.113454
0.142578 0.11276
0.205078 0.112231
0.183594 0.112071
0.189453 0.111538
0.242188 0.110703
0.238281 0.110169
0.265625 0.109044
0.261719 0.108265
0.21875 0.106849
0.228516 0.105689
0.214844 0.104481
0.210938 0.103286
0.269531 0.102141
0.271484 0.101149
0.28125 0.0999425
0.324219 0.0988044
0.359375 0.0972778
0.390625 0.0963282
0.429688 0.0950245
0.427734 0.093821
0.453125 0.0927075
0.519531 0.0911927
0.546875 0.0902218
0.521484 0.0891516
0.537109 0.0875806
0.595703 0.0864156
0.578125 0.0853315
0.605469 0.0848031
0.554688 0.0844422
0.509766 0.0843947
0.544922 0.0840007
0.568359 0.083512
0.585938 0.0825433
0.626953 0.0817359
0.632812 0.0808268
0.654297 0.0799914
0.675781 0.0782735
0.730469 0.0768369
0.691406 0.0754212
0.654297 0.0737846
0.636719 0.0728596
0.617188 0.0714906
0.617188 0.0703631
0.591797 0.0683389
0.626953 0.0659573
0.642578 0.0641128
0.685547 0.0620334
0.642578 0.0603783
0.650391 0.0590914
0.646484 0.0579199
0.644531 0.056524
0.625 0.0551406
0.652344 0.0540841
0.644531 0.0522599
0.638672 0.0505921
0.648438 0.0491607
0.640625 0.0476238
0.615234 0.0459944
0.636719 0.0439578
0.664062 0.0419784
0.615234 0.0402512
0.607422 0.038479
0.623047 0.037055
0.630859 0.0353079
0.605469 0.0332798
0.652344 0.0319651
0.634766 0.0299549
0.580078 0.0282469
0.587891 0.0262696
0.59375 0.024555
0.589844 0.0224903
0.597656 0.0206415
0.552734 0.0185907
0.533203 0.0163982
0.537109 0.0144617
0.533203 0.0126563
0.488281 0.0102243
0.466797 0.00763487
0.447266 0.00508421
0.435547 0.00337819
0.390625 0.00156585
0.40625 -0.000467972
0.416016 -0.00279412
0.412109 -0.00512334
0.365234 -0.00789169
0.376953 -0.0100977
0.347656 -0.0121081
0.351562 -0.0154478
0.332031 -0.018922
0.28125 -0.0228834
0.322266 -0.0259129
0.310547 -0.0291624
0.294922 -0.0326851
0.289062 -0.0362685
0.232422 -0.0395454
0.251953 -0.0425934
0.289062 -0.0449191
0.279297 -0.0480456
0.296875 -0.0512302
0.304688 -0.0540982
0.316406 -0.056978
0.291016 -0.0595618
0.246094 -0.0624925
0.214844 -0.0645325
0.183594 -0.067444
0.158203 -0.070117
0.148438 -0.0732407
0.179688 -0.075909
0.136719 -0.0785327
0.173828 -0.0813901
0.175781 -0.0837042
0.181641 -0.0866744
0.226562 -0.0905477
0.207031 -0.0940911
0.201172 -0.096957
0.242188 -0.100217
0.238281 -0.102854
0.208984 -0.105435
0.199219 -0.10787
0.21875 -0.110695
0.261719 -0.11361
0.25 -0.116754
0.205078 -0.119417
0.162109 -0.121811
0.191406 -0.12441
0.210938 -0.126808
0.226562 -0.129217
0.21875 -0.130904
0.224609 -0.132725
0.191406 -0.135103
0.166016 -0.137599
0.132812 -0.140062
0.138672 -0.14256
0.111328 -0.145617
0.158203 -0.147954
0.214844 -0.149984
0.1875 -0.151873
0.238281 -0.153691
0.205078 -0.155248
0.181641 -0.156631
0.201172 -0.157536
0.210938 -0.158733
0.160156 -0.160208
0.199219 -0.162062
0.216797 -0.163992
0.212891 -0.165593
0.226562 -0.167088
0.271484 -0.16769
0.292969 -0.168521
0.332031 -0.169301
0.326172 -0.170175
0.300781 -0.171123
0.314453 -0.172442
0.322266 -0.174294
0.314453 -0.175463
0.388672 -0.17718
0.361328 -0.179547
0.361328 -0.181418
0.375 -0.183456
0.375 -0.185719
0.365234 -0.188579
0.349609 -0.190591
0.359375 -0.19245
0.373047 -0.194175
0.363281 -0.195662
0.337891 -0.197019
0.316406 -0.19821
0.324219 -0.199877
0.300781 -0.201505
0.289062 -0.203229
0.289062 -0.204523
0.269531 -0.205468
0.257812 -0.206425
0.244141 -0.207595
0.251953 -0.208237
0.171875 -0.208805
0.1875 -0.209411
0.177734 -0.210295
0.144531 -0.210939
0.224609 -0.21218
0.164062 -0.213969
0.199219 -0.215692
0.228516 -0.21613
0.285156 -0.216463
0.292969 -0.216902
0.271484 -0.217761
0.285156 -0.218925
0.263672 -0.219987
0.269531 -0.221823
0.251953 -0.222728
0.230469 -0.223393
0.175781 -0.224332
0.140625 -0.225631
0.103516 -0.22714
0.142578 -0.229094
0.173828 -0.230871
0.236328 -0.232778
0.291016 -0.234923
0.271484 -0.236681
0.316406 -0.237814
0.277344 -0.238504
0.267578 -0.238966
0.255859 -0.23866
0.28125 -0.238088
0.265625 -0.237981
0.234375 -0.23779
0.238281 -0.237316
0.283203 -0.237108
0.269531 -0.237444
0.279297 -0.238195
0.267578 -0.238706
0.25 -0.239445
0.226562 -0.240799
0.261719 -0.24285
0.322266 -0.244408
0.324219 -0.246232
0.318359 -0.247539
0.294922 -0.24877
0.279297 -0.249478
0.296875 -0.249486
0.203125 -0.250024
0.210938 -0.250893
0.220703 -0.25156
0.21875 -0.252141
0.197266 -0.253014
0.197266 -0.253987
0.195312 -0.253946
0.173828 -0.254296
0.158203 -0.254197
0.123047 -0.254415
0.177734 -0.25426
0.138672 -0.254173
0.119141 -0.253787
0.0917969 -0.253739
0.0253906 -0.253493
0.0214844 -0.252695
0.00390625 -0.251864
0.0332031 -0.251357
0.0546875 -0.251027
0.03125 -0.251216
0.0449219 -0.251188
0.0800781 -0.251998
0.132812 -0.252707
0.130859 -0.253
0.113281 -0.253185
0.154297 -0.253664
0.193359 -0.254073
0.162109 -0.253519
0.189453 -0.252798
0.140625 -0.25217
0.128906 -0.250906
0.162109 -0.24973
0.203125 -0.248353
0.185547 -0.247064
0.132812 -0.245843
0.152344 -0.244512
0.0996094 -0.242578
0.0292969 -0.240917
0.117188 -0.239833
0.152344 -0.23879
0.142578 -0.237552
0.113281 -0.236084
0.119141 -0.234564
0.150391 -0.232692
0.154297 -0.230409
0.160156 -0.228199
0.123047 -0.226643
0.183594 -0.225426
0.169922 -0.224189
0.160156 -0.223437
0.128906 -0.222492
0.121094 -0.22057
0.0976562 -0.218589
0.148438 -0.216494
0.132812 -0.215007
0.142578 -0.213491
0.128906 -0.211212
0.0917969 -0.208862
0.111328 -0.206919
0.113281 -0.204661
0.132812 -0.2015
0.173828 -0.198135
0.205078 -0.195477
0.169922 -0.192756
0.126953 -0.189821
0.130859 -0.186808
0.0859375 -0.184058
0.0859375 -0.181341
0.183594 -0.17882
0.1875 -0.176337
0.183594 -0.173784
0.121094 -0.171409
0.123047 -0.168949
0.117188 -0.166444
0.0820312 -0.163892
0.0449219 -0.161541
0.03125 -0.159491
0.0605469 -0.158103
0.0488281 -0.156257
0.0488281 -0.154332
0.0644531 -0.152471
0.046875 -0.150542
0.0429688 -0.148065
0.0625 -0.145212
0.0800781 -0.142568
0.0625 -0.139945
0.0644531 -0.138459
0.107422 -0.136755
0.103516 -0.133669
0.0585938 -0.131074
0.0761719 -0.128277
0.103516 -0.125564
0.0507812 -0.122822
0.111328 -0.12
0.0605469 -0.117369
0.0332031 -0.114327
0.0410156 -0.111034
0.0625 -0.107593
0.0839844 -0.104311
0.107422 -0.101495
0.175781 -0.0995906
0.203125 -0.0978245
0.205078 -0.0966952
0.164062 -0.0955028
0.171875 -0.0949398
0.115234 -0.0946853
0.166016 -0.0947385
0.169922 -0.0945341
0.148438 -0.0940085
0.121094 -0.0939928
0.123047 -0.0941174
0.177734 -0.0936174
0.222656 -0.0929528
0.240234 -0.0921331
0.265625 -0.0920944
0.265625 -0.0922248
0.222656 -0.0923926
0.230469 -0.0918122
0.234375 -0.0913957
0.162109 -0.090049
0.171875 -0.0888167
0.191406 -0.0872949
0.175781 -0.0856986
0.193359 -0.0845797
0.193359 -0.0832771
0.177734 -0.0815523
0.199219 -0.0795373
0.175781 -0.0775899
0.210938 -0.0759685
0.144531 -0.0745103
0.117188 -0.0726962
0.138672 -0.071177
0.150391 -0.0694526
0.126953 -0.0680644
0.111328 -0.0661483
0.0878906 -0.064731
0.0449219 -0.0623439
0.0332031 -0.0609846
0.0195312 -0.0602855
0.0507812 -0.0590465
0.00976562 -0.0577417
0.0175781 -0.0561696
0.0351562 -0.054729
0.0214844 -0.053254
0.046875 -0.0522347
0.0253906 -0.0506315
0.0527344 -0.0491988
0.0527344 -0.0475268
0.0957031 -0.0450069
0.0839844 -0.0425791
0.0136719 -0.0404535
0.0527344 -0.0385648
0.0410156 -0.0361213
0.046875 -0.0337597
0.03125 -0.0311171
0.0664062 -0.0284287
0.0488281 -0.0257233
0.00390625 -0.0229181
0.00390625 -0.0196885
0.0351562 -0.0167695
0.0371094 -0.0136368
0.0175781 -0.0107541
0.0175781 -0.00731499
0.00976562 -0.00405645
0.0390625 -0.00120161
0.00585938 0.00199389
0.0566406 0.00487586
0.0957031 0.00839992
0.115234 0.0122644
0.09375 0.0157078
0.09375 0.0194398
0.130859 0.0227596
0.144531 0.026119
0.181641 0.0289465
0.119141 0.0318645
0.166016 0.0353366
0.199219 0.038255
0.175781 0.0417273
0.205078 0.0451601
0.236328 0.0487778
0.167969 0.0524149
0.224609 0.0553975
0.224609 0.0583066
0.224609 0.0615703
0.214844 0.0645804
0.220703 0.0680128
0.203125 0.0714748
0.113281 0.0749545
0.15625 0.0786772
0.105469 0.0826476
0.00195312 0.0861168
0.00976562 0.0899638
0.00585938 0.0933714
0.0136719 0.0971303
0.0195312 0.101402
0.0742188 0.105145
0.132812 0.109272
0.144531 0.113489
0.103516 0.117857
0.130859 0.122055
0.158203 0.126235
0.169922 0.130821
0.207031 0.134804
0.197266 0.1383
0.167969 0.141495
0.154297 0.145615
0.128906 0.148993
0.167969 0.15258
0.244141 0.155754
0.199219 0.158847
0.205078 0.161071
0.244141 0.162883
0.269531 0.163677
0.232422 0.16562
0.226562 0.167491
0.183594 0.169338
0.175781 0.171642
0.181641 0.173643
0.214844 0.175456
0.205078 0.177345
0.205078 0.178822
0.195312 0.179859
0.177734 0.181297
0.169922 0.183264
0.158203 0.185294
0.09375 0.187131
0.121094 0.18845
0.117188 0.190066
0.0957031 0.191619
0.0917969 0.193296
0.0683594 0.19452
0.0214844 0.195433
0.00976562 0.19714
0.0175781 0.19878
0.0195312 0.199624
0.0195312 0.20074
0.0664062 0.201144
0.0253906 0.201193
0.015625 0.201771
0.0351562 0.201837
0.00585938 0.202287
0.0488281 0.202925
0.0351562 0.203303
0.0859375 0.203542
0.0996094 0.203808
0.105469 0.203797
0.113281 0.203636
0.0859375 0.20308
0.101562 0.203432
0.0996094 0.204581
0.132812 0.206694
0.15625 0.208865
0.121094 0.211201
0.101562 0.213622
0.0839844 0.216411
0.0410156 0.218929
0.0644531 0.22167
0.115234 0.22417
0.09375 0.2254
0.105469 0.226239
0.0644531 0.227687
0.0644531 0.228933
0.0195312 0.230385
0.0410156 0.231968
0.0253906 0.233422
0.0078125 0.234463
0.00390625 0.235936
0.046875 0.237572
0.0410156 0.238986
0.0410156 0.240625
0.0429688 0.242216
0.0449219 0.243623
0.0644531 0.244253
0.0839844 0.244924
0.0839844 0.246794
0.0683594 0.248074
0.0996094 0.249566
0.0683594 0.251041
0.0722656 0.25281
0.103516 0.255024
0.107422 0.258051
0.107422 0.261741
0.0996094 0.265051
0.0878906 0.267695
0.148438 0.270271
0.144531 0.27261
0.205078 0.275195
0.228516 0.277808
0.1875 0.280183
0.285156 0.282396
0.263672 0.284581
0.273438 0.287183
0.248047 0.289526
0.253906 0.292185
0.25 0.295161
0.255859 0.298045
0.234375 0.301421
0.263672 0.304366
0.275391 0.30693
0.273438 0.308857
0.285156 0.310766
0.253906 0.311882
0.236328 0.313366
0.236328 0.315079
0.246094 0.316475
0.255859 0.318248
0.224609 0.320021
0.212891 0.32132
0.21875 0.32315
0.195312 0.324902
0.193359 0.326555
0.283203 0.328089
0.269531 0.329361
0.292969 0.33024
0.283203 0.331049
0.369141 0.332214
0.40625 0.333929
0.388672 0.336509
0.412109 0.338825
0.439453 0.341152
0.361328 0.342963
0.373047 0.345946
0.40625 0.348775
0.443359 0.350871
0.412109 0.352828
0.408203 0.354968
0.445312 0.357044
0.460938 0.358588
0.439453 0.359856
0.402344 0.360997
0.4375 0.362079
0.46875 0.362964
0.474609 0.364319
0.458984 0.364642
0.496094 0.366052
0.548828 0.366733
0.568359 0.366383
0.59375 0.366046
0.578125 0.365632
0.558594 0.365431
0.533203 0.364707
0.482422 0.363654
0.458984 0.361898
0.492188 0.360003
0.486328 0.357472
0.486328 0.354748
0.484375 0.351485
0.511719 0.347873
0.556641 0.344037
0.560547 0.340993
0.53125 0.338678
0.539062 0.33654
0.580078 0.334575
0.505859 0.332329
0.503906 0.329765
0.470703 0.327299
0.472656 0.324339
0.441406 0.321761
0.376953 0.319662
0.365234 0.317902
0.365234 0.31597
0.347656 0.313716
0.363281 0.311173
0.353516 0.308687
0.414062 0.306419
0.371094 0.303995
0.421875 0.302135
0.394531 0.30024
0.34375 0.29788
0.365234 0.295721
0.3125 0.294325
0.275391 0.29285
0.279297 0.290811
0.279297 0.288862
0.234375 0.287529
0.232422 0.286426
0.228516 0.284817
0.257812 0.282719
0.248047 0.281196
0.199219 0.279938
0.21875 0.278905
0.271484 0.277879
0.277344 0.277394
0.259766 0.276713
0.275391 0.276677
0.216797 0.276658
0.191406 0.276423
0.179688 0.275838
0.164062 0.275258
0.142578 0.275047
0.109375 0.274941
0.117188 0.274368
0.128906 0.273913
0.111328 0.272997
0.146484 0.272093
0.167969 0.271312
0.166016 0.270089
0.162109 0.26891
0.230469 0.267506
0.265625 0.265391
0.234375 0.26352
0.242188 0.261739
0.248047 0.259561
0.212891 0.257675
0.158203 0.256158
0.189453 0.255811
0.160156 0.255088
0.210938 0.253809
0.191406 0.252226
0.160156 0.250847
0.207031 0.249839
0.283203 0.248447
0.25 0.246987
0.236328 0.24545
0.222656 0.243901
0.242188 0.243056
0.275391 0.241211
0.296875 0.239606
0.298828 0.238323
0.349609 0.236677
0.371094 0.235104
0.351562 0.232119
0.347656 0.229281
0.369141 0.226829
0.390625 0.224303
0.429688 0.221423
0.404297 0.218704
0.333984 0.215225
0.339844 0.212445
0.384766 0.209816
0.363281 0.206766
0.298828 0.204533
0.318359 0.201638
0.292969 0.198774
0.326172 0.1959
0.318359 0.193139
0.337891 0.190147
0.423828 0.18778
0.417969 0.184466
0.410156 0.18175
0.40625 0.179878
0.388672 0.177499
0.435547 0.175849
0.392578 0.173918
0.378906 0.171734
0.378906 0.169684
0.369141 0.167975
0.380859 0.16579
0.382812 0.163982
0.402344 0.161665
0.427734 0.15854
0.404297 0.154922
0.394531 0.151745
0.412109 0.14957
0.419922 0.146854
0.441406 0.143833
0.347656 0.140837
0.345703 0.137428
0.333984 0.13362
0.347656 0.128905
0.386719 0.123934
0.349609 0.119345
0.271484 0.114175
0.287109 0.109262
0.294922 0.104513
0.271484 0.0997244
0.273438 0.0951909
0.316406 0.0910195
0.341797 0.0870551
0.355469 0.082495
0.306641 0.0783793
0.363281 0.0745203
0.339844 0.0701345
0.34375 0.0655357
0.310547 0.0607608
0.253906 0.0552733
0.236328 0.0502428
0.242188 0.0451619
0.322266 0.040164
0.267578 0.0355904
0.275391 0.0307191
0.253906 0.0257944
0.222656 0.0201104
0.259766 0.0148032
0.230469 0.0100167
0.212891 0.00558772
0.208984 0.00101173
0.25 -0.00334836
0.294922 -0.00761885
0.310547 -0.0121124
0.28125 -0.0164396
0.265625 -0.0200036
0.251953 -0.0237077
0.285156 -0.0271439
0.294922 -0.029814
0.267578 -0.0323954
0.285156 -0.0344682
0.275391 -0.0366757
0.283203 -0.0387909
0.257812 -0.0414948
0.259766 -0.0442195
0.259766 -0.0460373
0.296875 -0.0481289
0.292969 -0.0506081
0.306641 -0.0536567
0.287109 -0.0572471
0.25 -0.0605016
0.291016 -0.0641511
0.240234 -0.0677444
0.222656 -0.0722218
0.201172 -0.0764567
0.177734 -0.0805431
0.169922 -0.0852351
0.212891 -0.0897528
0.15625 -0.09457
0.132812 -0.0988109
0.101562 -0.102903
0.101562 -0.106945
0.0976562 -0.110206
0.132812 -0.113353
0.0976562 -0.117054
0.150391 -0.121158
0.166016 -0.124766
0.181641 -0.128695
0.195312 -0.133028
0.166016 -0.137413
0.179688 -0.141788
0.179688 -0.14642
0.212891 -0.151603
0.210938 -0.15659
0.234375 -0.160911
0.277344 -0.16544
0.279297 -0.170281
0.277344 -0.175033
0.265625 -0.179502
0.275391 -0.184092
0.298828 -0.189618
0.318359 -0.195591
0.289062 -0.201248
0.236328 -0.206425
0.261719 -0.211194
0.310547 -0.216223
0.330078 -0.219958
0.369141 -0.223312
0.341797 -0.22647
0.353516 -0.22949
0.287109 -0.232905
0.326172 -0.236213
0.322266 -0.239159
0.330078 -0.241528
0.333984 -0.243937
0.326172 -0.246357
0.308594 -0.249096
0.3125 -0.252221
0.320312 -0.25472
0.300781 -0.256669
0.310547 -0.258132
0.310547 -0.259585
0.275391 -0.261147
0.244141 -0.263592
0.234375 -0.266649
0.214844 -0.27033
0.238281 -0.273512
0.226562 -0.275487
0.251953 -0.277117
0.212891 -0.27991
0.208984 -0.282426
0.207031 -0.285317
0.232422 -0.28827
0.226562 -0.291888
0.236328 -0.295228
0.248047 -0.298877
0.326172 -0.302124
0.330078 -0.30579
0.351562 -0.309178
0.382812 -0.312961
0.353516 -0.316326
0.363281 -0.318818
0.339844 -0.321542
0.380859 -0.32352
0.367188 -0.326006
0.371094 -0.328122
0.380859 -0.330326
0.339844 -0.332951
0.375 -0.336269
0.384766 -0.340324
0.40625 -0.344162
0.414062 -0.347402
0.339844 -0.350403
0.322266 -0.353688
0.275391 -0.356409
0.273438 -0.359056
0.259766 -0.361331
0.306641 -0.36417
0.318359 -0.366969
0.330078 -0.370428
0.380859 -0.374297
0.376953 -0.377788
0.408203 -0.381888
0.388672 -0.385557
0.326172 -0.388421
0.322266 -0.391587
0.242188 -0.394818
0.257812 -0.396704
0.304688 -0.399488
0.310547 -0.40193
0.289062 -0.404617
0.322266 -0.407351
0.265625 -0.409989
0.244141 -0.412234
0.177734 -0.415504
0.193359 -0.418438
0.183594 -0.421407
0.111328 -0.424663
0.0996094 -0.427136
0.144531 -0.429655
0.210938 -0.432227
0.253906 -0.434284
0.232422 -0.436163
0.234375 -0.436836
0.208984 -0.437438
0.191406 -0.438363
0.169922 -0.439282
0.148438 -0.439981
0.144531 -0.441072
0.132812 -0.44184
0.140625 -0.442581
0.0996094 -0.443083
0.0957031 -0.442605
0.109375 -0.441882
0.144531 -0.441387
0.115234 -0.44151
0.0585938 -0.44172
0.0800781 -0.441819
0.105469 -0.442325
0.0742188 -0.443351
0.0292969 -0.443651
0.0917969 -0.444385
0.0585938 -0.445762
0.0605469 -0.446689
0.0605469 -0.448345
0.0585938 -0.449843
0.0351562 -0.45188
0.00976562 -0.452415
0.0351562 -0.452677
0.00976562 -0.452771
0.0195312 -0.452688
0.0078125 -0.452719
0.0820312 -0.453611
0.09375 -0.455098
0.130859 -0.457276
0.125 -0.459043
0.146484 -0.460531
0.179688 -0.462899
0.164062 -0.465276
0.134766 -0.466862
0.150391 -0.468685
0.179688 -0.470014
0.212891 -0.471538
0.275391 -0.473861
0.287109 -0.476239
0.298828 -0.478556
0.328125 -0.481394
0.318359 -0.484053
0.304688 -0.485732
0.289062 -0.487557
0.289062 -0.489307
0.265625 -0.491104
0.248047 -0.492348
0.201172 -0.493224
0.25 -0.493687
0.275391 -0.494994
0.251953 -0.496405
0.263672 -0.497853
0.234375 -0.499105
0.230469 -0.499369
0.167969 -0.499965
0.146484 -0.500088
0.144531 -0.499874
0.121094 -0.499789
0.132812 -0.499283
0.199219 -0.498919
0.146484 -0.499501
0.121094 -0.499259
0.136719 -0.499533
0.173828 -0.499448
0.195312 -0.498587
0.185547 -0.497299
0.177734 -0.495608
0.15625 -0.493721
0.169922 -0.492168
0.195312 -0.49082
0.259766 -0.488999
0.287109 -0.487499
0.283203 -0.485834
0.304688 -0.484798
0.34375 -0.483604
0.294922 -0.481966
0.324219 -0.480609
0.335938 -0.480137
0.28125 -0.47989
0.308594 -0.479139
0.306641 -0.478842
0.277344 -0.47871
0.341797 -0.478215
0.359375 -0.478167
0.310547 -0.478097
0.314453 -0.478098
0.304688 -0.477732
0.351562 -0.477775
0.371094 -0.477912
0.402344 -0.478354
0.373047 -0.478387
0.371094 -0.479003
0.306641 -0.479964
0.330078 -0.480405
0.328125 -0.480449
0.326172 -0.480248
0.351562 -0.480221
0.349609 -0.480591
0.34375 -0.481357
0.328125 -0.481662
0.3125 -0.482449
0.273438 -0.483056
0.291016 -0.482866
0.232422 -0.482469
0.261719 -0.481867
0.248047 -0.481319
0.302734 -0.481358
0.265625 -0.481415
0.216797 -0.481337
0.269531 -0.480205
0.271484 -0.478793
0.197266 -0.477003
0.175781 -0.475048
0.203125 -0.473345
0.222656 -0.472797
0.214844 -0.471545
0.205078 -0.47069
0.214844 -0.46928
0.216797 -0.467708
0.181641 -0.465669
0.164062 -0.464848
0.177734 -0.463432
0.203125 -0.46239
0.210938 -0.462868
0.289062 -0.46295
0.244141 -0.463122
0.240234 -0.462321
0.205078 -0.461624
0.224609 -0.460919
0.21875 -0.461
0.175781 -0.460226
0.232422 -0.45891
0.175781 -0.45695
0.169922 -0.454666
0.189453 -0.452305
0.164062 -0.45048
0.136719 -0.44874
0.142578 -0.447064
0.183594 -0.445702
0.201172 -0.443702
0.222656 -0.441487
0.234375 -0.439483
0.203125 -0.438182
0.199219 -0.43648
0.193359 -0.435053
0.214844 -0.43382
0.246094 -0.433028
0.234375 -0.432384
0.240234 -0.431559
0.234375 -0.43063
0.25 -0.42958
0.214844 -0.42792
0.189453 -0.426454
0.208984 -0.425614
0.21875 -0.423681
0.193359 -0.421772
0.144531 -0.419462
0.126953 -0.416969
0.123047 -0.41261
0.105469 -0.407644
0.130859 -0.402499
0.134766 -0.398155
0.158203 -0.394687
0.103516 -0.390045
0.105469 -0.385866
0.115234 -0.382144
0.117188 -0.378739
0.128906 -0.374732
0.136719 -0.371084
0.121094 -0.367923
0.117188 -0.364701
0.0859375 -0.362527
0.0371094 -0.359922
0.0234375 -0.35675
0.109375 -0.35365
0.107422 -0.350591
0.0546875 -0.346825
0.0683594 -0.343332
0.0292969 -0.33902
0.0078125 -0.334153
0.0175781 -0.330577
0.0351562 -0.32729
0.0195312 -0.322699
0.0644531 -0.318264
0.0546875 -0.313773
0.015625 -0.308032
0.0214844 -0.302854
0.0078125 -0.298191
0.03125 -0.293826
0.0273438 -0.290008
0.00976562 -0.286399
0.00976562 -0.282549
0.0644531 -0.279834
0.0488281 -0.277318
0.00195312 -0.275591
0.0175781 -0.273873
0.00195312 -0.271543
0.03125 -0.268764
0.0585938 -0.265995
0.0722656 -0.264146
0.121094 -0.262328
0.101562 -0.260473
0.103516 -0.259047
0.0976562 -0.257606
0.128906 -0.254555
0.171875 -0.252468
0.179688 -0.249653
0.15625 -0.246219
0.191406 -0.242935
0.179688 -0.240163
0.208984 -0.23714
0.201172 -0.234473
0.177734 -0.231011
0.136719 -0.227814
0.138672 -0.225095
0.177734 -0.222033
0.185547 -0.219433
0.232422 -0.21759
0.195312 -0.21505
0.216797 -0.212665
0.185547 -0.208878
0.148438 -0.205183
0.181641 -0.201719
0.197266 -0.198922
0.125 -0.195678
0.191406 -0.192251
0.152344 -0.18927
0.183594 -0.186265
0.181641 -0.184151
0.205078 -0.18094
0.226562 -0.178393
0.208984 -0.176878
0.222656 -0.175673
0.21875 -0.174247
0.287109 -0.173522
0.273438 -0.173691
0.345703 -0.173201
0.320312 -0.172632
0.324219 -0.172199
0.349609 -0.171953
0.361328 -0.171871
0.367188 -0.171325
0.371094 -0.171984
0.34375 -0.17174
0.255859 -0.171214
0.222656 -0.170959
0.160156 -0.171334
0.203125 -0.171043
0.222656 -0.170483
0.253906 -0.170724
0.234375 -0.170787
0.212891 -0.17025
0.1875 -0.169841
0.214844 -0.1693
0.226562 -0.168692
0.207031 -0.167783
0.203125 -0.166768
0.242188 -0.165291
0.248047 -0.164384
0.308594 -0.163705
0.296875 -0.163086
0.283203 -0.162123
0.291016 -0.161942
0.289062 -0.161504
0.289062 -0.160969
0.267578 -0.159924
0.25 -0.157785
0.271484 -0.155026
0.285156 -0.151795
0.287109 -0.1488
0.306641 -0.145546
0.253906 -0.142573
0.271484 -0.139335
0.236328 -0.135939
0.240234 -0.132369
0.277344 -0.128874
0.328125 -0.125166
0.353516 -0.121939
0.390625 -0.118939
0.339844 -0.116265
0.339844 -0.113653
0.355469 -0.11035
0.394531 -0.108424
0.363281 -0.105874
0.359375 -0.103424
0.326172 -0.101123
0.324219 -0.0999014
0.361328 -0.0976056
0.361328 -0.0958779
0.408203 -0.0939271
0.460938 -0.0927651
0.451172 -0.0917781
0.400391 -0.0898273
0.423828 -0.0880185
0.472656 -0.0855093
0.480469 -0.083028
0.517578 -0.080816
0.515625 -0.0791211
0.492188 -0.0776987
0.453125 -0.0769615
0.513672 -0.0751516
0.507812 -0.0731714
0.544922 -0.0716636
0.525391 -0.0697426
0.507812 -0.0678601
0.496094 -0.0652694
0.501953 -0.0624407
0.494141 -0.0601509
0.484375 -0.0574194
0.466797 -0.0551398
0.472656 -0.0542847
0.455078 -0.0540804
0.453125 -0.0539708
0.486328 -0.0540995
0.462891 -0.0536081
0.451172 -0.0532862
0.429688 -0.053202
0.423828 -0.0529029
0.410156 -0.0518472
0.394531 -0.0506279
0.421875 -0.050126
0.449219 -0.0487189
0.482422 -0.0465546
0.470703 -0.0451849
0.496094 -0.0433927
0.501953 -0.0423049
0.472656 -0.041947
0.488281 -0.0417368
0.527344 -0.041945
0.605469 -0.0417503
0.59375 -0.0416745
0.5625 -0.0415641
0.535156 -0.0404831
0.541016 -0.0393828
0.474609 -0.0385123
0.498047 -0.0373484
0.519531 -0.0357189
0.533203 -0.0345055
0.505859 -0.0331361
0.521484 -0.0317949
0.513672 -0.0307459
0.513672 -0.0299108
0.5 -0.0284833
0.507812 -0.0267316
0.480469 -0.025081
0.492188 -0.0225101
0.496094 -0.02026
0.552734 -0.0172451
0.580078 -0.0149497
0.527344 -0.0127603
0.480469 -0.0093481
0.455078 -0.0073612
0.480469 -0.00446257
0.460938 -0.00202136
0.464844 0.000234194
0.431641 0.00333946
0.451172 0.0059611
0.480469 0.00743313
0.451172 0.0103879
0.417969 0.0128455
0.470703 0.0138857
0.509766 0.0138923
0.496094 0.0141621
0.490234 0.0139776
0.5 0.0142582
0.546875 0.0141519
0.533203 0.0136943
0.5 0.0129297
0.478516 0.0124322
0.496094 0.013154
0.513672 0.0138038
0.505859 0.0134812
0.513672 0.0131571
0.494141 0.0127508
0.458984 0.0132164
0.458984 0.0144435
0.441406 0.0151077
0.427734 0.015924
0.417969 0.0169425
0.474609 0.0176415
0.470703 0.0183202
0.458984 0.0193169
0.457031 0.0201445
0.494141 0.0215551
0.472656 0.0232371
0.472656 0.0239846
0.457031 0.0251735
0.474609 0.0256237
0.509766 0.025485
0.480469 0.0252248
0.498047 0.0246379
0.560547 0.0237671
0.587891 0.0237381
0.621094 0.0232697
0.625 0.0218961
0.619141 0.0204393
0.572266 0.0188061
0.583984 0.0173895
0.597656 0.0156163
0.568359 0.0129083
0.572266 0.0114478
0.564453 0.00997771
0.599609 0.0086287
0.634766 0.00751403
0.585938 0.00641767
0.580078 0.00565351
0.550781 0.00492161
0.568359 0.00386675
0.585938 0.00149354
0.554688 -6.49892e-05
0.568359 -0.00115794
0.576172 -0.00340032
0.578125 -0.00437474
0.564453 -0.00472285
0.544922 -0.00517169
0.521484 -0.00581287
0.517578 -0.00642528
0.505859 -0.00634785
0.511719 -0.0064103
0.498047 -0.00711852
0.507812 -0.00732804
0.570312 -0.00693284
0.548828 -0.0066875
0.585938 -0.00630533
0.605469 -0.00688733
0.644531 -0.00860226
0.638672 -0.010806
0.568359 -0.0118869
0.59375 -0.0127611
0.597656 -0.0130192
0.619141 -0.0121807
0.603516 -0.0126934
0.591797 -0.013542
0.544922 -0.0139712
0.525391 -0.0127398
0.53125 -0.0122197
0.582031 -0.0114744
0.570312 -0.010716
0.5625 -0.0101137
0.568359 -0.00971915
0.560547 -0.00920434
0.5625 -0.00798625
0.525391 -0.00787218
0.529297 -0.00745522
0.5625 -0.00697798
0.556641 -0.00636719
0.511719 -0.00606194
0.519531 -0.00685652
0.474609 -0.00647764
0.496094 -0.00528241
0.53125 -0.00487702
0.525391 -0.0046019
0.519531 -0.0035925
0.501953 -0.0029431
0.480469 -0.00182031
0.447266 -0.00146079
0.46875 -0.000796379
0.525391 -0.000522088
0.513672 0.000745273
0.539062 0.000896224
0.519531 0.00138961
0.523438 0.00168612
0.541016 0.00174385
0.597656 0.0012576
0.546875 0.000580747
0.5625 -9.23505e-05
0.548828 -0.000775051
0.527344 -0.00105274
0.511719 -0.000811877
0.492188 -0.000452014
0.462891 -0.00018663
0.453125 0.000404986
0.449219 0.000147208
0.466797 0.000167301
0.433594 0.000105774
0.425781 0.000202184
0.431641 0.00182038
0.435547 0.00296252
0.421875 0.00497213
0.40625 0.00602401
0.375 0.0070225
0.421875 0.00775397
0.458984 0.00752422
0.498047 0.0064807
0.490234 0.00585006
0.517578 0.00617359
0.552734 0.00570549
0.550781 0.00489464
0.515625 0.00406692
0.484375 0.00399779
0.480469 0.00445273
0.517578 0.00506148
0.537109 0.00475907
0.541016 0.00444838
0.492188 0.00335511
0.507812 0.0025059
0.505859 0.00154822
0.53125 0.00132571
0.521484 0.00235841
0.462891 0.00398797
0.462891 0.00504825
0.505859 0.00625307
0.472656 0.00737329
0.484375 0.00747333
0.433594 0.00795709
0.431641 0.00951245
0.408203 0.0113049
0.382812 0.0134337
0.367188 0.0150041
0.365234 0.0161906
0.398438 0.0166029
0.351562 0.0169877
0.345703 0.0168001
0.349609 0.0178062
0.298828 0.0182641
0.296875 0.0188418
0.273438 0.0190055
0.261719 0.0186521
0.238281 0.0183744
0.261719 0.0183735
0.257812 0.0165913
0.292969 0.0150064
0.285156 0.0140083
0.277344 0.0122664
0.328125 0.0106894
0.371094 0.00846223
0.382812 0.00629154
0.373047 0.00377496
0.412109 -0.000574837
0.369141 -0.00396532
0.371094 -0.00618066
0.320312 -0.00694158
0.283203 -0.00743393
0.273438 -0.00928346
0.216797 -0.0099008
0.162109 -0.0110521
0.179688 -0.0134038
0.224609 -0.0149128
0.283203 -0.0168691
0.277344 -0.019141
0.357422 -0.0222867
0.410156 -0.0253052
0.359375 -0.0276915
0.355469 -0.0290449
0.300781 -0.0302991
0.306641 -0.0311567
0.318359 -0.0320891
0.292969 -0.0325477
0.302734 -0.0334437
0.388672 -0.0349825
0.378906 -0.0368463
0.359375 -0.0387243
0.357422 -0.0409439
0.310547 -0.0433367
0.390625 -0.045465
0.380859 -0.0466961
0.380859 -0.0474223
0.296875 -0.0478103
0.332031 -0.0486729
0.349609 -0.0493686
0.349609 -0.0494328
0.359375 -0.0505514
0.402344 -0.051699
0.34375 -0.0518581
0.376953 -0.0527452
0.332031 -0.0538866
0.320312 -0.0542092
0.291016 -0.0535851
0.291016 -0.0537276
0.324219 -0.0529765
0.359375 -0.0525807
0.378906 -0.0531726
0.335938 -0.0542479
0.373047 -0.0557738
0.373047 -0.0556859
0.373047 -0.0565539
0.402344 -0.0578368
0.398438 -0.0586331
0.388672 -0.0592031
0.333984 -0.059514
0.302734 -0.0589338
0.244141 -0.0588289
0.152344 -0.0590997
0.138672 -0.0591514
0.0683594 -0.0598668
0.0703125 -0.0600204
0.130859 -0.0592051
0.152344 -0.0578083
0.115234 -0.0568222
0.152344 -0.0561421
0.181641 -0.0550044
0.1875 -0.0534391
0.25 -0.0509312
0.224609 -0.0506232
0.228516 -0.0508473
0.208984 -0.0507988
0.21875 -0.051081
0.210938 -0.0523215
0.226562 -0.0539282
0.185547 -0.0561186
0.181641 -0.0591393
0.166016 -0.0613366
0.167969 -0.0633763
0.162109 -0.065584
0.121094 -0.0680483
0.0742188 -0.0700657
0.0390625 -0.0725339
0.0605469 -0.074114
0.0566406 -0.0764287
0.0410156 -0.0785361
0.0175781 -0.080844
0.00976562 -0.0828354
0.0234375 -0.0840982
0.0136719 -0.0844389
0.0253906 -0.0845889
0.0664062 -0.0857388
0.121094 -0.0873993
0.134766 -0.0897258
0.140625 -0.0923061
0.150391 -0.0943664
0.154297 -0.0949568
0.195312 -0.0968341
0.181641 -0.0989957
0.171875 -0.101028
0.214844 -0.103272
0.169922 -0.10469
0.144531 -0.106336
0.183594 -0.106808
0.164062 -0.107043
0.21875 -0.107
0.25 -0.106925
0.207031 -0.107313
0.167969 -0.10826
0.117188 -0.110172
0.103516 -0.111003
0.109375 -0.111989
0.0996094 -0.112244
0.119141 -0.112524
0.111328 -0.113454
0.158203 -0.115127
0.136719 -0.11619
0.148438 -0.116518
0.158203 -0.116737
0.152344 -0.116788
0.123047 -0.116506
0.136719 -0.115817
0.0820312 -0.11517
0.0585938 -0.113971
0.0722656 -0.112799
0.0429688 -0.112384
0.0371094 -0.112391
0.00976562 -0.112601
0.0234375 -0.113155
0.0175781 -0.113755
0.0234375 -0.115073
0.03125 -0.116809
0.0625 -0.118425
0.0488281 -0.120589
0.0742188 -0.121079
0.0605469 -0.121479
0.0371094 -0.122092
0.0488281 -0.123009
0.0859375 -0.124632
0.0449219 -0.125364
0.0566406 -0.126283
0.0507812 -0.127523
0.0957031 -0.127158
0.0078125 -0.124574
0.0273438 -0.122404
0.078125 -0.12067
0.09375 -0.118873
0.142578 -0.1177
0.162109 -0.116791
0.142578 -0.115649
0.224609 -0.114409
0.234375 -0.114163
0.166016 -0.112583
0.119141 -0.111245
0.0625 -0.109164
0.0195312 -0.107566
0.0253906 -0.105598
0.03125 -0.103484
0.0585938 -0.101225
0.0332031 -0.0990686
0.0351562 -0.0957904
0.0234375 -0.0929539
0.00195312 -0.0904298
0.0253906 -0.0876151
0.0488281 -0.0851936
0.0117188 -0.0823151
0.0449219 -0.0797593
0.0605469 -0.0765883
0.0273438 -0.0735438
0 -0.0713409
0.0078125 -0.0691094
0.0195312 -0.066333
0.0390625 -0.0637064
0.0175781 -0.0611689
0.0488281 -0.0584932
0.0820312 -0.0560357
0.0839844 -0.0545332
0.130859 -0.0524751
0.130859 -0.0514268
0.15625 -0.0507011
0.105469 -0.0494898
0.126953 -0.0467973
0.113281 -0.0442521
0.0976562 -0.0427958
0.0664062 -0.0415393
0.0683594 -0.0395805
0.105469 -0.0383341
0.0917969 -0.0376227
0.123047 -0.0361038
0.0976562 -0.0352396
0.0976562 -0.0337958
0.101562 -0.0313516
0.128906 -0.0295333
0.115234 -0.0275414
0.0625 -0.0260292
0.126953 -0.0243698
0.111328 -0.0238865
0.119141 -0.0245333
0.109375 -0.0255382
0.103516 -0.0251757
0.0976562 -0.0243962
0.117188 -0.0242985
0.138672 -0.0234314
0.115234 -0.0223413
0.125 -0.020111
0.150391 -0.0187973
0.15625 -0.0172665
0.123047 -0.0155443
0.121094 -0.014053
0.167969 -0.01286
0.160156 -0.011396
0.1875 -0.0106338
0.142578 -0.0104792
0.146484 -0.0116096
0.175781 -0.0132844
0.123047 -0.0142362
0.134766 -0.0163204
0.191406 -0.0177917
0.148438 -0.0188914
0.181641 -0.0211626
0.201172 -0.0244014
0.197266 -0.0278506
0.201172 -0.0307403
0.210938 -0.0337732
0.236328 -0.0370391
0.259766 -0.0402478
0.195312 -0.0433212
0.216797 -0.0470927
0.228516 -0.0505971
0.220703 -0.0533113
0.189453 -0.0559254
0.177734 -0.0570082
0.175781 -0.0588102
0.148438 -0.0616563
0.152344 -0.0636552
0.134766 -0.0660341
0.130859 -0.067613
0.0898438 -0.0703373
0.0878906 -0.0731363
0.101562 -0.0752192
0.0644531 -0.0765544
0.0488281 -0.077081
0.0507812 -0.0769971
0.0683594 -0.0772825
0.0429688 -0.0782374
0.105469 -0.0787678
0.0976562 -0.0795735
0.160156 -0.0799622
0.162109 -0.080053
0.138672 -0.0798508
0.130859 -0.0793645
0.144531 -0.0796729
0.0957031 -0.0787013
0.134766 -0.0767874
0.0996094 -0.0748277
0.0429688 -0.0728546
0.0761719 -0.0712222
0.0390625 -0.0696057
0.0742188 -0.0688423
0.140625 -0.0684151
0.105469 -0.0686744
0.078125 -0.0671587
0.0722656 -0.0666279
0.0605469 -0.0657694
0.0800781 -0.0640907
0.101562 -0.063254
0.15625 -0.0623421
0.166016 -0.0617086
0.179688 -0.06053
0.191406 -0.0589206
0.193359 -0.0561912
0.197266 -0.0540252
0.193359 -0.050918
0.214844 -0.0478654
0.210938 -0.0449871
0.238281 -0.0419158
0.210938 -0.0381474
0.185547 -0.0349295
0.183594 -0.0319303
0.199219 -0.02849
0.210938 -0.0253164
0.253906 -0.0228919
0.214844 -0.0219236
0.21875 -0.0217509
0.251953 -0.0206366
0.242188 -0.0196989
0.201172 -0.0180377
0.189453 -0.0156097
0.169922 -0.0132399
0.236328 -0.0105194
0.265625 -0.00896082
0.244141 -0.0074116
0.238281 -0.00457382
0.275391 -0.00195164
0.220703 0.000445057
0.234375 0.00288445
0.234375 0.00519079
0.212891 0.00673692
0.259766 0.00835907
0.25 0.00957067
0.248047 0.0102021
0.242188 0.00953798
0.28125 0.00961949
0.308594 0.00984249
0.316406 0.00886697
0.34375 0.00722859
0.367188 0.00494693
0.396484 0.00262613
0.412109 0.00121992
0.458984 0.00065724
0.449219 0.000634771
0.46875 0.00122249
0.480469 0.000461582
0.533203 -0.000787904
0.5625 -0.000390403
0.556641 -0.000112556
0.560547 0.000904922
0.583984 0.0024916
0.582031 0.0035544
0.570312 0.00493371
0.591797 0.00678188
0.548828 0.00703504
0.546875 0.00727354
0.568359 0.00730198
0.554688 0.00590198
0.519531 0.00383495
0.533203 0.000715766
0.546875 -0.00246494
0.53125 -0.00587317
0.5 -0.0100577
0.470703 -0.0131935
0.458984 -0.0169895
0.445312 -0.0195213
0.445312 -0.0205959
0.416016 -0.0210467
0.404297 -0.022383
0.480469 -0.0235486
0.503906 -0.0250377
0.472656 -0.0267453
0.523438 -0.0274354
0.513672 -0.0286213
0.503906 -0.0310648
0.523438 -0.0334826
0.519531 -0.0349911
0.509766 -0.0372664
0.5 -0.0396741
0.453125 -0.0424214
0.419922 -0.0432931
0.427734 -0.0452506
0.447266 -0.0463258
0.466797 -0.0462444
0.367188 -0.0469727
0.373047 -0.046035
0.345703 -0.044477
0.355469 -0.0424143
0.324219 -0.0396297
0.314453 -0.0375461
0.332031 -0.0343351
0.318359 -0.0320846
0.246094 -0.029731
0.273438 -0.0280413
0.287109 -0.0269866
0.333984 -0.0255855
0.322266 -0.0260354
0.316406 -0.0248207
0.314453 -0.0241986
0.283203 -0.0229018
0.302734 -0.0215522
0.332031 -0.0204228
0.332031 -0.0200536
0.271484 -0.0197882
0.318359 -0.0195867
0.337891 -0.019585
0.332031 -0.0211326
0.339844 -0.0224912
0.314453 -0.0242512
0.310547 -0.0251143
0.357422 -0.026194
0.322266 -0.0265543
0.314453 -0.0282306
0.289062 -0.0296865
0.296875 -0.0305696
0.298828 -0.0313266
0.271484 -0.0324823
0.359375 -0.0334049
0.408203 -0.0339702
0.404297 -0.035073
0.460938 -0.0364195
0.470703 -0.0362511
0.498047 -0.0354031
0.525391 -0.0355169
0.537109 -0.0351891
0.5625 -0.0338754
0.59375 -0.032613
0.568359 -0.0331581
0.580078 -0.0328489
0.587891 -0.0332356
0.570312 -0.0344099
0.550781 -0.0353509
0.53125 -0.0355126
0.472656 -0.0363723
0.435547 -0.0363414
0.443359 -0.0361378
0.416016 -0.0355846
0.40625 -0.0338016
0.433594 -0.032057
0.365234 -0.0299302
0.324219 -0.0270423
0.328125 -0.0234611
0.351562 -0.0202237
0.345703 -0.019419
0.367188 -0.0174411
0.376953 -0.01723
0.361328 -0.0151999
0.398438 -0.0133539
0.400391 -0.0107586
0.429688 -0.00779182
0.419922 -0.00475173
0.453125 -0.00242695
0.458984 -0.00112991
0.476562 -7.20324e-05
0.490234 0.00159777
0.451172 0.00221614
0.431641 0.00154209
0.439453 0.000375985
0.453125 -0.000399187
0.455078 -0.00181592
0.443359 -0.00421361
0.441406 -0.00496291
0.417969 -0.00546045
0.40625 -0.00452565
0.414062 -0.00307414
0.410156 -0.00168728
0.421875 0.00117149
0.4375 0.00281173
0.513672 0.00552608
0.560547 0.00984801
0.59375 0.0115027
0.595703 0.0129608
0.552734 0.0136422
0.527344 0.0138296
0.5625 0.0146384
0.605469 0.0131241
0.611328 0.0103046
0.535156 0.00957668
0.589844 0.00793123
0.558594 0.00618961
0.542969 0.00375322
0.539062 0.00144571
0.511719 -0.000240255
0.501953 -0.00272915
0.498047 -0.0060242
0.470703 -0.00764754
0.488281 -0.00747693
0.527344 -0.00849087
0.53125 -0.00841409
0.542969 -0.00816285
0.558594 -0.00779244
0.634766 -0.00851969
0.623047 -0.0105298
0.652344 -0.0117169
0.677734 -0.0123966
0.671875 -0.0145766
0.654297 -0.0162936
0.609375 -0.0176299
0.650391 -0.0196548
0.634766 -0.0205997
0.595703 -0.0224212
0.582031 -0.0244446
0.542969 -0.0246229
0.542969 -0.0248011
0.5625 -0.0238101
0.521484 -0.0234316
0.560547 -0.0222037
0.583984 -0.0200994
0.580078 -0.0203033
0.609375 -0.0205202
0.642578 -0.0201135
0.640625 -0.0228387
0.638672 -0.0218159
0.621094 -0.0226458
0.619141 -0.0236774
0.632812 -0.0244684
0.591797 -0.0261545
0.572266 -0.0257335
0.5625 -0.0253644
0.542969 -0.0249136
0.535156 -0.0254212
0.507812 -0.0251279
0.578125 -0.0261407
0.535156 -0.0257281
0.535156 -0.0241958
0.552734 -0.0237547
0.546875 -0.0231977
0.53125 -0.0225876
0.525391 -0.0217922
0.572266 -0.0204318
0.556641 -0.0179947
0.5625 -0.0167208
0.554688 -0.0136799
0.585938 -0.0113936
0.542969 -0.00759876
0.529297 -0.00279693
0.541016 0.00170316
0.558594 0.00507614
0.578125 0.00816696
0.605469 0.0107054
0.603516 0.0130766
0.599609 0.0144085
0.625 0.0151746
0.603516 0.0174166
0.613281 0.0175739
0.589844 0.0177523
0.603516 0.0172745
0.658203 0.0185053
0.625 0.0184669
0.681641 0.0156579
0.662109 0.0149134
0.615234 0.0170687
0.625 0.0198018
0.660156 0.0201804
0.623047 0.0209057
0.646484 0.0205285
0.646484 0.0205913
0.664062 0.019979
0.660156 0.0198082
0.658203 0.0201632
0.683594 0.0202375
0.683594 0.0203317
0.710938 0.0202141
0.689453 0.018957
0.693359 0.0179619
0.667969 0.0177499
0.673828 0.0168109
0.722656 0.0152534
0.746094 0.0151759
0.751953 0.0127598
0.753906 0.010405
0.730469 0.00774681
0.707031 0.00626951
0.701172 0.0058154
0.699219 0.00424321
0.742188 0.00434118
0.740234 0.00452833
0.775391 0.00461734
0.736328 0.00465701
0.740234 0.00468292
0.748047 0.00551667
0.707031 0.00638431
0.716797 0.00884776
0.683594 0.0106204
0.697266 0.0122371
0.716797 0.0137368
0.716797 0.0144842
0.726562 0.0156241
0.71875 0.0155957
0.691406 0.014135
0.738281 0.0134164
0.751953 0.0109143
0.753906 0.00797101
0.761719 0.00404625
0.716797 4.89682e-05
0.707031 -0.000597621
0.648438 -0.00233671
0.642578 -0.00379362
0.595703 -0.0043551
0.591797 -0.00244028
0.607422 0.00145831
0.65625 0.00156304
0.609375 0.00167161
0.628906 0.00219001
0.634766 0.00171345
0.669922 0.00164055
0.722656 0.00196257
0.681641 0.00149241
0.669922 0.000720734
0.685547 0.000590347
0.666016 0.0028221
0.679688 0.00306206
0.660156 0.00364258
0.673828 0.00410262
0.671875 0.00465226
0.669922 0.00557866
0.636719 0.00548605
0.683594 0.00737809
0.632812 0.00639662
0.574219 0.0075289
0.568359 0.00873313
0.556641 0.0104747
0.582031 0.0131372
0.595703 0.0155257
0.564453 0.0165212
0.605469 0.016523
0.529297 0.0184591
0.546875 0.0195611
0.582031 0.0209345
0.566406 0.0194217
0.589844 0.020302
0.603516 0.0227339
0.582031 0.0238423
0.5625 0.0264429
0.578125 0.0288404
0.603516 0.0322533
0.582031 0.0344855
0.599609 0.0368931
0.619141 0.0367388
0.630859 0.0398158
0.605469 0.0403882
0.623047 0.0414758
0.644531 0.0394154
0.619141 0.0392295
0.664062 0.0401842
0.576172 0.041612
0.601562 0.0445267
0.578125 0.0433281
0.572266 0.0483982
0.578125 0.0512272
0.634766 0.055683
0.677734 0.0589104
0.673828 0.0591985
0.667969 0.0579944
0.693359 0.0558055
0.714844 0.0523221
0.730469 0.0461013
0.710938 0.0404008
0.732422 0.0347045
0.705078 0.0290631
0.689453 0.0225868
0.689453 0.0176776
0.681641 0.0138336
0.658203 0.00845478
0.617188 0.00517189
0.609375 0.00235349
0.650391 -0.000157602
0.636719 -0.00305803
0.611328 -0.00612449
0.644531 -0.00973748
0.5625 -0.0185284
0.617188 -0.0256919
0.589844 -0.0333098
0.615234 -0.040992
0.615234 -0.0444116
0.65625 -0.0474208
0.601562 -0.0495488
0.535156 -0.0479789
0.585938 -0.0474095
0.597656 -0.0461991
0.617188 -0.0424891
0.578125 -0.0382326
0.611328 -0.0391339
0.646484 -0.0429307
0.621094 -0.0459485
0.589844 -0.0459442
0.585938 -0.0436566
0.564453 -0.0399932
0.576172 -0.0408918
0.542969 -0.0343661
0.537109 -0.0292255
0.599609 -0.0225019
0.591797 -0.0147826
0.603516 -0.0140727
0.572266 -0.00799832
0.539062 -0.00376198
0.548828 -0.00108148
0.515625 -0.000680055
0.525391 0.00039066
0.496094 0.00537353
0.482422 0.00772042
0.474609 0.00786112
0.501953 0.00481038
0.511719 0.0059495
0.535156 0.00740132
0.544922 0.00528835
0.564453 0.0026495
0.580078 0.0014659
0.574219 -0.000817841
0.605469 -0.00638123
0.582031 -0.0128004
0.550781 -0.0187087
0.519531 -0.0169955
0.533203 -0.0110899
0.585938 -0.0123363
0.595703 -0.0117574
0.597656 -0.00372786
0.587891 0.0082852
0.626953 0.00805557
0.664062 0.00517234
0.65625 0.00416142
0.699219 0.00191242
0.691406 0.00558902
0.724609 0.000298524
0.726562 0
