0.658203 1
0.686523 0.978839
0.669922 0.959449
0.68457 0.941946
0.696289 0.9243
0.700684 0.90709
0.70752 0.889611
0.694336 0.873942
0.709473 0.858524
0.724121 0.843232
0.725586 0.828771
0.733398 0.814122
0.727539 0.800648
0.717773 0.787299
0.712402 0.774339
0.710449 0.761128
0.705078 0.747742
0.719727 0.734441
0.739746 0.721853
0.737793 0.709221
0.736328 0.696885
0.722656 0.685898
0.712402 0.67446
0.728516 0.664413
0.722656 0.655516
0.734863 0.646913
0.747559 0.638483
0.745117 0.630629
0.745117 0.623113
0.759277 0.614674
0.752441 0.607376
0.757812 0.599847
0.754883 0.593179
0.737793 0.586767
0.726074 0.579984
0.703613 0.573271
0.693848 0.567122
0.681152 0.560894
0.663086 0.55476
0.676758 0.547951
0.681641 0.541219
0.68457 0.535609
0.683105 0.529814
0.665527 0.522699
0.67334 0.516195
0.665527 0.510224
0.664062 0.503696
0.675781 0.497868
0.678711 0.492372
0.664062 0.487479
0.64502 0.483058
0.645996 0.479001
0.635742 0.47462
0.637207 0.469913
0.669922 0.464828
0.65625 0.459337
0.646484 0.453893
0.625 0.447909
0.641602 0.44223
0.630371 0.437288
0.625977 0.432121
0.649414 0.428173
0.64502 0.422701
0.651855 0.417488
0.640137 0.412779
0.65918 0.408661
0.654785 0.403615
0.676758 0.399269
0.683594 0.395599
0.660645 0.391947
0.666992 0.387673
0.643555 0.384127
0.630859 0.381442
0.64209 0.380093
0.636719 0.377578
0.641113 0.374977
0.635742 0.3719
0.632812 0.36853
0.632812 0.365521
0.674805 0.363327
0.678223 0.361079
0.660645 0.359679
0.657715 0.358393
0.666016 0.357545
0.663086 0.356934
0.664551 0.355638
0.690918 0.354319
0.680664 0.353716
0.680664 0.352505
0.685059 0.351658
0.698242 0.349716
0.687012 0.347135
0.699707 0.344854
0.687012 0.34306
0.685059 0.340662
0.680176 0.338665
0.678711 0.336985
0.681641 0.33564
0.710449 0.333377
0.689453 0.331338
0.688477 0.329667
0.70166 0.327517
0.696777 0.324458
0.68457 0.322187
0.693359 0.319752
0.689453 0.317427
0.722168 0.315909
0.723633 0.313706
0.725586 0.311386
0.715332 0.308684
0.730469 0.306674
0.714844 0.304673
0.713867 0.301913
0.727051 0.29881
0.750977 0.294776
0.75 0.291906
0.750977 0.288414
0.759277 0.284662
0.756348 0.280603
0.757324 0.277199
0.755371 0.274741
0.750488 0.271818
0.771484 0.269342
0.763672 0.267155
0.776855 0.264249
0.779785 0.260696
0.768066 0.257303
0.771484 0.253484
0.75 0.249581
0.752441 0.245508
0.749023 0.241173
0.73291 0.236526
0.711914 0.232351
0.687012 0.227627
0.694336 0.222846
0.700195 0.217917
0.691406 0.212947
0.691895 0.207678
0.680664 0.202667
0.682617 0.198436
0.699707 0.193521
0.722656 0.187391
0.720703 0.180931
0.728027 0.175489
0.741699 0.169943
0.739746 0.163689
0.710938 0.157645
0.692383 0.153023
0.69043 0.148976
0.687012 0.145704
0.679199 0.142636
0.702637 0.139831
0.706543 0.136312
0.678711 0.133247
0.676758 0.130536
0.686523 0.127996
0.684082 0.124397
0.708984 0.121003
0.713379 0.117656
0.725098 0.113231
0.722656 0.108326
0.727051 0.103989
0.712891 0.100567
0.730469 0.0958447
0.722168 0.0910179
0.703613 0.0856965
0.700684 0.0809052
0.705078 0.0762868
0.693848 0.0727356
0.684082 0.0697403
0.70166 0.0673377
0.697266 0.0650429
0.674805 0.0631567
0.681641 0.0615454
0.674316 0.0590547
0.683105 0.0557096
0.697266 0.0525533
0.682129 0.0492734
0.671875 0.0462153
0.688965 0.0435955
0.707031 0.0403759
0.710449 0.0376596
0.724609 0.0340859
0.711914 0.0292868
0.697754 0.0248258
0.694336 0.0205678
0.686035 0.0164656
0.673828 0.0125546
0.66748 0.00920468
0.660645 0.00654076
0.678223 0.00351302
0.671875 0.000313582
0.675781 -0.0034696
0.679688 -0.00624485
0.671875 -0.00899561
0.65625 -0.0121572
0.646484 -0.015112
0.661133 -0.0171338
0.660645 -0.0189429
0.65332 -0.0200513
0.644043 -0.0211922
0.623047 -0.0224767
0.632324 -0.0237566
0.640137 -0.0236777
0.657227 -0.0234263
0.65332 -0.0231349
0.66748 -0.0239449
0.666504 -0.0244888
0.65332 -0.0252006
0.651855 -0.0262154
0.657227 -0.0272108
0.671875 -0.0278857
0.692383 -0.0286519
0.70166 -0.0289136
0.72998 -0.0302358
0.734375 -0.0315148
0.739746 -0.0327078
0.740723 -0.0352781
0.749023 -0.0377396
0.730957 -0.0405091
0.726074 -0.0430613
0.70752 -0.04586
0.714355 -0.0487635
0.713867 -0.0512399
0.710449 -0.0542085
0.694336 -0.0568317
0.690918 -0.0594892
0.694336 -0.0614534
0.687988 -0.0636225
0.682129 -0.0654232
0.66748 -0.0663258
0.67627 -0.067294
0.657715 -0.0672427
0.67627 -0.0673011
0.680664 -0.0664724
0.686523 -0.0654918
0.70166 -0.0649834
0.683594 -0.0643726
0.661133 -0.0645449
0.65918 -0.0651054
0.683105 -0.065757
0.682129 -0.0665847
0.700684 -0.0680356
0.694336 -0.0702169
0.685059 -0.0718743
0.695312 -0.0733335
0.707031 -0.074192
0.719727 -0.0743215
0.716309 -0.0743526
0.745605 -0.0743863
0.760742 -0.0730465
0.76416 -0.0720952
0.757324 -0.0712121
0.755371 -0.0695374
0.758301 -0.067842
0.762695 -0.0657332
0.776855 -0.0649217
0.768066 -0.064152
0.75293 -0.0628956
0.721191 -0.061228
0.710449 -0.0593242
0.691406 -0.0577657
0.684082 -0.055769
0.691406 -0.0533928
0.700684 -0.0512509
0.690918 -0.0487873
0.71582 -0.046733
0.717773 -0.0453897
0.741211 -0.0445277
0.737305 -0.0441416
0.73291 -0.0452753
0.723633 -0.0472742
0.713379 -0.0492292
0.713379 -0.0513788
0.711914 -0.0531458
0.696289 -0.0552468
0.714844 -0.057656
0.707031 -0.0599815
0.719727 -0.0620226
0.708008 -0.0635729
0.704102 -0.0660656
0.708008 -0.0696246
0.69873 -0.0729749
0.72168 -0.0768964
0.728027 -0.0815267
0.722168 -0.0860437
0.728027 -0.0900457
0.708008 -0.0942102
0.727051 -0.0989266
0.708496 -0.103387
0.708984 -0.106866
0.716309 -0.110388
0.725586 -0.114327
0.716309 -0.117878
0.710449 -0.121785
0.703125 -0.1261
0.70752 -0.130845
0.696777 -0.13582
0.720703 -0.141044
0.717285 -0.144528
0.72168 -0.1472
0.708496 -0.149466
0.689941 -0.15153
0.700195 -0.153727
0.697754 -0.156689
0.709473 -0.159737
0.705566 -0.161953
0.702637 -0.164346
0.706055 -0.167126
0.699219 -0.169775
0.672852 -0.172541
0.641113 -0.175522
0.650391 -0.179018
0.648926 -0.182272
0.651367 -0.185027
0.645996 -0.187766
0.668945 -0.189386
0.669922 -0.191136
0.666992 -0.192682
0.696289 -0.194316
0.680664 -0.195062
0.699219 -0.196146
0.695312 -0.198213
0.697266 -0.199892
0.69873 -0.20057
0.693359 -0.200739
0.707031 -0.200194
0.697266 -0.199834
0.681152 -0.198797
0.676758 -0.197904
0.672852 -0.199098
0.678223 -0.200108
0.682129 -0.200133
0.676758 -0.199211
0.647949 -0.197763
0.66748 -0.197438
0.656738 -0.197039
0.649414 -0.196413
0.635742 -0.196491
0.642578 -0.196914
0.612305 -0.197581
0.589355 -0.198423
0.593262 -0.199044
0.57959 -0.199317
0.59082 -0.19911
0.602051 -0.200382
0.597168 -0.201474
0.607422 -0.201308
0.605957 -0.199825
0.608398 -0.198313
0.616211 -0.19685
0.599609 -0.194522
0.589355 -0.192599
0.581055 -0.19181
0.575684 -0.191185
0.586426 -0.190683
0.597168 -0.190403
0.604492 -0.190642
0.603516 -0.190057
0.627441 -0.190363
0.623535 -0.189989
0.624512 -0.189418
0.60498 -0.188897
0.616699 -0.187923
0.62793 -0.188047
0.651855 -0.188383
0.639648 -0.187505
0.654785 -0.186175
0.645996 -0.184644
0.662109 -0.183815
0.702637 -0.183292
0.713867 -0.182976
0.729004 -0.183592
0.730957 -0.184875
0.73877 -0.185249
0.751953 -0.185881
0.746094 -0.186286
0.734863 -0.186862
0.74707 -0.187522
0.75 -0.188491
0.76123 -0.190384
0.770996 -0.193253
0.783691 -0.196944
0.780273 -0.199664
0.782227 -0.202112
0.793457 -0.203533
0.789062 -0.204346
0.808105 -0.205747
0.819824 -0.206341
0.812988 -0.206619
0.810547 -0.206009
0.805176 -0.205708
0.786133 -0.205692
0.77832 -0.205118
0.772949 -0.205538
0.757812 -0.20642
0.754883 -0.207356
0.756836 -0.208763
0.761719 -0.210149
0.774902 -0.212314
0.783203 -0.214489
0.788086 -0.2173
0.768066 -0.218329
0.756348 -0.219376
0.748535 -0.219725
0.726562 -0.220166
0.712402 -0.221693
0.726562 -0.222909
0.725098 -0.223386
0.723633 -0.224805
0.722656 -0.226336
0.705078 -0.228144
0.714355 -0.229431
0.706055 -0.230332
0.697266 -0.232126
0.693848 -0.234967
0.678223 -0.237011
0.683105 -0.238943
0.683105 -0.241747
0.686523 -0.244511
0.70166 -0.248459
0.687012 -0.252055
0.695801 -0.256051
0.685059 -0.259224
0.678711 -0.261548
0.651855 -0.264186
0.655273 -0.266822
0.665527 -0.268886
0.666016 -0.271168
0.67627 -0.272631
0.666504 -0.274024
0.662109 -0.275381
0.661621 -0.277038
0.663086 -0.278119
0.673828 -0.279827
0.665039 -0.281953
0.677246 -0.284835
0.674805 -0.287409
0.676758 -0.28924
0.664551 -0.292536
0.67627 -0.29579
0.654297 -0.298274
0.645996 -0.300486
0.661621 -0.302564
0.668457 -0.30373
0.680664 -0.30406
0.694824 -0.305409
0.70459 -0.307196
0.705566 -0.308105
0.704102 -0.30878
0.720703 -0.31045
0.725586 -0.312127
0.724121 -0.311771
0.722656 -0.312368
0.725586 -0.312773
0.719238 -0.312578
0.70459 -0.312029
0.678711 -0.310731
0.714844 -0.309791
0.736816 -0.308434
0.725586 -0.307057
0.724121 -0.305645
0.69873 -0.304651
0.675293 -0.30315
0.662109 -0.300373
0.663086 -0.298009
0.660645 -0.297027
0.67041 -0.296116
0.665527 -0.294995
0.650391 -0.293467
0.633301 -0.292601
0.637695 -0.29201
0.634277 -0.290699
0.666992 -0.289027
0.658203 -0.288109
0.688477 -0.287545
0.683594 -0.287532
0.688965 -0.286523
0.695801 -0.286068
0.701172 -0.284655
0.713379 -0.282325
0.704102 -0.280375
0.705078 -0.278535
0.698242 -0.276319
0.699707 -0.273787
0.714355 -0.271307
0.706055 -0.268966
0.702148 -0.266279
0.716797 -0.264456
0.709961 -0.263123
0.698242 -0.261356
0.703613 -0.259724
0.682129 -0.258226
0.660645 -0.256836
0.668945 -0.255822
0.661133 -0.254967
0.681641 -0.252975
0.683594 -0.251722
0.672852 -0.250193
0.70166 -0.248549
0.713867 -0.246509
0.691406 -0.24483
0.679199 -0.242956
0.67041 -0.241878
0.680664 -0.241548
0.67334 -0.240062
0.676758 -0.237264
0.673828 -0.23396
0.691895 -0.231011
0.69043 -0.227767
0.696289 -0.224759
0.69043 -0.222032
0.699707 -0.220481
0.700195 -0.219313
0.695801 -0.217639
0.690918 -0.216321
0.680664 -0.214747
0.661621 -0.212935
0.653809 -0.210649
0.65625 -0.208535
0.668457 -0.205881
0.683594 -0.203047
0.689941 -0.200067
0.685547 -0.197497
0.693848 -0.19452
0.70166 -0.190948
0.717285 -0.187115
0.696777 -0.18347
0.708008 -0.179799
0.70166 -0.176822
0.711426 -0.174138
0.70459 -0.171731
0.702637 -0.168994
0.706543 -0.166969
0.68457 -0.164584
0.695801 -0.163859
0.694824 -0.163474
0.695312 -0.163713
0.697754 -0.164214
0.689453 -0.163777
0.686523 -0.162529
0.687988 -0.161055
0.680176 -0.161145
0.675293 -0.162419
0.672363 -0.164138
0.65918 -0.164236
0.656738 -0.164353
0.628418 -0.164381
0.62207 -0.163331
0.640625 -0.163185
0.641113 -0.162745
0.638184 -0.163221
0.630371 -0.163423
0.617188 -0.163636
0.609375 -0.164942
0.614258 -0.166072
0.643066 -0.167444
0.648438 -0.167511
0.644043 -0.168324
0.641602 -0.169529
0.648438 -0.170015
0.655273 -0.170395
0.626465 -0.170427
0.631836 -0.16961
0.631348 -0.169375
0.626953 -0.169525
0.611816 -0.169533
0.604492 -0.169229
0.589844 -0.168745
0.623047 -0.167556
0.631836 -0.16548
0.630371 -0.16303
0.621582 -0.160293
0.623047 -0.157027
0.645508 -0.153586
0.658203 -0.15124
0.636719 -0.148652
0.623047 -0.146505
0.627441 -0.144433
0.642578 -0.141625
0.625488 -0.13823
0.615723 -0.134059
0.61084 -0.130626
0.639648 -0.126696
0.619629 -0.123176
0.637695 -0.119268
0.649414 -0.115329
0.652832 -0.110065
0.646973 -0.105584
0.651855 -0.101884
0.662109 -0.0983327
0.67627 -0.0945178
0.665527 -0.0904688
0.660645 -0.0868625
0.666504 -0.0842297
0.664551 -0.0801507
0.649902 -0.0759734
0.665527 -0.0717429
0.671875 -0.0680444
0.64502 -0.0633338
0.63623 -0.0600168
0.633789 -0.0566776
0.618164 -0.0542522
0.61377 -0.051686
0.629883 -0.0489816
0.631836 -0.0480205
0.644043 -0.0462383
0.652344 -0.0434204
0.659668 -0.0401591
0.651855 -0.0371107
0.652344 -0.0344011
0.652344 -0.0310037
0.651367 -0.0273928
0.648926 -0.0218566
0.63916 -0.0166602
0.615234 -0.0122331
0.586914 -0.00799186
0.59082 -0.00395023
0.600586 0.000783503
0.630859 0.00546282
0.643555 0.0105331
0.630859 0.0151439
0.62207 0.0195703
0.598633 0.0230329
0.602051 0.0268065
0.631836 0.0308859
0.643555 0.0352074
0.632812 0.040039
0.646973 0.0453605
0.66748 0.0504447
0.669922 0.0554216
0.665039 0.060176
0.666992 0.0647527
0.673828 0.0686465
0.671875 0.0718872
0.683105 0.07513
0.695801 0.0788643
0.702637 0.0824286
0.699707 0.0849159
0.690918 0.0871079
0.685059 0.0896259
0.695312 0.0926367
0.703613 0.0953993
0.702148 0.0984151
0.699219 0.10037
0.675781 0.102745
0.678711 0.105351
0.674316 0.107488
0.697754 0.109386
0.716309 0.111453
0.724121 0.113324
0.730469 0.115167
0.726562 0.11628
0.714355 0.117793
0.724121 0.119336
0.72998 0.120975
0.772949 0.122607
0.774902 0.123605
0.785156 0.125441
0.773438 0.125869
0.780273 0.126478
0.762695 0.127284
0.751465 0.1291
0.741699 0.130383
0.71875 0.131756
0.698242 0.133534
0.710449 0.13469
0.722168 0.13507
0.729004 0.135549
0.722168 0.135561
0.692871 0.135554
0.688965 0.135961
0.671387 0.137917
0.689453 0.139187
0.672363 0.140631
0.6875 0.140816
0.681152 0.140815
0.669434 0.141466
0.661133 0.141439
0.660645 0.142122
0.65332 0.14364
0.661133 0.145173
0.653809 0.146664
0.665039 0.14746
0.662109 0.149401
0.658691 0.151768
0.65625 0.154003
0.669922 0.156263
0.65332 0.158519
0.638672 0.160091
0.65332 0.161682
0.647949 0.162595
0.622559 0.163545
0.641602 0.164759
0.643555 0.165791
0.621094 0.168064
0.610352 0.169684
0.628418 0.171483
0.621582 0.174023
0.623047 0.175767
0.632812 0.17702
0.646973 0.176218
0.636719 0.175857
0.617676 0.177305
0.62793 0.178037
0.629883 0.177838
0.59375 0.176885
0.614258 0.17615
0.611816 0.175376
0.631836 0.173905
0.64502 0.172096
0.663574 0.170243
0.664551 0.169026
0.675293 0.167559
0.70166 0.166796
0.702637 0.165055
0.702637 0.162608
0.702637 0.159443
0.703613 0.155891
0.69873 0.152892
0.685059 0.150277
0.69873 0.149083
0.70166 0.148066
0.706543 0.147637
0.708496 0.145811
0.69873 0.143628
0.699707 0.141438
0.705078 0.139573
0.723145 0.137279
0.724609 0.133678
0.72168 0.128596
0.70459 0.124096
0.666016 0.120674
0.668457 0.116419
0.654297 0.111941
0.656738 0.107244
0.640137 0.102896
0.628906 0.0994079
0.632324 0.0961719
0.630371 0.0933459
0.654785 0.0905196
0.638672 0.0893051
0.635254 0.0878292
0.647949 0.0866974
0.642578 0.0846275
0.633789 0.0831133
0.635254 0.0830175
0.633789 0.0821802
0.613281 0.0812914
0.637695 0.0804732
0.642578 0.0785145
0.632324 0.0772233
0.640137 0.0753026
0.651855 0.0739999
0.676758 0.0722043
0.67334 0.0699498
0.640625 0.0676114
0.648926 0.0646365
0.647949 0.0616338
0.643555 0.0591315
0.628906 0.057307
0.625488 0.056511
0.625 0.0549948
0.619141 0.0541406
0.657227 0.0537056
0.657227 0.0530111
0.653809 0.0525447
0.623047 0.0513876
0.643555 0.0499674
0.645508 0.046788
0.649902 0.0437334
0.626953 0.0408922
0.614258 0.0380266
0.623047 0.0344421
0.609863 0.0308672
0.612305 0.0274883
0.600586 0.0256218
0.587402 0.024096
0.610352 0.0221819
0.626465 0.0198423
0.644531 0.0184704
0.65918 0.0170688
0.683105 0.015786
0.667969 0.0136637
0.662598 0.0109991
0.663574 0.00908456
0.656738 0.00861135
0.647949 0.00863104
0.651855 0.00918886
0.63623 0.00965323
0.655762 0.0112992
0.664551 0.0129814
0.665527 0.0145048
0.678223 0.0161372
0.684082 0.0183166
0.694336 0.0203543
0.69873 0.0230222
0.703125 0.0258071
0.717773 0.0275245
0.725586 0.0292266
0.730957 0.0313602
0.735352 0.0339357
0.729004 0.0367146
0.733887 0.0394003
0.734375 0.0418977
0.723145 0.0442535
0.749512 0.045605
0.746094 0.0467623
0.765137 0.0478114
0.753418 0.0471964
0.733887 0.0461665
0.746582 0.0446808
0.723633 0.0430686
0.730469 0.041945
0.728516 0.0411781
0.716797 0.0404559
0.723633 0.0393324
0.73291 0.0380264
0.725586 0.0363984
0.709473 0.0331887
0.720215 0.0300541
0.694824 0.0270707
0.695312 0.0239209
0.699707 0.0202792
0.728027 0.0165123
0.710938 0.0131682
0.715332 0.00895954
0.709473 0.00461662
0.720703 0.000418127
0.735352 -0.00340374
0.722656 -0.00800541
0.725586 -0.0124553
0.711426 -0.0163125
0.717285 -0.0198122
0.708008 -0.0231693
0.69043 -0.0261675
0.679688 -0.0286535
0.687988 -0.0318274
0.67627 -0.0341985
0.672852 -0.0372234
0.682617 -0.0398253
0.702148 -0.0438425
0.678223 -0.0478602
0.661621 -0.0514093
0.65918 -0.0571621
0.641602 -0.0622508
0.647461 -0.0679475
0.646973 -0.0727938
0.664062 -0.0772408
0.671875 -0.0812529
0.650391 -0.0841701
0.667969 -0.0878878
0.662598 -0.0908054
0.664062 -0.0924524
0.646973 -0.0940085
0.652832 -0.0956621
0.648926 -0.0979657
0.638672 -0.100189
0.630371 -0.103438
0.609375 -0.106577
0.608887 -0.109711
0.632812 -0.111955
0.625 -0.11383
0.598633 -0.115822
0.606934 -0.117559
0.604492 -0.119613
0.622559 -0.120011
0.620117 -0.119606
0.602051 -0.119645
0.608398 -0.119586
0.610352 -0.120669
0.593262 -0.123762
0.619141 -0.127473
0.595703 -0.132275
0.595703 -0.13708
0.568848 -0.141117
0.567383 -0.144985
0.575195 -0.147104
0.567871 -0.148995
0.570312 -0.150465
0.561035 -0.152095
0.581543 -0.153059
0.583008 -0.153924
0.592285 -0.154749
0.605957 -0.156429
0.60498 -0.157131
0.631836 -0.158777
0.615723 -0.160069
0.615723 -0.162737
0.630371 -0.164693
0.633789 -0.165979
0.637207 -0.167437
0.650879 -0.169428
0.644043 -0.171162
0.654785 -0.172136
0.646484 -0.172796
0.648926 -0.174251
0.64209 -0.175004
0.649414 -0.174784
0.636719 -0.174764
0.619141 -0.174786
0.618652 -0.174754
0.629395 -0.173879
0.616699 -0.172454
0.648438 -0.170088
0.638672 -0.169309
0.611328 -0.169933
0.606934 -0.170148
0.628418 -0.17028
0.614258 -0.171522
0.597656 -0.17302
0.592285 -0.173727
0.592773 -0.175324
0.611328 -0.176421
0.615723 -0.176852
0.622559 -0.177279
0.644043 -0.177701
0.64502 -0.178867
0.646484 -0.180489
0.64502 -0.181689
0.635742 -0.182487
0.636719 -0.182595
0.658203 -0.181935
0.665527 -0.181347
0.664551 -0.180736
0.668945 -0.178796
0.661621 -0.177598
0.656738 -0.176174
0.647949 -0.175017
0.651367 -0.173769
0.628906 -0.171561
0.648926 -0.170729
0.628418 -0.169767
0.640137 -0.169594
0.639648 -0.168902
0.659668 -0.167273
0.666504 -0.166691
0.674316 -0.165574
0.650391 -0.164396
0.658691 -0.163725
0.669922 -0.161692
0.665527 -0.159902
0.651367 -0.158234
0.647949 -0.157469
0.615723 -0.157377
0.606445 -0.156869
0.607422 -0.157013
0.603027 -0.158658
0.625977 -0.1594
0.605957 -0.160706
0.609375 -0.160975
0.585938 -0.160697
0.581055 -0.160719
0.569336 -0.159916
0.560547 -0.159076
0.55957 -0.157883
0.564453 -0.156201
0.561523 -0.155658
0.562012 -0.154148
0.555176 -0.152016
0.561523 -0.150967
0.57373 -0.151635
0.554199 -0.152122
0.590332 -0.153209
0.594238 -0.153647
0.586426 -0.152849
0.571289 -0.151488
0.547363 -0.150202
0.558594 -0.149825
0.582031 -0.149847
0.59375 -0.150012
0.569824 -0.150521
0.569824 -0.150209
0.553223 -0.150456
0.557617 -0.151097
0.561523 -0.151842
0.525879 -0.15187
0.541016 -0.152509
0.568848 -0.153504
0.57666 -0.153639
0.570801 -0.15387
0.596191 -0.154043
0.581543 -0.153534
0.587402 -0.152737
0.580078 -0.152287
0.566406 -0.152213
0.558594 -0.151963
0.554199 -0.151247
0.527344 -0.150831
0.509766 -0.150907
0.519043 -0.151825
0.532227 -0.15264
0.523926 -0.15385
0.535156 -0.155613
0.541016 -0.156606
0.548828 -0.157009
0.535645 -0.157697
0.535156 -0.157747
0.53418 -0.15765
0.515625 -0.158971
0.524902 -0.160377
0.539062 -0.16182
0.53418 -0.163304
0.524902 -0.165198
0.535645 -0.16645
0.55127 -0.167547
0.556152 -0.167366
0.552734 -0.166574
0.571777 -0.166395
0.568359 -0.165539
0.560547 -0.164711
0.558594 -0.164603
0.547363 -0.165042
0.530762 -0.1655
0.560059 -0.166384
0.571777 -0.167589
0.575684 -0.168561
0.580566 -0.169102
0.589844 -0.169743
0.595215 -0.170152
0.603516 -0.171567
0.627441 -0.172367
0.634766 -0.172487
0.63623 -0.173125
0.637207 -0.174196
0.634277 -0.175515
0.604492 -0.177016
0.601074 -0.178191
0.603027 -0.179392
0.600586 -0.180427
0.60498 -0.18159
0.612793 -0.182642
0.623535 -0.183257
0.634277 -0.182965
0.638672 -0.181991
0.634277 -0.1819
0.645508 -0.181424
0.635742 -0.180017
0.635254 -0.179222
0.651367 -0.177754
0.65918 -0.175526
0.647461 -0.172826
0.662598 -0.171043
0.663574 -0.168951
0.665527 -0.167289
0.645508 -0.165884
0.644043 -0.16483
0.641602 -0.163644
0.65625 -0.161506
0.651855 -0.159772
0.643066 -0.158653
0.63623 -0.157013
0.640625 -0.155402
0.648438 -0.154342
0.658203 -0.153985
0.654297 -0.153279
0.645996 -0.15265
0.612793 -0.151926
0.619141 -0.151445
0.640137 -0.151436
0.621094 -0.150567
0.595215 -0.149546
0.598145 -0.14886
0.601562 -0.148368
0.595215 -0.148554
0.61377 -0.148474
0.621094 -0.147947
0.640625 -0.147827
0.632812 -0.147506
0.639648 -0.14685
0.64209 -0.145428
0.625488 -0.143714
0.626953 -0.142051
0.644043 -0.140426
0.654297 -0.137883
0.678711 -0.13423
0.677734 -0.130589
0.665527 -0.127911
0.661621 -0.125461
0.647949 -0.122878
0.65625 -0.121121
0.666992 -0.11937
0.640625 -0.116578
0.638184 -0.114399
0.652344 -0.111743
0.663574 -0.108606
0.659668 -0.106504
0.674316 -0.105028
0.671387 -0.104317
0.686523 -0.103531
0.68457 -0.102092
0.682617 -0.101826
0.658203 -0.100572
0.65332 -0.0989303
0.651367 -0.0979118
0.647461 -0.0966317
0.662109 -0.0957724
0.661621 -0.0939185
0.65918 -0.0919212
0.660645 -0.0903633
0.631348 -0.089197
0.64209 -0.0887627
0.606934 -0.0875557
0.612305 -0.085641
0.609863 -0.0841609
0.592773 -0.0831958
0.603027 -0.0824122
0.615234 -0.0812591
0.612793 -0.0807207
0.634277 -0.0810199
0.626953 -0.0809693
0.63623 -0.0799864
0.643066 -0.0793552
0.650879 -0.079272
0.646973 -0.0783235
0.651367 -0.0773734
0.672852 -0.0756996
0.697754 -0.0740533
0.705566 -0.0732399
0.672852 -0.0724248
0.671875 -0.070822
0.692383 -0.0700111
0.690918 -0.0686914
0.709473 -0.0684197
0.707031 -0.0680691
0.677734 -0.0691679
0.700195 -0.0714754
0.694336 -0.0740964
0.692871 -0.0768652
0.685059 -0.0799688
0.681152 -0.0824331
0.697266 -0.0849487
0.685059 -0.0881132
0.695312 -0.091417
0.693848 -0.0940754
0.694336 -0.0969417
0.696777 -0.100535
0.692383 -0.102814
0.706055 -0.104851
0.67627 -0.106942
0.669434 -0.110075
0.672363 -0.113187
0.697266 -0.116876
0.691406 -0.119758
0.65625 -0.121799
0.660156 -0.123117
0.643066 -0.123647
0.625488 -0.124778
0.644043 -0.125438
0.641602 -0.125091
0.644531 -0.12455
0.643066 -0.125646
0.637207 -0.126762
0.628418 -0.127865
0.632324 -0.128865
0.649414 -0.129348
0.628418 -0.129295
0.614258 -0.129271
0.614258 -0.127888
0.630371 -0.126249
0.643555 -0.12468
0.624023 -0.123003
0.61084 -0.121107
0.62793 -0.118952
0.629395 -0.117061
0.606934 -0.114681
0.601074 -0.112007
0.601562 -0.109514
0.633301 -0.107373
0.604004 -0.104192
0.615234 -0.101059
0.604492 -0.0974203
0.589844 -0.0946147
0.592773 -0.0919312
0.605957 -0.0898199
0.612793 -0.0877656
0.611328 -0.0856774
0.623535 -0.0840462
0.674805 -0.0833861
0.680176 -0.0824726
0.668945 -0.0809106
0.655762 -0.0795047
0.67334 -0.0774389
0.666992 -0.0758051
0.679199 -0.0751579
0.666016 -0.0756594
0.635254 -0.0762492
0.651855 -0.0770296
0.680664 -0.0779696
0.702148 -0.0789494
0.691895 -0.0794838
0.695801 -0.0803559
0.714355 -0.0802943
0.721191 -0.0803131
0.722168 -0.080126
0.711426 -0.079438
0.708008 -0.0784929
0.700195 -0.0771548
0.704102 -0.0762971
0.713379 -0.0754274
0.71582 -0.0733403
0.731934 -0.0702116
0.725098 -0.067503
0.709473 -0.0643258
0.699707 -0.060529
0.687012 -0.0561877
0.673828 -0.0509752
0.666016 -0.0449662
0.650391 -0.0392327
0.63916 -0.0338849
0.64209 -0.0287393
0.635742 -0.0234081
0.628906 -0.0195666
0.626953 -0.0159546
0.640625 -0.0126131
0.63623 -0.0101613
0.662598 -0.00725721
0.645996 -0.00546777
0.625977 -0.00259856
0.614258 0.0010947
0.617188 0.00544005
0.612793 0.00975638
0.61084 0.014349
0.618164 0.0182596
0.625977 0.020848
0.621582 0.0228645
0.622559 0.0238622
0.640625 0.0242092
0.672363 0.0244121
0.678223 0.0250399
0.669922 0.0254848
0.674316 0.0253302
0.681641 0.0257133
0.699707 0.0267735
0.70459 0.0272595
0.688965 0.0267114
0.6875 0.0267854
0.708008 0.0255251
0.720215 0.0253072
0.717285 0.0247159
0.700684 0.0231022
0.732422 0.0207107
0.728027 0.0173232
0.720703 0.013285
0.734863 0.00953228
0.740234 0.00726752
0.727051 0.00444136
0.728516 0.00129297
0.712891 -0.000883049
0.723633 -0.00322986
0.711914 -0.00526112
0.70459 -0.00645359
0.708496 -0.00734458
0.720703 -0.00816112
0.682129 -0.00787696
0.705078 -0.00667412
0.709961 -0.00653817
0.72168 -0.00582648
0.724121 -0.0061936
0.739258 -0.00704492
0.727539 -0.00710921
0.718262 -0.00679207
0.711914 -0.0065367
0.710938 -0.00705716
0.72168 -0.0074364
0.735352 -0.00826605
0.719238 -0.00886163
0.713379 -0.00919279
0.698242 -0.00985273
0.705566 -0.0102941
0.698242 -0.0116859
0.685059 -0.012448
0.701172 -0.0125082
0.675781 -0.0120803
0.693359 -0.0109335
0.68457 -0.0100528
0.666504 -0.00938928
0.659668 -0.00872314
0.659668 -0.00742523
0.643555 -0.00561592
0.651855 -0.00433236
0.654297 -0.00342582
0.65918 -0.00265131
0.644043 -0.00195012
0.633789 -0.00175957
0.635742 -0.0019208
0.646973 -0.00169009
0.653809 -0.00181285
0.658691 -0.00220577
0.675293 -0.00225028
0.691406 -0.00147809
0.71875 -0.000798182
0.71582 -0.000250883
0.725098 0.00108355
0.728027 0.00308181
0.714844 0.00642622
0.715332 0.00962376
0.716309 0.0127199
0.699707 0.0158445
0.702148 0.0192315
0.687988 0.0227239
0.703613 0.0272052
0.710449 0.0331985
0.696777 0.0395947
0.703125 0.0448094
0.713867 0.0498587
0.725586 0.0553786
0.745117 0.0604139
0.738281 0.0664531
0.75 0.0724303
0.756348 0.0779562
0.741699 0.0829395
0.76416 0.0871412
0.741699 0.092234
0.752441 0.0966691
0.758301 0.101359
0.740723 0.106635
0.757324 0.11092
0.752441 0.116009
0.750488 0.120662
0.742676 0.125793
0.733398 0.130007
0.736328 0.134397
0.737305 0.138924
0.70752 0.14304
0.699707 0.146759
0.707031 0.149363
0.717773 0.152918
0.703125 0.156062
0.706543 0.159229
0.711426 0.162478
0.708984 0.164658
0.729004 0.16636
0.725586 0.168799
0.748535 0.171139
0.740234 0.173701
0.731445 0.177146
0.725586 0.179565
0.712891 0.182636
0.717773 0.186785
0.717773 0.190627
0.715332 0.194355
0.732422 0.197267
0.731445 0.20029
0.721191 0.204395
0.708496 0.208107
0.706055 0.211262
0.718262 0.214006
0.731445 0.216504
0.741699 0.21784
0.742676 0.218911
0.742676 0.221043
0.752441 0.2224
0.76123 0.223366
0.776367 0.224968
0.769531 0.226298
0.788086 0.227726
0.789551 0.22857
0.790039 0.228663
0.787598 0.228935
0.788574 0.229827
0.792969 0.23096
0.773926 0.231973
0.758301 0.233436
0.762695 0.235428
0.788574 0.237968
0.799316 0.239591
0.789551 0.239513
0.772949 0.239429
0.774414 0.239784
0.769531 0.239424
0.775391 0.238591
0.772461 0.2373
0.762695 0.234954
0.768066 0.232155
0.768555 0.230153
0.750488 0.227205
0.770996 0.2257
0.755371 0.22514
0.756836 0.224926
0.744629 0.224921
0.746094 0.224897
0.748535 0.223337
0.740723 0.220868
0.731934 0.219328
0.739258 0.218324
0.732422 0.217925
0.719727 0.217389
0.733887 0.216631
0.726074 0.21667
0.727539 0.216712
0.723633 0.216834
0.758789 0.216244
0.765137 0.215263
0.770996 0.214245
0.782227 0.213615
0.77832 0.213243
0.785645 0.212636
0.794922 0.210708
0.79541 0.20802
0.804688 0.205113
0.814453 0.202389
0.8125 0.199924
0.8125 0.198492
0.795898 0.19622
0.799805 0.193526
0.792969 0.190339
0.786621 0.188095
0.772461 0.186009
0.760742 0.184335
0.754883 0.18336
0.740234 0.182322
0.753418 0.181622
0.75 0.182101
0.739258 0.182917
0.747559 0.183307
0.750488 0.183828
0.750488 0.183752
0.743652 0.183341
0.751465 0.183301
0.745605 0.183043
0.726562 0.181484
0.740723 0.179821
0.729492 0.178734
0.729004 0.177558
0.733887 0.17697
0.765137 0.176682
0.777344 0.17709
0.791992 0.176291
0.785645 0.175559
0.764648 0.176278
0.760254 0.177393
0.749023 0.17784
0.763184 0.178525
0.772461 0.179287
0.75 0.181376
0.747559 0.182807
0.744629 0.184898
0.754883 0.186804
0.75 0.187298
0.758789 0.188585
0.737793 0.190395
0.720703 0.192401
0.711914 0.194727
0.725098 0.197552
0.73584 0.199706
0.716797 0.201642
0.738281 0.20201
0.726074 0.201852
0.733398 0.202127
0.739746 0.202281
0.744141 0.20235
0.743164 0.202202
0.756836 0.201065
0.762207 0.200435
0.763672 0.200654
0.755859 0.200926
0.751953 0.199807
0.748535 0.198625
0.744629 0.196864
0.719238 0.194911
0.71875 0.193261
0.728027 0.190575
0.713867 0.187284
0.705566 0.183173
0.717773 0.179436
0.729492 0.176804
0.728027 0.174689
0.730469 0.174329
0.73877 0.173258
0.75293 0.172618
0.753418 0.173028
0.756836 0.171771
0.738281 0.169856
0.743164 0.168697
0.746582 0.168272
0.735352 0.168216
0.730469 0.168325
0.744629 0.168214
0.742676 0.167564
0.744629 0.166763
0.775391 0.165495
0.774902 0.163792
0.76709 0.161658
0.743652 0.159748
0.747559 0.157897
0.750488 0.157108
0.73584 0.155608
0.725098 0.154966
0.752441 0.154367
0.734863 0.153464
0.73584 0.151815
0.756836 0.150957
0.749512 0.148651
0.743652 0.146404
0.755859 0.144621
0.754883 0.141925
0.762695 0.137542
0.775391 0.133585
0.758301 0.130059
0.737793 0.125544
0.730957 0.121329
0.740234 0.116355
0.745117 0.111803
0.73291 0.106953
0.742188 0.102605
0.750488 0.0981275
0.738281 0.0933319
0.736328 0.0892548
0.740234 0.0865232
0.75 0.0835864
0.753418 0.0798701
0.75293 0.07548
0.755371 0.0718171
0.765625 0.0685997
0.76709 0.0652892
0.78418 0.0613051
0.762207 0.0578172
0.751953 0.0550894
0.754395 0.0536422
0.726074 0.0535564
0.733887 0.051261
0.723633 0.0495269
0.713379 0.0479032
0.706055 0.0470861
0.685059 0.0459601
0.712402 0.0442467
0.713379 0.0420142
0.748047 0.03973
0.754883 0.0388241
0.755371 0.0382957
0.746582 0.036755
0.73877 0.0340043
0.726562 0.03144
0.703613 0.0281838
0.696289 0.0237335
0.714355 0.0198077
0.690918 0.0148842
0.692383 0.00940853
0.703613 0.00369362
0.702637 -0.00153564
0.688965 -0.00529117
0.686035 -0.00820414
0.656738 -0.0093081
0.653809 -0.0110949
0.648926 -0.0142111
0.635254 -0.0177716
0.644043 -0.0199009
0.638672 -0.0221341
0.643066 -0.0246121
0.630859 -0.0268273
0.623535 -0.0290807
0.616211 -0.0324274
0.611816 -0.0363865
0.641113 -0.040532
0.648926 -0.0440666
0.663086 -0.0465484
0.659668 -0.0465121
0.657227 -0.0463422
0.655762 -0.046087
0.686523 -0.0459046
0.683594 -0.0452778
0.679688 -0.0445781
0.660645 -0.0439914
0.628906 -0.042792
0.615234 -0.0424796
0.598145 -0.0421429
0.628906 -0.0403364
0.626953 -0.0377432
0.60791 -0.0347771
0.626953 -0.0329915
0.617676 -0.0295424
0.64502 -0.0267679
0.634766 -0.0245318
0.621094 -0.0227842
0.60498 -0.0201956
0.613281 -0.0183335
0.629883 -0.0165425
0.637695 -0.0148811
0.623535 -0.0131951
0.612793 -0.0114566
0.625977 -0.00840472
0.63916 -0.00466876
0.625488 -0.00123932
0.632324 0.00205547
0.62207 0.00603371
0.615234 0.010424
0.622559 0.0131603
0.613281 0.0162259
0.616699 0.0183861
0.610352 0.0198956
0.61084 0.0193142
0.611816 0.0184005
0.633789 0.0178422
0.614746 0.0173475
0.644531 0.0171539
0.63916 0.0172496
0.668457 0.0167461
0.663086 0.0164513
0.677734 0.0171613
0.662598 0.017413
0.664062 0.0175724
0.680176 0.0175493
0.690918 0.0172648
0.699219 0.0175293
0.699219 0.0173514
0.707031 0.0158788
0.709961 0.015052
0.725098 0.0138963
0.731934 0.0131986
0.716309 0.0133548
0.73291 0.0135791
0.740234 0.013754
0.754395 0.0138257
0.745605 0.0144861
0.757812 0.0145952
0.76123 0.0149904
0.756348 0.0155079
0.756348 0.0167665
0.75 0.0171558
0.757324 0.016935
0.770996 0.0169376
0.762695 0.0160004
0.766602 0.0150158
0.753906 0.0152562
0.726562 0.0149247
0.714355 0.014525
0.716797 0.0140006
0.70752 0.014469
0.702637 0.0141531
0.695312 0.0137934
0.711426 0.0154887
0.710449 0.0171663
0.708496 0.01858
0.711426 0.0190218
0.729492 0.0192583
0.729004 0.0188924
0.733398 0.0174692
0.733887 0.0157088
0.723633 0.0125225
0.725586 0.0100636
0.719238 0.007345
0.694336 0.00552936
0.70459 0.00380167
0.71582 0.0016339
0.715332 -0.000470863
0.707031 -0.00249379
0.708984 -0.00388171
0.712891 -0.00543656
0.736328 -0.00729339
0.724121 -0.00829566
0.743652 -0.00859993
0.727539 -0.00851785
0.713867 -0.00906564
0.719238 -0.00871764
0.742188 -0.0102793
0.739258 -0.0127638
0.726562 -0.0146796
0.719727 -0.0164385
0.700195 -0.0179075
0.720215 -0.0203382
0.713379 -0.0230908
0.707031 -0.0268653
0.711426 -0.0298518
0.703613 -0.0331264
0.708984 -0.0352774
0.705078 -0.0376872
0.708496 -0.0398539
0.708984 -0.0405784
0.720703 -0.0415933
0.726074 -0.0436455
0.699707 -0.045173
0.718262 -0.0459724
0.73291 -0.0469436
0.70752 -0.048084
0.711426 -0.0497167
0.697754 -0.0519501
0.703613 -0.0531176
0.688965 -0.0547971
0.675781 -0.0566843
0.678223 -0.0577212
0.675781 -0.0581454
0.654785 -0.0584482
0.668945 -0.0588848
0.680176 -0.0585542
0.669922 -0.0583967
0.687012 -0.0590683
0.681152 -0.060668
0.697754 -0.0621657
0.71875 -0.0632517
0.70752 -0.0645939
0.73584 -0.067086
0.709473 -0.0694008
0.69873 -0.0700149
0.729492 -0.0713116
0.746582 -0.0721977
0.751953 -0.073463
0.736328 -0.0742712
0.719238 -0.0756029
0.709961 -0.0771056
0.708008 -0.0787344
0.706543 -0.0803918
0.708008 -0.0821253
0.733398 -0.0835852
0.755371 -0.0851668
0.776367 -0.0863211
0.756836 -0.086686
0.755859 -0.0865659
0.76123 -0.0856936
0.774414 -0.0853123
0.790039 -0.0846847
0.791016 -0.0838097
0.802734 -0.0838582
0.811035 -0.0828313
0.79834 -0.0832409
0.775879 -0.0835484
0.764648 -0.0844556
0.780762 -0.0860703
0.776367 -0.0861469
0.785645 -0.0866647
0.780762 -0.0867361
0.780762 -0.0858868
0.773438 -0.0847266
0.76709 -0.0831342
0.770508 -0.0819371
0.754883 -0.0806958
0.755371 -0.0801417
0.74707 -0.0810881
0.750488 -0.0833358
0.743164 -0.0855569
0.757812 -0.0872354
0.758301 -0.0886699
0.757324 -0.0888377
0.774902 -0.0891338
0.754395 -0.0885832
0.756348 -0.0877169
0.773926 -0.0861553
0.776855 -0.0842301
0.758301 -0.081608
0.760254 -0.0785206
0.749512 -0.0761499
0.764648 -0.0750886
0.775879 -0.073902
0.768555 -0.0733068
0.791992 -0.0723446
0.810059 -0.0714145
0.815918 -0.0717063
0.817383 -0.0703696
0.810547 -0.0692972
0.813477 -0.0692712
0.797363 -0.0686216
0.802734 -0.0677157
0.8125 -0.0670154
0.815918 -0.0668729
0.80127 -0.0659416
0.779785 -0.0653875
0.777344 -0.0648669
0.76709 -0.063371
0.771973 -0.0614694
0.754883 -0.0596155
0.737305 -0.056209
0.739746 -0.0533678
0.751465 -0.0508552
0.761719 -0.04772
0.775879 -0.044685
0.783691 -0.0415015
0.784668 -0.03844
0.78125 -0.0362663
0.785156 -0.0334296
0.783691 -0.0318007
0.779785 -0.030253
0.787598 -0.028668
0.775391 -0.0274474
0.793945 -0.0271832
0.779297 -0.0263929
0.770996 -0.025706
0.763672 -0.0260661
0.760742 -0.0260103
0.75 -0.0249663
0.765137 -0.0251086
0.76123 -0.0241964
0.76709 -0.0237376
0.763184 -0.0238329
0.793945 -0.0242559
0.775879 -0.0249953
0.768555 -0.0261114
0.769043 -0.0268332
0.757812 -0.0285194
0.75293 -0.0307025
0.74707 -0.031858
0.728027 -0.0336042
0.745605 -0.0361642
0.731934 -0.0390086
0.716309 -0.0399915
0.733398 -0.0408167
0.722656 -0.0416558
0.708008 -0.041922
0.706055 -0.0427254
0.710938 -0.0433187
0.714844 -0.0436226
0.713379 -0.0442954
0.730957 -0.044322
0.741211 -0.0430678
0.73877 -0.0413659
0.731445 -0.0398338
0.721191 -0.0371784
0.710449 -0.0349528
0.727539 -0.0330261
0.725586 -0.0308867
0.720703 -0.0290052
0.714844 -0.0261174
0.705078 -0.0238335
0.70459 -0.0202847
0.694824 -0.0169314
0.697266 -0.0148943
0.728516 -0.0119345
0.71582 -0.0096211
0.702148 -0.00887507
0.716309 -0.00891831
0.711426 -0.00852136
0.711426 -0.00736861
0.696777 -0.00592789
0.682617 -0.00477511
0.66748 -0.00254855
0.671875 8.78556e-05
0.669922 0.00356876
0.66748 0.00621802
0.656738 0.00724325
0.680664 0.00762252
0.669434 0.0081181
0.677734 0.00868545
0.698242 0.00812589
0.692383 0.00561737
0.693359 0.00392262
0.679688 0.00353411
0.666504 0.00318434
0.672363 0.00386199
0.660156 0.00458518
0.65332 0.00602538
0.669922 0.00752349
0.688477 0.00820916
0.693359 0.00793544
0.700684 0.00748497
0.682129 0.00810397
0.70459 0.00736245
0.730957 0.00671002
0.730469 0.00582334
0.733398 0.00560708
0.733398 0.00535277
0.75293 0.00597639
0.770508 0.00773643
0.76709 0.0104274
0.773926 0.0133324
0.762695 0.0156925
0.749512 0.0197897
0.73877 0.0238511
0.720215 0.0262832
0.721191 0.029631
0.726074 0.0324879
0.719727 0.0353686
0.72168 0.0365364
0.707031 0.0381768
0.689941 0.0397668
0.656738 0.0418852
0.657715 0.0429562
0.676758 0.0433619
0.67334 0.04342
0.686035 0.0438174
0.697266 0.0446909
0.705566 0.0445258
0.712891 0.0442415
0.702148 0.0431553
0.693359 0.0417817
0.682129 0.0402226
0.689453 0.0365625
0.677734 0.0346163
0.649414 0.0331329
0.654785 0.0311764
0.655762 0.0292761
0.650879 0.0275732
0.647461 0.0258658
0.655762 0.0243232
0.651367 0.0228975
0.674316 0.0204651
0.696777 0.0175329
0.705078 0.0139255
0.711914 0.00926199
0.711914 0.00626297
0.73584 0.00267035
0.735352 -0.000559121
0.748535 -0.00413117
0.759277 -0.00716554
0.738281 -0.0103691
0.75293 -0.0127352
0.749512 -0.0149721
0.751465 -0.0170273
0.754883 -0.0181285
0.748047 -0.0193935
0.732422 -0.0218852
0.720215 -0.0244792
0.702148 -0.025601
0.714355 -0.0264108
0.706543 -0.0274936
0.714355 -0.0277932
0.709473 -0.0269624
0.718262 -0.0260422
0.733887 -0.0253022
0.744141 -0.0253055
0.73291 -0.0250235
0.731934 -0.0240629
0.735352 -0.0227031
0.713379 -0.0205412
0.69043 -0.017949
0.677734 -0.0156539
0.679199 -0.0120517
0.663086 -0.00884174
0.66748 -0.00687861
0.665039 -0.00514804
0.633789 -0.00352306
0.617676 -0.001276
0.609375 0.00160619
0.617676 0.00456196
0.627441 0.00805813
0.662109 0.0122778
0.683594 0.0152536
0.675293 0.0179913
0.675781 0.020314
0.658203 0.0223915
0.645508 0.0241179
0.636719 0.0254358
0.637695 0.025435
0.665039 0.0248706
0.664062 0.0239573
0.650391 0.023386
0.661133 0.0230093
0.664062 0.0225691
0.660156 0.0228387
0.685547 0.0252598
0.703125 0.0287063
0.686035 0.0314661
0.686523 0.0345965
0.6875 0.0367762
0.682129 0.0379428
0.657715 0.0397986
0.647949 0.0422186
0.64502 0.0450102
0.648438 0.0464913
0.658203 0.04865
0.654785 0.0518303
0.658691 0.0539618
0.650391 0.0563164
0.670898 0.0575533
0.668945 0.0589851
0.681152 0.0613996
0.677246 0.0638432
0.677734 0.0660496
0.681641 0.0671509
0.689941 0.0680774
0.688965 0.0679654
0.673828 0.0667477
0.677246 0.0669237
0.665039 0.0675829
0.654297 0.0686754
0.642578 0.0689132
0.629883 0.0697277
0.624512 0.0707778
0.635254 0.0714113
0.625977 0.0734319
0.626953 0.0747134
0.631348 0.074898
0.628418 0.0741311
0.646973 0.0737909
0.617188 0.0738555
0.619629 0.0731157
0.617676 0.0733843
0.595703 0.0740755
0.61377 0.0741032
0.604004 0.075253
0.60791 0.0766594
0.616211 0.0794557
0.624512 0.081642
0.642578 0.0824976
0.637207 0.0832069
0.64502 0.0832283
0.669922 0.0829326
0.670898 0.0829302
0.654785 0.0832629
0.638184 0.0825242
0.637695 0.0825479
0.661133 0.0815083
0.648926 0.0809327
0.651855 0.0790555
0.665527 0.0779783
0.666504 0.0755848
0.659668 0.0731447
0.65332 0.0723142
0.659668 0.070782
0.620117 0.0677664
0.60791 0.0649816
0.602051 0.0616383
0.605957 0.0576408
0.613281 0.0551915
0.632812 0.0537249
0.598633 0.0521013
0.619141 0.0491862
0.607422 0.0472365
0.596191 0.0468148
0.620117 0.046686
0.649902 0.0455754
0.648438 0.044224
0.650391 0.043231
0.64502 0.0426294
0.654297 0.0423592
0.642578 0.041775
0.656738 0.0412719
0.663086 0.0411854
0.652832 0.0434466
0.637207 0.0465532
0.633789 0.0494731
0.624023 0.0522257
0.625977 0.0555407
0.634277 0.0583288
0.634277 0.0614329
0.647949 0.0650442
0.661133 0.0690135
0.678223 0.0719854
0.665039 0.0750201
0.690918 0.0783736
0.674805 0.0840991
0.67041 0.089378
0.66748 0.0947657
0.65918 0.100655
0.657715 0.105936
0.665039 0.111758
0.650391 0.116756
0.644043 0.121368
0.65332 0.126039
0.640625 0.130351
0.654297 0.134175
0.635742 0.137402
0.62793 0.139918
0.62207 0.142408
0.665527 0.143523
0.642578 0.143891
0.626953 0.145187
0.63916 0.147148
0.67334 0.148375
0.682617 0.149301
0.678223 0.15037
0.667969 0.150598
0.669922 0.150676
0.671387 0.151319
0.660645 0.150689
0.668457 0.149025
0.654297 0.146825
0.655273 0.14328
0.658203 0.13991
0.675781 0.136418
0.661133 0.133753
0.655762 0.13094
0.650391 0.128567
0.630859 0.127597
0.623535 0.126757
0.645508 0.126675
0.641113 0.126784
0.655273 0.126588
0.666992 0.125673
0.670898 0.123718
0.66748 0.121116
0.694336 0.119059
0.683594 0.118145
0.671387 0.116592
0.690918 0.115511
0.69043 0.115699
0.666992 0.114546
0.680664 0.113514
0.684082 0.113247
0.659668 0.113126
0.641113 0.11206
0.630859 0.11116
0.626953 0.109214
0.643555 0.107182
0.650391 0.104133
0.652832 0.099407
0.623535 0.0963864
0.630859 0.0932166
0.645508 0.0906278
0.644531 0.0884026
0.620605 0.0871216
0.614746 0.0866515
0.600586 0.0850789
0.588379 0.0844055
0.540527 0.0851116
0.557129 0.0859693
0.576172 0.0862973
0.558594 0.0856785
0.58252 0.0846173
0.603027 0.0828249
0.589844 0.0816034
0.600586 0.0799968
0.597656 0.0777723
0.591309 0.0759997
0.600586 0.074701
0.598145 0.0739299
0.599121 0.07223
0.571777 0.0715212
0.562988 0.0710728
0.566406 0.0711903
0.564941 0.0707496
0.570801 0.070317
0.580566 0.0689437
0.591797 0.0675272
0.606445 0.0665018
0.606445 0.0639207
0.61084 0.0615582
0.623535 0.0589501
0.563477 0.0564112
0.561523 0.0554473
0.562012 0.0560799
0.569824 0.0563684
0.585449 0.055616
0.588867 0.0555432
0.585449 0.0560169
0.577148 0.0575277
0.575195 0.0593421
0.564941 0.0603597
0.532227 0.0618583
0.558105 0.0633974
0.554688 0.0641434
0.545898 0.0654487
0.562988 0.0674263
0.577637 0.0697184
0.58252 0.0714822
0.567383 0.0736483
0.581543 0.075937
0.574219 0.077652
0.578125 0.0793869
0.561523 0.0814358
0.568848 0.0840744
0.555176 0.0866595
0.5625 0.0881567
0.568848 0.0895871
0.55957 0.0915531
0.5625 0.0928342
0.554688 0.0932962
0.545898 0.0947271
0.547363 0.0976624
0.565918 0.100642
0.555176 0.102897
0.562988 0.105367
0.568359 0.107443
0.575195 0.108988
0.555176 0.110786
0.533691 0.111904
0.516602 0.112753
0.508301 0.112198
0.499512 0.113094
0.517578 0.114152
0.51416 0.116185
0.512695 0.11913
0.514648 0.12186
0.526367 0.125625
0.535645 0.129023
0.535156 0.132861
0.52832 0.137049
0.524414 0.140497
0.526367 0.141208
0.506836 0.142459
0.508789 0.14352
0.536621 0.144687
0.523926 0.146142
0.525879 0.148473
0.533203 0.150058
0.557617 0.151505
0.555664 0.152715
0.554688 0.154114
0.559082 0.154997
0.553711 0.156275
0.552246 0.157577
0.550781 0.159329
0.556152 0.160353
0.556152 0.160342
0.54834 0.160068
0.54834 0.160436
0.52832 0.162014
0.539062 0.163385
0.513672 0.1648
0.518066 0.164959
0.493652 0.16469
0.512207 0.163723
0.535645 0.163426
0.535156 0.162184
0.543945 0.160998
0.553711 0.159964
0.581543 0.158695
0.579102 0.157231
0.592773 0.155824
0.615723 0.154375
0.613281 0.15391
0.632324 0.152985
0.62793 0.152198
0.635254 0.151915
0.629883 0.15122
0.634766 0.150707
0.641602 0.150216
0.651367 0.151209
0.674805 0.151654
0.653809 0.151201
0.646973 0.150363
0.63916 0.151365
0.646973 0.150949
0.644531 0.150173
0.612305 0.148868
0.605469 0.14752
0.59668 0.147246
0.623535 0.147751
0.624512 0.147099
0.646484 0.147615
0.664551 0.147754
0.666016 0.147011
0.666992 0.14617
0.672363 0.145248
0.646484 0.14341
0.639648 0.142585
0.647461 0.143123
0.655273 0.141568
0.663086 0.138525
0.649414 0.135637
0.65332 0.132498
0.650391 0.128864
0.654297 0.125335
0.652832 0.122305
0.650879 0.119817
0.65625 0.117411
0.650391 0.114225
0.648438 0.112441
0.649414 0.109553
0.657227 0.10593
0.67334 0.102898
0.678711 0.0990755
0.67041 0.0947049
0.681152 0.0902514
0.678223 0.0861953
0.676758 0.0839685
0.704102 0.081443
0.712402 0.079987
0.713867 0.0789174
0.715332 0.0788217
0.71875 0.0796171
0.707031 0.0798459
0.715332 0.0801883
0.701172 0.081114
0.699219 0.0817365
0.712891 0.0813983
0.727539 0.0816268
0.727539 0.0817996
0.709961 0.0805967
0.694336 0.0797956
0.702148 0.079803
0.711426 0.0803582
0.696777 0.0802875
0.671387 0.0802231
0.668457 0.0805111
0.671387 0.0793477
0.667969 0.0774527
0.650879 0.0751808
0.643066 0.0737305
0.65332 0.07222
0.630859 0.0710035
0.625 0.0685699
0.612305 0.0658312
0.586914 0.0640387
0.618164 0.0618852
0.623047 0.0591089
0.62793 0.0572499
0.620117 0.0552932
0.625488 0.0543055
0.629883 0.052485
0.621582 0.0509081
0.631836 0.0489934
0.637207 0.0480637
0.628418 0.0483043
0.64209 0.0479367
0.632812 0.0479894
0.658691 0.0485043
0.65918 0.0507402
0.687988 0.0543019
0.681641 0.0572766
0.703125 0.060668
0.692383 0.0647701
0.683105 0.0682242
0.67627 0.0709812
0.661133 0.0738251
0.667969 0.07573
0.67041 0.0775989
0.672363 0.0791248
0.658691 0.0811675
0.654297 0.0833808
0.650879 0.0843854
0.621094 0.0856408
0.622559 0.0879908
0.638184 0.0901032
0.649902 0.0917441
0.627441 0.0919492
0.649414 0.0923126
0.65625 0.0929588
0.650391 0.0933653
0.61377 0.0939931
0.591309 0.0962032
0.615723 0.0969502
0.608398 0.0971045
0.618164 0.0975323
0.629395 0.0989733
0.627441 0.0997121
0.630371 0.10146
0.637207 0.101553
0.657715 0.102842
0.666016 0.103452
0.67041 0.102678
0.680176 0.10142
0.665039 0.100762
0.662109 0.100771
0.666504 0.0997108
0.670898 0.0986023
0.668945 0.0986983
0.651367 0.098371
0.642578 0.0969757
0.643555 0.096537
0.645508 0.096507
0.640137 0.0955327
0.652832 0.0946938
0.65332 0.0950451
0.653809 0.0943605
0.634277 0.0927645
0.635742 0.0906134
0.635742 0.090038
0.632812 0.0889217
0.625488 0.0865812
0.628418 0.0837662
0.644043 0.0825588
0.631348 0.0807491
0.620117 0.0785792
0.623535 0.0761061
0.619629 0.0747443
0.633301 0.0720616
0.64209 0.0683976
0.621582 0.0651033
0.625977 0.0612847
0.609863 0.0571069
0.634277 0.0516769
0.622559 0.0457852
0.631836 0.0401964
0.631836 0.0335408
0.626953 0.0278442
0.647461 0.020262
0.645508 0.0118209
0.654785 0.00385857
0.646973 -0.00359
0.630371 -0.00956403
0.622559 -0.0167194
0.616211 -0.0237957
0.628906 -0.0311425
0.647949 -0.0384865
0.649414 -0.0468822
0.65918 -0.0553537
0.672852 -0.0629726
0.677246 -0.0707403
0.664551 -0.0772231
0.670898 -0.0836894
0.665527 -0.0907713
0.665527 -0.0990283
0.642578 -0.106552
0.660156 -0.113484
0.657227 -0.120042
0.623535 -0.127504
0.637695 -0.132613
0.660156 -0.137104
0.666016 -0.140784
0.664062 -0.143824
0.642578 -0.14607
0.619141 -0.149557
0.627441 -0.152978
0.657227 -0.156272
0.654297 -0.159372
0.652344 -0.16276
0.651367 -0.165841
0.639648 -0.168089
0.64209 -0.170196
0.615234 -0.172724
0.625977 -0.174161
0.622559 -0.174461
0.613281 -0.174604
0.574707 -0.175444
0.555176 -0.176119
0.570801 -0.177211
0.584961 -0.178588
0.574707 -0.179131
0.581055 -0.178671
0.562012 -0.178523
0.581055 -0.178534
0.600586 -0.177575
0.592285 -0.176522
0.591309 -0.174518
0.592285 -0.171299
0.583008 -0.168551
0.588867 -0.165591
0.594238 -0.163107
0.587891 -0.162021
0.588867 -0.162213
0.597168 -0.160606
0.611816 -0.159843
0.61084 -0.15807
0.629395 -0.157034
0.638184 -0.1554
0.646484 -0.152956
0.664551 -0.152339
0.658691 -0.152473
0.674805 -0.151503
0.66748 -0.150082
0.660645 -0.15089
0.655273 -0.15078
0.657227 -0.150621
0.650391 -0.150086
0.663086 -0.148688
0.665039 -0.146423
0.665527 -0.14484
0.664551 -0.143324
0.649902 -0.142491
0.631836 -0.14091
0.634766 -0.13898
0.635254 -0.13693
0.630371 -0.134463
0.619141 -0.131372
0.618164 -0.127865
0.619141 -0.123619
0.623535 -0.118965
0.615234 -0.112431
0.637695 -0.106098
0.666016 -0.10053
0.65625 -0.0953873
0.654297 -0.0898851
0.680664 -0.0848339
0.69043 -0.0801937
0.687012 -0.0762176
0.665527 -0.0710148
0.67334 -0.0666018
0.677246 -0.0634013
0.65918 -0.060436
0.652832 -0.0579935
0.654297 -0.0564507
0.634766 -0.0540699
0.65918 -0.051939
0.655762 -0.0504325
0.665527 -0.0506421
0.665527 -0.0503519
0.64209 -0.0487354
0.643555 -0.0478971
0.658691 -0.0491708
0.651367 -0.0514633
0.650879 -0.0537321
0.669434 -0.0547287
0.67041 -0.0569066
0.675293 -0.0590344
0.65625 -0.0617888
0.64502 -0.0638074
0.67334 -0.0646819
0.691406 -0.0645523
0.69043 -0.06588
0.680176 -0.066333
0.67627 -0.0673077
0.663086 -0.0689718
0.687012 -0.0702556
0.70166 -0.0720719
0.688477 -0.0746308
0.685547 -0.076303
0.685059 -0.0775659
0.6875 -0.0781778
0.692383 -0.0801688
0.692871 -0.0817185
0.70166 -0.0817907
0.692383 -0.0827465
0.693359 -0.083955
0.6875 -0.0864891
0.69043 -0.0888573
0.686035 -0.0908994
0.692871 -0.0921353
0.687988 -0.0915848
0.663574 -0.0922245
0.661621 -0.0926629
0.656738 -0.0920622
0.679199 -0.0907653
0.663574 -0.090805
0.674805 -0.0911464
0.663574 -0.0904834
0.696777 -0.0918715
0.687012 -0.0938862
0.677734 -0.0958289
0.676758 -0.09721
0.70166 -0.0983813
0.718262 -0.101124
0.718262 -0.103217
0.713867 -0.104111
0.725586 -0.103735
0.727051 -0.102514
0.741699 -0.102518
0.73291 -0.103801
0.735352 -0.106507
0.747559 -0.108943
0.725098 -0.111062
0.723145 -0.113611
0.739746 -0.115458
0.73584 -0.117526
0.750488 -0.119218
0.758301 -0.120613
0.752441 -0.12312
0.758789 -0.125274
0.757812 -0.128228
0.758301 -0.129995
0.760742 -0.131258
0.759766 -0.132106
0.751465 -0.132905
0.75293 -0.134327
0.731934 -0.136104
0.729492 -0.13849
0.718262 -0.139625
0.723145 -0.140209
0.719238 -0.140067
0.711426 -0.139273
0.693359 -0.138685
0.681152 -0.136956
0.69873 -0.135155
0.700684 -0.133727
0.697266 -0.133078
0.687012 -0.132446
0.700684 -0.13209
0.690918 -0.132115
0.722656 -0.131449
0.700684 -0.129282
0.710938 -0.125928
0.714355 -0.123211
0.714355 -0.120943
0.714355 -0.118263
0.697754 -0.114708
0.690918 -0.113595
0.696289 -0.110907
0.708008 -0.108847
0.705078 -0.106587
0.695801 -0.10369
0.706543 -0.101137
0.69873 -0.0981625
0.702148 -0.0953453
0.700195 -0.0925019
0.69873 -0.090584
0.713867 -0.0866248
0.72168 -0.0818546
0.737305 -0.0783668
0.70459 -0.0744053
0.683105 -0.0699635
0.714355 -0.0638809
0.727051 -0.0577898
0.715332 -0.0537226
0.697754 -0.0484725
0.706055 -0.0438503
0.681152 -0.0376972
0.668457 -0.0327547
0.684082 -0.0288457
0.70752 -0.0239044
0.713867 -0.020099
0.721191 -0.0157718
0.731445 -0.0114001
0.714844 -0.00916581
0.704102 -0.0065886
0.710449 -0.00338078
0.709961 -0.00050175
0.712402 0.00055231
0.700684 0.0030308
0.703125 0.00501632
0.708984 0.00775064
0.715332 0.00872585
0.728027 0.00966739
0.73877 0.0102926
0.746094 0.0109418
0.743164 0.0108475
0.746094 0.00972711
0.736816 0.00811935
0.735352 0.00594689
0.724609 0.00425168
0.721191 0.000576256
0.730469 -0.00283638
0.736816 -0.00670082
0.720703 -0.0111877
0.709473 -0.0143655
0.710938 -0.0191408
0.725098 -0.023679
0.746582 -0.0268916
0.750488 -0.0308823
0.73877 -0.0353165
0.745117 -0.0413187
0.731934 -0.0468616
0.745605 -0.0523728
0.751953 -0.0586892
0.725586 -0.0652229
0.70459 -0.071892
0.707031 -0.0773939
0.703613 -0.0835191
0.709473 -0.0888999
0.709961 -0.0933292
0.714844 -0.0986831
0.715332 -0.103781
0.722656 -0.107483
0.709961 -0.110566
0.717773 -0.111996
0.71582 -0.113926
0.724609 -0.115553
0.715332 -0.116094
0.708008 -0.11616
0.71875 -0.117778
0.72168 -0.118534
0.733398 -0.118314
0.723633 -0.117862
0.700684 -0.116574
0.715332 -0.114752
0.716797 -0.112351
0.712891 -0.110372
0.709473 -0.109455
0.686035 -0.108974
0.683594 -0.108082
0.669434 -0.106812
0.661133 -0.10702
0.646973 -0.107997
0.654297 -0.108864
0.657227 -0.111627
0.637207 -0.115628
0.642578 -0.120017
0.639648 -0.123829
0.617188 -0.127849
0.612793 -0.131868
0.625488 -0.135611
0.633789 -0.139783
0.631836 -0.143734
0.623047 -0.148992
0.593262 -0.153601
0.575684 -0.155825
0.554688 -0.157117
0.551758 -0.15859
0.564941 -0.160691
0.543457 -0.163022
0.554688 -0.165862
0.556152 -0.168049
0.575684 -0.171115
0.592773 -0.171775
0.577637 -0.172141
0.591797 -0.172811
0.589355 -0.173378
0.59082 -0.175046
0.605469 -0.176195
0.62207 -0.179614
0.595215 -0.182059
0.608887 -0.184665
0.607422 -0.18597
0.621094 -0.185521
0.634766 -0.185447
0.632324 -0.186688
0.649902 -0.189318
0.636719 -0.189794
0.638672 -0.188837
0.631836 -0.188817
0.633301 -0.189477
0.630371 -0.189102
0.647949 -0.187208
0.644043 -0.184385
0.646484 -0.182197
0.647949 -0.179262
0.641113 -0.177081
0.637207 -0.175263
0.635254 -0.173069
0.64502 -0.170367
0.62793 -0.168314
0.653809 -0.166575
0.66748 -0.163807
0.647461 -0.161023
0.631836 -0.158868
0.617676 -0.15714
0.642578 -0.155424
0.649902 -0.155377
0.661621 -0.156069
0.67334 -0.157792
0.661621 -0.160744
0.654785 -0.163169
0.65332 -0.166095
0.667969 -0.169348
0.645508 -0.172278
0.666992 -0.174174
0.665039 -0.174351
0.65625 -0.175023
0.663574 -0.175675
0.640137 -0.177151
0.641113 -0.178021
0.629883 -0.179156
0.630859 -0.180803
0.632812 -0.183266
0.617676 -0.184484
0.657227 -0.184961
0.657227 -0.186126
0.671387 -0.186864
0.683105 -0.187802
0.682617 -0.186961
0.685547 -0.186492
0.689453 -0.186973
0.679199 -0.187587
0.708008 -0.188024
0.711426 -0.187631
0.699219 -0.188773
0.72998 -0.190054
0.719238 -0.191605
0.70752 -0.194726
0.688477 -0.197688
0.697266 -0.200828
0.702148 -0.202222
0.686523 -0.203775
0.679688 -0.204023
0.705078 -0.203709
0.705566 -0.205311
0.700684 -0.20708
0.701172 -0.210497
0.683105 -0.21426
0.681152 -0.217308
0.65625 -0.222017
0.681152 -0.228051
0.669922 -0.232822
0.661621 -0.236592
0.679199 -0.23962
0.70166 -0.243798
0.681641 -0.24712
0.678711 -0.249774
0.655762 -0.251201
0.672852 -0.254158
0.683594 -0.25759
0.665527 -0.25994
0.682617 -0.26245
0.695312 -0.266233
0.685059 -0.269818
0.67627 -0.274013
0.687988 -0.27703
0.69043 -0.278914
0.68457 -0.278927
0.688477 -0.27932
0.699219 -0.280123
0.696289 -0.280374
0.694824 -0.279704
0.713379 -0.27929
0.692871 -0.278564
0.687988 -0.276194
0.694336 -0.27335
0.671387 -0.269472
0.665039 -0.26649
0.649902 -0.264151
0.639648 -0.263222
0.624023 -0.261759
0.623047 -0.261635
0.612305 -0.262604
0.616699 -0.262497
0.619141 -0.262913
0.601074 -0.264146
0.585938 -0.266453
0.587402 -0.268704
0.601074 -0.268766
0.593262 -0.270298
0.603027 -0.27208
0.620605 -0.273819
0.612793 -0.274714
0.595215 -0.276322
0.598145 -0.276624
0.600586 -0.277501
0.614746 -0.278312
0.619141 -0.279767
0.632324 -0.280696
0.631836 -0.28063
0.649902 -0.283452
0.65332 -0.285163
0.646973 -0.286169
0.666992 -0.286919
0.639648 -0.286902
0.615234 -0.287886
0.609375 -0.288467
0.600586 -0.287705
0.583496 -0.287711
0.577637 -0.287746
0.568359 -0.288173
0.583984 -0.287522
0.5625 -0.287939
0.577637 -0.286727
0.566895 -0.284972
0.584961 -0.282759
0.603516 -0.280348
0.613281 -0.277032
0.620117 -0.273444
0.616699 -0.26922
0.606934 -0.265063
0.585938 -0.261565
0.600098 -0.256247
0.582031 -0.253382
0.575195 -0.251363
0.585449 -0.24993
0.554688 -0.246861
0.558594 -0.244393
0.558105 -0.242987
0.537598 -0.241524
0.541504 -0.240228
0.525391 -0.239602
0.54541 -0.238469
0.546875 -0.237195
0.547852 -0.235566
0.548828 -0.233215
0.538086 -0.230455
0.529297 -0.228214
0.556152 -0.226438
0.530762 -0.223466
0.529785 -0.220623
0.538086 -0.217423
0.545898 -0.216717
0.55957 -0.215638
0.554688 -0.213455
0.556152 -0.210882
0.554688 -0.207098
0.572266 -0.204043
0.564941 -0.201075
0.562012 -0.197784
0.571777 -0.192112
0.597168 -0.187374
0.568359 -0.182421
0.571289 -0.177528
0.560547 -0.173954
0.554688 -0.170129
0.568848 -0.165973
0.580078 -0.161282
0.591797 -0.156673
0.618164 -0.152267
0.621582 -0.147638
0.619141 -0.142658
0.618652 -0.138492
0.639648 -0.13395
0.645996 -0.128732
0.65332 -0.125076
0.636719 -0.122628
0.638184 -0.120331
0.637695 -0.118996
0.645508 -0.116514
0.637695 -0.115883
0.647461 -0.113339
0.641602 -0.111391
0.63916 -0.11093
0.641113 -0.109208
0.633789 -0.107929
0.635254 -0.107271
0.586914 -0.106124
0.564453 -0.1042
0.569336 -0.10501
0.581055 -0.104851
0.605469 -0.103393
0.582031 -0.101511
0.585938 -0.10085
0.598145 -0.101619
0.602539 -0.103256
0.611816 -0.104717
0.621094 -0.105297
0.632324 -0.105931
0.623047 -0.107453
0.623535 -0.109206
0.641113 -0.111956
0.633789 -0.114479
0.604004 -0.117617
0.609375 -0.121104
0.616699 -0.123763
0.620117 -0.126889
0.615723 -0.129686
0.608398 -0.13234
0.63916 -0.136636
0.649414 -0.140659
0.661133 -0.144799
0.66748 -0.148393
0.672852 -0.153047
0.658691 -0.156718
0.658691 -0.161254
0.683594 -0.16475
0.668457 -0.167273
0.656738 -0.16933
0.660645 -0.171484
0.643555 -0.172407
0.641602 -0.173312
0.653809 -0.17408
0.654297 -0.174513
0.627441 -0.174803
0.650879 -0.174793
0.645996 -0.176226
0.660645 -0.178996
0.658203 -0.182205
0.679688 -0.184222
0.681152 -0.185683
0.685059 -0.188061
0.667969 -0.189501
0.666504 -0.189134
0.675293 -0.189214
0.684082 -0.189277
0.675293 -0.18921
0.679688 -0.188328
0.688965 -0.187746
0.666504 -0.187787
0.649902 -0.18778
0.611328 -0.187475
0.609375 -0.187152
0.60498 -0.187269
0.617188 -0.186661
0.598633 -0.185336
0.611328 -0.184397
0.605469 -0.183213
0.594727 -0.182648
0.617676 -0.180311
0.618164 -0.179869
0.624023 -0.179877
0.611328 -0.179957
0.591797 -0.179717
0.611328 -0.179646
0.629883 -0.178817
0.611328 -0.177378
0.60791 -0.176518
0.620117 -0.175064
0.612305 -0.171783
0.617188 -0.168271
0.638672 -0.163508
0.626465 -0.158622
0.625977 -0.154881
0.637695 -0.151444
0.63623 -0.148241
0.643066 -0.143128
0.636719 -0.13854
0.647461 -0.134603
0.652832 -0.131193
0.657715 -0.127561
0.666992 -0.122881
0.655273 -0.119058
0.654297 -0.116524
0.663574 -0.113636
0.655762 -0.109386
0.666504 -0.104387
0.657227 -0.099428
0.672852 -0.0944169
0.672852 -0.0893432
0.677246 -0.0856113
0.687012 -0.0817838
0.70166 -0.0775808
0.705078 -0.0727821
0.708496 -0.0682176
0.703613 -0.0635523
0.693359 -0.0590899
0.708496 -0.0546062
0.705566 -0.0517462
0.685059 -0.0485491
0.710449 -0.0451529
0.725098 -0.042619
0.725586 -0.0393282
0.703125 -0.0356309
0.704102 -0.0302309
0.699219 -0.0227938
0.698242 -0.0160145
0.713379 -0.0102375
0.710938 -0.00464404
0.725586 0.000687497
0.727539 0.00554102
0.70459 0.00894816
0.718262 0.0114482
0.747559 0.0148542
0.751465 0.0192702
0.763672 0.0217369
0.751953 0.0244994
0.730469 0.028667
0.755859 0.0339986
0.758789 0.0390125
0.768555 0.0432207
0.754883 0.0488401
0.760742 0.0542484
0.779785 0.05977
0.787109 0.0629753
0.781738 0.06337
0.784668 0.0632282
0.795898 0.0633109
0.794434 0.0645837
0.796875 0.0646843
0.798828 0.0652807
0.788574 0.0674307
0.795898 0.0705746
0.777832 0.0731547
0.793457 0.0747738
0.776855 0.0760315
0.76416 0.076913
0.748535 0.0767028
0.72168 0.0763343
0.72168 0.0738052
0.716797 0.0712652
0.711914 0.0695092
0.726562 0.0665119
0.73584 0.0637767
0.731934 0.0600506
0.737793 0.0574085
0.769043 0.0554744
0.767578 0.0541078
0.749023 0.0499629
0.767578 0.0448641
0.742676 0.0395866
0.749512 0.033735
0.76709 0.0265448
0.762207 0.0209836
0.769043 0.0149269
0.775879 0.0106305
0.76709 0.00633681
0.755859 0.00149782
0.758789 -0.0036637
0.756348 -0.00784803
0.75293 -0.0113239
0.766113 -0.0138702
0.744629 -0.016642
0.741211 -0.0199773
0.742188 -0.0231522
0.75293 -0.0250675
0.731445 -0.0271943
0.718262 -0.0299829
0.717285 -0.0321285
0.736328 -0.034135
0.744629 -0.0354968
0.721191 -0.0353658
0.730469 -0.0360666
0.72998 -0.0359901
0.721191 -0.0351356
0.717773 -0.0344406
0.701172 -0.0331849
0.716309 -0.0307437
0.713867 -0.0291772
0.70752 -0.0271188
0.68457 -0.0241456
0.687012 -0.0202464
0.691406 -0.0149303
0.700195 -0.00926325
0.705566 -0.00442324
0.683594 -0.00096595
0.683594 0.00161122
0.68457 0.00394149
0.708008 0.00630558
0.703613 0.0085959
0.704102 0.0112435
0.702637 0.0138188
0.70459 0.0160308
0.699707 0.0168954
0.711426 0.0170823
0.72168 0.0170149
0.715332 0.0167122
0.731934 0.0170332
0.723145 0.0176113
0.73584 0.0181035
0.746094 0.0183561
0.755371 0.0190152
0.756836 0.0192574
0.754395 0.0184023
0.759766 0.0165038
0.744629 0.0163899
0.73877 0.0175569
0.733887 0.0180505
0.743164 0.0183749
0.733887 0.0201309
0.719238 0.0220835
0.727051 0.0228876
0.731934 0.0235985
0.740723 0.0233946
0.751953 0.0240211
0.761719 0.0252509
0.771484 0.0266003
0.777344 0.0277986
0.786621 0.0286081
0.782227 0.0295847
0.772461 0.0321953
0.766602 0.0342707
0.791504 0.0353432
0.787109 0.0349119
0.79541 0.0340659
0.780762 0.0338195
0.76123 0.0334083
0.76123 0.033377
0.759277 0.0340067
0.78125 0.0351684
0.785645 0.0371586
0.79248 0.0399166
0.789551 0.0428849
0.777832 0.0474353
0.783203 0.052214
0.777832 0.0560706
0.783691 0.0603378
0.754395 0.0637069
0.757812 0.0666874
0.748535 0.0678425
0.757812 0.0670555
0.770508 0.0674073
0.772461 0.0679108
0.757324 0.0678406
0.736816 0.0688373
0.747559 0.0698686
0.736328 0.0717514
0.75 0.0726099
0.752441 0.0736924
0.775391 0.0744639
0.776855 0.0745694
0.748535 0.0760386
0.760742 0.0763757
0.760742 0.0771967
0.76416 0.0771151
0.762695 0.0766112
0.753906 0.0771695
0.759766 0.0766725
0.748535 0.0767753
0.765137 0.0753774
0.756836 0.0742199
0.76416 0.0720015
0.759277 0.0699599
0.745117 0.0684414
0.769043 0.0659344
0.763672 0.0648821
0.765625 0.0635988
0.754395 0.0630588
0.740723 0.0625504
0.746582 0.0613856
0.741699 0.0603564
0.737793 0.0596548
0.731445 0.0598888
0.713867 0.0584649
0.723145 0.057676
0.74707 0.057117
0.749512 0.058095
0.75 0.0584914
0.717285 0.0565871
0.717773 0.0548761
0.710449 0.0528098
0.691895 0.0523754
0.697754 0.0527542
0.702148 0.0535514
0.705078 0.0536864
0.709473 0.0552505
0.684082 0.0576041
0.700195 0.0606489
0.713379 0.0643031
0.694336 0.0680872
0.714355 0.0725363
0.729492 0.0767405
0.739746 0.0809616
0.712402 0.0859267
0.71875 0.0902284
0.706055 0.0945376
0.706543 0.0976846
0.707031 0.0995397
0.69873 0.101173
0.711426 0.101973
0.717773 0.102887
0.716797 0.103861
0.724121 0.104289
0.716309 0.105564
0.711426 0.107167
0.711914 0.11014
0.71582 0.112201
0.702637 0.113801
0.718262 0.115324
0.720703 0.117354
0.693848 0.119896
0.680664 0.123448
0.68457 0.125487
0.70166 0.126988
0.694336 0.127935
0.689453 0.127869
0.675293 0.128051
0.675781 0.12874
0.67334 0.129911
0.663086 0.131118
0.646484 0.133073
0.658203 0.136373
0.65918 0.13801
0.657227 0.138951
0.650879 0.139799
0.646973 0.141884
0.644531 0.144635
0.661621 0.147612
0.667969 0.150137
0.671875 0.151395
0.687988 0.151782
0.67627 0.151503
0.673828 0.151813
0.661621 0.153543
0.666016 0.153364
0.653809 0.154094
0.656738 0.15501
0.661621 0.156689
0.667969 0.158416
0.657227 0.159638
0.652344 0.160625
0.656738 0.162083
0.65332 0.16456
0.63623 0.167602
0.636719 0.171261
0.638184 0.175371
0.637695 0.179515
0.651855 0.18369
0.650879 0.188263
0.655762 0.191245
0.644531 0.194475
0.656738 0.195634
0.654785 0.197303
0.644043 0.199527
0.640625 0.20198
0.643555 0.203879
0.662598 0.20501
0.677734 0.206319
0.662598 0.208944
0.679199 0.209985
0.677734 0.211746
0.693359 0.212931
0.716309 0.212531
0.739258 0.211831
0.753418 0.212064
0.742188 0.212275
0.726074 0.212634
0.726074 0.211871
0.720215 0.211735
0.712402 0.212219
0.678711 0.213306
0.671387 0.214494
0.687988 0.215516
0.722168 0.217825
0.731934 0.22011
0.756836 0.222708
0.766602 0.225007
0.778809 0.226687
0.775879 0.229041
0.779297 0.231215
0.777344 0.232561
0.795898 0.232052
0.822266 0.233962
0.824707 0.236433
0.789551 0.240732
0.791504 0.245561
0.782715 0.249247
0.782715 0.254292
0.770508 0.261694
0.775391 0.268722
0.769531 0.274175
0.774414 0.279906
0.764648 0.286192
0.744629 0.291811
0.755371 0.297191
0.758301 0.303929
0.760254 0.309678
0.773438 0.313786
0.762695 0.31856
0.748047 0.323523
0.748535 0.329321
0.745117 0.33397
0.744629 0.336812
0.734863 0.340388
0.749512 0.343549
0.764648 0.346037
0.776367 0.347944
0.781738 0.34838
0.77002 0.347958
0.759766 0.347663
0.756348 0.347138
0.754883 0.34628
0.736816 0.346479
0.734863 0.347407
0.729492 0.347894
0.745117 0.350613
0.728516 0.352809
0.728516 0.353542
0.731934 0.353508
0.754883 0.35298
0.747559 0.352321
0.738281 0.351624
0.749023 0.351941
0.746094 0.351376
0.76416 0.348605
0.762695 0.348257
0.759277 0.347513
0.753418 0.346214
0.757324 0.34477
0.777832 0.34325
0.775879 0.340214
0.78125 0.336901
0.773926 0.331733
0.777832 0.325868
0.766602 0.320234
0.76416 0.314305
0.774902 0.310554
0.775879 0.308833
0.774414 0.306283
0.777344 0.304729
0.747559 0.302497
0.753418 0.298563
0.72998 0.293295
0.712402 0.289703
0.697754 0.287113
0.71582 0.284634
0.722168 0.28134
0.712891 0.279202
0.70459 0.277606
0.694336 0.277637
0.711426 0.277663
0.692383 0.280514
0.713379 0.281794
0.703125 0.283017
0.708496 0.282027
0.703125 0.279033
0.703125 0.277287
0.694336 0.276339
0.671875 0.273493
0.664062 0.269262
0.647949 0.265656
0.616699 0.262318
0.614258 0.257891
0.632324 0.252078
0.654297 0.248177
0.647949 0.243085
0.631348 0.236772
0.601074 0.232159
0.604492 0.227541
0.624023 0.222983
0.632812 0.216698
0.655762 0.210588
0.654297 0.206201
0.644531 0.201872
0.677246 0.198927
0.664551 0.196112
0.655273 0.194199
0.666016 0.19326
0.666016 0.190605
0.660645 0.188698
0.658691 0.185469
0.657715 0.184382
0.664062 0.1839
0.671875 0.182733
0.692871 0.180514
0.706543 0.179542
0.716309 0.178309
0.712891 0.176199
0.708496 0.174668
0.684082 0.174773
0.69043 0.175052
0.681152 0.176501
0.679688 0.179975
0.696777 0.182281
0.70459 0.183152
0.705078 0.185307
0.702148 0.186893
0.702148 0.188464
0.710449 0.189789
0.705566 0.191665
0.688477 0.195082
0.680176 0.197124
0.681152 0.199236
0.690918 0.199957
0.688477 0.200323
0.689941 0.200906
0.696289 0.199149
0.70752 0.197728
0.734375 0.195194
0.736328 0.194671
0.738281 0.193854
0.751953 0.194184
0.750488 0.195652
0.722656 0.196517
0.720215 0.197677
0.739258 0.197366
0.72998 0.197597
0.745117 0.197664
0.756836 0.199776
0.770508 0.201589
0.73877 0.200799
0.746094 0.200567
0.749023 0.198304
0.749023 0.196454
0.733398 0.196209
0.753418 0.19759
0.76416 0.199525
0.759277 0.201227
0.751465 0.202427
0.759766 0.20351
0.753418 0.204407
0.755859 0.203928
0.760254 0.201624
0.744141 0.199719
0.723145 0.198836
0.729492 0.196582
0.73291 0.194846
0.745605 0.192087
0.720215 0.188755
0.720215 0.185672
0.723145 0.181724
0.731445 0.178618
0.714844 0.175727
0.711914 0.172548
0.728027 0.168794
0.729492 0.164186
0.720215 0.159543
0.717773 0.153375
0.719727 0.148477
0.703125 0.142608
0.706055 0.137658
0.689453 0.134058
0.671387 0.12904
0.646484 0.126002
0.65918 0.122787
0.644531 0.118589
0.633301 0.113804
0.615723 0.110008
0.618652 0.106703
0.631348 0.103638
0.626465 0.100658
0.648926 0.0987812
0.655273 0.0980598
0.65918 0.0979721
0.64502 0.0968668
0.651367 0.0939435
0.640625 0.091562
0.648926 0.0897236
0.665527 0.088008
0.65918 0.0861665
0.645508 0.085878
0.643555 0.0847424
0.665039 0.0831151
0.644043 0.0804394
0.640137 0.0777842
0.643555 0.0759922
0.642578 0.074376
0.655762 0.0718877
0.652832 0.0712551
0.657715 0.0703073
0.657715 0.0698893
0.67041 0.0677209
0.680176 0.0648426
0.677734 0.0611069
0.681152 0.0569249
0.682129 0.0535687
0.673828 0.0522317
0.646973 0.0503499
0.638184 0.0484129
0.641602 0.0473607
0.631348 0.0471265
0.629883 0.0462248
0.642578 0.0450427
0.644043 0.0445605
0.634766 0.0440138
0.645508 0.0450042
0.657227 0.0457776
0.650879 0.0478273
0.660645 0.0484126
0.654297 0.0492169
0.638672 0.0521425
0.657715 0.053235
0.671875 0.0549132
0.652832 0.0563942
0.658203 0.0576491
0.640137 0.0599614
0.629883 0.0616148
0.622559 0.062269
0.632812 0.062681
0.650391 0.0629119
0.653809 0.063161
0.662109 0.0634708
0.656738 0.06325
0.640625 0.0629656
0.625977 0.0639844
0.63623 0.0641995
0.630859 0.0624323
0.625 0.0603255
0.641602 0.0573371
0.651855 0.0536463
0.643555 0.0501203
0.65918 0.0450747
0.677734 0.0410247
0.6875 0.0363471
0.664551 0.032078
0.648926 0.0292628
0.66748 0.0279131
0.672363 0.0272171
0.679199 0.0266357
0.672852 0.0248904
0.67627 0.0236958
0.655762 0.0233056
0.663086 0.0230669
0.659668 0.0223117
0.658691 0.0202103
0.665527 0.0167768
0.682129 0.0121967
0.683594 0.00702543
0.703125 0.00232621
0.662598 -0.00056587
0.663574 -0.00407313
0.66748 -0.00900245
0.671387 -0.013327
0.685059 -0.0178077
0.68457 -0.0217519
0.695312 -0.0264661
0.692871 -0.0299193
0.677246 -0.0319715
0.654785 -0.034547
0.64502 -0.0375775
0.635254 -0.0387676
0.62793 -0.0381333
0.625977 -0.037805
0.611328 -0.036522
0.59668 -0.0344951
0.600586 -0.0327823
0.60498 -0.0306366
0.59082 -0.0287438
0.584961 -0.0262516
0.577637 -0.0235528
0.556152 -0.0208151
0.560547 -0.0191561
0.563965 -0.0173695
0.556641 -0.0140466
0.562988 -0.0101032
0.55127 -0.00627031
0.566895 -0.00355114
0.556641 0.000179017
0.580078 0.00406495
0.580566 0.00855991
0.602051 0.0135788
0.600098 0.0173749
0.579102 0.0189094
0.578125 0.0194093
0.570312 0.018168
0.540527 0.0164304
0.554199 0.0158423
0.562012 0.0136768
0.5625 0.0119081
0.550293 0.0113991
0.554199 0.0117153
0.562988 0.0112912
0.55957 0.011637
0.560059 0.0116286
0.56543 0.0113894
0.565918 0.010977
0.558594 0.0108059
0.563965 0.010156
0.582031 0.00757993
0.595703 0.00565483
0.565918 0.00544402
0.566406 0.00560664
0.562988 0.00727135
0.561523 0.00699219
0.564941 0.00666243
0.562988 0.00777609
0.568359 0.00728722
0.591309 0.00518288
0.583496 0.00364979
0.587402 0.001334
0.570801 -0.00205108
0.603516 -0.00424688
0.589355 -0.00562114
0.584473 -0.00731977
0.583984 -0.0104757
0.589844 -0.0109863
0.608887 -0.0110462
0.62207 -0.0101599
0.599609 -0.00796126
0.60791 -0.00790679
0.60498 -0.00714658
0.597168 -0.00780496
0.611328 -0.0088381
0.594238 -0.0102628
0.614258 -0.0126061
0.628906 -0.0121782
0.625488 -0.0115195
0.632812 -0.0109421
0.629883 -0.0104048
0.644043 -0.0092938
0.657227 -0.00832817
0.669434 -0.00731595
0.677246 -0.00609409
0.679688 -0.00478789
0.672363 -0.00417475
0.689941 -0.00405574
0.687988 -0.00543256
0.691406 -0.00832369
0.674805 -0.0128867
0.678711 -0.0162992
0.687012 -0.0185791
0.678223 -0.0217914
0.689453 -0.0238742
0.69043 -0.0256874
0.705566 -0.0287413
0.702637 -0.0316574
0.674316 -0.0351725
0.666992 -0.0375046
0.669922 -0.0393497
0.651855 -0.0429851
0.651367 -0.0452116
0.655273 -0.047799
0.658203 -0.0502871
0.665039 -0.05108
0.65332 -0.0515091
0.663574 -0.0535442
0.636719 -0.0557355
0.63623 -0.057149
0.643066 -0.0590844
0.65918 -0.0615119
0.657227 -0.0624941
0.663574 -0.063031
0.669922 -0.0635527
0.668457 -0.0649723
0.638184 -0.065074
0.641602 -0.0643938
0.634277 -0.0628527
0.645996 -0.0598247
0.626953 -0.0568262
0.636719 -0.0525342
0.641113 -0.0483269
0.63623 -0.0451842
0.667969 -0.041549
0.673828 -0.0382212
0.677246 -0.0349114
0.662598 -0.0293168
0.674805 -0.0249002
0.666992 -0.0191272
0.672852 -0.0139304
0.658691 -0.00911029
0.678223 -0.00560673
0.685547 -0.00141301
0.675293 0.00198052
0.680664 0.0047993
0.670898 0.00829859
0.685547 0.0114172
0.705566 0.0145845
0.726562 0.0171788
0.730469 0.0205574
0.722168 0.0247773
0.729004 0.0270079
0.73291 0.0300601
0.739258 0.0321837
0.726562 0.0350221
0.722168 0.0365418
0.726562 0.0365142
0.735352 0.0373595
0.751953 0.036218
0.762207 0.0350688
0.749023 0.0327935
0.750977 0.0313961
0.746582 0.0311491
0.737305 0.0301438
0.731934 0.0294141
0.740234 0.0284514
0.749023 0.0292363
0.755859 0.0290937
0.76709 0.0269504
0.771484 0.027031
0.772949 0.0272289
0.786133 0.0270292
0.774902 0.0273913
0.754883 0.0279771
0.771973 0.0300576
0.802246 0.0306185
0.799316 0.0320887
0.79834 0.0339882
0.792969 0.034378
0.798828 0.0370698
0.810059 0.0389655
0.793945 0.0407187
0.79248 0.0413098
0.799805 0.0405178
0.820801 0.0398925
0.820312 0.037336
0.812012 0.0340022
0.818848 0.029723
0.825195 0.0257323
0.824219 0.0219391
0.817871 0.0186147
0.79541 0.0174771
0.820801 0.0165467
0.826172 0.0156179
0.8125 0.0148371
0.809082 0.0113928
0.798828 0.0089031
0.794434 0.00470607
0.818848 0.00312242
0.830078 0.000965702
0.833496 -0.00120576
0.807129 -0.00168143
0.806152 -0.00197445
0.830078 -0.00212295
0.825195 -0.000359003
0.818359 -0.000338255
0.803711 -0.000566098
0.806641 -0.00241142
0.796875 -0.00540632
0.788086 -0.00795845
0.796875 -0.00951772
0.796875 -0.0116379
0.780273 -0.0141253
0.788086 -0.0184338
0.787598 -0.0226183
0.791504 -0.0286348
0.780273 -0.0349733
0.793945 -0.0412639
0.8125 -0.0462267
0.797852 -0.0497554
0.797852 -0.0550158
0.813965 -0.0600567
0.842773 -0.0645593
0.848633 -0.0693089
0.84375 -0.0728182
0.831543 -0.0782507
0.827148 -0.0836227
0.819336 -0.0887263
0.814941 -0.0955057
0.815918 -0.101943
0.811523 -0.109138
0.803711 -0.114264
0.801758 -0.120473
0.817383 -0.125697
0.824707 -0.128413
0.810547 -0.128776
0.791016 -0.129608
0.788574 -0.130891
0.774902 -0.132255
0.767578 -0.132931
0.762695 -0.132332
0.766602 -0.130525
0.78125 -0.130147
0.758301 -0.128625
0.751953 -0.127179
0.762695 -0.125855
0.778809 -0.125961
0.772949 -0.124884
0.768555 -0.124541
0.774902 -0.124724
0.775391 -0.125384
0.770508 -0.125999
0.765137 -0.126652
0.759277 -0.125886
0.777344 -0.125228
0.788086 -0.123646
0.788086 -0.121806
0.773926 -0.119826
0.787598 -0.118188
0.800293 -0.117796
0.799805 -0.115458
0.800781 -0.111965
0.777344 -0.110237
0.76416 -0.108844
0.761719 -0.108516
0.731445 -0.107491
0.730957 -0.108192
0.763672 -0.108639
0.745605 -0.11002
0.763672 -0.113577
0.744629 -0.117088
0.739258 -0.120208
0.748535 -0.124785
0.741699 -0.128116
0.746094 -0.131954
0.76123 -0.136921
0.773438 -0.140097
0.785645 -0.141667
0.794922 -0.144945
0.774902 -0.148844
0.768555 -0.152504
0.77002 -0.158417
0.756348 -0.163884
0.770508 -0.170434
0.765137 -0.175507
0.776855 -0.178915
0.784668 -0.183191
0.789551 -0.186881
0.792969 -0.18921
0.787598 -0.189867
0.791992 -0.191043
0.803223 -0.191006
0.793945 -0.190182
0.782715 -0.188921
0.775391 -0.187559
0.765137 -0.185565
0.766113 -0.185002
0.783691 -0.183442
0.779785 -0.183387
0.771973 -0.18278
0.777344 -0.181181
0.757324 -0.179016
0.758789 -0.175693
0.728027 -0.172792
0.73291 -0.167058
0.73291 -0.161309
0.728027 -0.154699
0.723145 -0.149794
0.729492 -0.143082
0.72998 -0.134632
0.732422 -0.127537
0.723633 -0.120636
0.737305 -0.112071
0.728027 -0.103881
0.711426 -0.096353
0.718262 -0.0896722
0.745117 -0.0854059
0.727539 -0.0812085
0.739258 -0.0760271
0.727539 -0.0718146
0.732422 -0.0692889
0.731934 -0.0670198
0.713379 -0.0649992
0.779297 -0.0638263
0.77832 -0.0638909
0.768066 -0.0650074
0.754395 -0.0679997
0.757324 -0.0708556
0.740723 -0.0737805
0.752441 -0.0769867
0.737793 -0.0783079
0.724121 -0.0818127
0.724121 -0.0847397
0.743164 -0.0875913
0.739746 -0.0900741
0.783691 -0.092914
0.791016 -0.0965224
0.773438 -0.101532
0.785645 -0.106192
0.756836 -0.111348
0.737793 -0.118473
0.740723 -0.124703
0.744141 -0.130518
0.744141 -0.134641
0.744629 -0.138257
0.751465 -0.141398
0.741211 -0.145126
0.712402 -0.149127
0.723145 -0.153548
0.744141 -0.157472
0.765625 -0.159337
0.771973 -0.159469
0.76416 -0.163614
0.753906 -0.167186
0.750977 -0.169517
0.738281 -0.171861
0.726562 -0.174884
0.740723 -0.177263
0.726562 -0.179074
0.722656 -0.180939
0.716797 -0.181722
0.732422 -0.181472
0.731934 -0.180056
0.730957 -0.179426
0.728027 -0.179609
0.720703 -0.178503
0.730469 -0.177258
0.739258 -0.17697
0.72998 -0.177633
0.724609 -0.179273
0.723145 -0.177853
0.719727 -0.174343
0.724121 -0.171179
0.705078 -0.165686
0.716797 -0.160839
0.725098 -0.156894
0.72168 -0.155391
0.713867 -0.15298
0.728027 -0.153246
0.725586 -0.151842
0.726562 -0.150523
0.713379 -0.148792
0.713867 -0.145316
0.71582 -0.144308
0.724609 -0.142889
0.749023 -0.139561
0.769531 -0.134761
0.765625 -0.13043
0.767578 -0.126389
0.784668 -0.121896
0.779785 -0.119492
0.762695 -0.117263
0.760742 -0.115008
0.744141 -0.11146
0.73877 -0.108999
0.734863 -0.1044
0.724609 -0.0996803
0.745605 -0.0959249
0.740234 -0.0938457
0.757324 -0.0909595
0.755859 -0.0891603
0.765625 -0.087125
0.780273 -0.0833283
0.756348 -0.0771806
0.751953 -0.0709137
0.772461 -0.0645658
0.773926 -0.0583868
0.753418 -0.0535274
0.755371 -0.0479315
0.778809 -0.0419439
0.756348 -0.0386341
0.758301 -0.035654
0.741699 -0.0302896
0.743652 -0.0261365
0.728027 -0.0203853
0.703125 -0.0131886
0.721191 -0.00753415
0.704102 4.1788e-05
0.716797 0.00898698
0.71875 0.0150229
0.718262 0.0189971
0.72998 0.0213251
0.772949 0.0222331
0.76123 0.0235553
0.734375 0.0264513
0.731445 0.0269372
0.730469 0.0266929
0.726074 0.0245084
0.757812 0.0224516
0.771973 0.0215704
0.782227 0.0221632
0.785156 0.0238212
0.779297 0.0251899
0.784668 0.026184
0.787109 0.0275763
0.787109 0.0283334
0.776367 0.0282005
0.793457 0.026953
0.783691 0.0271195
0.770996 0.0268117
0.777832 0.0263761
0.776855 0.026221
0.770508 0.0268365
0.76709 0.0266818
0.750977 0.0271071
0.744629 0.0268928
0.753906 0.0273644
0.754883 0.0284538
0.75 0.0314453
0.763184 0.0327716
0.760742 0.0339092
0.766113 0.0325356
0.766113 0.0309615
0.771973 0.02975
0.771973 0.0284636
0.77002 0.0267776
0.75 0.0255658
0.758789 0.0224989
0.764648 0.0203875
0.774902 0.0195694
0.780762 0.019522
0.78418 0.0209399
0.768555 0.0207708
0.76709 0.0198156
0.753906 0.0179966
0.751953 0.0142642
0.731445 0.0129408
0.727539 0.0140565
0.719238 0.0143215
0.726562 0.0145745
0.735352 0.0155119
0.738281 0.0136357
0.73584 0.0110743
0.742676 0.00827333
0.748047 0.00528914
0.744141 0.000760967
0.755371 -0.00335868
0.743652 -0.00820262
0.746582 -0.0136403
0.750977 -0.0193584
0.753418 -0.0261836
0.750977 -0.0342593
0.75293 -0.0409507
0.742676 -0.0472268
0.729004 -0.054418
0.74707 -0.0614947
0.750977 -0.0677615
0.738281 -0.0723028
0.733887 -0.07578
0.727539 -0.0812878
0.725098 -0.0875328
0.727051 -0.092066
0.703125 -0.0978859
0.711914 -0.10342
0.686035 -0.10817
0.703125 -0.110942
0.705566 -0.112626
0.701172 -0.111353
0.694824 -0.109772
0.703125 -0.106653
0.708496 -0.103735
0.729492 -0.101177
0.72998 -0.0990348
0.734863 -0.0968371
0.741699 -0.0945113
0.749023 -0.093128
0.740723 -0.092685
0.725586 -0.0930103
0.727539 -0.0936907
0.748047 -0.0934033
0.751953 -0.0948889
0.765137 -0.0961162
0.758301 -0.0952719
0.764648 -0.0965489
0.766113 -0.0965471
0.760742 -0.095752
0.744629 -0.0958747
0.762207 -0.0950225
0.745605 -0.0941318
0.720215 -0.0925003
0.697754 -0.0922083
0.701172 -0.0904983
0.699219 -0.0862699
0.685547 -0.0834362
0.682617 -0.0807449
0.681152 -0.0777312
0.689453 -0.0749896
0.674316 -0.0717925
0.67041 -0.0685862
0.688965 -0.0645919
0.697754 -0.0613095
0.69873 -0.058001
0.70166 -0.0527796
0.715332 -0.050422
0.710938 -0.0489758
0.705566 -0.0471916
0.70459 -0.0454625
0.723145 -0.0450173
0.711914 -0.0425508
0.694824 -0.0418025
0.709473 -0.0437883
0.721191 -0.0460994
0.733398 -0.047831
0.745117 -0.0487776
0.739746 -0.0508849
0.726074 -0.0525373
0.726562 -0.0551924
0.740234 -0.0559131
0.744629 -0.0587792
0.752441 -0.0642247
0.753418 -0.0693312
0.749023 -0.0755398
0.726562 -0.0796383
0.714355 -0.0838605
0.72168 -0.0879682
0.714844 -0.0939484
0.717285 -0.101331
0.72998 -0.107799
0.728516 -0.115552
0.71875 -0.123778
0.700684 -0.130311
0.705566 -0.134993
0.709961 -0.137707
0.721191 -0.140301
0.70459 -0.142336
0.706543 -0.14441
0.71582 -0.14802
0.703613 -0.149042
0.716797 -0.148738
0.714844 -0.148044
0.715332 -0.146397
0.712402 -0.142804
0.702148 -0.140835
0.711426 -0.138921
0.713867 -0.134751
0.711426 -0.129948
0.724609 -0.125745
0.725098 -0.12295
0.73877 -0.121389
0.735352 -0.116968
0.737793 -0.112929
0.712891 -0.10752
0.695312 -0.101259
0.710449 -0.0970921
0.697266 -0.0918782
0.706055 -0.0874878
0.703613 -0.0855036
0.692871 -0.0818745
0.708984 -0.0759603
0.693848 -0.0708664
0.691895 -0.065451
0.689941 -0.0594732
0.686035 -0.0541881
0.705566 -0.050179
0.733887 -0.0485681
0.71582 -0.046786
0.709961 -0.043883
0.711426 -0.0417934
0.703125 -0.040424
0.697266 -0.0376263
0.692871 -0.0355224
0.711426 -0.0334193
0.727051 -0.0312833
0.712891 -0.0280372
0.693848 -0.023827
0.691895 -0.0203126
0.691406 -0.0177308
0.672852 -0.0158405
0.660156 -0.0154984
0.640625 -0.0180875
0.641602 -0.0190776
0.640625 -0.0168226
0.63916 -0.0141916
0.657715 -0.0100868
0.637207 -0.00650421
0.650879 -0.00293824
0.653809 -0.00135271
0.664062 -7.30346e-05
0.680176 0.000624828
0.675293 0.00140227
0.670898 0.000324476
0.665039 -0.00271382
0.695312 -0.006553
0.694336 -0.0094761
0.703125 -0.0139216
0.703125 -0.0219975
0.705078 -0.028527
0.698242 -0.0335651
0.700684 -0.0379237
0.682129 -0.040577
0.702148 -0.0452035
0.703613 -0.0486024
0.71875 -0.0547041
0.716309 -0.0602403
0.703125 -0.0644973
0.702637 -0.0709258
0.703613 -0.0786592
0.705078 -0.0874788
0.675781 -0.0935556
0.689453 -0.0999271
0.688477 -0.106258
0.678711 -0.111419
0.665039 -0.115912
0.651855 -0.11905
0.666504 -0.122581
0.652344 -0.126968
0.647461 -0.130854
0.627441 -0.136907
0.628906 -0.142825
0.637207 -0.149423
0.606934 -0.154591
0.588867 -0.159262
0.588867 -0.163163
0.554199 -0.164818
0.5625 -0.167147
0.557617 -0.169352
0.530762 -0.173024
0.51123 -0.175015
0.512695 -0.177429
0.510254 -0.180338
0.526367 -0.181956
0.55127 -0.18213
0.554199 -0.183025
0.546875 -0.183908
0.563965 -0.181883
0.55127 -0.180655
0.529785 -0.178601
0.550781 -0.17783
0.544434 -0.176447
0.54541 -0.174149
0.530273 -0.169593
0.540039 -0.164187
0.553223 -0.156932
0.554199 -0.149785
0.548828 -0.143519
0.554688 -0.138923
0.543457 -0.132677
0.537109 -0.12531
0.540039 -0.117273
0.532715 -0.109047
0.527832 -0.104149
0.510254 -0.0996466
0.516113 -0.0950148
0.509766 -0.0897351
0.501465 -0.0851611
0.503418 -0.0794045
0.506836 -0.0733593
0.529785 -0.0678881
0.527832 -0.061929
0.531738 -0.0576209
0.534668 -0.055155
0.526855 -0.0515965
0.549805 -0.0501963
0.535645 -0.049907
0.549316 -0.0496761
0.556152 -0.0495167
0.563965 -0.050442
0.564453 -0.0515119
0.566406 -0.0552857
0.566895 -0.0565745
0.570801 -0.0567273
0.575684 -0.0566808
0.572266 -0.0556854
0.581055 -0.0543429
0.57666 -0.053665
0.597656 -0.0538777
0.626465 -0.0544595
0.622559 -0.0536805
0.604492 -0.0534938
0.598633 -0.0524415
0.584473 -0.0530631
0.581055 -0.0542544
0.612793 -0.0549468
0.605469 -0.0543806
0.612793 -0.0509821
0.612793 -0.048059
0.626953 -0.0463552
0.61377 -0.0454374
0.602051 -0.0453157
0.600098 -0.0468532
0.611816 -0.0499588
0.606445 -0.0513342
0.630859 -0.0507757
0.620605 -0.047565
0.629883 -0.0449861
0.645996 -0.039997
0.650391 -0.032846
0.643066 -0.0265528
0.614258 -0.0214033
0.590332 -0.0169547
0.584961 -0.0128334
0.561523 -0.0109507
0.557617 -0.00978751
0.57666 -0.0112433
0.567383 -0.0138633
0.558594 -0.0140484
0.559082 -0.0185683
0.550781 -0.0220143
0.557617 -0.0237223
0.52832 -0.0238603
0.537598 -0.022943
0.557129 -0.0241321
0.547363 -0.0237235
0.530273 -0.0225968
0.521973 -0.0212432
0.521484 -0.0216773
0.514648 -0.0224814
0.519531 -0.0228893
0.512695 -0.0272044
0.510742 -0.0354993
0.523926 -0.043181
0.523438 -0.0485153
0.554688 -0.0539299
0.560547 -0.0575277
0.55127 -0.0590146
0.569336 -0.0646238
0.57373 -0.0710367
0.587402 -0.0761322
0.585449 -0.0805226
0.598145 -0.0879275
0.583008 -0.0938658
0.562988 -0.0990926
0.564941 -0.103839
0.548828 -0.106645
0.546875 -0.109363
0.564453 -0.112178
0.541992 -0.11471
0.540039 -0.115167
0.546875 -0.114946
0.515137 -0.112716
0.503418 -0.106957
0.520996 -0.104676
0.528809 -0.101131
0.49707 -0.0965878
0.509277 -0.0939172
0.535645 -0.0870145
0.53125 -0.0772835
0.544922 -0.0686432
0.51123 -0.0586326
0.521973 -0.0490392
0.530762 -0.0400331
0.528809 -0.0305032
0.517578 -0.0176462
0.527344 -0.00585098
0.521973 0.00750753
0.525879 0.0197738
0.532715 0.0276378
0.543457 0.0386411
0.552734 0.0486757
0.55957 0.0594751
0.554199 0.0699859
0.562012 0.0799913
0.548828 0.0908566
0.546387 0.100726
0.557129 0.112793
0.551758 0.12454
0.572754 0.135136
0.577148 0.142877
0.579102 0.147832
0.583008 0.154378
0.581543 0.160644
0.581543 0.166575
0.566895 0.17261
0.568848 0.179768
0.569336 0.188478
0.606934 0.193741
0.61084 0.201111
0.619141 0.206669
0.622559 0.210134
0.645996 0.212477
0.64209 0.212166
0.630371 0.212313
0.613281 0.214735
0.625488 0.214515
0.616211 0.209849
0.612793 0.204849
0.600586 0.199308
0.60498 0.192836
0.62207 0.186829
0.635254 0.182142
0.612305 0.178857
0.618652 0.173496
0.609863 0.169272
0.604492 0.164335
0.590332 0.158377
0.594727 0.148783
0.602539 0.138422
0.59668 0.128125
0.567383 0.117475
0.550293 0.106721
0.567383 0.0961352
0.566895 0.0861799
0.569824 0.0794263
0.608398 0.0705517
0.611328 0.0618273
0.611328 0.0525406
0.612305 0.0457847
0.640625 0.0413738
0.654297 0.0408345
0.647949 0.0389392
0.649902 0.0383577
0.665527 0.037685
0.656738 0.0372639
0.664551 0.03668
0.663574 0.0360265
0.668457 0.0360957
0.68457 0.0342759
0.693848 0.030867
0.6875 0.0283261
0.683105 0.0276088
0.686523 0.0274238
0.686035 0.030009
0.694336 0.0339312
0.666504 0.0390073
0.66748 0.0447685
0.69043 0.0477829
0.655273 0.0514889
0.646973 0.0566722
0.644531 0.0610218
0.627441 0.0644491
0.635742 0.0662382
0.638672 0.0688302
0.65332 0.0707432
0.638184 0.0728623
0.638184 0.0736677
0.631836 0.074053
0.612305 0.0746153
0.61377 0.0772604
0.611328 0.0793955
0.603516 0.0824795
0.618164 0.0872745
0.666504 0.0903827
0.648438 0.0955537
0.638672 0.101859
0.663086 0.108998
0.665527 0.116052
0.66748 0.123794
0.68457 0.130196
0.657227 0.135952
0.640625 0.139464
0.648438 0.14056
0.636719 0.142785
0.64209 0.142935
0.624512 0.142318
0.638672 0.141602
0.644531 0.138514
0.635254 0.13555
0.658203 0.131361
0.664551 0.124686
0.663086 0.116853
0.648926 0.10761
0.62793 0.100489
0.657715 0.091158
0.652832 0.084651
0.644043 0.0782941
0.66748 0.0698197
0.655762 0.0633495
0.680176 0.0569427
0.684082 0.0524851
0.688965 0.0513011
0.688477 0.0488398
0.674316 0.0470258
0.679199 0.0477388
0.685547 0.0504058
0.695801 0.0521494
0.697266 0.0548759
0.705566 0.0560324
0.71875 0.0553626
0.715332 0.0588367
0.709473 0.0596498
0.720703 0.0587884
0.732422 0.0569892
0.725098 0.0552229
0.722168 0.055787
0.738281 0.0563246
0.730469 0.0544807
0.714844 0.0533978
0.706543 0.0516723
0.694336 0.0480277
0.711914 0.0445773
0.715332 0.0406846
0.749023 0.0370196
0.749023 0.0336786
0.760742 0.0290372
0.760254 0.0235952
0.73584 0.016323
0.724121 0.0111894
0.712891 0.00575747
0.73584 -0.000540662
0.726074 -0.00378655
0.727051 -0.00593069
0.731934 -0.00788034
0.717773 -0.00467167
0.703613 0.0023463
0.722168 0.0076865
0.695801 0.0129832
0.696777 0.0189351
0.690918 0.025755
0.702148 0.0320706
0.707031 0.0384652
0.695801 0.0432811
0.692871 0.0439013
0.700195 0.0461111
0.697754 0.0501394
0.699707 0.0553229
0.697754 0.0610121
0.711426 0.067503
0.725586 0.0762502
0.718262 0.0861296
0.720703 0.0938812
0.708984 0.100217
0.718262 0.107464
0.731934 0.116783
0.716309 0.122758
0.697754 0.125721
0.688965 0.130493
0.686035 0.133775
0.680664 0.134108
0.695801 0.131641
0.667969 0.128525
0.683594 0.126414
0.668945 0.122888
0.672852 0.119641
0.675781 0.118111
0.680176 0.112968
0.692871 0.108021
0.684082 0.103189
0.675293 0.0976029
0.677734 0.0940976
0.658691 0.0900673
0.655273 0.0877144
0.663574 0.084213
0.65625 0.0821934
0.648438 0.0806211
0.64502 0.0774
0.661133 0.0741266
0.666504 0.0681627
0.653809 0.0621406
0.674805 0.0576687
0.686035 0.0503508
0.678711 0.0446805
0.686523 0.0423771
0.690918 0.0418325
0.711914 0.0405879
0.716309 0.0377008
0.696777 0.0339799
0.686035 0.0303754
0.691895 0.0266597
0.701172 0.0240342
0.69873 0.019246
0.683105 0.0174954
0.672852 0.0158179
0.702637 0.0143692
0.697754 0.0136203
0.696289 0.0128999
0.705566 0.0143387
0.69043 0.0138608
0.677734 0.0137835
0.663086 0.0157271
0.669922 0.0173691
0.677246 0.0191495
0.673828 0.022176
0.666504 0.0252714
0.686035 0.026458
0.696777 0.0289601
0.695801 0.0303914
0.701172 0.029733
0.697754 0.0308438
0.692871 0.0320528
0.693848 0.0352497
0.687012 0.0342407
0.693359 0.0357024
0.685547 0.0373045
0.69043 0.0376586
0.687012 0.0356945
0.669434 0.0270972
0.666992 0.01666
0.63916 0.00962868
0.652344 -0.00168502
0.648438 -0.0103966
0.651855 -0.0206463
0.654785 -0.0298796
0.66748 -0.0388824
0.679688 -0.0454164
0.678711 -0.0521375
0.689453 -0.0597979
0.69043 -0.0681557
0.703125 -0.0736356
0.709961 -0.076631
0.684082 -0.0770433
0.687988 -0.0805583
0.716309 -0.0849106
0.709473 -0.0862093
0.71582 -0.0845014
0.709473 -0.0852006
0.735352 -0.0856136
0.741699 -0.0871565
0.724121 -0.0879447
0.734375 -0.0856678
0.733887 -0.0818535
0.726562 -0.0775885
0.713379 -0.075759
0.701172 -0.0716995
0.699707 -0.0682062
0.702148 -0.0648019
0.678711 -0.0596804
0.695312 -0.0563986
0.680664 -0.05154
0.685547 -0.0467437
0.680664 -0.040536
0.660156 -0.0351568
0.672852 -0.0292014
0.671387 -0.0213762
0.67627 -0.0135937
0.67041 -0.00351674
0.661621 0.00619735
0.660156 0.0140032
0.649414 0.022896
0.672852 0.0304482
0.662109 0.0372958
0.66748 0.0467252
0.688965 0.058705
0.705566 0.0686219
0.721191 0.0775612
0.728027 0.0873338
0.738281 0.0960064
0.745117 0.100503
0.751465 0.104248
0.76416 0.107993
0.770508 0.111404
0.754883 0.112868
0.733398 0.112643
0.738281 0.112101
0.747559 0.110243
0.76416 0.108562
0.777832 0.106648
0.785156 0.107311
0.789551 0.105247
0.791016 0.104811
0.780273 0.103205
0.78418 0.101182
0.784668 0.099075
0.775391 0.0955057
0.759766 0.0917076
0.76123 0.0886001
0.755859 0.0820626
0.730469 0.0748151
0.73291 0.0653137
0.742188 0.0531063
0.729004 0.0440756
0.753418 0.0334894
0.744629 0.0241632
0.754395 0.0139737
0.770508 0.0029499
0.772949 -0.00978116
0.751465 -0.0202313
0.775391 -0.0285858
0.794922 -0.0373229
0.779785 -0.0462964
0.76123 -0.0544587
0.762695 -0.0642534
0.752441 -0.0741744
0.75293 -0.0836468
0.758789 -0.0895274
0.742188 -0.0932691
0.740234 -0.0957178
0.732422 -0.0992676
0.710938 -0.100479
0.70752 -0.10071
0.720703 -0.099631
0.714844 -0.0950294
0.706543 -0.0880215
0.71875 -0.0772395
0.730469 -0.067949
0.710938 -0.0584287
0.717285 -0.0498406
0.708984 -0.0430801
0.725098 -0.036159
0.713867 -0.028799
0.742188 -0.022743
0.751953 -0.0170209
0.745117 -0.0109919
0.752441 -0.00369959
0.754883 0.00575554
0.736816 0.0155692
0.733398 0.0236375
0.753418 0.0300288
0.75 0.0383123
0.760742 0.0455782
0.754395 0.0522961
0.756836 0.0593821
0.763184 0.0674232
0.772461 0.0771371
0.770508 0.09034
0.745117 0.103013
0.726074 0.113758
0.728516 0.12394
0.736328 0.133215
0.724121 0.141599
0.724121 0.149768
0.696289 0.159076
0.700684 0.166644
0.686035 0.175367
0.685547 0.18039
0.673828 0.184387
0.6875 0.190422
0.691895 0.196013
0.668945 0.199127
0.65332 0.202408
0.639648 0.201244
0.626465 0.195936
0.612305 0.190074
0.598145 0.185849
0.588379 0.181328
0.627441 0.175183
0.645996 0.167488
0.606445 0.163018
0.634277 0.15438
0.634766 0.145318
0.651855 0.133639
0.651855 0.122594
0.633301 0.113814
0.656738 0.107109
0.67627 0.101615
0.684082 0.0944685
0.682617 0.08584
0.679199 0.0757373
0.68457 0.0624965
0.69043 0.0528778
0.679199 0.0434305
0.680664 0.0328992
0.673828 0.0238306
0.687012 0.0158097
0.677246 0.0113602
0.69043 0.00657932
0.697754 0.00377769
0.701172 0.00108991
0.697754 0.000483811
0.689941 -0.00294914
0.691895 -0.00796773
0.697266 -0.0130574
0.693359 -0.0170164
0.707031 -0.0250734
0.697266 -0.0328861
0.712402 -0.0342219
0.71875 -0.0350607
0.693848 -0.0369544
0.705078 -0.0398296
0.70459 -0.0441225
0.703613 -0.049312
0.722168 -0.0547327
0.729492 -0.0553187
0.720215 -0.0600216
0.717285 -0.0610052
0.72998 -0.0647953
0.720703 -0.0704346
0.715332 -0.0764836
0.73291 -0.0895032
0.716309 -0.101871
0.739746 -0.113727
0.742676 -0.124604
0.712891 -0.133782
0.726074 -0.146487
0.739746 -0.153189
0.737305 -0.159877
0.760742 -0.163076
0.773438 -0.16683
0.755859 -0.167121
0.744629 -0.166785
0.748535 -0.167696
0.754395 -0.167941
0.731934 -0.163614
0.732422 -0.156358
0.759766 -0.150711
0.761719 -0.143709
0.752441 -0.135266
0.759277 -0.1314
0.764648 -0.12264
0.758789 -0.117202
0.753418 -0.113369
0.73584 -0.107938
0.73877 -0.101414
0.75 -0.0943389
0.758301 -0.0899327
0.763672 -0.0888747
0.762207 -0.0855896
0.779297 -0.0853745
0.785645 -0.0825155
0.779785 -0.0784908
0.773438 -0.074242
0.756348 -0.0738274
0.763672 -0.0771626
0.785156 -0.0803699
0.769043 -0.0860137
0.755859 -0.0899536
0.766602 -0.0933016
0.745605 -0.0953654
0.750977 -0.0915207
0.742676 -0.0859343
0.747559 -0.0826588
0.758789 -0.083101
0.749512 -0.0820726
0.760742 -0.0747503
0.783691 -0.0672335
0.777344 -0.0592063
0.766602 -0.0531266
0.766602 -0.0474312
0.764648 -0.0404677
0.780273 -0.0393526
0.780762 -0.0379245
0.753418 -0.0327963
0.754883 -0.0313686
0.774414 -0.0305946
0.754883 -0.0231353
0.768066 -0.0161335
0.771484 -0.0102492
0.782715 -0.00357812
0.771484 0.00455632
0.790039 0.0107252
0.805664 0.0127696
0.789062 0.0147436
0.814453 0.0131281
0.803223 0.00790074
0.808105 0.00292516
0.806152 0.000461841
0.79541 -0.00133207
0.805664 -0.00198993
0.797852 -0.00422602
0.79248 -0.00526881
0.792969 -0.00769288
0.779785 -0.0114694
0.790039 -0.0131659
0.79248 -0.0123714
0.791504 -0.0105072
0.78418 -0.0113242
0.802734 -0.0142372
0.810059 -0.0144991
0.78418 -0.0115307
0.790039 -0.00715538
0.821289 -0.00567067
0.810059 -0.00106718
0.797852 0.00146527
0.808594 -0.00126604
0.810059 -0.00542724
0.805176 -0.00618151
0.799805 -0.00234696
0.802246 0.00223447
0.800293 0.00624078
0.783691 0.0108213
0.766113 0.0193317
0.761719 0.0231506
0.774414 0.0278852
0.780762 0.0314385
0.774902 0.0334141
0.764648 0.0345898
0.748047 0.0351839
0.734375 0.0377929
0.765625 0.0418632
0.765137 0.0428708
0.750488 0.0477971
0.75293 0.048005
0.756348 0.049706
0.737793 0.0513708
0.733887 0.0536938
0.733887 0.0552045
0.742676 0.0504458
0.711426 0.0500733
0.725586 0.0498315
0.726562 0.0467848
0.723633 0.0439444
0.729492 0.042111
0.714355 0.043412
0.713867 0.0448944
0.710449 0.0507658
0.693359 0.0574981
0.6875 0.0612994
0.662598 0.0670003
0.671875 0.0664162
0.668945 0.0686918
0.639648 0.0719812
0.65332 0.0725612
0.661133 0.0713856
0.675781 0.0711205
0.683594 0.071068
0.657227 0.0683078
0.669434 0.0661107
0.67041 0.0698352
0.68457 0.0740918
0.689453 0.0775529
0.691406 0.0779137
0.691406 0.0780227
0.679688 0.07425
0.684082 0.0699623
0.69873 0.0700349
0.71582 0.073332
0.708984 0.0727411
0.725098 0.0651401
0.745117 0.062729
0.745605 0.0570238
0.751465 0.047031
0.753418 0.0406811
0.743652 0.0384529
0.726074 0.0403282
0.727539 0.0398397
0.722656 0.0374822
0.733887 0.0359614
0.73584 0.0340398
0.732422 0.0350837
0.736816 0.0395996
0.714355 0.0449805
0.684082 0.044568
0.668945 0.0421125
0.684082 0.0363054
0.686035 0.0332143
0.684082 0.0284283
0.682617 0.0213245
0.682617 0.0094576
0.679688 -0.00439981
0.674805 -0.0198956
0.673828 -0.0388692
0.682617 -0.0606451
0.680176 -0.0743386
0.674316 -0.0849638
0.667969 -0.0963544
0.682617 -0.107129
0.666016 -0.114878
0.673828 -0.127943
0.671875 -0.142936
0.671387 -0.154569
0.67627 -0.158265
0.692383 -0.160901
0.677246 -0.164331
0.666016 -0.1666
0.674316 -0.170734
0.68457 -0.178191
0.674316 -0.186563
0.664062 -0.192071
0.64502 -0.195032
0.650391 -0.199467
0.643066 -0.201879
0.627441 -0.205652
0.630371 -0.206525
0.637207 -0.200927
0.662598 -0.196298
0.666016 -0.191356
0.67041 -0.189949
0.662598 -0.187476
0.658691 -0.187315
0.660645 -0.190366
0.671875 -0.190122
0.67334 -0.18876
0.666992 -0.189518
0.652344 -0.190858
0.664062 -0.188712
0.652344 -0.186835
0.664062 -0.188079
0.665527 -0.187255
0.650391 -0.186404
0.652344 -0.184344
0.675293 -0.179983
0.665527 -0.175534
0.65918 -0.1693
0.681641 -0.159294
0.699707 -0.147569
0.691895 -0.131332
0.706055 -0.117922
0.68457 -0.108644
0.659668 -0.093821
0.664062 -0.0806286
0.657227 -0.0643919
0.650879 -0.0450395
0.665039 -0.0314598
0.655273 -0.0161562
0.67627 0.000166893
0.682617 0.0233404
0.685547 0.0466533
0.689941 0.0659581
0.683594 0.0900688
0.666504 0.109856
0.657227 0.128337
0.655762 0.149664
0.657227 0.17199
0.641602 0.192078
0.617188 0.216096
0.625 0.239427
0.614258 0.26113
0.612305 0.284238
0.594727 0.304984
0.61084 0.322819
0.613281 0.342128
0.610352 0.362814
0.621582 0.383491
0.638184 0.395392
0.639648 0.409662
0.627441 0.414603
0.619629 0.418657
0.626953 0.419993
0.638672 0.419612
0.636719 0.429958
0.621094 0.436384
0.637695 0.441068
0.671387 0.433809
0.657227 0.436919
0.679688 0.434355
0.692871 0.425173
0.714355 0.420334
0.699219 0.410103
0.692871 0.391252
0.709473 0.365858
0.708496 0.343195
0.69043 0.32046
0.702637 0.292973
0.715332 0.276129
0.696777 0.25246
0.691406 0.221486
0.686523 0.183657
0.686523 0.13955
0.684082 0.101932
0.680176 0.0671676
0.686523 0.0410849
0.681152 0.0180665
0.681152 -0.00734218
0.691406 -0.0324472
0.709961 -0.0534709
0.712402 -0.0638307
0.703613 -0.0780189
0.678711 -0.0884099
0.672852 -0.106626
0.67627 -0.128284
0.682617 -0.146343
0.683105 -0.169273
0.690918 -0.186355
0.709473 -0.203879
0.716309 -0.206278
0.705078 -0.184036
0.706055 -0.16825
0.666992 -0.142324
0.65625 -0.124556
0.663086 -0.105746
0.664551 -0.0825946
0.654785 -0.0575745
0.62793 -0.0375124
0.61084 -0.0227661
0.611816 -0.00926952
0.617188 -0.00331436
0.605957 0.0162349
0.582031 0.0268614
0.569824 0.0273677
0.563965 0.0406445
0.579102 0.0411846
0.563477 0.0507659
0.547852 0.0562804
0.545898 0.0480646
0.558105 0.03043
0.582031 0.00955035
0.561035 0.0194751
0.577148 0.0154776
0.58252 0.0309676
0.571289 0.043825
0.563965 0.0615722
0.578613 0.0684609
0.584961 0.0597821
0.553223 0.0824999
0.569824 0.0587369
0.562988 0.0540742
0.567383 0.0476849
0.575195 0.036458
0.576172 0.0361368
0.595703 0.00831144
0.592773 0.0105126
0.602051 0.00601654
0.607422 -0.00170316
0.606445 0
