0.380208 1
0.377604 0.991847
0.388889 0.984372
0.396701 0.977307
0.384549 0.970352
0.407118 0.963601
0.427951 0.95673
0.397569 0.949765
0.408854 0.943304
0.414062 0.936897
0.401042 0.93106
0.409722 0.925007
0.412326 0.918914
0.40191 0.912658
0.382812 0.906429
0.341146 0.90071
0.320312 0.89527
0.327257 0.889855
0.274306 0.884452
0.322917 0.879393
0.300347 0.874755
0.320312 0.870138
0.309896 0.865401
0.309028 0.860957
0.328125 0.856217
0.335938 0.85129
0.349826 0.846299
0.371528 0.841133
0.377604 0.836054
0.369792 0.830764
0.358507 0.825725
0.336806 0.821023
0.31684 0.816201
0.315972 0.811365
0.326389 0.806441
0.348958 0.801578
0.364583 0.797009
0.386285 0.792845
0.37934 0.788435
0.348958 0.783979
0.411458 0.779844
0.404514 0.775601
0.364583 0.771524
0.398438 0.767419
0.373264 0.763116
0.373264 0.758678
0.373264 0.75422
0.383681 0.749835
0.405382 0.74572
0.415799 0.741687
0.435764 0.737551
0.405382 0.733031
0.402778 0.728772
0.427083 0.724629
0.423611 0.720036
0.460938 0.715388
0.465278 0.710992
0.457465 0.706708
0.436632 0.702434
0.431424 0.698066
0.419271 0.693379
0.363715 0.689052
0.361111 0.685297
0.364583 0.681498
0.328993 0.677845
0.372396 0.674333
0.37066 0.670886
0.386285 0.667342
0.401042 0.663836
0.369792 0.660166
0.381944 0.656207
0.383681 0.652321
0.375 0.64856
0.347222 0.644884
0.335069 0.641648
0.34375 0.638278
0.340278 0.634899
0.338542 0.631359
0.315972 0.627975
0.295139 0.624305
0.302951 0.620263
0.302083 0.616563
0.301215 0.613152
0.315972 0.609827
0.309028 0.60708
0.335069 0.60422
0.34809 0.601253
0.361979 0.598254
0.331597 0.595119
0.303819 0.592045
0.275174 0.588969
0.22309 0.586104
0.212674 0.583224
0.213542 0.580516
0.184896 0.577759
0.162326 0.574862
0.143229 0.571808
0.136285 0.568364
0.130208 0.565081
0.109375 0.561991
0.0998264 0.558468
0.111111 0.554937
0.0998264 0.551842
0.115451 0.548792
0.110243 0.545716
0.138889 0.542971
0.150174 0.540276
0.164931 0.537524
0.157118 0.534107
0.144097 0.530727
0.164062 0.527838
0.165799 0.524821
0.164062 0.521805
0.147569 0.518728
0.159722 0.515468
0.200521 0.512325
0.204861 0.509415
0.229167 0.506374
0.243924 0.503371
0.209201 0.500206
0.173611 0.497213
0.197049 0.494376
0.198785 0.491474
0.180556 0.48838
0.175347 0.485317
0.179688 0.482642
0.177083 0.480493
0.168403 0.478261
0.176215 0.476402
0.149306 0.474369
0.172743 0.472361
0.178819 0.470094
0.203993 0.467734
0.159722 0.465472
0.184896 0.463222
0.210069 0.461098
0.173611 0.459021
0.172743 0.457149
0.164931 0.455115
0.177083 0.453258
0.206597 0.451137
0.223958 0.449168
0.184896 0.447249
0.179688 0.44504
0.174479 0.442608
0.148438 0.440381
0.164931 0.438054
0.162326 0.435573
0.146701 0.43323
0.0885417 0.430773
0.103299 0.428039
0.135417 0.425212
0.168403 0.422756
0.164062 0.420352
0.163194 0.418069
0.153646 0.41567
0.178819 0.412968
0.208333 0.410445
0.217014 0.408037
0.22309 0.405892
0.197917 0.403602
0.184028 0.40128
0.202257 0.399048
0.232639 0.396564
0.242188 0.393659
0.226562 0.390674
0.236979 0.38785
0.217882 0.385073
0.230035 0.382601
0.216146 0.38011
0.21875 0.377832
0.223958 0.375396
0.235243 0.372945
0.229167 0.370127
0.264757 0.367111
0.288194 0.364257
0.304688 0.361244
0.27691 0.357963
0.28125 0.3544
0.283854 0.35098
0.275174 0.347704
0.300347 0.344857
0.310764 0.341701
0.289931 0.338453
0.305556 0.335076
0.3125 0.331913
0.296875 0.328623
0.298611 0.325115
0.30816 0.32151
0.311632 0.318311
0.299479 0.315357
0.277778 0.31268
0.298611 0.310517
0.309896 0.308248
0.356771 0.305858
0.336806 0.30344
0.347222 0.300804
0.346354 0.298163
0.361111 0.295609
0.377604 0.29264
0.375 0.289415
0.366319 0.286132
0.356771 0.283237
0.368056 0.279932
0.340278 0.276631
0.354167 0.273818
0.331597 0.271165
0.303819 0.268814
0.267361 0.266579
0.269965 0.264299
0.275174 0.261973
0.278646 0.259644
0.267361 0.257144
0.304688 0.254597
0.333333 0.251696
0.358507 0.248864
0.347222 0.245945
0.327257 0.242751
0.315972 0.239778
0.314236 0.236753
0.290799 0.233553
0.287326 0.230588
0.277778 0.227895
0.268229 0.225459
0.289062 0.222907
0.322049 0.220164
0.342014 0.217605
0.353299 0.215042
0.355035 0.2123
0.383681 0.209602
0.382812 0.206525
0.369792 0.203633
0.374132 0.200893
0.384549 0.19832
0.388021 0.195847
0.374132 0.193229
0.403646 0.190746
0.413194 0.187933
0.432292 0.185234
0.486979 0.18211
0.522569 0.178979
0.49566 0.175753
0.487847 0.172511
0.481771 0.169523
0.467882 0.166664
0.467882 0.163862
0.471354 0.161395
0.456597 0.15907
0.434028 0.156484
0.452257 0.154419
0.459201 0.152241
0.513021 0.149687
0.482639 0.147332
0.442708 0.144593
0.417535 0.141802
0.419271 0.139704
0.403646 0.137228
0.43316 0.134838
0.426215 0.132463
0.415799 0.130078
0.389757 0.127833
0.375 0.125548
0.375 0.123449
0.418403 0.121218
0.429688 0.119062
0.409722 0.117226
0.417535 0.115547
0.432292 0.11404
0.421875 0.11235
0.434028 0.11046
0.446181 0.10858
0.430556 0.10698
0.387153 0.105127
0.381944 0.103348
0.382812 0.101718
0.342014 0.100034
0.341146 0.0989548
0.374132 0.0974223
0.377604 0.0957441
0.375868 0.0938841
0.412326 0.0921761
0.40625 0.0906913
0.414062 0.0892002
0.43316 0.0874507
0.462674 0.085418
0.434896 0.0831304
0.444444 0.0814986
0.475694 0.0794533
0.506076 0.0772599
0.53125 0.075008
0.538194 0.0723067
0.565972 0.0696537
0.50434 0.066956
0.524306 0.0651069
0.536458 0.0634413
0.539062 0.0618624
0.543403 0.0606415
0.519965 0.0596581
0.515625 0.0587302
0.481771 0.0578171
0.491319 0.0571328
0.469618 0.0567804
0.475694 0.0565526
0.486979 0.0567704
0.459201 0.0570911
0.470486 0.0573461
0.440972 0.0572069
0.430556 0.0569258
0.440972 0.0568065
0.462674 0.0564493
0.466146 0.0561155
0.458333 0.0558118
0.470486 0.0557471
0.457465 0.0554111
0.480035 0.0548753
0.475694 0.0543486
0.453125 0.0538523
0.422743 0.0536591
0.442708 0.0536831
0.383681 0.0536368
0.359375 0.0540013
0.331597 0.0542074
0.33941 0.0545354
0.363715 0.0549978
0.342882 0.0554605
0.335069 0.0558681
0.345486 0.0560052
0.329861 0.055692
0.321181 0.0552034
0.364583 0.0546552
0.388889 0.0539511
0.381076 0.0533153
0.385417 0.0526779
0.414931 0.0519755
0.401042 0.0514447
0.414062 0.0512866
0.407986 0.0509397
0.426215 0.0505703
0.416667 0.0502746
0.394097 0.0497024
0.355035 0.0495494
0.368056 0.0494139
0.349826 0.0488693
0.353299 0.0483334
0.364583 0.047526
0.353299 0.0470598
0.400174 0.0464841
0.361111 0.0457896
0.311632 0.0454897
0.3125 0.0446927
0.28559 0.0437241
0.299479 0.043249
0.288194 0.0426148
0.255208 0.0418547
0.279514 0.040711
0.27691 0.0397894
0.305556 0.0386142
0.31684 0.0374378
0.315104 0.0365493
0.317708 0.0357693
0.284722 0.0351292
0.307292 0.0348818
0.354167 0.0348426
0.341146 0.0345782
0.338542 0.0345536
0.337674 0.0344596
0.347222 0.0344996
0.335069 0.0342805
0.362847 0.0339174
0.375 0.0337787
0.383681 0.0335403
0.355035 0.0329946
0.369792 0.0326975
0.389757 0.0322317
0.421875 0.0317735
0.409722 0.0310477
0.402778 0.0303532
0.435764 0.0297414
0.427083 0.0290826
0.405382 0.0281905
0.394965 0.0273303
0.407118 0.0262516
0.388889 0.0249813
0.414062 0.0232402
0.422743 0.0215819
0.417535 0.020118
0.440972 0.0183399
0.457465 0.0165259
0.457465 0.0152844
0.490451 0.0141365
0.502604 0.0129365
0.463542 0.0120918
0.492188 0.0110019
0.486979 0.0100173
0.522569 0.00911819
0.500868 0.00836607
0.492188 0.00773531
0.479167 0.0068469
0.479167 0.00584892
0.485243 0.00469756
0.488715 0.00408975
0.516493 0.00366885
0.503472 0.00309845
0.485243 0.00231638
0.488715 0.00170719
0.487847 0.00112194
0.486979 0.000712898
0.473958 0.000468941
0.458333 0.000182326
0.461806 -2.74847e-05
0.498264 0.000251164
0.5 0.000501576
0.513889 0.00108476
0.521701 0.00116961
0.532118 0.0015632
0.498264 0.00164455
0.46441 0.00117292
0.442708 0.000654065
0.446181 0.00031528
0.419271 -9.60627e-05
0.426215 -0.000855802
0.466146 -0.00176412
0.500868 -0.00252289
0.493924 -0.0031445
0.5 -0.0037151
0.463542 -0.00423719
0.489583 -0.0047008
0.460938 -0.00552958
0.46441 -0.00603238
0.456597 -0.00676575
0.471354 -0.00754347
0.450521 -0.00781443
0.438368 -0.00801175
0.41059 -0.00801741
0.421007 -0.00813953
0.434028 -0.00827613
0.431424 -0.00863828
0.417535 -0.00942062
0.393229 -0.00922659
0.382812 -0.00876075
0.384549 -0.00822257
0.403646 -0.00772849
0.380208 -0.00734206
0.375868 -0.00712729
0.41059 -0.00703364
0.411458 -0.00701804
0.414062 -0.00714946
0.374132 -0.00682916
0.360243 -0.00634207
0.353299 -0.00571915
0.346354 -0.00540307
0.349826 -0.00501458
0.361111 -0.00496161
0.352431 -0.00480672
0.359375 -0.00467716
0.352431 -0.00437341
0.361111 -0.00445682
0.368056 -0.00465105
0.351562 -0.0047098
0.335938 -0.00437611
0.361979 -0.00390031
0.363715 -0.00376355
0.375868 -0.00339604
0.404514 -0.00316498
0.407986 -0.00293307
0.387153 -0.00231673
0.390625 -0.00148668
0.407986 -0.000813404
0.419271 -6.66961e-05
0.420139 0.000406369
0.397569 0.00106885
0.377604 0.00164723
0.358507 0.0023289
0.333333 0.00299762
0.317708 0.00418708
0.283854 0.00545854
0.296875 0.00707388
0.255208 0.00832096
0.235243 0.00961082
0.243056 0.0108985
0.266493 0.01226
0.258681 0.0137556
0.264757 0.0152284
0.25434 0.0168381
0.264757 0.0185359
0.276042 0.0198686
0.250868 0.0209658
0.226562 0.0220727
0.195312 0.0229211
0.196181 0.0237788
0.196181 0.0242963
0.188368 0.0252113
0.199653 0.0255711
0.206597 0.0261646
0.169271 0.0266386
0.150174 0.0267267
0.189236 0.0271052
0.221354 0.0274745
0.220486 0.0279497
0.221354 0.0286779
0.200521 0.0295742
0.200521 0.0307856
0.194444 0.0317961
0.189236 0.032845
0.204861 0.0337693
0.230903 0.0345836
0.219618 0.0352556
0.239583 0.0358133
0.251736 0.0367828
0.204861 0.0375159
0.212674 0.0387195
0.207465 0.0397423
0.210069 0.0405035
0.230035 0.041203
0.241319 0.0417504
0.228299 0.0426149
0.272569 0.0436878
0.286458 0.0448834
0.266493 0.0460021
0.27691 0.0469366
0.293403 0.047377
0.287326 0.0477069
0.289062 0.0478469
0.293403 0.0474382
0.277778 0.0464564
0.283854 0.0450547
0.315104 0.0436201
0.323785 0.0421985
0.335069 0.0406323
0.362847 0.0388637
0.375 0.0369774
0.373264 0.0355486
0.34375 0.0341647
0.362847 0.0329911
0.374132 0.0323344
0.328125 0.0314839
0.320312 0.0303896
0.340278 0.0293929
0.365451 0.0282807
0.358507 0.0268474
0.336806 0.0255669
0.324653 0.0243431
0.328993 0.0231542
0.359375 0.0218426
0.340278 0.0203446
0.334201 0.0192679
0.348958 0.0181277
0.306424 0.0167874
0.307292 0.0155225
0.361111 0.0142769
0.355903 0.0129314
0.350694 0.0114017
0.331597 0.00972085
0.326389 0.0086107
0.33941 0.0075041
0.334201 0.00638879
0.368924 0.00519978
0.362847 0.00396143
0.352431 0.00287263
0.349826 0.00196085
0.335938 0.000924652
0.33941 0.00024241
0.326389 -0.000469331
0.295139 -0.00113016
0.292535 -0.00150352
0.273438 -0.0021875
0.272569 -0.00311152
0.310764 -0.00359338
0.261285 -0.00440546
0.269965 -0.00501385
0.282986 -0.00518429
0.307292 -0.00539997
0.296007 -0.00531992
0.289062 -0.00522852
0.263021 -0.00514077
0.269097 -0.00497653
0.264757 -0.00514121
0.263889 -0.00508888
0.264757 -0.00496402
0.269097 -0.0051367
0.275174 -0.00515861
0.296875 -0.00510176
0.28125 -0.00483164
0.263021 -0.00445429
0.236111 -0.00404681
0.208333 -0.00350247
0.201389 -0.00281268
0.236111 -0.00168802
0.236111 -0.000644001
0.206597 -0.000520408
0.177083 -2.61347e-06
0.193576 0.000518151
0.168403 0.000939399
0.111979 0.00140245
0.112847 0.0020642
0.101562 0.0024994
0.105035 0.0030226
0.118056 0.0033793
0.118056 0.00359246
0.152778 0.00368367
0.151042 0.00397
0.147569 0.0039778
0.189236 0.0039047
0.178819 0.00372136
0.208333 0.00363656
0.21875 0.00335309
0.256076 0.00282924
0.220486 0.00223496
0.244792 0.00183346
0.227431 0.00168529
0.200521 0.00167584
0.224826 0.00172809
0.217882 0.00124247
0.194444 0.00119552
0.230035 0.000832656
0.195312 0.000417931
0.224826 0.000273209
0.226562 -9.5521e-05
0.232639 -0.000795113
0.208333 -0.00128937
0.203993 -0.00151051
0.196181 -0.0021705
0.232639 -0.00235646
0.207465 -0.00241571
0.15191 -0.00205661
0.150174 -0.00159611
0.169271 -0.00109029
0.136285 -0.000577207
0.164062 0.000309387
0.153646 0.00118345
0.185764 0.00178706
0.182292 0.00251914
0.168403 0.00307166
0.201389 0.00386211
0.157986 0.00468055
0.176215 0.00553047
0.144097 0.00640587
0.15191 0.00723373
0.158854 0.00841702
0.177083 0.00941126
0.197049 0.0102637
0.201389 0.0115403
0.172743 0.0124538
0.188368 0.0134942
0.238715 0.014263
0.236111 0.0147008
0.253472 0.0151769
0.282986 0.0157066
0.266493 0.0166853
0.239583 0.0178192
0.283854 0.0187348
0.279514 0.0195598
0.296007 0.0203835
0.317708 0.0208566
0.306424 0.0208603
0.310764 0.0209932
0.322917 0.0212461
0.336806 0.0217644
0.331597 0.0220101
0.323785 0.0221517
0.337674 0.0227466
0.345486 0.0232243
0.299479 0.0238742
0.327257 0.0244857
0.337674 0.0249333
0.364583 0.0250467
0.354167 0.0250606
0.325521 0.0248959
0.361111 0.0249431
0.396701 0.0250722
0.383681 0.0246571
0.380208 0.0245228
0.361979 0.0242646
0.346354 0.0241064
0.355035 0.0244437
0.354167 0.0242087
0.360243 0.0241048
0.331597 0.02403
0.342882 0.0242642
0.326389 0.0239109
0.286458 0.0230263
0.282118 0.0222016
0.300347 0.0216272
0.31684 0.0211155
0.286458 0.0205614
0.302083 0.0199261
0.290799 0.019161
0.284722 0.0185174
0.250868 0.0178006
0.27691 0.0172622
0.278646 0.0163055
0.284722 0.0156038
0.323785 0.014716
0.34809 0.014185
0.33941 0.0138885
0.338542 0.0136067
0.300347 0.013064
0.302951 0.01257
0.294271 0.0122447
0.296007 0.0117696
0.321181 0.01125
0.296007 0.0107423
0.306424 0.0100157
0.318576 0.00895202
0.284722 0.0083127
0.31684 0.00739415
0.289931 0.00639155
0.302083 0.00570539
0.293403 0.00505619
0.304688 0.00467333
0.290799 0.00424797
0.306424 0.00353263
0.335069 0.00311313
0.322049 0.00254066
0.310764 0.00169301
0.322917 0.000937004
0.328993 -0.000196727
0.328125 -0.00115033
0.34375 -0.00195097
0.359375 -0.00249692
0.37934 -0.00320461
0.353299 -0.00460201
0.320312 -0.00579695
0.332465 -0.00758822
0.344618 -0.00965327
0.350694 -0.0115494
0.358507 -0.0135529
0.322917 -0.0150478
0.323785 -0.0167649
0.321181 -0.0182931
0.284722 -0.0196721
0.256076 -0.0207675
0.268229 -0.0215925
0.260417 -0.0225772
0.315972 -0.0236414
0.30816 -0.0245825
0.318576 -0.0251057
0.290799 -0.0256915
0.249132 -0.0264415
0.237847 -0.0271327
0.239583 -0.0275111
0.233507 -0.0278967
0.279514 -0.0280652
0.295139 -0.0279809
0.31684 -0.027687
0.350694 -0.0277873
0.332465 -0.0278952
0.318576 -0.0285225
0.304688 -0.0291439
0.337674 -0.0299011
0.357639 -0.0305417
0.357639 -0.0309198
0.366319 -0.031383
0.337674 -0.0321351
0.359375 -0.0331852
0.342882 -0.033881
0.362847 -0.0345459
0.375 -0.0354322
0.381076 -0.0366388
0.360243 -0.0377382
0.362847 -0.0386305
0.330729 -0.0394954
0.317708 -0.0400553
0.274306 -0.0401815
0.28559 -0.0404177
0.321181 -0.0407521
0.299479 -0.0411806
0.30816 -0.0415802
0.341146 -0.0421957
0.323785 -0.0426196
0.34809 -0.0430192
0.304688 -0.0436052
0.310764 -0.0441746
0.27691 -0.0445936
0.276042 -0.0454603
0.272569 -0.0464225
0.280382 -0.0472894
0.266493 -0.0481233
0.253472 -0.0490134
0.265625 -0.0498308
0.267361 -0.0507919
0.289062 -0.0518621
0.322049 -0.0530502
0.321181 -0.0543901
0.290799 -0.055697
0.302951 -0.0573552
0.310764 -0.0582391
0.304688 -0.0590497
0.328125 -0.060187
0.333333 -0.0611628
0.328993 -0.0621105
0.318576 -0.0631085
0.341146 -0.0639634
0.336806 -0.0651715
0.336806 -0.066299
0.322049 -0.0677654
0.324653 -0.0696108
0.283854 -0.0712271
0.28125 -0.0727337
0.271701 -0.0746504
0.283854 -0.0767291
0.271701 -0.0787696
0.275174 -0.0808629
0.234375 -0.083028
0.210069 -0.0850414
0.198785 -0.0871537
0.215278 -0.0889545
0.186632 -0.0915758
0.159722 -0.0938616
0.152778 -0.0959956
0.167535 -0.0981005
0.175347 -0.0999432
0.1875 -0.102036
0.22309 -0.104284
0.204861 -0.106167
0.221354 -0.10822
0.246528 -0.110491
0.24566 -0.112837
0.195312 -0.115285
0.184896 -0.117922
0.190104 -0.120234
0.173611 -0.122116
0.136285 -0.12369
0.154514 -0.125215
0.170139 -0.126589
0.150174 -0.128153
0.164062 -0.129515
0.164931 -0.131036
0.166667 -0.132732
0.163194 -0.133905
0.165799 -0.135491
0.163194 -0.137052
0.186632 -0.138052
0.1875 -0.139773
0.194444 -0.140981
0.179688 -0.142348
0.197049 -0.143426
0.172743 -0.14479
0.175347 -0.146131
0.221354 -0.147273
0.220486 -0.148214
0.198785 -0.14925
0.196181 -0.150493
0.175347 -0.151593
0.188368 -0.152785
0.184896 -0.154185
0.190104 -0.155127
0.176215 -0.156249
0.12934 -0.157402
0.149306 -0.158573
0.121528 -0.160038
0.123264 -0.161329
0.111111 -0.162858
0.123264 -0.164535
0.157118 -0.166023
0.145833 -0.167503
0.166667 -0.169183
0.143229 -0.171064
0.146701 -0.172665
0.119792 -0.174634
0.125868 -0.176746
0.116319 -0.178906
0.106771 -0.181079
0.103299 -0.182999
0.118056 -0.185503
0.105035 -0.188342
0.105903 -0.191217
0.110243 -0.19385
0.0954861 -0.196434
0.0859375 -0.19877
0.0807292 -0.201681
0.0512153 -0.204428
0.0390625 -0.206607
0.00868056 -0.208721
0.00607639 -0.210602
0.0138889 -0.212699
0.015625 -0.214769
0.0564236 -0.216919
0.0677083 -0.219534
0.0538194 -0.222165
0.046875 -0.224094
0.0538194 -0.226084
0.0807292 -0.227802
0.0616319 -0.229606
0.0659722 -0.231076
0.0477431 -0.232547
0.0711806 -0.23382
0.0425347 -0.235521
0.0711806 -0.237484
0.0694444 -0.23951
0.109375 -0.241234
0.0902778 -0.242627
0.115451 -0.244302
0.142361 -0.245754
0.142361 -0.24714
0.117188 -0.248366
0.131944 -0.249056
0.121528 -0.249834
0.118924 -0.250637
0.118924 -0.251383
0.119792 -0.252052
0.0911458 -0.253038
0.0928819 -0.254171
0.0729167 -0.255596
0.0581597 -0.257032
0.0538194 -0.25866
0.0277778 -0.259811
0.0364583 -0.261118
0.0442708 -0.262432
0.0520833 -0.263851
0.03125 -0.264993
0.0251736 -0.266232
0.0460069 -0.266989
0.0607639 -0.26766
0.0199653 -0.268459
0.0208333 -0.268967
0.0295139 -0.268812
0.0225694 -0.268592
0.00260417 -0.268497
0.00434028 -0.268627
0.000868056 -0.268679
0.0199653 -0.268991
0.0243056 -0.269253
0.0407986 -0.269626
0.0260417 -0.270145
0.0112847 -0.270334
0.0355903 -0.270676
0.0173611 -0.271078
0.0121528 -0.271204
0.0121528 -0.271316
0.0208333 -0.271642
0.0451389 -0.272373
0.0564236 -0.272946
0.0303819 -0.273189
0.0208333 -0.272979
0.00260417 -0.27313
0.0112847 -0.272729
0.0260417 -0.272502
0.0598958 -0.272128
0.0685764 -0.271312
0.0868056 -0.270848
0.0963542 -0.269854
0.0729167 -0.268751
0.0789931 -0.26775
0.0842014 -0.266937
0.109375 -0.265783
0.143229 -0.264894
0.134549 -0.264184
0.100694 -0.263912
0.150174 -0.263704
0.118056 -0.263236
0.105035 -0.262395
0.0963542 -0.26155
0.130208 -0.260677
0.121528 -0.259974
0.139757 -0.259382
0.106771 -0.258911
0.114583 -0.258529
0.126736 -0.258306
0.161458 -0.258022
0.136285 -0.257616
0.0972222 -0.257029
0.078125 -0.256427
0.0364583 -0.255333
0.0277778 -0.254211
0.0338542 -0.252289
0.0355903 -0.250373
0.0390625 -0.248584
0.0130208 -0.246689
0.0243056 -0.244898
0.0381944 -0.24315
0.0642361 -0.241223
0.0572917 -0.239417
0.0807292 -0.23774
0.103299 -0.236279
0.0598958 -0.234627
0.0703125 -0.233098
0.0121528 -0.231611
0.0477431 -0.230074
0.0260417 -0.228965
0.0138889 -0.227749
0.0434028 -0.226401
0.0520833 -0.224869
0.0347222 -0.223574
0.0633681 -0.222005
0.0338542 -0.220685
0.0347222 -0.219433
0.0112847 -0.218118
0.0147569 -0.216884
0.0190972 -0.215365
0.0269097 -0.214168
0.0130208 -0.212899
0.0217014 -0.211407
0.0078125 -0.210055
0.0451389 -0.208638
0.0190972 -0.207488
0.0260417 -0.206438
0.0295139 -0.205573
0.0147569 -0.204283
0.0243056 -0.203652
0.0295139 -0.202714
0.0494792 -0.201575
0.0303819 -0.20016
0.0208333 -0.198753
0.00173611 -0.197389
0.0121528 -0.195804
0.00173611 -0.19402
0.0182292 -0.192607
0.0364583 -0.191435
0.0425347 -0.190406
0.0425347 -0.189551
0.0477431 -0.188853
0.00520833 -0.188364
0.0321181 -0.18769
0.00520833 -0.18688
0.0277778 -0.186054
0.0434028 -0.185252
0.0451389 -0.18437
0.0677083 -0.183539
0.046875 -0.182595
0.0269097 -0.181624
0.0494792 -0.180514
0.0460069 -0.179221
0.0477431 -0.177753
0.0694444 -0.176413
0.0572917 -0.174963
0.0425347 -0.173509
0.0763889 -0.171687
0.0876736 -0.170474
0.0824653 -0.168996
0.0946181 -0.167587
0.0946181 -0.166399
0.0859375 -0.165343
0.0651042 -0.164213
0.0989583 -0.16314
0.114583 -0.162091
0.102431 -0.161342
0.12934 -0.160706
0.157986 -0.160099
0.200521 -0.158999
0.201389 -0.158196
0.201389 -0.157305
0.206597 -0.1566
0.22309 -0.156173
0.212674 -0.155376
0.229167 -0.15447
0.193576 -0.153916
0.189236 -0.153415
0.208333 -0.152636
0.165799 -0.151635
0.161458 -0.150886
0.192708 -0.150398
0.185764 -0.150423
0.199653 -0.150177
0.192708 -0.149983
0.170139 -0.148899
0.174479 -0.14807
0.181424 -0.147319
0.16059 -0.146368
0.140625 -0.145356
0.151042 -0.144457
0.182292 -0.144071
0.173611 -0.143851
0.166667 -0.143343
0.150174 -0.142564
0.158854 -0.142548
0.170139 -0.142548
0.157986 -0.14218
0.178819 -0.141852
0.192708 -0.141244
0.162326 -0.140868
0.128472 -0.140377
0.0946181 -0.139563
0.0581597 -0.138265
0.0876736 -0.13728
0.0755208 -0.136157
0.0564236 -0.134658
0.0364583 -0.133219
0.000868056 -0.131919
0.0338542 -0.130087
0.0546875 -0.128123
0.0147569 -0.125823
0.00868056 -0.123905
0.00434028 -0.12203
0.00520833 -0.119965
0 -0.118194
0.00694444 -0.116567
0.00520833 -0.11501
0.0130208 -0.113712
0.0286458 -0.112508
0.0251736 -0.111709
0.0442708 -0.110648
0.0911458 -0.109479
0.114583 -0.108568
0.105903 -0.107877
0.117188 -0.10749
0.110243 -0.107339
0.0824653 -0.107118
0.0868056 -0.107134
0.0928819 -0.107281
0.0998264 -0.10742
0.100694 -0.107712
0.0815972 -0.108151
0.0520833 -0.108771
0.0894097 -0.108851
0.102431 -0.108843
0.0989583 -0.109216
0.127604 -0.109648
0.103299 -0.110329
0.0824653 -0.110867
0.0694444 -0.110745
0.0416667 -0.110618
0.0347222 -0.110016
0.0407986 -0.109094
0.0425347 -0.107927
0.0321181 -0.106999
0.0147569 -0.106286
0.0243056 -0.105582
0.0355903 -0.104392
0.0434028 -0.103641
0.03125 -0.103155
0.0355903 -0.10298
0.0182292 -0.102339
0.0494792 -0.102106
0.0737847 -0.102091
0.0659722 -0.102451
0.0694444 -0.102911
0.109375 -0.103664
0.102431 -0.104355
0.111111 -0.104934
0.0894097 -0.105879
0.0755208 -0.106959
0.0798611 -0.107783
0.0789931 -0.108353
0.0807292 -0.108807
0.0928819 -0.109358
0.116319 -0.109916
0.100694 -0.110415
0.0729167 -0.111109
0.0789931 -0.111787
0.0529514 -0.112652
0.0763889 -0.113952
0.0685764 -0.115242
0.0572917 -0.116487
0.078125 -0.117545
0.0668403 -0.118688
0.0729167 -0.120043
0.0789931 -0.121323
0.0868056 -0.122024
0.0833333 -0.122385
0.0998264 -0.122695
0.0746528 -0.122679
0.0737847 -0.122327
0.0928819 -0.121236
0.132812 -0.120294
0.127604 -0.119647
0.125868 -0.118762
0.130208 -0.117951
0.131076 -0.116465
0.124132 -0.11495
0.111111 -0.113123
0.114583 -0.111084
0.109375 -0.109186
0.104167 -0.107019
0.106771 -0.104965
0.124132 -0.103637
0.136285 -0.102308
0.184028 -0.101088
0.182292 -0.0999972
0.199653 -0.0991649
0.188368 -0.0986361
0.209201 -0.0980635
0.201389 -0.0979014
0.226562 -0.0978862
0.219618 -0.0976593
0.185764 -0.0973865
0.216146 -0.0971586
0.220486 -0.0971024
0.190104 -0.0969446
0.194444 -0.0965692
0.171007 -0.0960296
0.194444 -0.0957037
0.171875 -0.0959178
0.170139 -0.0959726
0.166667 -0.0952759
0.16059 -0.0947286
0.144097 -0.0942091
0.178819 -0.0935919
0.142361 -0.0933579
0.155382 -0.0929135
0.154514 -0.0926033
0.151042 -0.0919463
0.184028 -0.0910553
0.228299 -0.0904163
0.246528 -0.0894821
0.212674 -0.0888633
0.207465 -0.0882312
0.217882 -0.087809
0.236111 -0.0874643
0.243056 -0.0871169
0.255208 -0.0868608
0.271701 -0.0867825
0.269097 -0.0867611
0.252604 -0.0866063
0.249132 -0.086331
0.269965 -0.0863829
0.27691 -0.0861982
0.253472 -0.0862593
0.263889 -0.0864402
0.290799 -0.0868741
0.296007 -0.0872491
0.335938 -0.0876092
0.317708 -0.0874689
0.303819 -0.0879421
0.31684 -0.0885725
0.297743 -0.0893363
0.295139 -0.0895574
0.294271 -0.0896731
0.272569 -0.089627
0.263889 -0.0900233
0.307292 -0.0902196
0.349826 -0.0900161
0.326389 -0.0900238
0.34809 -0.0901064
0.321181 -0.0902543
0.299479 -0.0905204
0.277778 -0.0908311
0.264757 -0.0910001
0.296007 -0.0910918
0.296875 -0.0914896
0.306424 -0.0922093
0.292535 -0.0929544
0.315972 -0.0934506
0.335069 -0.0943806
0.30816 -0.0953899
0.315972 -0.0964584
0.318576 -0.0975256
0.295139 -0.0986991
0.294271 -0.0999604
0.28559 -0.101258
0.280382 -0.102229
0.315104 -0.103211
0.342882 -0.103484
0.34375 -0.103651
0.321181 -0.103998
0.311632 -0.104898
0.282118 -0.105563
0.284722 -0.105374
0.304688 -0.105625
0.334201 -0.105502
0.347222 -0.105642
0.329861 -0.105907
0.345486 -0.106196
0.33941 -0.106599
0.332465 -0.106823
0.362847 -0.107166
0.355903 -0.107455
0.346354 -0.107641
0.318576 -0.107866
0.310764 -0.108383
0.315104 -0.108982
0.353299 -0.109492
0.361979 -0.110383
0.350694 -0.111157
0.378472 -0.112023
0.365451 -0.112169
0.388021 -0.112165
0.345486 -0.112112
0.373264 -0.111923
0.378472 -0.111569
0.399306 -0.111375
0.393229 -0.111127
0.359375 -0.11128
0.37066 -0.111375
0.408854 -0.111291
0.375 -0.111239
0.37066 -0.111619
0.356771 -0.111594
0.375 -0.111875
0.427083 -0.111882
0.414931 -0.111991
0.409722 -0.11202
0.417535 -0.111354
0.368056 -0.111165
0.361979 -0.111313
0.37066 -0.111352
0.341146 -0.111238
0.342882 -0.111011
0.306424 -0.110803
0.350694 -0.110452
0.355035 -0.11013
0.357639 -0.109389
0.328125 -0.108509
0.337674 -0.107687
0.321181 -0.106789
0.261285 -0.105936
0.272569 -0.105024
0.241319 -0.104177
0.279514 -0.103166
0.279514 -0.101607
0.306424 -0.100008
0.289062 -0.0988207
0.311632 -0.09752
0.302083 -0.0960815
0.335938 -0.0950789
0.315972 -0.0941121
0.318576 -0.0931355
0.363715 -0.0921707
0.330729 -0.0911951
0.328125 -0.0901682
0.315104 -0.0885281
0.31684 -0.0873118
0.304688 -0.0865667
0.279514 -0.0855254
0.248264 -0.084689
0.248264 -0.0841449
0.25 -0.0836836
0.270833 -0.0831583
0.311632 -0.082985
0.323785 -0.083355
0.311632 -0.0838985
0.318576 -0.08501
0.355903 -0.0859701
0.346354 -0.0867882
0.351562 -0.0878559
0.303819 -0.0886397
0.292535 -0.089353
0.302951 -0.0895701
0.293403 -0.0901661
0.298611 -0.0906165
0.30816 -0.0908069
0.305556 -0.0910642
0.317708 -0.0913623
0.324653 -0.0913756
0.335069 -0.0916504
0.344618 -0.0916619
0.348958 -0.0921841
0.351562 -0.0931015
0.347222 -0.0943401
0.37066 -0.0957323
0.388021 -0.0972531
0.350694 -0.0989917
0.330729 -0.100821
0.335069 -0.102681
0.37934 -0.104358
0.355035 -0.105766
0.317708 -0.106986
0.294271 -0.107947
0.301215 -0.109193
0.282986 -0.110413
0.267361 -0.111649
0.282986 -0.112982
0.291667 -0.114119
0.293403 -0.1147
0.273438 -0.115477
0.314236 -0.116326
0.330729 -0.117273
0.309896 -0.118101
0.334201 -0.11872
0.289062 -0.119235
0.322049 -0.119129
0.299479 -0.119031
0.309028 -0.119028
0.342014 -0.119569
0.327257 -0.120474
0.349826 -0.121366
0.356771 -0.122316
0.361111 -0.122635
0.355035 -0.122823
0.383681 -0.123338
0.413194 -0.123872
0.407986 -0.124562
0.398438 -0.125339
0.415799 -0.126176
0.424479 -0.127613
0.4375 -0.1286
0.423611 -0.129491
0.426215 -0.130019
0.445312 -0.130245
0.467882 -0.130617
0.453993 -0.130779
0.477431 -0.131184
0.46875 -0.131916
0.476562 -0.132732
0.460069 -0.133025
0.458333 -0.133035
0.457465 -0.132934
0.43316 -0.133009
0.447917 -0.133089
0.446181 -0.133005
0.47309 -0.133172
0.460938 -0.133394
0.487847 -0.133824
0.46441 -0.134212
0.44184 -0.134626
0.422743 -0.134805
0.409722 -0.134902
0.402778 -0.134799
0.40191 -0.134655
0.358507 -0.13471
0.348958 -0.13473
0.348958 -0.134928
0.331597 -0.135177
0.338542 -0.135054
0.341146 -0.134539
0.350694 -0.133904
0.355035 -0.133306
0.329861 -0.133207
0.315104 -0.132741
0.299479 -0.132178
0.313368 -0.131647
0.313368 -0.131188
0.335069 -0.130952
0.313368 -0.131165
0.324653 -0.131287
0.336806 -0.131476
0.283854 -0.131558
0.315104 -0.1316
0.318576 -0.131519
0.315972 -0.13094
0.355903 -0.129882
0.364583 -0.128786
0.362847 -0.127653
0.361979 -0.12658
0.357639 -0.125242
0.363715 -0.12401
0.347222 -0.122689
0.349826 -0.121425
0.350694 -0.120278
0.374132 -0.118856
0.381944 -0.117317
0.414931 -0.115719
0.447917 -0.114595
0.480903 -0.113526
0.493056 -0.112294
0.466146 -0.111109
0.456597 -0.109737
0.452257 -0.107998
0.432292 -0.106207
0.400174 -0.104223
0.365451 -0.101829
0.40191 -0.0991483
0.381944 -0.096453
0.391493 -0.0943598
0.386285 -0.0922684
0.420139 -0.0903025
0.392361 -0.0881374
0.368056 -0.0856186
0.354167 -0.0838369
0.366319 -0.0820093
0.373264 -0.0801268
0.37066 -0.0783334
0.344618 -0.0766288
0.347222 -0.0753548
0.34375 -0.0741342
0.375868 -0.0726632
0.368056 -0.0713513
0.40191 -0.069918
0.417535 -0.0686771
0.385417 -0.0683058
0.355035 -0.068067
0.363715 -0.0678531
0.351562 -0.0677789
0.363715 -0.0673576
0.360243 -0.0668108
0.384549 -0.0659215
0.389757 -0.0652244
0.37066 -0.0645082
0.368056 -0.0641093
0.361111 -0.0637461
0.387153 -0.0634075
0.395833 -0.0631038
0.352431 -0.0631691
0.318576 -0.0629781
0.325521 -0.0621428
0.307292 -0.0612756
0.307292 -0.0605154
0.355903 -0.0599443
0.348958 -0.0592212
0.37066 -0.0589009
0.369792 -0.0583366
0.377604 -0.0579184
0.388889 -0.0573447
0.371528 -0.0567268
0.352431 -0.055784
0.309896 -0.0547052
0.278646 -0.0535104
0.301215 -0.0521362
0.260417 -0.0502097
0.261285 -0.0476965
0.257812 -0.044781
0.257812 -0.0420592
0.260417 -0.0394339
0.209201 -0.0368183
0.242188 -0.0344397
0.27691 -0.0319076
0.264757 -0.0292989
0.28559 -0.0269109
0.309028 -0.0242197
0.34809 -0.0217912
0.361111 -0.0194245
0.374132 -0.0171405
0.373264 -0.0152238
0.37066 -0.0134448
0.394965 -0.0114811
0.407118 -0.00958892
0.403646 -0.00763412
0.426215 -0.0056294
0.448785 -0.00300142
0.449653 -0.000388288
0.440972 0.00237724
0.426215 0.00456512
0.439236 0.00624514
0.453125 0.00783392
0.460938 0.00964405
0.465278 0.0120526
0.459201 0.0143692
0.445312 0.0165021
0.44184 0.018394
0.429688 0.0205871
0.374132 0.0227091
0.378472 0.0248432
0.360243 0.026259
0.37934 0.0275285
0.377604 0.0292059
0.350694 0.0313717
0.37066 0.0335403
0.37934 0.0353596
0.404514 0.0367182
0.413194 0.0388309
0.386285 0.0409852
0.378472 0.0424487
0.390625 0.0442624
0.362847 0.0464008
0.366319 0.0482272
0.328125 0.0499915
0.319444 0.0516695
0.337674 0.0533916
0.359375 0.0554586
0.34809 0.0571736
0.34809 0.0588922
0.361979 0.0604535
0.31684 0.0620652
0.33941 0.0638528
0.322049 0.0651822
0.337674 0.0664713
0.367188 0.0682051
0.389757 0.0703152
0.369792 0.0719854
0.332465 0.0736196
0.348958 0.0746918
0.335069 0.0757036
0.361111 0.0769012
0.353299 0.0783372
0.318576 0.0801434
0.307292 0.0815681
0.338542 0.0832891
0.344618 0.0849392
0.324653 0.0864342
0.31684 0.0879261
0.288194 0.0894989
0.291667 0.0909352
0.305556 0.0923107
0.300347 0.0936338
0.291667 0.0945706
0.289062 0.0955245
0.289062 0.096437
0.321181 0.09766
0.326389 0.0990188
0.331597 0.100333
0.290799 0.101838
0.236111 0.103044
0.213542 0.104352
0.217014 0.105563
0.264757 0.106623
0.259549 0.107484
0.275174 0.108028
0.263021 0.10881
0.249132 0.109612
0.227431 0.110333
0.25 0.111497
0.220486 0.112521
0.222222 0.113796
0.258681 0.114542
0.269097 0.115201
0.255208 0.115784
0.288194 0.116329
0.271701 0.116663
0.248264 0.116878
0.244792 0.117098
0.261285 0.117265
0.278646 0.117462
0.260417 0.117949
0.258681 0.118426
0.258681 0.11918
0.248264 0.120143
0.234375 0.120894
0.21875 0.121664
0.196181 0.121734
0.204861 0.122055
0.197917 0.122413
0.184896 0.122592
0.177083 0.122762
0.140625 0.123043
0.140625 0.123617
0.117188 0.12413
0.136285 0.124178
0.136285 0.123867
0.141493 0.123331
0.115451 0.122838
0.140625 0.122119
0.15625 0.121681
0.192708 0.120988
0.138021 0.12046
0.126736 0.120001
0.0989583 0.119669
0.102431 0.119735
0.12934 0.11937
0.162326 0.11904
0.154514 0.118619
0.139757 0.118171
0.110243 0.117327
0.131076 0.116505
0.126736 0.115801
0.121528 0.114431
0.125 0.112909
0.127604 0.111584
0.149306 0.110202
0.148438 0.108606
0.112847 0.106948
0.139757 0.105465
0.142361 0.103898
0.157118 0.102182
0.216146 0.10082
0.220486 0.0991506
0.236111 0.0982016
0.257812 0.0974956
0.244792 0.0967176
0.217014 0.0962872
0.211806 0.0957058
0.205729 0.095158
0.206597 0.0947018
0.212674 0.0939952
0.203125 0.0933456
0.222222 0.0926459
0.227431 0.091887
0.227431 0.0912721
0.231771 0.0911442
0.211806 0.0904885
0.210069 0.0896977
0.203125 0.0890263
0.208333 0.0881274
0.217014 0.0872865
0.208333 0.08597
0.157986 0.0845368
0.149306 0.0835291
0.150174 0.0826112
0.170139 0.0813034
0.154514 0.0804394
0.15191 0.0794565
0.150174 0.0782151
0.168403 0.077291
0.165799 0.0757835
0.153646 0.0740824
0.169271 0.072222
0.138889 0.0703245
0.0946181 0.0688163
0.100694 0.0675109
0.125 0.066179
0.112847 0.0647096
0.126736 0.0633281
0.123264 0.0620535
0.131076 0.0610278
0.116319 0.0602529
0.0720486 0.0590926
0.0789931 0.0583588
0.103299 0.0575458
0.103299 0.0567139
0.0998264 0.0560685
0.104167 0.0556353
0.0807292 0.0552829
0.0668403 0.0545927
0.0703125 0.0541145
0.0321181 0.0537779
0.00347222 0.0534096
0.00954861 0.0533224
0.03125 0.0529423
0.000868056 0.0524667
0.0121528 0.051843
0.0251736 0.0508562
0.0373264 0.0497856
0.0720486 0.0487044
0.100694 0.0479712
0.109375 0.047281
0.0989583 0.0455709
0.115451 0.0438553
0.130208 0.0422861
0.125 0.0408037
0.108507 0.0394935
0.0677083 0.037952
0.0668403 0.03648
0.0833333 0.0354753
0.0694444 0.0348236
0.0963542 0.0342046
0.127604 0.0332327
0.114583 0.0324867
0.133681 0.0317798
0.115451 0.0311911
0.102431 0.0304992
0.0928819 0.0299433
0.117188 0.0294228
0.142361 0.0291234
0.144097 0.0287375
0.155382 0.0282751
0.1875 0.0277464
0.171007 0.0271742
0.12934 0.0270211
0.136285 0.026856
0.141493 0.0268633
0.161458 0.0262445
0.142361 0.0257776
0.12066 0.0249125
0.111111 0.0242959
0.128472 0.0238616
0.169271 0.0238386
0.193576 0.02375
0.201389 0.0236194
0.200521 0.0233143
0.222222 0.0233997
0.222222 0.0235761
0.238715 0.0233538
0.221354 0.0228015
0.253472 0.0222266
0.256944 0.0220729
0.270833 0.0219316
0.302951 0.0218038
0.353299 0.0215793
0.330729 0.0213393
0.342014 0.0212499
0.335938 0.0207836
0.363715 0.0202343
0.403646 0.0196546
0.425347 0.0194053
0.419271 0.0190745
0.394965 0.0186286
0.407986 0.0187833
0.407986 0.0187387
0.407118 0.0184979
0.393229 0.0184301
0.394097 0.0186161
0.357639 0.0188003
0.355903 0.0191756
0.364583 0.0192944
0.328125 0.0199307
0.287326 0.0204219
0.292535 0.0206623
0.273438 0.020353
0.286458 0.0199049
0.288194 0.0196139
0.280382 0.0192791
0.263889 0.018756
0.267361 0.01797
0.301215 0.0171472
0.338542 0.0158606
0.324653 0.0147541
0.331597 0.0137041
0.34375 0.0128103
0.340278 0.0116904
0.344618 0.0110469
0.315104 0.0103983
0.340278 0.00988757
0.30816 0.00980441
0.303819 0.00936103
0.306424 0.00868446
0.288194 0.00792373
0.334201 0.00718165
0.340278 0.00642549
0.309896 0.00576545
0.311632 0.00495208
0.28559 0.0037508
0.28125 0.00217275
0.256944 0.000348971
0.258681 -0.00133066
0.276042 -0.00364523
0.297743 -0.00626859
0.31684 -0.00846068
0.303819 -0.0108243
0.27691 -0.0133491
0.272569 -0.015683
0.284722 -0.0181822
0.297743 -0.0205608
0.271701 -0.0230216
0.235243 -0.0246915
0.260417 -0.0262042
0.25 -0.0278764
0.236979 -0.0295537
0.219618 -0.0309602
0.217882 -0.0321115
0.243056 -0.0338247
0.268229 -0.0355647
0.258681 -0.0373886
0.238715 -0.0390064
0.225694 -0.040345
0.234375 -0.0418129
0.229167 -0.0433369
0.237847 -0.0453212
0.236111 -0.0474548
0.213542 -0.0495237
0.232639 -0.0517121
0.227431 -0.0539023
0.242188 -0.0561482
0.243056 -0.0582827
0.258681 -0.0603591
0.288194 -0.0625645
0.275174 -0.0644219
0.259549 -0.0660873
0.250868 -0.0672029
0.260417 -0.0685326
0.298611 -0.0696438
0.302083 -0.0705528
0.304688 -0.0713022
0.293403 -0.0720443
0.273438 -0.0723231
0.272569 -0.0729637
0.299479 -0.0736651
0.333333 -0.075085
0.346354 -0.0768743
0.37934 -0.0782905
0.381076 -0.079493
0.384549 -0.0807379
0.394097 -0.0816433
0.414931 -0.0830104
0.401042 -0.0844148
0.416667 -0.0866397
0.428819 -0.0888417
0.415799 -0.0906392
0.400174 -0.0927301
0.40191 -0.0946459
0.388021 -0.0965412
0.409722 -0.098644
0.414062 -0.100752
0.44184 -0.102475
0.438368 -0.104309
0.473958 -0.106562
0.4375 -0.108727
0.482639 -0.110756
0.494792 -0.112839
0.500868 -0.114573
0.483507 -0.116919
0.474826 -0.11897
0.460069 -0.120973
0.466146 -0.122971
0.497396 -0.125023
0.482639 -0.127318
0.46875 -0.129419
0.434028 -0.132055
0.443576 -0.134467
0.446181 -0.137206
0.4375 -0.139934
0.445312 -0.142856
0.426215 -0.145722
0.422743 -0.148598
0.438368 -0.151552
0.424479 -0.15424
0.411458 -0.157397
0.375 -0.160063
0.385417 -0.162638
0.390625 -0.165166
0.424479 -0.167485
0.428819 -0.169879
0.447049 -0.171761
0.478299 -0.173202
0.470486 -0.174529
0.502604 -0.175484
0.527778 -0.177486
0.512153 -0.179469
0.476562 -0.181871
0.477431 -0.184739
0.454861 -0.186923
0.445312 -0.189122
0.448785 -0.191249
0.449653 -0.193359
0.462674 -0.195625
0.482639 -0.197965
0.519097 -0.200205
0.518229 -0.202627
0.505208 -0.204438
0.510417 -0.206472
0.52691 -0.208174
0.519965 -0.210032
0.509549 -0.211833
0.488715 -0.213328
0.507812 -0.214736
0.502604 -0.216563
0.523438 -0.218615
0.505208 -0.22065
0.513021 -0.222529
0.513889 -0.224843
0.549479 -0.227083
0.546007 -0.229543
0.539062 -0.231677
0.521701 -0.234181
0.506076 -0.236804
0.485243 -0.239792
0.510417 -0.242803
0.521701 -0.245761
0.522569 -0.248731
0.516493 -0.251433
0.497396 -0.254338
0.493056 -0.257149
0.513889 -0.26024
0.534722 -0.263511
0.547743 -0.266712
0.568576 -0.269644
0.563368 -0.272568
0.548611 -0.275328
0.527778 -0.277638
0.529514 -0.279873
0.513021 -0.281532
0.53559 -0.283058
0.499132 -0.28433
0.507812 -0.285534
0.500868 -0.286758
0.486111 -0.287656
0.449653 -0.288508
0.446181 -0.289013
0.453993 -0.289512
0.474826 -0.290218
0.470486 -0.290939
0.451389 -0.291756
0.448785 -0.292728
0.434028 -0.293159
0.462674 -0.293468
0.469618 -0.293982
0.442708 -0.294412
0.390625 -0.294738
0.414062 -0.295244
0.420139 -0.296039
0.413194 -0.296736
0.402778 -0.297547
0.400174 -0.298017
0.397569 -0.29848
0.413194 -0.299216
0.440972 -0.299443
0.469618 -0.299287
0.448785 -0.299308
0.430556 -0.29942
0.469618 -0.299747
0.472222 -0.299967
0.476562 -0.300199
0.49566 -0.300458
0.486979 -0.301022
0.512153 -0.301958
0.510417 -0.302524
0.465278 -0.303495
0.481771 -0.30463
0.509549 -0.305444
0.492188 -0.305941
0.497396 -0.306197
0.524306 -0.306024
0.533854 -0.305783
0.548611 -0.305025
0.541667 -0.304322
0.543403 -0.30348
0.561632 -0.30218
0.592882 -0.300738
0.563368 -0.299618
0.565104 -0.298695
0.588542 -0.297564
0.576389 -0.296432
0.574653 -0.295692
0.561632 -0.294926
0.546875 -0.294403
0.525174 -0.293647
0.536458 -0.292727
0.520833 -0.292175
0.580729 -0.291606
0.559028 -0.290941
0.572049 -0.289782
0.548611 -0.288724
0.528646 -0.288073
0.546875 -0.287702
0.590278 -0.287386
0.588542 -0.287383
0.59809 -0.286716
0.598958 -0.286272
0.579861 -0.286271
0.576389 -0.285821
0.592014 -0.285429
0.601562 -0.284703
0.613715 -0.284376
0.604167 -0.283838
0.58941 -0.283311
0.604167 -0.282967
0.608507 -0.282438
0.611979 -0.282231
0.62066 -0.281815
0.597222 -0.281458
0.590278 -0.280913
0.549479 -0.28086
0.591146 -0.280836
0.600694 -0.281027
0.608507 -0.281214
0.584201 -0.281869
0.577257 -0.28242
0.587674 -0.283181
0.585938 -0.284465
0.556424 -0.285795
0.565104 -0.28705
0.532118 -0.287662
0.518229 -0.288204
0.536458 -0.28859
0.541667 -0.288979
0.551215 -0.288884
0.563368 -0.288932
0.576389 -0.288822
0.586806 -0.288636
0.604167 -0.28878
0.596354 -0.289122
0.62934 -0.289619
0.605903 -0.290191
0.580729 -0.290786
0.592014 -0.290818
0.574653 -0.291147
0.564236 -0.291406
0.583333 -0.291551
0.578125 -0.291479
0.596354 -0.291619
0.608507 -0.291796
0.618056 -0.292249
0.596354 -0.292085
0.611979 -0.29186
0.610243 -0.291732
0.601562 -0.29134
0.621528 -0.290932
0.647569 -0.290211
0.631076 -0.289697
0.639757 -0.28922
0.644097 -0.288604
0.657118 -0.288503
0.65625 -0.288615
0.623264 -0.288744
0.631944 -0.288588
0.613715 -0.2889
0.619792 -0.289146
0.642361 -0.290178
0.635417 -0.291108
0.658854 -0.291919
0.65191 -0.292838
0.672743 -0.293581
0.671007 -0.294162
0.664062 -0.2946
0.652778 -0.294575
0.66059 -0.294252
0.684896 -0.293517
0.680556 -0.292912
0.692708 -0.292451
0.68316 -0.291711
0.671007 -0.290612
0.674479 -0.289277
0.690972 -0.28831
0.720486 -0.287221
0.703993 -0.286335
0.703125 -0.285383
0.690972 -0.284357
0.685764 -0.283147
0.679688 -0.281949
0.701389 -0.28141
0.684896 -0.2812
0.682292 -0.280702
0.6875 -0.280157
0.692708 -0.279418
0.69184 -0.278957
0.675347 -0.278765
0.670139 -0.278315
0.651042 -0.277393
0.616319 -0.276505
0.618056 -0.276096
0.591146 -0.27532
0.572049 -0.273923
0.555556 -0.272664
0.533854 -0.270462
0.524306 -0.268441
0.519965 -0.266055
0.52691 -0.264042
0.529514 -0.26224
0.543403 -0.260362
0.565104 -0.258551
0.569444 -0.256958
0.539931 -0.255543
0.536458 -0.253661
0.527778 -0.251507
0.527778 -0.25005
0.512153 -0.248853
0.530382 -0.247213
0.521701 -0.246103
0.546007 -0.244924
0.53559 -0.243724
0.523438 -0.24237
0.523438 -0.241406
0.506076 -0.240151
0.498264 -0.239188
0.53559 -0.238241
0.547743 -0.237325
0.544271 -0.236388
0.523438 -0.235322
0.542535 -0.234419
0.561632 -0.233723
0.555556 -0.233249
0.524306 -0.232648
0.543403 -0.23248
0.547743 -0.232625
0.565972 -0.23305
0.565972 -0.233757
0.529514 -0.234821
0.561632 -0.235572
0.542535 -0.236353
0.519097 -0.236998
0.503472 -0.237364
0.527778 -0.237629
0.523438 -0.237603
0.539931 -0.237512
0.496528 -0.238375
0.500868 -0.239447
0.511285 -0.23995
0.506076 -0.240588
0.520833 -0.240918
0.523438 -0.24135
0.501736 -0.24149
0.477431 -0.241776
0.519097 -0.242194
0.513889 -0.242499
0.477431 -0.242771
0.449653 -0.243082
0.460069 -0.243521
0.449653 -0.244181
0.414931 -0.244725
0.422743 -0.245243
0.423611 -0.245811
0.426215 -0.246297
0.426215 -0.246612
0.446181 -0.246541
0.439236 -0.246609
0.44184 -0.246355
0.419271 -0.24607
0.405382 -0.245825
0.407986 -0.246047
0.40191 -0.246113
0.368056 -0.246028
0.381944 -0.245423
0.408854 -0.245336
0.396701 -0.245257
0.37066 -0.244898
0.364583 -0.24505
0.367188 -0.244687
0.355035 -0.244385
0.375 -0.244555
0.337674 -0.244358
0.31684 -0.244168
0.317708 -0.243773
0.323785 -0.243122
0.349826 -0.242833
0.311632 -0.24227
0.317708 -0.24173
0.317708 -0.240897
0.328993 -0.240826
0.326389 -0.240996
0.315972 -0.240286
0.327257 -0.239321
0.328125 -0.238073
0.304688 -0.237089
0.274306 -0.23655
0.222222 -0.236001
0.221354 -0.235073
0.243924 -0.234167
0.219618 -0.233935
0.227431 -0.233591
0.266493 -0.233395
0.326389 -0.233416
0.338542 -0.233472
0.346354 -0.234727
0.34375 -0.23594
0.329861 -0.237363
0.321181 -0.238362
0.314236 -0.239132
0.303819 -0.239861
0.292535 -0.240509
0.318576 -0.240901
0.295139 -0.241897
0.293403 -0.242499
0.270833 -0.242432
0.250868 -0.242694
0.238715 -0.242934
0.241319 -0.242827
0.240451 -0.242526
0.235243 -0.242304
0.256944 -0.241613
0.232639 -0.24069
0.225694 -0.240211
0.225694 -0.239823
0.197049 -0.239357
0.176215 -0.239075
0.182292 -0.238534
0.171875 -0.23759
0.166667 -0.236594
0.125868 -0.235862
0.142361 -0.23528
0.121528 -0.235034
0.12066 -0.234761
0.114583 -0.234867
0.125868 -0.234929
0.123264 -0.234409
0.143229 -0.234081
0.12066 -0.233572
0.172743 -0.233409
0.1875 -0.23363
0.174479 -0.233833
0.210938 -0.233936
0.242188 -0.233794
0.261285 -0.233659
0.248264 -0.233178
0.227431 -0.232973
0.228299 -0.233234
0.223958 -0.233223
0.276042 -0.233478
0.280382 -0.2339
0.261285 -0.233813
0.273438 -0.23325
0.269097 -0.2332
0.260417 -0.233305
0.263021 -0.233642
0.237847 -0.234068
0.273438 -0.234259
0.257812 -0.234347
0.266493 -0.234626
0.251736 -0.234729
0.226562 -0.234386
0.247396 -0.234451
0.215278 -0.234723
0.189236 -0.235164
0.190972 -0.235709
0.1875 -0.236537
0.140625 -0.236897
0.116319 -0.237354
0.09375 -0.237402
0.0815972 -0.237614
0.112847 -0.237531
0.12934 -0.237006
0.101562 -0.236768
0.107639 -0.236263
0.106771 -0.236101
0.119792 -0.235882
0.117188 -0.235335
0.136285 -0.234301
0.0980903 -0.233671
0.105903 -0.232631
0.101562 -0.231974
0.103299 -0.231326
0.114583 -0.230664
0.105035 -0.230418
0.146701 -0.229961
0.157986 -0.22926
0.162326 -0.229167
0.207465 -0.228857
0.225694 -0.228703
0.193576 -0.228555
0.242188 -0.22862
0.236111 -0.228827
0.236979 -0.228992
0.258681 -0.229122
0.236979 -0.229207
0.196181 -0.229009
0.198785 -0.229082
0.197049 -0.229
0.225694 -0.229482
0.188368 -0.229792
0.220486 -0.230497
0.221354 -0.231327
0.249132 -0.232377
0.248264 -0.233245
0.217014 -0.234055
0.181424 -0.234534
0.195312 -0.235059
0.184028 -0.235803
0.210938 -0.237046
0.21441 -0.237885
0.211806 -0.23865
0.230035 -0.239603
0.219618 -0.240431
0.212674 -0.241331
0.226562 -0.241762
0.207465 -0.242016
0.246528 -0.242279
0.246528 -0.242688
0.232639 -0.243366
0.240451 -0.244347
0.263021 -0.245101
0.24566 -0.24601
0.225694 -0.246544
0.226562 -0.247075
0.207465 -0.248234
0.216146 -0.24916
0.222222 -0.249433
0.1875 -0.249802
0.159722 -0.250131
0.171875 -0.250955
0.170139 -0.2519
0.134549 -0.252762
0.141493 -0.254505
0.144965 -0.256485
0.138021 -0.258411
0.176215 -0.260123
0.203125 -0.261429
0.168403 -0.262375
0.184896 -0.2631
0.169271 -0.26431
0.174479 -0.265098
0.159722 -0.266434
0.123264 -0.268124
0.118924 -0.269755
0.0911458 -0.271446
0.109375 -0.273704
0.0729167 -0.275723
0.0746528 -0.277656
0.0746528 -0.279315
0.0625 -0.281104
0.0434028 -0.283126
0.0486111 -0.284896
0.0737847 -0.28679
0.0538194 -0.289244
0.0798611 -0.291407
0.103299 -0.293331
0.0980903 -0.295303
0.0868056 -0.297099
0.0633681 -0.298847
0.0503472 -0.300277
0.0555556 -0.30148
0.0694444 -0.302458
0.0651042 -0.302694
0.0685764 -0.302148
0.0972222 -0.30119
0.0347222 -0.30002
0.0390625 -0.299064
0.0598958 -0.297836
0.0217014 -0.296758
0.00434028 -0.295456
0.0208333 -0.294424
0.00173611 -0.293316
0.00173611 -0.292413
0.00520833 -0.291546
0.015625 -0.290883
0.03125 -0.290488
0 -0.290026
0.0164931 -0.289624
0.0286458 -0.289059
0.0260417 -0.28853
0.0295139 -0.2876
0.0164931 -0.286904
0.00607639 -0.286051
0.015625 -0.285225
0.0260417 -0.284291
0.0182292 -0.283894
0.0416667 -0.282956
0.0616319 -0.282385
0.0798611 -0.281756
0.0442708 -0.280977
0.0477431 -0.280155
0.015625 -0.279233
0.0329861 -0.278541
0.015625 -0.278025
0.0234375 -0.277747
0.0303819 -0.277262
0.00607639 -0.276779
0.0494792 -0.276258
0.0703125 -0.276498
0.0503472 -0.276587
0.0164931 -0.276627
0.0217014 -0.27649
0.0321181 -0.276524
0.0894097 -0.276367
0.0920139 -0.276121
0.0963542 -0.275461
0.0607639 -0.275401
0.0711806 -0.274994
0.0633681 -0.27496
0.0434028 -0.275351
0.0486111 -0.27581
0.0355903 -0.276195
0.0347222 -0.276758
0.00868056 -0.277148
0.0416667 -0.277856
0.00260417 -0.277899
0.00954861 -0.277751
0.0112847 -0.277525
0.0277778 -0.277076
0.00868056 -0.276368
0.0243056 -0.275461
0.0364583 -0.274789
0.0130208 -0.274471
0.0234375 -0.274358
0.0581597 -0.274741
0.0807292 -0.274939
0.0416667 -0.274914
0.0642361 -0.274631
0.0833333 -0.274256
0.0946181 -0.273909
0.0789931 -0.273243
0.0703125 -0.272391
0.0928819 -0.271874
0.112847 -0.271419
0.111111 -0.271008
0.115451 -0.270287
0.125868 -0.269433
0.111111 -0.268604
0.0868056 -0.267965
0.0980903 -0.267674
0.0885417 -0.267377
0.0581597 -0.266693
0.0651042 -0.266475
0.0355903 -0.26631
0.0104167 -0.266119
0.00520833 -0.266182
0.00260417 -0.266525
0.0164931 -0.266565
0.0147569 -0.266565
0.0121528 -0.266902
0.0147569 -0.267913
0.0269097 -0.268866
0.0303819 -0.270078
0.0833333 -0.270837
0.0772569 -0.272021
0.0928819 -0.272731
0.125 -0.27377
0.157986 -0.274776
0.15625 -0.275733
0.117188 -0.276722
0.0850694 -0.277317
0.0885417 -0.277982
0.0989583 -0.278495
0.121528 -0.27862
0.108507 -0.278905
0.0807292 -0.279626
0.0911458 -0.280085
0.0711806 -0.280501
0.0373264 -0.280629
0.00434028 -0.28031
0.0112847 -0.280291
0.0234375 -0.28078
0.0303819 -0.281415
0.0130208 -0.281422
0.00520833 -0.281251
0.0243056 -0.281157
0.00434028 -0.281708
0.0078125 -0.281973
0.0303819 -0.282221
0.0477431 -0.28225
0.03125 -0.282459
0.00954861 -0.282999
0.00173611 -0.283798
0.0130208 -0.284785
0.0173611 -0.285709
0.0104167 -0.286725
0.0260417 -0.287859
0.0269097 -0.289302
0.0295139 -0.290666
0.0451389 -0.291783
0.0321181 -0.29259
0.0390625 -0.292603
0.0321181 -0.292752
0.0078125 -0.292728
0.0373264 -0.291989
0.0494792 -0.291121
0.0477431 -0.28991
0.0321181 -0.288246
0.0243056 -0.286671
0.0399306 -0.285459
0.0503472 -0.284207
0.00694444 -0.28269
0.0121528 -0.281407
0.0494792 -0.279932
0.0772569 -0.278507
0.0321181 -0.27716
0.0685764 -0.275584
0.0685764 -0.274528
0.115451 -0.273643
0.119792 -0.27247
0.132812 -0.271485
0.15625 -0.270526
0.128472 -0.269867
0.111979 -0.269293
0.106771 -0.268065
0.0746528 -0.266393
0.09375 -0.265061
0.111111 -0.263073
0.105035 -0.260824
0.110243 -0.258771
0.0989583 -0.256901
0.0963542 -0.254501
0.106771 -0.251608
0.108507 -0.2484
0.135417 -0.245145
0.126736 -0.241782
0.131076 -0.237736
0.161458 -0.233775
0.180556 -0.230221
0.206597 -0.226981
0.240451 -0.224195
0.253472 -0.221634
0.266493 -0.219388
0.231771 -0.217265
0.225694 -0.21494
0.217014 -0.212468
0.178819 -0.210772
0.154514 -0.208824
0.162326 -0.206187
0.145833 -0.20329
0.15191 -0.200119
0.144965 -0.196814
0.145833 -0.193942
0.15191 -0.190406
0.132812 -0.187122
0.122396 -0.183546
0.12934 -0.179564
0.130208 -0.175679
0.107639 -0.171701
0.0911458 -0.16797
0.0946181 -0.164105
0.104167 -0.160816
0.114583 -0.157827
0.102431 -0.154783
0.131944 -0.151637
0.117188 -0.147832
0.170139 -0.144597
0.151042 -0.14176
0.131076 -0.138443
0.110243 -0.135036
0.111979 -0.131719
0.107639 -0.128897
0.111979 -0.125647
0.124132 -0.121988
0.114583 -0.118607
0.124132 -0.115016
0.148438 -0.111859
0.151042 -0.108461
0.150174 -0.105242
0.162326 -0.102084
0.145833 -0.0991192
0.182292 -0.095982
0.16059 -0.0929951
0.173611 -0.0896559
0.193576 -0.0869789
0.157986 -0.0841767
0.147569 -0.0812938
0.146701 -0.0787133
0.121528 -0.0758397
0.137153 -0.0731626
0.162326 -0.0706201
0.117188 -0.0681308
0.113715 -0.0662686
0.105035 -0.0644175
0.105903 -0.0625685
0.12934 -0.0606805
0.149306 -0.0586934
0.145833 -0.0572396
0.163194 -0.0554578
0.198785 -0.0534703
0.190104 -0.0510438
0.154514 -0.0487172
0.171007 -0.0463232
0.164931 -0.0433252
0.176215 -0.040042
0.184028 -0.037082
0.172743 -0.0333254
0.217882 -0.02955
0.177083 -0.0253137
0.158854 -0.0215617
0.155382 -0.0183161
0.125868 -0.0147767
0.123264 -0.0109645
0.163194 -0.00725899
0.100694 -0.00350719
0.102431 3.87385e-05
0.121528 0.00327263
0.12934 0.00640009
0.115451 0.00919185
0.0876736 0.0124484
0.0668403 0.0151607
0.0729167 0.017649
0.0538194 0.0205009
0.0972222 0.0233082
0.0729167 0.0256142
0.0920139 0.0277565
0.125 0.0301122
0.136285 0.0329975
0.119792 0.0353485
0.100694 0.0372924
0.124132 0.0390817
0.131076 0.0411382
0.149306 0.0436685
0.148438 0.0450311
0.137153 0.0471916
0.151042 0.0493312
0.155382 0.0519999
0.109375 0.0544918
0.078125 0.0572023
0.0355903 0.0603855
0.0286458 0.0634404
0.0217014 0.0661218
0.000868056 0.068907
0.0399306 0.0717992
0.0746528 0.0744722
0.0703125 0.0774618
0.0720486 0.0802191
0.0321181 0.0834473
0.0842014 0.0867051
0.0911458 0.0899897
0.0737847 0.0934752
0.0668403 0.096757
0.0911458 0.100021
0.102431 0.103092
0.0963542 0.105683
0.149306 0.108474
0.148438 0.111755
0.128472 0.114802
0.12934 0.117476
0.150174 0.119607
0.175347 0.121689
0.154514 0.123946
0.16059 0.126255
0.15191 0.128837
0.123264 0.131416
0.100694 0.133672
0.105903 0.135938
0.0755208 0.138239
0.0868056 0.140161
0.0737847 0.141692
0.0763889 0.143446
0.113715 0.144583
0.118056 0.146043
0.0885417 0.14764
0.106771 0.149044
0.108507 0.150709
0.0989583 0.152251
0.102431 0.153352
0.124132 0.15468
0.136285 0.155691
0.138889 0.156991
0.15625 0.158106
0.198785 0.159185
0.198785 0.160281
0.203125 0.161292
0.167535 0.162938
0.155382 0.164927
0.130208 0.167535
0.134549 0.17014
0.124132 0.172711
0.0815972 0.174456
0.0746528 0.175669
0.108507 0.176789
0.0329861 0.178267
0.0260417 0.179895
0.0503472 0.181767
0.0390625 0.183946
0.0946181 0.186427
0.0651042 0.189013
0.0694444 0.191358
0.0807292 0.194086
0.0737847 0.197267
0.0807292 0.200379
0.0798611 0.203426
0.0625 0.206983
0.0668403 0.210398
0.0425347 0.213479
0.00520833 0.216775
0.00607639 0.219985
0.000868056 0.223162
0.00954861 0.22637
0.00868056 0.229797
0.000868056 0.233647
0.00954861 0.237659
0.0260417 0.241715
0.0260417 0.245331
0.0338542 0.248653
0.0104167 0.252042
0.00347222 0.255013
0.0130208 0.257965
0.0199653 0.260828
0.0355903 0.263875
0.0173611 0.266768
0.0373264 0.269384
0.0651042 0.271433
0.0954861 0.27352
0.110243 0.275543
0.110243 0.277558
0.0868056 0.279713
0.0651042 0.281962
0.0234375 0.284414
0.046875 0.286369
0.0407986 0.287811
0.0347222 0.289194
0.0381944 0.290999
0.00173611 0.292354
0.0208333 0.293603
0.0164931 0.294016
0.0390625 0.294909
0.0329861 0.295532
0.0112847 0.295878
0 0.29671
0.00607639 0.297793
0.0390625 0.298249
0.0295139 0.298971
0.0112847 0.299914
0.0190972 0.300213
0.0277778 0.300616
0.0512153 0.301539
0.0225694 0.302358
0.0564236 0.304083
0.0494792 0.305664
0.0190972 0.307471
0.046875 0.309019
0.0824653 0.311054
0.0720486 0.312719
0.0355903 0.314767
0 0.316729
0.00347222 0.31855
0.0269097 0.319886
0.0112847 0.321472
0.000868056 0.323371
0.00347222 0.325685
0.0078125 0.32771
0.0130208 0.329093
0.0486111 0.330438
0.0251736 0.331969
0.00173611 0.333367
0.00694444 0.334624
0.0329861 0.335598
0.0225694 0.336056
0.0451389 0.337368
0.0321181 0.338651
0.00694444 0.33999
0.0347222 0.341125
0.0703125 0.342526
0.0824653 0.343889
0.0685764 0.345574
0.0815972 0.346932
0.0677083 0.348481
0.0512153 0.350219
0.0355903 0.352074
0.0442708 0.35425
0.0269097 0.356979
0.0338542 0.359177
0.0659722 0.361071
0.0668403 0.362513
0.0364583 0.363687
0.0876736 0.364677
0.0998264 0.365746
0.107639 0.366276
0.0885417 0.367277
0.078125 0.368167
0.0972222 0.369107
0.0946181 0.369957
0.104167 0.370554
0.0824653 0.370551
0.0711806 0.370227
0.0633681 0.370402
0.0668403 0.37052
0.0546875 0.370848
0.0381944 0.371247
0.0616319 0.371443
0.0642361 0.371981
0.0746528 0.37233
0.078125 0.372056
0.0486111 0.371929
0.0546875 0.371997
0.0633681 0.372297
0.0572917 0.372895
0.0989583 0.373363
0.0607639 0.373763
0.0642361 0.373896
0.0416667 0.374234
0.0434028 0.375154
0.0572917 0.376162
0.0989583 0.377095
0.0772569 0.377779
0.09375 0.378793
0.104167 0.379043
0.118924 0.378913
0.162326 0.379381
0.182292 0.379527
0.172743 0.379207
0.210069 0.379597
0.225694 0.38027
0.212674 0.38062
0.164931 0.380981
0.188368 0.38117
0.201389 0.381655
0.223958 0.381962
0.212674 0.382192
0.21441 0.38272
0.181424 0.383154
0.173611 0.383668
0.157986 0.3842
0.114583 0.384455
0.0842014 0.385177
0.0746528 0.385612
0.0581597 0.38646
0.0581597 0.38695
0.0390625 0.387755
0.046875 0.388711
0.0286458 0.389887
0.0616319 0.390701
0.0885417 0.391444
0.109375 0.391721
0.127604 0.391871
0.125868 0.392361
0.125868 0.393071
0.134549 0.39358
0.171007 0.394387
0.164931 0.395366
0.176215 0.396198
0.21875 0.396845
0.190972 0.397624
0.190972 0.398758
0.176215 0.400222
0.161458 0.401842
0.173611 0.403997
0.176215 0.405551
0.169271 0.406697
0.195312 0.408025
0.209201 0.409445
0.213542 0.410826
0.204861 0.412066
0.21441 0.413189
0.236979 0.414496
0.270833 0.4162
0.265625 0.418104
0.225694 0.42028
0.220486 0.422643
0.217882 0.425257
0.206597 0.428041
0.198785 0.4305
0.204861 0.43286
0.168403 0.435051
0.15625 0.437336
0.127604 0.438604
0.131944 0.440598
0.133681 0.4428
0.131944 0.445379
0.0998264 0.447755
0.101562 0.449883
0.0763889 0.451239
0.078125 0.452938
0.0989583 0.454616
0.0824653 0.455999
0.0685764 0.456802
0.0407986 0.457699
0.0338542 0.459111
0.046875 0.460897
0.0217014 0.462254
0.0190972 0.464056
0.03125 0.465518
0.0303819 0.466713
0.0399306 0.468086
0.0260417 0.470009
0.0260417 0.471413
0.00607639 0.47271
0.0217014 0.473836
0.0164931 0.475136
0.000868056 0.476194
0.0078125 0.476854
0.0269097 0.477123
0.0112847 0.477149
0.0078125 0.476855
0.0199653 0.47605
0.0190972 0.475104
0.0164931 0.473824
0.0286458 0.473104
0.0208333 0.47247
0.0112847 0.47243
0.0138889 0.472585
0.0121528 0.472434
0.00260417 0.471781
0.00607639 0.471613
0 0.47132
0 0.470462
0.00173611 0.469389
0.0164931 0.46869
0.0104167 0.46833
0.00868056 0.467656
0.0295139 0.467527
0.0390625 0.467323
0.00607639 0.467319
0.00260417 0.467321
0.00868056 0.467252
0.0286458 0.467376
0.00694444 0.467048
0.0303819 0.467011
0.0503472 0.466669
0.0477431 0.466817
0.0277778 0.467289
0.0190972 0.467934
0.0138889 0.468077
0.00173611 0.467409
0.0199653 0.466004
0.0416667 0.465054
0.0590278 0.464215
0.0581597 0.462641
0.0659722 0.461474
0.0720486 0.459635
0.0182292 0.457419
0.0321181 0.455462
0.0147569 0.453178
0.0286458 0.450944
0.0798611 0.448759
0.0520833 0.446808
0.0885417 0.445694
0.113715 0.444708
0.0824653 0.44367
0.0972222 0.442764
0.105035 0.441264
0.12066 0.439287
0.137153 0.437119
0.148438 0.435076
0.144097 0.432359
0.164062 0.429369
0.166667 0.426092
0.176215 0.422338
0.177083 0.41879
0.203125 0.414446
0.217014 0.410209
0.195312 0.406675
0.197917 0.402948
0.208333 0.399032
0.169271 0.394591
0.184896 0.389999
0.202257 0.385844
0.229167 0.38201
0.248264 0.378054
0.231771 0.373464
0.230903 0.368397
0.235243 0.363625
0.243056 0.359211
0.220486 0.355282
0.201389 0.351056
0.220486 0.346421
0.208333 0.341849
0.188368 0.337748
0.229167 0.33369
0.269097 0.329392
0.242188 0.324758
0.222222 0.320673
0.239583 0.316367
0.243924 0.312061
0.236979 0.307726
0.258681 0.303797
0.282118 0.3002
0.271701 0.296652
0.291667 0.293312
0.263889 0.289818
0.278646 0.286295
0.251736 0.282583
0.236111 0.27836
0.251736 0.27414
0.25 0.269737
0.250868 0.26531
0.24566 0.260667
0.220486 0.255879
0.241319 0.251596
0.247396 0.246702
0.22309 0.241434
0.230035 0.236362
0.263021 0.230931
0.280382 0.225652
0.289931 0.220533
0.286458 0.214781
0.332465 0.209149
0.299479 0.203674
0.267361 0.198328
0.263021 0.193392
0.274306 0.188284
0.261285 0.18343
0.240451 0.17848
0.217882 0.173708
0.207465 0.168904
0.207465 0.164676
0.220486 0.161186
0.196181 0.156802
0.204861 0.152281
0.239583 0.147567
0.229167 0.143188
0.21875 0.138886
0.192708 0.134543
0.221354 0.129828
0.224826 0.12559
0.235243 0.12149
0.231771 0.11791
0.217882 0.114546
0.222222 0.110302
0.239583 0.105972
0.259549 0.102361
0.243924 0.0984077
0.212674 0.0947084
0.179688 0.0908246
0.203125 0.0865217
0.198785 0.0825581
0.182292 0.0789405
0.182292 0.0758453
0.201389 0.0726322
0.182292 0.0695968
0.151042 0.0665065
0.162326 0.0631914
0.139757 0.0605228
0.135417 0.0580078
0.110243 0.0553289
0.117188 0.0523374
0.110243 0.0496294
0.0885417 0.0472959
0.0998264 0.0451572
0.0868056 0.0428832
0.0876736 0.0404752
0.0815972 0.0387931
0.0607639 0.0372277
0.03125 0.0360421
0.0078125 0.034015
0.00347222 0.0319115
0.0286458 0.0301172
0.0277778 0.0290579
0.0503472 0.0276697
0.0868056 0.0261206
0.0642361 0.024376
0.0564236 0.0222917
0.0355903 0.0200888
0.015625 0.0182817
0.0538194 0.0165058
0.0633681 0.0144544
0.0173611 0.0119292
0.00434028 0.0100191
0.0234375 0.00824788
0.0121528 0.00648181
0.0112847 0.00443207
0.0303819 0.00276335
0.0590278 0.000752085
0.105035 -0.000723632
0.12934 -0.00241753
0.113715 -0.00391315
0.119792 -0.00477096
0.0980903 -0.00552929
0.0885417 -0.00561182
0.104167 -0.0055054
0.0789931 -0.00535985
0.0807292 -0.00575483
0.0546875 -0.00619157
0.0824653 -0.00678184
0.104167 -0.00683143
0.0842014 -0.00692121
0.0798611 -0.00682059
0.0329861 -0.00710393
0.0928819 -0.0073808
0.0963542 -0.00694924
0.0946181 -0.00601761
0.0737847 -0.00513687
0.0546875 -0.00403758
0.0998264 -0.00347867
0.0538194 -0.0034878
0.0746528 -0.00289868
0.0894097 -0.00314575
0.0868056 -0.00328476
0.135417 -0.00353859
0.12066 -0.00386527
0.0885417 -0.00417385
0.0729167 -0.00440103
0.0503472 -0.00441959
0.0494792 -0.00419133
0.0625 -0.00402085
0.046875 -0.00442688
0.0625 -0.00543693
0.0668403 -0.00666791
0.0902778 -0.00804217
0.123264 -0.00941497
0.0911458 -0.0109285
0.0659722 -0.0126279
0.0876736 -0.0147814
0.0902778 -0.016837
0.130208 -0.0186378
0.12066 -0.020554
0.114583 -0.0219889
0.144965 -0.0238832
0.0798611 -0.0262689
0.100694 -0.0281362
0.078125 -0.0295743
0.0954861 -0.0307611
0.0373264 -0.0322222
0.0625 -0.0332088
0.0920139 -0.0340223
0.104167 -0.034825
0.115451 -0.0355534
0.144965 -0.0358701
0.137153 -0.0364415
0.12934 -0.0373635
0.139757 -0.0387306
0.139757 -0.0402873
0.138889 -0.0418457
0.148438 -0.0428446
0.190972 -0.0441804
0.188368 -0.0459213
0.180556 -0.0480434
0.202257 -0.0498746
0.210069 -0.0516625
0.19184 -0.0535154
0.198785 -0.0559544
0.203125 -0.0587009
0.195312 -0.0618168
0.192708 -0.0647272
0.181424 -0.0668681
0.178819 -0.0694019
0.188368 -0.07184
0.210069 -0.0740518
0.197917 -0.0760808
0.196181 -0.0781229
0.185764 -0.0800871
0.194444 -0.0825501
0.213542 -0.0853097
0.201389 -0.0877806
0.229167 -0.0900826
0.21441 -0.0926318
0.192708 -0.0958819
0.1875 -0.0991424
0.18316 -0.102236
0.189236 -0.104802
0.217014 -0.10668
0.212674 -0.108574
0.221354 -0.111025
0.226562 -0.113783
0.288194 -0.116098
0.292535 -0.118385
0.282118 -0.120253
0.315104 -0.122625
0.345486 -0.125805
0.342882 -0.128981
0.326389 -0.131232
0.299479 -0.133386
0.290799 -0.135674
0.24566 -0.137506
0.278646 -0.139412
0.267361 -0.141176
0.251736 -0.142466
0.261285 -0.144124
0.249132 -0.146098
0.247396 -0.148182
0.25 -0.149997
0.25434 -0.151714
0.244792 -0.153334
0.256944 -0.154748
0.282986 -0.156462
0.288194 -0.157936
0.287326 -0.159203
0.27691 -0.160343
0.309896 -0.160985
0.315104 -0.161901
0.341146 -0.16274
0.355903 -0.163513
0.368924 -0.164338
0.336806 -0.164859
0.345486 -0.165624
0.321181 -0.166415
0.293403 -0.166712
0.260417 -0.167123
0.259549 -0.167827
0.234375 -0.168478
0.219618 -0.168876
0.198785 -0.169445
0.225694 -0.169336
0.232639 -0.16919
0.229167 -0.169349
0.223958 -0.169004
0.225694 -0.16835
0.198785 -0.167477
0.151042 -0.166505
0.134549 -0.165611
0.157118 -0.164685
0.171875 -0.164233
0.139757 -0.163506
0.114583 -0.162456
0.105903 -0.160843
0.0902778 -0.159341
0.105035 -0.157863
0.111979 -0.156671
0.0677083 -0.155326
0.0494792 -0.152942
0.0520833 -0.150286
0.0633681 -0.147695
0.0477431 -0.144777
0.03125 -0.141967
0.0225694 -0.138842
0.046875 -0.135377
0.0659722 -0.132248
0.0998264 -0.129131
0.0703125 -0.126257
0.046875 -0.123366
0.0347222 -0.12033
0.0434028 -0.116627
0.0295139 -0.112324
0.0546875 -0.107798
0.0642361 -0.103362
0.0190972 -0.0990602
0.0616319 -0.0945187
0.0625 -0.0908027
0.0598958 -0.0869381
0.0164931 -0.0828662
0.0355903 -0.0793561
0.0434028 -0.0765196
0.0520833 -0.0742661
0.0729167 -0.0718469
0.0677083 -0.0688524
0.117188 -0.066573
0.117188 -0.0639974
0.138021 -0.0619774
0.132812 -0.0600608
0.0972222 -0.0578672
0.0815972 -0.0554078
0.0746528 -0.0531155
0.078125 -0.0514584
0.0642361 -0.0501079
0.0486111 -0.0484678
0.0460069 -0.0470979
0.0625 -0.0459867
0.0607639 -0.0451037
0.0555556 -0.0441503
0.0451389 -0.0432238
0.0225694 -0.0427107
0.015625 -0.0422788
0.0251736 -0.0412387
0.0329861 -0.0408206
0.0277778 -0.0401937
0.0112847 -0.0392662
0.0295139 -0.0381231
0.0295139 -0.0362442
0.0616319 -0.0346505
0.0625 -0.0330494
0.0711806 -0.031862
0.0529514 -0.0310724
0.0529514 -0.0302969
0.0486111 -0.0291347
0.0520833 -0.0277643
0.0564236 -0.0266638
0.0850694 -0.02425
0.0529514 -0.0219841
0.0399306 -0.0198477
0.0477431 -0.0182551
0.0269097 -0.0163995
0.015625 -0.0141883
0.0225694 -0.0123172
0.0355903 -0.0105532
0.0564236 -0.00835486
0.0364583 -0.00601924
0.0416667 -0.0041656
0.0381944 -0.00185828
0.0130208 8.64178e-05
0.00260417 0.00254175
0.00434028 0.00472268
0.0173611 0.0073475
0.0269097 0.0104901
0.00173611 0.0130733
0.0260417 0.0162352
0.03125 0.0190529
0.00260417 0.0220265
0.0138889 0.0255262
0.0416667 0.0294302
0.0407986 0.0336489
0.0772569 0.0376836
0.0390625 0.0412365
0.0494792 0.0454759
0.0269097 0.0488175
0.0616319 0.051885
0.0972222 0.0549634
0.114583 0.0578755
0.133681 0.0597252
0.179688 0.0615904
0.171875 0.0636141
0.157118 0.0655666
0.16059 0.0669621
0.152778 0.0686228
0.110243 0.070294
0.178819 0.0726968
0.157986 0.0751136
0.15191 0.0778321
0.138021 0.08034
0.138021 0.0839318
0.157986 0.087488
0.136285 0.0907576
0.127604 0.0934957
0.102431 0.0963458
0.133681 0.0995189
0.138021 0.102199
0.157118 0.10505
0.133681 0.108218
0.134549 0.11088
0.117188 0.113827
0.128472 0.116901
0.168403 0.119832
0.180556 0.12279
0.202257 0.125338
0.210938 0.127295
0.197917 0.128511
0.195312 0.130051
0.220486 0.131667
0.230903 0.133321
0.200521 0.13501
0.193576 0.137308
0.230903 0.138848
0.235243 0.140219
0.256944 0.141837
0.230035 0.143792
0.246528 0.146376
0.247396 0.148096
0.22309 0.149865
0.219618 0.151799
0.236111 0.153246
0.21875 0.154644
0.231771 0.156423
0.220486 0.157827
0.188368 0.159127
0.200521 0.160133
0.196181 0.161104
0.216146 0.161549
0.203993 0.162671
0.213542 0.164228
0.175347 0.165564
0.152778 0.167102
0.168403 0.169005
0.159722 0.171361
0.190972 0.173757
0.182292 0.175792
0.168403 0.178677
0.184028 0.181436
0.177083 0.183087
0.217014 0.184464
0.18316 0.18617
0.19184 0.187342
0.193576 0.188429
0.199653 0.189728
0.171875 0.190497
0.195312 0.191972
0.176215 0.193088
0.157986 0.194156
0.168403 0.195444
0.150174 0.19642
0.161458 0.197181
0.188368 0.197357
0.152778 0.197725
0.131076 0.198282
0.133681 0.198592
0.104167 0.199289
0.127604 0.199877
0.130208 0.200292
0.198785 0.200758
0.197049 0.200879
0.184028 0.201235
0.146701 0.201317
0.135417 0.201334
0.150174 0.2009
0.127604 0.200045
0.106771 0.198959
0.178819 0.198092
0.189236 0.196799
0.210938 0.1959
0.197917 0.195077
0.179688 0.194018
0.197049 0.193299
0.184028 0.192655
0.171875 0.192008
0.181424 0.191655
0.198785 0.191531
0.216146 0.191526
0.193576 0.191013
0.173611 0.191071
0.179688 0.191661
0.164931 0.192535
0.164931 0.193827
0.157986 0.195102
0.151042 0.19637
0.16059 0.19662
0.139757 0.196967
0.116319 0.197698
0.124132 0.199351
0.113715 0.200864
0.124132 0.202855
0.110243 0.204932
0.149306 0.206501
0.125 0.208542
0.175347 0.210827
0.182292 0.213103
0.152778 0.215255
0.169271 0.216787
0.161458 0.218162
0.143229 0.219469
0.144965 0.220324
0.157118 0.221687
0.158854 0.222585
0.169271 0.223182
0.165799 0.223583
0.144097 0.223753
0.142361 0.223958
0.132812 0.22344
0.124132 0.222172
0.112847 0.220198
0.112847 0.218383
0.108507 0.21629
0.0789931 0.214312
0.103299 0.211991
0.106771 0.209142
0.0737847 0.206697
0.0434028 0.20479
0.0772569 0.202548
0.0711806 0.199844
0.0668403 0.197382
0.0651042 0.194418
0.0277778 0.191876
0.0104167 0.189722
0.0104167 0.187348
0.0112847 0.185121
0.0138889 0.183146
0.0199653 0.181434
0.00607639 0.179743
0.0147569 0.178098
0.0190972 0.176709
0.00607639 0.175318
0.0138889 0.174306
0.0173611 0.173087
0.0112847 0.171775
0.0121528 0.169889
0 0.167734
0.0364583 0.165363
0.0121528 0.162806
0.0451389 0.16042
0.0503472 0.157872
0.0538194 0.155248
0.00173611 0.15172
0.00868056 0.148935
0.00868056 0.145757
0.00173611 0.142671
0.00347222 0.140007
0.0164931 0.137025
0.015625 0.133996
0.0104167 0.131488
0.0190972 0.128409
0 0.125773
0.0347222 0.123188
0.0972222 0.119817
0.0807292 0.115877
0.078125 0.111643
0.0512153 0.107508
0.0789931 0.103063
0.0746528 0.0984976
0.0772569 0.0938951
0.0746528 0.0896815
0.0763889 0.085836
0.0659722 0.0811778
0.0737847 0.0765173
0.0486111 0.0720124
0.0477431 0.0679237
0.0121528 0.0637471
0.0347222 0.0602119
0.0486111 0.0562458
0.0347222 0.0523243
0.0269097 0.0493564
0.0390625 0.0458686
0.0164931 0.0427601
0.00173611 0.0398385
0.0303819 0.0367125
0.0260417 0.0335303
0.0329861 0.0302157
0.0564236 0.027269
0.0407986 0.0242639
0.0460069 0.0217209
0.0711806 0.0189292
0.09375 0.016361
0.0980903 0.0134037
0.0954861 0.0109286
0.108507 0.00896135
0.0850694 0.00696586
0.09375 0.00433189
0.0677083 0.00194953
0.0555556 -0.000215416
0.0625 -0.00275277
0.0555556 -0.00579205
0.0668403 -0.00926172
0.0850694 -0.0126766
0.0868056 -0.0162235
0.0442708 -0.0195809
0.0486111 -0.0233069
0.0147569 -0.02732
0.00347222 -0.0314201
0.0486111 -0.035833
0.0269097 -0.0402067
0.0112847 -0.0445495
0.0112847 -0.0488274
0.00173611 -0.0530044
0.0277778 -0.057254
0.0078125 -0.0607426
0.0381944 -0.0636616
0.0303819 -0.066962
0.0277778 -0.0702521
0.03125 -0.0733539
0.0303819 -0.0760406
0.0182292 -0.0795668
0.0173611 -0.0829608
0.00260417 -0.086154
0.00434028 -0.0896634
0.0251736 -0.0926123
0.0581597 -0.095135
0.0668403 -0.0982841
0.105035 -0.101321
0.104167 -0.104364
0.104167 -0.107283
0.109375 -0.110499
0.12066 -0.114339
0.106771 -0.118355
0.141493 -0.122429
0.159722 -0.126478
0.16059 -0.130051
0.164062 -0.132967
0.113715 -0.1355
0.104167 -0.137759
0.118056 -0.140066
0.111979 -0.1416
0.0954861 -0.143713
0.0972222 -0.145777
0.0902778 -0.148372
0.09375 -0.151383
0.0885417 -0.154025
0.0954861 -0.156577
0.103299 -0.15877
0.09375 -0.161484
0.119792 -0.164032
0.121528 -0.166238
0.109375 -0.168543
0.138021 -0.170974
0.139757 -0.17337
0.133681 -0.175829
0.132812 -0.177869
0.121528 -0.179694
0.118924 -0.181497
0.0954861 -0.182843
0.102431 -0.184487
0.111979 -0.186134
0.09375 -0.18753
0.0651042 -0.188797
0.0868056 -0.190079
0.0998264 -0.191683
0.0824653 -0.193301
0.0694444 -0.194834
0.0894097 -0.195708
0.0729167 -0.196921
0.0980903 -0.197995
0.0980903 -0.198601
0.0598958 -0.199603
0.0520833 -0.200049
0.0217014 -0.200486
0.0164931 -0.201243
0.015625 -0.201875
0.00520833 -0.202501
0.00434028 -0.203856
0.0104167 -0.204757
0.0321181 -0.20648
0.0798611 -0.208462
0.0972222 -0.210564
0.0928819 -0.212192
0.12934 -0.213368
0.12934 -0.214741
0.117188 -0.21557
0.117188 -0.215807
0.136285 -0.215822
0.133681 -0.215733
0.137153 -0.215387
0.136285 -0.215243
0.136285 -0.215369
0.139757 -0.216436
0.131944 -0.21745
0.136285 -0.218253
0.111979 -0.219762
0.0833333 -0.221067
0.0850694 -0.222303
0.09375 -0.222702
0.104167 -0.222669
0.0833333 -0.222774
0.114583 -0.223345
0.154514 -0.224075
0.135417 -0.225573
0.121528 -0.226517
0.111111 -0.227403
0.103299 -0.227815
0.0998264 -0.228654
0.139757 -0.230038
0.131944 -0.231616
0.112847 -0.232302
0.0989583 -0.23232
0.117188 -0.232384
0.124132 -0.232456
0.130208 -0.23208
0.161458 -0.231951
0.142361 -0.231858
0.138021 -0.232457
0.123264 -0.233999
0.142361 -0.234983
0.192708 -0.235786
0.190104 -0.23671
0.168403 -0.23729
0.15191 -0.237379
0.132812 -0.236604
0.148438 -0.235998
0.155382 -0.235429
0.159722 -0.234859
0.173611 -0.234049
0.152778 -0.23367
0.152778 -0.233424
0.163194 -0.232866
0.185764 -0.232202
0.179688 -0.232257
0.135417 -0.231842
0.135417 -0.231062
0.138021 -0.230457
0.151042 -0.229866
0.163194 -0.229746
0.181424 -0.229801
0.177083 -0.230068
0.226562 -0.230528
0.219618 -0.230852
0.247396 -0.231603
0.288194 -0.232876
0.299479 -0.233933
0.321181 -0.234883
0.334201 -0.236259
0.338542 -0.237365
0.335938 -0.238214
0.336806 -0.239038
0.350694 -0.239727
0.362847 -0.240411
0.363715 -0.240434
0.366319 -0.240404
0.357639 -0.24101
0.360243 -0.241481
0.360243 -0.24192
0.367188 -0.24287
0.369792 -0.245068
0.364583 -0.24694
0.372396 -0.249049
0.352431 -0.251092
0.342882 -0.253209
0.366319 -0.254732
0.397569 -0.256487
0.407118 -0.25797
0.409722 -0.260298
0.368924 -0.262105
0.37066 -0.263865
0.33941 -0.266096
0.355035 -0.268672
0.340278 -0.270638
0.335069 -0.271918
0.346354 -0.273276
0.355903 -0.274979
0.368056 -0.276317
0.375 -0.27783
0.365451 -0.27922
0.357639 -0.279705
0.375 -0.279982
0.348958 -0.280355
0.34809 -0.28102
0.34809 -0.282073
0.350694 -0.283228
0.338542 -0.283833
0.338542 -0.284073
0.326389 -0.285235
0.348958 -0.286275
0.33941 -0.286512
0.354167 -0.286736
0.346354 -0.287852
0.357639 -0.288072
0.377604 -0.287863
0.371528 -0.288234
0.358507 -0.288829
0.358507 -0.289458
0.357639 -0.289722
0.37066 -0.290092
0.372396 -0.290816
0.355903 -0.291331
0.361111 -0.292223
0.345486 -0.293418
0.358507 -0.295276
0.376736 -0.297036
0.361111 -0.298697
0.369792 -0.300256
0.325521 -0.302439
0.328125 -0.304203
0.328125 -0.304916
0.315972 -0.305382
0.304688 -0.306266
0.260417 -0.306894
0.302951 -0.306972
0.282118 -0.307888
0.238715 -0.308793
0.227431 -0.309463
0.24566 -0.309759
0.229167 -0.309831
0.208333 -0.309903
0.196181 -0.310352
0.213542 -0.310551
0.233507 -0.310849
0.251736 -0.311381
0.219618 -0.312251
0.211806 -0.312961
0.184896 -0.313249
0.177083 -0.313502
0.149306 -0.315384
0.171007 -0.316856
0.174479 -0.319204
0.189236 -0.321379
0.19184 -0.323068
0.197917 -0.324339
0.224826 -0.325936
0.232639 -0.328336
0.253472 -0.330113
0.249132 -0.331475
0.24566 -0.332493
0.282118 -0.333383
0.287326 -0.334892
0.25434 -0.336394
0.27691 -0.33683
0.243924 -0.33719
0.258681 -0.337956
0.228299 -0.338936
0.274306 -0.339832
0.282118 -0.341555
0.270833 -0.342625
0.252604 -0.344307
0.272569 -0.346138
0.322917 -0.348747
0.331597 -0.351509
0.319444 -0.354179
0.314236 -0.356935
0.278646 -0.359708
0.306424 -0.36223
0.306424 -0.364757
0.345486 -0.36747
0.332465 -0.370459
0.332465 -0.374024
0.315104 -0.377179
0.336806 -0.379592
0.287326 -0.382756
0.282986 -0.385658
0.27691 -0.388534
0.289931 -0.391326
0.278646 -0.394248
0.270833 -0.39723
0.271701 -0.399766
0.257812 -0.402914
0.239583 -0.405951
0.204861 -0.409356
0.215278 -0.413644
0.209201 -0.417104
0.166667 -0.421394
0.173611 -0.425497
0.173611 -0.430097
0.148438 -0.435316
0.157986 -0.440224
0.118056 -0.444931
0.09375 -0.448576
0.0824653 -0.452016
0.0720486 -0.454389
0.0520833 -0.456379
0.0234375 -0.459418
0.0286458 -0.461905
0.015625 -0.464301
0.00173611 -0.466344
0.0347222 -0.468851
0.00520833 -0.472315
0.0190972 -0.47524
0.0190972 -0.477611
0.00868056 -0.479551
0.0243056 -0.48138
0.0373264 -0.483536
0.0407986 -0.485143
0.0538194 -0.48728
0.0399306 -0.489758
0.0303819 -0.491432
0.0451389 -0.493452
0.0477431 -0.495748
0.0303819 -0.497986
0.00434028 -0.501112
0.0138889 -0.50395
0.0572917 -0.506107
0.0642361 -0.507734
0.0512153 -0.50946
0.0243056 -0.510741
0.0460069 -0.51195
0.0503472 -0.513641
0.0616319 -0.515616
0.0928819 -0.517586
0.0928819 -0.52037
0.0954861 -0.522731
0.0920139 -0.525256
0.0954861 -0.528236
0.0746528 -0.531407
0.0538194 -0.534118
0.0347222 -0.53616
0.0407986 -0.537963
0.0538194 -0.539682
0.0538194 -0.540474
0.00434028 -0.540835
0.0399306 -0.540727
0.0243056 -0.53966
0.000868056 -0.538661
0.00694444 -0.537266
0 -0.536266
0.0251736 -0.535584
0.0677083 -0.53514
0.0842014 -0.535239
0.133681 -0.534589
0.148438 -0.534828
0.177083 -0.535726
0.154514 -0.536406
0.180556 -0.537209
0.194444 -0.538217
0.210938 -0.539221
0.222222 -0.539825
0.241319 -0.541143
0.247396 -0.542787
0.234375 -0.545905
0.230903 -0.549067
0.222222 -0.552214
0.192708 -0.555213
0.141493 -0.55758
0.121528 -0.559383
0.0720486 -0.561243
0.0381944 -0.561583
0.0138889 -0.560483
0.0269097 -0.559497
0.00260417 -0.55795
0.0121528 -0.556234
0.0460069 -0.555223
0.0416667 -0.553754
0.0694444 -0.551819
0.0512153 -0.550779
0.0564236 -0.549608
0.0503472 -0.54853
0.0217014 -0.548053
0.0190972 -0.547351
0.00868056 -0.546114
0.0329861 -0.544586
0.0572917 -0.543253
0.0546875 -0.542361
0.0138889 -0.541788
0.0130208 -0.541612
0.00434028 -0.54064
0.0425347 -0.539239
0.0243056 -0.538665
0.0208333 -0.538172
0.0260417 -0.538188
0.0329861 -0.538409
0.0147569 -0.538967
0.0390625 -0.538756
0.00954861 -0.53925
0.00868056 -0.539041
0.00520833 -0.538424
0.0182292 -0.53743
0.0173611 -0.535733
0.0225694 -0.534334
0.0164931 -0.533086
0.0190972 -0.532137
0.0251736 -0.531597
0.0295139 -0.5316
0.00954861 -0.531417
0.0329861 -0.530374
0.0486111 -0.529775
0.0347222 -0.528435
0.0529514 -0.527176
0.0633681 -0.525099
0.0494792 -0.52378
0.0321181 -0.522483
0.0503472 -0.521145
0.0486111 -0.519461
0.0486111 -0.517541
0.0390625 -0.51604
0.0564236 -0.515201
0.0815972 -0.513889
0.0711806 -0.512756
0.0460069 -0.512112
0.0303819 -0.51092
0.00520833 -0.507942
0.0199653 -0.505575
0.000868056 -0.504645
0.0503472 -0.503164
0.00347222 -0.502423
0.00347222 -0.50181
0.0234375 -0.500754
0.0260417 -0.500323
0.0234375 -0.499465
0.0564236 -0.499248
0.0355903 -0.49864
0.00434028 -0.498547
0.0286458 -0.499012
0.0303819 -0.499577
0 -0.49964
0.015625 -0.4996
0.00694444 -0.500433
0.0243056 -0.501819
0.03125 -0.502733
0.0138889 -0.503858
0.00434028 -0.505275
0.0260417 -0.506409
0.0668403 -0.508197
0.0711806 -0.509959
0.0824653 -0.511595
0.0434028 -0.512602
0.0164931 -0.512916
0.0425347 -0.514125
0.0529514 -0.515066
0.0694444 -0.516537
0.0711806 -0.517922
0.0607639 -0.51917
0.0225694 -0.521261
0.00173611 -0.523108
0.0520833 -0.524436
0.0078125 -0.525376
0.0078125 -0.526595
0.0407986 -0.526658
0.0269097 -0.527027
0.000868056 -0.527637
0.0260417 -0.527848
0.00520833 -0.527788
0.0173611 -0.527998
0.0173611 -0.528833
0.0225694 -0.528587
0.00520833 -0.528389
0.0138889 -0.528479
0.0121528 -0.528075
0.0164931 -0.528094
0.0295139 -0.528401
0.0425347 -0.528415
0.0407986 -0.528427
0.0555556 -0.527445
0.0460069 -0.527079
0.0381944 -0.52688
0.0390625 -0.526399
0.015625 -0.525712
0.0243056 -0.524556
0.0217014 -0.523389
0.000868056 -0.52277
0.0225694 -0.522576
0.0390625 -0.521662
0.00173611 -0.520913
0.0138889 -0.519685
0.0243056 -0.5187
0.0668403 -0.517517
0.0876736 -0.516628
0.0798611 -0.516587
0.0668403 -0.516232
0.0711806 -0.51648
0.0772569 -0.517121
0.0894097 -0.517361
0.0668403 -0.517885
0.101562 -0.51771
0.102431 -0.518686
0.115451 -0.518448
0.0954861 -0.518506
0.105903 -0.518228
0.101562 -0.517812
0.0746528 -0.517004
0.0598958 -0.517004
0.0963542 -0.516322
0.0885417 -0.515693
0.0633681 -0.514403
0.0607639 -0.512753
0.0763889 -0.511019
0.0703125 -0.509358
0.0746528 -0.507559
0.0590278 -0.505134
0.0460069 -0.502633
0.0451389 -0.499809
0.0286458 -0.496604
0.015625 -0.493024
0.0364583 -0.489701
0.0364583 -0.486891
0.00954861 -0.483097
0.0190972 -0.479354
0.0295139 -0.476263
0.0451389 -0.4723
0.0347222 -0.46877
0.0138889 -0.465687
0.0347222 -0.462482
0.0364583 -0.459694
0.0347222 -0.4565
0.0121528 -0.453375
0.00520833 -0.45008
0.0182292 -0.44659
0.00520833 -0.443371
0.0355903 -0.440511
0.0503472 -0.437261
0.0677083 -0.434621
0.0789931 -0.431255
0.104167 -0.427629
0.107639 -0.423723
0.0842014 -0.419104
0.0972222 -0.415305
0.0772569 -0.411975
0.0685764 -0.408449
0.0763889 -0.404438
0.0885417 -0.400266
0.123264 -0.397094
0.115451 -0.393776
0.0850694 -0.390748
0.102431 -0.387719
0.134549 -0.385162
0.15625 -0.382598
0.125868 -0.380233
0.122396 -0.378051
0.104167 -0.375712
0.125 -0.372589
0.114583 -0.369505
0.12934 -0.365717
0.177083 -0.361606
0.178819 -0.35795
0.175347 -0.354546
0.209201 -0.351045
0.220486 -0.347105
0.1875 -0.343848
0.215278 -0.341221
0.179688 -0.33852
0.158854 -0.336037
0.166667 -0.333053
0.154514 -0.329809
0.181424 -0.325898
0.19184 -0.322527
0.173611 -0.319251
0.164062 -0.316202
0.174479 -0.313191
0.166667 -0.310167
0.178819 -0.307044
0.173611 -0.304188
0.195312 -0.301066
0.197049 -0.298117
0.216146 -0.294907
0.176215 -0.292209
0.200521 -0.289116
0.192708 -0.286329
0.199653 -0.28436
0.182292 -0.281978
0.184896 -0.279773
0.198785 -0.277985
0.182292 -0.275536
0.207465 -0.272631
0.203125 -0.269327
0.228299 -0.266044
0.21875 -0.263984
0.216146 -0.262293
0.223958 -0.260289
0.226562 -0.258923
0.259549 -0.258115
0.256944 -0.25741
0.261285 -0.256897
0.287326 -0.254759
0.287326 -0.251909
0.306424 -0.248335
0.28559 -0.244084
0.290799 -0.240466
0.28559 -0.236752
0.292535 -0.234007
0.311632 -0.231196
0.295139 -0.229584
0.295139 -0.228105
0.28559 -0.226781
0.311632 -0.225368
0.328125 -0.224142
0.345486 -0.223144
0.331597 -0.221893
0.333333 -0.219962
0.327257 -0.217357
0.355903 -0.215445
0.322049 -0.213691
0.335938 -0.212611
0.315104 -0.212089
0.319444 -0.211476
0.301215 -0.211576
0.271701 -0.211693
0.289931 -0.211413
0.292535 -0.21113
0.276042 -0.209754
0.287326 -0.208572
0.294271 -0.20728
0.327257 -0.205732
0.326389 -0.204739
0.375 -0.203503
0.429688 -0.202067
0.401042 -0.200564
0.399306 -0.199384
0.393229 -0.197881
0.348958 -0.196137
0.321181 -0.194426
0.311632 -0.192404
0.303819 -0.189924
0.295139 -0.187259
0.330729 -0.184865
0.342014 -0.183488
0.335938 -0.182532
0.377604 -0.181455
0.355903 -0.180418
0.358507 -0.179086
0.363715 -0.177771
0.352431 -0.177093
0.338542 -0.176408
0.335938 -0.175645
0.294271 -0.175173
0.321181 -0.174933
0.341146 -0.174025
0.356771 -0.173727
0.362847 -0.173771
0.345486 -0.174427
0.373264 -0.173365
0.359375 -0.172254
0.34375 -0.171176
0.327257 -0.170118
0.363715 -0.169033
0.366319 -0.167589
0.354167 -0.166537
0.366319 -0.16547
0.368056 -0.164919
0.354167 -0.164786
0.334201 -0.164109
0.328993 -0.162912
0.333333 -0.161344
0.309028 -0.160978
0.319444 -0.160634
0.342882 -0.161421
0.362847 -0.16244
0.361979 -0.163216
0.375 -0.163922
0.355903 -0.16423
0.313368 -0.164204
0.315104 -0.163943
0.336806 -0.164827
0.337674 -0.166536
0.361979 -0.168788
0.311632 -0.171028
0.334201 -0.172788
0.335069 -0.174507
0.331597 -0.176497
0.355903 -0.178383
0.369792 -0.180315
0.387153 -0.181508
0.388021 -0.182226
0.403646 -0.183602
0.380208 -0.185
0.346354 -0.18564
0.367188 -0.186571
0.359375 -0.187125
0.380208 -0.188313
0.354167 -0.190271
0.348958 -0.192215
0.388889 -0.194074
0.392361 -0.194935
0.358507 -0.19622
0.358507 -0.196554
0.349826 -0.196223
0.351562 -0.195099
0.30816 -0.194939
0.325521 -0.194388
0.322917 -0.19414
0.317708 -0.193801
0.33941 -0.194241
0.354167 -0.194158
0.335069 -0.194232
0.323785 -0.193874
0.322049 -0.19328
0.310764 -0.192463
0.310764 -0.190989
0.275174 -0.189344
0.259549 -0.188264
0.208333 -0.187342
0.226562 -0.185821
0.25434 -0.183871
0.257812 -0.182467
0.249132 -0.180891
0.231771 -0.178533
0.249132 -0.176506
0.24566 -0.17441
0.227431 -0.17218
0.230903 -0.169963
0.25434 -0.167562
0.234375 -0.16584
0.217882 -0.164209
0.200521 -0.161958
0.228299 -0.160019
0.243056 -0.15774
0.248264 -0.155524
0.251736 -0.153463
0.236979 -0.150066
0.243924 -0.146985
0.230903 -0.143438
0.207465 -0.141047
0.197917 -0.138769
0.171875 -0.13747
0.158854 -0.136124
0.142361 -0.133849
0.134549 -0.131662
0.110243 -0.129938
0.102431 -0.128652
0.0815972 -0.127912
0.0685764 -0.127957
0.0538194 -0.128406
0.0486111 -0.128943
0.0286458 -0.130309
0.0173611 -0.130931
0.0364583 -0.130393
0.00434028 -0.129789
0.00347222 -0.129709
0.0112847 -0.12998
0.00694444 -0.129772
0.00694444 -0.129019
0.0199653 -0.128911
0 -0.128118
0.0182292 -0.126988
0.00607639 -0.125724
0.0121528 -0.124053
0.0138889 -0.121777
0.0208333 -0.119157
0.0338542 -0.117138
0.0321181 -0.115148
0.0104167 -0.113238
0.00173611 -0.111255
0.0164931 -0.109386
0.0217014 -0.109132
0.0251736 -0.108825
0.0355903 -0.107567
0.0217014 -0.105723
0.0208333 -0.104082
0.0147569 -0.101038
0.015625 -0.0980921
0.0217014 -0.0966277
0.00260417 -0.0953166
0.0225694 -0.0941853
0.0477431 -0.0931435
0.0677083 -0.0923765
0.0746528 -0.091913
0.0729167 -0.0910697
0.0755208 -0.0910088
0.0772569 -0.0905603
0.104167 -0.0897207
0.110243 -0.0883862
0.103299 -0.0871704
0.124132 -0.0841578
0.152778 -0.0816372
0.127604 -0.0805644
0.149306 -0.0789019
0.143229 -0.0772603
0.145833 -0.0753353
0.157118 -0.0736148
0.134549 -0.0722586
0.155382 -0.0710882
0.159722 -0.0698362
0.140625 -0.0682339
0.111979 -0.0656203
0.154514 -0.0633229
0.159722 -0.060495
0.147569 -0.0588142
0.152778 -0.0573492
0.169271 -0.0546958
0.171875 -0.0514945
0.155382 -0.0477905
0.125 -0.0446189
0.12066 -0.0413054
0.15191 -0.0376269
0.149306 -0.0353657
0.153646 -0.0335312
0.134549 -0.0316517
0.133681 -0.0299851
0.139757 -0.0288148
0.163194 -0.0275899
0.170139 -0.025717
0.168403 -0.0234359
0.154514 -0.0213023
0.158854 -0.0191399
0.167535 -0.0168747
0.186632 -0.0159539
0.186632 -0.0156027
0.197917 -0.0152369
0.164931 -0.0153894
0.185764 -0.0162383
0.171007 -0.0168678
0.15191 -0.0177081
0.182292 -0.0176838
0.210069 -0.017055
0.192708 -0.0161266
0.222222 -0.0154178
0.204861 -0.0150451
0.197917 -0.0142546
0.216146 -0.0135012
0.198785 -0.0125587
0.192708 -0.0119778
0.182292 -0.011373
0.145833 -0.0104675
0.157118 -0.00932543
0.116319 -0.00925804
0.138021 -0.00888745
0.135417 -0.00923559
0.137153 -0.0100313
0.127604 -0.0110366
0.145833 -0.0129501
0.143229 -0.0149319
0.159722 -0.0166029
0.141493 -0.0169872
0.148438 -0.0174654
0.170139 -0.0182345
0.16059 -0.0192361
0.184028 -0.020545
0.15625 -0.0211549
0.158854 -0.0219117
0.169271 -0.0234567
0.177951 -0.0258211
0.185764 -0.0277439
0.190972 -0.0293461
0.195312 -0.0300355
0.186632 -0.0306085
0.175347 -0.030937
0.139757 -0.0315249
0.138889 -0.0318749
0.177951 -0.0318087
0.124132 -0.0314081
0.116319 -0.0303608
0.134549 -0.0292311
0.141493 -0.0277507
0.177951 -0.02635
0.145833 -0.0245431
0.146701 -0.023525
0.144097 -0.0231057
0.171007 -0.021695
0.174479 -0.0212154
0.164062 -0.0207923
0.157986 -0.0204325
0.197917 -0.019438
0.222222 -0.0182289
0.239583 -0.016483
0.239583 -0.0139258
0.224826 -0.011208
0.248264 -0.00882274
0.255208 -0.00599749
0.234375 -0.00315186
0.232639 -0.000668094
0.21875 0.00285764
0.199653 0.00575228
0.179688 0.00898249
0.199653 0.0122021
0.221354 0.0158827
0.203993 0.0188678
0.201389 0.0226266
0.19184 0.0270764
0.189236 0.0312744
0.182292 0.0354745
0.175347 0.0403294
0.184896 0.0453124
0.162326 0.049348
0.141493 0.0530027
0.161458 0.0570425
0.131076 0.0610197
0.126736 0.0644637
0.140625 0.0674968
0.155382 0.0715337
0.175347 0.0762042
0.173611 0.0806769
0.203125 0.0852917
0.192708 0.0893469
0.205729 0.0923102
0.186632 0.0954774
0.16059 0.100443
0.170139 0.105231
0.171007 0.110006
0.165799 0.115196
0.163194 0.120367
0.177083 0.125963
0.177083 0.132832
0.1875 0.138965
0.150174 0.143625
0.180556 0.147798
0.181424 0.151728
0.164931 0.155411
0.149306 0.159637
0.155382 0.163427
0.142361 0.167453
0.203993 0.171029
0.192708 0.174677
0.167535 0.179829
0.152778 0.185301
0.15191 0.189537
0.158854 0.192753
0.170139 0.195437
0.15625 0.198348
0.138889 0.202566
0.130208 0.206105
0.143229 0.21104
0.149306 0.215069
0.173611 0.218743
0.181424 0.221528
0.190104 0.223483
0.202257 0.225002
0.226562 0.225628
0.212674 0.225386
0.203993 0.224985
0.208333 0.225037
0.232639 0.225995
0.229167 0.226707
0.210069 0.227916
0.176215 0.229009
0.167535 0.23021
0.157986 0.230568
0.166667 0.230794
0.175347 0.228963
0.186632 0.227088
0.163194 0.225593
0.172743 0.224164
0.177083 0.222506
0.194444 0.222625
0.182292 0.221968
0.172743 0.221142
0.179688 0.220781
0.15625 0.220048
0.143229 0.219362
0.148438 0.219019
0.184028 0.218641
0.189236 0.217736
0.188368 0.217041
0.193576 0.216158
0.198785 0.214755
0.204861 0.214135
0.235243 0.213862
0.239583 0.213901
0.247396 0.214199
0.234375 0.215323
0.219618 0.215534
0.237847 0.216167
0.273438 0.215638
0.269097 0.215063
0.268229 0.214676
0.260417 0.214759
0.233507 0.215078
0.274306 0.215316
0.240451 0.214683
0.256944 0.213965
0.273438 0.212922
0.289062 0.212713
0.303819 0.213596
0.261285 0.215097
0.25434 0.216048
0.239583 0.217724
0.25434 0.220275
0.256076 0.221363
0.269097 0.222337
0.271701 0.222792
0.280382 0.223192
0.290799 0.223308
0.259549 0.221967
0.241319 0.21978
0.220486 0.217351
0.182292 0.215549
0.171875 0.214317
0.192708 0.212594
0.216146 0.211519
0.212674 0.210246
0.230035 0.209129
0.215278 0.20693
0.256944 0.204223
0.282986 0.201858
0.276042 0.199134
0.28125 0.196813
0.264757 0.195431
0.288194 0.195351
0.269965 0.195416
0.291667 0.195611
0.311632 0.19653
0.263889 0.198315
0.25 0.199553
0.25 0.201599
0.232639 0.201458
0.223958 0.202486
0.188368 0.203093
0.193576 0.203492
0.208333 0.204215
0.220486 0.203777
0.231771 0.202747
0.263021 0.200684
0.251736 0.198919
0.231771 0.197129
0.252604 0.195149
0.243056 0.193032
0.232639 0.190114
0.256076 0.1888
0.28125 0.187647
0.303819 0.187285
0.305556 0.187095
0.292535 0.185978
0.302951 0.184064
0.296007 0.18142
0.328993 0.179066
0.307292 0.177593
0.311632 0.176329
0.274306 0.174401
0.262153 0.173705
0.237847 0.172696
0.25 0.172643
0.283854 0.173271
0.261285 0.173586
0.256076 0.172284
0.299479 0.170812
0.282986 0.168672
0.271701 0.165937
0.293403 0.162894
0.291667 0.160285
0.283854 0.158012
0.278646 0.155953
0.277778 0.155047
0.255208 0.155647
0.256076 0.156263
0.263021 0.157343
0.238715 0.157353
0.242188 0.157407
0.234375 0.157968
0.22309 0.157825
0.196181 0.157718
0.164931 0.15711
0.190104 0.155201
0.18316 0.152103
0.195312 0.149766
0.186632 0.147942
0.203993 0.145724
0.200521 0.14289
0.19184 0.139524
0.212674 0.135826
0.209201 0.130895
0.249132 0.126869
0.266493 0.12305
0.239583 0.119564
0.249132 0.115989
0.225694 0.112254
0.244792 0.109207
0.233507 0.106028
0.239583 0.103045
0.251736 0.0986113
0.239583 0.0934398
0.204861 0.0883866
0.195312 0.0825355
0.168403 0.0774694
0.189236 0.0727051
0.171875 0.0677257
0.194444 0.0638649
0.170139 0.0594064
0.16059 0.0541329
0.162326 0.0489419
0.133681 0.043922
0.0911458 0.0398629
0.100694 0.0340635
0.0894097 0.0272019
0.0980903 0.019507
0.123264 0.0119032
0.146701 0.00398067
0.105035 -0.00384186
0.157118 -0.011117
0.157986 -0.0180138
0.153646 -0.0248387
0.138889 -0.03225
0.170139 -0.0392981
0.21441 -0.0451535
0.213542 -0.0508685
0.232639 -0.0558508
0.225694 -0.0609629
0.231771 -0.0673622
0.25 -0.0749204
0.236111 -0.0823678
0.248264 -0.091844
0.236111 -0.10064
0.215278 -0.108705
0.196181 -0.116293
0.180556 -0.124939
0.207465 -0.13294
0.197917 -0.138785
0.175347 -0.143698
0.21441 -0.146629
0.232639 -0.149656
0.235243 -0.153192
0.231771 -0.157269
0.239583 -0.15957
0.21441 -0.16152
0.24566 -0.163022
0.224826 -0.164758
0.262153 -0.165893
0.270833 -0.167734
0.313368 -0.168168
0.356771 -0.165416
0.350694 -0.162646
0.37066 -0.1605
0.373264 -0.158843
0.378472 -0.157281
0.345486 -0.156206
0.389757 -0.154636
0.40625 -0.152547
0.360243 -0.150517
0.332465 -0.148994
0.289062 -0.148234
0.301215 -0.14542
0.321181 -0.141953
0.317708 -0.138962
0.334201 -0.134984
0.34375 -0.131942
0.324653 -0.128938
0.335938 -0.125379
0.346354 -0.123961
0.349826 -0.122588
0.355903 -0.121059
0.342014 -0.118929
0.31684 -0.117371
0.296875 -0.115821
0.289062 -0.113555
0.302951 -0.11349
0.269097 -0.113215
0.21875 -0.112669
0.18316 -0.111045
0.201389 -0.108889
0.215278 -0.108282
0.230903 -0.108807
0.217014 -0.109742
0.208333 -0.109876
0.21441 -0.110229
0.19184 -0.110842
0.207465 -0.111446
0.203993 -0.112156
0.202257 -0.113419
0.182292 -0.115181
0.177083 -0.11666
0.181424 -0.117925
0.215278 -0.117869
0.239583 -0.116991
0.273438 -0.116671
0.284722 -0.116858
0.256944 -0.116415
0.275174 -0.115404
0.266493 -0.114621
0.28559 -0.112826
0.296875 -0.111386
0.293403 -0.110473
0.282986 -0.108549
0.261285 -0.104707
0.280382 -0.0985521
0.304688 -0.0927127
0.329861 -0.0885212
0.346354 -0.0844747
0.34809 -0.0807837
0.348958 -0.07684
0.355035 -0.0735228
0.355035 -0.0711571
0.363715 -0.0703776
0.354167 -0.0704681
0.358507 -0.0710571
0.364583 -0.070011
0.368056 -0.0687185
0.385417 -0.069192
0.369792 -0.0696818
0.378472 -0.0689285
0.382812 -0.067967
0.381944 -0.0663685
0.396701 -0.0650872
0.399306 -0.0641061
0.407118 -0.0621752
0.403646 -0.0598362
0.407118 -0.0593758
0.434896 -0.0593011
0.429688 -0.0603668
0.445312 -0.0616293
0.440972 -0.0624213
0.400174 -0.0620271
0.40625 -0.0604037
0.430556 -0.056969
0.4375 -0.0534519
0.440104 -0.0502774
0.467014 -0.0457698
0.484375 -0.04155
0.49566 -0.0373202
0.519965 -0.034782
0.534722 -0.0334785
0.517361 -0.0328409
0.526042 -0.0321759
0.502604 -0.0320734
0.540799 -0.0303915
0.532118 -0.0277507
0.538194 -0.0243797
0.533854 -0.0213746
0.556424 -0.018718
0.572049 -0.0155563
0.5625 -0.0110839
0.563368 -0.00524028
0.582465 0.000449732
0.565972 0.00498461
0.572917 0.00998642
0.557292 0.0141113
0.578125 0.0188438
0.542535 0.0235178
0.545139 0.0287238
0.540799 0.0327017
0.552951 0.0377915
0.555556 0.0419917
0.543403 0.0471296
0.506076 0.0513954
0.517361 0.0542356
0.550347 0.0566446
0.546875 0.0580283
0.513889 0.0594646
0.49566 0.0612416
0.521701 0.0644022
0.493056 0.0674039
0.493056 0.0710887
0.471354 0.0750715
0.447049 0.079304
0.424479 0.0823842
0.446181 0.0852319
0.432292 0.0878537
0.443576 0.0896254
0.429688 0.0912899
0.435764 0.093015
0.422743 0.0941019
0.46441 0.0954147
0.465278 0.0977931
0.4375 0.0996339
0.462674 0.101131
0.458333 0.102692
0.442708 0.102858
0.442708 0.102839
0.447049 0.102008
0.459201 0.101252
0.467882 0.101356
0.509549 0.10122
0.567708 0.100771
0.579861 0.0996629
0.544271 0.0993578
0.528646 0.100191
0.546875 0.101235
0.548611 0.101574
0.554688 0.10052
0.534722 0.0997586
0.49566 0.099913
0.510417 0.0999389
0.579861 0.100565
0.572049 0.0992978
0.55816 0.0984024
0.545139 0.097254
0.519097 0.0952853
0.524306 0.0937622
0.550347 0.0920644
0.559896 0.0904321
0.555556 0.0894188
0.565972 0.0894127
0.536458 0.0884259
0.536458 0.0879308
0.567708 0.0880829
0.559896 0.0892839
0.522569 0.090617
0.510417 0.0921165
0.486979 0.0928934
0.497396 0.0942235
0.480035 0.0973381
0.49566 0.0999312
0.536458 0.101328
0.565104 0.101954
0.560764 0.100085
0.565104 0.0983494
0.603299 0.0971782
0.607639 0.0953765
0.614583 0.0930277
0.590278 0.0897889
0.591146 0.0862712
0.610243 0.0841235
0.587674 0.0811586
0.571181 0.0785761
0.579861 0.0755379
0.58941 0.0724727
0.549479 0.0698606
0.575521 0.0670456
0.544271 0.0633846
0.538194 0.0603187
0.549479 0.0568072
0.5625 0.0559262
0.585069 0.053963
0.577257 0.0500969
0.580729 0.04612
0.606771 0.0427652
0.585938 0.0383836
0.595486 0.0331749
0.595486 0.0281636
0.591146 0.0247084
0.570312 0.0199469
0.598958 0.0156358
0.618056 0.0113109
0.596354 0.00704831
0.575521 0.00457536
0.58941 0.00138507
0.604167 -0.00304785
0.587674 -0.00708241
0.584201 -0.0113245
0.563368 -0.0174145
0.570312 -0.0237174
0.547743 -0.0304112
0.517361 -0.0362682
0.527778 -0.0419267
0.492188 -0.0469415
0.471354 -0.051354
0.466146 -0.0555396
0.47309 -0.0597054
0.511285 -0.0651898
0.523438 -0.069909
0.536458 -0.0740701
0.530382 -0.0804564
0.523438 -0.0873101
0.486979 -0.0935192
0.445312 -0.0988083
0.434896 -0.10401
0.44184 -0.105924
0.453125 -0.108244
0.454861 -0.110935
0.494792 -0.112392
0.462674 -0.113862
0.473958 -0.113221
0.474826 -0.112703
0.470486 -0.112266
0.463542 -0.112755
0.419271 -0.113594
0.416667 -0.112976
0.412326 -0.112891
0.394097 -0.112163
0.382812 -0.112228
0.397569 -0.112886
0.427951 -0.114405
0.428819 -0.116957
0.448785 -0.119523
0.457465 -0.121051
0.463542 -0.123448
0.446181 -0.127207
0.460938 -0.131456
0.476562 -0.131244
0.471354 -0.130033
0.449653 -0.128909
0.460938 -0.125319
0.454861 -0.121493
0.480903 -0.117085
0.530382 -0.112669
0.53125 -0.11092
0.49566 -0.108467
0.485243 -0.10469
0.490451 -0.0991367
0.498264 -0.0960247
0.521701 -0.093258
0.519965 -0.0902874
0.510417 -0.0885434
0.524306 -0.0861215
0.547743 -0.082942
0.543403 -0.0798112
0.53125 -0.0746637
0.53125 -0.0697065
0.502604 -0.0650619
0.497396 -0.0580274
0.509549 -0.053962
0.523438 -0.0503613
0.530382 -0.0456763
0.507812 -0.0418182
0.492188 -0.0353149
0.486979 -0.0304641
0.456597 -0.0240894
0.44184 -0.0172067
0.424479 -0.00778549
0.402778 0.00243649
0.411458 0.0136462
0.392361 0.0248409
0.387153 0.0360554
0.361111 0.0488878
0.364583 0.0607177
0.361979 0.0692945
0.40191 0.0779287
0.394965 0.0811727
0.40625 0.0844535
0.432292 0.086433
0.394097 0.0861551
0.415799 0.08715
0.40191 0.0831449
0.416667 0.0798247
0.439236 0.0769326
0.430556 0.0746961
0.395833 0.0765361
0.395833 0.078989
0.414062 0.0824958
0.40625 0.0858127
0.372396 0.0875429
0.386285 0.087498
0.378472 0.0867305
0.376736 0.0863198
0.361979 0.0834368
0.376736 0.0792466
0.375868 0.072728
0.391493 0.066596
0.386285 0.0600413
0.392361 0.0545689
0.400174 0.0519109
0.389757 0.0507098
0.416667 0.0503845
0.452257 0.0492541
0.442708 0.0483387
0.426215 0.0453469
0.429688 0.0409471
0.4375 0.0375895
0.443576 0.0346604
0.448785 0.0286226
0.442708 0.0202892
0.435764 0.0124427
0.424479 0.00143984
0.428819 -0.00958078
0.473958 -0.017718
0.467014 -0.0260402
0.511285 -0.0331474
0.542535 -0.0411882
0.519097 -0.0487862
0.518229 -0.0539317
0.482639 -0.0566348
0.493924 -0.0604033
0.460069 -0.0652258
0.438368 -0.0661942
0.459201 -0.0673427
0.434028 -0.066625
0.426215 -0.0646005
0.428819 -0.0664238
0.460938 -0.0638365
0.5 -0.0619104
0.509549 -0.0585735
0.538194 -0.0539383
0.524306 -0.0507838
0.526042 -0.045573
0.509549 -0.040985
0.513021 -0.0395457
0.532986 -0.0314254
0.55816 -0.0268319
0.547743 -0.0201661
0.538194 -0.0114634
0.546007 -0.00790554
0.572917 -0.00264788
0.595486 -0.00163487
0.586806 0.000578745
0.597222 0.0048667
0.624132 0.00996591
0.597222 0.0179451
0.585069 0.0274203
0.557292 0.03533
0.592014 0.0420433
0.572049 0.0499519
0.585069 0.0568484
0.577257 0.0603768
0.587674 0.0654262
0.541667 0.0691924
0.539062 0.0717316
0.551215 0.0691722
0.569444 0.0649771
0.565972 0.057605
0.534722 0.0483427
0.55816 0.0422817
0.577257 0.0349986
0.567708 0.0268067
0.572049 0.0184559
0.5625 0.00698664
0.536458 -0.000631465
0.532118 -0.0105995
0.512153 -0.0162742
0.486111 -0.0186727
0.470486 -0.0201735
0.462674 -0.0222163
0.439236 -0.021332
0.376736 -0.0214409
0.367188 -0.018957
0.415799 -0.013141
0.413194 -0.0105371
0.429688 -0.00676644
0.414931 -0.000179753
0.388021 0.000871103
0.405382 0.0038324
0.40625 0.00514788
0.409722 0.00199516
0.447049 0.00287863
0.428819 0.00305081
0.426215 4.87608e-05
0.425347 0.00356204
0.439236 0.00105645
0.434896 -0.00345732
0.455729 -0.000444333
0.4375 -0.00169747
0.435764 -0.00360992
0.46441 -0.000887056
0.445312 -0.000921579
0.43316 -0.00130354
0.446181 0.000482732
0.427083 0
