0.592014 1
0.577257 0.995755
0.561632 0.991769
0.552083 0.988052
0.557292 0.98465
0.550347 0.981498
0.585069 0.978378
0.594618 0.975074
0.610243 0.971833
0.600694 0.968591
0.616319 0.965433
0.611111 0.962462
0.641493 0.959612
0.626736 0.956811
0.612847 0.954087
0.615451 0.951317
0.622396 0.948498
0.637153 0.945559
0.636285 0.942489
0.636285 0.93954
0.605035 0.936765
0.605035 0.934024
0.583333 0.931388
0.550347 0.928582
0.532118 0.925689
0.545139 0.922824
0.547743 0.919865
0.537326 0.917058
0.551215 0.914268
0.561632 0.911294
0.567708 0.908507
0.548611 0.905746
0.560764 0.902742
0.584201 0.899914
0.592014 0.896941
0.584201 0.893914
0.587674 0.890996
0.576389 0.888069
0.595486 0.885124
0.630208 0.882202
0.649306 0.879032
0.637153 0.875691
0.637153 0.87238
0.645833 0.868899
0.640625 0.865622
0.622396 0.862348
0.65191 0.859162
0.62066 0.856138
0.638889 0.852929
0.638889 0.849644
0.633681 0.846597
0.661458 0.843369
0.659722 0.84007
0.658854 0.83677
0.682292 0.833655
0.670139 0.830379
0.685764 0.827269
0.69184 0.824102
0.705729 0.82095
0.730903 0.817912
0.734375 0.814878
0.703993 0.811713
0.695312 0.808594
0.688368 0.805445
0.657986 0.80241
0.694444 0.79943
0.665799 0.796335
0.668403 0.793364
0.664931 0.790383
0.677951 0.787343
0.677083 0.784395
0.68316 0.781558
0.673611 0.778829
0.673611 0.77588
0.671007 0.772992
0.657986 0.770079
0.633681 0.767196
0.649306 0.764331
0.652778 0.761423
0.66059 0.758591
0.670139 0.755895
0.664931 0.753162
0.65625 0.750401
0.652778 0.747705
0.668403 0.744958
0.666667 0.742412
0.684028 0.739667
0.693576 0.737028
0.6875 0.734154
0.653646 0.731286
0.665799 0.728439
0.658854 0.725513
0.641493 0.722537
0.665799 0.719496
0.657986 0.716326
0.66059 0.713175
0.684896 0.710123
0.671007 0.70694
0.648438 0.703915
0.630208 0.70106
0.62934 0.69821
0.615451 0.695351
0.610243 0.692556
0.605903 0.689725
0.606771 0.687019
0.617188 0.684274
0.632812 0.681578
0.640625 0.678831
0.611111 0.675972
0.583333 0.673136
0.578993 0.670112
0.591146 0.667184
0.62066 0.664087
0.607639 0.661053
0.619792 0.65797
0.625 0.654558
0.600694 0.650955
0.599826 0.647267
0.604167 0.643747
0.570312 0.640164
0.584201 0.636488
0.588542 0.632837
0.617188 0.629105
0.625 0.625528
0.59375 0.621908
0.550347 0.618209
0.575521 0.614651
0.600694 0.611041
0.583333 0.607379
0.578125 0.603901
0.578125 0.600281
0.588542 0.596792
0.592014 0.593562
0.586806 0.590233
0.581597 0.587047
0.618924 0.583997
0.618924 0.580878
0.615451 0.577558
0.582465 0.574178
0.605035 0.57101
0.630208 0.567959
0.609375 0.564883
0.567708 0.56197
0.546875 0.559198
0.539931 0.556247
0.511285 0.553292
0.49566 0.55051
0.508681 0.547649
0.448785 0.544586
0.448785 0.541583
0.451389 0.538546
0.457465 0.535459
0.454861 0.53237
0.447049 0.529269
0.427951 0.52615
0.404514 0.523087
0.392361 0.520032
0.423611 0.516989
0.405382 0.513884
0.375868 0.510764
0.393229 0.507832
0.374132 0.50491
0.395833 0.501959
0.414062 0.499059
0.415799 0.496182
0.421007 0.493318
0.415799 0.490383
0.456597 0.487327
0.451389 0.484387
0.438368 0.481535
0.43316 0.478863
0.400174 0.476403
0.415799 0.473926
0.414062 0.471265
0.430556 0.468598
0.429688 0.465933
0.445312 0.463449
0.412326 0.460999
0.456597 0.458656
0.453125 0.456288
0.462674 0.454004
0.44184 0.451602
0.423611 0.449317
0.394965 0.447172
0.404514 0.444963
0.404514 0.44272
0.405382 0.440512
0.439236 0.438281
0.424479 0.436104
0.427951 0.434062
0.394097 0.431996
0.328993 0.430095
0.341146 0.42821
0.368924 0.426508
0.354167 0.424881
0.368056 0.423208
0.400174 0.421495
0.413194 0.419682
0.412326 0.417848
0.419271 0.416118
0.412326 0.414254
0.436632 0.412444
0.449653 0.410735
0.408854 0.40882
0.44184 0.406813
0.434028 0.404625
0.417535 0.402611
0.446181 0.400843
0.407118 0.398928
0.439236 0.396921
0.448785 0.395073
0.443576 0.393401
0.447049 0.391699
0.424479 0.390069
0.421007 0.388334
0.421007 0.386613
0.423611 0.384969
0.466146 0.383271
0.43316 0.381515
0.434896 0.379934
0.422743 0.378297
0.412326 0.376704
0.444444 0.375104
0.455729 0.373458
0.447917 0.371691
0.424479 0.370109
0.428819 0.36845
0.40625 0.366901
0.382812 0.36544
0.400174 0.364112
0.403646 0.362718
0.394965 0.361378
0.439236 0.360082
0.416667 0.358697
0.448785 0.35737
0.431424 0.355963
0.400174 0.354633
0.413194 0.353502
0.417535 0.352271
0.411458 0.351081
0.401042 0.349899
0.401042 0.348622
0.401042 0.34723
0.378472 0.345863
0.371528 0.344489
0.367188 0.343112
0.372396 0.341681
0.403646 0.339986
0.415799 0.33842
0.417535 0.336875
0.392361 0.335337
0.369792 0.333823
0.371528 0.332516
0.386285 0.331285
0.386285 0.33008
0.40625 0.32889
0.40625 0.327751
0.37934 0.326332
0.390625 0.32506
0.377604 0.323639
0.357639 0.322138
0.342882 0.320673
0.341146 0.319092
0.355035 0.317776
0.353299 0.316414
0.342014 0.31508
0.342014 0.313817
0.378472 0.312544
0.371528 0.311282
0.361111 0.309985
0.37934 0.308809
0.408854 0.307648
0.393229 0.306425
0.390625 0.305142
0.375 0.30387
0.369792 0.302598
0.381076 0.301379
0.372396 0.300063
0.386285 0.298927
0.368056 0.297944
0.373264 0.296774
0.40625 0.295593
0.394097 0.294376
0.388021 0.293223
0.386285 0.292206
0.393229 0.291077
0.413194 0.289925
0.399306 0.288711
0.419271 0.287826
0.417535 0.286825
0.388889 0.285759
0.376736 0.284697
0.368056 0.283598
0.335938 0.282672
0.338542 0.281756
0.342014 0.280724
0.354167 0.279788
0.352431 0.278829
0.374132 0.277788
0.382812 0.276681
0.377604 0.275664
0.362847 0.274582
0.378472 0.273475
0.372396 0.272604
0.388889 0.271556
0.369792 0.270406
0.388021 0.269262
0.374132 0.268066
0.362847 0.267032
0.380208 0.266107
0.412326 0.264982
0.427951 0.264015
0.436632 0.263195
0.407118 0.262339
0.394097 0.261647
0.412326 0.260778
0.430556 0.260077
0.440972 0.259208
0.450521 0.25846
0.443576 0.257578
0.442708 0.256666
0.438368 0.255817
0.467882 0.255011
0.449653 0.254082
0.430556 0.253295
0.445312 0.252527
0.444444 0.251716
0.438368 0.251018
0.435764 0.250153
0.402778 0.249475
0.412326 0.24879
0.378472 0.247904
0.388889 0.247043
0.382812 0.246363
0.355903 0.245499
0.361111 0.244783
0.34809 0.24393
0.367188 0.242929
0.354167 0.241846
0.365451 0.240944
0.356771 0.239932
0.34375 0.239026
0.315104 0.238173
0.347222 0.23762
0.322049 0.236952
0.336806 0.23655
0.307292 0.236059
0.299479 0.23558
0.288194 0.235105
0.319444 0.234534
0.314236 0.233888
0.321181 0.233567
0.336806 0.233339
0.305556 0.233172
0.34375 0.232984
0.355035 0.232753
0.368056 0.232696
0.353299 0.232576
0.335938 0.232349
0.363715 0.232238
0.373264 0.232201
0.388021 0.232218
0.351562 0.232238
0.368924 0.232479
0.376736 0.232708
0.375 0.2328
0.361979 0.233087
0.381076 0.233188
0.382812 0.233403
0.383681 0.233433
0.405382 0.233427
0.417535 0.233352
0.439236 0.233155
0.436632 0.232803
0.427951 0.232364
0.423611 0.231962
0.421007 0.231527
0.407986 0.231387
0.411458 0.23129
0.399306 0.231248
0.380208 0.231362
0.378472 0.23161
0.374132 0.231919
0.375 0.232223
0.389757 0.232558
0.360243 0.232869
0.353299 0.233108
0.394965 0.233098
0.363715 0.232907
0.363715 0.232638
0.361979 0.232285
0.397569 0.232279
0.424479 0.232534
0.424479 0.2327
0.420139 0.232834
0.436632 0.232873
0.418403 0.23292
0.407118 0.233034
0.390625 0.23301
0.414931 0.233207
0.418403 0.233366
0.417535 0.233477
0.411458 0.233572
0.413194 0.23389
0.41059 0.233786
0.412326 0.233734
0.428819 0.233582
0.447917 0.233447
0.421875 0.233403
0.435764 0.233408
0.463542 0.233205
0.457465 0.232918
0.478299 0.232673
0.460069 0.232462
0.480035 0.232304
0.503472 0.232104
0.492188 0.231927
0.488715 0.231595
0.480903 0.231131
0.46875 0.230578
0.461806 0.230085
0.480903 0.229386
0.482639 0.228743
0.52691 0.227974
0.549479 0.227374
0.552083 0.22673
0.581597 0.226121
0.565972 0.225405
0.565972 0.224832
0.572917 0.224271
0.574653 0.223891
0.561632 0.223694
0.560764 0.223487
0.546007 0.223326
0.565104 0.223346
0.545139 0.223353
0.544271 0.22341
0.514757 0.223226
0.518229 0.223043
0.532986 0.223023
0.561632 0.222842
0.5625 0.222585
0.547743 0.222449
0.53559 0.222141
0.515625 0.221785
0.508681 0.221523
0.523438 0.221216
0.522569 0.221037
0.523438 0.220868
0.521701 0.220717
0.552951 0.220585
0.556424 0.220696
0.586806 0.220562
0.614583 0.220483
0.605903 0.220367
0.624132 0.220294
0.622396 0.220353
0.626736 0.220397
0.605903 0.220237
0.565972 0.219944
0.568576 0.21936
0.572917 0.218819
0.573785 0.218334
0.569444 0.21771
0.52691 0.217262
0.534722 0.217023
0.563368 0.216781
0.557292 0.216624
0.590278 0.216658
0.584201 0.216603
0.601562 0.216532
0.602431 0.216431
0.584201 0.216216
0.581597 0.216053
0.595486 0.215842
0.614583 0.215992
0.617188 0.216108
0.630208 0.216312
0.596354 0.216601
0.59375 0.21685
0.610243 0.216886
0.595486 0.216732
0.583333 0.216415
0.598958 0.216152
0.591146 0.215742
0.605035 0.215478
0.615451 0.215408
0.618056 0.2153
0.59375 0.2151
0.581597 0.21471
0.602431 0.214436
0.622396 0.214049
0.643229 0.213667
0.628472 0.213069
0.609375 0.212139
0.616319 0.211291
0.612847 0.21058
0.648438 0.209879
0.643229 0.209537
0.670139 0.209259
0.688368 0.208882
0.72309 0.208524
0.728299 0.207892
0.736979 0.2075
0.756076 0.206934
0.747396 0.206543
0.740451 0.206195
0.750868 0.205908
0.763889 0.205713
0.736979 0.205438
0.741319 0.205289
0.749132 0.205192
0.711806 0.204909
0.71441 0.204599
0.700521 0.204035
0.725694 0.203652
0.727431 0.203353
0.759549 0.203067
0.736979 0.202755
0.719618 0.202465
0.722222 0.201887
0.729167 0.201067
0.740451 0.200228
0.735243 0.199616
0.711806 0.199146
0.720486 0.19893
0.765625 0.198681
0.758681 0.198367
0.78559 0.198118
0.789062 0.197772
0.796875 0.197088
0.811632 0.196453
0.838542 0.195813
0.80816 0.195105
0.814236 0.194532
0.813368 0.193797
0.806424 0.192889
0.793403 0.192102
0.8125 0.191426
0.793403 0.190891
0.756944 0.19068
0.734375 0.190422
0.733507 0.190211
0.712674 0.189997
0.696181 0.189628
0.71441 0.189188
0.710938 0.188708
0.712674 0.18837
0.727431 0.187975
0.704861 0.187526
0.715278 0.187073
0.743924 0.186455
0.756944 0.185704
0.750868 0.184858
0.741319 0.183863
0.725694 0.183058
0.735243 0.182471
0.71875 0.181838
0.709201 0.181291
0.707465 0.180647
0.704861 0.179842
0.720486 0.178938
0.731771 0.178053
0.730035 0.177183
0.72309 0.176276
0.724826 0.175433
0.699653 0.174396
0.711806 0.173266
0.715278 0.17203
0.709201 0.170651
0.6875 0.16927
0.666667 0.167938
0.634549 0.166706
0.615451 0.165442
0.579861 0.164046
0.592882 0.162831
0.610243 0.161599
0.619792 0.160527
0.611111 0.159343
0.602431 0.15818
0.586806 0.157012
0.630208 0.155825
0.654514 0.154655
0.631076 0.153599
0.631944 0.15243
0.627604 0.15135
0.596354 0.150253
0.603299 0.149148
0.599826 0.148077
0.592014 0.146828
0.603299 0.145478
0.611111 0.144214
0.592882 0.142973
0.605035 0.141857
0.611111 0.140427
0.586806 0.138988
0.609375 0.137759
0.592014 0.136652
0.590278 0.135335
0.590278 0.134154
0.601562 0.132956
0.598958 0.131562
0.591146 0.130227
0.591146 0.128831
0.614583 0.127469
0.59375 0.125906
0.569444 0.124172
0.53125 0.122456
0.519097 0.120451
0.519097 0.118362
0.5 0.11618
0.498264 0.114084
0.481771 0.111935
0.505208 0.109911
0.476562 0.107895
0.534722 0.106055
0.546007 0.104075
0.555556 0.102027
0.567708 0.0997779
0.565104 0.0976934
0.572917 0.095632
0.573785 0.0935469
0.567708 0.0914143
0.598958 0.089353
0.592882 0.0873344
0.601562 0.0850158
0.613715 0.0826824
0.603299 0.0803615
0.602431 0.0779697
0.605035 0.0755515
0.586806 0.073241
0.600694 0.0708253
0.584201 0.0683449
0.569444 0.0660109
0.572049 0.0637008
0.550347 0.0613791
0.549479 0.059133
0.549479 0.0566892
0.567708 0.0543081
0.587674 0.0520231
0.592014 0.0494654
0.584201 0.0470017
0.615451 0.044763
0.625 0.0423244
0.615451 0.0400038
0.611979 0.0375524
0.596354 0.035307
0.582465 0.0333801
0.597222 0.0313255
0.613715 0.0293328
0.584201 0.0272458
0.572917 0.0252055
0.559028 0.0231382
0.567708 0.0209395
0.519965 0.0185768
0.55816 0.0163465
0.572917 0.0138795
0.549479 0.0117144
0.548611 0.00974235
0.532986 0.0075718
0.521701 0.00530629
0.508681 0.00305661
0.509549 0.000668482
0.507812 -0.00169627
0.545139 -0.00424802
0.570312 -0.00676013
0.568576 -0.00929355
0.578125 -0.0117314
0.572917 -0.0143657
0.56684 -0.0168666
0.571181 -0.0190951
0.579861 -0.0213054
0.552083 -0.0236048
0.552951 -0.0260839
0.539931 -0.0285039
0.538194 -0.0308394
0.519097 -0.0333293
0.507812 -0.0358623
0.506076 -0.0388569
0.527778 -0.0417529
0.539931 -0.044447
0.559028 -0.0470858
0.530382 -0.0495204
0.522569 -0.0518304
0.508681 -0.05417
0.5 -0.0565382
0.5 -0.0586946
0.511285 -0.0607617
0.484375 -0.0629082
0.490451 -0.0649764
0.496528 -0.0670808
0.53125 -0.068986
0.565972 -0.0712387
0.565972 -0.07338
0.588542 -0.0756946
0.583333 -0.0781546
0.5625 -0.0805716
0.548611 -0.0827754
0.563368 -0.0849284
0.539931 -0.0870341
0.538194 -0.0892728
0.53559 -0.0915009
0.522569 -0.0936753
0.553819 -0.0957429
0.569444 -0.0977985
0.584201 -0.100022
0.568576 -0.102087
0.563368 -0.104052
0.571181 -0.105985
0.518229 -0.107902
0.519097 -0.109532
0.525174 -0.111051
0.511285 -0.112614
0.477431 -0.114274
0.472222 -0.115946
0.483507 -0.117765
0.480035 -0.119609
0.489583 -0.121474
0.493056 -0.1233
0.478299 -0.124979
0.510417 -0.126501
0.499132 -0.128078
0.489583 -0.129658
0.481771 -0.131366
0.510417 -0.132936
0.522569 -0.134753
0.513889 -0.136584
0.488715 -0.138523
0.505208 -0.140329
0.484375 -0.142277
0.497396 -0.144101
0.526042 -0.145904
0.527778 -0.147808
0.503472 -0.149787
0.529514 -0.151844
0.482639 -0.153888
0.480903 -0.155914
0.50434 -0.158159
0.506076 -0.160555
0.503472 -0.16274
0.522569 -0.164843
0.509549 -0.167183
0.517361 -0.169384
0.513889 -0.17141
0.478299 -0.173469
0.486111 -0.175505
0.522569 -0.17756
0.525174 -0.179856
0.508681 -0.182046
0.467014 -0.184112
0.453125 -0.185957
0.438368 -0.187798
0.4375 -0.18995
0.446181 -0.192281
0.445312 -0.194771
0.456597 -0.197427
0.432292 -0.199962
0.422743 -0.202154
0.434896 -0.204162
0.429688 -0.206182
0.414931 -0.208289
0.389757 -0.210397
0.383681 -0.212479
0.394097 -0.214536
0.425347 -0.216442
0.419271 -0.21815
0.409722 -0.219896
0.41059 -0.221586
0.381076 -0.223348
0.396701 -0.225099
0.361111 -0.227091
0.362847 -0.228848
0.328993 -0.230741
0.325521 -0.232569
0.328993 -0.234478
0.360243 -0.236371
0.371528 -0.238234
0.401042 -0.240221
0.378472 -0.242224
0.363715 -0.244064
0.355903 -0.245952
0.354167 -0.247776
0.375 -0.249471
0.368056 -0.251162
0.388021 -0.252787
0.383681 -0.254596
0.380208 -0.256351
0.388889 -0.257926
0.382812 -0.259534
0.375868 -0.26116
0.381944 -0.262675
0.385417 -0.264106
0.398438 -0.265738
0.374132 -0.267415
0.388021 -0.26898
0.388021 -0.270387
0.376736 -0.271583
0.401042 -0.272953
0.418403 -0.274328
0.440972 -0.275596
0.421875 -0.277121
0.422743 -0.278595
0.443576 -0.279809
0.414062 -0.281136
0.41059 -0.282056
0.427083 -0.28303
0.434028 -0.283857
0.421875 -0.284714
0.407986 -0.28562
0.409722 -0.286568
0.419271 -0.287441
0.443576 -0.288359
0.429688 -0.28917
0.423611 -0.289819
0.404514 -0.290538
0.393229 -0.291345
0.398438 -0.292193
0.382812 -0.292997
0.377604 -0.293769
0.373264 -0.294587
0.355903 -0.295163
0.368924 -0.295915
0.361979 -0.296625
0.380208 -0.297274
0.371528 -0.298203
0.352431 -0.298986
0.381076 -0.299711
0.412326 -0.300429
0.427951 -0.301125
0.423611 -0.301754
0.460938 -0.302412
0.47309 -0.303131
0.480903 -0.303927
0.5 -0.304468
0.513021 -0.304868
0.510417 -0.305126
0.500868 -0.305535
0.520833 -0.305722
0.532986 -0.305912
0.559028 -0.306183
0.56684 -0.306474
0.559896 -0.306692
0.546875 -0.306898
0.532986 -0.306965
0.508681 -0.307134
0.486111 -0.307502
0.503472 -0.307604
0.498264 -0.307739
0.488715 -0.307943
0.463542 -0.308095
0.456597 -0.308264
0.459201 -0.308365
0.497396 -0.308326
0.520833 -0.308234
0.503472 -0.307909
0.505208 -0.307856
0.512153 -0.30783
0.484375 -0.308029
0.480903 -0.307989
0.487847 -0.307904
0.46875 -0.307696
0.472222 -0.307423
0.470486 -0.307332
0.469618 -0.307355
0.47309 -0.307177
0.482639 -0.307163
0.506076 -0.30725
0.509549 -0.307103
0.493056 -0.306976
0.525174 -0.30668
0.511285 -0.306434
0.557292 -0.305923
0.555556 -0.305226
0.569444 -0.304535
0.571181 -0.304015
0.538194 -0.303564
0.517361 -0.302927
0.540799 -0.302175
0.524306 -0.301566
0.50434 -0.300853
0.514757 -0.300337
0.49566 -0.299689
0.483507 -0.299123
0.503472 -0.298585
0.494792 -0.298058
0.499132 -0.297364
0.465278 -0.296753
0.458333 -0.296166
0.470486 -0.295559
0.481771 -0.294963
0.505208 -0.294409
0.487847 -0.293832
0.487847 -0.293208
0.47309 -0.292328
0.482639 -0.291652
0.486979 -0.290851
0.461806 -0.290445
0.453993 -0.290056
0.440972 -0.289862
0.423611 -0.289627
0.414062 -0.289114
0.390625 -0.288679
0.392361 -0.288091
0.400174 -0.287529
0.394097 -0.286912
0.381076 -0.286094
0.409722 -0.28537
0.394965 -0.284691
0.359375 -0.283806
0.355903 -0.28299
0.388889 -0.282101
0.409722 -0.28119
0.419271 -0.280206
0.412326 -0.279424
0.405382 -0.278659
0.428819 -0.277719
0.426215 -0.276713
0.420139 -0.275669
0.435764 -0.274816
0.428819 -0.274459
0.439236 -0.274129
0.46875 -0.274
0.450521 -0.273729
0.444444 -0.273377
0.486979 -0.272949
0.506944 -0.272446
0.497396 -0.271551
0.488715 -0.27054
0.483507 -0.269484
0.442708 -0.268354
0.436632 -0.267488
0.421007 -0.266769
0.409722 -0.266265
0.430556 -0.265737
0.456597 -0.265224
0.465278 -0.264862
0.445312 -0.264686
0.449653 -0.264572
0.460938 -0.264611
0.484375 -0.264459
0.487847 -0.264378
0.473958 -0.26429
0.515625 -0.264091
0.544271 -0.2636
0.538194 -0.263177
0.50434 -0.26287
0.505208 -0.262452
0.523438 -0.261901
0.530382 -0.261376
0.532986 -0.260673
0.526042 -0.25985
0.515625 -0.258898
0.526042 -0.257879
0.56684 -0.257007
0.598958 -0.256468
0.572049 -0.256005
0.572917 -0.255237
0.552083 -0.254553
0.559896 -0.254078
0.55816 -0.25369
0.578125 -0.25336
0.590278 -0.253212
0.607639 -0.253005
0.602431 -0.252797
0.565972 -0.25266
0.572917 -0.252445
0.595486 -0.252108
0.598958 -0.251687
0.613715 -0.251315
0.633681 -0.251105
0.664931 -0.251171
0.65625 -0.251091
0.636285 -0.251177
0.628472 -0.251326
0.635417 -0.25137
0.680556 -0.251356
0.689236 -0.251153
0.693576 -0.250897
0.715278 -0.250807
0.71875 -0.25071
0.730903 -0.250874
0.719618 -0.251121
0.706597 -0.25113
0.715278 -0.25102
0.736111 -0.250765
0.768229 -0.250532
0.759549 -0.250412
0.755208 -0.250186
0.768229 -0.249818
0.757812 -0.249561
0.721354 -0.24903
0.740451 -0.248376
0.732639 -0.247902
0.712674 -0.247627
0.684896 -0.24742
0.652778 -0.247239
0.66059 -0.247142
0.653646 -0.247154
0.646701 -0.246897
0.652778 -0.246598
0.661458 -0.246145
0.653646 -0.24569
0.644965 -0.245205
0.65625 -0.244776
0.641493 -0.243954
0.612847 -0.243283
0.594618 -0.242459
0.572049 -0.241743
0.58941 -0.241021
0.570312 -0.240522
0.563368 -0.24003
0.565972 -0.239698
0.588542 -0.239444
0.595486 -0.239253
0.618056 -0.239113
0.596354 -0.239036
0.617188 -0.238826
0.610243 -0.238585
0.622396 -0.238353
0.625 -0.238022
0.623264 -0.237711
0.609375 -0.237363
0.617188 -0.237088
0.611111 -0.236876
0.606771 -0.236506
0.592882 -0.236372
0.590278 -0.236407
0.59809 -0.236444
0.626736 -0.236432
0.601562 -0.236511
0.610243 -0.236557
0.609375 -0.236723
0.613715 -0.237143
0.626736 -0.237604
0.642361 -0.237992
0.625868 -0.2381
0.635417 -0.237951
0.596354 -0.237941
0.586806 -0.238073
0.605903 -0.23822
0.611979 -0.238276
0.613715 -0.238386
0.615451 -0.238281
0.617188 -0.238034
0.615451 -0.237569
0.621528 -0.237226
0.635417 -0.237092
0.649306 -0.236921
0.648438 -0.236771
0.670139 -0.236717
0.6875 -0.236776
0.662326 -0.236714
0.663194 -0.236713
0.649306 -0.236831
0.633681 -0.236972
0.644097 -0.237156
0.62066 -0.237378
0.65625 -0.237572
0.670139 -0.237539
0.665799 -0.237555
0.662326 -0.237606
0.66059 -0.237723
0.639757 -0.237691
0.65625 -0.237466
0.670139 -0.23738
0.653646 -0.237447
0.65191 -0.237266
0.664062 -0.237204
0.671007 -0.237239
0.697917 -0.237321
0.684896 -0.237407
0.703125 -0.237485
0.684028 -0.237817
0.684028 -0.23805
0.665799 -0.238322
0.6875 -0.238293
0.710069 -0.238041
0.701389 -0.238034
0.69184 -0.238007
0.721354 -0.238244
0.737847 -0.238292
0.703125 -0.238359
0.671875 -0.238378
0.686632 -0.238419
0.6875 -0.238471
0.677083 -0.238212
0.690104 -0.238216
0.696181 -0.238209
0.713542 -0.238177
0.730035 -0.238234
0.730035 -0.238199
0.727431 -0.238016
0.698785 -0.237899
0.689236 -0.237875
0.684896 -0.237888
0.703993 -0.237932
0.722222 -0.237855
0.710069 -0.237871
0.709201 -0.237716
0.715278 -0.237797
0.728299 -0.237788
0.722222 -0.237854
0.751736 -0.238073
0.772569 -0.238264
0.773438 -0.238492
0.775174 -0.238625
0.763889 -0.238647
0.789931 -0.238578
0.791667 -0.238575
0.798611 -0.238667
0.804688 -0.23885
0.792535 -0.239061
0.790799 -0.239309
0.766493 -0.239187
0.770833 -0.239109
0.756944 -0.239215
0.746528 -0.239361
0.747396 -0.23969
0.750868 -0.239903
0.752604 -0.240082
0.731771 -0.240366
0.757812 -0.240893
0.758681 -0.241282
0.783854 -0.241596
0.762153 -0.242146
0.768229 -0.242502
0.768229 -0.243032
0.783854 -0.2434
0.788194 -0.243465
0.764757 -0.243602
0.758681 -0.243713
0.773438 -0.243842
0.794271 -0.243905
0.807292 -0.244054
0.791667 -0.243977
0.794271 -0.243599
0.783854 -0.243143
0.794271 -0.242703
0.767361 -0.242215
0.767361 -0.24175
0.770833 -0.241353
0.769097 -0.241099
0.780382 -0.240917
0.790799 -0.240948
0.78125 -0.24107
0.782118 -0.241126
0.758681 -0.241243
0.740451 -0.241164
0.737847 -0.241182
0.71875 -0.241171
0.75434 -0.241065
0.753472 -0.240843
0.771701 -0.240449
0.792535 -0.239861
0.780382 -0.239386
0.777778 -0.238934
0.782118 -0.238586
0.772569 -0.238619
0.759549 -0.238741
0.746528 -0.238842
0.733507 -0.238921
0.728299 -0.238944
0.685764 -0.238961
0.659722 -0.238883
0.684896 -0.239034
0.653646 -0.239108
0.630208 -0.239027
0.622396 -0.238699
0.636285 -0.238146
0.624132 -0.237609
0.611111 -0.237021
0.605903 -0.23665
0.626736 -0.236268
0.599826 -0.235967
0.612847 -0.235553
0.588542 -0.235414
0.605035 -0.23509
0.597222 -0.234898
0.585938 -0.234598
0.575521 -0.234337
0.565972 -0.234299
0.572917 -0.2343
0.561632 -0.234233
0.565972 -0.234188
0.582465 -0.234089
0.541667 -0.233892
0.555556 -0.233549
0.560764 -0.233232
0.570312 -0.233189
0.574653 -0.233091
0.559896 -0.232753
0.571181 -0.232157
0.573785 -0.231664
0.560764 -0.231325
0.557292 -0.231085
0.549479 -0.230814
0.488715 -0.230396
0.470486 -0.229916
0.478299 -0.229513
0.515625 -0.228727
0.532986 -0.227883
0.510417 -0.226801
0.5 -0.225784
0.513021 -0.224936
0.513021 -0.224409
0.516493 -0.223954
0.549479 -0.223523
0.551215 -0.223118
0.545139 -0.222972
0.524306 -0.222722
0.513021 -0.222545
0.539931 -0.222479
0.552083 -0.222498
0.516493 -0.222608
0.536458 -0.222616
0.550347 -0.222612
0.548611 -0.222563
0.572049 -0.222588
0.560764 -0.222848
0.565972 -0.222969
0.560764 -0.222982
0.561632 -0.223026
0.546875 -0.223131
0.514757 -0.22316
0.505208 -0.223165
0.509549 -0.223427
0.536458 -0.223715
0.518229 -0.223864
0.519097 -0.22411
0.5 -0.22433
0.53125 -0.224397
0.521701 -0.224687
0.539062 -0.224684
0.536458 -0.224859
0.552083 -0.225089
0.573785 -0.22528
0.583333 -0.225464
0.574653 -0.225686
0.581597 -0.225746
0.56684 -0.225948
0.574653 -0.225877
0.59375 -0.225872
0.609375 -0.225844
0.601562 -0.22556
0.618056 -0.225375
0.636285 -0.225064
0.628472 -0.2246
0.609375 -0.223983
0.585069 -0.223341
0.559896 -0.222563
0.544271 -0.221886
0.544271 -0.221051
0.560764 -0.220284
0.52691 -0.219522
0.52691 -0.218876
0.539062 -0.218317
0.545139 -0.217769
0.567708 -0.217204
0.565104 -0.216732
0.594618 -0.216155
0.592014 -0.215438
0.565972 -0.214891
0.532986 -0.214256
0.532118 -0.2136
0.500868 -0.212977
0.512153 -0.212364
0.493056 -0.211783
0.507812 -0.211277
0.53125 -0.21097
0.522569 -0.210747
0.518229 -0.210455
0.485243 -0.210097
0.493924 -0.209805
0.500868 -0.209494
0.536458 -0.208915
0.542535 -0.208377
0.543403 -0.207871
0.544271 -0.207248
0.539931 -0.206859
0.521701 -0.206538
0.511285 -0.206194
0.527778 -0.206151
0.529514 -0.20603
0.541667 -0.206206
0.546007 -0.206159
0.552951 -0.206093
0.549479 -0.206103
0.573785 -0.205998
0.563368 -0.205747
0.553819 -0.205505
0.573785 -0.205402
0.572917 -0.205118
0.564236 -0.204762
0.552083 -0.204644
0.557292 -0.204367
0.532118 -0.203963
0.503472 -0.203559
0.5 -0.202991
0.529514 -0.20235
0.50434 -0.201864
0.519097 -0.201153
0.489583 -0.200658
0.480035 -0.200188
0.447917 -0.199864
0.47309 -0.199716
0.485243 -0.199811
0.486111 -0.200093
0.499132 -0.2003
0.500868 -0.200327
0.498264 -0.200116
0.506944 -0.199884
0.501736 -0.199858
0.496528 -0.199664
0.493924 -0.199473
0.530382 -0.199436
0.494792 -0.199411
0.475694 -0.199277
0.479167 -0.199021
0.481771 -0.198942
0.459201 -0.198844
0.482639 -0.198795
0.493924 -0.198776
0.50434 -0.198802
0.533854 -0.198671
0.532986 -0.198608
0.52691 -0.198481
0.525174 -0.198499
0.549479 -0.198536
0.516493 -0.198665
0.478299 -0.19879
0.491319 -0.198879
0.497396 -0.199269
0.506944 -0.199601
0.486979 -0.199824
0.491319 -0.199952
0.46441 -0.200237
0.472222 -0.20068
0.438368 -0.201165
0.423611 -0.201278
0.431424 -0.201227
0.415799 -0.201243
0.394965 -0.201353
0.421007 -0.201495
0.430556 -0.201704
0.431424 -0.20202
0.422743 -0.202247
0.462674 -0.202393
0.457465 -0.202355
0.446181 -0.202353
0.432292 -0.202137
0.431424 -0.202118
0.426215 -0.202036
0.422743 -0.201896
0.41059 -0.201999
0.438368 -0.201784
0.44184 -0.201664
0.417535 -0.201169
0.375868 -0.200715
0.37066 -0.200517
0.363715 -0.200196
0.361111 -0.19978
0.33941 -0.199177
0.28559 -0.198594
0.323785 -0.197771
0.325521 -0.196926
0.315972 -0.196165
0.315104 -0.1955
0.282118 -0.194881
0.293403 -0.194176
0.291667 -0.193402
0.288194 -0.192636
0.313368 -0.191897
0.328125 -0.191136
0.341146 -0.190622
0.344618 -0.189918
0.342882 -0.189339
0.337674 -0.188895
0.337674 -0.188377
0.335069 -0.188036
0.324653 -0.187926
0.340278 -0.187649
0.346354 -0.187386
0.323785 -0.186811
0.338542 -0.186279
0.358507 -0.185855
0.355035 -0.185335
0.347222 -0.184917
0.321181 -0.184484
0.33941 -0.183731
0.347222 -0.183141
0.367188 -0.182722
0.375868 -0.182234
0.392361 -0.181796
0.386285 -0.181207
0.393229 -0.180498
0.40191 -0.179684
0.392361 -0.178943
0.392361 -0.178378
0.373264 -0.177674
0.372396 -0.177014
0.365451 -0.176481
0.361979 -0.175878
0.346354 -0.175669
0.357639 -0.175311
0.375868 -0.17499
0.348958 -0.174652
0.344618 -0.174123
0.320312 -0.17355
0.331597 -0.172983
0.307292 -0.172301
0.283854 -0.171638
0.317708 -0.171001
0.267361 -0.17075
0.246528 -0.170349
0.268229 -0.169993
0.267361 -0.169738
0.257812 -0.169562
0.288194 -0.16949
0.310764 -0.169348
0.283854 -0.169086
0.234375 -0.168852
0.229167 -0.168616
0.213542 -0.168459
0.227431 -0.168301
0.237847 -0.168101
0.263021 -0.167971
0.231771 -0.167608
0.224826 -0.166998
0.219618 -0.166247
0.226562 -0.165706
0.208333 -0.165223
0.223958 -0.164852
0.25 -0.164192
0.265625 -0.163424
0.270833 -0.16232
0.305556 -0.161062
0.331597 -0.159826
0.306424 -0.15862
0.28125 -0.157613
0.318576 -0.156609
0.319444 -0.155561
0.328993 -0.154562
0.335069 -0.153437
0.331597 -0.152498
0.335938 -0.151383
0.377604 -0.150286
0.334201 -0.149015
0.352431 -0.14791
0.342882 -0.14692
0.331597 -0.145894
0.319444 -0.144994
0.314236 -0.144132
0.309028 -0.143077
0.299479 -0.142069
0.331597 -0.141113
0.293403 -0.140045
0.295139 -0.138814
0.326389 -0.137328
0.340278 -0.135684
0.321181 -0.134001
0.333333 -0.132283
0.334201 -0.130491
0.330729 -0.128703
0.329861 -0.126844
0.342014 -0.125254
0.333333 -0.123584
0.324653 -0.122083
0.328993 -0.12044
0.299479 -0.118776
0.282986 -0.116977
0.302951 -0.114943
0.304688 -0.113018
0.311632 -0.111428
0.296007 -0.11004
0.284722 -0.108623
0.28559 -0.106793
0.292535 -0.104876
0.302083 -0.10313
0.322917 -0.101571
0.320312 -0.0997912
0.326389 -0.0979956
0.315104 -0.0962526
0.333333 -0.0944046
0.328993 -0.0922521
0.315972 -0.0901643
0.314236 -0.0881155
0.305556 -0.0862293
0.323785 -0.0846361
0.321181 -0.0832334
0.321181 -0.082013
0.319444 -0.0807246
0.318576 -0.0793299
0.347222 -0.0777451
0.352431 -0.0760503
0.335069 -0.0745496
0.322049 -0.07291
0.287326 -0.071134
0.294271 -0.0693209
0.302083 -0.0676593
0.345486 -0.0659668
0.359375 -0.0643146
0.365451 -0.0627026
0.347222 -0.061215
0.358507 -0.0597573
0.367188 -0.0583076
0.384549 -0.0569223
0.390625 -0.0555011
0.414062 -0.0540207
0.412326 -0.052671
0.434896 -0.051324
0.421007 -0.0500582
0.427951 -0.0487631
0.451389 -0.0476521
0.473958 -0.0465951
0.473958 -0.0457208
0.5 -0.0447777
0.502604 -0.0438888
0.493056 -0.0429492
0.47309 -0.0422112
0.49566 -0.0413919
0.500868 -0.0406327
0.529514 -0.0396786
0.501736 -0.0387415
0.517361 -0.0378004
0.513021 -0.0368694
0.538194 -0.0360624
0.529514 -0.0355335
0.555556 -0.0350046
0.560764 -0.0346533
0.568576 -0.0342353
0.551215 -0.0339143
0.552083 -0.0336061
0.561632 -0.0332369
0.544271 -0.0327723
0.551215 -0.032106
0.553819 -0.0313262
0.533854 -0.0305776
0.533854 -0.0301799
0.528646 -0.0295572
0.505208 -0.0291833
0.497396 -0.0288202
0.512153 -0.0282204
0.506944 -0.0274963
0.532118 -0.0269198
0.521701 -0.0261553
0.513021 -0.0257389
0.50434 -0.0252115
0.523438 -0.0246457
0.557292 -0.0239229
0.541667 -0.0232169
0.544271 -0.0224213
0.520833 -0.0217487
0.49566 -0.0210395
0.513021 -0.0201657
0.514757 -0.0189949
0.518229 -0.0176042
0.503472 -0.016311
0.52691 -0.0153709
0.521701 -0.0147388
0.502604 -0.0140644
0.488715 -0.0133402
0.493056 -0.0127271
0.517361 -0.0119467
0.521701 -0.0111068
0.50434 -0.0102927
0.474826 -0.00939815
0.484375 -0.0088341
0.492188 -0.00827897
0.496528 -0.00777662
0.489583 -0.00741659
0.500868 -0.00665012
0.507812 -0.00593999
0.513889 -0.00528873
0.524306 -0.00476859
0.510417 -0.00449655
0.544271 -0.00409594
0.548611 -0.00383362
0.565972 -0.00339193
0.570312 -0.00286708
0.604167 -0.00225183
0.598958 -0.00193693
0.59809 -0.00166077
0.564236 -0.00150543
0.582465 -0.00119647
0.600694 -0.000752827
0.587674 -0.000325998
0.578125 0.000151023
0.552951 0.000617653
0.533854 0.00106582
0.538194 0.00191149
0.515625 0.00237492
0.503472 0.00277116
0.532118 0.00311307
0.536458 0.00353981
0.5625 0.00363159
0.571181 0.00390148
0.517361 0.00402645
0.506944 0.00395287
0.50434 0.00392741
0.518229 0.00382222
0.493924 0.00370605
0.471354 0.00395595
0.453125 0.00411713
0.448785 0.00419181
0.432292 0.00455757
0.423611 0.00489964
0.421007 0.00540529
0.404514 0.006075
0.414062 0.00667304
0.434896 0.00717
0.422743 0.00757154
0.451389 0.00793862
0.465278 0.00835938
0.458333 0.00859166
0.453993 0.00876222
0.462674 0.00889342
0.472222 0.00877229
0.456597 0.00872741
0.442708 0.00876812
0.411458 0.00901089
0.418403 0.00916766
0.409722 0.00934513
0.40191 0.00940272
0.386285 0.00939905
0.400174 0.00935762
0.40625 0.00916543
0.362847 0.00928972
0.355035 0.00941324
0.353299 0.00952293
0.373264 0.00982305
0.407118 0.00974991
0.414931 0.00950216
0.398438 0.0090883
0.422743 0.00885793
0.419271 0.00863791
0.427083 0.00872148
0.426215 0.0087459
0.43316 0.008852
0.43316 0.00891161
0.432292 0.00887225
0.417535 0.00906621
0.385417 0.00926452
0.364583 0.00945214
0.384549 0.010024
0.404514 0.010284
0.421007 0.0105192
0.414931 0.0107257
0.425347 0.0108186
0.418403 0.0110953
0.417535 0.0114601
0.421875 0.0116868
0.408854 0.0120177
0.394965 0.0123098
0.373264 0.0123872
0.358507 0.0124715
0.334201 0.0125982
0.334201 0.0126119
0.327257 0.0126113
0.298611 0.0127421
0.28559 0.0130279
0.278646 0.0132499
0.256944 0.0132005
0.262153 0.0133764
0.227431 0.013467
0.230035 0.0132739
0.186632 0.013017
0.151042 0.0126992
0.15625 0.0123814
0.171875 0.0122882
0.184028 0.012516
0.192708 0.0126565
0.217014 0.0125429
0.199653 0.0123216
0.230035 0.0121472
0.210069 0.0123702
0.204861 0.0124169
0.210938 0.012333
0.270833 0.0124543
0.247396 0.0127193
0.261285 0.0132907
0.229167 0.0137394
0.220486 0.0145476
0.243924 0.015269
0.233507 0.0158127
0.247396 0.0161989
0.264757 0.0163912
0.256076 0.0166665
0.287326 0.0170912
0.257812 0.0174154
0.276042 0.0176369
0.256944 0.0176421
0.248264 0.0178658
0.25 0.0179206
0.276042 0.0178401
0.3125 0.0178869
0.328125 0.0180137
0.293403 0.0180578
0.276042 0.0182215
0.25434 0.0183607
0.238715 0.0185491
0.242188 0.0187746
0.261285 0.0189084
0.220486 0.0191606
0.235243 0.0191311
0.222222 0.0191986
0.210069 0.0191795
0.227431 0.0191887
0.236111 0.0191544
0.224826 0.0188823
0.21875 0.0186381
0.226562 0.0185364
0.222222 0.01854
0.203125 0.0186821
0.185764 0.0188144
0.203125 0.0188737
0.190972 0.019002
0.184896 0.0191297
0.1875 0.0192053
0.196181 0.0193152
0.21441 0.0192974
0.247396 0.0194958
0.22309 0.0196758
0.195312 0.0199387
0.178819 0.0198702
0.203125 0.0199042
0.211806 0.0201249
0.213542 0.0204342
0.182292 0.0207349
0.162326 0.0212021
0.138021 0.0214411
0.109375 0.0216335
0.113715 0.0217668
0.143229 0.0217621
0.179688 0.0220203
0.194444 0.022295
0.171875 0.0227971
0.178819 0.023084
0.158854 0.0232938
0.155382 0.0235427
0.152778 0.0239162
0.158854 0.0242128
0.157118 0.0243452
0.162326 0.0246964
0.164062 0.025112
0.16059 0.0252749
0.138021 0.0254299
0.140625 0.0255082
0.0789931 0.0254718
0.0798611 0.0254733
0.0668403 0.025877
0.0694444 0.0261746
0.0625 0.0266833
0.0694444 0.027144
0.0659722 0.0277223
0.0251736 0.0282282
0.00434028 0.0291613
0.0321181 0.0301015
0.0520833 0.0310929
0.0538194 0.032053
0.0503472 0.0331158
0.0373264 0.0339913
0.0494792 0.0349375
0.0381944 0.0358704
0.0442708 0.0369008
0.0329861 0.0381742
0.0460069 0.0393855
0.0520833 0.0405364
0.0199653 0.0416861
0.0321181 0.0425492
0.0355903 0.043569
0.0590278 0.0442265
0.0138889 0.0448049
0.0217014 0.0453962
0.00173611 0.0461755
0.0329861 0.0468771
0.0364583 0.0474003
0.0121528 0.0479635
0.0199653 0.0484405
0.0303819 0.04898
0.0763889 0.0495846
0.0729167 0.0504397
0.0876736 0.0512517
0.0746528 0.052044
0.103299 0.052956
0.111111 0.0537677
0.123264 0.0545951
0.173611 0.0554492
0.152778 0.0564454
0.182292 0.0576402
0.210938 0.0588808
0.201389 0.0602019
0.248264 0.0612293
0.264757 0.0621736
0.270833 0.0630423
0.258681 0.0639907
0.256944 0.0651713
0.252604 0.066123
0.270833 0.0673233
0.246528 0.0684363
0.263889 0.0695424
0.282986 0.0706035
0.270833 0.0717011
0.302951 0.0730521
0.336806 0.0743231
0.307292 0.0755331
0.330729 0.0768035
0.315972 0.0782887
0.328125 0.0796315
0.304688 0.0806514
0.30816 0.0815652
0.317708 0.0824477
0.322917 0.0831823
0.309896 0.0837704
0.310764 0.0843932
0.328125 0.0849086
0.322917 0.085367
0.337674 0.0859209
0.297743 0.0862264
0.300347 0.086651
0.332465 0.0868664
0.326389 0.0873864
0.315104 0.0881023
0.326389 0.0887615
0.354167 0.0892988
0.374132 0.0899181
0.353299 0.0906071
0.345486 0.0915547
0.349826 0.0926892
0.346354 0.0939389
0.335069 0.0953517
0.34809 0.0965323
0.340278 0.0976424
0.330729 0.0986274
0.354167 0.099631
0.373264 0.100362
0.362847 0.101169
0.351562 0.1019
0.333333 0.102526
0.333333 0.103211
0.342014 0.103819
0.330729 0.104272
0.354167 0.10479
0.34375 0.10513
0.34809 0.105483
0.302083 0.106013
0.341146 0.106715
0.37934 0.107212
0.388021 0.107768
0.371528 0.108214
0.385417 0.108994
0.41059 0.109849
0.434896 0.110506
0.407118 0.111314
0.425347 0.111965
0.412326 0.112597
0.383681 0.112954
0.37934 0.113375
0.362847 0.113663
0.373264 0.113936
0.336806 0.114083
0.314236 0.114551
0.336806 0.114727
0.342014 0.115071
0.365451 0.115452
0.388021 0.115972
0.353299 0.116291
0.361111 0.116582
0.337674 0.116922
0.311632 0.117646
0.315972 0.118047
0.328125 0.118195
0.314236 0.118272
0.335938 0.118407
0.294271 0.118358
0.302951 0.11834
0.315972 0.118608
0.34375 0.118916
0.373264 0.119421
0.368056 0.119927
0.381076 0.120323
0.399306 0.120819
0.411458 0.121408
0.403646 0.122024
0.432292 0.122588
0.423611 0.123066
0.448785 0.123447
0.434028 0.1237
0.438368 0.123828
0.414931 0.123896
0.425347 0.124072
0.435764 0.124067
0.423611 0.124325
0.412326 0.124352
0.450521 0.12437
0.482639 0.12446
0.490451 0.124583
0.494792 0.124957
0.505208 0.125444
0.508681 0.125987
0.480035 0.126486
0.478299 0.127112
0.471354 0.127934
0.49566 0.128643
0.516493 0.129209
0.529514 0.129876
0.554688 0.130721
0.585069 0.131809
0.579861 0.132794
0.605035 0.133768
0.621528 0.134653
0.592014 0.13548
0.612847 0.13643
0.578993 0.137256
0.5625 0.138211
0.572049 0.139207
0.568576 0.140269
0.574653 0.141442
0.570312 0.142613
0.559028 0.143892
0.555556 0.145432
0.552951 0.146714
0.55816 0.147939
0.576389 0.149186
0.602431 0.150185
0.572917 0.151264
0.557292 0.152346
0.534722 0.153581
0.541667 0.154763
0.574653 0.156108
0.59809 0.157093
0.583333 0.157882
0.599826 0.158652
0.592882 0.159398
0.549479 0.160093
0.545139 0.160719
0.520833 0.161609
0.506076 0.162754
0.503472 0.16409
0.50434 0.165449
0.546875 0.16695
0.5625 0.16838
0.599826 0.169763
0.573785 0.17107
0.56684 0.172216
0.555556 0.173261
0.567708 0.174418
0.539931 0.175429
0.572917 0.17664
0.585938 0.177607
0.571181 0.17841
0.568576 0.179219
0.580729 0.179896
0.567708 0.180714
0.53559 0.181614
0.496528 0.182361
0.454861 0.183082
0.460069 0.183699
0.461806 0.183989
0.429688 0.184386
0.421875 0.184733
0.421875 0.185174
0.402778 0.185909
0.443576 0.18681
0.417535 0.187712
0.377604 0.18854
0.429688 0.189317
0.442708 0.18996
0.445312 0.190668
0.470486 0.191251
0.451389 0.191611
0.463542 0.192144
0.458333 0.192636
0.448785 0.193067
0.40191 0.193597
0.361979 0.194119
0.324653 0.194737
0.364583 0.195433
0.352431 0.196128
0.325521 0.197101
0.317708 0.197965
0.348958 0.198817
0.355903 0.199691
0.347222 0.200573
0.337674 0.201372
0.341146 0.201953
0.34809 0.202454
0.319444 0.203261
0.30816 0.204143
0.301215 0.205078
0.259549 0.205729
0.25 0.20618
0.295139 0.206441
0.273438 0.206966
0.279514 0.20768
0.292535 0.208243
0.300347 0.208903
0.349826 0.209688
0.378472 0.210237
0.404514 0.210846
0.421007 0.21151
0.427951 0.212391
0.460069 0.213236
0.470486 0.213957
0.490451 0.21472
0.493924 0.215486
0.487847 0.216301
0.499132 0.216877
0.539931 0.217265
0.557292 0.217651
0.567708 0.218075
0.560764 0.218619
0.549479 0.219425
0.578993 0.220155
0.618924 0.220932
0.638889 0.221805
0.628472 0.222945
0.641493 0.224147
0.618924 0.22527
0.618924 0.226428
0.631076 0.227328
0.643229 0.228345
0.638021 0.229583
0.662326 0.23079
0.631944 0.232035
0.610243 0.233529
0.621528 0.23479
0.652778 0.236295
0.650174 0.237816
0.654514 0.239426
0.632812 0.240944
0.645833 0.242417
0.642361 0.243715
0.615451 0.245145
0.618056 0.246424
0.658854 0.24757
0.662326 0.248765
0.658854 0.249689
0.658854 0.250516
0.68316 0.251274
0.65625 0.2518
0.662326 0.252906
0.686632 0.253967
0.68316 0.255077
0.69184 0.256573
0.684896 0.257967
0.689236 0.259374
0.657118 0.260912
0.663194 0.262492
0.669271 0.264356
0.657986 0.266272
0.657986 0.267789
0.645833 0.269273
0.605035 0.270688
0.630208 0.272315
0.641493 0.274025
0.674479 0.275587
0.650174 0.276688
0.638021 0.277606
0.644965 0.278699
0.649306 0.27951
0.655382 0.280414
0.66059 0.281388
0.695312 0.282325
0.682292 0.283383
0.703993 0.284446
0.716146 0.285517
0.707465 0.286563
0.736979 0.287537
0.733507 0.288557
0.729167 0.289671
0.719618 0.290698
0.69184 0.291872
0.690972 0.293046
0.6875 0.294092
0.693576 0.294965
0.669271 0.29591
0.681424 0.297041
0.695312 0.297856
0.679688 0.298487
0.671875 0.299123
0.663194 0.299945
0.675347 0.30098
0.684896 0.302323
0.652778 0.303399
0.65625 0.304473
0.662326 0.305463
0.671007 0.306781
0.646701 0.308008
0.679688 0.309434
0.668403 0.310392
0.670139 0.311371
0.65191 0.312476
0.642361 0.313467
0.644097 0.314206
0.676215 0.315224
0.699653 0.315979
0.681424 0.316898
0.65625 0.317951
0.621528 0.318866
0.603299 0.319903
0.592014 0.321163
0.587674 0.322011
0.611111 0.3228
0.628472 0.32332
0.607639 0.323931
0.603299 0.324575
0.633681 0.325255
0.611979 0.326153
0.594618 0.327176
0.591146 0.328085
0.596354 0.32879
0.604167 0.32935
0.62934 0.329926
0.605035 0.330642
0.581597 0.331306
0.598958 0.331811
0.618924 0.332241
0.632812 0.332705
0.631944 0.333158
0.670139 0.33345
0.652778 0.33371
0.658854 0.334289
0.653646 0.334773
0.667535 0.334968
0.665799 0.335077
0.665799 0.335256
0.652778 0.335197
0.665799 0.335432
0.686632 0.335819
0.663194 0.336136
0.643229 0.33652
0.616319 0.33715
0.628472 0.337577
0.576389 0.33785
0.592014 0.338089
0.605903 0.338175
0.598958 0.338325
0.555556 0.338102
0.52691 0.338112
0.515625 0.337964
0.565972 0.337946
0.584201 0.337611
0.580729 0.337202
0.574653 0.336584
0.565104 0.335966
0.55816 0.335188
0.567708 0.334523
0.551215 0.33416
0.546007 0.333783
0.559896 0.333405
0.556424 0.332835
0.580729 0.332223
0.587674 0.331751
0.581597 0.331136
0.586806 0.3308
0.571181 0.330562
0.548611 0.330144
0.534722 0.329518
0.527778 0.3292
0.525174 0.328793
0.53125 0.328682
0.52691 0.328729
0.570312 0.328882
0.585938 0.329114
0.5625 0.329197
0.559896 0.329
0.538194 0.328715
0.559896 0.328775
0.578125 0.32892
0.597222 0.329304
0.599826 0.329758
0.596354 0.329973
0.578125 0.330446
0.563368 0.33054
0.586806 0.330627
0.607639 0.330432
0.587674 0.330171
0.598958 0.330353
0.59809 0.330576
0.614583 0.330769
0.618924 0.330814
0.584201 0.330528
0.575521 0.330722
0.578125 0.330723
0.5625 0.330843
0.546007 0.3311
0.557292 0.331337
0.588542 0.331491
0.601562 0.331439
0.572049 0.331449
0.596354 0.331439
0.604167 0.331359
0.595486 0.331329
0.611979 0.331331
0.612847 0.331505
0.613715 0.331625
0.598958 0.331599
0.611979 0.331634
0.596354 0.331888
0.609375 0.332309
0.616319 0.33249
0.590278 0.332728
0.602431 0.332907
0.621528 0.333072
0.642361 0.333286
0.672743 0.333542
0.626736 0.333653
0.605035 0.333776
0.643229 0.333789
0.615451 0.33358
0.617188 0.333192
0.615451 0.332832
0.628472 0.33247
0.643229 0.332075
0.633681 0.331819
0.617188 0.331732
0.592014 0.331642
0.576389 0.331609
0.575521 0.331728
0.588542 0.332017
0.597222 0.332294
0.583333 0.332834
0.577257 0.333219
0.605035 0.333841
0.607639 0.334022
0.595486 0.333822
0.573785 0.333671
0.572917 0.333511
0.601562 0.333256
0.576389 0.332972
0.543403 0.332411
0.555556 0.33201
0.551215 0.33147
0.53125 0.330553
0.540799 0.329747
0.564236 0.328886
0.574653 0.328088
0.575521 0.327594
0.584201 0.326997
0.605035 0.326108
0.565972 0.325041
0.565104 0.324007
0.582465 0.323346
0.580729 0.322821
0.578125 0.322443
0.598958 0.32215
0.587674 0.321673
0.561632 0.321066
0.540799 0.320646
0.523438 0.320123
0.567708 0.319451
0.584201 0.318863
0.584201 0.318009
0.559896 0.316969
0.567708 0.316297
0.532986 0.315506
0.534722 0.314607
0.537326 0.31373
0.540799 0.312343
0.555556 0.311157
0.573785 0.309897
0.55816 0.308639
0.552951 0.307431
0.56684 0.306289
0.561632 0.305149
0.585069 0.303811
0.59809 0.302537
0.585938 0.301349
0.575521 0.300152
0.563368 0.298927
0.58941 0.297586
0.569444 0.296161
0.569444 0.294608
0.537326 0.292877
0.536458 0.291352
0.552951 0.289783
0.547743 0.288404
0.540799 0.287181
0.565972 0.286008
0.559028 0.285046
0.56684 0.283922
0.561632 0.28272
0.600694 0.281725
0.604167 0.281026
0.587674 0.280565
0.591146 0.27996
0.591146 0.279282
0.563368 0.278569
0.549479 0.277702
0.570312 0.276896
0.568576 0.276006
0.564236 0.275116
0.578993 0.274272
0.5625 0.27342
0.53559 0.272573
0.549479 0.271598
0.556424 0.270678
0.556424 0.269499
0.533854 0.268692
0.544271 0.268105
0.528646 0.267261
0.506944 0.266538
0.513889 0.265643
0.522569 0.264733
0.527778 0.263789
0.516493 0.262805
0.521701 0.261843
0.519965 0.260926
0.520833 0.260016
0.502604 0.259122
0.496528 0.25842
0.541667 0.257839
0.541667 0.257092
0.537326 0.256663
0.503472 0.256652
0.489583 0.256524
0.481771 0.256231
0.491319 0.256058
0.494792 0.25581
0.496528 0.255439
0.501736 0.255034
0.49566 0.254637
0.492188 0.254119
0.500868 0.253494
0.460938 0.252752
0.457465 0.25242
0.505208 0.25189
0.462674 0.251228
0.443576 0.250391
0.43316 0.249336
0.442708 0.24842
0.445312 0.247574
0.438368 0.246645
0.407118 0.245677
0.428819 0.244677
0.416667 0.243858
0.382812 0.242817
0.389757 0.241925
0.377604 0.24124
0.408854 0.240626
0.389757 0.240192
0.347222 0.239382
0.37066 0.23867
0.378472 0.237682
0.395833 0.236925
0.394097 0.235932
0.375868 0.235203
0.363715 0.234496
0.37934 0.233862
0.365451 0.233213
0.363715 0.232736
0.368056 0.232174
0.323785 0.231602
0.357639 0.231045
0.371528 0.230208
0.369792 0.229375
0.358507 0.228715
0.383681 0.228064
0.386285 0.227415
0.396701 0.226431
0.386285 0.225242
0.391493 0.22398
0.397569 0.222983
0.384549 0.221886
0.384549 0.220976
0.37066 0.220091
0.365451 0.219236
0.377604 0.218195
0.380208 0.217136
0.352431 0.216111
0.334201 0.215246
0.346354 0.214318
0.327257 0.213534
0.333333 0.21275
0.34809 0.211691
0.337674 0.210506
0.3125 0.209067
0.301215 0.207841
0.289062 0.206747
0.270833 0.205653
0.263021 0.204739
0.276042 0.203561
0.287326 0.202133
0.264757 0.200737
0.275174 0.199444
0.237847 0.198384
0.289931 0.197553
0.257812 0.196961
0.264757 0.196796
0.258681 0.196402
0.238715 0.195714
0.228299 0.194846
0.228299 0.194041
0.202257 0.193219
0.213542 0.192668
0.216146 0.192337
0.231771 0.191819
0.220486 0.191377
0.212674 0.190917
0.225694 0.190347
0.224826 0.18999
0.24566 0.189377
0.25434 0.188953
0.269965 0.188781
0.256944 0.1885
0.251736 0.187891
0.250868 0.187355
0.269097 0.186681
0.284722 0.185963
0.300347 0.185224
0.323785 0.184685
0.311632 0.184077
0.347222 0.183421
0.340278 0.182609
0.340278 0.181986
0.307292 0.181379
0.287326 0.180918
0.274306 0.180368
0.269097 0.179816
0.279514 0.179496
0.266493 0.179161
0.28559 0.178541
0.313368 0.177649
0.296007 0.17661
0.300347 0.175642
0.296875 0.174731
0.256076 0.17383
0.286458 0.173199
0.288194 0.172755
0.276042 0.172246
0.296875 0.171652
0.30816 0.17096
0.294271 0.170237
0.311632 0.169731
0.288194 0.169112
0.28125 0.168445
0.309896 0.167606
0.292535 0.166662
0.309028 0.165649
0.300347 0.164917
0.289062 0.164101
0.28559 0.163334
0.301215 0.162591
0.287326 0.161535
0.284722 0.160377
0.275174 0.159301
0.302083 0.158296
0.328125 0.157076
0.311632 0.156107
0.34809 0.155032
0.369792 0.154109
0.342882 0.153159
0.322917 0.152196
0.376736 0.15154
0.404514 0.150905
0.413194 0.150271
0.409722 0.149328
0.400174 0.148505
0.422743 0.14781
0.417535 0.146784
0.438368 0.145901
0.467014 0.144917
0.447049 0.143808
0.439236 0.142794
0.427083 0.141894
0.395833 0.141204
0.427951 0.140492
0.418403 0.139836
0.439236 0.139143
0.440972 0.138493
0.420139 0.137833
0.4375 0.137297
0.428819 0.136733
0.456597 0.136193
0.447049 0.135647
0.404514 0.135035
0.395833 0.134342
0.424479 0.133736
0.385417 0.132875
0.416667 0.132329
0.408854 0.131806
0.446181 0.131387
0.415799 0.130722
0.409722 0.130316
0.428819 0.130061
0.448785 0.129817
0.447049 0.129615
0.434896 0.129203
0.447049 0.128744
0.417535 0.128293
0.416667 0.127753
0.454861 0.127545
0.466146 0.126857
0.465278 0.126333
0.451389 0.125658
0.440972 0.125087
0.438368 0.12459
0.444444 0.124245
0.44184 0.123818
0.460938 0.123485
0.465278 0.123302
0.479167 0.12336
0.446181 0.123439
0.461806 0.12322
0.496528 0.122821
0.515625 0.122282
0.530382 0.12174
0.551215 0.12135
0.512153 0.121102
0.541667 0.120468
0.544271 0.119716
0.530382 0.118958
0.518229 0.118449
0.527778 0.11806
0.515625 0.117566
0.530382 0.116957
0.512153 0.116322
0.507812 0.115932
0.481771 0.115213
0.494792 0.11453
0.481771 0.114031
0.499132 0.113623
0.480035 0.113434
0.486979 0.113331
0.488715 0.113464
0.489583 0.113079
0.49566 0.112516
0.509549 0.111944
0.520833 0.111544
0.527778 0.111003
0.522569 0.1107
0.545139 0.110253
0.561632 0.109565
0.582465 0.109199
0.578993 0.108914
0.582465 0.108777
0.56684 0.108447
0.569444 0.107895
0.570312 0.107144
0.600694 0.106474
0.590278 0.105709
0.611111 0.105119
0.621528 0.104432
0.648438 0.103925
0.653646 0.103122
0.653646 0.102044
0.649306 0.101042
0.665799 0.0999758
0.659722 0.0991304
0.682292 0.0981369
0.674479 0.0968327
0.66059 0.0955991
0.652778 0.0944904
0.618056 0.0936113
0.636285 0.0926485
0.62934 0.0918845
0.62934 0.0910328
0.653646 0.0902299
0.631076 0.0893978
0.618924 0.088573
0.605903 0.0877105
0.595486 0.0869148
0.628472 0.0859989
0.646701 0.0854499
0.653646 0.0849901
0.657118 0.0843978
0.616319 0.0837184
0.617188 0.0832449
0.640625 0.0827618
0.633681 0.0824808
0.676215 0.0822821
0.666667 0.0821347
0.679688 0.081956
0.666667 0.0817995
0.693576 0.0816613
0.727431 0.0813307
0.71875 0.0811935
0.703125 0.0809433
0.695312 0.0807346
0.697049 0.0805126
0.701389 0.080628
0.69184 0.0804792
0.673611 0.0801587
0.661458 0.0799907
0.674479 0.0796572
0.673611 0.079387
0.68316 0.0792217
0.711806 0.0791139
0.705729 0.0787418
0.689236 0.0786187
0.694444 0.07825
0.675347 0.0777316
0.676215 0.0771761
0.69184 0.0765479
0.690972 0.0758399
0.678819 0.0749921
0.671007 0.073962
0.677951 0.0729324
0.694444 0.0720548
0.702257 0.0714787
0.711806 0.0710776
0.684896 0.0704456
0.707465 0.0698536
0.717014 0.0691217
0.721354 0.0682217
0.724826 0.0673473
0.773438 0.0662342
0.769965 0.065303
0.789931 0.0642162
0.8125 0.0630222
0.772569 0.0619727
0.756076 0.061037
0.744792 0.0600741
0.753472 0.0590163
0.747396 0.0581831
0.756944 0.0575743
0.743056 0.0565841
0.721354 0.0557318
0.72309 0.0544836
0.689236 0.0531657
0.697049 0.0520256
0.71441 0.0509937
0.742188 0.0497418
0.746528 0.0487845
0.750868 0.0473397
0.729167 0.0457232
0.725694 0.0441199
0.707465 0.042438
0.724826 0.0409986
0.753472 0.0394791
0.782986 0.0379844
0.763889 0.0365033
0.743924 0.0351335
0.715278 0.0335651
0.723958 0.0320128
0.742188 0.0302515
0.727431 0.0287691
0.72309 0.0276616
0.721354 0.026568
0.709201 0.0254953
0.699653 0.024464
0.713542 0.023572
0.724826 0.0226479
0.717882 0.0220053
0.755208 0.0213208
0.743056 0.0203687
0.713542 0.019322
0.729167 0.0186299
0.744792 0.0183129
0.723958 0.0178082
0.690104 0.0174393
0.710069 0.0168272
0.704861 0.016294
0.717014 0.0159429
0.730903 0.0153813
0.737847 0.0147782
0.747396 0.0141094
0.762153 0.0134348
0.733507 0.0127349
0.734375 0.0121809
0.772569 0.0115582
0.762153 0.0106715
0.774306 0.0100044
0.797743 0.0092903
0.778646 0.00844895
0.778646 0.00745209
0.740451 0.0063526
0.715278 0.0052429
0.697049 0.00398648
0.689236 0.00271911
0.697049 0.00168643
0.704861 0.000688784
0.675347 -0.000609998
0.671875 -0.00171957
0.673611 -0.00288676
0.709201 -0.00401188
0.702257 -0.00516876
0.731771 -0.00639515
0.755208 -0.00767279
0.769097 -0.00861749
0.750868 -0.00962304
0.746528 -0.0108696
0.719618 -0.012127
0.72309 -0.0131582
0.705729 -0.0144858
0.679688 -0.015637
0.676215 -0.0167018
0.643229 -0.0175965
0.640625 -0.0183557
0.657986 -0.0194383
0.653646 -0.0205348
0.657118 -0.0214762
0.675347 -0.0222969
0.696181 -0.0230262
0.671007 -0.0241137
0.690104 -0.0249196
0.693576 -0.0258248
0.681424 -0.0267548
0.710938 -0.0273719
0.719618 -0.0276257
0.719618 -0.0280783
0.717014 -0.0289017
0.708333 -0.0296486
0.721354 -0.0301911
0.703993 -0.0308439
0.699653 -0.0317581
0.671007 -0.0324438
0.644965 -0.0330543
0.621528 -0.0336734
0.634549 -0.0346819
0.645833 -0.0357181
0.605035 -0.0367696
0.598958 -0.0377531
0.626736 -0.0386751
0.614583 -0.039588
0.605903 -0.0404883
0.596354 -0.0415057
0.614583 -0.0426116
0.621528 -0.0438296
0.607639 -0.0448967
0.631076 -0.0459525
0.634549 -0.0469339
0.648438 -0.0481242
0.631076 -0.0490627
0.648438 -0.0498987
0.650174 -0.0510326
0.606771 -0.0523115
0.637153 -0.0538167
0.647569 -0.0554953
0.623264 -0.0574566
0.616319 -0.0592313
0.646701 -0.0609243
0.632812 -0.0626988
0.627604 -0.0642846
0.671007 -0.0655963
0.664062 -0.0668073
0.670139 -0.0677083
0.651042 -0.0685468
0.636285 -0.0696047
0.647569 -0.0707364
0.654514 -0.0721489
0.644965 -0.0736591
0.638021 -0.0750296
0.638021 -0.0766402
0.65191 -0.0784313
0.662326 -0.0802043
0.674479 -0.0822684
0.665799 -0.0841399
0.663194 -0.0863575
0.677951 -0.0883985
0.669271 -0.0905218
0.663194 -0.0925676
0.665799 -0.0947629
0.694444 -0.0972959
0.698785 -0.0996415
0.709201 -0.101902
0.704861 -0.104175
0.71441 -0.105994
0.731771 -0.107767
0.720486 -0.109461
0.72309 -0.111081
0.706597 -0.112869
0.657118 -0.114509
0.644097 -0.115968
0.626736 -0.11727
0.659722 -0.118532
0.657118 -0.119876
0.690104 -0.12112
0.669271 -0.122739
0.649306 -0.124203
0.685764 -0.125627
0.671007 -0.127211
0.662326 -0.128778
0.626736 -0.13047
0.646701 -0.132125
0.62066 -0.133793
0.631944 -0.135557
0.606771 -0.137459
0.59809 -0.139213
0.595486 -0.140936
0.638021 -0.142361
0.66059 -0.14411
0.674479 -0.145545
0.703993 -0.147138
0.698785 -0.148384
0.71441 -0.149829
0.701389 -0.151296
0.688368 -0.15292
0.685764 -0.154326
0.652778 -0.155672
0.693576 -0.157264
0.704861 -0.1587
0.720486 -0.160083
0.750868 -0.161352
0.733507 -0.162532
0.783854 -0.163659
0.762153 -0.164624
0.759549 -0.165511
0.730035 -0.166347
0.724826 -0.167284
0.724826 -0.1682
0.75 -0.168746
0.772569 -0.168927
0.760417 -0.169315
0.755208 -0.16968
0.736111 -0.170025
0.748264 -0.170134
0.755208 -0.170293
0.739583 -0.170286
0.730903 -0.170386
0.766493 -0.17057
0.738715 -0.170596
0.741319 -0.170538
0.736111 -0.170569
0.739583 -0.170563
0.729167 -0.170603
0.730035 -0.170605
0.720486 -0.170484
0.740451 -0.170543
0.746528 -0.17076
0.720486 -0.171243
0.689236 -0.171942
0.709201 -0.17254
0.698785 -0.17324
0.703993 -0.173723
0.711806 -0.174382
0.730903 -0.174864
0.713542 -0.17542
0.707465 -0.175724
0.705729 -0.176263
0.717014 -0.17687
0.673611 -0.177577
0.665799 -0.178455
0.655382 -0.179614
0.677951 -0.180573
0.671875 -0.181538
0.680556 -0.182356
0.653646 -0.183093
0.647569 -0.184091
0.664931 -0.18524
0.655382 -0.186427
0.634549 -0.187415
0.657118 -0.188065
0.668403 -0.188882
0.643229 -0.189674
0.671875 -0.190654
0.685764 -0.191719
0.696181 -0.192518
0.668403 -0.19372
0.655382 -0.194953
0.628472 -0.19627
0.581597 -0.197426
0.59809 -0.198427
0.573785 -0.199321
0.569444 -0.200157
0.586806 -0.200872
0.587674 -0.201689
0.611111 -0.202435
0.565972 -0.203226
0.583333 -0.20374
0.586806 -0.204515
0.585069 -0.205319
0.565104 -0.206428
0.561632 -0.207792
0.554688 -0.209686
0.522569 -0.211488
0.532118 -0.213262
0.519097 -0.215155
0.484375 -0.216825
0.448785 -0.218502
0.466146 -0.220074
0.461806 -0.221764
0.467882 -0.223573
0.455729 -0.225328
0.466146 -0.227345
0.457465 -0.229218
0.463542 -0.231038
0.479167 -0.233147
0.473958 -0.234999
0.453125 -0.236981
0.46441 -0.239043
0.467014 -0.241073
0.483507 -0.243121
0.443576 -0.245099
0.399306 -0.247042
0.394965 -0.249048
0.415799 -0.250807
0.400174 -0.252451
0.426215 -0.254498
0.443576 -0.256455
0.446181 -0.25815
0.417535 -0.25971
0.392361 -0.261077
0.37934 -0.262225
0.380208 -0.263399
0.425347 -0.264107
0.404514 -0.264676
0.427951 -0.265329
0.436632 -0.265813
0.446181 -0.266344
0.478299 -0.266905
0.485243 -0.267825
0.497396 -0.268755
0.507812 -0.269633
0.513021 -0.270437
0.492188 -0.271267
0.487847 -0.271906
0.487847 -0.272397
0.442708 -0.272916
0.454861 -0.273505
0.448785 -0.274297
0.456597 -0.275097
0.459201 -0.276179
0.445312 -0.276989
0.440972 -0.277876
0.450521 -0.278694
0.481771 -0.279358
0.488715 -0.279985
0.480035 -0.280851
0.476562 -0.281855
0.494792 -0.282742
0.496528 -0.283476
0.473958 -0.284163
0.461806 -0.285049
0.427951 -0.286209
0.461806 -0.287601
0.440104 -0.289067
0.444444 -0.290231
0.443576 -0.291596
0.432292 -0.292887
0.420139 -0.294369
0.402778 -0.295507
0.429688 -0.296556
0.413194 -0.298023
0.392361 -0.299281
0.394097 -0.300515
0.403646 -0.301893
0.402778 -0.303257
0.381076 -0.304621
0.389757 -0.306175
0.381944 -0.307712
0.422743 -0.309281
0.438368 -0.310688
0.480035 -0.312022
0.463542 -0.313053
0.431424 -0.313815
0.411458 -0.314474
0.428819 -0.315198
0.436632 -0.316236
0.459201 -0.317626
0.453125 -0.319111
0.428819 -0.320446
0.407118 -0.322009
0.394965 -0.323285
0.405382 -0.324362
0.388021 -0.325402
0.419271 -0.326439
0.413194 -0.327573
0.393229 -0.328673
0.407118 -0.329899
0.413194 -0.331058
0.407986 -0.332257
0.395833 -0.333717
0.386285 -0.334943
0.364583 -0.336204
0.355035 -0.337575
0.399306 -0.339035
0.388021 -0.34031
0.337674 -0.341689
0.324653 -0.342932
0.302083 -0.344221
0.323785 -0.345175
0.335069 -0.346221
0.335938 -0.347073
0.376736 -0.348313
0.374132 -0.349775
0.371528 -0.351229
0.366319 -0.35254
0.357639 -0.354129
0.355903 -0.355765
0.311632 -0.357575
0.302951 -0.35921
0.294271 -0.360714
0.297743 -0.362154
0.270833 -0.363751
0.267361 -0.365509
0.271701 -0.367586
0.260417 -0.369744
0.269097 -0.37181
0.287326 -0.373761
0.267361 -0.375847
0.248264 -0.377834
0.240451 -0.379405
0.271701 -0.38104
0.293403 -0.382722
0.282118 -0.384683
0.282986 -0.386709
0.291667 -0.388749
0.293403 -0.390629
0.290799 -0.392496
0.262153 -0.394045
0.272569 -0.3957
0.261285 -0.397384
0.244792 -0.399006
0.246528 -0.40023
0.234375 -0.401246
0.263021 -0.402314
0.266493 -0.403241
0.243924 -0.404136
0.239583 -0.404764
0.253472 -0.405721
0.264757 -0.406467
0.247396 -0.407119
0.272569 -0.407638
0.294271 -0.408375
0.292535 -0.409191
0.286458 -0.410058
0.251736 -0.410892
0.230903 -0.411831
0.250868 -0.412647
0.25434 -0.413479
0.27691 -0.414515
0.283854 -0.415687
0.256944 -0.417175
0.256076 -0.418673
0.296007 -0.419756
0.332465 -0.420944
0.28559 -0.422362
0.298611 -0.424068
0.278646 -0.425764
0.289931 -0.427496
0.277778 -0.429131
0.27691 -0.43094
0.306424 -0.432337
0.315104 -0.433649
0.314236 -0.434498
0.30816 -0.435028
0.310764 -0.435689
0.324653 -0.436472
0.34375 -0.436957
0.334201 -0.4374
0.334201 -0.437594
0.358507 -0.437705
0.363715 -0.438106
0.332465 -0.438695
0.30816 -0.439322
0.320312 -0.439908
0.322917 -0.440507
0.297743 -0.441113
0.289062 -0.441614
0.292535 -0.44198
0.304688 -0.441968
0.3125 -0.442073
0.317708 -0.442213
0.355903 -0.44212
0.365451 -0.442329
0.362847 -0.442394
0.388021 -0.442265
0.387153 -0.441922
0.380208 -0.441573
0.391493 -0.441267
0.404514 -0.441131
0.425347 -0.441282
0.423611 -0.441113
0.419271 -0.441134
0.402778 -0.441244
0.407118 -0.441378
0.40191 -0.441444
0.395833 -0.441538
0.388021 -0.441645
0.392361 -0.441728
0.387153 -0.441873
0.368056 -0.441838
0.387153 -0.441876
0.361979 -0.441776
0.350694 -0.441697
0.33941 -0.44182
0.328125 -0.44208
0.324653 -0.442395
0.327257 -0.442532
0.337674 -0.442633
0.334201 -0.442743
0.328125 -0.442771
0.322049 -0.442774
0.311632 -0.44277
0.368924 -0.442834
0.37934 -0.443187
0.367188 -0.443743
0.366319 -0.444273
0.361979 -0.444999
0.355903 -0.445347
0.367188 -0.445774
0.384549 -0.445936
0.357639 -0.446378
0.356771 -0.446785
0.374132 -0.447447
0.417535 -0.448009
0.439236 -0.448824
0.461806 -0.449351
0.450521 -0.449869
0.477431 -0.449952
0.46875 -0.450219
0.471354 -0.450537
0.450521 -0.451191
0.46441 -0.451753
0.454861 -0.452174
0.476562 -0.452519
0.470486 -0.452475
0.456597 -0.45238
0.435764 -0.452539
0.449653 -0.452897
0.422743 -0.453202
0.402778 -0.453656
0.415799 -0.454436
0.403646 -0.455492
0.421875 -0.456146
0.407986 -0.45611
0.400174 -0.456105
0.396701 -0.455868
0.411458 -0.455922
0.435764 -0.455977
0.475694 -0.455697
0.475694 -0.455706
0.479167 -0.45535
0.476562 -0.454698
0.498264 -0.454118
0.493056 -0.453717
0.472222 -0.453324
0.483507 -0.45292
0.458333 -0.452374
0.439236 -0.451632
0.41059 -0.450323
0.422743 -0.448927
0.460938 -0.447699
0.479167 -0.446655
0.497396 -0.445415
0.485243 -0.44434
0.461806 -0.443188
0.440104 -0.442046
0.430556 -0.440861
0.478299 -0.439634
0.499132 -0.438493
0.469618 -0.437718
0.489583 -0.437191
0.470486 -0.436885
0.455729 -0.436355
0.453993 -0.435727
0.461806 -0.435534
0.452257 -0.435181
0.472222 -0.434796
0.426215 -0.434417
0.426215 -0.433923
0.440104 -0.433432
0.461806 -0.433077
0.527778 -0.432386
0.519097 -0.431779
0.529514 -0.430844
0.537326 -0.429938
0.544271 -0.428816
0.514757 -0.427735
0.498264 -0.426458
0.506076 -0.425379
0.483507 -0.424108
0.479167 -0.422834
0.476562 -0.4217
0.467014 -0.420757
0.486979 -0.419859
0.467882 -0.419109
0.449653 -0.418342
0.435764 -0.417718
0.467014 -0.417302
0.470486 -0.416681
0.491319 -0.415759
0.493056 -0.414813
0.489583 -0.413771
0.5 -0.412659
0.524306 -0.41153
0.541667 -0.4103
0.556424 -0.408898
0.615451 -0.407248
0.618056 -0.405898
0.632812 -0.404751
0.662326 -0.403417
0.649306 -0.402075
0.644097 -0.40068
0.677951 -0.39915
0.657986 -0.397857
0.635417 -0.396477
0.632812 -0.395144
0.611979 -0.394107
0.602431 -0.392832
0.621528 -0.391325
0.618924 -0.389752
0.630208 -0.38833
0.657986 -0.386683
0.652778 -0.38496
0.653646 -0.383353
0.602431 -0.382143
0.632812 -0.38052
0.614583 -0.378807
0.614583 -0.37721
0.595486 -0.375251
0.59809 -0.373536
0.594618 -0.371789
0.627604 -0.36979
0.642361 -0.367778
0.677083 -0.365562
0.693576 -0.363508
0.682292 -0.361707
0.684896 -0.360157
0.679688 -0.358353
0.680556 -0.356408
0.652778 -0.354734
0.654514 -0.352823
0.623264 -0.351069
0.648438 -0.349032
0.607639 -0.346452
0.590278 -0.343803
0.612847 -0.341186
0.611979 -0.338729
0.625 -0.336345
0.608507 -0.334019
0.624132 -0.331382
0.642361 -0.328602
0.627604 -0.325905
0.633681 -0.32303
0.618924 -0.320123
0.619792 -0.316966
0.600694 -0.314033
0.58941 -0.31105
0.569444 -0.307792
0.553819 -0.304598
0.585938 -0.301278
0.585069 -0.298072
0.578993 -0.294995
0.564236 -0.291873
0.550347 -0.288559
0.53559 -0.28553
0.552951 -0.282321
0.561632 -0.279315
0.530382 -0.276237
0.546875 -0.272796
0.540799 -0.269739
0.539062 -0.266363
0.557292 -0.263218
0.53559 -0.259791
0.527778 -0.256397
0.555556 -0.252829
0.53559 -0.248859
0.53559 -0.24512
0.517361 -0.24088
0.497396 -0.237032
0.511285 -0.233147
0.484375 -0.229271
0.448785 -0.225424
0.40625 -0.222004
0.395833 -0.218753
0.392361 -0.215538
0.357639 -0.212585
0.37066 -0.209774
0.386285 -0.206721
0.380208 -0.203965
0.381944 -0.201206
0.377604 -0.198176
0.394097 -0.195109
0.40625 -0.191945
0.360243 -0.188983
0.30816 -0.18545
0.37066 -0.181569
0.372396 -0.177944
0.376736 -0.173903
0.368924 -0.169785
0.376736 -0.166032
0.363715 -0.162307
0.388021 -0.158871
0.396701 -0.155384
0.424479 -0.152002
0.369792 -0.148519
0.341146 -0.145142
0.31684 -0.142007
0.296007 -0.139035
0.328993 -0.135803
0.309896 -0.13272
0.326389 -0.129172
0.282986 -0.125869
0.264757 -0.122795
0.272569 -0.119978
0.262153 -0.11701
0.264757 -0.113948
0.256076 -0.111033
0.291667 -0.107956
0.288194 -0.104824
0.283854 -0.101785
0.269965 -0.0987445
0.260417 -0.0958682
0.278646 -0.0929455
0.290799 -0.0902635
0.317708 -0.0871
0.315972 -0.0841559
0.320312 -0.0812632
0.346354 -0.0782348
0.344618 -0.0753159
0.354167 -0.0721744
0.345486 -0.068956
0.320312 -0.0657512
0.321181 -0.0626256
0.348958 -0.059372
0.345486 -0.0560416
0.330729 -0.0527346
0.31684 -0.0491585
0.311632 -0.045426
0.296875 -0.0418365
0.301215 -0.037964
0.311632 -0.0341913
0.345486 -0.0300838
0.33941 -0.0259263
0.328125 -0.0223045
0.317708 -0.0186934
0.299479 -0.015488
0.326389 -0.0118873
0.278646 -0.00839369
0.282986 -0.00501506
0.297743 -0.00173231
0.297743 0.00135707
0.298611 0.00484062
0.296875 0.00835653
0.272569 0.0113119
0.282986 0.0141791
0.328125 0.0174498
0.329861 0.020635
0.328993 0.024266
0.335069 0.0278048
0.352431 0.0308012
0.346354 0.033384
0.342014 0.0359928
0.347222 0.0386674
0.331597 0.0408905
0.303819 0.0433664
0.315104 0.0457967
0.345486 0.0483112
0.348958 0.0510217
0.342882 0.0537451
0.381944 0.056236
0.375 0.0583174
0.361979 0.0602934
0.34809 0.062458
0.349826 0.0645116
0.336806 0.0665699
0.378472 0.0686501
0.365451 0.0703409
0.377604 0.07201
0.380208 0.0739526
0.342014 0.075898
0.324653 0.0778691
0.319444 0.0797976
0.333333 0.081301
0.345486 0.082829
0.335938 0.0844066
0.360243 0.0859085
0.335938 0.0871575
0.335938 0.0884126
0.311632 0.0895166
0.265625 0.0909038
0.296007 0.0923417
0.302083 0.0937957
0.326389 0.0953185
0.332465 0.0965015
0.311632 0.0972394
0.309896 0.0980742
0.309028 0.0987588
0.345486 0.0994749
0.325521 0.100203
0.334201 0.100766
0.328125 0.101379
0.358507 0.102268
0.368056 0.103157
0.404514 0.10428
0.400174 0.105489
0.404514 0.106795
0.440104 0.108464
0.451389 0.109665
0.46441 0.111157
0.467882 0.112524
0.445312 0.113553
0.431424 0.114854
0.414062 0.115948
0.407118 0.117441
0.396701 0.119036
0.40191 0.120487
0.405382 0.12184
0.395833 0.123295
0.401042 0.124982
0.404514 0.126525
0.371528 0.12812
0.391493 0.129331
0.385417 0.130306
0.364583 0.131211
0.375 0.131953
0.387153 0.132425
0.381944 0.132867
0.377604 0.132591
0.375868 0.132424
0.360243 0.132389
0.355035 0.132288
0.360243 0.1321
0.381944 0.131787
0.357639 0.131889
0.404514 0.131961
0.439236 0.132095
0.431424 0.132127
0.447917 0.132265
0.457465 0.132184
0.452257 0.132023
0.440972 0.131725
0.469618 0.131421
0.494792 0.131118
0.46441 0.130685
0.422743 0.13005
0.424479 0.129636
0.428819 0.129429
0.445312 0.129456
0.438368 0.129369
0.440972 0.129246
0.438368 0.12898
0.462674 0.129044
0.460938 0.129254
0.457465 0.129412
0.43316 0.129255
0.478299 0.129251
0.492188 0.129065
0.470486 0.128982
0.472222 0.128898
0.46441 0.128521
0.445312 0.127821
0.432292 0.127032
0.452257 0.126235
0.419271 0.125368
0.431424 0.124087
0.43316 0.123136
0.421875 0.122358
0.434028 0.121789
0.409722 0.121093
0.426215 0.120102
0.434028 0.119361
0.440972 0.118442
0.449653 0.117351
0.452257 0.116577
0.449653 0.116133
0.459201 0.11562
0.481771 0.114925
0.462674 0.114162
0.450521 0.113667
0.457465 0.112981
0.447049 0.112586
0.453993 0.112443
0.431424 0.112434
0.414062 0.112424
0.413194 0.112528
0.381944 0.112593
0.390625 0.112503
0.382812 0.112459
0.390625 0.112424
0.388021 0.112124
0.403646 0.112166
0.416667 0.112535
0.432292 0.112696
0.427951 0.112979
0.460938 0.112984
0.474826 0.112605
0.463542 0.112057
0.470486 0.111625
0.460069 0.111515
0.456597 0.111181
0.438368 0.110584
0.396701 0.10984
0.392361 0.108952
0.381944 0.108207
0.408854 0.107358
0.396701 0.106509
0.391493 0.105585
0.393229 0.104917
0.338542 0.103926
0.335938 0.10291
0.358507 0.102149
0.361979 0.101128
0.348958 0.100126
0.355903 0.099508
0.337674 0.0991445
0.327257 0.0989125
0.319444 0.0988781
0.324653 0.0985648
0.329861 0.0983814
0.34809 0.0982398
0.366319 0.0983141
0.355903 0.0985793
0.355903 0.0991453
0.304688 0.0996786
0.30816 0.100151
0.284722 0.100338
0.307292 0.100673
0.286458 0.100983
0.310764 0.1013
0.295139 0.101796
0.295139 0.102131
0.286458 0.10262
0.302951 0.102763
0.320312 0.102787
0.314236 0.102518
0.282986 0.102419
0.318576 0.102192
0.314236 0.10216
0.291667 0.102097
0.291667 0.102042
0.28559 0.10174
0.293403 0.101255
0.282986 0.100415
0.28559 0.0998346
0.289062 0.0996164
0.276042 0.0994091
0.261285 0.0995055
0.261285 0.0998257
0.272569 0.0997531
0.269965 0.099361
0.263889 0.0991237
0.243924 0.0987936
0.234375 0.0982461
0.264757 0.0981689
0.279514 0.098197
0.289062 0.0983841
0.296007 0.0984821
0.277778 0.0982047
0.256076 0.0980199
0.27691 0.098006
0.280382 0.0977566
0.273438 0.0976472
0.268229 0.0970807
0.289931 0.0961287
0.253472 0.0951266
0.237847 0.0942879
0.236979 0.0934645
0.21875 0.0924014
0.220486 0.0915141
0.238715 0.0906119
0.228299 0.0898734
0.197049 0.0891108
0.176215 0.0879561
0.149306 0.0869003
0.146701 0.0860147
0.151042 0.0849875
0.162326 0.083762
0.146701 0.0823923
0.157986 0.0815429
0.188368 0.0806518
0.207465 0.0793991
0.190104 0.0784711
0.188368 0.077235
0.176215 0.076354
0.174479 0.0753421
0.21441 0.0742681
0.215278 0.073228
0.236979 0.0722902
0.236111 0.0712012
0.260417 0.0706123
0.265625 0.0697939
0.282986 0.068855
0.256076 0.0681486
0.236979 0.0673908
0.229167 0.0671071
0.1875 0.066987
0.212674 0.0667073
0.182292 0.0665442
0.203993 0.0668773
0.190104 0.0666421
0.181424 0.0663318
0.197917 0.0659139
0.190972 0.0652955
0.184896 0.0649413
0.244792 0.0644434
0.247396 0.0638518
0.259549 0.0635463
0.253472 0.0633732
0.242188 0.0628892
0.215278 0.0624146
0.217882 0.0617651
0.149306 0.0613976
0.0980903 0.0609047
0.114583 0.0601007
0.0998264 0.0593474
0.148438 0.0585105
0.130208 0.0576045
0.136285 0.0568219
0.137153 0.0560656
0.186632 0.0550996
0.170139 0.0544751
0.157986 0.0540901
0.157986 0.0537904
0.122396 0.053443
0.107639 0.0531856
0.135417 0.0531508
0.115451 0.0530835
0.118924 0.0530906
0.104167 0.0529635
0.0746528 0.0527276
0.0998264 0.0521542
0.100694 0.0518624
0.0928819 0.0515901
0.0833333 0.0514062
0.0659722 0.0515246
0.0616319 0.0514798
0.0590278 0.0514686
0.0772569 0.0511069
0.0902778 0.0506042
0.0746528 0.0500816
0.102431 0.0498712
0.0998264 0.0492771
0.101562 0.0489004
0.102431 0.0488297
0.0850694 0.0488863
0.0616319 0.0493859
0.0598958 0.0500283
0.0425347 0.0504878
0.0460069 0.0508284
0.0494792 0.0508925
0.0520833 0.0510599
0.0277778 0.0513541
0.0416667 0.0513398
0.0329861 0.0512648
0.0407986 0.0511923
0.0112847 0.0511329
0.00173611 0.0510343
0.0217014 0.0509946
0.00868056 0.0511114
0.00954861 0.0515371
0.00434028 0.0518571
0.0182292 0.0518903
0.0355903 0.0523249
0.0347222 0.0529335
0.0138889 0.0535693
0.0269097 0.0543292
0.03125 0.0545978
0.0711806 0.0547019
0.0954861 0.0545214
0.116319 0.0545446
0.107639 0.0544993
0.103299 0.0545782
0.101562 0.0541883
0.110243 0.0536225
0.101562 0.0533385
0.0868056 0.0528463
0.102431 0.0522359
0.115451 0.0515075
0.106771 0.0511331
0.0980903 0.0508287
0.109375 0.0503298
0.107639 0.0499889
0.102431 0.0498176
0.0755208 0.0496152
0.0598958 0.0495681
0.0399306 0.0492081
0.00347222 0.0490663
0.0182292 0.0489616
0.0286458 0.0487116
0.0225694 0.048627
0.0416667 0.0484211
0.0668403 0.0477961
0.0868056 0.0475833
0.0746528 0.0473227
0.0755208 0.0477415
0.0642361 0.0479464
0.0746528 0.0479339
0.0677083 0.0482035
0.0789931 0.0486777
0.0633681 0.0485641
0.0598958 0.0480488
0.0416667 0.0478068
0.0564236 0.0479625
0 0.0479748
0.00434028 0.0483083
0.0104167 0.0490087
0.0225694 0.0491188
0.0173611 0.0489796
0.00694444 0.0487601
0.0147569 0.0482249
0.00173611 0.0475275
0.0251736 0.0475558
0.0347222 0.0475725
0.0503472 0.0472333
0.0494792 0.0469767
0.0755208 0.0467161
0.0659722 0.0462478
0.0503472 0.0459512
0.0703125 0.0460465
0.0477431 0.0459913
0.0260417 0.0460696
0.0251736 0.0458507
0.00347222 0.0457923
0.00607639 0.045772
0.0130208 0.0455773
0.0486111 0.0455221
0.0217014 0.0454226
0.0225694 0.0449339
0.0347222 0.0444028
0.000868056 0.0437526
0.0434028 0.0433585
0.0112847 0.0430766
0.0512153 0.0429525
0.0477431 0.0428485
0.0572917 0.0429631
0.046875 0.0436075
0.0564236 0.0443459
0.0642361 0.0447155
0.0772569 0.0449615
0.0989583 0.0451811
0.134549 0.0456734
0.141493 0.0461447
0.104167 0.0467096
0.0659722 0.04723
0.0668403 0.047805
0.0373264 0.0484347
0.0347222 0.0491409
0.000868056 0.0498303
0.00260417 0.0503897
0.0164931 0.0510002
0.00434028 0.0519542
0.0234375 0.0531395
0.0442708 0.0540372
0.0486111 0.0546911
0.0633681 0.0553526
0.0685764 0.0562905
0.0399306 0.0573659
0.0303819 0.0583895
0.0512153 0.0593407
0.0590278 0.0601016
0.0529514 0.0607262
0.0581597 0.061574
0.0503472 0.0624457
0.0572917 0.0633868
0.0407986 0.0639947
0.0477431 0.0640901
0.0486111 0.0643339
0.0277778 0.0644129
0.0199653 0.0642445
0.0329861 0.0643968
0.0295139 0.0645186
0.0234375 0.0653048
0.0364583 0.0663159
0.0121528 0.0672988
0.0520833 0.0682563
0.0199653 0.0690271
0.0121528 0.0699769
0.00260417 0.0711022
0 0.0724665
0.00434028 0.0736147
0.0217014 0.0744039
0.0130208 0.0751867
0.0321181 0.0763362
0.0434028 0.0772693
0.00347222 0.0781823
0.0321181 0.0793227
0.0182292 0.0810201
0.00434028 0.0830164
0.0269097 0.085152
0.0217014 0.0871191
0.0138889 0.0890176
0.0234375 0.0906677
0.0486111 0.092417
0.0321181 0.0937076
0.0269097 0.0950801
0.0121528 0.0963622
0.0199653 0.0978972
0.00347222 0.0994876
0.0381944 0.101275
0.0486111 0.102583
0.0494792 0.103821
0.0329861 0.104802
0.0399306 0.105896
0.0434028 0.10695
0.0546875 0.107939
0.046875 0.109055
0.0364583 0.11028
0.0303819 0.111321
0.0243056 0.112697
0.0442708 0.114012
0.0807292 0.115595
0.0902778 0.117766
0.09375 0.119528
0.111111 0.121167
0.112847 0.122769
0.122396 0.124474
0.130208 0.126182
0.0868056 0.128059
0.102431 0.130157
0.0833333 0.13222
0.0720486 0.134135
0.0789931 0.136052
0.0746528 0.138109
0.0572917 0.139999
0.0425347 0.141649
0.0503472 0.143295
0.0381944 0.145102
0.0460069 0.147044
0.0381944 0.148854
0.0338542 0.150667
0.0399306 0.152245
0.0442708 0.153784
0.0694444 0.154843
0.0911458 0.155696
0.108507 0.156521
0.0868056 0.157725
0.0850694 0.158856
0.0703125 0.160195
0.100694 0.161434
0.0876736 0.162613
0.0607639 0.163527
0.0572917 0.164162
0.0746528 0.164636
0.0815972 0.164929
0.101562 0.16507
0.126736 0.165085
0.0920139 0.164858
0.0850694 0.164504
0.0868056 0.164192
0.09375 0.164451
0.116319 0.164856
0.125 0.165261
0.110243 0.165508
0.0815972 0.165783
0.0486111 0.166066
0.0260417 0.166274
0.0225694 0.166508
0.00868056 0.166748
0.0164931 0.167363
0.0538194 0.168121
0.0451389 0.168878
0.0581597 0.169979
0.0651042 0.171234
0.03125 0.172131
0.00954861 0.172732
0.0112847 0.173328
0.0182292 0.173753
0.0130208 0.174605
0.000868056 0.174933
0.00347222 0.175472
0.00694444 0.175777
0.00173611 0.1759
0.0121528 0.175376
0.00694444 0.174789
0.00607639 0.174556
0.0078125 0.174017
0.0555556 0.173937
0.0538194 0.174018
0.0772569 0.173931
0.0703125 0.173725
0.0755208 0.173728
0.0963542 0.173469
0.0798611 0.1736
0.112847 0.174032
0.125 0.174196
0.0972222 0.174151
0.115451 0.174354
0.0763889 0.174478
0.0833333 0.174742
0.0720486 0.175107
0.0581597 0.175679
0.0321181 0.176775
0.0277778 0.178099
0.0260417 0.17928
0.0633681 0.180295
0.0659722 0.180747
0.0642361 0.181378
0.0147569 0.182061
0.0425347 0.182922
0.0234375 0.183623
0.000868056 0.184788
0.0078125 0.186331
0.0138889 0.187569
0.00347222 0.18888
0.00347222 0.190289
0.0295139 0.191915
0.00954861 0.193047
0.0138889 0.194156
0 0.195189
0.000868056 0.196473
0.0321181 0.197633
0.0303819 0.198799
0.0190972 0.199782
0.00173611 0.200377
0.000868056 0.20116
0.0373264 0.20179
0.0217014 0.202538
0.0078125 0.203525
0.0217014 0.204339
0.0078125 0.204929
0.0138889 0.205292
0.00520833 0.205675
0.0225694 0.20607
0.0407986 0.206265
0.0711806 0.206767
0.078125 0.207149
0.0911458 0.207577
0.0763889 0.208626
0.0807292 0.209269
0.0390625 0.209667
0.0381944 0.210338
0.00694444 0.211235
0.0104167 0.212425
0.0190972 0.213651
0.0269097 0.215558
0.0217014 0.217197
0.0303819 0.218775
0.0772569 0.220365
0.0416667 0.221831
0.0503472 0.223503
0.0381944 0.225046
0.00954861 0.226284
0.0295139 0.227779
0.03125 0.228869
0.0078125 0.230051
0.00694444 0.231132
0.0486111 0.232051
0.0590278 0.23241
0.0286458 0.233055
0.00607639 0.233871
0.0208333 0.234963
0.00868056 0.235757
0.0217014 0.236362
0.0642361 0.236737
0.0703125 0.236897
0.0807292 0.236838
0.0798611 0.23665
0.0677083 0.236218
0.0460069 0.235794
0.0607639 0.235285
0.0607639 0.23417
0.0677083 0.233231
0.0928819 0.232361
0.0755208 0.231627
0.0815972 0.231447
0.09375 0.231143
0.131944 0.230346
0.130208 0.229087
0.140625 0.227923
0.0998264 0.226988
0.103299 0.22583
0.113715 0.225087
0.106771 0.224136
0.111111 0.222797
0.112847 0.221554
0.144097 0.220324
0.173611 0.218983
0.157986 0.217632
0.168403 0.216427
0.148438 0.215381
0.126736 0.213798
0.114583 0.212589
0.0972222 0.210785
0.0789931 0.209043
0.0746528 0.207263
0.103299 0.205398
0.104167 0.203742
0.0911458 0.201912
0.0703125 0.199956
0.0538194 0.198272
0.100694 0.196612
0.12934 0.194694
0.0946181 0.192954
0.0850694 0.191592
0.078125 0.190321
0.0607639 0.189125
0.0807292 0.187658
0.0928819 0.186173
0.117188 0.185146
0.113715 0.184363
0.127604 0.183344
0.135417 0.182103
0.112847 0.180771
0.0833333 0.179558
0.0876736 0.178942
0.107639 0.177909
0.113715 0.176735
0.149306 0.175032
0.15625 0.173027
0.170139 0.171412
0.169271 0.170136
0.190972 0.168953
0.175347 0.167999
0.152778 0.166577
0.166667 0.165192
0.136285 0.164184
0.142361 0.163593
0.127604 0.162541
0.136285 0.161652
0.104167 0.160835
0.0685764 0.159952
0.0694444 0.159123
0.0598958 0.158045
0.101562 0.156994
0.162326 0.155864
0.15191 0.154614
0.0859375 0.153728
0.0694444 0.153127
0.0668403 0.152734
0.0859375 0.151995
0.0868056 0.150923
0.0755208 0.14945
0.0972222 0.147896
0.0711806 0.145763
0.0694444 0.14367
0.0798611 0.14177
0.0711806 0.139693
0.0685764 0.137721
0.0711806 0.135595
0.0894097 0.13377
0.0946181 0.131849
0.107639 0.130441
0.105035 0.128732
0.0763889 0.127284
0.0616319 0.125563
0.0850694 0.12419
0.0876736 0.122604
0.0694444 0.120865
0.0651042 0.119218
0.0633681 0.117381
0.0737847 0.115655
0.0303819 0.113914
0.0538194 0.111687
0.0277778 0.109239
0.000868056 0.107005
0.0112847 0.104828
0.00954861 0.103013
0 0.100723
0.0425347 0.0980206
0.046875 0.0951017
0.0373264 0.0926919
0.0616319 0.0900436
0.0911458 0.0872341
0.119792 0.0841761
0.146701 0.0815772
0.107639 0.0791686
0.110243 0.0772659
0.0989583 0.0751325
0.0694444 0.0723864
0.0564236 0.0697023
0.0633681 0.0668265
0.0355903 0.0643603
0.0538194 0.0621098
0.0399306 0.0592322
0.0486111 0.0564751
0.0546875 0.0538545
0.0755208 0.0516497
0.103299 0.0497199
0.140625 0.0477899
0.188368 0.0458982
0.149306 0.0436284
0.157986 0.0413847
0.131076 0.0392384
0.125868 0.0367494
0.139757 0.033828
0.135417 0.0310587
0.171007 0.0287227
0.16059 0.0260252
0.157118 0.0231666
0.197917 0.0201145
0.206597 0.017295
0.229167 0.0149405
0.231771 0.0123841
0.212674 0.00961121
0.202257 0.00668304
0.185764 0.00364776
0.170139 0.000335471
0.18316 -0.00238044
0.179688 -0.00505773
0.204861 -0.0076871
0.212674 -0.0102861
0.198785 -0.0129485
0.175347 -0.0156619
0.126736 -0.0182289
0.111111 -0.0201197
0.0963542 -0.0219663
0.109375 -0.0236705
0.09375 -0.02476
0.0850694 -0.0259449
0.0729167 -0.0274822
0.0295139 -0.0289619
0.0390625 -0.0300433
0.0269097 -0.0317196
0.0138889 -0.0334764
0.0173611 -0.0351576
0.0190972 -0.0364613
0.0451389 -0.0376428
0.0572917 -0.0388762
0.0711806 -0.0399711
0.0815972 -0.041195
0.0876736 -0.042581
0.101562 -0.0439106
0.0789931 -0.0453795
0.0928819 -0.0471338
0.0546875 -0.0492391
0.0373264 -0.0512641
0.0572917 -0.0532985
0.0512153 -0.0556462
0.0598958 -0.0580489
0.0668403 -0.0605445
0.0338542 -0.0629872
0.0251736 -0.0653395
0.000868056 -0.0676108
0.0225694 -0.0697538
0.0138889 -0.0718542
0.00954861 -0.0738716
0.000868056 -0.0759663
0.0217014 -0.077827
0.00260417 -0.0796274
0.0329861 -0.0812708
0.0251736 -0.0829549
0.0303819 -0.084398
0.0130208 -0.0859125
0.0104167 -0.0876656
0.0425347 -0.0894529
0.0112847 -0.0913333
0.0260417 -0.092629
0.0225694 -0.093727
0.0190972 -0.0954282
0.0243056 -0.0974246
0.0295139 -0.0991763
0.0494792 -0.100615
0.0572917 -0.10194
0.0425347 -0.103186
0.0147569 -0.103997
0.0208333 -0.104912
0.00173611 -0.106047
0.0477431 -0.106949
0.0529514 -0.107897
0.0659722 -0.108724
0.046875 -0.110148
0.0555556 -0.111697
0.0833333 -0.113134
0.0963542 -0.114538
0.109375 -0.115809
0.117188 -0.117333
0.102431 -0.11943
0.137153 -0.121496
0.126736 -0.124082
0.145833 -0.126714
0.123264 -0.128818
0.131944 -0.130989
0.12934 -0.132976
0.103299 -0.135034
0.0946181 -0.136903
0.109375 -0.138696
0.117188 -0.140737
0.101562 -0.142732
0.107639 -0.144602
0.137153 -0.14678
0.125868 -0.148646
0.114583 -0.15042
0.114583 -0.151946
0.128472 -0.153479
0.103299 -0.155352
0.0980903 -0.157125
0.0902778 -0.158786
0.0711806 -0.160063
0.0954861 -0.161297
0.0902778 -0.163001
0.0772569 -0.164255
0.102431 -0.165694
0.118924 -0.166964
0.113715 -0.168523
0.0859375 -0.169855
0.105903 -0.170916
0.103299 -0.172421
0.100694 -0.173703
0.104167 -0.174686
0.0946181 -0.175575
0.0651042 -0.17667
0.0607639 -0.178021
0.0512153 -0.178926
0.0651042 -0.179637
0.0555556 -0.180451
0.0746528 -0.180945
0.0737847 -0.181367
0.0477431 -0.181926
0.0529514 -0.182956
0.0225694 -0.183859
0.0208333 -0.184756
0.00607639 -0.18577
0.015625 -0.186388
0.0434028 -0.186872
0.0260417 -0.187335
0.00520833 -0.188104
0.0078125 -0.189096
0.00260417 -0.190452
0.00260417 -0.191861
0.0147569 -0.193343
0.0121528 -0.194266
0.00954861 -0.194917
0.0234375 -0.195369
0.0399306 -0.195959
0.0173611 -0.196427
0.0138889 -0.196978
0.0190972 -0.19753
0.00607639 -0.197866
0.00868056 -0.198138
0.00607639 -0.198625
0.0243056 -0.198899
0.0173611 -0.199272
0.0217014 -0.199439
0.00173611 -0.199385
0.0329861 -0.198931
0.0538194 -0.198835
0.0486111 -0.198774
0.0182292 -0.198819
0.0425347 -0.198988
0.0277778 -0.198864
0.0251736 -0.19909
0.0147569 -0.199853
0.000868056 -0.200143
0.0112847 -0.200161
0.00694444 -0.200188
0.0147569 -0.200151
0.0338542 -0.200129
0.0434028 -0.200059
0.0329861 -0.200019
0.0199653 -0.199197
0.0529514 -0.197947
0.0737847 -0.197092
0.0850694 -0.196403
0.0824653 -0.195449
0.110243 -0.194382
0.111111 -0.193638
0.0876736 -0.193455
0.0946181 -0.193086
0.106771 -0.192172
0.101562 -0.191346
0.0928819 -0.190487
0.127604 -0.189783
0.158854 -0.189326
0.139757 -0.188985
0.161458 -0.187964
0.148438 -0.187003
0.12934 -0.18647
0.111111 -0.185828
0.133681 -0.185427
0.140625 -0.185026
0.127604 -0.18469
0.143229 -0.184651
0.152778 -0.184368
0.164062 -0.184047
0.149306 -0.183806
0.12066 -0.183211
0.126736 -0.183183
0.109375 -0.183173
0.111111 -0.183427
0.118924 -0.183787
0.118924 -0.184186
0.108507 -0.184838
0.107639 -0.185537
0.12066 -0.186323
0.0920139 -0.187228
0.0980903 -0.187946
0.0963542 -0.188715
0.101562 -0.189539
0.0928819 -0.190823
0.0911458 -0.192022
0.108507 -0.192896
0.116319 -0.193867
0.118924 -0.195022
0.143229 -0.196058
0.150174 -0.197118
0.155382 -0.197875
0.162326 -0.198904
0.143229 -0.199238
0.152778 -0.199063
0.172743 -0.198372
0.116319 -0.197686
0.140625 -0.19662
0.131944 -0.195727
0.111979 -0.194817
0.118056 -0.193899
0.100694 -0.19248
0.0633681 -0.190882
0.0416667 -0.189499
0.0373264 -0.188204
0.0520833 -0.187488
0.0572917 -0.186914
0.0364583 -0.18635
0.0416667 -0.185566
0.0225694 -0.185169
0.0625 -0.184162
0.0876736 -0.18371
0.0850694 -0.183379
0.0642361 -0.183348
0.0763889 -0.183212
0.0815972 -0.182213
0.118056 -0.18087
0.144097 -0.179871
0.152778 -0.17868
0.164931 -0.177449
0.184896 -0.175995
0.164062 -0.174768
0.177951 -0.173518
0.206597 -0.172352
0.227431 -0.170372
0.222222 -0.168289
0.230903 -0.166412
0.220486 -0.164526
0.257812 -0.162598
0.256944 -0.160988
0.255208 -0.15914
0.243056 -0.156975
0.239583 -0.155001
0.249132 -0.152917
0.251736 -0.151063
0.267361 -0.149147
0.289062 -0.147426
0.291667 -0.145508
0.264757 -0.143481
0.269965 -0.141762
0.265625 -0.140207
0.268229 -0.138224
0.292535 -0.135709
0.280382 -0.13313
0.277778 -0.130282
0.274306 -0.127016
0.289931 -0.123677
0.261285 -0.120458
0.223958 -0.117255
0.25 -0.11408
0.262153 -0.110734
0.240451 -0.107683
0.248264 -0.104502
0.233507 -0.101002
0.229167 -0.0977474
0.243924 -0.0942841
0.268229 -0.0914312
0.24566 -0.088771
0.242188 -0.0862042
0.244792 -0.0837376
0.268229 -0.0814
0.267361 -0.0791145
0.263021 -0.0764612
0.291667 -0.0737764
0.307292 -0.0713634
0.298611 -0.0692275
0.282986 -0.0668288
0.310764 -0.0652717
0.307292 -0.0632544
0.292535 -0.0619432
0.282986 -0.060341
0.283854 -0.0583625
0.291667 -0.0565536
0.30816 -0.0544945
0.322049 -0.0524181
0.306424 -0.050185
0.324653 -0.0475938
0.304688 -0.0455423
0.310764 -0.0434312
0.264757 -0.0417359
0.263889 -0.0404457
0.252604 -0.0386502
0.25 -0.0369513
0.257812 -0.0353913
0.278646 -0.0338571
0.264757 -0.0324154
0.280382 -0.0315561
0.297743 -0.0306921
0.304688 -0.0305081
0.320312 -0.0298562
0.309896 -0.0295351
0.315104 -0.0290252
0.319444 -0.0280492
0.336806 -0.0272469
0.307292 -0.0266585
0.306424 -0.0259797
0.321181 -0.0250241
0.319444 -0.0238402
0.355035 -0.0223074
0.361111 -0.0209892
0.361111 -0.0196916
0.384549 -0.0186038
0.378472 -0.0181557
0.369792 -0.0179078
0.385417 -0.0171263
0.412326 -0.015835
0.428819 -0.0141851
0.430556 -0.0127331
0.44184 -0.0112044
0.453125 -0.00971342
0.457465 -0.00860668
0.451389 -0.0073343
0.447049 -0.00650418
0.447917 -0.00617079
0.451389 -0.00586307
0.463542 -0.0047206
0.431424 -0.00347566
0.434028 -0.00249743
0.455729 -0.0014161
0.438368 -0.000965283
0.434028 6.54124e-05
0.427083 0.00103741
0.44184 0.00184657
0.462674 0.00215411
0.460069 0.00229973
0.47309 0.00226559
0.447049 0.00268002
0.449653 0.00285126
0.460069 0.00289614
0.460938 0.00300193
0.447049 0.00359083
0.43316 0.00478707
0.446181 0.00656171
0.462674 0.00784462
0.479167 0.00860672
0.470486 0.0094513
0.467882 0.0101432
0.44184 0.0106294
0.445312 0.0116322
0.459201 0.0124382
0.486979 0.0130245
0.510417 0.0130789
0.486979 0.0134346
0.489583 0.0138888
0.474826 0.0144706
0.457465 0.0150536
0.450521 0.0158132
0.451389 0.0162936
0.459201 0.0164773
0.482639 0.0167837
0.487847 0.0171494
0.485243 0.0177324
0.49566 0.0181358
0.477431 0.0187396
0.493056 0.0196202
0.505208 0.0205301
0.491319 0.0212738
0.496528 0.0218196
0.480035 0.0229054
0.490451 0.0243789
0.491319 0.0252133
0.509549 0.0257142
0.519965 0.026253
0.511285 0.0266636
0.487847 0.026668
0.505208 0.026769
0.492188 0.0272243
0.534722 0.0281309
0.555556 0.0280364
0.541667 0.0278521
0.530382 0.0276409
0.546875 0.02784
0.555556 0.0274981
0.571181 0.0277947
0.552951 0.0284963
0.565972 0.0294192
0.596354 0.0305512
0.611979 0.0315511
0.657986 0.0325809
0.659722 0.0331946
0.674479 0.0336442
0.661458 0.0339473
0.679688 0.0349618
0.689236 0.0359588
0.644097 0.0373611
0.657118 0.0384786
0.65191 0.0394651
0.622396 0.0406403
0.653646 0.0414511
0.637153 0.0425624
0.66059 0.0438578
0.657986 0.0447357
0.657986 0.0452532
0.667535 0.0454812
0.671007 0.0455572
0.661458 0.0453402
0.642361 0.0453245
0.667535 0.0449918
0.672743 0.0446068
0.690972 0.0442919
0.674479 0.0436901
0.671007 0.0433287
0.669271 0.0423664
0.654514 0.0407693
0.62934 0.0391496
0.654514 0.0380582
0.649306 0.0368948
0.647569 0.0359673
0.624132 0.034373
0.634549 0.0328216
0.613715 0.0318331
0.581597 0.031521
0.575521 0.0316333
0.610243 0.0321221
0.622396 0.0328963
0.626736 0.0327962
0.647569 0.032082
0.644965 0.0315671
0.659722 0.03154
0.653646 0.0317383
0.643229 0.0321956
0.631076 0.0322157
0.633681 0.0322028
0.631944 0.0325068
0.616319 0.0330832
0.605035 0.0334763
0.561632 0.0332162
0.570312 0.0330013
0.586806 0.0326223
0.605035 0.0327446
0.602431 0.0327265
0.611979 0.0333251
0.644097 0.0335629
0.662326 0.03279
0.663194 0.032428
0.672743 0.0319847
0.654514 0.0317379
0.625 0.0314264
0.68316 0.0309824
0.675347 0.030254
0.662326 0.0289199
0.644965 0.0276084
0.65191 0.0262496
0.653646 0.0252341
0.657986 0.0251817
0.664062 0.0250018
0.644965 0.0249809
0.66059 0.0251071
0.62934 0.0250849
0.637153 0.0250438
0.658854 0.0250228
0.636285 0.0258432
0.638889 0.0271402
0.667535 0.0286587
0.676215 0.0307031
0.677083 0.0322612
0.650174 0.0333922
0.668403 0.0346844
0.667535 0.0363955
0.677083 0.0388918
0.657118 0.0408222
0.663194 0.0434218
0.657986 0.0454325
0.637153 0.047344
0.637153 0.0486483
0.631076 0.0505363
0.640625 0.0530634
0.650174 0.0557408
0.626736 0.0573764
0.611111 0.0588676
0.615451 0.0604523
0.610243 0.0618766
0.631076 0.0627136
0.684028 0.0635699
0.681424 0.0644084
0.709201 0.0653003
0.685764 0.0658906
0.682292 0.0656325
0.685764 0.0652446
0.684896 0.0645739
0.701389 0.0636141
0.684028 0.0626848
0.650174 0.0616274
0.662326 0.0611723
0.65625 0.0601312
0.689236 0.0593394
0.696181 0.0578327
0.666667 0.0566142
0.653646 0.0555554
0.636285 0.0549238
0.642361 0.0547268
0.650174 0.0550896
0.610243 0.0554074
0.605035 0.0555575
0.615451 0.0564207
0.622396 0.0568757
0.591146 0.0569589
0.570312 0.0568193
0.553819 0.0574272
0.539062 0.0578328
0.553819 0.0585568
0.538194 0.058217
0.510417 0.057954
0.482639 0.0580039
0.488715 0.0585814
0.517361 0.058782
0.529514 0.0587704
0.522569 0.0583147
0.523438 0.0576093
0.501736 0.0570262
0.521701 0.05654
0.523438 0.0560436
0.493056 0.0552877
0.506076 0.0552502
0.520833 0.05463
0.508681 0.0536267
0.509549 0.0525667
0.493056 0.0513155
0.483507 0.0502072
0.500868 0.0490427
0.516493 0.0475523
0.53125 0.0462187
0.540799 0.0443878
0.539062 0.0424845
0.539931 0.0415143
0.565972 0.0413966
0.599826 0.0404535
0.586806 0.039721
0.612847 0.0392817
0.595486 0.0381615
0.571181 0.0371102
0.604167 0.0368883
0.610243 0.0369134
0.604167 0.0363066
0.640625 0.0359433
0.642361 0.0350197
0.619792 0.0338491
0.578125 0.0331198
0.568576 0.0325747
0.546007 0.031787
0.546875 0.0309237
0.551215 0.0306235
0.565104 0.0306154
0.574653 0.0296059
0.58941 0.0285639
0.592882 0.0277904
0.59809 0.0268903
0.614583 0.0259128
0.616319 0.0254699
0.581597 0.0243301
0.55816 0.0235146
0.555556 0.0218646
0.553819 0.0199893
0.559896 0.0181529
0.605035 0.0163424
0.611979 0.0145243
0.618924 0.0123525
0.600694 0.0106593
0.59375 0.0090387
0.592882 0.00749233
0.583333 0.00634009
0.572917 0.00538274
0.549479 0.00464349
0.572917 0.00407753
0.597222 0.00315621
0.623264 0.00287192
0.62066 0.00303358
0.628472 0.00297734
0.615451 0.00278732
0.616319 0.00341741
0.612847 0.00353062
0.650174 0.0040551
0.641493 0.00498047
0.614583 0.00451088
0.621528 0.00455838
0.633681 0.00461958
0.630208 0.0048869
0.605035 0.0054511
0.625868 0.00667827
0.618924 0.00789693
0.611111 0.00852641
0.640625 0.00933509
0.640625 0.00980387
0.618924 0.00972499
0.603299 0.00969657
0.610243 0.00951682
0.611111 0.00933271
0.603299 0.00888246
0.65191 0.00872864
0.65625 0.00805971
0.667535 0.00745128
0.647569 0.00641897
0.633681 0.00491893
0.638889 0.0032328
0.664931 0.00226071
0.657986 0.000994137
0.650174 -0.000361065
0.631944 -0.00208364
0.644097 -0.00357099
0.650174 -0.00444528
0.631076 -0.00575949
0.657118 -0.00715873
0.682292 -0.0093135
0.689236 -0.0112409
0.657118 -0.013115
0.62934 -0.014053
0.635417 -0.0159856
0.639757 -0.0179863
0.630208 -0.0202478
0.611111 -0.0217871
0.5625 -0.022079
0.592882 -0.0201319
0.609375 -0.0185094
0.611979 -0.0169594
0.575521 -0.0152387
0.540799 -0.0139425
0.534722 -0.012765
0.516493 -0.0118204
0.536458 -0.0102807
0.534722 -0.00770969
0.534722 -0.00581739
0.49566 -0.00428612
0.506944 -0.00296535
0.480035 -0.00255277
0.486111 -0.00273676
0.46875 -0.00370864
0.448785 -0.00341625
0.429688 -0.00297026
0.414931 -0.00169357
0.426215 -0.00188891
0.429688 -0.0024893
0.460069 -0.00324029
0.485243 -0.00391174
0.474826 -0.00471296
0.513889 -0.00501565
0.516493 -0.00557956
0.519965 -0.00577569
0.543403 -0.00571727
0.552083 -0.00548298
0.557292 -0.00490832
0.555556 -0.00473676
0.555556 -0.00405702
0.539062 -0.00372099
0.539931 -0.00294971
0.534722 -0.00214879
0.500868 -0.00129681
0.50434 7.60161e-05
0.489583 0.000710876
0.488715 0.00259148
0.505208 0.00449607
0.480035 0.00512021
0.471354 0.00648656
0.429688 0.00705355
0.430556 0.00766188
0.428819 0.00781376
0.452257 0.00801286
0.453993 0.00783635
0.47309 0.00817536
0.474826 0.00839854
0.475694 0.00880275
0.472222 0.00844228
0.47309 0.00943968
0.471354 0.00994856
0.483507 0.0107528
0.458333 0.0105436
0.475694 0.011148
0.44184 0.0123025
0.429688 0.0134058
0.44184 0.0146761
0.428819 0.0150304
0.423611 0.015908
0.456597 0.016835
0.481771 0.016794
0.491319 0.0165935
0.499132 0.0170084
0.465278 0.0165862
0.469618 0.016153
0.478299 0.0157214
0.520833 0.0160341
0.532118 0.016605
0.532986 0.0176774
0.554688 0.0182077
0.567708 0.0183699
0.533854 0.0192244
0.526042 0.020399
0.541667 0.0214018
0.540799 0.022772
0.570312 0.0246182
0.585069 0.0272468
0.587674 0.0299435
0.543403 0.0327629
0.529514 0.0352294
0.547743 0.0383028
0.574653 0.0419768
0.560764 0.0443393
0.55816 0.0470636
0.533854 0.0489075
0.537326 0.0499329
0.50434 0.0515868
0.528646 0.053991
0.546875 0.0558746
0.571181 0.0570036
0.585938 0.0579334
0.597222 0.0587879
0.580729 0.0599314
0.586806 0.061139
0.590278 0.0619689
0.622396 0.063134
0.655382 0.0645033
0.643229 0.0655718
0.639757 0.0664594
0.649306 0.0669996
0.659722 0.0672892
0.643229 0.0691369
0.623264 0.0713652
0.614583 0.0744864
0.625 0.0759704
0.631076 0.0768495
0.626736 0.0781151
0.602431 0.079917
0.559028 0.0815679
0.565104 0.0836581
0.552083 0.084449
0.55816 0.0858021
0.525174 0.0864935
0.519097 0.0872236
0.542535 0.0884155
0.551215 0.0890072
0.525174 0.0894954
0.53559 0.0902182
0.52691 0.0908362
0.521701 0.0913321
0.496528 0.091321
0.493924 0.0911845
0.50434 0.0902037
0.532986 0.0897799
0.525174 0.0889575
0.513021 0.0889704
0.513021 0.0876106
0.519097 0.0857805
0.466146 0.0844251
0.466146 0.0832225
0.477431 0.0815039
0.47309 0.0789241
0.435764 0.0761931
0.430556 0.073586
0.407986 0.0724269
0.424479 0.0711807
0.434028 0.0689534
0.429688 0.0661014
0.462674 0.0635707
0.506076 0.0600595
0.491319 0.0561222
0.446181 0.0525172
0.489583 0.049228
0.519965 0.0472643
0.494792 0.0452334
0.483507 0.0425046
0.514757 0.0400349
0.539931 0.0371157
0.502604 0.0349325
0.490451 0.0319755
0.500868 0.0299306
0.497396 0.0272477
0.498264 0.0251798
0.498264 0.023771
0.513021 0.0228554
0.545139 0.0218526
0.549479 0.0204131
0.538194 0.0190845
0.526042 0.0189456
0.486979 0.0188221
0.479167 0.0183447
0.482639 0.0176451
0.501736 0.0164596
0.493924 0.0146096
0.489583 0.0134195
0.491319 0.0112773
0.483507 0.00813715
0.50434 0.0057592
0.522569 0.00365083
0.561632 0.00253611
0.526042 0.00119072
0.530382 -0.00113076
0.532118 -0.00449515
0.559028 -0.00696821
0.609375 -0.00970728
0.578993 -0.0107006
0.582465 -0.01249
0.633681 -0.0141878
0.637153 -0.0156994
0.643229 -0.0172713
0.664931 -0.0190605
0.66059 -0.0203708
0.627604 -0.0209869
0.651042 -0.0212785
0.625868 -0.0226137
0.618924 -0.0233554
0.632812 -0.0239308
0.616319 -0.0247432
0.607639 -0.0252629
0.618924 -0.0264711
0.651042 -0.027679
0.628472 -0.0284767
0.607639 -0.0296784
0.579861 -0.0314073
0.612847 -0.0329319
0.596354 -0.0319843
0.59375 -0.0307447
0.587674 -0.0294373
0.595486 -0.0299665
0.590278 -0.031294
0.575521 -0.0333745
0.571181 -0.0357219
0.546007 -0.0367203
0.585069 -0.0382124
0.608507 -0.0383225
0.613715 -0.0388315
0.611979 -0.0381908
0.59809 -0.0389618
0.597222 -0.0396682
0.608507 -0.041422
0.59809 -0.0436342
0.574653 -0.0460144
0.567708 -0.0472487
0.5625 -0.0483277
0.565972 -0.048618
0.582465 -0.0481228
0.59375 -0.0466811
0.581597 -0.0448325
0.612847 -0.0447962
0.614583 -0.0443781
0.56684 -0.0435986
0.563368 -0.0433075
0.542535 -0.0414137
0.559028 -0.0395674
0.5625 -0.0386022
0.604167 -0.0357642
0.597222 -0.03316
0.596354 -0.0310249
0.551215 -0.0289847
0.551215 -0.0270237
0.533854 -0.0235961
0.552083 -0.0217663
0.543403 -0.0198995
0.52691 -0.0179718
0.565972 -0.0161042
0.554688 -0.0128671
0.557292 -0.00920402
0.537326 -0.00583657
0.572917 -0.00325305
0.565104 0.000428503
0.546875 0.0029075
0.563368 0.00581519
0.59809 0.00843039
0.592882 0.0114323
0.573785 0.0141216
0.549479 0.0147361
0.556424 0.015526
0.550347 0.017119
0.570312 0.0183948
0.556424 0.01927
0.554688 0.018463
0.549479 0.0163842
0.527778 0.0136798
0.497396 0.0111255
0.494792 0.00915435
0.522569 0.00725967
0.561632 0.00641423
0.555556 0.00573587
0.565972 0.00578663
0.538194 0.00601328
0.541667 0.0051936
0.533854 0.00357258
0.515625 0.00176853
0.488715 0.000600303
0.460069 0.000462459
0.475694 -0.00222026
0.5 -0.00461326
0.467014 -0.00682311
0.446181 -0.00892644
0.456597 -0.00874439
0.440972 -0.00874851
0.446181 -0.00913838
0.423611 -0.0108152
0.422743 -0.00978004
0.418403 -0.0091232
0.416667 -0.00694368
0.453993 -0.00498238
0.466146 -0.00323416
0.435764 -0.00258476
0.439236 -0.0016192
0.411458 0.000871535
0.440104 0.0042364
0.447049 0.00742283
0.455729 0.00950073
0.425347 0.0112245
0.454861 0.0120713
0.435764 0.0110743
0.436632 0.00938831
0.452257 0.00680666
0.458333 0.00417373
0.488715 0.0017776
0.471354 0.00217547
0.492188 0.00227519
0.507812 0.0025534
0.503472 0.00200258
0.516493 0.000551119
0.493056 -0.0010644
0.503472 -0.00159532
0.503472 -0.00237501
0.508681 -0.00431318
0.512153 -0.00561892
0.50434 -0.00623598
0.510417 -0.00347931
0.524306 0.00157463
0.534722 0.00512025
0.52691 0.00405802
0.517361 0.00298209
0.506944 -0.000673527
0.484375 -0.00367183
0.488715 -0.00226654
0.513889 0
