0.645 1
0.625 0.977617
0.585 0.957569
0.605 0.938825
0.5 0.92144
0.45 0.905325
0.525 0.889588
0.42 0.875562
0.375 0.861776
0.48 0.849164
0.485 0.838105
0.535 0.828491
0.5 0.818272
0.555 0.808977
0.605 0.800263
0.55 0.791198
0.55 0.782237
0.555 0.773197
0.595 0.764901
0.59 0.757485
0.555 0.749426
0.57 0.740698
0.65 0.731856
0.55 0.72275
0.535 0.713945
0.485 0.705419
0.475 0.697791
0.49 0.690252
0.465 0.682345
0.445 0.673279
0.405 0.664122
0.43 0.655292
0.32 0.645077
0.42 0.635055
0.325 0.624334
0.32 0.613042
0.305 0.602077
0.275 0.591188
0.305 0.580897
0.33 0.57095
0.31 0.561344
0.33 0.549588
0.355 0.537129
0.32 0.525628
0.385 0.515427
0.42 0.505927
0.39 0.496661
0.365 0.487456
0.32 0.479227
0.31 0.471189
0.28 0.463776
0.385 0.455927
0.365 0.448561
0.35 0.442496
0.375 0.436834
0.36 0.431368
0.32 0.425406
0.37 0.419365
0.39 0.412538
0.455 0.406359
0.405 0.398695
0.44 0.390713
0.395 0.384075
0.32 0.377513
0.175 0.37204
0.1 0.365743
0.22 0.360394
0.24 0.35573
0.24 0.350913
0.2 0.345678
0.27 0.33962
0.33 0.334495
0.355 0.329286
0.41 0.323354
0.305 0.317456
0.385 0.311059
0.3 0.304971
0.375 0.299877
0.355 0.294898
0.39 0.290643
0.395 0.286652
0.39 0.282443
0.355 0.278463
0.265 0.273911
0.25 0.269555
0.3 0.265876
0.33 0.262199
0.33 0.258616
0.41 0.254413
0.455 0.249923
0.45 0.246744
0.475 0.242799
0.415 0.239047
0.42 0.2346
0.48 0.229466
0.43 0.223714
0.42 0.218798
0.485 0.214393
0.495 0.209219
0.475 0.20452
0.485 0.200299
0.48 0.197906
0.46 0.195777
0.425 0.192482
0.455 0.18924
0.345 0.18623
0.44 0.18283
0.44 0.179729
0.47 0.177201
0.455 0.17447
0.505 0.171449
0.56 0.168578
0.57 0.165987
0.53 0.163605
0.41 0.161001
0.45 0.157
0.5 0.152489
0.49 0.148449
0.485 0.14565
0.45 0.143747
0.505 0.141765
0.535 0.140881
0.58 0.140061
0.585 0.1395
0.495 0.139944
0.585 0.139336
0.585 0.13904
0.665 0.139311
0.67 0.13964
0.615 0.140594
0.635 0.142115
0.635 0.143731
0.69 0.144294
0.67 0.144113
0.695 0.143993
0.68 0.144056
0.715 0.143423
0.67 0.142337
0.695 0.140915
0.69 0.139303
0.68 0.138216
0.71 0.138721
0.68 0.138932
0.74 0.138525
0.825 0.137733
0.825 0.136364
0.755 0.136077
0.755 0.134594
0.72 0.133289
0.735 0.131689
0.715 0.130559
0.77 0.129485
0.8 0.128502
0.83 0.127589
0.86 0.126536
0.875 0.1259
0.83 0.125681
0.875 0.126483
0.88 0.127385
0.875 0.128448
0.875 0.128141
0.84 0.128754
0.84 0.129616
0.835 0.130028
0.81 0.129608
0.795 0.12925
0.8 0.127642
0.74 0.125449
0.745 0.122665
0.68 0.119518
0.77 0.116962
0.755 0.114589
0.69 0.113505
0.775 0.112103
0.79 0.111916
0.845 0.110905
0.81 0.110666
0.8 0.110583
0.85 0.110127
0.8 0.110154
0.765 0.109143
0.785 0.108548
0.84 0.106131
0.815 0.104349
0.805 0.102498
0.79 0.100034
0.755 0.0973243
0.745 0.0956847
0.695 0.0941566
0.71 0.0930105
0.7 0.092123
0.775 0.0899785
0.755 0.0884096
0.785 0.0861664
0.79 0.0833996
0.76 0.0809847
0.78 0.0771971
0.795 0.0735163
0.78 0.0709817
0.73 0.0681027
0.66 0.0656799
0.74 0.0628837
0.84 0.0601245
0.875 0.0579257
0.88 0.0564146
0.91 0.0557883
0.835 0.0552444
0.775 0.0537335
0.815 0.0522077
0.825 0.0506274
0.81 0.0498003
0.84 0.0475934
0.79 0.0446746
0.83 0.0418663
0.81 0.0399268
0.79 0.0391419
0.765 0.037615
0.79 0.0364517
0.79 0.0364146
0.765 0.0354407
0.8 0.0337403
0.815 0.031979
0.85 0.0298153
0.86 0.0278809
0.855 0.025087
0.83 0.0223446
0.865 0.0188963
0.805 0.0142571
0.815 0.01084
0.79 0.00758551
0.87 0.00443348
0.83 0.00201666
0.835 -0.000747861
0.86 -0.00406119
0.88 -0.00707463
0.835 -0.0101929
0.805 -0.0125779
0.785 -0.0156479
0.8 -0.0184279
0.79 -0.0208517
0.795 -0.0240879
0.81 -0.0276401
0.715 -0.0304655
0.715 -0.0328587
0.665 -0.035162
0.635 -0.0377411
0.625 -0.040877
0.605 -0.0444897
0.595 -0.0471916
0.645 -0.0497515
0.665 -0.0519065
0.72 -0.0543301
0.775 -0.056614
0.775 -0.0583854
0.78 -0.0598273
0.775 -0.0605494
0.86 -0.062281
0.83 -0.0648244
0.79 -0.0669226
0.82 -0.0688408
0.775 -0.0711633
0.82 -0.0734826
0.845 -0.0762257
0.87 -0.0788022
0.91 -0.0812591
0.875 -0.0824498
0.845 -0.0845499
0.81 -0.0877115
0.8 -0.0901671
0.82 -0.0910506
0.815 -0.0928111
0.87 -0.0953363
0.86 -0.0978396
0.875 -0.100145
0.79 -0.103369
0.805 -0.106791
0.795 -0.110349
0.75 -0.113363
0.815 -0.116725
0.795 -0.120431
0.74 -0.123861
0.75 -0.127764
0.74 -0.130561
0.74 -0.133383
0.735 -0.136114
0.73 -0.139468
0.705 -0.142294
0.77 -0.145357
0.72 -0.148752
0.74 -0.151095
0.77 -0.153099
0.785 -0.155907
0.825 -0.158933
0.84 -0.161773
0.825 -0.16369
0.85 -0.166274
0.85 -0.168926
0.87 -0.170509
0.91 -0.171239
0.875 -0.172275
0.91 -0.173804
0.905 -0.175867
0.885 -0.177398
0.825 -0.178828
0.86 -0.180886
0.805 -0.181981
0.86 -0.182923
0.85 -0.183023
0.845 -0.183116
0.815 -0.183237
0.81 -0.183503
0.77 -0.184171
0.795 -0.185521
0.73 -0.186751
0.675 -0.188964
0.68 -0.19143
0.76 -0.193572
0.7 -0.19524
0.67 -0.195741
0.575 -0.19667
0.57 -0.197795
0.62 -0.199518
0.615 -0.200888
0.695 -0.202852
0.755 -0.204104
0.705 -0.206262
0.675 -0.208585
0.63 -0.209869
0.64 -0.211841
0.675 -0.213267
0.68 -0.214466
0.735 -0.216728
0.73 -0.218583
0.715 -0.220126
0.675 -0.22139
0.725 -0.222044
0.66 -0.2211
0.74 -0.219378
0.735 -0.217575
0.695 -0.21568
0.65 -0.214169
0.63 -0.211552
0.675 -0.209487
0.66 -0.20979
0.7 -0.2096
0.705 -0.208676
0.75 -0.208261
0.75 -0.208487
0.73 -0.208989
0.72 -0.210308
0.74 -0.211478
0.77 -0.213298
0.81 -0.214735
0.71 -0.215962
0.73 -0.217656
0.72 -0.218378
0.765 -0.218668
0.785 -0.219542
0.78 -0.220021
0.67 -0.220024
0.67 -0.219486
0.665 -0.218164
0.705 -0.216424
0.715 -0.213848
0.8 -0.211783
0.805 -0.210591
0.78 -0.209047
0.745 -0.206792
0.74 -0.204243
0.775 -0.201964
0.775 -0.199283
0.765 -0.196646
0.795 -0.194677
0.74 -0.193092
0.715 -0.191577
0.705 -0.189655
0.66 -0.187598
0.72 -0.185671
0.65 -0.184121
0.625 -0.182319
0.71 -0.179945
0.785 -0.177319
0.815 -0.175772
0.82 -0.173748
0.8 -0.171645
0.81 -0.1696
0.815 -0.167534
0.77 -0.164723
0.745 -0.162224
0.73 -0.160429
0.695 -0.158523
0.66 -0.156419
0.73 -0.155167
0.735 -0.153196
0.705 -0.151599
0.595 -0.149443
0.705 -0.147215
0.74 -0.145124
0.745 -0.143315
0.79 -0.141587
0.785 -0.13976
0.76 -0.137107
0.805 -0.134413
0.835 -0.131658
0.805 -0.128632
0.745 -0.127364
0.725 -0.126896
0.73 -0.12513
0.69 -0.122323
0.7 -0.11938
0.74 -0.116238
0.715 -0.113734
0.68 -0.111344
0.62 -0.109569
0.715 -0.108105
0.675 -0.107384
0.63 -0.106349
0.69 -0.106434
0.695 -0.106358
0.64 -0.106805
0.62 -0.107054
0.625 -0.10695
0.58 -0.107346
0.59 -0.107748
0.625 -0.108524
0.7 -0.110391
0.71 -0.111276
0.71 -0.111541
0.695 -0.112366
0.71 -0.113264
0.705 -0.112683
0.695 -0.111095
0.615 -0.108947
0.72 -0.107007
0.715 -0.105178
0.735 -0.1025
0.765 -0.0997015
0.725 -0.0970877
0.735 -0.094075
0.775 -0.0917017
0.815 -0.0893459
0.75 -0.0874898
0.735 -0.0845917
0.74 -0.0811591
0.73 -0.0777455
0.715 -0.0758434
0.72 -0.074249
0.73 -0.0728583
0.735 -0.071612
0.72 -0.0701765
0.645 -0.0693545
0.65 -0.0695846
0.635 -0.0699859
0.665 -0.0692907
0.64 -0.0685578
0.645 -0.0684938
0.675 -0.0696721
0.735 -0.069977
0.76 -0.0705164
0.795 -0.0712081
0.775 -0.0719889
0.755 -0.072871
0.73 -0.0733786
0.715 -0.0732096
0.665 -0.0722487
0.725 -0.0714131
0.755 -0.0707428
0.755 -0.0703873
0.695 -0.0690968
0.685 -0.0673404
0.75 -0.0654365
0.77 -0.0639415
0.72 -0.062642
0.71 -0.0599048
0.64 -0.0576985
0.65 -0.0546815
0.66 -0.0524763
0.625 -0.0517257
0.585 -0.0503911
0.595 -0.0499322
0.525 -0.0491912
0.595 -0.0483057
0.61 -0.0482967
0.655 -0.0485574
0.655 -0.0481453
0.665 -0.0480702
0.675 -0.0490953
0.69 -0.0501741
0.68 -0.0512566
0.7 -0.052918
0.745 -0.0544242
0.715 -0.0566539
0.695 -0.0587194
0.775 -0.0605548
0.78 -0.0611139
0.795 -0.0608201
0.765 -0.0616501
0.74 -0.0621597
0.785 -0.0623283
0.79 -0.0620227
0.75 -0.0615112
0.76 -0.0607544
0.775 -0.0605614
0.755 -0.0597027
0.7 -0.057797
0.66 -0.0567995
0.64 -0.0558682
0.685 -0.0556832
0.695 -0.0550091
0.645 -0.0546192
0.7 -0.054607
0.745 -0.0546427
0.715 -0.0542471
0.67 -0.0543039
0.71 -0.0533487
0.735 -0.0523051
0.79 -0.0517704
0.75 -0.0503455
0.705 -0.0486179
0.66 -0.0473752
0.635 -0.0466746
0.64 -0.0462846
0.625 -0.0451857
0.665 -0.0439313
0.755 -0.0430106
0.635 -0.0431941
0.705 -0.0428186
0.77 -0.0432215
0.735 -0.0425726
0.76 -0.041455
0.765 -0.0396494
0.815 -0.0370549
0.81 -0.0343456
0.79 -0.0321914
0.79 -0.0292521
0.855 -0.0281137
0.82 -0.0279221
0.865 -0.0271702
0.905 -0.0272707
0.87 -0.0272612
0.85 -0.0267138
0.87 -0.0268735
0.91 -0.0265486
0.9 -0.0260274
0.88 -0.0252734
0.88 -0.0233691
0.89 -0.0207905
0.895 -0.0180825
0.945 -0.0158465
0.89 -0.0133172
0.89 -0.0110093
0.855 -0.00956746
0.89 -0.00689428
0.86 -0.00504846
0.895 -0.00396614
0.875 -0.00275354
0.86 -0.00168712
0.865 -0.000883187
0.915 -0.000429654
0.86 0.000423164
0.835 0.00181948
0.82 0.00213681
0.845 0.00200096
0.835 0.00322691
0.78 0.0043463
0.78 0.00531475
0.705 0.00620213
0.75 0.00641185
0.725 0.00629547
0.755 0.00476384
0.8 0.00388767
0.83 0.0027627
0.825 0.00249357
0.855 0.00262725
0.83 0.00371174
0.87 0.00448801
0.83 0.00605217
0.87 0.00647238
0.815 0.00777172
0.82 0.00803639
0.705 0.00844002
0.76 0.00854105
0.785 0.00851435
0.77 0.00783135
0.76 0.0081723
0.715 0.00837075
0.685 0.00928024
0.675 0.0104175
0.585 0.0104979
0.55 0.0110304
0.6 0.011635
0.64 0.0122278
0.7 0.0122958
0.72 0.0126613
0.695 0.0132447
0.64 0.0131381
0.62 0.0131899
0.59 0.0130952
0.64 0.0124039
0.6 0.0122755
0.535 0.0124881
0.56 0.0137255
0.54 0.0152777
0.555 0.0175871
0.455 0.0195399
0.53 0.0215382
0.545 0.021952
0.605 0.0229408
0.595 0.023347
0.61 0.023764
0.615 0.0247904
0.55 0.0262828
0.505 0.0273519
0.465 0.0285393
0.52 0.0311454
0.51 0.0325645
0.475 0.0359126
0.54 0.0379974
0.55 0.0405872
0.515 0.0434449
0.59 0.0467729
0.575 0.0502334
0.58 0.0532487
0.49 0.0552479
0.44 0.0568241
0.5 0.0586382
0.445 0.0599824
0.425 0.0623631
0.435 0.0642161
0.465 0.066643
0.45 0.0687969
0.495 0.0718304
0.48 0.0743597
0.52 0.0765294
0.395 0.0779337
0.415 0.0798234
0.425 0.0817645
0.375 0.0822781
0.435 0.083208
0.375 0.0857579
0.415 0.0881151
0.45 0.090115
0.48 0.0917196
0.555 0.0928665
0.64 0.0929775
0.6 0.0943258
0.64 0.0957124
0.665 0.0972145
0.64 0.0977351
0.65 0.0985264
0.575 0.0989448
0.595 0.0981754
0.515 0.0975143
0.6 0.097589
0.65 0.0973666
0.61 0.0962607
0.655 0.0958567
0.695 0.0947844
0.685 0.093929
0.685 0.0930543
0.695 0.0929872
0.69 0.0927922
0.71 0.0914191
0.705 0.0906603
0.72 0.0894449
0.76 0.0876273
0.77 0.0855007
0.745 0.0827974
0.685 0.0806783
0.65 0.0787187
0.63 0.0763764
0.64 0.0746088
0.655 0.0725973
0.585 0.0699964
0.59 0.0670825
0.58 0.064866
0.57 0.0627779
0.595 0.0597011
0.575 0.0567896
0.655 0.0541264
0.635 0.051825
0.62 0.0489563
0.535 0.0448284
0.645 0.0424171
0.7 0.0394945
0.655 0.0366128
0.575 0.0327692
0.65 0.0291036
0.64 0.0260968
0.73 0.0227136
0.755 0.0198165
0.78 0.0176129
0.745 0.0146229
0.73 0.0110192
0.73 0.00780361
0.715 0.00502781
0.675 0.00272481
0.705 0.000273955
0.67 -0.00262925
0.655 -0.00459087
0.66 -0.00748882
0.67 -0.0110148
0.72 -0.0160735
0.675 -0.021543
0.605 -0.0262103
0.66 -0.0304484
0.585 -0.0337451
0.585 -0.0361723
0.71 -0.0382475
0.79 -0.0398302
0.815 -0.0417166
0.795 -0.0426659
0.795 -0.0443713
0.82 -0.0456487
0.86 -0.047966
0.855 -0.0495827
0.815 -0.0518076
0.83 -0.0537451
0.83 -0.0558709
0.82 -0.0577642
0.835 -0.0611986
0.78 -0.0647645
0.81 -0.0676455
0.78 -0.0707827
0.735 -0.0737276
0.75 -0.0757978
0.74 -0.0778517
0.775 -0.0797263
0.875 -0.0824736
0.88 -0.0854188
0.91 -0.0881555
0.905 -0.0904847
0.9 -0.0913747
0.895 -0.0927551
0.875 -0.0945464
0.845 -0.096471
0.845 -0.0991958
0.87 -0.101144
0.86 -0.103117
0.905 -0.105126
0.88 -0.105717
0.915 -0.105331
0.87 -0.105663
0.845 -0.105733
0.86 -0.10523
0.865 -0.104548
0.82 -0.105183
0.85 -0.105008
0.885 -0.105294
0.86 -0.106066
0.79 -0.105788
0.85 -0.105282
0.85 -0.104286
0.78 -0.103044
0.795 -0.102369
0.76 -0.100469
0.75 -0.0990734
0.73 -0.0977122
0.71 -0.0971129
0.67 -0.0971088
0.655 -0.0955873
0.615 -0.0949361
0.59 -0.0947846
0.63 -0.0939488
0.555 -0.0922894
0.485 -0.0916483
0.525 -0.0908727
0.595 -0.0901736
0.59 -0.0887742
0.555 -0.0885733
0.56 -0.0878074
0.6 -0.0864119
0.61 -0.0849043
0.675 -0.0821148
0.73 -0.0803195
0.675 -0.078343
0.715 -0.0768096
0.79 -0.0748542
0.72 -0.0729069
0.755 -0.0716101
0.755 -0.0695573
0.76 -0.0669583
0.745 -0.0636304
0.725 -0.0602911
0.685 -0.0558171
0.765 -0.0526387
0.77 -0.0511545
0.725 -0.0506991
0.755 -0.0495907
0.64 -0.0485837
0.63 -0.0478013
0.735 -0.0460537
0.695 -0.0440576
0.72 -0.0421997
0.69 -0.0401979
0.66 -0.0375704
0.645 -0.0354745
0.665 -0.0327706
0.715 -0.0305313
0.69 -0.0286501
0.735 -0.0274281
0.76 -0.0260975
0.77 -0.0250926
0.71 -0.0226757
0.68 -0.0202222
0.685 -0.0177472
0.67 -0.0145703
0.785 -0.0123177
0.85 -0.0094417
0.87 -0.00755055
0.825 -0.00589518
0.805 -0.00460372
0.845 -0.00259565
0.815 -0.000282497
0.845 0.00180787
0.79 0.00433793
0.82 0.00571953
0.815 0.00783194
0.795 0.00906218
0.855 0.0116444
0.8 0.0145092
0.84 0.0175263
0.83 0.0209195
0.85 0.0235232
0.85 0.0254471
0.825 0.027122
0.775 0.0283084
0.78 0.027754
0.785 0.0285626
0.745 0.0298262
0.76 0.0322679
0.8 0.0326682
0.815 0.0331089
0.845 0.0336754
0.84 0.0339721
0.85 0.0340269
0.9 0.0336467
0.835 0.0339238
0.735 0.0322453
0.7 0.0317539
0.715 0.031756
0.745 0.0323
0.7 0.033969
0.76 0.0345311
0.745 0.0338313
0.775 0.0332735
0.81 0.0336548
0.755 0.0335649
0.68 0.033533
0.625 0.0330712
0.57 0.0331648
0.575 0.0335516
0.555 0.0333155
0.535 0.0335092
0.49 0.0330173
0.48 0.0316435
0.495 0.0306236
0.57 0.0283095
0.575 0.0257963
0.545 0.024051
0.475 0.0226236
0.435 0.0216806
0.475 0.0209534
0.54 0.0215118
0.48 0.0232595
0.465 0.0253059
0.52 0.0270617
0.515 0.0274282
0.47 0.0271129
0.505 0.0275985
0.465 0.0271128
0.445 0.0267372
0.51 0.0256683
0.425 0.0247236
0.455 0.0246673
0.43 0.0247184
0.53 0.0247544
0.525 0.0242483
0.54 0.0241773
0.535 0.0247856
0.64 0.0245282
0.655 0.0240998
0.625 0.0232301
0.625 0.0224185
0.555 0.0205807
0.65 0.0191817
0.635 0.0179189
0.62 0.0171898
0.65 0.0156445
0.64 0.014429
0.65 0.0146711
0.6 0.0151059
0.625 0.0144902
0.55 0.0137023
0.535 0.0136681
0.515 0.0128434
0.47 0.0124911
0.515 0.0119468
0.535 0.0116332
0.5 0.0102183
0.535 0.00868991
0.615 0.00614082
0.655 0.00467153
0.72 0.00257514
0.72 -0.000406585
0.795 -0.00171765
0.775 -0.00331054
0.765 -0.00488327
0.665 -0.0066253
0.695 -0.00771384
0.69 -0.00913003
0.725 -0.010503
0.705 -0.0120775
0.665 -0.0140678
0.65 -0.0154887
0.63 -0.0167212
0.56 -0.0189519
0.605 -0.021861
0.64 -0.0248238
0.64 -0.0265844
0.695 -0.0287684
0.67 -0.0318388
0.69 -0.0335457
0.67 -0.0357346
0.66 -0.0394381
0.715 -0.0423302
0.72 -0.0460215
0.655 -0.0487759
0.655 -0.0515754
0.65 -0.0535042
0.68 -0.0559992
0.685 -0.0581497
0.7 -0.0602808
0.73 -0.0612886
0.725 -0.0625002
0.71 -0.0650452
0.725 -0.0664062
0.725 -0.0686953
0.75 -0.0697032
0.775 -0.0706841
0.78 -0.0719125
0.79 -0.0728504
0.82 -0.0736476
0.815 -0.0743646
0.785 -0.0745935
0.79 -0.0735835
0.755 -0.0739944
0.76 -0.0739678
0.73 -0.0740858
0.715 -0.0743234
0.695 -0.0735612
0.705 -0.0735438
0.69 -0.0743895
0.725 -0.0752247
0.73 -0.0761767
0.715 -0.0763518
0.72 -0.0766411
0.795 -0.0778763
0.82 -0.0790791
0.82 -0.0799061
0.845 -0.0810827
0.785 -0.0803072
0.79 -0.0797404
0.81 -0.0783185
0.805 -0.0767556
0.77 -0.0754603
0.755 -0.0738685
0.755 -0.0718054
0.755 -0.0705899
0.705 -0.0689509
0.735 -0.0673362
0.765 -0.0677229
0.705 -0.0681679
0.825 -0.0697527
0.725 -0.0717425
0.745 -0.0737488
0.7 -0.0755564
0.69 -0.076571
0.745 -0.0755794
0.715 -0.074502
0.67 -0.0736508
0.72 -0.073713
0.75 -0.0733654
0.755 -0.072271
0.745 -0.0706587
0.765 -0.0690843
0.81 -0.0682354
0.82 -0.0673764
0.825 -0.0664323
0.8 -0.0665949
0.745 -0.0662534
0.75 -0.065055
0.805 -0.0650609
0.805 -0.0655848
0.785 -0.0663296
0.765 -0.0671743
0.735 -0.0674631
0.675 -0.0677887
0.58 -0.0677135
0.61 -0.0669298
0.625 -0.0649564
0.605 -0.0637831
0.585 -0.0618594
0.58 -0.0596499
0.715 -0.0575568
0.72 -0.0551431
0.665 -0.0538609
0.66 -0.0527917
0.655 -0.0534616
0.7 -0.052771
0.72 -0.0516775
0.795 -0.0500728
0.8 -0.0487371
0.84 -0.0473189
0.795 -0.046206
0.75 -0.0456073
0.77 -0.0449324
0.785 -0.0445571
0.775 -0.043509
0.835 -0.043338
0.82 -0.0423459
0.795 -0.0416063
0.84 -0.040927
0.805 -0.0402649
0.84 -0.0387245
0.82 -0.0359693
0.81 -0.0340758
0.72 -0.0327677
0.64 -0.0315243
0.715 -0.0313399
0.715 -0.03007
0.67 -0.0285781
0.655 -0.0270391
0.69 -0.0251404
0.675 -0.0228085
0.625 -0.0207288
0.665 -0.0193289
0.635 -0.0169201
0.6 -0.0138283
0.665 -0.0113626
0.64 -0.00900476
0.68 -0.00695206
0.67 -0.00532337
0.7 -0.00450387
0.71 -0.00295422
0.66 -0.00269503
0.605 -0.00249272
0.66 -0.00188281
0.665 -0.00200335
0.685 -0.00261689
0.77 -0.00291018
0.745 -0.0019639
0.685 -0.00195144
0.685 -0.00262729
0.685 -0.00336757
0.68 -0.00400968
0.685 -0.00514447
0.75 -0.00505081
0.725 -0.00368921
0.635 -0.00251683
0.62 -0.00147958
0.655 -0.000938128
0.615 -0.00136939
0.59 -0.00236406
0.63 -0.00269432
0.58 -0.00184539
0.53 -0.00125047
0.495 -0.00153017
0.585 -0.00229799
0.645 -0.0022364
0.52 -0.00170503
0.46 0.000657263
0.525 0.00333649
0.535 0.00568391
0.5 0.0082834
0.565 0.00910934
0.51 0.00856365
0.55 0.0075266
0.62 0.00694584
0.565 0.00622663
0.565 0.00436115
0.55 0.00119656
0.64 -0.00177231
0.515 -0.00459519
0.5 -0.00670839
0.425 -0.00989812
0.435 -0.0126905
0.485 -0.0149879
0.48 -0.0177322
0.555 -0.0198831
0.505 -0.0218517
0.46 -0.0227175
0.47 -0.0222608
0.485 -0.0230635
0.47 -0.0235775
0.515 -0.0247925
0.575 -0.0267276
0.56 -0.0269897
0.615 -0.0271197
0.61 -0.0277135
0.59 -0.0292517
0.705 -0.031218
0.725 -0.0332982
0.745 -0.0348183
0.785 -0.0365576
0.755 -0.0375852
0.765 -0.0383371
0.79 -0.0405753
0.665 -0.0429395
0.68 -0.0462795
0.675 -0.0487573
0.695 -0.051572
0.73 -0.0547082
0.76 -0.0574129
0.72 -0.0611038
0.725 -0.0625972
0.725 -0.0646853
0.76 -0.0668538
0.82 -0.0687964
0.82 -0.0706864
0.76 -0.0727445
0.79 -0.074065
0.805 -0.0755246
0.845 -0.0768005
0.9 -0.0780072
0.87 -0.0789382
0.835 -0.0796606
0.825 -0.0803935
0.84 -0.0805742
0.835 -0.0804112
0.81 -0.080897
0.81 -0.0819956
0.875 -0.0833177
0.87 -0.0853499
0.805 -0.0875737
0.81 -0.0910395
0.82 -0.0951077
0.8 -0.0977901
0.7 -0.101048
0.61 -0.104653
0.6 -0.107166
0.575 -0.10977
0.575 -0.111294
0.695 -0.112769
0.72 -0.113597
0.765 -0.114099
0.775 -0.11547
0.775 -0.117967
0.785 -0.118961
0.805 -0.12055
0.79 -0.123627
0.805 -0.126252
0.845 -0.129454
0.855 -0.131083
0.815 -0.132492
0.86 -0.133453
0.85 -0.134151
0.775 -0.136331
0.82 -0.138521
0.825 -0.139271
0.825 -0.140377
0.82 -0.141257
0.83 -0.142701
0.835 -0.143905
0.78 -0.144579
0.82 -0.145077
0.85 -0.145732
0.85 -0.147397
0.84 -0.149296
0.85 -0.151195
0.84 -0.153135
0.79 -0.153957
0.845 -0.1552
0.815 -0.157821
0.82 -0.160549
0.805 -0.163166
0.795 -0.166069
0.8 -0.168772
0.81 -0.172371
0.79 -0.175205
0.72 -0.177643
0.78 -0.180249
0.795 -0.185214
0.82 -0.190097
0.845 -0.194726
0.825 -0.198819
0.8 -0.202902
0.835 -0.207197
0.875 -0.210878
0.87 -0.215252
0.825 -0.220094
0.85 -0.225248
0.83 -0.22912
0.785 -0.233111
0.775 -0.237302
0.745 -0.240472
0.76 -0.243794
0.705 -0.24798
0.755 -0.252729
0.75 -0.257653
0.74 -0.262327
0.765 -0.266995
0.74 -0.270597
0.83 -0.273441
0.875 -0.276184
0.865 -0.277533
0.84 -0.277821
0.795 -0.278121
0.795 -0.277532
0.825 -0.27621
0.83 -0.27465
0.77 -0.273429
0.765 -0.272933
0.75 -0.271985
0.72 -0.270688
0.76 -0.269381
0.63 -0.269067
0.68 -0.267863
0.74 -0.267517
0.725 -0.266395
0.78 -0.265679
0.76 -0.264825
0.8 -0.264432
0.9 -0.263559
0.905 -0.263381
0.915 -0.262785
0.915 -0.262233
0.875 -0.262045
0.91 -0.262612
0.9 -0.263476
0.86 -0.262557
0.89 -0.261558
0.855 -0.260385
0.885 -0.258571
0.92 -0.257086
0.855 -0.255079
0.855 -0.251996
0.875 -0.249142
0.845 -0.246766
0.88 -0.244395
0.89 -0.24376
0.83 -0.241796
0.87 -0.240416
0.88 -0.238179
0.865 -0.236407
0.805 -0.233907
0.78 -0.231208
0.745 -0.229529
0.74 -0.22885
0.77 -0.227033
0.805 -0.224555
0.815 -0.222665
0.85 -0.220061
0.805 -0.217509
0.795 -0.216103
0.815 -0.214706
0.825 -0.212253
0.805 -0.208912
0.775 -0.205599
0.805 -0.203019
0.745 -0.201462
0.745 -0.199739
0.7 -0.198409
0.73 -0.196138
0.705 -0.193519
0.755 -0.190562
0.76 -0.187153
0.8 -0.183976
0.765 -0.180375
0.735 -0.176895
0.69 -0.173761
0.67 -0.172151
0.61 -0.170605
0.52 -0.168855
0.525 -0.166979
0.5 -0.165641
0.535 -0.1641
0.565 -0.16212
0.585 -0.159025
0.655 -0.155293
0.73 -0.152607
0.745 -0.149545
0.73 -0.146851
0.76 -0.144
0.815 -0.141213
0.765 -0.137882
0.735 -0.135102
0.795 -0.132717
0.73 -0.131548
0.685 -0.129593
0.71 -0.127126
0.725 -0.125011
0.775 -0.123504
0.725 -0.121963
0.76 -0.121576
0.74 -0.12019
0.76 -0.118754
0.755 -0.117006
0.645 -0.116351
0.68 -0.117044
0.7 -0.116959
0.66 -0.116884
0.66 -0.115978
0.635 -0.114195
0.665 -0.113838
0.665 -0.114061
0.665 -0.113559
0.76 -0.112714
0.815 -0.111441
0.83 -0.110499
0.8 -0.108495
0.79 -0.106777
0.775 -0.10469
0.705 -0.102936
0.725 -0.102074
0.755 -0.101304
0.755 -0.100134
0.755 -0.0983651
0.78 -0.0961359
0.745 -0.0959889
0.73 -0.0971582
0.68 -0.0990714
0.695 -0.100708
0.72 -0.102176
0.745 -0.102369
0.745 -0.103627
0.735 -0.106276
0.72 -0.108018
0.72 -0.111541
0.74 -0.113088
0.75 -0.115516
0.76 -0.118367
0.785 -0.120693
0.775 -0.122918
0.835 -0.125178
0.845 -0.12789
0.81 -0.130597
0.82 -0.131994
0.82 -0.132075
0.785 -0.13255
0.765 -0.134078
0.78 -0.13521
0.785 -0.136166
0.85 -0.136988
0.855 -0.13845
0.845 -0.140984
0.82 -0.14369
0.81 -0.144939
0.815 -0.145901
0.82 -0.146334
0.84 -0.146431
0.825 -0.145969
0.79 -0.145489
0.745 -0.14526
0.74 -0.145239
0.715 -0.145247
0.725 -0.144402
0.76 -0.143712
0.79 -0.144042
0.715 -0.144635
0.65 -0.14484
0.635 -0.14575
0.7 -0.146905
0.7 -0.147542
0.745 -0.148042
0.765 -0.149199
0.785 -0.15065
0.845 -0.153187
0.845 -0.155215
0.8 -0.156291
0.81 -0.157481
0.835 -0.157725
0.865 -0.158157
0.85 -0.158968
0.845 -0.159285
0.855 -0.160375
0.845 -0.160968
0.845 -0.161093
0.855 -0.159544
0.76 -0.15977
0.815 -0.159508
0.805 -0.159288
0.815 -0.158186
0.77 -0.156989
0.82 -0.15579
0.83 -0.155209
0.855 -0.155633
0.835 -0.154384
0.88 -0.152646
0.865 -0.150828
0.89 -0.149629
0.93 -0.149775
0.94 -0.150069
0.85 -0.1502
0.795 -0.150304
0.75 -0.149926
0.765 -0.149333
0.75 -0.148882
0.785 -0.147413
0.805 -0.146301
0.78 -0.144331
0.785 -0.143146
0.82 -0.141698
0.83 -0.139972
0.79 -0.139422
0.795 -0.140328
0.77 -0.141154
0.84 -0.142228
0.81 -0.143244
0.83 -0.142319
0.79 -0.140479
0.77 -0.137801
0.765 -0.136395
0.765 -0.134795
0.78 -0.13324
0.805 -0.131044
0.82 -0.129026
0.85 -0.12785
0.805 -0.127026
0.695 -0.126833
0.67 -0.126505
0.735 -0.126429
0.725 -0.126843
0.785 -0.127798
0.81 -0.128173
0.795 -0.129194
0.77 -0.12919
0.755 -0.129103
0.845 -0.12851
0.83 -0.128145
0.87 -0.127732
0.9 -0.126254
0.92 -0.124771
0.89 -0.123342
0.835 -0.121708
0.865 -0.12044
0.89 -0.118929
0.885 -0.116436
0.85 -0.114479
0.79 -0.112122
0.785 -0.10804
0.775 -0.104389
0.825 -0.0995251
0.805 -0.0951934
0.855 -0.0910087
0.87 -0.0865296
0.845 -0.0826734
0.775 -0.0794008
0.795 -0.0763179
0.83 -0.0744451
0.78 -0.073146
0.79 -0.0710277
0.8 -0.0709358
0.77 -0.0704018
0.835 -0.0707165
0.875 -0.0710147
0.845 -0.0696717
0.91 -0.0690442
0.87 -0.0688698
0.865 -0.067794
0.865 -0.0664345
0.85 -0.0648432
0.825 -0.0626291
0.835 -0.0602277
0.785 -0.0576286
0.81 -0.0546973
0.775 -0.0520372
0.71 -0.0489749
0.68 -0.0453083
0.68 -0.0409184
0.66 -0.0366379
0.64 -0.0326047
0.63 -0.0294518
0.72 -0.0257306
0.73 -0.0218789
0.725 -0.0165762
0.695 -0.0129493
0.685 -0.0103032
0.66 -0.00810414
0.635 -0.00478937
0.56 -0.00187429
0.515 0.000549484
0.54 0.0043789
0.44 0.00781581
0.47 0.0117549
0.515 0.0153768
0.475 0.0181102
0.515 0.0203066
0.43 0.0221796
0.385 0.0251264
0.44 0.0274027
0.415 0.0307166
0.45 0.0342822
0.415 0.0382538
0.37 0.0415469
0.385 0.0447659
0.345 0.0505854
0.345 0.0558172
0.35 0.0607717
0.425 0.0647818
0.45 0.0682049
0.515 0.072314
0.54 0.0751535
0.45 0.0776543
0.385 0.0799941
0.305 0.0832852
0.25 0.0871686
0.21 0.090015
0.215 0.0939068
0.195 0.0971571
0.105 0.100098
0.04 0.102171
0.105 0.104541
0.09 0.107573
0.04 0.110372
0.085 0.113013
0.035 0.116238
0.11 0.11952
0.165 0.122563
0.175 0.125254
0.23 0.127297
0.22 0.128261
0.22 0.130082
0.28 0.131022
0.26 0.132848
0.295 0.136031
0.25 0.137551
0.315 0.138992
0.35 0.140564
0.265 0.142082
0.265 0.142264
0.26 0.142298
0.275 0.142894
0.265 0.144414
0.27 0.145213
0.195 0.14562
0.27 0.146914
0.27 0.148775
0.315 0.149371
0.275 0.149874
0.21 0.149816
0.25 0.151365
0.275 0.152398
0.325 0.154667
0.39 0.156592
0.33 0.159031
0.34 0.161259
0.31 0.164019
0.345 0.166927
0.325 0.168565
0.385 0.170009
0.35 0.170638
0.355 0.172063
0.39 0.17374
0.45 0.174331
0.46 0.176876
0.485 0.179599
0.55 0.180616
0.515 0.182025
0.565 0.182869
0.555 0.182669
0.51 0.182027
0.515 0.181157
0.445 0.180207
0.525 0.179598
0.565 0.179772
0.595 0.179398
0.545 0.179349
0.515 0.179175
0.49 0.178431
0.55 0.177166
0.535 0.175052
0.48 0.174678
0.47 0.174742
0.485 0.176116
0.455 0.179751
0.48 0.182588
0.505 0.186089
0.495 0.189628
0.5 0.19292
0.425 0.195738
0.525 0.198192
0.565 0.201315
0.585 0.204497
0.55 0.207022
0.5 0.208532
0.57 0.210021
0.57 0.211579
0.515 0.213046
0.605 0.213965
0.545 0.21538
0.55 0.216603
0.565 0.217731
0.52 0.218974
0.465 0.220647
0.415 0.220969
0.385 0.220099
0.465 0.219408
0.425 0.220394
0.43 0.220325
0.48 0.219543
0.475 0.218766
0.46 0.218149
0.42 0.21806
0.42 0.217141
0.42 0.216474
0.465 0.216439
0.38 0.216803
0.365 0.216925
0.435 0.217726
0.485 0.219494
0.525 0.220065
0.505 0.221208
0.575 0.221704
0.59 0.222309
0.53 0.221959
0.565 0.220342
0.48 0.218238
0.46 0.216105
0.42 0.214089
0.48 0.212614
0.535 0.210518
0.595 0.207395
0.625 0.204443
0.635 0.202926
0.585 0.202884
0.645 0.204387
0.715 0.206177
0.715 0.206532
0.665 0.208281
0.57 0.2099
0.49 0.211354
0.43 0.212405
0.465 0.213976
0.45 0.216324
0.46 0.217659
0.545 0.217953
0.515 0.219372
0.485 0.220802
0.485 0.221625
0.39 0.221365
0.39 0.220618
0.495 0.219045
0.5 0.216343
0.515 0.212925
0.495 0.209707
0.44 0.207038
0.44 0.205168
0.455 0.202475
0.415 0.2005
0.38 0.199101
0.36 0.197285
0.275 0.196508
0.355 0.195692
0.37 0.195937
0.34 0.1963
0.51 0.196594
0.435 0.196916
0.385 0.1968
0.35 0.197767
0.345 0.199218
0.29 0.199691
0.275 0.20034
0.18 0.202187
0.185 0.204296
0.24 0.206174
0.27 0.209063
0.195 0.210991
0.285 0.212551
0.285 0.213155
0.295 0.214465
0.245 0.21559
0.245 0.216905
0.295 0.218364
0.3 0.21959
0.29 0.219067
0.325 0.219067
0.31 0.219189
0.285 0.218121
0.315 0.218148
0.285 0.218537
0.19 0.218081
0.195 0.216382
0.195 0.215498
0.175 0.214581
0.18 0.212665
0.195 0.21247
0.185 0.212668
0.175 0.213223
0.22 0.213558
0.155 0.213912
0.065 0.215796
0.135 0.217081
0.14 0.219403
0.07 0.221189
0.035 0.221663
0.055 0.222446
0.025 0.224406
0 0.225451
0.035 0.226036
0.115 0.226983
0.1 0.226719
0.15 0.227141
0.205 0.226753
0.175 0.225884
0.205 0.224536
0.205 0.224497
0.24 0.223941
0.275 0.223892
0.28 0.221844
0.265 0.219394
0.31 0.218455
0.29 0.218072
0.325 0.218151
0.38 0.218311
0.47 0.218609
0.49 0.218498
0.49 0.21823
0.545 0.217228
0.565 0.217228
0.615 0.217354
0.555 0.216015
0.595 0.215728
0.66 0.216614
0.615 0.217607
0.59 0.217183
0.595 0.217133
0.645 0.218881
0.66 0.220176
0.625 0.220235
0.6 0.219511
0.61 0.218844
0.565 0.217277
0.585 0.215866
0.59 0.214975
0.59 0.213816
0.585 0.211697
0.615 0.209543
0.67 0.207059
0.685 0.205661
0.67 0.205211
0.725 0.20481
0.735 0.203733
0.765 0.200876
0.685 0.198138
0.675 0.196046
0.77 0.193857
0.74 0.192598
0.77 0.190761
0.75 0.187903
0.79 0.185106
0.74 0.183589
0.75 0.182412
0.76 0.181072
0.74 0.179144
0.785 0.177758
0.74 0.177236
0.755 0.175834
0.76 0.1743
0.76 0.171926
0.755 0.169676
0.745 0.168992
0.735 0.166774
0.775 0.164114
0.685 0.16161
0.67 0.159961
0.685 0.15924
0.765 0.1587
0.815 0.15769
0.79 0.1565
0.74 0.15566
0.725 0.156485
0.715 0.155326
0.72 0.154809
0.7 0.154077
0.71 0.153547
0.675 0.152031
0.69 0.15049
0.705 0.149429
0.7 0.147684
0.635 0.145335
0.685 0.142684
0.655 0.141363
0.605 0.14022
0.63 0.139719
0.63 0.139232
0.745 0.138795
0.725 0.139794
0.755 0.140612
0.785 0.140561
0.81 0.140654
0.775 0.142063
0.81 0.144223
0.76 0.145248
0.745 0.145339
0.7 0.145127
0.745 0.144529
0.78 0.143236
0.755 0.143965
0.73 0.144272
0.75 0.143451
0.74 0.142719
0.785 0.144577
0.815 0.146468
0.77 0.146988
0.785 0.147092
0.715 0.148064
0.735 0.148751
0.79 0.148695
0.795 0.148986
0.75 0.148863
0.625 0.148367
0.64 0.148422
0.605 0.149453
0.66 0.150496
0.69 0.151327
0.765 0.15192
0.825 0.152882
0.805 0.153264
0.775 0.153381
0.785 0.153923
0.775 0.154561
0.775 0.15436
0.735 0.152925
0.775 0.151835
0.81 0.150945
0.79 0.149656
0.785 0.147274
0.835 0.144761
0.785 0.141614
0.805 0.138302
0.81 0.135958
0.795 0.133359
0.795 0.130681
0.815 0.128442
0.815 0.126149
0.84 0.123337
0.835 0.121651
0.82 0.119802
0.835 0.116516
0.79 0.111588
0.775 0.105999
0.76 0.101618
0.775 0.098147
0.795 0.0960169
0.77 0.0926388
0.795 0.090157
0.815 0.0879025
0.84 0.0857967
0.88 0.0822902
0.89 0.0785988
0.88 0.0730497
0.855 0.0679975
0.83 0.0640769
0.795 0.0591247
0.79 0.0565807
0.77 0.0552207
0.775 0.0549124
0.77 0.0542983
0.715 0.0537775
0.74 0.0526288
0.7 0.0516908
0.695 0.0509625
0.635 0.0502229
0.63 0.0484104
0.67 0.0463
0.66 0.0445112
0.615 0.0408719
0.675 0.0368259
0.63 0.0326409
0.635 0.0286311
0.785 0.0252572
0.74 0.0215423
0.75 0.0180353
0.74 0.0148
0.77 0.0120277
0.775 0.00899919
0.735 0.00561988
0.7 0.0026643
0.7 -0.000723252
0.74 -0.00382891
0.8 -0.00584661
0.805 -0.00805014
0.825 -0.00908171
0.815 -0.00945726
0.855 -0.00968973
0.835 -0.00915881
0.81 -0.00897218
0.82 -0.00776612
0.825 -0.00655701
0.865 -0.00536384
0.755 -0.00470169
0.8 -0.00433871
0.73 -0.00424312
0.77 -0.00327559
0.765 -0.00319421
0.74 -0.00368439
0.72 -0.00311848
0.725 -0.00344597
0.755 -0.00350007
0.79 -0.00397228
0.785 -0.00390353
0.83 -0.00393686
0.79 -0.00490451
0.865 -0.00594729
0.85 -0.00711776
0.84 -0.00714952
0.8 -0.00809754
0.75 -0.0100958
0.655 -0.0112045
0.69 -0.0145028
0.73 -0.015914
0.73 -0.0161558
0.71 -0.0162482
0.69 -0.0162119
0.665 -0.0163634
0.58 -0.0155356
0.445 -0.0137436
0.41 -0.0112615
0.375 -0.00799003
0.405 -0.00551979
0.37 -0.0039302
0.375 -0.00189228
0.365 -0.00106439
0.335 -0.000928032
0.44 -0.00153938
0.485 -0.00294345
0.53 -0.00472834
0.52 -0.00483956
0.525 -0.00496302
0.555 -0.00521398
0.51 -0.00653634
0.575 -0.00777109
0.61 -0.00854127
0.61 -0.0101968
0.595 -0.0133078
0.585 -0.0154203
0.565 -0.0167968
0.545 -0.0173671
0.575 -0.0190419
0.55 -0.0199634
0.525 -0.0212011
0.51 -0.0239727
0.58 -0.0259313
0.6 -0.0278268
0.57 -0.0295984
0.525 -0.0314125
0.545 -0.0316436
0.495 -0.0311215
0.425 -0.0305079
0.4 -0.0291687
0.42 -0.0277199
0.395 -0.0262806
0.38 -0.0262564
0.35 -0.0268218
0.33 -0.0285502
0.35 -0.0306968
0.33 -0.0324389
0.365 -0.0339855
0.355 -0.0363998
0.41 -0.0411926
0.405 -0.0460386
0.41 -0.0510832
0.4 -0.0545029
0.465 -0.0580004
0.475 -0.0628445
0.525 -0.0666645
0.545 -0.071147
0.505 -0.075429
0.435 -0.0799514
0.43 -0.0847415
0.34 -0.0897223
0.375 -0.0949978
0.42 -0.0998571
0.43 -0.103845
0.49 -0.108673
0.505 -0.112756
0.515 -0.116211
0.495 -0.119409
0.435 -0.121351
0.425 -0.123552
0.43 -0.125351
0.415 -0.127672
0.445 -0.129261
0.51 -0.131832
0.48 -0.134897
0.425 -0.13864
0.46 -0.141902
0.435 -0.145588
0.445 -0.149413
0.385 -0.152938
0.46 -0.155944
0.48 -0.159184
0.47 -0.162593
0.445 -0.165002
0.465 -0.167846
0.485 -0.169759
0.585 -0.169968
0.645 -0.170532
0.675 -0.172974
0.64 -0.17602
0.615 -0.178334
0.575 -0.180963
0.495 -0.184104
0.53 -0.189303
0.475 -0.194583
0.475 -0.199954
0.48 -0.203783
0.45 -0.208149
0.485 -0.213042
0.5 -0.216635
0.52 -0.221719
0.495 -0.225491
0.52 -0.228621
0.58 -0.230189
0.53 -0.231951
0.525 -0.234154
0.585 -0.236705
0.675 -0.238043
0.62 -0.241121
0.635 -0.24401
0.625 -0.245587
0.595 -0.24594
0.635 -0.24611
0.705 -0.247794
0.715 -0.248616
0.745 -0.250227
0.785 -0.252151
0.715 -0.253853
0.69 -0.254996
0.64 -0.255013
0.63 -0.256307
0.675 -0.258442
0.62 -0.261688
0.665 -0.264936
0.67 -0.266812
0.71 -0.26754
0.745 -0.268237
0.695 -0.267948
0.76 -0.269448
0.795 -0.269859
0.855 -0.271292
0.775 -0.272273
0.775 -0.272727
0.81 -0.272685
0.88 -0.272484
0.835 -0.272173
0.8 -0.271931
0.82 -0.27104
0.85 -0.270378
0.81 -0.267902
0.85 -0.265093
0.845 -0.26291
0.775 -0.259006
0.785 -0.256039
0.81 -0.253236
0.76 -0.250565
0.785 -0.248107
0.81 -0.24621
0.835 -0.244943
0.89 -0.244586
0.865 -0.243574
0.85 -0.242288
0.8 -0.240192
0.8 -0.237012
0.845 -0.234088
0.825 -0.23154
0.815 -0.229556
0.84 -0.2278
0.86 -0.226166
0.9 -0.224108
0.91 -0.220491
0.865 -0.218658
0.89 -0.216103
0.84 -0.213319
0.815 -0.210193
0.845 -0.205939
0.885 -0.201595
0.845 -0.19711
0.88 -0.192278
0.875 -0.187686
0.84 -0.184574
0.825 -0.181288
0.76 -0.177405
0.68 -0.174152
0.695 -0.170651
0.755 -0.166448
0.745 -0.162147
0.69 -0.158462
0.79 -0.155866
0.755 -0.153172
0.885 -0.150926
0.855 -0.150195
0.875 -0.148854
0.865 -0.148197
0.845 -0.147209
0.84 -0.145829
0.795 -0.144485
0.795 -0.143965
0.84 -0.14315
0.88 -0.142083
0.885 -0.141373
0.86 -0.140449
0.86 -0.139058
0.915 -0.13614
0.9 -0.134691
0.89 -0.133631
0.825 -0.131671
0.805 -0.130586
0.82 -0.127913
0.83 -0.123625
0.835 -0.119343
0.795 -0.113927
0.805 -0.110771
0.75 -0.108552
0.81 -0.106222
0.86 -0.102953
0.85 -0.0996408
0.87 -0.0979535
0.855 -0.0974304
0.83 -0.0975159
0.76 -0.0972172
0.75 -0.0965897
0.795 -0.0963643
0.81 -0.0957001
0.755 -0.0959019
0.82 -0.0958853
0.84 -0.0961265
0.77 -0.0951093
0.84 -0.0950341
0.865 -0.0951982
0.865 -0.0941145
0.935 -0.0925694
0.89 -0.0915325
0.91 -0.0921593
0.81 -0.0927809
0.795 -0.0936067
0.8 -0.0938968
0.795 -0.094001
0.765 -0.0939081
0.74 -0.0940236
0.82 -0.094983
0.8 -0.0951384
0.78 -0.0945604
0.76 -0.0941878
0.67 -0.0937556
0.625 -0.0944371
0.49 -0.0951781
0.5 -0.0953467
0.525 -0.0962353
0.54 -0.0959866
0.475 -0.0969517
0.355 -0.0997468
0.345 -0.103166
0.38 -0.108147
0.335 -0.110653
0.305 -0.112549
0.305 -0.11455
0.345 -0.115996
0.365 -0.116484
0.36 -0.115407
0.395 -0.115446
0.365 -0.115853
0.32 -0.116244
0.24 -0.116628
0.24 -0.117595
0.145 -0.118639
0.07 -0.120094
0.045 -0.122181
0.01 -0.124206
0.095 -0.126994
0.03 -0.130264
0.05 -0.132612
0.135 -0.135616
0.105 -0.140062
0.125 -0.145442
0.125 -0.149821
0.085 -0.153473
0.12 -0.156221
0.135 -0.15904
0.065 -0.162177
0.085 -0.164199
0.005 -0.166842
0.005 -0.169029
0.025 -0.16971
0.085 -0.172067
0 -0.173513
0.09 -0.175773
0.085 -0.177297
0.145 -0.177816
0.21 -0.179105
0.19 -0.179489
0.25 -0.180871
0.22 -0.181034
0.26 -0.18218
0.27 -0.183938
0.255 -0.186228
0.295 -0.187688
0.265 -0.189804
0.215 -0.192212
0.27 -0.193616
0.325 -0.195214
0.29 -0.19648
0.335 -0.196328
0.32 -0.196377
0.28 -0.195161
0.315 -0.194884
0.375 -0.195724
0.365 -0.196048
0.355 -0.196468
0.4 -0.197465
0.295 -0.198975
0.33 -0.199852
0.345 -0.199994
0.365 -0.200045
0.3 -0.199812
0.205 -0.199908
0.28 -0.198033
0.29 -0.195418
0.325 -0.19286
0.355 -0.189538
0.385 -0.18663
0.4 -0.184288
0.395 -0.182685
0.435 -0.181447
0.355 -0.178439
0.29 -0.176412
0.35 -0.174955
0.395 -0.174368
0.375 -0.17235
0.39 -0.169493
0.42 -0.165691
0.485 -0.161757
0.485 -0.158129
0.495 -0.154596
0.455 -0.151871
0.455 -0.147808
0.465 -0.144794
0.415 -0.142052
0.42 -0.139453
0.42 -0.135913
0.435 -0.132663
0.51 -0.130478
0.45 -0.128035
0.515 -0.127428
0.51 -0.126699
0.6 -0.123917
0.675 -0.12196
0.6 -0.118476
0.685 -0.116314
0.74 -0.113213
0.77 -0.10902
0.8 -0.104382
0.8 -0.0990294
0.835 -0.0931314
0.84 -0.088174
0.865 -0.0840845
0.875 -0.0790247
0.86 -0.0745069
0.835 -0.0694972
0.815 -0.0640251
0.82 -0.0585815
0.79 -0.0536295
0.865 -0.0493776
0.835 -0.0449265
0.88 -0.0420058
0.865 -0.0383736
0.85 -0.0341899
0.765 -0.0307219
0.71 -0.0268498
0.74 -0.0223186
0.795 -0.0182976
0.72 -0.0149604
0.73 -0.0114687
0.76 -0.00690163
0.82 -0.00231788
0.795 0.000665375
0.85 0.00332786
0.875 0.00519494
0.825 0.00668497
0.745 0.00847369
0.78 0.0103292
0.85 0.0114898
0.9 0.013395
0.925 0.0154026
0.915 0.0170789
0.885 0.0208165
0.845 0.0239399
0.825 0.0269652
0.815 0.0294134
0.815 0.0331148
0.775 0.0372124
0.78 0.0416916
0.825 0.0478047
0.89 0.054294
0.855 0.0593547
0.875 0.0635982
0.885 0.0685761
0.84 0.0726773
0.865 0.0765775
0.88 0.0786722
0.9 0.0810484
0.905 0.083339
0.87 0.0849369
0.875 0.0861073
0.85 0.0880938
0.765 0.0891419
0.72 0.0903814
0.67 0.0904879
0.69 0.0921518
0.68 0.0947916
0.71 0.097076
0.6 0.0998831
0.49 0.102616
0.5 0.103957
0.535 0.104926
0.555 0.105701
0.47 0.106985
0.46 0.108403
0.425 0.109315
0.405 0.111827
0.48 0.114265
0.53 0.116374
0.545 0.119346
0.565 0.120638
0.555 0.121975
0.61 0.122877
0.565 0.124072
0.52 0.125627
0.52 0.128286
0.495 0.131245
0.49 0.133218
0.505 0.136197
0.46 0.139281
0.49 0.142728
0.46 0.146592
0.375 0.149506
0.395 0.152363
0.365 0.155263
0.4 0.158775
0.355 0.161623
0.33 0.163787
0.405 0.165768
0.34 0.16812
0.305 0.170874
0.29 0.174581
0.33 0.175436
0.29 0.17631
0.32 0.176257
0.22 0.176329
0.145 0.176061
0.165 0.176624
0.16 0.177484
0.125 0.177088
0.15 0.176907
0.12 0.175963
0.075 0.17603
0.08 0.175979
0.07 0.175433
0.045 0.17501
0.005 0.176737
0.02 0.178052
0 0.180658
0.04 0.184094
0.01 0.18604
0.005 0.189299
0.015 0.192023
0.015 0.194505
0.08 0.19807
0.12 0.20025
0.12 0.202302
0.15 0.204592
0.09 0.205291
0.035 0.205098
0.055 0.203705
0.07 0.202224
0.035 0.201772
0.025 0.201515
0.035 0.202119
0.005 0.203078
0.06 0.204125
0.035 0.20603
0.165 0.209512
0.15 0.21183
0.195 0.214428
0.215 0.217745
0.28 0.21966
0.42 0.222637
0.43 0.224066
0.525 0.226029
0.505 0.228082
0.505 0.232252
0.43 0.236285
0.36 0.239818
0.41 0.243078
0.36 0.246451
0.385 0.25047
0.32 0.253236
0.3 0.257654
0.27 0.262449
0.255 0.266888
0.3 0.270814
0.355 0.273645
0.29 0.275731
0.345 0.277467
0.245 0.278022
0.215 0.278576
0.225 0.279364
0.245 0.280088
0.28 0.279918
0.19 0.279901
0.205 0.281104
0.24 0.282582
0.26 0.284176
0.32 0.285308
0.4 0.286523
0.38 0.287363
0.325 0.286887
0.365 0.287673
0.325 0.286961
0.4 0.285135
0.425 0.283857
0.455 0.282844
0.43 0.282239
0.42 0.281844
0.35 0.282724
0.29 0.282204
0.275 0.28173
0.33 0.280543
0.32 0.280274
0.21 0.279417
0.2 0.279394
0.22 0.279245
0.19 0.278056
0.15 0.277447
0.155 0.275324
0.18 0.272642
0.16 0.270023
0.17 0.267822
0.145 0.265533
0.24 0.262937
0.255 0.261278
0.31 0.259248
0.265 0.254851
0.145 0.250431
0.14 0.244985
0.125 0.239663
0.055 0.233768
0.125 0.228116
0.16 0.224352
0.19 0.220941
0.25 0.218391
0.26 0.216093
0.275 0.213608
0.23 0.211921
0.24 0.209697
0.32 0.208392
0.375 0.205557
0.275 0.204925
0.195 0.202697
0.205 0.200759
0.185 0.19961
0.24 0.199907
0.215 0.199929
0.255 0.200184
0.21 0.198933
0.16 0.197659
0.26 0.198316
0.25 0.198865
0.255 0.198768
0.245 0.198528
0.195 0.19742
0.22 0.196779
0.25 0.196062
0.24 0.195417
0.25 0.195971
0.285 0.196028
0.26 0.195792
0.24 0.196451
0.32 0.19626
0.375 0.19609
0.415 0.195982
0.44 0.19547
0.38 0.19516
0.345 0.195608
0.305 0.194802
0.265 0.193533
0.155 0.192838
0.255 0.190904
0.315 0.18969
0.37 0.18774
0.425 0.184376
0.35 0.180432
0.415 0.176866
0.34 0.171822
0.385 0.167181
0.42 0.163052
0.465 0.160074
0.41 0.160025
0.31 0.158197
0.34 0.15603
0.415 0.153375
0.375 0.15064
0.37 0.148053
0.43 0.14648
0.455 0.144545
0.39 0.142134
0.525 0.138058
0.48 0.134603
0.53 0.131444
0.475 0.128007
0.495 0.125998
0.555 0.123154
0.565 0.120638
0.555 0.116809
0.595 0.113426
0.7 0.109855
0.73 0.105182
0.7 0.0999123
0.65 0.0950434
0.625 0.0908207
0.585 0.0860473
0.67 0.0814922
0.705 0.0787496
0.72 0.0744322
0.675 0.0703033
0.68 0.0659516
0.625 0.0607009
0.545 0.0561252
0.615 0.0522104
0.59 0.0482203
0.62 0.0444501
0.59 0.0402675
0.67 0.0365677
0.635 0.0320554
0.645 0.0283619
0.615 0.0245912
0.615 0.0217769
0.515 0.0191368
0.565 0.0164951
0.555 0.0140673
0.49 0.0111687
0.485 0.00763368
0.54 0.00516168
0.595 0.00409038
0.575 0.00344221
0.57 0.00196416
0.66 8.11439e-05
0.705 -0.00247083
0.705 -0.00384195
0.765 -0.00579235
0.745 -0.00953627
0.73 -0.0134498
0.73 -0.0157553
0.66 -0.0189668
0.61 -0.0222578
0.575 -0.0265549
0.56 -0.0315924
0.53 -0.0356937
0.55 -0.0369349
0.525 -0.0385092
0.51 -0.0396776
0.51 -0.0415643
0.495 -0.0425044
0.48 -0.0428539
0.505 -0.0437099
0.545 -0.0446848
0.515 -0.0458971
0.415 -0.0472386
0.48 -0.0487382
0.565 -0.0497963
0.63 -0.0498151
0.6 -0.0496186
0.585 -0.0494458
0.555 -0.0502306
0.56 -0.0492827
0.525 -0.0489192
0.57 -0.0490791
0.625 -0.0503733
0.545 -0.0529643
0.54 -0.0553237
0.5 -0.0580449
0.45 -0.058942
0.455 -0.0606969
0.425 -0.0637449
0.455 -0.0673807
0.525 -0.0714656
0.445 -0.0753869
0.46 -0.0781028
0.45 -0.081623
0.415 -0.0838065
0.435 -0.0867933
0.41 -0.0906307
0.33 -0.0948539
0.42 -0.0981288
0.41 -0.102161
0.435 -0.106689
0.455 -0.110951
0.55 -0.116214
0.655 -0.120276
0.64 -0.123265
0.72 -0.125691
0.74 -0.128295
0.8 -0.130249
0.855 -0.131057
0.865 -0.131396
0.84 -0.132078
0.84 -0.132794
0.84 -0.133253
0.85 -0.134694
0.77 -0.136171
0.835 -0.138904
0.875 -0.142445
0.82 -0.145736
0.76 -0.149255
0.73 -0.153188
0.67 -0.155747
0.72 -0.157358
0.79 -0.159382
0.815 -0.161032
0.81 -0.162491
0.83 -0.163924
0.835 -0.164007
0.895 -0.164597
0.955 -0.165392
0.955 -0.167403
0.915 -0.169051
0.92 -0.170883
0.91 -0.172723
0.89 -0.174428
0.87 -0.17371
0.86 -0.174719
0.86 -0.175464
0.865 -0.175666
0.88 -0.175622
0.86 -0.175138
0.84 -0.174901
0.795 -0.173572
0.88 -0.174789
0.855 -0.174116
0.845 -0.172341
0.87 -0.170679
0.83 -0.167797
0.86 -0.165648
0.865 -0.16393
0.895 -0.163024
0.915 -0.161929
0.905 -0.160336
0.945 -0.160285
0.94 -0.161605
0.88 -0.163792
0.89 -0.164965
0.875 -0.165712
0.905 -0.167668
0.88 -0.16916
0.835 -0.170831
0.83 -0.170245
0.81 -0.169134
0.81 -0.169265
0.855 -0.167868
0.89 -0.167573
0.925 -0.166707
0.92 -0.16501
0.925 -0.163483
0.88 -0.161501
0.845 -0.160629
0.87 -0.16118
0.895 -0.160615
0.935 -0.160789
0.88 -0.160982
0.86 -0.16152
0.84 -0.163163
0.88 -0.164335
0.925 -0.164962
0.915 -0.164816
0.925 -0.163609
0.925 -0.163936
0.835 -0.162914
0.795 -0.161533
0.785 -0.160306
0.815 -0.159072
0.87 -0.158108
0.86 -0.157786
0.81 -0.158256
0.83 -0.159141
0.785 -0.159332
0.79 -0.159064
0.8 -0.160217
0.82 -0.162269
0.78 -0.166262
0.745 -0.167965
0.755 -0.1703
0.755 -0.172782
0.71 -0.173712
0.68 -0.173422
0.74 -0.173674
0.71 -0.174064
0.785 -0.17385
0.795 -0.172892
0.725 -0.172492
0.685 -0.17252
0.775 -0.173078
0.76 -0.174181
0.81 -0.175693
0.825 -0.176794
0.84 -0.17757
0.725 -0.179191
0.825 -0.178606
0.88 -0.177978
0.89 -0.176859
0.885 -0.177182
0.89 -0.177417
0.85 -0.177577
0.82 -0.177024
0.84 -0.176847
0.85 -0.178552
0.845 -0.180741
0.815 -0.183913
0.795 -0.186443
0.785 -0.189195
0.79 -0.192879
0.815 -0.195097
0.785 -0.19857
0.74 -0.201684
0.78 -0.20488
0.785 -0.207896
0.75 -0.21063
0.755 -0.212881
0.79 -0.21548
0.805 -0.218498
0.745 -0.222489
0.775 -0.225295
0.83 -0.228067
0.715 -0.231478
0.72 -0.234786
0.705 -0.237628
0.705 -0.240251
0.725 -0.241617
0.76 -0.243032
0.81 -0.243211
0.825 -0.243726
0.87 -0.244075
0.87 -0.245175
0.865 -0.246848
0.75 -0.248085
0.79 -0.251389
0.755 -0.256079
0.695 -0.260522
0.71 -0.264876
0.685 -0.26821
0.72 -0.272848
0.71 -0.277437
0.68 -0.281005
0.67 -0.283289
0.66 -0.283473
0.64 -0.284268
0.69 -0.286926
0.655 -0.288157
0.665 -0.289386
0.65 -0.290137
0.705 -0.292168
0.555 -0.294955
0.505 -0.297285
0.53 -0.298009
0.575 -0.299109
0.59 -0.299544
0.635 -0.300333
0.605 -0.30077
0.65 -0.301038
0.64 -0.302885
0.72 -0.302963
0.735 -0.300819
0.675 -0.298436
0.575 -0.296471
0.465 -0.294727
0.54 -0.292698
0.585 -0.292177
0.605 -0.292394
0.565 -0.292126
0.56 -0.292902
0.64 -0.293394
0.745 -0.293344
0.715 -0.291176
0.665 -0.28881
0.7 -0.287968
0.705 -0.287835
0.685 -0.286647
0.705 -0.28619
0.73 -0.286433
0.755 -0.285813
0.69 -0.287483
0.63 -0.289462
0.645 -0.291251
0.56 -0.292061
0.55 -0.291951
0.59 -0.29163
0.615 -0.290455
0.61 -0.290473
0.63 -0.289532
0.685 -0.288112
0.695 -0.287205
0.68 -0.287089
0.71 -0.286962
0.71 -0.285739
0.715 -0.285155
0.725 -0.28431
0.755 -0.283657
0.715 -0.281856
0.69 -0.279356
0.69 -0.274429
0.745 -0.270741
0.75 -0.266347
0.72 -0.263198
0.665 -0.259118
0.61 -0.253941
0.625 -0.251808
0.635 -0.249511
0.69 -0.249115
0.67 -0.248996
0.605 -0.250208
0.615 -0.250761
0.585 -0.250966
0.605 -0.249293
0.54 -0.246971
0.57 -0.246547
0.575 -0.245894
0.57 -0.244615
0.615 -0.24316
0.61 -0.241836
0.62 -0.239313
0.635 -0.237561
0.665 -0.235002
0.66 -0.233423
0.69 -0.231338
0.78 -0.230409
0.855 -0.228201
0.84 -0.226189
0.76 -0.224878
0.78 -0.224411
0.8 -0.223382
0.815 -0.221626
0.83 -0.219508
0.86 -0.219381
0.905 -0.219389
0.92 -0.217975
0.895 -0.215477
0.82 -0.212503
0.8 -0.210327
0.75 -0.208238
0.78 -0.205751
0.745 -0.203431
0.76 -0.199564
0.695 -0.196795
0.715 -0.191052
0.76 -0.187776
0.745 -0.187097
0.77 -0.186997
0.78 -0.186546
0.775 -0.187584
0.75 -0.18857
0.805 -0.189634
0.85 -0.189937
0.865 -0.188448
0.85 -0.186785
0.85 -0.184895
0.83 -0.183222
0.795 -0.181325
0.735 -0.178882
0.77 -0.176168
0.76 -0.173222
0.8 -0.170463
0.825 -0.168904
0.835 -0.165483
0.83 -0.163698
0.83 -0.162541
0.86 -0.162245
0.825 -0.161465
0.885 -0.159981
0.88 -0.159097
0.81 -0.158025
0.8 -0.157134
0.775 -0.156255
0.75 -0.155566
0.69 -0.154919
0.735 -0.154664
0.745 -0.151973
0.755 -0.148016
0.745 -0.146078
0.735 -0.142753
0.79 -0.141946
0.75 -0.141528
0.73 -0.141396
0.74 -0.14347
0.65 -0.144686
0.595 -0.146262
0.67 -0.147481
0.635 -0.14868
0.685 -0.149108
0.765 -0.150422
0.765 -0.151792
0.735 -0.15111
0.74 -0.149252
0.755 -0.147474
0.74 -0.144838
0.75 -0.142938
0.675 -0.141186
0.645 -0.139461
0.67 -0.137443
0.715 -0.135658
0.63 -0.134538
0.6 -0.133827
0.495 -0.134374
0.55 -0.134983
0.565 -0.135353
0.565 -0.137096
0.63 -0.139174
0.65 -0.137805
0.695 -0.134379
0.63 -0.132233
0.645 -0.129339
0.595 -0.126499
0.57 -0.125404
0.55 -0.124433
0.605 -0.122746
0.645 -0.121388
0.635 -0.119055
0.69 -0.117973
0.745 -0.116412
0.72 -0.115521
0.66 -0.114956
0.72 -0.115421
0.73 -0.115011
0.69 -0.114861
0.67 -0.114178
0.63 -0.114124
0.67 -0.115456
0.635 -0.114911
0.59 -0.113947
0.645 -0.112842
0.665 -0.112199
0.715 -0.110954
0.72 -0.110542
0.73 -0.10898
0.72 -0.108734
0.69 -0.107411
0.76 -0.105039
0.825 -0.102015
0.815 -0.0981796
0.825 -0.0955709
0.835 -0.0933779
0.795 -0.0897562
0.78 -0.086853
0.74 -0.0843944
0.72 -0.0808784
0.685 -0.0791219
0.635 -0.0762445
0.625 -0.074234
0.66 -0.0717337
0.62 -0.0701805
0.59 -0.06827
0.66 -0.0678484
0.605 -0.0679622
0.61 -0.0682741
0.605 -0.066824
0.695 -0.0656046
0.67 -0.0640707
0.705 -0.0626362
0.725 -0.0616612
0.66 -0.0604067
0.725 -0.0592709
0.77 -0.058783
0.79 -0.0597489
0.75 -0.0608805
0.755 -0.0598118
0.77 -0.0606583
0.74 -0.0613015
0.765 -0.0615327
0.72 -0.0621008
0.72 -0.0623147
0.73 -0.0633094
0.75 -0.0649399
0.745 -0.0665954
0.66 -0.0683974
0.635 -0.0700829
0.68 -0.0717279
0.68 -0.0717601
0.665 -0.0709099
0.605 -0.0704155
0.61 -0.0693399
0.44 -0.0694521
0.385 -0.0689926
0.385 -0.0684145
0.435 -0.0667206
0.43 -0.0639623
0.495 -0.0609802
0.47 -0.0581418
0.38 -0.0571159
0.29 -0.0562339
0.4 -0.0544218
0.305 -0.0535093
0.305 -0.0561973
0.295 -0.0592592
0.345 -0.0623151
0.26 -0.0651641
0.285 -0.0675558
0.285 -0.0698994
0.255 -0.0726047
0.295 -0.0752546
0.34 -0.0786291
0.34 -0.0798645
0.36 -0.0797875
0.425 -0.0814343
0.495 -0.0826497
0.54 -0.0843692
0.575 -0.0863529
0.545 -0.0881832
0.6 -0.0896082
0.55 -0.0906473
0.555 -0.0902195
0.51 -0.0900642
0.48 -0.0900263
0.435 -0.0914523
0.415 -0.0923522
0.345 -0.093582
0.345 -0.0938443
0.315 -0.0944579
0.285 -0.0945142
0.385 -0.0940341
0.34 -0.0922189
0.36 -0.0907775
0.28 -0.0889405
0.345 -0.0864556
0.37 -0.0841051
0.23 -0.083485
0.29 -0.082693
0.24 -0.07999
0.225 -0.078791
0.32 -0.0784435
0.37 -0.0790398
0.415 -0.0798263
0.425 -0.0814386
0.42 -0.0832163
0.42 -0.084846
0.455 -0.0860069
0.45 -0.0876596
0.475 -0.0890961
0.5 -0.0905649
0.465 -0.0911206
0.49 -0.0919611
0.55 -0.0927125
0.605 -0.0922816
0.645 -0.0892125
0.65 -0.0871672
0.6 -0.0856472
0.61 -0.0835563
0.59 -0.0817866
0.54 -0.0810465
0.57 -0.0791932
0.595 -0.0770104
0.58 -0.07665
0.475 -0.075698
0.625 -0.0744786
0.635 -0.0735725
0.625 -0.0740285
0.56 -0.0750584
0.615 -0.0753627
0.645 -0.0764535
0.65 -0.0790522
0.575 -0.0823641
0.57 -0.084634
0.625 -0.0881215
0.67 -0.0915416
0.69 -0.093105
0.73 -0.0949817
0.66 -0.0965593
0.7 -0.0976732
0.72 -0.0979381
0.755 -0.0981987
0.675 -0.098391
0.715 -0.0990509
0.74 -0.0980774
0.75 -0.0965715
0.735 -0.0956151
0.84 -0.0926672
0.83 -0.089628
0.885 -0.0866932
0.89 -0.0848916
0.87 -0.0836279
0.785 -0.0837974
0.805 -0.083465
0.755 -0.0829443
0.715 -0.0832931
0.7 -0.0832031
0.705 -0.0847093
0.68 -0.0860224
0.74 -0.0873518
0.8 -0.0871341
0.78 -0.0875563
0.76 -0.0891476
0.82 -0.0901682
0.82 -0.0916026
0.685 -0.0915495
0.72 -0.0923759
0.735 -0.0929907
0.73 -0.0949119
0.81 -0.0959751
0.83 -0.0975883
0.835 -0.100728
0.855 -0.10412
0.805 -0.105374
0.855 -0.106182
0.845 -0.106892
0.855 -0.106939
0.85 -0.107771
0.81 -0.108486
0.795 -0.108701
0.745 -0.108548
0.745 -0.108838
0.735 -0.109414
0.745 -0.110491
0.765 -0.111413
0.815 -0.113502
0.805 -0.115621
0.845 -0.117907
0.87 -0.12032
0.85 -0.121068
0.855 -0.124415
0.805 -0.126848
0.815 -0.129959
0.77 -0.132015
0.745 -0.132742
0.77 -0.13215
0.755 -0.132711
0.785 -0.132599
0.755 -0.131451
0.75 -0.130614
0.72 -0.130893
0.705 -0.130835
0.62 -0.130665
0.6 -0.131017
0.64 -0.13015
0.675 -0.129151
0.665 -0.12816
0.71 -0.126437
0.675 -0.124438
0.66 -0.121505
0.715 -0.120323
0.78 -0.119816
0.75 -0.120276
0.76 -0.12113
0.64 -0.12163
0.73 -0.121058
0.73 -0.12163
0.78 -0.122411
0.78 -0.123958
0.77 -0.124751
0.73 -0.124529
0.79 -0.12775
0.83 -0.129111
0.81 -0.128697
0.765 -0.128309
0.815 -0.129357
0.795 -0.130092
0.76 -0.129429
0.885 -0.129868
0.885 -0.131457
0.85 -0.132957
0.83 -0.135702
0.825 -0.137225
0.86 -0.139743
0.81 -0.142088
0.8 -0.142952
0.825 -0.144645
0.835 -0.145997
0.81 -0.147164
0.805 -0.146549
0.835 -0.14464
0.765 -0.141777
0.795 -0.139243
0.825 -0.138627
0.83 -0.138728
0.87 -0.139607
0.93 -0.139686
0.925 -0.140986
0.88 -0.141869
0.895 -0.142851
0.895 -0.142808
0.865 -0.142501
0.845 -0.143415
0.805 -0.142044
0.79 -0.139766
0.74 -0.139805
0.77 -0.140562
0.855 -0.139922
0.855 -0.138876
0.85 -0.137384
0.87 -0.135387
0.79 -0.133507
0.81 -0.13189
0.83 -0.130144
0.8 -0.128939
0.86 -0.128617
0.88 -0.12937
0.84 -0.1312
0.83 -0.130153
0.785 -0.130849
0.835 -0.130726
0.835 -0.131612
0.84 -0.130672
0.86 -0.127135
0.84 -0.12357
0.82 -0.119033
0.785 -0.115087
0.795 -0.110919
0.825 -0.108996
0.83 -0.105406
0.775 -0.101833
0.755 -0.0961732
0.705 -0.0903662
0.71 -0.0858373
0.725 -0.0822794
0.74 -0.0789417
0.625 -0.0751985
0.65 -0.073058
0.61 -0.0694546
0.66 -0.0648144
0.685 -0.0606778
0.625 -0.0564235
0.625 -0.0523555
0.605 -0.0504261
0.565 -0.0476096
0.54 -0.0436693
0.585 -0.0413861
0.605 -0.0391895
0.69 -0.037381
0.805 -0.0343433
0.79 -0.0320821
0.785 -0.030453
0.865 -0.0294519
0.87 -0.029159
0.915 -0.0297743
0.89 -0.0289096
0.91 -0.0311453
0.8 -0.0338878
0.79 -0.0360072
0.83 -0.0364248
0.72 -0.0355226
0.695 -0.0344505
0.715 -0.0332245
0.76 -0.0311062
0.79 -0.0301435
0.865 -0.0298695
0.88 -0.0303304
0.83 -0.0294487
0.84 -0.0312485
0.825 -0.0322996
0.865 -0.034361
0.87 -0.0356127
0.87 -0.0373378
0.855 -0.0394119
0.825 -0.0401651
0.745 -0.040539
0.715 -0.0403272
0.75 -0.0409198
0.695 -0.04104
0.66 -0.041165
0.68 -0.0410615
0.72 -0.041065
0.755 -0.0396917
0.78 -0.0417284
0.845 -0.0446894
0.81 -0.0469349
0.775 -0.0476267
0.74 -0.0483568
0.805 -0.0498397
0.81 -0.0498983
0.735 -0.0492504
0.71 -0.0480419
0.695 -0.0487368
0.72 -0.0501005
0.705 -0.052322
0.72 -0.0538691
0.62 -0.0564019
0.54 -0.0573944
0.61 -0.0575042
0.555 -0.0591807
0.66 -0.0604738
0.645 -0.0613837
0.625 -0.0614674
0.615 -0.0622953
0.65 -0.0622281
0.64 -0.061867
0.64 -0.0613009
0.655 -0.0599041
0.64 -0.0586941
0.655 -0.0571429
0.535 -0.0556292
0.56 -0.0523824
0.555 -0.0486536
0.555 -0.0458056
0.585 -0.0435356
0.53 -0.0408161
0.515 -0.0395559
0.47 -0.0382364
0.505 -0.0350529
0.52 -0.0318942
0.575 -0.0283831
0.655 -0.0261758
0.66 -0.0231216
0.64 -0.0193969
0.63 -0.0178004
0.585 -0.0150681
0.59 -0.0116424
0.51 -0.00979724
0.49 -0.00879217
0.45 -0.00858989
0.535 -0.00820856
0.525 -0.00670178
0.5 -0.00403194
0.51 -0.00382657
0.51 -0.00326002
0.57 0.000301535
0.595 0.00196979
0.625 0.00371981
0.675 0.00474603
0.625 0.00284358
0.67 0.00192229
0.65 0.00117935
0.595 -0.000436194
0.5 -0.000318651
0.535 -0.00120877
0.43 -0.00145185
0.43 -0.00068422
0.3 -0.000326159
0.28 -0.000594033
0.205 0.00167097
0.3 0.00317513
0.26 0.00559182
0.305 0.00591717
0.29 0.00583819
0.31 0.00675899
0.31 0.00839902
0.285 0.00806086
0.21 0.00947296
0.285 0.0096557
0.25 0.00865069
0.25 0.00817907
0.305 0.00697426
0.24 0.00667486
0.295 0.00603545
0.305 0.00562153
0.295 0.00505338
0.3 0.00502523
0.315 0.00356578
0.3 0.00466019
0.315 0.00574164
0.41 0.00660464
0.54 0.00678421
0.495 0.00695771
0.475 0.00855602
0.42 0.00982769
0.415 0.0120711
0.445 0.0149571
0.47 0.0176077
0.485 0.018356
0.54 0.0215595
0.52 0.0235936
0.535 0.0259527
0.585 0.0276099
0.57 0.0281023
0.53 0.0306114
0.48 0.0337876
0.49 0.0354251
0.485 0.0357875
0.505 0.0378582
0.52 0.039596
0.565 0.041147
0.605 0.0428056
0.545 0.0438446
0.535 0.0433964
0.575 0.0434276
0.59 0.0438885
0.555 0.0429104
0.51 0.0421564
0.535 0.0400667
0.555 0.0402823
0.54 0.0428975
0.575 0.0450709
0.64 0.0462575
0.65 0.0488095
0.605 0.0516695
0.555 0.0543809
0.6 0.0567112
0.63 0.0589794
0.65 0.062109
0.67 0.0648441
0.69 0.0692736
0.635 0.0721663
0.59 0.0735619
0.615 0.0748491
0.59 0.0758028
0.565 0.0774992
0.515 0.078217
0.56 0.0807842
0.625 0.0832519
0.555 0.0852058
0.545 0.0866301
0.515 0.087381
0.54 0.0878901
0.525 0.0872948
0.49 0.0868514
0.44 0.085595
0.475 0.0856979
0.475 0.0838754
0.425 0.0826278
0.44 0.0820597
0.485 0.0808571
0.515 0.0796119
0.54 0.0788679
0.61 0.0791432
0.65 0.0803428
0.65 0.0799477
0.69 0.0787188
0.68 0.0770693
0.765 0.075765
0.75 0.0757468
0.75 0.0743445
0.78 0.0725499
0.76 0.0719217
0.785 0.0728003
0.775 0.073777
0.785 0.0761378
0.73 0.0776862
0.675 0.076848
0.735 0.0757877
0.715 0.0740859
0.71 0.0718673
0.645 0.0678108
0.605 0.0645461
0.625 0.0606526
0.64 0.0587556
0.625 0.0572349
0.555 0.0577017
0.585 0.0587857
0.575 0.0589836
0.625 0.0590334
0.575 0.0589053
0.585 0.057222
0.535 0.0548881
0.59 0.0528829
0.59 0.0519902
0.615 0.0516564
0.595 0.0499899
0.585 0.0477467
0.59 0.0445079
0.575 0.0421612
0.61 0.038817
0.595 0.0348255
0.675 0.0314221
0.65 0.0272822
0.695 0.0256904
0.74 0.0232101
0.71 0.0228521
0.735 0.0222547
0.715 0.0222806
0.71 0.0227221
0.72 0.0229035
0.725 0.0243291
0.705 0.0243957
0.675 0.0270658
0.58 0.0295392
0.655 0.0313724
0.56 0.0315781
0.51 0.0337991
0.47 0.0367244
0.495 0.039177
0.505 0.0413746
0.44 0.0420807
0.335 0.0424797
0.335 0.0431589
0.38 0.042113
0.32 0.0402315
0.37 0.0382737
0.33 0.0377404
0.31 0.0374525
0.25 0.0364032
0.26 0.0369222
0.25 0.0358938
0.315 0.0355024
0.4 0.0372443
0.415 0.0394377
0.42 0.0406446
0.44 0.0415447
0.44 0.0414464
0.445 0.0419443
0.49 0.0417942
0.395 0.0409504
0.41 0.0412599
0.405 0.0413264
0.345 0.0415715
0.365 0.0410943
0.36 0.0424345
0.53 0.0436513
0.6 0.0441871
0.585 0.0443959
0.54 0.0448356
0.5 0.0457772
0.505 0.0469692
0.53 0.0486666
0.505 0.0485157
0.46 0.0489353
0.435 0.0489728
0.47 0.046071
0.435 0.0436156
0.49 0.0399663
0.47 0.0354259
0.495 0.031797
0.56 0.0292677
0.505 0.0253226
0.545 0.0205753
0.615 0.01545
0.615 0.0115036
0.61 0.00885542
0.63 0.00645148
0.675 0.00472296
0.73 0.000425037
0.775 -0.0042857
0.765 -0.0084471
0.825 -0.0129773
0.795 -0.0148942
0.825 -0.0152803
0.855 -0.0148821
0.87 -0.014858
0.815 -0.0121299
0.79 -0.0124146
0.83 -0.0125096
0.83 -0.0130788
0.825 -0.0134392
0.775 -0.0132194
0.705 -0.0124903
0.72 -0.0141446
0.73 -0.0162337
0.795 -0.0188876
0.78 -0.0210754
0.765 -0.0236496
0.8 -0.0265691
0.815 -0.0274121
0.77 -0.0287301
0.73 -0.0317047
0.755 -0.0342326
0.78 -0.0344555
0.83 -0.0364459
0.88 -0.0370363
0.875 -0.0383403
0.87 -0.0382883
0.87 -0.0381912
0.88 -0.0381979
0.84 -0.038061
0.8 -0.0384444
0.75 -0.0372047
0.735 -0.0355839
0.695 -0.033836
0.725 -0.0327085
0.745 -0.0308894
0.75 -0.0299788
0.755 -0.0298789
0.7 -0.0294245
0.715 -0.029826
0.735 -0.0326264
0.735 -0.0363974
0.735 -0.0412525
0.72 -0.0460432
0.67 -0.0508902
0.71 -0.05463
0.76 -0.0569299
0.745 -0.0585962
0.78 -0.0599571
0.8 -0.0605434
0.84 -0.0606288
0.785 -0.0605917
0.84 -0.0593799
0.81 -0.0575889
0.835 -0.0564635
0.81 -0.0560434
0.78 -0.0561196
0.825 -0.0565304
0.86 -0.0573858
0.86 -0.0571772
0.855 -0.0582158
0.86 -0.0594902
0.845 -0.0624541
0.84 -0.0643565
0.83 -0.0667638
0.77 -0.068733
0.76 -0.0702705
0.76 -0.0708549
0.78 -0.0695924
0.815 -0.0691276
0.71 -0.0708819
0.715 -0.0757229
0.7 -0.0811739
0.725 -0.0874102
0.725 -0.0941971
0.71 -0.101246
0.73 -0.105776
0.755 -0.108638
0.76 -0.111485
0.785 -0.114482
0.785 -0.115704
0.74 -0.116213
0.74 -0.115176
0.73 -0.114674
0.825 -0.114479
0.805 -0.112638
0.785 -0.111205
0.72 -0.10982
0.71 -0.11001
0.735 -0.109731
0.79 -0.111098
0.795 -0.113824
0.75 -0.115914
0.73 -0.117342
0.71 -0.119826
0.73 -0.123271
0.72 -0.126441
0.725 -0.127651
0.7 -0.127976
0.75 -0.130149
0.695 -0.132906
0.73 -0.134142
0.815 -0.133663
0.77 -0.132525
0.73 -0.130993
0.705 -0.13062
0.725 -0.129741
0.705 -0.129171
0.66 -0.12656
0.77 -0.126414
0.745 -0.125656
0.8 -0.124063
0.775 -0.123183
0.72 -0.121079
0.745 -0.118364
0.73 -0.117884
0.765 -0.115818
0.84 -0.1133
0.845 -0.111623
0.84 -0.109984
0.845 -0.108244
0.855 -0.105498
0.835 -0.103063
0.795 -0.100596
0.84 -0.098443
0.835 -0.0955034
0.8 -0.0925838
0.8 -0.0895157
0.83 -0.0875733
0.825 -0.0852824
0.795 -0.0850645
0.86 -0.08506
0.885 -0.0854619
0.87 -0.0870519
0.845 -0.0882197
0.83 -0.0898339
0.825 -0.0875983
0.825 -0.0835286
0.9 -0.0813037
0.9 -0.0811002
0.93 -0.0793905
0.895 -0.0770905
0.87 -0.0740611
0.88 -0.0718648
0.875 -0.0734218
0.825 -0.0760835
0.85 -0.0791549
0.84 -0.0824918
0.825 -0.085405
0.85 -0.0866618
0.9 -0.0890698
0.85 -0.0909015
0.77 -0.0918005
0.695 -0.0922361
0.665 -0.0932482
0.745 -0.0953626
0.73 -0.0967181
0.66 -0.0964246
0.715 -0.0964174
0.77 -0.0971275
0.86 -0.097707
0.815 -0.0988897
0.825 -0.100564
0.815 -0.103107
0.79 -0.105474
0.86 -0.106412
0.88 -0.106611
0.905 -0.107825
0.83 -0.10696
0.865 -0.107516
0.84 -0.107199
0.855 -0.109307
0.805 -0.111025
0.805 -0.11193
0.81 -0.113886
0.71 -0.116509
0.765 -0.118516
0.71 -0.11878
0.675 -0.120471
0.71 -0.121527
0.735 -0.121895
0.75 -0.123776
0.755 -0.124509
0.795 -0.12413
0.845 -0.123542
0.725 -0.125022
0.785 -0.125564
0.76 -0.12599
0.75 -0.124416
0.76 -0.123987
0.78 -0.124819
0.795 -0.12537
0.78 -0.127075
0.805 -0.128707
0.8 -0.130171
0.78 -0.130021
0.74 -0.13131
0.79 -0.131181
0.81 -0.130789
0.835 -0.131876
0.85 -0.132448
0.905 -0.134922
0.87 -0.137656
0.815 -0.139998
0.78 -0.143339
0.835 -0.145699
0.84 -0.147436
0.825 -0.148575
0.81 -0.148901
0.745 -0.148605
0.765 -0.149131
0.74 -0.14769
0.745 -0.148198
0.76 -0.148492
0.77 -0.147261
0.765 -0.145481
0.76 -0.142214
0.785 -0.139553
0.715 -0.137179
0.675 -0.135467
0.755 -0.135419
0.755 -0.13561
0.765 -0.133172
0.74 -0.131553
0.765 -0.129572
0.8 -0.126311
0.795 -0.122467
0.785 -0.119047
0.755 -0.114723
0.77 -0.111644
0.745 -0.109342
0.795 -0.108106
0.81 -0.108307
0.77 -0.109223
0.69 -0.111974
0.73 -0.115292
0.665 -0.119829
0.59 -0.123943
0.57 -0.129653
0.555 -0.136052
0.595 -0.141002
0.64 -0.145842
0.725 -0.147572
0.8 -0.14963
0.745 -0.148536
0.775 -0.146879
0.815 -0.144008
0.85 -0.142068
0.885 -0.138513
0.89 -0.135869
0.82 -0.134258
0.785 -0.132791
0.84 -0.130408
0.74 -0.128443
0.745 -0.126211
0.71 -0.123239
0.64 -0.119272
0.595 -0.115572
0.575 -0.112435
0.5 -0.109084
0.495 -0.107715
0.58 -0.108734
0.56 -0.109912
0.585 -0.109486
0.66 -0.109972
0.7 -0.110623
0.69 -0.111456
0.675 -0.109997
0.77 -0.108167
0.755 -0.107963
0.77 -0.106818
0.825 -0.105965
0.85 -0.105921
0.76 -0.105811
0.8 -0.104514
0.755 -0.102462
0.77 -0.103986
0.76 -0.105159
0.745 -0.107219
0.76 -0.107691
0.755 -0.108953
0.8 -0.111591
0.805 -0.112751
0.745 -0.113918
0.71 -0.114528
0.665 -0.115012
0.75 -0.113965
0.755 -0.112628
0.735 -0.108755
0.73 -0.106303
0.76 -0.104161
0.715 -0.101388
0.71 -0.0998053
0.67 -0.0986123
0.685 -0.0972661
0.65 -0.096778
0.67 -0.096262
0.675 -0.0957773
0.635 -0.0959631
0.625 -0.0956002
0.62 -0.0944822
0.565 -0.0915581
0.575 -0.0900637
0.595 -0.0874735
0.675 -0.0823806
0.72 -0.0783481
0.735 -0.0767051
0.76 -0.076948
0.785 -0.0736057
0.765 -0.0718675
0.73 -0.0696406
0.72 -0.0683648
0.785 -0.0657152
0.72 -0.0620137
0.645 -0.0578585
0.715 -0.0555608
0.675 -0.0518096
0.725 -0.0497177
0.725 -0.0480232
0.805 -0.0438187
0.825 -0.0407823
0.765 -0.0374495
0.735 -0.0324061
0.695 -0.0278748
0.66 -0.0224605
0.655 -0.0181508
0.665 -0.0133209
0.665 -0.00837439
0.69 -0.00362668
0.685 0.00211208
0.65 0.00885427
0.66 0.0136458
0.655 0.0181786
0.66 0.0204272
0.625 0.0230557
0.615 0.0247111
0.625 0.0268057
0.53 0.0302797
0.505 0.0338144
0.52 0.0388825
0.535 0.0419793
0.57 0.0462339
0.53 0.0532064
0.56 0.0593709
0.54 0.0635048
0.65 0.0670665
0.61 0.0712066
0.54 0.0733778
0.57 0.0749897
0.505 0.0758346
0.54 0.0795832
0.53 0.0839251
0.45 0.087016
0.39 0.0910573
0.42 0.0930148
0.515 0.0925429
0.53 0.092438
0.59 0.0925033
0.525 0.0941881
0.565 0.0969063
0.56 0.103884
0.625 0.111191
0.635 0.11733
0.765 0.121615
0.71 0.123916
0.69 0.12529
0.68 0.12525
0.685 0.126115
0.7 0.127852
0.65 0.13044
0.675 0.131235
0.66 0.128314
0.66 0.12937
0.63 0.130255
0.57 0.131514
0.54 0.131082
0.6 0.130765
0.57 0.131039
0.5 0.131732
0.54 0.133408
0.505 0.13563
0.46 0.139491
0.48 0.141854
0.515 0.144637
0.525 0.145286
0.53 0.145024
0.55 0.146228
0.57 0.146956
0.53 0.148654
0.545 0.148903
0.56 0.150218
0.58 0.153647
0.63 0.158479
0.615 0.162987
0.545 0.165809
0.54 0.16854
0.435 0.173437
0.42 0.178008
0.365 0.185894
0.39 0.195015
0.415 0.203089
0.435 0.211946
0.44 0.218221
0.43 0.223991
0.41 0.227874
0.405 0.231704
0.335 0.236042
0.31 0.240019
0.41 0.241664
0.38 0.244441
0.34 0.248945
0.335 0.249968
0.305 0.251953
0.375 0.253256
0.42 0.254108
0.345 0.254797
0.325 0.257792
0.285 0.261808
0.305 0.267424
0.305 0.272477
0.355 0.2767
0.445 0.281326
0.46 0.286909
0.455 0.292437
0.495 0.296889
0.43 0.300165
0.335 0.304815
0.28 0.308768
0.21 0.311702
0.275 0.314983
0.22 0.316185
0.205 0.31959
0.235 0.324136
0.275 0.328445
0.29 0.332113
0.275 0.335212
0.265 0.34048
0.28 0.343742
0.26 0.347236
0.255 0.350127
0.37 0.35221
0.42 0.352114
0.41 0.349508
0.38 0.347877
0.315 0.346327
0.255 0.34512
0.185 0.344849
0.19 0.347962
0.1 0.350734
0.195 0.353272
0.265 0.356519
0.2 0.361135
0.23 0.365576
0.275 0.36945
0.355 0.37264
0.395 0.374841
0.325 0.377855
0.275 0.379176
0.28 0.382568
0.265 0.382586
0.245 0.3822
0.245 0.380745
0.295 0.38207
0.28 0.381942
0.305 0.383501
0.19 0.382965
0.15 0.384697
0.115 0.388617
0.05 0.391047
0.07 0.394783
0.125 0.398
0.18 0.399994
0.185 0.400577
0.18 0.402448
0.215 0.4041
0.14 0.405568
0.09 0.405371
0.03 0.40444
0.095 0.403945
0.13 0.402763
0.2 0.400325
0.245 0.401592
0.2 0.402226
0.165 0.401273
0.135 0.40309
0.165 0.403161
0.2 0.401639
0.15 0.399543
0.13 0.399088
0.07 0.400856
0.11 0.401822
0.125 0.403423
0.135 0.406486
0.145 0.40964
0.215 0.41305
0.28 0.417477
0.245 0.420339
0.335 0.425307
0.34 0.42881
0.33 0.428579
0.28 0.432124
0.295 0.434033
0.12 0.435714
0.14 0.439537
0.125 0.444473
0.045 0.44621
0.05 0.448623
0.04 0.450021
0.03 0.450875
0.02 0.449554
0.03 0.447665
0.005 0.446264
0.005 0.444584
0.07 0.443453
0.065 0.441743
0.045 0.442832
0.06 0.44398
0.07 0.444924
0.065 0.444761
0.01 0.443936
0.005 0.441601
0.085 0.437858
0.13 0.435117
0.155 0.433417
0.19 0.433248
0.22 0.432953
0.26 0.432689
0.32 0.430476
0.355 0.431123
0.415 0.43326
0.48 0.435089
0.435 0.43511
0.34 0.43419
0.345 0.434971
0.375 0.436301
0.42 0.435528
0.355 0.434221
0.365 0.432596
0.3 0.430301
0.315 0.427789
0.34 0.426611
0.26 0.425472
0.285 0.422422
0.23 0.419516
0.25 0.418343
0.225 0.415991
0.205 0.412012
0.255 0.405366
0.295 0.401256
0.265 0.396264
0.275 0.392672
0.25 0.38889
0.315 0.385766
0.285 0.385088
0.345 0.383362
0.28 0.380508
0.29 0.377551
0.32 0.374012
0.21 0.37026
0.195 0.366093
0.135 0.361049
0.15 0.357482
0.12 0.354836
0.19 0.353516
0.255 0.351696
0.265 0.349886
0.21 0.34597
0.275 0.341022
0.27 0.33792
0.195 0.33521
0.235 0.3316
0.14 0.325707
0.155 0.321732
0.06 0.317395
0.04 0.315217
0.06 0.312558
0.08 0.30911
0.05 0.305281
0.025 0.302204
0.04 0.300165
0.06 0.295993
0.135 0.293029
0.12 0.288549
0.215 0.285265
0.19 0.28365
0.17 0.281321
0.145 0.277721
0.16 0.275178
0.2 0.273039
0.185 0.268744
0.125 0.264936
0.125 0.261623
0.16 0.258631
0.12 0.254129
0.175 0.248483
0.22 0.243778
0.195 0.238748
0.215 0.234536
0.185 0.232525
0.125 0.232958
0.1 0.234125
0.155 0.232013
0.16 0.228314
0.22 0.224988
0.225 0.220419
0.215 0.214905
0.245 0.211044
0.29 0.206598
0.245 0.20201
0.26 0.195735
0.33 0.189964
0.305 0.183816
0.335 0.181346
0.34 0.180915
0.41 0.17975
0.4 0.180035
0.41 0.181489
0.43 0.180039
0.445 0.177551
0.425 0.173895
0.4 0.167629
0.375 0.160625
0.35 0.154739
0.315 0.147969
0.27 0.140604
0.265 0.13234
0.36 0.124355
0.38 0.118949
0.42 0.112073
0.515 0.104345
0.5 0.0976483
0.505 0.0925837
0.605 0.0895698
0.6 0.0858499
0.64 0.0820302
0.54 0.0796913
0.61 0.0784649
0.585 0.0766818
0.54 0.0748272
0.545 0.0700854
0.535 0.0654374
0.495 0.0619139
0.455 0.0596861
0.44 0.0579393
0.465 0.0534558
0.535 0.0489792
0.515 0.0450855
0.455 0.0419496
0.335 0.0375301
0.295 0.0321578
0.195 0.0252706
0.23 0.019657
0.245 0.0162522
0.215 0.0120885
0.22 0.00945302
0.22 0.00658359
0.27 0.00632601
0.265 0.00684855
0.245 0.00873619
0.3 0.00715954
0.42 0.00573249
0.5 0.00181701
0.565 -0.00199845
0.49 -0.00454539
0.42 -0.00452743
0.37 -0.0077471
0.385 -0.0105055
0.425 -0.0112554
0.395 -0.0108438
0.42 -0.0128534
0.455 -0.0145145
0.485 -0.0152491
0.48 -0.0145537
0.55 -0.0156599
0.545 -0.0148391
0.605 -0.0126543
0.625 -0.00986582
0.62 -0.00943736
0.615 -0.0106513
0.655 -0.0120822
0.635 -0.0133685
0.665 -0.0149675
0.65 -0.0140893
0.595 -0.0140353
0.54 -0.0154597
0.605 -0.0191236
0.595 -0.0200658
0.595 -0.0174654
0.62 -0.0139167
0.64 -0.00938641
0.71 -0.00534645
0.725 -0.00019357
0.78 0.00496228
0.8 0.00952802
0.79 0.0133567
0.86 0.01745
0.85 0.0200433
0.845 0.0213718
0.855 0.0228894
0.84 0.0240495
0.86 0.0241973
0.84 0.0259596
0.85 0.027807
0.875 0.0318401
0.875 0.0338954
0.875 0.0352023
0.88 0.0375587
0.845 0.0401741
0.82 0.0400551
0.835 0.0424207
0.82 0.0467116
0.84 0.0494058
0.84 0.0511832
0.88 0.0541644
0.865 0.0581015
0.895 0.0614199
0.91 0.0641838
0.9 0.0645933
0.91 0.0686366
0.905 0.0667568
0.925 0.0646886
0.82 0.0617612
0.8 0.0596444
0.785 0.0600714
0.825 0.0594164
0.825 0.0579514
0.835 0.0554086
0.81 0.0551876
0.78 0.0549447
0.82 0.0567389
0.81 0.0569332
0.78 0.0581441
0.77 0.0582648
0.78 0.0591576
0.855 0.0621298
0.85 0.0620596
0.82 0.0610955
0.805 0.0592123
0.82 0.0579991
0.77 0.0572092
0.75 0.058142
0.695 0.05822
0.615 0.0558882
0.575 0.055287
0.575 0.0542297
0.535 0.0527269
0.52 0.0537763
0.615 0.0531736
0.59 0.0545539
0.72 0.0567772
0.765 0.0582556
0.79 0.059223
0.8 0.0570223
0.76 0.0518933
0.755 0.0498116
0.71 0.0474386
0.655 0.0455754
0.73 0.039979
0.75 0.0368591
0.76 0.0337438
0.78 0.0322741
0.76 0.0313277
0.795 0.030019
0.8 0.0287682
0.8 0.027389
0.785 0.0278824
0.705 0.0283187
0.705 0.0261257
0.76 0.026824
0.75 0.0275204
0.82 0.0265807
0.82 0.0242645
0.81 0.0213005
0.84 0.0205362
0.84 0.0202608
0.775 0.0175001
0.795 0.0139236
0.765 0.0108788
0.76 0.0105751
0.71 0.0122041
0.715 0.0134917
0.7 0.013154
0.725 0.0138041
0.735 0.0148415
0.72 0.0165472
0.79 0.0160322
0.81 0.0165422
0.805 0.0201232
0.755 0.0232224
0.735 0.0266428
0.78 0.0277258
0.8 0.0300452
0.72 0.030384
0.73 0.0298831
0.72 0.031846
0.76 0.0335481
0.745 0.0357425
0.77 0.0349374
0.795 0.0340658
0.795 0.0348055
0.775 0.0358648
0.78 0.0357345
0.78 0.0358264
0.775 0.0329061
0.81 0.0302608
0.79 0.0268536
0.735 0.0250777
0.72 0.0210165
0.74 0.0164795
0.785 0.0113452
0.84 0.00743802
0.815 0.00476996
0.82 6.2167e-05
0.87 -0.00566433
0.83 -0.00886513
0.85 -0.0109808
0.85 -0.0141137
0.875 -0.0187278
0.82 -0.0208125
0.805 -0.0234271
0.785 -0.0258872
0.83 -0.0300523
0.835 -0.0340213
0.74 -0.0344044
0.695 -0.0355846
0.665 -0.0363171
0.71 -0.037091
0.815 -0.0377932
0.8 -0.0402978
0.795 -0.0429642
0.735 -0.0451954
0.715 -0.0485525
0.7 -0.0526889
0.735 -0.0550177
0.72 -0.0564678
0.665 -0.0571018
0.725 -0.0574501
0.675 -0.0557455
0.64 -0.0554439
0.615 -0.0545538
0.68 -0.0565219
0.765 -0.0563168
0.79 -0.0544684
0.75 -0.0550611
0.68 -0.0565162
0.705 -0.0571231
0.755 -0.0585902
0.775 -0.058743
0.755 -0.0579337
0.755 -0.0554631
0.775 -0.0539916
0.8 -0.0537925
0.84 -0.0532125
0.84 -0.0508141
0.86 -0.0483837
0.86 -0.0468956
0.855 -0.0448492
0.86 -0.0437817
0.86 -0.0412729
0.835 -0.0398234
0.795 -0.0380996
0.75 -0.0354291
0.845 -0.0329447
0.85 -0.0298542
0.77 -0.0271664
0.7 -0.0277695
0.69 -0.0255594
0.685 -0.028727
0.67 -0.0295981
0.755 -0.0285562
0.76 -0.025901
0.74 -0.0246253
0.765 -0.0253807
0.795 -0.0248983
0.785 -0.0237177
0.775 -0.0214812
0.76 -0.0181873
0.885 -0.0142904
0.905 -0.0107357
0.86 -0.0095152
0.8 -0.00986814
0.795 -0.00954149
0.845 -0.00672643
0.805 -0.00806195
0.805 -0.0122869
0.825 -0.0134193
0.775 -0.0156324
0.74 -0.0174505
0.835 -0.021333
0.775 -0.0236891
0.71 -0.0273427
0.795 -0.030805
0.805 -0.0318552
0.795 -0.0320809
0.785 -0.0317196
0.765 -0.0339137
0.8 -0.0373446
0.815 -0.0400418
0.83 -0.0413258
0.875 -0.043165
0.91 -0.0446276
0.86 -0.0465101
0.835 -0.0466412
0.79 -0.0476537
0.795 -0.050663
0.78 -0.0554673
0.755 -0.0571409
0.755 -0.057727
0.81 -0.0559402
0.84 -0.05527
0.79 -0.055838
0.795 -0.0550621
0.8 -0.0551139
0.74 -0.0543489
0.79 -0.0563735
0.825 -0.0606656
0.83 -0.0621559
0.87 -0.0629591
0.865 -0.064129
0.86 -0.0658058
0.81 -0.0669018
0.825 -0.0668008
0.84 -0.0664189
0.865 -0.0656062
0.885 -0.0663741
0.85 -0.0653106
0.82 -0.0664992
0.9 -0.0664208
0.9 -0.0652775
0.835 -0.0649332
0.795 -0.0659442
0.8 -0.0686717
0.77 -0.0699316
0.83 -0.0683152
0.775 -0.0666905
0.69 -0.06707
0.69 -0.0675408
0.77 -0.0666195
0.705 -0.0654575
0.795 -0.0650288
0.81 -0.0631508
0.795 -0.0635743
0.76 -0.0630974
0.73 -0.0627017
0.825 -0.0594625
0.82 -0.0573917
0.815 -0.0548501
0.86 -0.0536038
0.895 -0.0535782
0.87 -0.052066
0.82 -0.0500458
0.85 -0.04926
0.87 -0.0476134
0.86 -0.0467504
0.875 -0.0461021
0.865 -0.0462985
0.835 -0.0474432
0.83 -0.0511426
0.82 -0.0547207
0.87 -0.0574149
0.85 -0.0611467
0.84 -0.0664446
0.86 -0.0701752
0.81 -0.0735777
0.82 -0.0770068
0.835 -0.0813386
0.835 -0.0824022
0.87 -0.0799514
0.875 -0.0749605
0.84 -0.0736618
0.865 -0.076773
0.865 -0.0776756
0.89 -0.0789218
0.875 -0.0747407
0.895 -0.071661
0.9 -0.0696933
0.83 -0.0697729
0.83 -0.0680807
0.82 -0.0660513
0.78 -0.0609208
0.81 -0.0577177
0.72 -0.0574448
0.705 -0.0549654
0.695 -0.0507778
0.71 -0.0482784
0.735 -0.045052
0.745 -0.0454572
0.66 -0.0473014
0.65 -0.048622
0.73 -0.0498027
0.715 -0.0495681
0.74 -0.0524185
0.72 -0.0518142
0.775 -0.0513413
0.705 -0.0491113
0.735 -0.0448592
0.73 -0.0421939
0.72 -0.0417719
0.72 -0.0437606
0.75 -0.0445271
0.73 -0.0383476
0.74 -0.0299562
0.82 -0.0237032
0.81 -0.015344
0.845 -0.00748475
0.88 -0.00111533
0.86 0.00123439
0.87 0.00323106
0.84 0.0041022
0.875 0.00558947
0.89 0.00766203
0.855 0.00776024
0.83 0.00905583
0.81 0.0131199
0.865 0.0157997
0.86 0.0191675
0.895 0.0228585
0.875 0.0242741
0.835 0.0254674
0.905 0.0280748
0.86 0.0288776
0.865 0.0312142
0.835 0.0328902
0.84 0.0384554
0.915 0.0431854
0.905 0.046154
0.895 0.0474179
0.905 0.0460861
0.895 0.0451222
0.935 0.0429485
0.92 0.0425312
0.925 0.0429333
0.92 0.0464815
0.82 0.0501591
0.86 0.0532808
0.845 0.058137
0.85 0.0590366
0.795 0.0599684
0.74 0.0613811
0.785 0.0641863
0.81 0.0681072
0.855 0.0718616
0.83 0.0722074
0.795 0.0743001
0.795 0.0710907
0.805 0.0694459
0.82 0.0661904
0.865 0.0662197
0.865 0.0671984
0.81 0.0686089
0.755 0.0687681
0.705 0.0676691
0.735 0.0721801
0.725 0.0773171
0.675 0.0855351
0.685 0.0884463
0.705 0.0909552
0.74 0.0933468
0.75 0.0905837
0.705 0.0910655
0.73 0.0920873
0.75 0.0946787
0.79 0.0949424
0.775 0.0948755
0.74 0.0946609
0.81 0.0921818
0.75 0.0879842
0.795 0.0832062
0.84 0.0847255
0.74 0.0866826
0.7 0.0916942
0.735 0.0967476
0.755 0.102531
0.78 0.106898
0.785 0.111067
0.76 0.113208
0.83 0.118754
0.835 0.118817
0.82 0.120647
0.825 0.124078
0.865 0.128937
0.89 0.131461
0.88 0.132959
0.9 0.137709
0.865 0.139829
0.88 0.14061
0.85 0.139323
0.83 0.141408
0.755 0.14337
0.775 0.143211
0.8 0.140171
0.82 0.138929
0.805 0.140258
0.84 0.140467
0.905 0.141914
0.945 0.142414
0.94 0.141472
0.885 0.144336
0.935 0.148019
0.92 0.152776
0.885 0.156419
0.91 0.156691
0.88 0.160174
0.865 0.161947
0.84 0.162462
0.82 0.16273
0.81 0.164147
0.835 0.163805
0.77 0.164756
0.72 0.165631
0.675 0.165146
0.685 0.167257
0.685 0.168712
0.71 0.170928
0.735 0.175881
0.765 0.175578
0.775 0.175115
0.765 0.173823
0.795 0.17282
0.705 0.171686
0.73 0.167742
0.675 0.165517
0.645 0.159992
0.625 0.154315
0.55 0.149679
0.51 0.14622
0.455 0.142008
0.52 0.141203
0.54 0.140743
0.475 0.140514
0.555 0.138611
0.555 0.139128
0.55 0.140907
0.54 0.145005
0.56 0.147821
0.6 0.149629
0.63 0.151414
0.68 0.15508
0.685 0.158297
0.68 0.161957
0.595 0.162728
0.64 0.15864
0.615 0.157569
0.68 0.155907
0.605 0.154916
0.615 0.153967
0.6 0.151803
0.685 0.152469
0.7 0.152768
0.71 0.149105
0.72 0.147924
0.845 0.148287
0.805 0.147386
0.765 0.148478
0.8 0.148119
0.83 0.147976
0.8 0.148517
0.785 0.145844
0.855 0.145154
0.805 0.144338
0.875 0.140139
0.9 0.135619
0.92 0.134086
0.92 0.130824
0.88 0.13335
0.865 0.131177
0.835 0.129045
0.785 0.12544
0.775 0.121628
0.745 0.115818
0.81 0.108053
0.805 0.102275
0.825 0.0993904
0.825 0.0987903
0.805 0.0964598
0.765 0.0913591
0.8 0.0840923
0.85 0.0779056
0.82 0.0737839
0.79 0.0712925
0.785 0.0668539
0.79 0.0643107
0.755 0.0634374
0.75 0.0639442
0.825 0.0675598
0.835 0.068347
0.885 0.0682291
0.885 0.0686808
0.9 0.0700117
0.87 0.0627351
0.81 0.0545086
0.82 0.0478608
0.785 0.0440657
0.775 0.0376265
0.79 0.0342554
0.805 0.0322991
0.73 0.0292252
0.72 0.0207346
0.735 0.00997063
0.745 0.00288319
0.755 -0.00214654
0.745 -0.0110012
0.7 -0.0167151
0.62 -0.0201425
0.505 -0.024469
0.51 -0.0309498
0.6 -0.0372606
0.565 -0.0446695
0.6 -0.0520612
0.66 -0.0617592
0.715 -0.0674722
0.73 -0.0684237
0.725 -0.0694399
0.685 -0.0693834
0.675 -0.0652822
0.695 -0.061746
0.66 -0.0583207
0.67 -0.0588141
0.66 -0.0614534
0.66 -0.059354
0.655 -0.0601677
0.635 -0.0665034
0.615 -0.0687739
0.575 -0.0703398
0.545 -0.0696943
0.575 -0.072837
0.605 -0.0759578
0.645 -0.0789519
0.61 -0.0814327
0.58 -0.0818443
0.595 -0.0835752
0.6 -0.0833598
0.58 -0.0799288
0.65 -0.0769123
0.675 -0.0763342
0.74 -0.0703214
0.705 -0.0702666
0.67 -0.0679495
0.745 -0.0593175
0.795 -0.0541345
0.735 -0.0556418
0.875 -0.0551042
0.83 -0.0549868
0.745 -0.0553691
0.77 -0.0500836
0.795 -0.0478656
0.845 -0.0470736
0.87 -0.0478298
0.86 -0.0460771
0.85 -0.0454039
0.875 -0.0420209
0.87 -0.0401803
0.845 -0.0357379
0.83 -0.0299252
0.795 -0.0251872
0.865 -0.0239355
0.81 -0.0261757
0.835 -0.0250361
0.86 -0.0192098
0.9 -0.0155019
0.865 -0.0152524
0.865 -0.0117946
0.87 -0.0113441
0.91 -0.00864704
0.9 -0.00606796
0.885 -0.000639791
0.9 0.00557472
0.915 0.00971164
0.9 0.00452389
0.845 0.00299901
0.815 0.00552735
0.75 0.00263166
0.785 0.00414775
0.8 0.00529442
0.805 0.00869991
0.875 0.0149861
0.905 0.018032
0.915 0.0183329
0.88 0.0154837
0.865 0.0183674
0.84 0.0216422
0.86 0.0243042
0.825 0.0278173
0.82 0.0302371
0.81 0.0312031
0.85 0.0310272
0.915 0.03586
0.885 0.0339323
0.795 0.0403159
0.885 0.0419358
0.89 0.0471627
0.89 0.0486583
0.92 0.053204
0.895 0.0526339
0.875 0.0521136
0.845 0.0539627
0.88 0.0554199
0.915 0.055207
0.91 0.0548475
0.885 0.0574512
0.88 0.0497136
0.86 0.0439701
0.85 0.0375298
0.8 0.0390221
0.825 0.041475
0.855 0.0455541
0.87 0.0479303
0.775 0.0489611
0.785 0.0547931
0.795 0.0521687
0.845 0.0570722
0.855 0.0527261
0.86 0.0518089
0.9 0.0492925
0.89 0.0567367
0.86 0.0576152
0.85 0.0556951
0.88 0.0579914
0.86 0.0623423
0.85 0.0652031
0.83 0.0592404
0.82 0.0562574
0.745 0.0565996
0.72 0.0642084
0.735 0.0674312
0.78 0.072003
0.83 0.0759116
0.875 0.0767765
0.855 0.0693628
0.845 0.0557348
0.79 0.0462138
0.765 0.0329972
0.79 0.0319267
0.79 0.0291257
0.735 0.0283902
0.745 0.0222586
0.83 0.0245604
0.85 0.0237926
0.82 0.0213484
0.845 0.0180866
0.845 0.00813339
0.875 0.00151661
0.865 -0.00571665
0.89 -0.00782096
0.805 -0.0171343
0.795 -0.014361
0.75 -0.0105572
0.845 -0.00602382
0.85 -0.00144269
0.87 -0.000476484
0.85 -0.00139359
0.86 0.000194284
0.875 0.00016255
0.815 -0.0104879
0.825 -0.00765208
0.81 -0.00427479
0.855 -0.00464431
0.775 -0.0151746
0.745 -0.0151912
0.71 -0.0158324
0.715 -0.00931116
0.81 -0.00957911
0.74 -0.0136783
0.745 -0.00242212
0.705 0.00547086
0.8 0.00525624
0.795 -0.00054989
0.84 -0.00168237
0.71 -0.0127559
0.735 -0.023613
0.775 -0.0300308
0.79 -0.0417331
0.765 -0.0509972
0.815 -0.0583848
0.805 -0.060376
0.68 -0.0646057
0.725 -0.0550768
0.79 -0.0494556
0.845 -0.0436127
0.83 -0.0420831
0.835 -0.048039
0.835 -0.0494101
0.825 -0.0424942
0.805 -0.0302981
0.75 -0.0304101
0.8 -0.0310448
0.805 -0.0352666
0.815 -0.0367654
0.77 -0.038366
0.8 -0.0329094
0.78 -0.0281028
0.665 -0.0222464
0.67 -0.0126403
0.715 0.00108252
0.77 0.00921137
0.74 0.0156113
0.755 0.0288765
0.795 0.0291093
0.78 0.033913
0.845 0.0305444
0.8 0.0188094
0.78 0.0123325
0.75 0.00367428
0.765 -0.00318097
0.76 0.000663215
0.83 0.000742715
0.79 -0.00161725
0.83 -0.00283337
0.82 -0.015769
0.865 -0.0190442
0.865 -0.031143
0.855 -0.0384648
0.915 -0.0381434
0.84 -0.0463124
0.845 -0.0524702
0.86 -0.0484605
0.85 -0.0515631
0.86 -0.0505676
0.9 -0.0491789
0.845 -0.052328
0.86 -0.051556
0.875 -0.0429919
0.84 -0.0320111
0.85 -0.0240134
0.84 -0.0167862
0.835 -0.0212066
0.85 -0.0214003
0.835 -0.0199785
0.795 -0.0250943
0.79 -0.0312688
0.77 -0.0332328
0.76 -0.0285592
0.67 -0.0376833
0.665 -0.0307108
0.69 -0.0138485
0.76 -0.00394037
0.76 -0.0043466
0.845 0.00403983
0.78 -0.00275976
0.73 0.00557487
0.84 0.018396
0.835 0.00979666
0.785 0.00413225
0.83 0.00114721
0.835 -0.00150342
0.87 -0.00586025
0.88 -0.00989833
0.775 -0.0237181
0.745 -0.0228128
0.805 -0.00691012
0.86 -0.00155643
0.88 -0.00623595
0.885 -0.00581617
0.85 -0.00850985
0.83 -0.000966318
0.855 0.00645279
0.84 -0.00256203
0.855 0.0167613
0.88 0.021257
0.855 0.00382821
0.86 0.00689808
0.845 0.00543521
0.825 0.00760439
0.845 0.0157985
0.865 0.00381519
0.8 0.00438901
0.835 0.0173937
0.83 0.0096956
0.86 0.0103966
0.84 0.00501678
0.81 -0.000594093
0.815 0
