0.597656 1
0.603516 0.976126
0.578125 0.954746
0.613281 0.934638
0.578125 0.915384
0.605469 0.898094
0.615234 0.881831
0.613281 0.867003
0.589844 0.852558
0.576172 0.83942
0.580078 0.828102
0.574219 0.81753
0.529297 0.80691
0.589844 0.796727
0.580078 0.786619
0.570312 0.777308
0.552734 0.768977
0.560547 0.760926
0.507812 0.753335
0.501953 0.746943
0.46875 0.739901
0.513672 0.7323
0.515625 0.724454
0.552734 0.716711
0.539062 0.709122
0.544922 0.703042
0.507812 0.696059
0.503906 0.689818
0.525391 0.683392
0.513672 0.676833
0.517578 0.670562
0.503906 0.664124
0.498047 0.657962
0.511719 0.651893
0.523438 0.6464
0.595703 0.640764
0.666016 0.63571
0.646484 0.63161
0.617188 0.625387
0.607422 0.617922
0.615234 0.609687
0.646484 0.602313
0.640625 0.594653
0.630859 0.588381
0.650391 0.582743
0.638672 0.577946
0.644531 0.571663
0.666016 0.565325
0.683594 0.560141
0.705078 0.55397
0.736328 0.548208
0.697266 0.541693
0.716797 0.534758
0.707031 0.527408
0.703125 0.520543
0.742188 0.51401
0.697266 0.507009
0.681641 0.500276
0.6875 0.494308
0.675781 0.488457
0.664062 0.481504
0.611328 0.475294
0.621094 0.46954
0.601562 0.46357
0.609375 0.458452
0.617188 0.453828
0.644531 0.449006
0.667969 0.443986
0.720703 0.438687
0.724609 0.434015
0.730469 0.429751
0.716797 0.424684
0.701172 0.419244
0.644531 0.41393
0.648438 0.408518
0.648438 0.403228
0.675781 0.397224
0.681641 0.390072
0.734375 0.3826
0.714844 0.37468
0.724609 0.367696
0.722656 0.36071
0.755859 0.354051
0.726562 0.347364
0.771484 0.3409
0.791016 0.334396
0.78125 0.328338
0.765625 0.322568
0.744141 0.316566
0.65625 0.311668
0.636719 0.307011
0.607422 0.303508
0.660156 0.30011
0.669922 0.296575
0.677734 0.292559
0.685547 0.287759
0.71875 0.282738
0.740234 0.277978
0.744141 0.272885
0.753906 0.266627
0.744141 0.26173
0.724609 0.257121
0.724609 0.251317
0.755859 0.245682
0.769531 0.239671
0.773438 0.233105
0.75 0.226162
0.712891 0.218718
0.728516 0.212088
0.699219 0.2056
0.748047 0.199828
0.759766 0.194255
0.78125 0.190113
0.783203 0.185134
0.765625 0.180904
0.763672 0.175245
0.767578 0.167914
0.693359 0.161633
0.712891 0.15543
0.773438 0.149513
0.779297 0.142671
0.773438 0.136115
0.792969 0.1292
0.769531 0.12265
0.767578 0.115377
0.773438 0.10832
0.791016 0.100996
0.759766 0.0935932
0.757812 0.0863079
0.794922 0.0787164
0.767578 0.0712861
0.738281 0.0647629
0.75 0.058043
0.773438 0.052073
0.783203 0.0466865
0.777344 0.0412352
0.806641 0.0355937
0.785156 0.0304243
0.814453 0.0242899
0.804688 0.0179608
0.818359 0.0123143
0.810547 0.00588578
0.794922 0.000664254
0.810547 -0.00412523
0.847656 -0.00914595
0.853516 -0.0138101
0.820312 -0.0184532
0.837891 -0.0229496
0.837891 -0.0281766
0.857422 -0.0336349
0.818359 -0.0384171
0.837891 -0.0420283
0.847656 -0.0455899
0.863281 -0.0483343
0.859375 -0.0523708
0.855469 -0.0555428
0.863281 -0.0580036
0.857422 -0.061074
0.826172 -0.0649747
0.841797 -0.0696918
0.841797 -0.0738302
0.826172 -0.0791989
0.833984 -0.0827813
0.796875 -0.0856503
0.789062 -0.0883459
0.775391 -0.0918028
0.822266 -0.0940907
0.808594 -0.0954978
0.822266 -0.0963257
0.818359 -0.0981633
0.810547 -0.100668
0.789062 -0.10283
0.794922 -0.10567
0.773438 -0.108594
0.779297 -0.111229
0.816406 -0.114739
0.830078 -0.117885
0.814453 -0.120702
0.785156 -0.123882
0.808594 -0.12763
0.791016 -0.13101
0.779297 -0.133555
0.773438 -0.135693
0.767578 -0.136109
0.802734 -0.136301
0.796875 -0.135828
0.826172 -0.136089
0.810547 -0.135834
0.792969 -0.135901
0.818359 -0.135905
0.857422 -0.135928
0.853516 -0.136017
0.851562 -0.136417
0.828125 -0.138089
0.849609 -0.139717
0.820312 -0.140742
0.810547 -0.141602
0.78125 -0.143994
0.753906 -0.146293
0.792969 -0.148729
0.830078 -0.151485
0.818359 -0.15312
0.798828 -0.154884
0.800781 -0.155793
0.792969 -0.156601
0.794922 -0.156407
0.789062 -0.156155
0.796875 -0.156412
0.826172 -0.156276
0.808594 -0.156839
0.816406 -0.15648
0.832031 -0.156451
0.851562 -0.156184
0.830078 -0.15755
0.820312 -0.159688
0.787109 -0.160892
0.808594 -0.161681
0.785156 -0.162216
0.777344 -0.163721
0.751953 -0.166387
0.783203 -0.170058
0.779297 -0.172271
0.751953 -0.173956
0.785156 -0.175604
0.800781 -0.177824
0.8125 -0.1806
0.822266 -0.182096
0.837891 -0.183808
0.849609 -0.185691
0.833984 -0.186286
0.785156 -0.188017
0.802734 -0.191394
0.787109 -0.195258
0.806641 -0.197857
0.789062 -0.201604
0.789062 -0.205781
0.810547 -0.209116
0.820312 -0.212379
0.783203 -0.216129
0.763672 -0.218469
0.804688 -0.220398
0.767578 -0.221907
0.775391 -0.223068
0.783203 -0.223436
0.814453 -0.223475
0.779297 -0.223053
0.814453 -0.221785
0.785156 -0.220256
0.785156 -0.219363
0.794922 -0.218433
0.777344 -0.217707
0.746094 -0.217431
0.746094 -0.21724
0.736328 -0.217107
0.728516 -0.217291
0.753906 -0.217636
0.751953 -0.218297
0.742188 -0.218684
0.734375 -0.219334
0.726562 -0.219764
0.757812 -0.21955
0.767578 -0.218714
0.761719 -0.217794
0.763672 -0.217115
0.748047 -0.216489
0.785156 -0.215893
0.806641 -0.214866
0.763672 -0.21347
0.748047 -0.212201
0.726562 -0.209966
0.75 -0.207942
0.75 -0.206184
0.746094 -0.205514
0.765625 -0.205383
0.779297 -0.204346
0.785156 -0.203965
0.806641 -0.202285
0.761719 -0.200345
0.703125 -0.199019
0.703125 -0.197922
0.683594 -0.19523
0.654297 -0.192558
0.691406 -0.189597
0.671875 -0.186473
0.685547 -0.181807
0.654297 -0.178158
0.669922 -0.17517
0.642578 -0.172787
0.681641 -0.170404
0.695312 -0.168331
0.716797 -0.165075
0.712891 -0.163472
0.671875 -0.162896
0.679688 -0.162426
0.650391 -0.161758
0.683594 -0.162061
0.671875 -0.162974
0.681641 -0.162409
0.671875 -0.161766
0.705078 -0.161509
0.681641 -0.161563
0.683594 -0.161073
0.667969 -0.161599
0.685547 -0.160842
0.671875 -0.159334
0.666016 -0.157897
0.583984 -0.156227
0.603516 -0.155921
0.574219 -0.155605
0.609375 -0.155614
0.587891 -0.155341
0.621094 -0.155173
0.578125 -0.15432
0.558594 -0.152559
0.59375 -0.151046
0.597656 -0.150734
0.587891 -0.151629
0.603516 -0.152127
0.601562 -0.151924
0.59375 -0.150646
0.591797 -0.148721
0.605469 -0.147157
0.603516 -0.144131
0.609375 -0.141421
0.585938 -0.138255
0.626953 -0.135355
0.628906 -0.132346
0.626953 -0.129662
0.609375 -0.1264
0.623047 -0.123375
0.632812 -0.120482
0.652344 -0.117848
0.677734 -0.115355
0.664062 -0.113795
0.636719 -0.112494
0.636719 -0.110602
0.664062 -0.108653
0.650391 -0.107737
0.644531 -0.107407
0.652344 -0.107261
0.632812 -0.107081
0.623047 -0.105472
0.667969 -0.103667
0.695312 -0.101505
0.701172 -0.0994466
0.669922 -0.0967337
0.699219 -0.0945036
0.699219 -0.0931378
0.701172 -0.092517
0.697266 -0.0922177
0.6875 -0.0917163
0.646484 -0.0899397
0.664062 -0.0882793
0.607422 -0.0862666
0.623047 -0.0854402
0.619141 -0.0842688
0.646484 -0.0828137
0.630859 -0.0805958
0.613281 -0.0783275
0.630859 -0.0776453
0.646484 -0.0770061
0.640625 -0.0773473
0.667969 -0.0783397
0.679688 -0.077505
0.681641 -0.0757429
0.669922 -0.07473
0.728516 -0.0720549
0.693359 -0.0697558
0.669922 -0.0673774
0.716797 -0.0652535
0.751953 -0.0627782
0.785156 -0.0595966
0.738281 -0.0564831
0.769531 -0.0531473
0.802734 -0.0498571
0.78125 -0.0476291
0.783203 -0.045047
0.763672 -0.0418018
0.767578 -0.0406548
0.720703 -0.0388898
0.75 -0.0368408
0.732422 -0.0341321
0.732422 -0.0303349
0.714844 -0.026498
0.677734 -0.0231158
0.685547 -0.018581
0.652344 -0.0137143
0.601562 -0.00815829
0.650391 -0.00248101
0.597656 0.00153112
0.617188 0.00500913
0.613281 0.00862851
0.605469 0.0126375
0.617188 0.0171568
0.560547 0.0216347
0.556641 0.0262974
0.587891 0.0302502
0.615234 0.0333934
0.625 0.0378856
0.671875 0.0430586
0.654297 0.0469154
0.662109 0.0513097
0.714844 0.056604
0.753906 0.061893
0.746094 0.0674972
0.773438 0.0733045
0.734375 0.0788188
0.728516 0.0840288
0.761719 0.088116
0.757812 0.090726
0.751953 0.0929829
0.714844 0.0959076
0.720703 0.0978078
0.726562 0.100366
0.693359 0.102535
0.722656 0.104473
0.736328 0.106465
0.742188 0.108521
0.744141 0.111248
0.755859 0.113825
0.757812 0.116659
0.746094 0.119403
0.726562 0.123388
0.773438 0.127011
0.757812 0.130706
0.791016 0.134325
0.78125 0.137185
0.748047 0.13953
0.78125 0.142148
0.765625 0.144527
0.751953 0.147056
0.730469 0.149317
0.730469 0.151965
0.708984 0.154287
0.742188 0.156127
0.773438 0.157929
0.804688 0.16093
0.800781 0.164998
0.810547 0.169726
0.816406 0.173841
0.804688 0.177742
0.771484 0.181574
0.802734 0.184154
0.791016 0.187348
0.785156 0.189824
0.791016 0.193545
0.814453 0.197229
0.8125 0.200706
0.818359 0.203916
0.794922 0.2069
0.84375 0.20975
0.810547 0.212789
0.791016 0.215536
0.789062 0.216865
0.820312 0.217846
0.791016 0.218407
0.791016 0.219959
0.802734 0.222598
0.800781 0.22568
0.789062 0.228812
0.8125 0.232265
0.798828 0.235609
0.779297 0.238639
0.787109 0.242683
0.78125 0.246114
0.773438 0.249639
0.775391 0.252491
0.765625 0.256727
0.767578 0.260682
0.785156 0.265027
0.771484 0.269594
0.769531 0.273022
0.710938 0.277121
0.78125 0.279735
0.755859 0.280784
0.753906 0.2822
0.779297 0.284505
0.814453 0.287159
0.820312 0.288888
0.84375 0.290599
0.832031 0.292636
0.773438 0.294364
0.765625 0.295999
0.787109 0.297797
0.755859 0.299184
0.757812 0.301391
0.712891 0.303884
0.695312 0.304577
0.685547 0.305964
0.701172 0.30831
0.707031 0.311011
0.683594 0.313926
0.710938 0.315717
0.660156 0.31641
0.673828 0.316766
0.623047 0.317119
0.59375 0.318829
0.605469 0.321195
0.609375 0.322539
0.644531 0.323297
0.679688 0.325102
0.675781 0.32675
0.691406 0.327633
0.695312 0.327857
0.6875 0.327576
0.685547 0.326851
0.677734 0.326665
0.683594 0.327013
0.703125 0.326077
0.669922 0.325137
0.666016 0.323322
0.691406 0.320657
0.667969 0.317562
0.65625 0.315289
0.611328 0.312766
0.652344 0.309948
0.652344 0.307794
0.679688 0.305597
0.675781 0.302471
0.693359 0.299103
0.671875 0.296884
0.658203 0.294958
0.65625 0.2937
0.609375 0.29292
0.609375 0.292683
0.566406 0.290949
0.572266 0.289833
0.601562 0.288771
0.621094 0.28759
0.5625 0.286376
0.587891 0.285139
0.574219 0.283849
0.59375 0.281574
0.609375 0.278809
0.587891 0.277299
0.636719 0.275476
0.615234 0.274009
0.617188 0.272179
0.640625 0.269798
0.664062 0.267178
0.703125 0.264546
0.724609 0.262462
0.726562 0.258655
0.703125 0.254976
0.716797 0.251001
0.744141 0.247362
0.701172 0.243666
0.742188 0.240114
0.738281 0.234618
0.726562 0.229444
0.726562 0.223705
0.730469 0.219012
0.732422 0.214611
0.742188 0.210195
0.751953 0.206523
0.808594 0.203679
0.822266 0.20209
0.791016 0.20078
0.802734 0.199348
0.832031 0.197488
0.806641 0.195647
0.792969 0.195086
0.791016 0.192632
0.740234 0.189947
0.742188 0.187212
0.757812 0.183388
0.814453 0.179696
0.816406 0.176442
0.810547 0.174407
0.796875 0.170513
0.800781 0.166298
0.816406 0.162264
0.787109 0.158149
0.810547 0.154601
0.794922 0.151427
0.787109 0.149489
0.810547 0.148449
0.794922 0.147756
0.822266 0.146428
0.802734 0.144893
0.802734 0.142806
0.794922 0.140549
0.816406 0.13912
0.832031 0.138294
0.806641 0.137245
0.810547 0.136516
0.792969 0.135624
0.796875 0.132288
0.804688 0.129263
0.830078 0.127262
0.820312 0.125662
0.8125 0.123832
0.828125 0.121598
0.828125 0.119901
0.845703 0.118974
0.876953 0.118165
0.865234 0.118157
0.871094 0.117709
0.861328 0.117397
0.863281 0.115874
0.867188 0.113912
0.828125 0.110968
0.857422 0.10822
0.869141 0.10569
0.841797 0.103621
0.839844 0.101579
0.837891 0.0998587
0.851562 0.0983529
0.841797 0.0962197
0.855469 0.0942174
0.835938 0.0933059
0.832031 0.0925361
0.816406 0.0926429
0.8125 0.0926884
0.84375 0.0933161
0.851562 0.0932093
0.867188 0.0923917
0.835938 0.0922441
0.851562 0.0908748
0.847656 0.0909685
0.822266 0.0908044
0.847656 0.0910882
0.826172 0.0911923
0.841797 0.0914009
0.808594 0.0905787
0.820312 0.0884091
0.853516 0.0866168
0.851562 0.0841569
0.849609 0.0818682
0.888672 0.0803838
0.863281 0.0778881
0.853516 0.0761029
0.898438 0.0751437
0.894531 0.0736587
0.859375 0.0726355
0.837891 0.0714677
0.832031 0.0694413
0.828125 0.0664789
0.789062 0.0622979
0.816406 0.0578904
0.800781 0.0537959
0.779297 0.0505193
0.787109 0.0469824
0.78125 0.0447689
0.757812 0.0436157
0.744141 0.0410021
0.751953 0.0382496
0.746094 0.0343842
0.755859 0.0316389
0.738281 0.0291709
0.738281 0.0258957
0.740234 0.0224345
0.748047 0.0188258
0.759766 0.0165723
0.755859 0.0152531
0.751953 0.0147574
0.751953 0.0143086
0.748047 0.0144413
0.708984 0.0144898
0.71875 0.0147961
0.755859 0.0153597
0.722656 0.0160679
0.732422 0.0157685
0.724609 0.0137512
0.695312 0.0127035
0.693359 0.0106545
0.666016 0.00652379
0.677734 0.00248193
0.691406 -0.00126024
0.705078 -0.00441234
0.724609 -0.00697161
0.78125 -0.0087362
0.791016 -0.0101355
0.755859 -0.0117636
0.761719 -0.0128437
0.771484 -0.0137924
0.769531 -0.0142214
0.798828 -0.0148766
0.773438 -0.0135119
0.796875 -0.0118242
0.822266 -0.00969198
0.826172 -0.00721737
0.808594 -0.00403116
0.824219 -0.00109123
0.773438 0.000562421
0.796875 0.000620273
0.771484 4.67286e-05
0.785156 1.6965e-05
0.808594 -0.000796653
0.791016 -0.00157215
0.791016 -0.00174233
0.822266 -0.00154271
0.867188 -0.00159557
0.855469 -0.00187522
0.8125 -0.00079839
0.773438 0.000827343
0.767578 0.00198488
0.771484 0.00297812
0.726562 0.00405329
0.738281 0.00483762
0.763672 0.00530274
0.769531 0.00540155
0.751953 0.0045454
0.777344 0.00441441
0.771484 0.00277582
0.759766 0.000284029
0.789062 -0.00242512
0.802734 -0.00423344
0.820312 -0.00515841
0.802734 -0.00610404
0.769531 -0.00685153
0.724609 -0.00872712
0.734375 -0.00997681
0.716797 -0.0105837
0.679688 -0.0099064
0.662109 -0.00921644
0.669922 -0.00953323
0.699219 -0.009505
0.6875 -0.007968
0.6875 -0.00564841
0.677734 -0.00313337
0.642578 -0.00287391
0.632812 -0.00283028
0.59375 -0.00305557
0.609375 -0.00233184
0.609375 -0.00172315
0.572266 -0.00100367
0.580078 -0.000283634
0.546875 5.40792e-05
0.5625 0.000321603
0.556641 0.000795804
0.566406 0.000506305
0.509766 0.000560072
0.548828 0.000994143
0.556641 0.00101494
0.574219 0.000384298
0.5 -0.00106142
0.498047 -0.00214769
0.548828 -0.00416037
0.490234 -0.00608085
0.53125 -0.008576
0.564453 -0.0103048
0.546875 -0.0120496
0.5625 -0.012238
0.550781 -0.0134425
0.564453 -0.0138823
0.558594 -0.0129751
0.544922 -0.0141158
0.53125 -0.0153084
0.544922 -0.0154608
0.583984 -0.0162396
0.619141 -0.0162343
0.585938 -0.0159151
0.576172 -0.0135204
0.568359 -0.010578
0.517578 -0.00885708
0.515625 -0.00715612
0.511719 -0.00587909
0.482422 -0.00574345
0.455078 -0.00682121
0.458984 -0.00911169
0.462891 -0.0124045
0.507812 -0.0145695
0.521484 -0.0174291
0.539062 -0.0204458
0.537109 -0.022773
0.53125 -0.0255782
0.548828 -0.0284986
0.578125 -0.0315624
0.597656 -0.0337889
0.611328 -0.0342578
0.552734 -0.0344664
0.511719 -0.0359077
0.46875 -0.0355665
0.478516 -0.0353246
0.480469 -0.0356074
0.501953 -0.0357399
0.513672 -0.0366872
0.458984 -0.0381018
0.480469 -0.0401468
0.470703 -0.042239
0.445312 -0.0427434
0.470703 -0.0421684
0.501953 -0.0404763
0.5 -0.0391532
0.488281 -0.0387514
0.486328 -0.0378735
0.470703 -0.0375036
0.414062 -0.0382535
0.451172 -0.0402766
0.431641 -0.0417627
0.441406 -0.0430663
0.476562 -0.0445502
0.462891 -0.0452154
0.445312 -0.0450891
0.392578 -0.0452589
0.390625 -0.0457794
0.390625 -0.0457903
0.349609 -0.0458634
0.333984 -0.0469363
0.333984 -0.0468053
0.402344 -0.0456564
0.427734 -0.0450119
0.388672 -0.0448396
0.40625 -0.0443016
0.410156 -0.0451342
0.419922 -0.0461338
0.443359 -0.0463258
0.429688 -0.0457319
0.376953 -0.044865
0.371094 -0.042688
0.435547 -0.0406764
0.429688 -0.0396746
0.421875 -0.0391902
0.433594 -0.0399786
0.367188 -0.0409254
0.351562 -0.0410192
0.326172 -0.0417561
0.271484 -0.0413508
0.277344 -0.0410405
0.259766 -0.0407079
0.255859 -0.0398771
0.230469 -0.0396337
0.25 -0.0386256
0.244141 -0.0382805
0.265625 -0.0371596
0.242188 -0.0378291
0.283203 -0.0381289
0.253906 -0.0379596
0.208984 -0.0379448
0.193359 -0.0382081
0.199219 -0.0378345
0.21875 -0.0381105
0.201172 -0.0387508
0.150391 -0.0401485
0.183594 -0.0419215
0.193359 -0.0447474
0.216797 -0.0465757
0.21875 -0.0477235
0.214844 -0.0495064
0.228516 -0.0520147
0.214844 -0.0547084
0.216797 -0.0574653
0.257812 -0.0596685
0.269531 -0.062513
0.335938 -0.0652009
0.378906 -0.0663004
0.359375 -0.0667448
0.392578 -0.0678097
0.378906 -0.0693516
0.382812 -0.0707174
0.34375 -0.0703657
0.357422 -0.071215
0.394531 -0.0721329
0.378906 -0.0732201
0.345703 -0.075212
0.345703 -0.0763533
0.339844 -0.0786346
0.332031 -0.0795701
0.353516 -0.0822843
0.416016 -0.0852423
0.400391 -0.0883058
0.414062 -0.0916063
0.386719 -0.0947183
0.414062 -0.0981212
0.398438 -0.101018
0.339844 -0.102602
0.345703 -0.103765
0.369141 -0.104812
0.386719 -0.106363
0.396484 -0.107491
0.417969 -0.108517
0.466797 -0.110253
0.466797 -0.110846
0.458984 -0.111741
0.4375 -0.11324
0.431641 -0.114025
0.410156 -0.114115
0.427734 -0.114799
0.453125 -0.115768
0.476562 -0.116752
0.464844 -0.118192
0.435547 -0.120519
0.427734 -0.121916
0.451172 -0.122655
0.5 -0.12421
0.501953 -0.125759
0.490234 -0.128218
0.507812 -0.129628
0.498047 -0.130681
0.517578 -0.131312
0.507812 -0.131921
0.460938 -0.133703
0.507812 -0.136064
0.515625 -0.137997
0.550781 -0.139871
0.574219 -0.139932
0.535156 -0.139367
0.591797 -0.13869
0.615234 -0.137574
0.607422 -0.137172
0.628906 -0.136169
0.615234 -0.13462
0.619141 -0.133798
0.59375 -0.132957
0.630859 -0.131907
0.609375 -0.132081
0.632812 -0.132772
0.658203 -0.13406
0.673828 -0.135003
0.667969 -0.135489
0.662109 -0.13509
0.636719 -0.134832
0.654297 -0.13491
0.640625 -0.134888
0.65625 -0.135734
0.65625 -0.137925
0.648438 -0.141071
0.630859 -0.143522
0.609375 -0.147338
0.574219 -0.149623
0.517578 -0.151049
0.544922 -0.15295
0.558594 -0.153613
0.576172 -0.154408
0.525391 -0.155591
0.542969 -0.156553
0.572266 -0.158501
0.537109 -0.161021
0.548828 -0.162295
0.570312 -0.162866
0.539062 -0.163124
0.505859 -0.163622
0.505859 -0.164857
0.546875 -0.166186
0.53125 -0.167363
0.523438 -0.16887
0.535156 -0.170528
0.558594 -0.172065
0.519531 -0.17358
0.515625 -0.17559
0.509766 -0.176768
0.441406 -0.177623
0.439453 -0.177216
0.40625 -0.17628
0.330078 -0.174868
0.416016 -0.174058
0.443359 -0.173708
0.398438 -0.172284
0.458984 -0.169627
0.457031 -0.167138
0.496094 -0.1653
0.535156 -0.162988
0.560547 -0.162693
0.591797 -0.161663
0.564453 -0.161652
0.585938 -0.161942
0.572266 -0.162677
0.617188 -0.164719
0.597656 -0.166812
0.630859 -0.168784
0.597656 -0.170225
0.615234 -0.171857
0.630859 -0.173892
0.644531 -0.174708
0.660156 -0.174861
0.675781 -0.173761
0.724609 -0.173594
0.695312 -0.17234
0.681641 -0.171336
0.695312 -0.16976
0.693359 -0.168576
0.689453 -0.167279
0.740234 -0.164583
0.767578 -0.161162
0.765625 -0.157084
0.765625 -0.154625
0.75 -0.153468
0.775391 -0.152386
0.771484 -0.1508
0.78125 -0.148724
0.794922 -0.146059
0.787109 -0.142905
0.755859 -0.140209
0.755859 -0.137824
0.789062 -0.135769
0.791016 -0.133561
0.816406 -0.131843
0.791016 -0.131482
0.802734 -0.130603
0.783203 -0.129782
0.830078 -0.129751
0.84375 -0.128602
0.861328 -0.126215
0.830078 -0.123564
0.818359 -0.121646
0.802734 -0.119809
0.794922 -0.118442
0.794922 -0.116667
0.794922 -0.114189
0.792969 -0.111784
0.775391 -0.108641
0.798828 -0.105917
0.826172 -0.103297
0.810547 -0.101214
0.808594 -0.0981692
0.824219 -0.0947028
0.828125 -0.0923862
0.810547 -0.0898235
0.828125 -0.0886465
0.8125 -0.0862739
0.863281 -0.0848091
0.84375 -0.0845048
0.833984 -0.0828023
0.837891 -0.0803239
0.828125 -0.0778597
0.796875 -0.0761944
0.785156 -0.0737891
0.796875 -0.0724568
0.849609 -0.0710465
0.859375 -0.0702217
0.849609 -0.0689303
0.853516 -0.0670118
0.824219 -0.0655935
0.822266 -0.0640284
0.835938 -0.0631772
0.791016 -0.0619294
0.748047 -0.0603819
0.773438 -0.0589155
0.734375 -0.0568787
0.705078 -0.0551082
0.707031 -0.0519802
0.708984 -0.0501774
0.703125 -0.0479966
0.722656 -0.0471591
0.662109 -0.0457684
0.691406 -0.0441727
0.695312 -0.042053
0.722656 -0.0394967
0.712891 -0.0364743
0.667969 -0.0349044
0.695312 -0.034093
0.710938 -0.0331539
0.751953 -0.0323921
0.765625 -0.031921
0.773438 -0.0330269
0.765625 -0.0344786
0.763672 -0.0355369
0.822266 -0.0359063
0.822266 -0.0360685
0.771484 -0.036555
0.757812 -0.0374143
0.802734 -0.0381567
0.792969 -0.0389296
0.798828 -0.0386587
0.779297 -0.0384572
0.769531 -0.0380413
0.738281 -0.0385169
0.714844 -0.0384441
0.728516 -0.0384009
0.708984 -0.0382338
0.707031 -0.0386606
0.701172 -0.0389072
0.699219 -0.0387697
0.744141 -0.0380108
0.724609 -0.0363805
0.712891 -0.0346428
0.730469 -0.031032
0.75 -0.0272473
0.773438 -0.0230319
0.753906 -0.0194821
0.730469 -0.0159172
0.71875 -0.0143394
0.683594 -0.0136901
0.746094 -0.0131539
0.728516 -0.0122666
0.703125 -0.0108993
0.683594 -0.00968159
0.689453 -0.00945937
0.658203 -0.00930282
0.677734 -0.00835
0.691406 -0.00756408
0.703125 -0.00637678
0.693359 -0.00530304
0.685547 -0.00287112
0.667969 -0.00144262
0.6875 0.000205134
0.650391 0.00300472
0.59375 0.00582063
0.576172 0.00833574
0.605469 0.0109832
0.591797 0.0136107
0.613281 0.0155591
0.644531 0.0165799
0.638672 0.0174151
0.623047 0.0176541
0.652344 0.017045
0.617188 0.0170248
0.603516 0.0165965
0.607422 0.0157686
0.640625 0.0149989
0.644531 0.0158552
0.654297 0.0177373
0.644531 0.01898
0.689453 0.0206854
0.685547 0.02161
0.681641 0.0226413
0.716797 0.0241576
0.707031 0.0257671
0.751953 0.0276293
0.740234 0.028716
0.763672 0.0290883
0.759766 0.028973
0.742188 0.029585
0.726562 0.0302771
0.726562 0.0314465
0.673828 0.0328983
0.666016 0.035347
0.693359 0.037646
0.691406 0.0386234
0.707031 0.04061
0.751953 0.0426764
0.732422 0.0454705
0.751953 0.0482423
0.740234 0.0505542
0.748047 0.0526878
0.763672 0.0546945
0.751953 0.0562671
0.714844 0.0575495
0.710938 0.0591173
0.683594 0.059104
0.660156 0.0591281
0.638672 0.0590011
0.566406 0.0590398
0.664062 0.0574442
0.625 0.0556294
0.642578 0.0550836
0.666016 0.0540275
0.705078 0.0526078
0.716797 0.0512137
0.724609 0.0501406
0.716797 0.0499262
0.710938 0.0502266
0.728516 0.0496912
0.730469 0.0484868
0.714844 0.047303
0.701172 0.0473874
0.695312 0.0472747
0.667969 0.0471341
0.666016 0.0466929
0.644531 0.0457151
0.654297 0.0435698
0.664062 0.042305
0.703125 0.0419972
0.71875 0.0420956
0.695312 0.0430544
0.6875 0.0440035
0.744141 0.0446186
0.794922 0.0445716
0.794922 0.0454795
0.826172 0.0468537
0.796875 0.0487738
0.798828 0.0493043
0.804688 0.0481484
0.773438 0.0459774
0.8125 0.0428843
0.802734 0.0408578
0.783203 0.0391259
0.779297 0.0379526
0.796875 0.0358837
0.800781 0.035824
0.804688 0.035692
0.794922 0.0354145
0.791016 0.0358271
0.804688 0.0367128
0.808594 0.0373598
0.822266 0.0368333
0.833984 0.0352759
0.832031 0.0333358
0.832031 0.0319828
0.839844 0.0314406
0.833984 0.0319638
0.822266 0.0327784
0.810547 0.0335756
0.814453 0.0343637
0.84375 0.0339693
0.849609 0.0346557
0.857422 0.0343182
0.816406 0.0336195
0.814453 0.0328737
0.851562 0.0333783
0.853516 0.0355205
0.818359 0.0370202
0.800781 0.0379201
0.777344 0.0382416
0.789062 0.0395008
0.800781 0.040431
0.787109 0.0408698
0.779297 0.0406388
0.779297 0.0402385
0.785156 0.0388998
0.796875 0.037162
0.763672 0.0351095
0.796875 0.0340024
0.785156 0.0325501
0.806641 0.0341125
0.845703 0.0343082
0.816406 0.033919
0.84375 0.0320769
0.857422 0.0305483
0.853516 0.02854
0.857422 0.0277156
0.882812 0.027038
0.876953 0.0242601
0.853516 0.0215272
0.855469 0.0199324
0.861328 0.0184573
0.878906 0.0175205
0.878906 0.0168613
0.855469 0.0160043
0.826172 0.0149374
0.816406 0.0138421
0.783203 0.0141678
0.785156 0.0136262
0.765625 0.0129029
0.71875 0.0120065
0.710938 0.0112697
0.726562 0.0109417
0.695312 0.00920694
0.701172 0.0079297
0.701172 0.00490224
0.740234 0.000957482
0.746094 -0.00259068
0.738281 -0.00637654
0.746094 -0.00735927
0.720703 -0.00850891
0.761719 -0.00896868
0.763672 -0.0107259
0.800781 -0.0137565
0.830078 -0.0173624
0.861328 -0.0197308
0.84375 -0.0218575
0.841797 -0.0235699
0.851562 -0.0254776
0.855469 -0.0272643
0.798828 -0.0300318
0.755859 -0.0314097
0.710938 -0.0328324
0.720703 -0.034452
0.773438 -0.0372312
0.792969 -0.0388874
0.791016 -0.0402655
0.794922 -0.0423354
0.791016 -0.0442311
0.783203 -0.0457732
0.810547 -0.04548
0.792969 -0.0441746
0.814453 -0.0434929
0.765625 -0.0430222
0.748047 -0.0419137
0.724609 -0.0400841
0.71875 -0.0382805
0.748047 -0.0373206
0.738281 -0.0378113
0.730469 -0.0399152
0.753906 -0.04256
0.740234 -0.0451095
0.736328 -0.047732
0.707031 -0.0511841
0.658203 -0.0550641
0.660156 -0.058676
0.65625 -0.0621648
0.609375 -0.0644825
0.628906 -0.0671416
0.642578 -0.0701478
0.664062 -0.0742015
0.683594 -0.0772016
0.720703 -0.0795525
0.738281 -0.0815069
0.730469 -0.0826132
0.652344 -0.0836087
0.648438 -0.0839049
0.671875 -0.0852856
0.640625 -0.0870388
0.599609 -0.0880254
0.597656 -0.0896964
0.636719 -0.0913854
0.619141 -0.0931941
0.636719 -0.0946709
0.638672 -0.0953607
0.613281 -0.0970917
0.587891 -0.0985286
0.599609 -0.0990534
0.587891 -0.10013
0.589844 -0.10037
0.599609 -0.100417
0.640625 -0.10016
0.648438 -0.0996293
0.650391 -0.0992083
0.601562 -0.0995897
0.556641 -0.0993999
0.560547 -0.100449
0.619141 -0.10284
0.615234 -0.105484
0.636719 -0.107949
0.664062 -0.109315
0.669922 -0.112191
0.591797 -0.11344
0.609375 -0.115282
0.630859 -0.116677
0.591797 -0.116576
0.615234 -0.115996
0.613281 -0.11581
0.609375 -0.115353
0.628906 -0.1148
0.630859 -0.116235
0.597656 -0.117867
0.587891 -0.118411
0.591797 -0.118379
0.523438 -0.116877
0.525391 -0.115514
0.539062 -0.114946
0.505859 -0.115302
0.5 -0.115531
0.511719 -0.116087
0.513672 -0.116299
0.550781 -0.116527
0.572266 -0.117618
0.574219 -0.11829
0.572266 -0.11975
0.578125 -0.121564
0.597656 -0.122622
0.617188 -0.123321
0.636719 -0.124625
0.630859 -0.126105
0.617188 -0.128818
0.615234 -0.131972
0.626953 -0.133917
0.607422 -0.135772
0.599609 -0.136654
0.601562 -0.137787
0.603516 -0.138145
0.607422 -0.139503
0.613281 -0.141152
0.568359 -0.142554
0.53125 -0.14579
0.541016 -0.150927
0.480469 -0.153881
0.443359 -0.156507
0.425781 -0.160269
0.441406 -0.164496
0.425781 -0.167758
0.394531 -0.170793
0.417969 -0.174319
0.488281 -0.177787
0.478516 -0.182644
0.488281 -0.187968
0.486328 -0.193076
0.519531 -0.198145
0.511719 -0.202046
0.521484 -0.205691
0.521484 -0.209503
0.572266 -0.212052
0.548828 -0.213085
0.539062 -0.215235
0.496094 -0.217151
0.542969 -0.219325
0.513672 -0.221374
0.511719 -0.22327
0.488281 -0.224282
0.482422 -0.2263
0.470703 -0.228276
0.515625 -0.228333
0.503906 -0.229225
0.486328 -0.228981
0.548828 -0.229044
0.492188 -0.230783
0.480469 -0.232808
0.488281 -0.233772
0.501953 -0.234589
0.535156 -0.234654
0.548828 -0.235648
0.5625 -0.235756
0.558594 -0.237489
0.560547 -0.238695
0.542969 -0.241491
0.544922 -0.244072
0.513672 -0.245589
0.488281 -0.247167
0.507812 -0.248482
0.544922 -0.248472
0.572266 -0.249282
0.591797 -0.250237
0.589844 -0.250952
0.574219 -0.251678
0.607422 -0.253059
0.576172 -0.255014
0.558594 -0.256483
0.515625 -0.257787
0.492188 -0.258943
0.474609 -0.260229
0.460938 -0.262193
0.453125 -0.263405
0.490234 -0.262781
0.443359 -0.26299
0.484375 -0.262976
0.488281 -0.262428
0.472656 -0.262072
0.484375 -0.261574
0.509766 -0.259856
0.501953 -0.257629
0.484375 -0.256957
0.462891 -0.25616
0.490234 -0.25571
0.488281 -0.253525
0.433594 -0.251152
0.435547 -0.250256
0.439453 -0.248159
0.412109 -0.245532
0.419922 -0.243411
0.40625 -0.24335
0.382812 -0.244579
0.388672 -0.245023
0.378906 -0.245216
0.375 -0.245552
0.375 -0.246301
0.443359 -0.248334
0.425781 -0.251444
0.419922 -0.25408
0.441406 -0.257071
0.466797 -0.260496
0.494141 -0.263292
0.496094 -0.265884
0.503906 -0.268658
0.490234 -0.270993
0.472656 -0.273096
0.443359 -0.274729
0.431641 -0.274737
0.443359 -0.273404
0.453125 -0.272086
0.462891 -0.270415
0.431641 -0.269042
0.427734 -0.266643
0.412109 -0.266219
0.402344 -0.264672
0.412109 -0.263617
0.380859 -0.261012
0.386719 -0.257414
0.417969 -0.254123
0.427734 -0.252498
0.460938 -0.251861
0.496094 -0.249801
0.470703 -0.247356
0.501953 -0.244845
0.5 -0.241152
0.458984 -0.23807
0.509766 -0.235792
0.548828 -0.23402
0.527344 -0.231988
0.505859 -0.231083
0.544922 -0.230903
0.535156 -0.22987
0.529297 -0.230272
0.583984 -0.230121
0.564453 -0.230415
0.5625 -0.229645
0.554688 -0.228174
0.605469 -0.225863
0.576172 -0.22238
0.582031 -0.218646
0.603516 -0.2156
0.570312 -0.214541
0.578125 -0.214248
0.609375 -0.212805
0.599609 -0.210327
0.599609 -0.207034
0.570312 -0.204404
0.550781 -0.20218
0.53125 -0.200145
0.511719 -0.19797
0.494141 -0.195481
0.453125 -0.192139
0.484375 -0.188526
0.478516 -0.184276
0.488281 -0.178488
0.46875 -0.173168
0.480469 -0.168571
0.460938 -0.163733
0.451172 -0.159268
0.449219 -0.154007
0.427734 -0.148217
0.365234 -0.142292
0.384766 -0.137691
0.363281 -0.134452
0.382812 -0.131247
0.384766 -0.127489
0.404297 -0.123652
0.470703 -0.119999
0.5 -0.118496
0.517578 -0.117094
0.515625 -0.115338
0.466797 -0.114191
0.480469 -0.112092
0.472656 -0.109306
0.511719 -0.108267
0.494141 -0.108304
0.494141 -0.106373
0.529297 -0.104691
0.539062 -0.102323
0.537109 -0.100824
0.556641 -0.0983054
0.548828 -0.0957434
0.533203 -0.0926406
0.474609 -0.0886045
0.419922 -0.0856572
0.408203 -0.0828101
0.416016 -0.0781622
0.423828 -0.0739053
0.380859 -0.0698412
0.398438 -0.0660249
0.365234 -0.0615641
0.375 -0.0579942
0.410156 -0.054226
0.380859 -0.0504582
0.396484 -0.0477998
0.378906 -0.0449877
0.457031 -0.0418928
0.458984 -0.0378435
0.494141 -0.0334723
0.486328 -0.0289388
0.447266 -0.0247362
0.396484 -0.0207182
0.441406 -0.0171106
0.466797 -0.0142388
0.513672 -0.0110407
0.517578 -0.0087473
0.443359 -0.00738329
0.419922 -0.00542609
0.414062 -0.00333499
0.484375 -0.00195123
0.478516 0.000181401
0.466797 0.0026078
0.472656 0.00390649
0.490234 0.00646767
0.470703 0.00811631
0.492188 0.00864892
0.509766 0.00869112
0.507812 0.00887339
0.521484 0.00988007
0.513672 0.00975422
0.537109 0.0103983
0.560547 0.0101777
0.542969 0.0110971
0.525391 0.0111754
0.576172 0.0107607
0.550781 0.0107968
0.5 0.00956827
0.466797 0.00853391
0.478516 0.00807906
0.470703 0.00817256
0.464844 0.00853487
0.464844 0.00960595
0.390625 0.0119533
0.414062 0.0141319
0.433594 0.0155806
0.443359 0.017125
0.462891 0.0195252
0.433594 0.0217857
0.433594 0.0243484
0.421875 0.0278085
0.404297 0.0308709
0.390625 0.0352797
0.394531 0.0392307
0.441406 0.0412864
0.429688 0.0429571
0.431641 0.0439419
0.421875 0.0449015
0.431641 0.0454585
0.455078 0.0480006
0.462891 0.0503759
0.453125 0.0535292
0.427734 0.0564374
0.445312 0.059501
0.421875 0.062479
0.476562 0.064957
0.490234 0.0682389
0.486328 0.070622
0.503906 0.0734271
0.507812 0.0767149
0.480469 0.0793274
0.505859 0.0806496
0.529297 0.0813386
0.507812 0.0823375
0.511719 0.0837126
0.494141 0.0863738
0.550781 0.0892345
0.5625 0.0917631
0.564453 0.0951271
0.587891 0.0982318
0.552734 0.102444
0.597656 0.106647
0.585938 0.109688
0.591797 0.112725
0.632812 0.1141
0.597656 0.116383
0.572266 0.118837
0.511719 0.120674
0.505859 0.121771
0.539062 0.124005
0.544922 0.125784
0.574219 0.128738
0.583984 0.13073
0.576172 0.131614
0.519531 0.133256
0.533203 0.133975
0.521484 0.133867
0.488281 0.134605
0.486328 0.13642
0.535156 0.138493
0.511719 0.139656
0.478516 0.139603
0.476562 0.140958
0.513672 0.142678
0.507812 0.143582
0.578125 0.145675
0.621094 0.147608
0.595703 0.147819
0.654297 0.148623
0.634766 0.149996
0.632812 0.153303
0.621094 0.155367
0.591797 0.157262
0.609375 0.159241
0.636719 0.162049
0.636719 0.164087
0.644531 0.166845
0.666016 0.167941
0.636719 0.169579
0.671875 0.169865
0.65625 0.169839
0.673828 0.168678
0.619141 0.166273
0.611328 0.164102
0.662109 0.160768
0.666016 0.158377
0.667969 0.155662
0.671875 0.153486
0.714844 0.150766
0.65625 0.148897
0.628906 0.145479
0.642578 0.141935
0.642578 0.138612
0.638672 0.135899
0.640625 0.134259
0.644531 0.134312
0.662109 0.135194
0.681641 0.136542
0.6875 0.137555
0.667969 0.139736
0.638672 0.140546
0.667969 0.139935
0.675781 0.137363
0.65625 0.134656
0.685547 0.132269
0.689453 0.131762
0.693359 0.132626
0.761719 0.135824
0.740234 0.139522
0.771484 0.142374
0.75 0.14581
0.742188 0.147991
0.71875 0.148906
0.716797 0.150415
0.736328 0.151898
0.714844 0.152929
0.708984 0.154023
0.708984 0.15536
0.701172 0.157842
0.681641 0.159557
0.703125 0.159495
0.722656 0.159207
0.720703 0.158707
0.757812 0.155896
0.794922 0.153629
0.791016 0.153209
0.833984 0.153543
0.798828 0.154562
0.751953 0.156165
0.796875 0.157601
0.787109 0.158069
0.818359 0.158276
0.8125 0.158152
0.808594 0.157643
0.835938 0.156847
0.837891 0.157609
0.830078 0.158143
0.804688 0.157821
0.777344 0.15785
0.796875 0.157089
0.777344 0.157679
0.800781 0.15789
0.757812 0.159284
0.738281 0.159958
0.765625 0.161637
0.816406 0.162369
0.832031 0.163124
0.792969 0.16265
0.802734 0.162696
0.802734 0.162093
0.839844 0.160944
0.837891 0.158262
0.84375 0.154527
0.832031 0.1513
0.8125 0.149259
0.824219 0.147865
0.828125 0.146472
0.871094 0.14534
0.882812 0.144141
0.876953 0.14287
0.845703 0.141926
0.826172 0.140864
0.84375 0.13909
0.845703 0.137622
0.833984 0.136588
0.816406 0.136669
0.828125 0.137039
0.822266 0.137469
0.798828 0.13726
0.835938 0.13762
0.820312 0.138409
0.814453 0.138575
0.808594 0.137508
0.777344 0.138285
0.746094 0.137443
0.748047 0.13405
0.734375 0.131872
0.791016 0.130003
0.802734 0.129178
0.818359 0.126541
0.822266 0.126245
0.839844 0.126238
0.824219 0.124805
0.775391 0.123478
0.802734 0.121956
0.792969 0.118961
0.792969 0.115493
0.84375 0.11334
0.833984 0.111252
0.857422 0.108129
0.835938 0.10613
0.818359 0.104095
0.851562 0.102456
0.847656 0.102024
0.835938 0.101245
0.832031 0.0998694
0.832031 0.0981928
0.861328 0.0971934
0.882812 0.0960526
0.882812 0.0936973
0.90625 0.0916465
0.902344 0.0896808
0.849609 0.0881991
0.857422 0.0868679
0.8125 0.0845006
0.796875 0.082672
0.779297 0.0790937
0.759766 0.0754767
0.759766 0.0737519
0.759766 0.0715977
0.779297 0.0700232
0.767578 0.0692614
0.773438 0.0680806
0.765625 0.0667521
0.789062 0.0646288
0.785156 0.062791
0.728516 0.0604371
0.724609 0.0588989
0.732422 0.0579647
0.714844 0.057448
0.746094 0.0564644
0.757812 0.0565568
0.820312 0.0576563
0.798828 0.0587074
0.792969 0.0606348
0.763672 0.0627224
0.75 0.0647921
0.734375 0.0661527
0.714844 0.0673399
0.695312 0.0686252
0.714844 0.0694847
0.701172 0.0708348
0.707031 0.0728386
0.732422 0.0747779
0.667969 0.0753333
0.714844 0.0759771
0.724609 0.0771825
0.712891 0.0788951
0.724609 0.0813497
0.710938 0.0838986
0.71875 0.084391
0.751953 0.0831609
0.720703 0.0841662
0.763672 0.0846063
0.789062 0.0844639
0.818359 0.0838653
0.808594 0.0846834
0.787109 0.0844253
0.789062 0.082223
0.767578 0.0795697
0.724609 0.0769601
0.691406 0.0739987
0.708984 0.0723181
0.701172 0.0720354
0.722656 0.0724952
0.769531 0.0727041
0.726562 0.0721253
0.701172 0.069205
0.710938 0.0676069
0.699219 0.0658107
0.740234 0.0631159
0.730469 0.0604391
0.753906 0.0580461
0.765625 0.0553059
0.724609 0.0516315
0.724609 0.0484691
0.712891 0.0454684
0.707031 0.0430373
0.708984 0.0411139
0.679688 0.0382367
0.695312 0.0355654
0.691406 0.0329084
0.703125 0.0303635
0.726562 0.0283815
0.716797 0.0273225
0.746094 0.026346
0.742188 0.024691
0.716797 0.0216693
0.677734 0.0181933
0.689453 0.0148791
0.707031 0.0108832
0.71875 0.00749005
0.708984 0.00517031
0.697266 0.00268087
0.695312 0.000166515
0.673828 -0.00194614
0.703125 -0.00587506
0.667969 -0.00966039
0.640625 -0.0137922
0.667969 -0.0175461
0.65625 -0.0216005
0.640625 -0.024656
0.640625 -0.0269078
0.632812 -0.0291661
0.642578 -0.0317724
0.685547 -0.0332664
0.707031 -0.0341158
0.716797 -0.0333948
0.666016 -0.0337587
0.683594 -0.0338156
0.654297 -0.0346393
0.597656 -0.0354584
0.605469 -0.0349402
0.621094 -0.0354478
0.636719 -0.0354516
0.607422 -0.0361835
0.607422 -0.0380074
0.628906 -0.0389059
0.669922 -0.0411876
0.638672 -0.0440627
0.671875 -0.0465436
0.695312 -0.0493861
0.716797 -0.0524981
0.738281 -0.0550243
0.722656 -0.0581198
0.757812 -0.0609778
0.740234 -0.0629332
0.712891 -0.0648788
0.685547 -0.0663752
0.679688 -0.0681895
0.640625 -0.0677694
0.652344 -0.0678033
0.662109 -0.0667489
0.671875 -0.0666274
0.701172 -0.0663811
0.691406 -0.0664284
0.712891 -0.0674694
0.708984 -0.0682437
0.689453 -0.0693177
0.736328 -0.0706301
0.6875 -0.0711043
0.648438 -0.0727345
0.640625 -0.0740389
0.669922 -0.0759775
0.662109 -0.0783248
0.671875 -0.0806504
0.726562 -0.0821397
0.763672 -0.0826924
0.78125 -0.0842567
0.785156 -0.0854291
0.806641 -0.0855879
0.816406 -0.0853754
0.785156 -0.0861735
0.744141 -0.0871726
0.792969 -0.0895628
0.792969 -0.0917628
0.738281 -0.0929453
0.755859 -0.0933914
0.732422 -0.0938269
0.720703 -0.0939304
0.695312 -0.0928822
0.65625 -0.0923767
0.662109 -0.0922955
0.648438 -0.0942546
0.630859 -0.0957232
0.583984 -0.0968615
0.582031 -0.0967464
0.59375 -0.0964554
0.619141 -0.0959837
0.628906 -0.0951365
0.644531 -0.095029
0.607422 -0.0949309
0.632812 -0.0945984
0.621094 -0.0958563
0.59375 -0.0968574
0.609375 -0.0969803
0.666016 -0.0965483
0.65625 -0.0958538
0.654297 -0.0949757
0.634766 -0.0958176
0.607422 -0.0971002
0.597656 -0.0973476
0.574219 -0.0974494
0.570312 -0.0975826
0.626953 -0.0989041
0.673828 -0.100409
0.626953 -0.102724
0.640625 -0.103542
0.660156 -0.104389
0.648438 -0.104663
0.634766 -0.105595
0.662109 -0.105756
0.662109 -0.105087
0.689453 -0.104258
0.701172 -0.102702
0.671875 -0.100523
0.580078 -0.0985869
0.587891 -0.0956191
0.582031 -0.0929794
0.574219 -0.0899756
0.5625 -0.0866998
0.548828 -0.084852
0.539062 -0.0839909
0.529297 -0.0843323
0.572266 -0.0841246
0.597656 -0.0807758
0.621094 -0.0766927
0.59375 -0.0720557
0.613281 -0.0675053
0.578125 -0.0629013
0.517578 -0.0597201
0.560547 -0.0558717
0.525391 -0.0499011
0.484375 -0.0458633
0.501953 -0.0431682
0.472656 -0.0410923
0.447266 -0.0387322
0.478516 -0.036659
0.509766 -0.0349253
0.535156 -0.0333534
0.583984 -0.0321341
0.578125 -0.030511
0.583984 -0.0286379
0.550781 -0.0276255
0.578125 -0.0277196
0.599609 -0.0272573
0.589844 -0.0245878
0.572266 -0.0204412
0.580078 -0.017112
0.583984 -0.0148338
0.564453 -0.0126074
0.613281 -0.00937372
0.615234 -0.00496204
0.564453 -0.0013616
0.484375 0.0029792
0.419922 0.00675147
0.410156 0.0107377
0.445312 0.0140179
0.425781 0.0166845
0.416016 0.0194826
0.412109 0.0225447
0.384766 0.02504
0.402344 0.0273362
0.421875 0.0294377
0.464844 0.0330769
0.416016 0.0352781
0.431641 0.0381167
0.458984 0.0397528
0.46875 0.0399295
0.527344 0.0405984
0.582031 0.0416832
0.523438 0.0425098
0.486328 0.0452452
0.509766 0.0477682
0.525391 0.0494225
0.53125 0.0517098
0.566406 0.0534144
0.617188 0.0559155
0.648438 0.0589585
0.652344 0.0628976
0.626953 0.0673605
0.613281 0.0723604
0.595703 0.0760131
0.626953 0.0793402
0.582031 0.0831062
0.556641 0.0865383
0.447266 0.0894293
0.458984 0.0922924
0.458984 0.0953935
0.457031 0.0983563
0.490234 0.101963
0.486328 0.104652
0.470703 0.107154
0.457031 0.109627
0.441406 0.112536
0.462891 0.116353
0.541016 0.120202
0.550781 0.12312
0.542969 0.126183
0.568359 0.128081
0.59375 0.130867
0.587891 0.133979
0.583984 0.136727
0.576172 0.138667
0.552734 0.139793
0.539062 0.14033
0.544922 0.13993
0.552734 0.138889
0.511719 0.137702
0.509766 0.137394
0.460938 0.13697
0.462891 0.135977
0.476562 0.135166
0.519531 0.134634
0.570312 0.134383
0.611328 0.133937
0.625 0.132383
0.646484 0.131663
0.662109 0.130631
0.646484 0.128755
0.654297 0.125065
0.685547 0.122046
0.734375 0.120123
0.712891 0.11926
0.697266 0.118221
0.677734 0.118977
0.705078 0.120073
0.6875 0.118873
0.671875 0.117778
0.664062 0.116369
0.648438 0.115816
0.669922 0.11495
0.716797 0.114444
0.738281 0.113999
0.767578 0.113863
0.765625 0.113785
0.810547 0.113779
0.796875 0.114351
0.791016 0.115491
0.777344 0.117125
0.765625 0.1183
0.777344 0.120634
0.785156 0.122269
0.771484 0.12359
0.755859 0.12454
0.748047 0.124668
0.779297 0.12565
0.765625 0.125744
0.765625 0.126305
0.728516 0.12708
0.771484 0.127855
0.740234 0.129334
0.767578 0.131243
0.744141 0.133038
0.761719 0.134976
0.787109 0.136463
0.759766 0.138285
0.722656 0.138759
0.722656 0.137405
0.714844 0.135883
0.75 0.134223
0.761719 0.131885
0.738281 0.129888
0.736328 0.12814
0.720703 0.125781
0.746094 0.123504
0.751953 0.121827
0.773438 0.120932
0.761719 0.12033
0.679688 0.121428
0.669922 0.122512
0.707031 0.123435
0.699219 0.12376
0.701172 0.125688
0.728516 0.125703
0.732422 0.12495
0.732422 0.125024
0.740234 0.125817
0.730469 0.126242
0.753906 0.125848
0.759766 0.126484
0.773438 0.126769
0.765625 0.126359
0.785156 0.125821
0.84375 0.126337
0.806641 0.127748
0.824219 0.128721
0.832031 0.129384
0.851562 0.129842
0.835938 0.130717
0.810547 0.131165
0.804688 0.132069
0.771484 0.132398
0.75 0.130283
0.748047 0.130175
0.765625 0.12837
0.791016 0.128406
0.785156 0.129168
0.763672 0.129389
0.746094 0.12914
0.804688 0.127509
0.8125 0.126458
0.789062 0.126065
0.779297 0.125441
0.794922 0.125567
0.802734 0.124221
0.794922 0.123977
0.826172 0.123795
0.826172 0.125159
0.820312 0.127057
0.800781 0.129731
0.810547 0.131058
0.8125 0.131803
0.820312 0.133264
0.791016 0.133051
0.779297 0.133576
0.785156 0.134539
0.794922 0.135986
0.804688 0.137199
0.785156 0.139832
0.796875 0.14228
0.773438 0.144201
0.78125 0.145439
0.808594 0.147286
0.773438 0.14815
0.753906 0.147759
0.777344 0.147567
0.798828 0.147118
0.779297 0.146952
0.810547 0.146046
0.806641 0.145638
0.746094 0.144626
0.785156 0.143064
0.791016 0.14194
0.824219 0.141259
0.783203 0.140941
0.789062 0.140232
0.796875 0.140151
0.824219 0.13981
0.818359 0.139918
0.820312 0.138949
0.839844 0.136938
0.822266 0.136104
0.818359 0.134493
0.800781 0.135315
0.775391 0.136282
0.738281 0.137428
0.765625 0.140297
0.753906 0.142329
0.732422 0.144392
0.748047 0.145392
0.775391 0.145295
0.759766 0.144348
0.765625 0.142263
0.742188 0.138199
0.751953 0.135344
0.777344 0.133575
0.775391 0.132179
0.775391 0.130578
0.787109 0.127898
0.78125 0.125952
0.771484 0.124183
0.783203 0.122622
0.773438 0.121306
0.804688 0.120892
0.818359 0.122508
0.816406 0.124302
0.794922 0.125853
0.830078 0.127705
0.777344 0.129433
0.765625 0.130397
0.78125 0.131924
0.804688 0.134232
0.824219 0.136431
0.791016 0.137961
0.857422 0.140106
0.826172 0.142138
0.824219 0.143564
0.84375 0.144314
0.830078 0.145099
0.814453 0.14603
0.789062 0.147508
0.802734 0.148648
0.787109 0.151717
0.767578 0.154646
0.785156 0.158178
0.771484 0.161909
0.802734 0.165072
0.791016 0.168072
0.783203 0.170221
0.798828 0.170969
0.824219 0.170914
0.779297 0.171403
0.816406 0.172859
0.818359 0.175262
0.814453 0.17769
0.839844 0.180089
0.806641 0.181386
0.828125 0.181283
0.8125 0.182636
0.84375 0.183097
0.849609 0.184536
0.890625 0.18531
0.912109 0.186098
0.908203 0.187325
0.912109 0.188388
0.896484 0.190002
0.892578 0.190215
0.865234 0.191523
0.867188 0.192893
0.845703 0.19322
0.818359 0.193299
0.841797 0.193087
0.830078 0.192871
0.835938 0.193581
0.818359 0.194449
0.798828 0.194926
0.783203 0.19496
0.794922 0.193972
0.785156 0.192674
0.726562 0.191563
0.701172 0.190191
0.761719 0.189764
0.806641 0.189238
0.808594 0.188954
0.84375 0.189538
0.822266 0.189422
0.814453 0.188011
0.828125 0.186011
0.826172 0.182718
0.816406 0.17947
0.8125 0.176576
0.869141 0.173265
0.878906 0.171824
0.900391 0.170992
0.888672 0.170299
0.880859 0.170529
0.873047 0.171509
0.871094 0.173012
0.808594 0.173775
0.763672 0.175224
0.777344 0.176673
0.787109 0.177713
0.849609 0.177727
0.822266 0.179499
0.816406 0.181116
0.8125 0.181341
0.787109 0.182123
0.771484 0.182668
0.746094 0.183415
0.789062 0.184107
0.810547 0.184569
0.8125 0.185125
0.800781 0.185697
0.814453 0.187047
0.833984 0.188604
0.804688 0.189846
0.833984 0.190633
0.818359 0.190707
0.794922 0.190865
0.802734 0.192674
0.787109 0.194681
0.78125 0.195495
0.791016 0.196676
0.796875 0.197521
0.808594 0.19791
0.800781 0.197567
0.763672 0.19723
0.773438 0.195261
0.78125 0.193854
0.802734 0.193612
0.810547 0.192891
0.804688 0.192188
0.777344 0.19072
0.734375 0.189542
0.779297 0.188963
0.771484 0.187737
0.78125 0.184924
0.8125 0.182095
0.759766 0.181041
0.773438 0.180566
0.763672 0.178834
0.779297 0.17788
0.800781 0.176553
0.759766 0.17593
0.78125 0.17553
0.755859 0.177166
0.779297 0.178973
0.806641 0.178347
0.796875 0.178078
0.808594 0.17759
0.791016 0.177241
0.767578 0.177162
0.789062 0.177182
0.748047 0.175812
0.703125 0.174771
0.667969 0.173275
0.664062 0.172747
0.650391 0.172066
0.693359 0.172931
0.71875 0.173847
0.724609 0.174048
0.710938 0.173746
0.677734 0.174116
0.693359 0.173983
0.736328 0.172145
0.740234 0.169681
0.714844 0.167577
0.736328 0.166247
0.759766 0.165617
0.791016 0.165126
0.789062 0.1631
0.794922 0.161276
0.798828 0.159397
0.785156 0.157134
0.798828 0.153303
0.787109 0.149587
0.789062 0.144955
0.779297 0.14074
0.78125 0.138092
0.8125 0.137944
0.8125 0.135412
0.787109 0.132745
0.761719 0.130666
0.767578 0.129128
0.720703 0.128671
0.722656 0.127594
0.732422 0.126199
0.740234 0.124372
0.730469 0.122024
0.755859 0.119879
0.746094 0.117795
0.675781 0.115302
0.644531 0.113057
0.603516 0.109725
0.626953 0.107826
0.644531 0.106695
0.6875 0.106888
0.666016 0.107476
0.65625 0.107778
0.623047 0.107159
0.591797 0.107555
0.626953 0.107189
0.611328 0.106351
0.603516 0.104178
0.613281 0.101998
0.615234 0.0981306
0.623047 0.0940949
0.638672 0.0877894
0.621094 0.0822834
0.644531 0.076144
0.695312 0.0702052
0.759766 0.0651256
0.757812 0.0609593
0.755859 0.0590792
0.753906 0.0567058
0.767578 0.0553627
0.806641 0.0544979
0.792969 0.0543265
0.798828 0.0531697
0.839844 0.0513095
0.794922 0.0507291
0.75 0.0507567
0.744141 0.0506922
0.714844 0.0487864
0.691406 0.0459188
0.716797 0.0424829
0.71875 0.0389552
0.734375 0.0366662
0.738281 0.0333092
0.712891 0.0303344
0.71875 0.0268063
0.775391 0.0239333
0.742188 0.0205181
0.771484 0.0171761
0.785156 0.0151118
0.779297 0.0120945
0.769531 0.00856807
0.75 0.00507051
0.75 0.00360434
0.744141 0.00097859
0.767578 -0.000743632
0.738281 -0.000239605
0.773438 0.000726432
0.767578 0.00128196
0.771484 0.000540075
0.767578 0.000453926
0.736328 -0.000685421
0.744141 -0.000940194
0.767578 -0.00132571
0.796875 -0.00259818
0.783203 -0.00378824
0.765625 -0.00408667
0.730469 -0.00474196
0.705078 -0.00370558
0.726562 -0.00281757
0.740234 -0.0035095
0.755859 -0.00558149
0.748047 -0.00624322
0.78125 -0.00686388
0.746094 -0.00530092
0.763672 -0.00417653
0.769531 -0.00352779
0.728516 -0.00251089
0.683594 -0.00130847
0.734375 0.000784773
0.753906 0.000629216
0.761719 -6.58915e-05
0.738281 -0.000791921
0.785156 -0.00303696
0.769531 -0.00455824
0.740234 -0.00473697
0.730469 -0.00448487
0.708984 -0.00345992
0.738281 -0.00102805
0.761719 -0.000737117
0.736328 -0.000102415
0.736328 0.00107748
0.671875 0.00310658
0.716797 0.00425811
0.753906 0.00587402
0.771484 0.00508435
0.734375 0.00417226
0.695312 0.0035105
0.716797 0.00272596
0.728516 0.00141981
0.689453 -0.000520829
0.683594 -0.0017049
0.699219 -0.00224212
0.724609 -0.00215119
0.736328 -0.00220796
0.734375 -0.00195237
0.722656 -0.000810294
0.726562 0.000842212
0.681641 0.00241537
0.707031 0.00244098
0.720703 0.00106868
0.742188 0.000611122
0.751953 0.000259208
0.742188 0.00147455
0.753906 0.00144974
0.771484 0.000948881
0.761719 0.000619426
0.78125 -0.000598138
0.763672 -0.00227711
0.730469 -0.00427469
0.722656 -0.00536975
0.681641 -0.00712115
0.689453 -0.00814217
0.689453 -0.00770962
0.691406 -0.00560809
0.701172 -0.00355921
0.712891 -0.00114281
0.736328 0.000934348
0.695312 0.00277918
0.740234 0.00483424
0.761719 0.00822948
0.748047 0.01144
0.787109 0.0145897
0.755859 0.0175183
0.785156 0.0192809
0.810547 0.0209682
0.8125 0.0231338
0.783203 0.0245
0.78125 0.0260293
0.802734 0.0265321
0.8125 0.0282478
0.808594 0.0297939
0.765625 0.0327737
0.767578 0.036178
0.738281 0.0391729
0.734375 0.0429062
0.744141 0.0468959
0.787109 0.0506182
0.824219 0.0530133
0.814453 0.0551598
0.841797 0.05804
0.818359 0.060588
0.800781 0.0627314
0.796875 0.0631952
0.830078 0.062901
0.837891 0.0627396
0.847656 0.0614633
0.835938 0.0601365
0.818359 0.0598395
0.800781 0.0585311
0.835938 0.0576026
0.845703 0.0583064
0.849609 0.0583945
0.841797 0.0580977
0.820312 0.0570497
0.791016 0.0557543
0.791016 0.0553642
0.78125 0.0545999
0.798828 0.0554153
0.757812 0.0562434
0.714844 0.0560761
0.685547 0.056244
0.703125 0.0556861
0.705078 0.0564542
0.761719 0.0550057
0.740234 0.0533624
0.722656 0.0516631
0.748047 0.0507903
0.75 0.0499934
0.78125 0.049878
0.746094 0.0488454
0.736328 0.0468245
0.708984 0.046101
0.675781 0.0463312
0.666016 0.0465973
0.716797 0.0469155
0.761719 0.0448203
0.734375 0.0417455
0.71875 0.0391905
0.710938 0.0384233
0.683594 0.0386399
0.693359 0.0379305
0.648438 0.0366592
0.667969 0.0354467
0.681641 0.0331576
0.644531 0.029745
0.671875 0.028031
0.691406 0.0238091
0.742188 0.0196844
0.738281 0.0163547
0.716797 0.0137596
0.708984 0.0104664
0.726562 0.00673045
0.705078 0.00572194
0.707031 0.00504693
0.705078 0.00473216
0.689453 0.00508638
0.689453 0.00441129
0.673828 0.00335036
0.638672 0.00176392
0.685547 0.00141249
0.722656 8.51431e-05
0.734375 -0.0015273
0.771484 -0.002915
0.802734 -0.00523197
0.791016 -0.00483904
0.759766 -0.00345918
0.746094 -0.00291513
0.738281 -0.00352813
0.716797 -0.00461242
0.75 -0.00585053
0.746094 -0.00887853
0.751953 -0.0136508
0.785156 -0.0171964
0.75 -0.0199983
0.71875 -0.0213334
0.759766 -0.0216645
0.779297 -0.0234821
0.8125 -0.0232174
0.818359 -0.0245199
0.818359 -0.0252855
0.814453 -0.0270237
0.855469 -0.0284739
0.861328 -0.0300758
0.865234 -0.0312604
0.880859 -0.032744
0.886719 -0.0329723
0.894531 -0.0337527
0.865234 -0.0332541
0.863281 -0.0355053
0.871094 -0.0382336
0.837891 -0.0397675
0.855469 -0.0412734
0.824219 -0.0421089
0.863281 -0.0419222
0.824219 -0.0411559
0.810547 -0.0408636
0.796875 -0.0397927
0.802734 -0.0384407
0.822266 -0.037816
0.742188 -0.0359206
0.771484 -0.034307
0.746094 -0.033865
0.710938 -0.0344455
0.699219 -0.0351877
0.730469 -0.0351973
0.685547 -0.0354514
0.710938 -0.0362592
0.710938 -0.0382095
0.71875 -0.0393506
0.773438 -0.0385141
0.78125 -0.0379452
0.775391 -0.0370704
0.78125 -0.0356366
0.779297 -0.0353625
0.716797 -0.0342689
0.720703 -0.0342251
0.671875 -0.0339656
0.597656 -0.0346914
0.621094 -0.0345754
0.666016 -0.0335816
0.669922 -0.0330911
0.675781 -0.033448
0.712891 -0.0334852
0.734375 -0.0340116
0.689453 -0.0335283
0.722656 -0.0332364
0.679688 -0.033819
0.689453 -0.0350415
0.679688 -0.0377548
0.660156 -0.0403634
0.65625 -0.0428758
0.673828 -0.0450761
0.630859 -0.0475435
0.564453 -0.0486074
0.603516 -0.0486404
0.611328 -0.0478205
0.617188 -0.0473926
0.648438 -0.0473289
0.623047 -0.0469284
0.634766 -0.0454417
0.611328 -0.0453107
0.611328 -0.0468715
0.652344 -0.0497974
0.601562 -0.0546397
0.605469 -0.0586684
0.601562 -0.0628953
0.609375 -0.0652824
0.617188 -0.0673555
0.621094 -0.068428
0.609375 -0.0690867
0.59375 -0.0690697
0.623047 -0.0679934
0.648438 -0.0689873
0.6875 -0.0687099
0.669922 -0.0688644
0.675781 -0.0693913
0.691406 -0.0694526
0.675781 -0.0690207
0.681641 -0.0684398
0.699219 -0.0672049
0.697266 -0.0664432
0.701172 -0.0659245
0.714844 -0.0657125
0.697266 -0.0648158
0.734375 -0.0643578
0.732422 -0.0637703
0.720703 -0.0628781
0.720703 -0.0605019
0.71875 -0.05787
0.712891 -0.0546947
0.677734 -0.0510004
0.654297 -0.0480053
0.652344 -0.0460761
0.644531 -0.0442922
0.648438 -0.0430457
0.666016 -0.041935
0.671875 -0.0414689
0.683594 -0.0427886
0.644531 -0.0429609
0.632812 -0.0429948
0.654297 -0.0430768
0.6875 -0.0429439
0.654297 -0.0436637
0.619141 -0.045038
0.591797 -0.0469274
0.595703 -0.047022
0.648438 -0.0458503
0.681641 -0.0450896
0.736328 -0.0434001
0.712891 -0.0422542
0.712891 -0.0408899
0.689453 -0.0420287
0.632812 -0.0417941
0.664062 -0.0420986
0.625 -0.0416399
0.640625 -0.0414994
0.640625 -0.0397314
0.675781 -0.0373198
0.701172 -0.0338789
0.679688 -0.0296381
0.673828 -0.0250105
0.679688 -0.0203975
0.703125 -0.0168278
0.75 -0.012227
0.763672 -0.00687536
0.775391 -0.000269169
0.773438 0.00680554
0.794922 0.0115269
0.798828 0.0168382
0.828125 0.0222384
0.818359 0.0273105
0.802734 0.0316035
0.783203 0.0361767
0.738281 0.0414274
0.748047 0.0451106
0.724609 0.0485594
0.699219 0.0512796
0.685547 0.0533581
0.693359 0.0552501
0.699219 0.0568343
0.683594 0.0580324
0.691406 0.0592939
0.681641 0.0596193
0.730469 0.0598029
0.757812 0.0609803
0.744141 0.0630529
0.759766 0.0651997
0.746094 0.0657477
0.794922 0.0670519
0.8125 0.0687052
0.753906 0.0697561
0.775391 0.0715989
0.779297 0.0738509
0.759766 0.0773597
0.837891 0.0801067
0.791016 0.0810604
0.796875 0.0837007
0.757812 0.0858486
0.822266 0.0884998
0.810547 0.0915085
0.802734 0.0945505
0.8125 0.0979952
0.791016 0.098992
0.761719 0.100173
0.744141 0.101341
0.75 0.102726
0.78125 0.103528
0.810547 0.103655
0.765625 0.103388
0.769531 0.10429
0.785156 0.105993
0.763672 0.109585
0.792969 0.113065
0.785156 0.116854
0.753906 0.119804
0.775391 0.123143
0.804688 0.127439
0.824219 0.132677
0.806641 0.136718
0.808594 0.141237
0.787109 0.145636
0.703125 0.149121
0.671875 0.151964
0.65625 0.153892
0.644531 0.155649
0.667969 0.158979
0.666016 0.161095
0.679688 0.163128
0.6875 0.165079
0.673828 0.166893
0.699219 0.167086
0.701172 0.167479
0.716797 0.16797
0.748047 0.169189
0.767578 0.171507
0.787109 0.173777
0.814453 0.173764
0.761719 0.172966
0.802734 0.171436
0.816406 0.171216
0.818359 0.171373
0.804688 0.172536
0.777344 0.175339
0.810547 0.177538
0.814453 0.179782
0.820312 0.182359
0.800781 0.185239
0.806641 0.186174
0.814453 0.187013
0.851562 0.187581
0.882812 0.18841
0.845703 0.189476
0.851562 0.189486
0.851562 0.189935
0.867188 0.193103
0.828125 0.19628
0.822266 0.19816
0.787109 0.200086
0.773438 0.200184
0.761719 0.201116
0.728516 0.20136
0.712891 0.201655
0.736328 0.20269
0.740234 0.203526
0.777344 0.204853
0.800781 0.205767
0.794922 0.20696
0.775391 0.208237
0.789062 0.210853
0.769531 0.213588
0.84375 0.218056
0.820312 0.222735
0.818359 0.225322
0.765625 0.227337
0.767578 0.22976
0.761719 0.231829
0.753906 0.233877
0.759766 0.234877
0.740234 0.235467
0.705078 0.23377
0.699219 0.230855
0.75 0.228635
0.697266 0.228527
0.691406 0.229184
0.701172 0.230142
0.75 0.229934
0.705078 0.230438
0.710938 0.229885
0.666016 0.230419
0.644531 0.231912
0.648438 0.23204
0.701172 0.232412
0.666016 0.233333
0.681641 0.233021
0.666016 0.232847
0.673828 0.232482
0.611328 0.23135
0.568359 0.228493
0.542969 0.223856
0.548828 0.219087
0.523438 0.211197
0.552734 0.202633
0.560547 0.195594
0.607422 0.189084
0.630859 0.180937
0.630859 0.174745
0.630859 0.168522
0.621094 0.162483
0.626953 0.156804
0.603516 0.150221
0.660156 0.144375
0.701172 0.141801
0.685547 0.139104
0.691406 0.136831
0.699219 0.134364
0.691406 0.132561
0.667969 0.131181
0.644531 0.129663
0.65625 0.128008
0.638672 0.128071
0.679688 0.125778
0.703125 0.124797
0.740234 0.124084
0.699219 0.123596
0.646484 0.121371
0.648438 0.120418
0.685547 0.11977
0.695312 0.117696
0.679688 0.115563
0.701172 0.113288
0.695312 0.110879
0.761719 0.109442
0.759766 0.108028
0.759766 0.106053
0.775391 0.104855
0.769531 0.102913
0.771484 0.0997178
0.753906 0.0961994
0.794922 0.091312
0.822266 0.0867528
0.833984 0.0830263
0.859375 0.0777092
0.873047 0.0722845
0.882812 0.0674496
0.861328 0.0631843
0.869141 0.0587362
0.863281 0.0543844
0.841797 0.0502045
0.835938 0.0470335
0.832031 0.0442776
0.832031 0.0437999
0.804688 0.0437573
0.833984 0.0418262
0.777344 0.0388218
0.755859 0.0358745
0.730469 0.0318512
0.740234 0.0286498
0.744141 0.0249425
0.755859 0.0207327
0.730469 0.0159379
0.771484 0.0123735
0.792969 0.00951808
0.798828 0.00733454
0.84375 0.00549111
0.857422 0.00554476
0.810547 0.00486627
0.798828 0.00376342
0.785156 0.00265866
0.78125 0.000303527
0.783203 -0.000793803
0.75 -0.0010114
0.785156 -0.00311374
0.794922 -0.00679293
0.8125 -0.0104167
0.796875 -0.0157455
0.833984 -0.0212157
0.859375 -0.0254231
0.837891 -0.0289401
0.792969 -0.0339778
0.763672 -0.0382559
0.755859 -0.042618
0.798828 -0.0470047
0.785156 -0.0503819
0.78125 -0.0536179
0.785156 -0.0570051
0.771484 -0.0584975
0.800781 -0.059324
0.792969 -0.0611209
0.783203 -0.0629279
0.751953 -0.0642889
0.78125 -0.0669831
0.742188 -0.0695284
0.714844 -0.0713755
0.720703 -0.0734642
0.701172 -0.0771034
0.742188 -0.0830208
0.773438 -0.08855
0.789062 -0.0945706
0.769531 -0.100932
0.78125 -0.107698
0.730469 -0.115449
0.763672 -0.121427
0.777344 -0.126811
0.738281 -0.133952
0.740234 -0.139471
0.730469 -0.143048
0.726562 -0.146053
0.738281 -0.149238
0.673828 -0.152716
0.716797 -0.155553
0.744141 -0.159659
0.763672 -0.164868
0.761719 -0.167426
0.761719 -0.171659
0.767578 -0.174479
0.732422 -0.17838
0.701172 -0.182105
0.748047 -0.185131
0.759766 -0.188217
0.759766 -0.190199
0.783203 -0.1923
0.791016 -0.194655
0.820312 -0.197816
0.798828 -0.197168
0.783203 -0.197111
0.771484 -0.196847
0.765625 -0.195974
0.798828 -0.192982
0.820312 -0.191676
0.835938 -0.191021
0.824219 -0.190488
0.818359 -0.188865
0.839844 -0.188236
0.867188 -0.18858
0.851562 -0.189138
0.865234 -0.191631
0.867188 -0.194792
0.837891 -0.198267
0.820312 -0.200517
0.785156 -0.202556
0.777344 -0.203297
0.806641 -0.20315
0.796875 -0.202087
0.726562 -0.201544
0.712891 -0.20184
0.699219 -0.20155
0.712891 -0.199368
0.724609 -0.197488
0.738281 -0.19637
0.767578 -0.196923
0.75 -0.197642
0.763672 -0.196831
0.755859 -0.19586
0.740234 -0.19512
0.734375 -0.193958
0.826172 -0.193673
0.835938 -0.194434
0.84375 -0.193255
0.837891 -0.190989
0.867188 -0.190442
0.869141 -0.190258
0.863281 -0.189925
0.880859 -0.188204
0.869141 -0.187165
0.90625 -0.185674
0.888672 -0.183896
0.816406 -0.183634
0.818359 -0.183886
0.822266 -0.183544
0.833984 -0.184842
0.789062 -0.183874
0.800781 -0.182829
0.777344 -0.182819
0.794922 -0.182622
0.792969 -0.183003
0.785156 -0.184599
0.796875 -0.185928
0.763672 -0.188952
0.796875 -0.191433
0.800781 -0.191437
0.798828 -0.192929
0.757812 -0.194219
0.746094 -0.193993
0.769531 -0.191123
0.789062 -0.189204
0.748047 -0.187783
0.767578 -0.185628
0.722656 -0.183371
0.707031 -0.183444
0.697266 -0.183026
0.724609 -0.182419
0.693359 -0.182025
0.693359 -0.180736
0.714844 -0.180513
0.699219 -0.178885
0.748047 -0.176658
0.761719 -0.175302
0.761719 -0.174552
0.722656 -0.172224
0.773438 -0.170384
0.748047 -0.168291
0.755859 -0.166148
0.755859 -0.162659
0.722656 -0.158171
0.75 -0.155
0.777344 -0.151968
0.761719 -0.147082
0.785156 -0.143597
0.742188 -0.14141
0.730469 -0.139886
0.685547 -0.137805
0.675781 -0.135686
0.685547 -0.133224
0.671875 -0.133449
0.632812 -0.135079
0.617188 -0.136197
0.640625 -0.13782
0.646484 -0.139237
0.605469 -0.139966
0.630859 -0.139149
0.666016 -0.137806
0.710938 -0.136156
0.673828 -0.132756
0.662109 -0.129454
0.710938 -0.125476
0.689453 -0.122433
0.707031 -0.120355
0.691406 -0.117914
0.677734 -0.116745
0.703125 -0.113577
0.761719 -0.113132
0.728516 -0.111772
0.703125 -0.109861
0.722656 -0.10904
0.753906 -0.108032
0.726562 -0.105913
0.708984 -0.104717
0.699219 -0.10355
0.705078 -0.102537
0.705078 -0.102019
0.720703 -0.100444
0.724609 -0.0990322
0.757812 -0.0979915
0.695312 -0.0979092
0.705078 -0.0981907
0.712891 -0.0991492
0.748047 -0.0982609
0.730469 -0.098224
0.6875 -0.0972926
0.728516 -0.0949995
0.734375 -0.0937097
0.71875 -0.0913932
0.699219 -0.0887342
0.671875 -0.0870373
0.724609 -0.0847465
0.697266 -0.083444
0.640625 -0.0816077
0.640625 -0.0790006
0.652344 -0.0751884
0.65625 -0.0718964
0.613281 -0.066782
0.572266 -0.0628538
0.556641 -0.059829
0.574219 -0.0566827
0.53125 -0.055316
0.589844 -0.0540485
0.537109 -0.0513873
0.550781 -0.0487918
0.544922 -0.0452845
0.564453 -0.0416522
0.544922 -0.0385217
0.595703 -0.0351904
0.609375 -0.0334264
0.578125 -0.0293516
0.597656 -0.0248312
0.570312 -0.0217371
0.583984 -0.0178171
0.609375 -0.0150323
0.623047 -0.0111819
0.597656 -0.0067224
0.564453 -0.00295412
0.550781 0.00158367
0.546875 0.00452963
0.494141 0.00701858
0.529297 0.00842718
0.525391 0.0105817
0.548828 0.0120688
0.595703 0.013083
0.625 0.0132384
0.662109 0.0116696
0.671875 0.00936565
0.681641 0.00740611
0.681641 0.00487963
0.677734 0.00407926
0.697266 0.00195843
0.691406 0.000857838
0.738281 0.002247
0.724609 0.00454722
0.707031 0.00589715
0.662109 0.00627451
0.677734 0.00513396
0.613281 0.00455834
0.666016 0.00266065
0.654297 0.000676642
0.601562 -0.00176538
0.560547 -0.0044695
0.544922 -0.00684593
0.556641 -0.0117224
0.566406 -0.0158647
0.611328 -0.0198955
0.642578 -0.0232345
0.619141 -0.0269455
0.574219 -0.0299295
0.578125 -0.0329754
0.533203 -0.0355328
0.501953 -0.0351512
0.478516 -0.033584
0.552734 -0.0332149
0.548828 -0.0329415
0.574219 -0.0323697
0.5625 -0.0327889
0.558594 -0.0333995
0.601562 -0.0325986
0.607422 -0.0296892
0.607422 -0.0271604
0.578125 -0.0237155
0.578125 -0.021989
0.582031 -0.0209396
0.601562 -0.0220402
0.554688 -0.0231239
0.548828 -0.0243038
0.542969 -0.025375
0.554688 -0.0275591
0.507812 -0.0300243
0.507812 -0.033035
0.523438 -0.0338284
0.5 -0.0322505
0.496094 -0.0309654
0.525391 -0.0301408
0.580078 -0.0289651
0.589844 -0.0270227
0.611328 -0.0237255
0.621094 -0.020415
0.591797 -0.0172525
0.576172 -0.016058
0.541016 -0.016159
0.574219 -0.0173056
0.587891 -0.0173169
0.589844 -0.0183219
0.570312 -0.0179952
0.521484 -0.0165769
0.558594 -0.0168496
0.539062 -0.0175822
0.560547 -0.0168857
0.597656 -0.0164177
0.623047 -0.0153794
0.625 -0.0153622
0.589844 -0.0150943
0.623047 -0.0134097
0.623047 -0.0116424
0.640625 -0.010371
0.671875 -0.00864005
0.613281 -0.00778632
0.615234 -0.00612347
0.623047 -0.00333871
0.638672 -0.00326005
0.648438 -0.00370858
0.677734 -0.00450338
0.689453 -0.00698865
0.689453 -0.0079559
0.669922 -0.00795299
0.636719 -0.00734709
0.634766 -0.00580217
0.603516 -0.00449775
0.611328 -0.00318208
0.572266 -0.00131999
0.558594 0.000963124
0.587891 0.00410687
0.628906 0.00711744
0.626953 0.0111332
0.623047 0.0130436
0.628906 0.0144013
0.666016 0.0159615
0.677734 0.0161682
0.660156 0.0161021
0.634766 0.0150418
0.691406 0.0139347
0.673828 0.0111933
0.638672 0.00873448
0.654297 0.00677285
0.642578 0.00533943
0.679688 0.00475711
0.683594 0.00423486
0.664062 0.00423582
0.703125 0.00383719
0.716797 0.00469876
0.708984 0.00462114
0.761719 0.00595261
0.748047 0.00708832
0.746094 0.00794199
0.759766 0.00855351
0.740234 0.00751821
0.746094 0.0059903
0.75 0.00308647
0.707031 -0.00149247
0.759766 -0.00677904
0.720703 -0.0128623
0.693359 -0.0174163
0.726562 -0.0227564
0.734375 -0.0274797
0.726562 -0.0320866
0.726562 -0.0361661
0.724609 -0.0410525
0.708984 -0.0449595
0.716797 -0.0481083
0.701172 -0.0521997
0.724609 -0.054829
0.708984 -0.0560515
0.708984 -0.0567057
0.722656 -0.0577805
0.716797 -0.0566268
0.708984 -0.0571604
0.734375 -0.0566245
0.779297 -0.0571307
0.757812 -0.0571844
0.763672 -0.0574063
0.783203 -0.0590806
0.787109 -0.0593741
0.806641 -0.0599291
0.802734 -0.0585522
0.806641 -0.0585172
0.800781 -0.0596369
0.773438 -0.0621202
0.742188 -0.0653146
0.767578 -0.0668385
0.75 -0.0689326
0.769531 -0.0703626
0.753906 -0.0708906
0.710938 -0.0719146
0.658203 -0.0742001
0.658203 -0.0769103
0.689453 -0.0809431
0.685547 -0.0822578
0.685547 -0.0829802
0.675781 -0.0832775
0.726562 -0.0819179
0.765625 -0.0813997
0.794922 -0.0818031
0.820312 -0.081372
0.826172 -0.0806418
0.822266 -0.0814644
0.791016 -0.0826581
0.791016 -0.0827122
0.761719 -0.0823157
0.748047 -0.0837846
0.742188 -0.0844012
0.730469 -0.0833241
0.755859 -0.0816928
0.679688 -0.0799399
0.681641 -0.0779948
0.664062 -0.0779944
0.652344 -0.0781713
0.662109 -0.077655
0.646484 -0.0760152
0.662109 -0.0739249
0.638672 -0.073088
0.640625 -0.0728803
0.660156 -0.0750437
0.642578 -0.075963
0.638672 -0.0766979
0.626953 -0.0771144
0.623047 -0.0791492
0.650391 -0.0792601
0.617188 -0.0794883
0.552734 -0.0811529
0.587891 -0.0817244
0.59375 -0.0813608
0.585938 -0.0825065
0.597656 -0.0821291
0.654297 -0.0823679
0.650391 -0.0814081
0.666016 -0.0824148
0.666016 -0.0835057
0.621094 -0.0845164
0.632812 -0.0851251
0.603516 -0.0873067
0.599609 -0.0889757
0.644531 -0.0912041
0.644531 -0.0946405
0.638672 -0.0960155
0.626953 -0.0958877
0.621094 -0.0971855
0.619141 -0.0976044
0.605469 -0.0974862
0.642578 -0.0986622
0.654297 -0.100904
0.646484 -0.10236
0.628906 -0.104015
0.638672 -0.106133
0.652344 -0.108892
0.603516 -0.112482
0.634766 -0.117644
0.654297 -0.122905
0.650391 -0.126468
0.652344 -0.129734
0.677734 -0.133497
0.691406 -0.138575
0.705078 -0.144231
0.681641 -0.150609
0.689453 -0.154607
0.699219 -0.159633
0.689453 -0.164511
0.693359 -0.169837
0.65625 -0.174183
0.65625 -0.179041
0.699219 -0.180944
0.671875 -0.185003
0.667969 -0.192469
0.658203 -0.198715
0.630859 -0.204792
0.648438 -0.211308
0.652344 -0.21653
0.681641 -0.220572
0.619141 -0.223972
0.648438 -0.230042
0.652344 -0.234926
0.669922 -0.237657
0.681641 -0.241974
0.6875 -0.245374
0.693359 -0.248916
0.738281 -0.253208
0.751953 -0.257512
0.759766 -0.261775
0.773438 -0.266777
0.763672 -0.271114
0.779297 -0.274656
0.736328 -0.279717
0.748047 -0.282837
0.720703 -0.286309
0.736328 -0.28815
0.765625 -0.288675
0.744141 -0.290186
0.779297 -0.292457
0.767578 -0.296209
0.765625 -0.301271
0.783203 -0.306676
0.798828 -0.311411
0.767578 -0.314532
0.773438 -0.317853
0.8125 -0.320159
0.796875 -0.321286
0.802734 -0.323721
0.830078 -0.322415
0.816406 -0.320149
0.804688 -0.318799
0.777344 -0.318408
0.777344 -0.317615
0.734375 -0.316584
0.755859 -0.315535
0.779297 -0.313913
0.728516 -0.31134
0.71875 -0.310126
0.714844 -0.31083
0.722656 -0.309722
0.720703 -0.310163
0.740234 -0.310648
0.734375 -0.310336
0.75 -0.309118
0.769531 -0.308661
0.787109 -0.30947
0.798828 -0.310241
0.792969 -0.312268
0.808594 -0.313262
0.849609 -0.313805
0.855469 -0.316568
0.822266 -0.321017
0.84375 -0.324887
0.837891 -0.327365
0.857422 -0.329859
0.873047 -0.333639
0.857422 -0.336542
0.837891 -0.340456
0.835938 -0.345029
0.867188 -0.349231
0.841797 -0.353321
0.835938 -0.356206
0.787109 -0.358815
0.779297 -0.360021
0.746094 -0.361663
0.746094 -0.363211
0.742188 -0.363561
0.740234 -0.363498
0.755859 -0.364163
0.792969 -0.363955
0.796875 -0.36285
0.767578 -0.36368
0.761719 -0.364109
0.759766 -0.366352
0.751953 -0.368578
0.757812 -0.370252
0.732422 -0.372699
0.738281 -0.375066
0.765625 -0.378522
0.751953 -0.380962
0.777344 -0.382622
0.751953 -0.383089
0.761719 -0.383005
0.763672 -0.384702
0.791016 -0.387116
0.783203 -0.389427
0.800781 -0.390746
0.798828 -0.390318
0.771484 -0.389633
0.775391 -0.388695
0.816406 -0.389339
0.851562 -0.388223
0.787109 -0.387666
0.789062 -0.38818
0.789062 -0.389054
0.794922 -0.389649
0.8125 -0.389106
0.791016 -0.390854
0.818359 -0.396021
0.798828 -0.400108
0.804688 -0.40506
0.832031 -0.409702
0.830078 -0.411901
0.830078 -0.413408
0.824219 -0.413045
0.853516 -0.412951
0.818359 -0.411776
0.818359 -0.410802
0.820312 -0.409719
0.771484 -0.408976
0.826172 -0.407924
0.84375 -0.406993
0.837891 -0.406822
0.861328 -0.404896
0.835938 -0.402884
0.816406 -0.399399
0.820312 -0.394558
0.8125 -0.390271
0.855469 -0.386049
0.84375 -0.378829
0.847656 -0.374002
0.871094 -0.369909
0.853516 -0.365765
0.863281 -0.361476
0.845703 -0.357152
0.851562 -0.353192
0.837891 -0.348695
0.820312 -0.344212
0.841797 -0.340454
0.859375 -0.334907
0.853516 -0.32981
0.849609 -0.324705
0.847656 -0.319506
0.833984 -0.313057
0.830078 -0.308512
0.832031 -0.303888
0.859375 -0.29903
0.814453 -0.294897
0.8125 -0.291169
0.814453 -0.288169
0.800781 -0.283176
0.783203 -0.277784
0.794922 -0.272595
0.822266 -0.266893
0.835938 -0.260898
0.820312 -0.25587
0.816406 -0.249903
0.808594 -0.244336
0.771484 -0.238508
0.814453 -0.232748
0.792969 -0.226588
0.835938 -0.218613
0.814453 -0.212596
0.789062 -0.206244
0.773438 -0.200538
0.769531 -0.195266
0.763672 -0.190632
0.773438 -0.186361
0.771484 -0.181463
0.783203 -0.173778
0.783203 -0.167908
0.765625 -0.161222
0.804688 -0.156097
0.775391 -0.150264
0.769531 -0.145064
0.783203 -0.139052
0.791016 -0.134772
0.738281 -0.129489
0.695312 -0.121536
0.689453 -0.115301
0.673828 -0.108334
0.705078 -0.101516
0.716797 -0.0946113
0.744141 -0.0871242
0.755859 -0.0823389
0.744141 -0.0759963
0.751953 -0.069333
0.712891 -0.0647383
0.703125 -0.060292
0.683594 -0.0578325
0.626953 -0.0556188
0.660156 -0.053467
0.689453 -0.0517123
0.671875 -0.0504028
0.630859 -0.0466537
0.644531 -0.0435387
0.605469 -0.0400672
0.589844 -0.0347621
0.583984 -0.0300136
0.595703 -0.0249627
0.613281 -0.0212887
0.615234 -0.0194657
0.628906 -0.0179135
0.587891 -0.0166994
0.591797 -0.0157315
0.574219 -0.015179
0.541016 -0.014245
0.554688 -0.0108128
0.550781 -0.00836059
0.529297 -0.00551052
0.511719 -0.0034088
0.580078 -0.00403043
0.603516 -0.00409224
0.658203 -0.00352938
0.658203 -0.00173301
0.621094 0.00109476
0.576172 0.00487247
0.580078 0.00855001
0.552734 0.0134939
0.554688 0.0169617
0.541016 0.018034
0.560547 0.0177273
0.554688 0.0180767
0.558594 0.0174993
0.546875 0.0160362
0.560547 0.0127656
0.5625 0.0110652
0.574219 0.00920033
0.554688 0.00861883
0.542969 0.010673
0.513672 0.0152538
0.509766 0.0204276
0.544922 0.0256962
0.523438 0.0317556
0.546875 0.039502
0.548828 0.0473113
0.517578 0.0553587
0.457031 0.0635338
0.482422 0.0716533
0.496094 0.0773301
0.507812 0.0828928
0.490234 0.0875376
0.447266 0.0927616
0.443359 0.0977117
0.419922 0.102755
0.470703 0.109976
0.515625 0.114645
0.525391 0.119673
0.488281 0.125131
0.515625 0.131201
0.525391 0.136599
0.59375 0.141722
0.607422 0.147008
0.585938 0.151973
0.597656 0.159121
0.605469 0.165108
0.585938 0.173161
0.580078 0.179844
0.560547 0.186702
0.576172 0.193538
0.5625 0.20028
0.523438 0.206799
0.494141 0.211989
0.490234 0.219026
0.507812 0.22671
0.517578 0.23386
0.527344 0.241741
0.589844 0.249001
0.609375 0.256774
0.589844 0.263842
0.566406 0.272429
0.585938 0.281758
0.595703 0.289603
0.566406 0.29575
0.541016 0.303021
0.587891 0.309558
0.556641 0.315591
0.542969 0.319671
0.46875 0.324672
0.484375 0.329435
0.445312 0.334625
0.460938 0.340739
0.474609 0.346764
0.4375 0.354143
0.416016 0.358532
0.433594 0.362649
0.470703 0.366158
0.462891 0.367103
0.501953 0.368535
0.501953 0.37135
0.511719 0.374796
0.552734 0.377486
0.525391 0.382042
0.525391 0.386575
0.523438 0.390035
0.564453 0.393676
0.527344 0.397259
0.486328 0.399994
0.449219 0.401448
0.386719 0.401727
0.400391 0.399621
0.40625 0.397069
0.400391 0.396307
0.369141 0.395401
0.378906 0.393115
0.421875 0.393159
0.447266 0.391247
0.462891 0.389189
0.421875 0.388076
0.427734 0.38722
0.431641 0.385723
0.361328 0.384766
0.337891 0.382811
0.347656 0.381017
0.333984 0.378328
0.345703 0.37549
0.416016 0.372516
0.378906 0.368882
0.394531 0.365407
0.462891 0.360955
0.492188 0.357588
0.539062 0.354035
0.564453 0.350404
0.566406 0.34575
0.537109 0.339889
0.566406 0.334364
0.625 0.328586
0.609375 0.323873
0.599609 0.320018
0.642578 0.316672
0.654297 0.315918
0.636719 0.31535
0.632812 0.313982
0.642578 0.313743
0.619141 0.313818
0.595703 0.311854
0.572266 0.311783
0.583984 0.312128
0.615234 0.312066
0.601562 0.310294
0.617188 0.30849
0.626953 0.30611
0.669922 0.303682
0.6875 0.301191
0.685547 0.297477
0.667969 0.291711
0.662109 0.284796
0.638672 0.277939
0.597656 0.272683
0.605469 0.266594
0.634766 0.261386
0.578125 0.254796
0.558594 0.249655
0.574219 0.245192
0.550781 0.241776
0.583984 0.236864
0.525391 0.231629
0.507812 0.224878
0.529297 0.218083
0.53125 0.211443
0.478516 0.205462
0.498047 0.19869
0.435547 0.19151
0.441406 0.18563
0.486328 0.178519
0.539062 0.172597
0.539062 0.166877
0.574219 0.162189
0.609375 0.160423
0.644531 0.160215
0.681641 0.158874
0.732422 0.158569
0.740234 0.159395
0.730469 0.160446
0.730469 0.159857
0.730469 0.160397
0.693359 0.15953
0.710938 0.156102
0.751953 0.153493
0.75 0.152134
0.753906 0.150656
0.78125 0.14957
0.785156 0.150087
0.794922 0.151526
0.761719 0.15322
0.791016 0.153978
0.806641 0.156478
0.78125 0.158964
0.732422 0.160005
0.787109 0.159454
0.804688 0.159005
0.804688 0.158705
0.853516 0.155957
0.806641 0.153964
0.857422 0.150796
0.841797 0.148158
0.814453 0.145914
0.761719 0.142391
0.785156 0.137574
0.779297 0.132924
0.800781 0.130158
0.794922 0.126944
0.804688 0.124703
0.798828 0.122778
0.810547 0.121732
0.806641 0.118284
0.808594 0.114718
0.771484 0.111343
0.746094 0.107166
0.775391 0.101459
0.759766 0.0946155
0.763672 0.0872427
0.740234 0.0787148
0.695312 0.0715688
0.644531 0.0643819
0.675781 0.0572143
0.671875 0.0521812
0.662109 0.0468907
0.677734 0.0391148
0.675781 0.0300408
0.677734 0.0209307
0.658203 0.0132929
0.625 0.00308843
0.679688 -0.00600424
0.744141 -0.0160064
0.742188 -0.0266684
0.714844 -0.0353421
0.730469 -0.0417139
0.763672 -0.0477878
0.757812 -0.055625
0.802734 -0.0615257
0.824219 -0.0705015
0.851562 -0.0785717
0.806641 -0.0856758
0.796875 -0.0919814
0.806641 -0.0964898
0.824219 -0.100319
0.832031 -0.105052
0.824219 -0.108997
0.822266 -0.115509
0.824219 -0.118434
0.835938 -0.122677
0.835938 -0.126091
0.859375 -0.130127
0.873047 -0.134509
0.855469 -0.135815
0.863281 -0.137277
0.832031 -0.138289
0.8125 -0.138543
0.818359 -0.138625
0.802734 -0.140904
0.802734 -0.142772
0.804688 -0.142275
0.796875 -0.143446
0.777344 -0.147109
0.802734 -0.149099
0.787109 -0.152033
0.728516 -0.155077
0.730469 -0.158679
0.753906 -0.16009
0.716797 -0.162427
0.710938 -0.166288
0.695312 -0.167731
0.662109 -0.167471
0.691406 -0.167803
0.722656 -0.167545
0.748047 -0.168875
0.728516 -0.168212
0.693359 -0.169771
0.636719 -0.168519
0.646484 -0.169721
0.601562 -0.170594
0.642578 -0.170849
0.673828 -0.170317
0.671875 -0.170857
0.697266 -0.170292
0.697266 -0.170743
0.714844 -0.172714
0.748047 -0.176457
0.746094 -0.178622
0.710938 -0.180166
0.705078 -0.180475
0.744141 -0.178459
0.800781 -0.175965
0.804688 -0.173704
0.767578 -0.172794
0.789062 -0.172536
0.746094 -0.172929
0.732422 -0.174839
0.751953 -0.176925
0.796875 -0.181136
0.746094 -0.185245
0.734375 -0.187432
0.708984 -0.191016
0.722656 -0.194431
0.693359 -0.197014
0.703125 -0.201341
0.734375 -0.204271
0.734375 -0.207642
0.712891 -0.21124
0.767578 -0.213855
0.740234 -0.217799
0.753906 -0.221244
0.765625 -0.226053
0.783203 -0.233069
0.828125 -0.238714
0.839844 -0.24208
0.824219 -0.244408
0.792969 -0.244207
0.830078 -0.245756
0.804688 -0.247011
0.8125 -0.247864
0.830078 -0.248271
0.835938 -0.249973
0.835938 -0.249435
0.808594 -0.253573
0.765625 -0.258304
0.810547 -0.264246
0.830078 -0.269282
0.806641 -0.273699
0.787109 -0.279111
0.806641 -0.28297
0.796875 -0.284422
0.783203 -0.285965
0.798828 -0.288802
0.810547 -0.289638
0.765625 -0.293563
0.775391 -0.297707
0.798828 -0.300481
0.810547 -0.303754
0.828125 -0.309569
0.853516 -0.314418
0.847656 -0.318096
0.845703 -0.321887
0.84375 -0.327117
0.808594 -0.332537
0.806641 -0.336702
0.808594 -0.341468
0.8125 -0.345349
0.830078 -0.346196
0.816406 -0.346935
0.8125 -0.349565
0.851562 -0.352517
0.810547 -0.352408
0.837891 -0.352798
0.851562 -0.354526
0.820312 -0.356305
0.798828 -0.357479
0.771484 -0.358205
0.798828 -0.359107
0.755859 -0.360026
0.777344 -0.360919
0.791016 -0.362091
0.794922 -0.363125
0.792969 -0.363794
0.755859 -0.363364
0.759766 -0.363526
0.78125 -0.362538
0.783203 -0.361234
0.767578 -0.358776
0.777344 -0.356244
0.818359 -0.35395
0.796875 -0.348856
0.8125 -0.345622
0.818359 -0.341281
0.798828 -0.337267
0.800781 -0.333451
0.814453 -0.32876
0.867188 -0.325804
0.871094 -0.320151
0.882812 -0.316131
0.890625 -0.312526
0.857422 -0.310879
0.839844 -0.308244
0.833984 -0.306461
0.828125 -0.305566
0.816406 -0.30391
0.802734 -0.301006
0.794922 -0.298372
0.787109 -0.296082
0.787109 -0.29334
0.787109 -0.290932
0.755859 -0.289588
0.761719 -0.288443
0.740234 -0.286602
0.759766 -0.283715
0.744141 -0.280607
0.726562 -0.274449
0.699219 -0.268743
0.650391 -0.264072
0.617188 -0.258401
0.654297 -0.2555
0.660156 -0.251792
0.667969 -0.247734
0.667969 -0.243404
0.679688 -0.238265
0.707031 -0.232925
0.720703 -0.229543
0.734375 -0.22483
0.722656 -0.221404
0.746094 -0.218422
0.710938 -0.21574
0.691406 -0.212969
0.683594 -0.210453
0.652344 -0.208105
0.625 -0.203861
0.664062 -0.198202
0.642578 -0.195538
0.683594 -0.193586
0.689453 -0.193856
0.65625 -0.192671
0.708984 -0.192738
0.705078 -0.188934
0.712891 -0.185117
0.693359 -0.182387
0.716797 -0.180432
0.742188 -0.17977
0.765625 -0.179529
0.773438 -0.181629
0.763672 -0.183555
0.753906 -0.182651
0.769531 -0.182049
0.771484 -0.182276
0.763672 -0.181025
0.789062 -0.179222
0.769531 -0.17719
0.767578 -0.174031
0.736328 -0.169971
0.761719 -0.169437
0.757812 -0.168525
0.753906 -0.168553
0.732422 -0.167651
0.724609 -0.166357
0.703125 -0.164419
0.691406 -0.163153
0.708984 -0.162534
0.693359 -0.164624
0.734375 -0.163925
0.71875 -0.161926
0.720703 -0.162792
0.707031 -0.160932
0.724609 -0.161728
0.746094 -0.164203
0.720703 -0.166089
0.669922 -0.170744
0.660156 -0.175844
0.654297 -0.18069
0.642578 -0.182369
0.677734 -0.183842
0.705078 -0.183917
0.654297 -0.183925
0.679688 -0.185423
0.6875 -0.187469
0.660156 -0.187965
0.669922 -0.18874
0.660156 -0.189505
0.669922 -0.192113
0.634766 -0.19371
0.615234 -0.194027
0.630859 -0.192079
0.572266 -0.188183
0.605469 -0.184583
0.654297 -0.179656
0.712891 -0.173944
0.724609 -0.168692
0.748047 -0.162141
0.714844 -0.154795
0.728516 -0.146744
0.738281 -0.140568
0.722656 -0.131553
0.710938 -0.12341
0.642578 -0.114879
0.666016 -0.109234
0.662109 -0.103832
0.644531 -0.0965743
0.630859 -0.0880448
0.667969 -0.0816678
0.728516 -0.0778102
0.736328 -0.0760019
0.726562 -0.0718556
0.732422 -0.0675168
0.679688 -0.0634631
0.654297 -0.0573062
0.669922 -0.0522124
0.695312 -0.0467146
0.683594 -0.0402754
0.671875 -0.0343348
0.646484 -0.028746
0.664062 -0.0232676
0.658203 -0.020466
0.669922 -0.0172636
0.666016 -0.016535
0.679688 -0.0162608
0.699219 -0.0164137
0.636719 -0.0165089
0.638672 -0.0195926
0.644531 -0.0202578
0.632812 -0.0174276
0.666016 -0.0152234
0.664062 -0.0101758
0.679688 -0.00389184
0.6875 0.000190472
0.660156 0.00254437
0.660156 0.0041908
0.558594 0.00591576
0.498047 0.00584038
0.472656 0.00588182
0.478516 0.0058129
0.486328 0.00780528
0.505859 0.00934484
0.46875 0.0105472
0.498047 0.0107692
0.482422 0.0102104
0.542969 0.00826177
0.582031 0.00600084
0.544922 0.00125073
0.529297 -0.00176551
0.558594 -0.00384899
0.613281 -0.00612695
0.650391 -0.00747121
0.667969 -0.0100195
0.679688 -0.0106296
0.679688 -0.0126987
0.640625 -0.0158335
0.650391 -0.0166522
0.65625 -0.016741
0.699219 -0.0147569
0.65625 -0.0110175
0.638672 -0.00726757
0.660156 -0.00314902
0.669922 -0.00149817
0.642578 0.00227707
0.654297 0.00422814
0.591797 0.0078467
0.583984 0.0109003
0.642578 0.016667
0.673828 0.0248187
0.736328 0.0324901
0.740234 0.0370505
0.763672 0.0424373
0.755859 0.0465912
0.767578 0.0547592
0.751953 0.0613253
0.798828 0.0657655
0.78125 0.0685537
0.808594 0.069963
0.810547 0.0717814
0.818359 0.0736374
0.787109 0.07216
0.810547 0.0703678
0.78125 0.0675075
0.732422 0.0648766
0.728516 0.0602848
0.771484 0.056997
0.789062 0.0546727
0.783203 0.0541711
0.787109 0.0514888
0.775391 0.0476392
0.798828 0.0454776
0.855469 0.0421405
0.896484 0.0412102
0.861328 0.0429539
0.84375 0.0463432
0.839844 0.0502703
0.826172 0.0542411
0.824219 0.0579434
0.837891 0.0636593
0.804688 0.0708493
0.798828 0.0793358
0.806641 0.0863914
0.771484 0.0939089
0.792969 0.100239
0.783203 0.105492
0.767578 0.112644
0.791016 0.12332
0.794922 0.134542
0.785156 0.143394
0.777344 0.152617
0.771484 0.16149
0.787109 0.170271
0.796875 0.17881
0.767578 0.185548
0.763672 0.190667
0.789062 0.196775
0.808594 0.202066
0.824219 0.209792
0.791016 0.216722
0.800781 0.219151
0.792969 0.222621
0.796875 0.225035
0.810547 0.22704
0.863281 0.226667
0.876953 0.226491
0.84375 0.227954
0.849609 0.228755
0.792969 0.231331
0.820312 0.233571
0.794922 0.234511
0.789062 0.237249
0.789062 0.238424
0.710938 0.24051
0.681641 0.241137
0.640625 0.241859
0.644531 0.242799
0.660156 0.241293
0.623047 0.240707
0.585938 0.24078
0.583984 0.238744
0.548828 0.235656
0.578125 0.235464
0.539062 0.235357
0.587891 0.236403
0.564453 0.239643
0.554688 0.242018
0.572266 0.240055
0.582031 0.241062
0.589844 0.239883
0.521484 0.238415
0.576172 0.235615
0.601562 0.233624
0.59375 0.23173
0.609375 0.22642
0.595703 0.222776
0.644531 0.220465
0.654297 0.216668
0.666016 0.212671
0.703125 0.208487
0.634766 0.203437
0.611328 0.198742
0.628906 0.196063
0.652344 0.191719
0.652344 0.188456
0.660156 0.183841
0.673828 0.180761
0.677734 0.1786
0.65625 0.174927
0.669922 0.170255
0.673828 0.163793
0.6875 0.155871
0.6875 0.152917
0.724609 0.149074
0.730469 0.144713
0.742188 0.141812
0.728516 0.140602
0.726562 0.138442
0.710938 0.134557
0.714844 0.129888
0.722656 0.126229
0.699219 0.120395
0.701172 0.112506
0.720703 0.108054
0.720703 0.103087
0.712891 0.0987787
0.728516 0.0940259
0.724609 0.08845
0.763672 0.083823
0.755859 0.0814224
0.777344 0.0767249
0.777344 0.0708642
0.765625 0.0651921
0.763672 0.0595594
0.802734 0.0545117
0.787109 0.0486271
0.824219 0.043923
0.806641 0.0398966
0.779297 0.033923
0.832031 0.0312551
0.833984 0.0274795
0.804688 0.0257477
0.855469 0.0236899
0.830078 0.0245812
0.869141 0.0268642
0.839844 0.0307186
0.845703 0.031758
0.853516 0.0334515
0.830078 0.0340563
0.804688 0.0337228
0.810547 0.0325819
0.818359 0.0301548
0.777344 0.0285728
0.792969 0.0260407
0.796875 0.0224294
0.800781 0.0214848
0.798828 0.0213436
0.806641 0.0192647
0.777344 0.0175058
0.763672 0.0151248
0.771484 0.0122218
0.789062 0.00903769
0.792969 0.00898146
0.802734 0.00965061
0.820312 0.00937388
0.8125 0.00849365
0.802734 0.00908253
0.802734 0.00898805
0.824219 0.00845449
0.818359 0.00745542
0.806641 0.00492478
0.796875 0.00279925
0.820312 0.000835043
0.818359 0.00259557
0.792969 0.00250744
0.777344 0.00386679
0.802734 0.00239664
0.773438 0.00301772
0.794922 0.00459015
0.78125 0.00459895
0.757812 0.00525668
0.738281 -6.40097e-05
0.712891 -0.00410285
0.732422 -0.00817666
0.767578 -0.0140307
0.773438 -0.0206284
0.816406 -0.0261698
0.804688 -0.0307764
0.820312 -0.0338878
0.792969 -0.0358859
0.800781 -0.0355744
0.783203 -0.0362056
0.8125 -0.0383577
0.751953 -0.0391985
0.720703 -0.0403321
0.732422 -0.0460982
0.734375 -0.0533859
0.714844 -0.0600615
0.714844 -0.0687899
0.751953 -0.0756906
0.755859 -0.0806539
0.765625 -0.0865837
0.771484 -0.093254
0.771484 -0.0972317
0.796875 -0.100134
0.824219 -0.0988814
0.804688 -0.0997751
0.769531 -0.0996043
0.740234 -0.103757
0.742188 -0.10996
0.775391 -0.114378
0.771484 -0.11949
0.804688 -0.123701
0.798828 -0.127049
0.777344 -0.13144
0.804688 -0.135174
0.792969 -0.137945
0.767578 -0.13907
0.792969 -0.140199
0.771484 -0.138938
0.78125 -0.141082
0.775391 -0.1433
0.78125 -0.148136
0.822266 -0.152973
0.814453 -0.155534
0.841797 -0.15634
0.808594 -0.156044
0.833984 -0.151535
0.875 -0.148432
0.849609 -0.145413
0.857422 -0.140884
0.867188 -0.139349
0.841797 -0.136031
0.857422 -0.134576
0.814453 -0.133983
0.833984 -0.133576
0.804688 -0.133509
0.833984 -0.131786
0.828125 -0.128936
0.775391 -0.128433
0.810547 -0.132055
0.78125 -0.136783
0.785156 -0.138628
0.777344 -0.141686
0.814453 -0.14474
0.841797 -0.145223
0.8125 -0.145783
0.789062 -0.146304
0.820312 -0.146366
0.822266 -0.146614
0.800781 -0.147651
0.787109 -0.151297
0.779297 -0.155374
0.769531 -0.158343
0.707031 -0.162815
0.714844 -0.17008
0.732422 -0.175192
0.6875 -0.180724
0.671875 -0.186499
0.671875 -0.193301
0.744141 -0.196906
0.742188 -0.201
0.722656 -0.202424
0.759766 -0.204627
0.757812 -0.20058
0.757812 -0.197697
0.767578 -0.195999
0.769531 -0.192817
0.734375 -0.19173
0.707031 -0.193424
0.722656 -0.193408
0.695312 -0.192534
0.699219 -0.192765
0.681641 -0.19209
0.732422 -0.188665
0.751953 -0.186582
0.697266 -0.182772
0.705078 -0.177973
0.710938 -0.173977
0.738281 -0.170159
0.748047 -0.16499
0.748047 -0.155977
0.746094 -0.149337
0.75 -0.144482
0.775391 -0.14126
0.796875 -0.136947
0.78125 -0.134092
0.785156 -0.131482
0.814453 -0.130572
0.810547 -0.13073
0.808594 -0.131849
0.791016 -0.134251
0.787109 -0.131776
0.783203 -0.12998
0.734375 -0.126811
0.708984 -0.124836
0.734375 -0.123149
0.78125 -0.121152
0.814453 -0.119425
0.832031 -0.11729
0.814453 -0.115662
0.800781 -0.113842
0.791016 -0.11186
0.804688 -0.109383
0.802734 -0.103616
0.810547 -0.0931391
0.818359 -0.0851096
0.767578 -0.0786066
0.755859 -0.0719874
0.757812 -0.0651117
0.757812 -0.0563287
0.761719 -0.0511654
0.742188 -0.044467
0.773438 -0.0373266
0.722656 -0.0276452
0.751953 -0.020209
0.71875 -0.014047
0.763672 -0.0129742
0.789062 -0.0123479
0.794922 -0.0104998
0.78125 -0.0101837
0.744141 -0.0122439
0.707031 -0.0120563
0.726562 -0.014299
0.742188 -0.0125475
0.755859 -0.0126201
0.71875 -0.0117952
0.683594 -0.0149155
0.705078 -0.0190227
0.726562 -0.0239997
0.677734 -0.0253389
0.689453 -0.0276531
0.714844 -0.029507
0.773438 -0.0292673
0.775391 -0.0291112
0.792969 -0.0288888
0.789062 -0.0289522
0.773438 -0.0288172
0.775391 -0.0269438
0.759766 -0.0233122
0.757812 -0.0183782
0.767578 -0.0146296
0.763672 -0.00660473
0.763672 0.000491338
0.714844 0.00606744
0.740234 0.0101372
0.759766 0.0138885
0.744141 0.0190926
0.746094 0.022619
0.75 0.0235638
0.777344 0.024882
0.761719 0.0266157
0.824219 0.0287413
0.800781 0.0321671
0.771484 0.0342694
0.757812 0.0357698
0.757812 0.0374454
0.751953 0.0409701
0.746094 0.0452153
0.691406 0.0498525
0.693359 0.0543344
0.693359 0.0574374
0.693359 0.0622626
0.736328 0.0638383
0.728516 0.0664612
0.755859 0.0694977
0.716797 0.0713477
0.671875 0.0732638
0.693359 0.0785127
0.679688 0.0841547
0.697266 0.0893781
0.679688 0.0957136
0.671875 0.104244
0.683594 0.109843
0.681641 0.114743
0.6875 0.121427
0.6875 0.127808
0.669922 0.135164
0.683594 0.141799
0.662109 0.148423
0.712891 0.154385
0.728516 0.164229
0.720703 0.169203
0.779297 0.172347
0.794922 0.174151
0.755859 0.180455
0.761719 0.184027
0.724609 0.188427
0.671875 0.190862
0.673828 0.192088
0.669922 0.193431
0.673828 0.195363
0.681641 0.197203
0.6875 0.198592
0.707031 0.198691
0.660156 0.197791
0.636719 0.196507
0.613281 0.192455
0.642578 0.181948
0.621094 0.169853
0.617188 0.158928
0.578125 0.148499
0.601562 0.140703
0.583984 0.136757
0.564453 0.135406
0.546875 0.134616
0.494141 0.133044
0.445312 0.13295
0.466797 0.131748
0.472656 0.129514
0.474609 0.128571
0.527344 0.126032
0.523438 0.124035
0.53125 0.123224
0.533203 0.123547
0.523438 0.122459
0.496094 0.123547
0.509766 0.125344
0.564453 0.125427
0.617188 0.126942
0.619141 0.130479
0.671875 0.133021
0.697266 0.136545
0.677734 0.138749
0.660156 0.142512
0.652344 0.138535
0.625 0.131302
0.677734 0.123693
0.714844 0.116874
0.732422 0.112711
0.761719 0.110203
0.740234 0.105527
0.753906 0.0998985
0.71875 0.0971675
0.714844 0.0963797
0.693359 0.0948223
0.626953 0.0940743
0.572266 0.0917488
0.585938 0.0870077
0.601562 0.0838488
0.644531 0.0818013
0.662109 0.0775132
0.638672 0.0774611
0.664062 0.0759995
0.683594 0.0751253
0.660156 0.0758538
0.697266 0.0761129
0.695312 0.0765779
0.679688 0.0757304
0.679688 0.0787389
0.707031 0.0822902
0.667969 0.0884344
0.662109 0.0922588
0.652344 0.0945681
0.642578 0.0954329
0.607422 0.0943395
0.648438 0.092948
0.644531 0.094831
0.644531 0.0936498
0.675781 0.09462
0.681641 0.0914433
0.685547 0.0916829
0.658203 0.0924105
0.660156 0.0928635
0.6875 0.0914898
0.689453 0.0892253
0.730469 0.0859875
0.742188 0.0830397
0.722656 0.0781556
0.699219 0.0764226
0.720703 0.0748581
0.726562 0.0753115
0.720703 0.0750889
0.708984 0.0766519
0.705078 0.0784936
0.736328 0.0774379
0.789062 0.074893
0.742188 0.0769724
0.763672 0.0759931
0.753906 0.0801754
0.757812 0.0836768
0.746094 0.0892487
0.730469 0.0924964
0.722656 0.0979264
0.695312 0.105423
0.667969 0.111296
0.65625 0.113105
0.6875 0.113971
0.625 0.117328
0.652344 0.120063
0.662109 0.125153
0.650391 0.130237
0.689453 0.131802
0.708984 0.134208
0.716797 0.138653
0.742188 0.141586
0.710938 0.142303
0.708984 0.142584
0.710938 0.139676
0.664062 0.139829
0.691406 0.138595
0.722656 0.139238
0.720703 0.136399
0.705078 0.132919
0.671875 0.133475
0.693359 0.130943
0.666016 0.124691
0.630859 0.119813
0.666016 0.115437
0.693359 0.109813
0.697266 0.106803
0.669922 0.107626
0.636719 0.10278
0.636719 0.09987
0.671875 0.098249
0.658203 0.0961163
0.699219 0.0930477
0.679688 0.0876213
0.714844 0.0832228
0.710938 0.0785485
0.705078 0.0747649
0.722656 0.0747501
0.751953 0.0750065
0.742188 0.0735121
0.712891 0.0728969
0.748047 0.072642
0.746094 0.0737384
0.763672 0.0752123
0.736328 0.0786913
0.773438 0.0783528
0.810547 0.0807043
0.777344 0.0834051
0.826172 0.0846775
0.802734 0.0885356
0.796875 0.089755
0.753906 0.0882096
0.759766 0.0872264
0.775391 0.0836479
0.787109 0.0852215
0.800781 0.0843151
0.824219 0.0847817
0.857422 0.0833133
0.849609 0.083789
0.835938 0.086147
0.816406 0.0854674
0.791016 0.0836108
0.767578 0.0840529
0.759766 0.0817481
0.732422 0.0782783
0.779297 0.075371
0.792969 0.0718154
0.832031 0.0658299
0.824219 0.061532
0.802734 0.056167
0.789062 0.0510244
0.765625 0.0473476
0.792969 0.0446745
0.785156 0.0427468
0.738281 0.0413449
0.769531 0.039285
0.742188 0.0419351
0.757812 0.0438679
0.779297 0.0449961
0.826172 0.0473198
0.804688 0.046367
0.800781 0.0464398
0.773438 0.0476761
0.779297 0.0455247
0.814453 0.0439772
0.832031 0.0442009
0.816406 0.0466307
0.847656 0.0502779
0.837891 0.0535013
0.832031 0.0578892
0.785156 0.0616309
0.779297 0.0647382
0.818359 0.066899
0.808594 0.0699063
0.806641 0.0709596
0.791016 0.0736755
0.785156 0.0758856
0.800781 0.077316
0.822266 0.0786914
0.794922 0.078377
0.804688 0.0771157
0.84375 0.0752868
0.833984 0.0754404
0.822266 0.0753969
0.828125 0.0764324
0.863281 0.0772508
0.867188 0.0760465
0.826172 0.0730639
0.802734 0.0705336
0.820312 0.0709956
0.783203 0.0712905
0.767578 0.0742045
0.798828 0.0738659
0.785156 0.0730394
0.806641 0.0724927
0.832031 0.0733696
0.792969 0.0735643
0.785156 0.0714295
0.761719 0.069043
0.773438 0.0613143
0.794922 0.0549768
0.761719 0.050515
0.738281 0.0459349
0.726562 0.0388495
0.728516 0.0357121
0.728516 0.0351328
0.757812 0.0355198
0.724609 0.0357183
0.740234 0.0352818
0.736328 0.0305613
0.773438 0.0263242
0.791016 0.0172235
0.767578 0.0080163
0.767578 -0.00360589
0.8125 -0.0189093
0.802734 -0.0294714
0.808594 -0.0378848
0.792969 -0.0479774
0.732422 -0.0563742
0.734375 -0.0625299
0.736328 -0.0688722
0.738281 -0.0742802
0.738281 -0.0780449
0.728516 -0.0822857
0.736328 -0.0894887
0.755859 -0.0946028
0.787109 -0.0975167
0.802734 -0.105517
0.746094 -0.113141
0.777344 -0.12148
0.78125 -0.124809
0.767578 -0.129512
0.78125 -0.130336
0.800781 -0.127067
0.794922 -0.125914
0.736328 -0.124772
0.75 -0.123974
0.755859 -0.122561
0.761719 -0.1195
0.771484 -0.116977
0.783203 -0.118612
0.783203 -0.121547
0.767578 -0.124298
0.783203 -0.125251
0.816406 -0.129548
0.824219 -0.132474
0.818359 -0.132559
0.818359 -0.133909
0.833984 -0.136186
0.839844 -0.137453
0.822266 -0.139329
0.853516 -0.14263
0.863281 -0.145395
0.888672 -0.149864
0.888672 -0.153035
0.876953 -0.15779
0.861328 -0.159624
0.880859 -0.164741
0.875 -0.166555
0.853516 -0.163999
0.824219 -0.162964
0.851562 -0.165039
0.833984 -0.16728
0.855469 -0.166689
0.835938 -0.16826
0.828125 -0.162732
0.841797 -0.158006
0.832031 -0.149904
0.806641 -0.144433
0.794922 -0.139429
0.796875 -0.142261
0.783203 -0.142807
0.769531 -0.145419
0.761719 -0.148853
0.755859 -0.153292
0.755859 -0.15537
0.765625 -0.152576
0.75 -0.14994
0.783203 -0.148885
0.800781 -0.146658
0.802734 -0.142118
0.822266 -0.136017
0.837891 -0.128834
0.84375 -0.126098
0.849609 -0.123729
0.800781 -0.127532
0.833984 -0.132983
0.861328 -0.138046
0.865234 -0.145552
0.835938 -0.151626
0.835938 -0.161126
0.855469 -0.170123
0.855469 -0.173594
0.845703 -0.16979
0.851562 -0.165381
0.84375 -0.157373
0.865234 -0.151135
0.820312 -0.145402
0.804688 -0.147736
0.746094 -0.151602
0.724609 -0.155062
0.71875 -0.159123
0.707031 -0.161675
0.714844 -0.16773
0.746094 -0.168541
0.728516 -0.171179
0.734375 -0.17242
0.748047 -0.176622
0.759766 -0.177384
0.767578 -0.176685
0.769531 -0.176275
0.78125 -0.179738
0.771484 -0.178938
0.755859 -0.179388
0.757812 -0.177519
0.744141 -0.176162
0.699219 -0.180594
0.714844 -0.185314
0.753906 -0.193778
0.740234 -0.200021
0.751953 -0.207607
0.783203 -0.215987
0.742188 -0.224208
0.78125 -0.233652
0.783203 -0.241852
0.794922 -0.250875
0.765625 -0.25953
0.763672 -0.266026
0.757812 -0.272192
0.753906 -0.278758
0.771484 -0.278922
0.820312 -0.284613
0.826172 -0.286856
0.804688 -0.285478
0.8125 -0.283292
0.830078 -0.283374
0.824219 -0.281832
0.835938 -0.276995
0.847656 -0.272851
0.816406 -0.26974
0.777344 -0.268248
0.787109 -0.267047
0.75 -0.269312
0.767578 -0.266576
0.785156 -0.265152
0.794922 -0.257926
0.845703 -0.249231
0.845703 -0.235283
0.830078 -0.22838
0.820312 -0.22475
0.828125 -0.225849
0.849609 -0.223924
0.875 -0.22503
0.869141 -0.22126
0.857422 -0.222957
0.845703 -0.226937
0.833984 -0.225717
0.820312 -0.224653
0.824219 -0.229505
0.814453 -0.234666
0.808594 -0.236858
0.808594 -0.237312
0.828125 -0.237987
0.824219 -0.23412
0.841797 -0.229735
0.824219 -0.224138
0.845703 -0.220471
0.855469 -0.215488
0.828125 -0.2145
0.804688 -0.21002
0.822266 -0.208276
0.806641 -0.206416
0.798828 -0.208032
0.78125 -0.201005
0.792969 -0.197389
0.761719 -0.18893
0.761719 -0.18032
0.755859 -0.183182
0.693359 -0.185505
0.691406 -0.181757
0.720703 -0.176775
0.742188 -0.167847
0.796875 -0.16434
0.810547 -0.151817
0.8125 -0.145038
0.820312 -0.149384
0.804688 -0.151899
0.798828 -0.155936
0.775391 -0.157544
0.804688 -0.156181
0.806641 -0.154591
0.818359 -0.157211
0.837891 -0.160702
0.839844 -0.16151
0.839844 -0.163056
0.8125 -0.155968
0.810547 -0.151584
0.826172 -0.1401
0.833984 -0.131543
0.814453 -0.123881
0.830078 -0.122347
0.808594 -0.120384
0.826172 -0.121409
0.826172 -0.124046
0.791016 -0.128622
0.806641 -0.126337
0.794922 -0.113764
0.759766 -0.099775
0.751953 -0.0774463
0.763672 -0.0569086
0.716797 -0.0341325
0.701172 -0.0166699
0.738281 -0.00484357
0.738281 0.00810913
0.738281 0.0170535
0.720703 0.0242457
0.765625 0.0259879
0.755859 0.024901
0.765625 0.0195585
0.777344 0.006603
0.791016 -0.000312945
0.771484 -0.00889297
0.779297 -0.0136765
0.800781 -0.0139723
0.779297 -0.0066834
0.802734 0.0016449
0.775391 0.00736062
0.738281 0.0120438
0.748047 0.00523782
0.757812 -0.0185371
0.740234 -0.0400113
0.759766 -0.0615674
0.726562 -0.0826546
0.777344 -0.10157
0.755859 -0.123014
0.748047 -0.143949
0.740234 -0.155035
0.699219 -0.161652
0.730469 -0.166182
0.710938 -0.17404
0.65625 -0.172434
0.667969 -0.181201
0.640625 -0.189683
0.658203 -0.196131
0.646484 -0.204302
0.642578 -0.197392
0.664062 -0.196169
0.671875 -0.201411
0.658203 -0.212973
0.650391 -0.220509
0.701172 -0.215989
0.728516 -0.213628
0.728516 -0.210786
0.740234 -0.197774
0.697266 -0.18181
0.712891 -0.16254
0.740234 -0.139906
0.761719 -0.115643
0.734375 -0.0844868
0.761719 -0.042368
0.755859 -0.0126294
0.779297 0.000988104
0.798828 0.00256397
0.816406 -7.60335e-05
0.792969 -0.0044857
0.761719 -0.00260421
0.794922 -0.00216138
0.791016 0.0146703
0.841797 0.0374763
0.826172 0.0553757
0.824219 0.0746689
0.810547 0.0805698
0.800781 0.0954734
0.802734 0.106697
0.792969 0.0947617
0.785156 0.0792567
0.783203 0.0576668
0.771484 0.0420106
0.759766 0.0354894
0.722656 0.0386517
0.701172 0.0476246
0.710938 0.063936
0.712891 0.0729389
0.742188 0.0629174
0.722656 0.0461055
0.705078 0.036911
0.732422 0.0336396
0.720703 0.0266639
0.693359 0.0308041
0.6875 0.0390131
0.646484 0.0407427
0.626953 0.0338675
0.642578 0.0424153
0.638672 0.0244272
0.638672 0.0132864
0.722656 0.0236074
0.769531 0.00922274
0.728516 0.000268593
0.728516 2.88571e-05
0.6875 0.00684643
0.6875 0.0085618
0.646484 -0.00851103
0.625 0.00537185
0.623047 -0.00437209
0.603516 -0.00305121
0.666016 0.00329026
0.654297 0.00155187
0.626953 0.000402889
0.630859 0
