0.865 1
0.77 0.968569
0.755 0.940545
0.79 0.91547
0.78 0.893199
0.81 0.871033
0.805 0.850094
0.83 0.830284
0.795 0.811261
0.79 0.793461
0.84 0.776561
0.875 0.761199
0.805 0.747153
0.81 0.732588
0.865 0.717561
0.84 0.702956
0.845 0.688034
0.805 0.673139
0.765 0.660283
0.815 0.647252
0.87 0.634704
0.88 0.621443
0.875 0.610027
0.875 0.598075
0.88 0.58534
0.845 0.573517
0.865 0.562119
0.82 0.550734
0.83 0.53824
0.86 0.526692
0.88 0.515306
0.825 0.503013
0.835 0.49174
0.81 0.481477
0.78 0.472601
0.72 0.46328
0.795 0.454407
0.775 0.445705
0.805 0.436843
0.795 0.42895
0.81 0.42193
0.75 0.41471
0.795 0.407543
0.775 0.400622
0.805 0.393431
0.81 0.38745
0.775 0.379873
0.765 0.37289
0.82 0.365483
0.72 0.358744
0.71 0.35236
0.715 0.346664
0.79 0.34146
0.785 0.3369
0.765 0.333183
0.8 0.329754
0.795 0.326779
0.85 0.322557
0.855 0.318757
0.8 0.31479
0.81 0.31062
0.84 0.306409
0.86 0.302836
0.82 0.300999
0.76 0.298207
0.77 0.295161
0.805 0.292911
0.75 0.290295
0.785 0.287906
0.81 0.284259
0.85 0.279783
0.79 0.275185
0.825 0.270236
0.835 0.266035
0.785 0.26059
0.8 0.254672
0.795 0.247646
0.835 0.240684
0.845 0.232281
0.88 0.225946
0.885 0.219561
0.885 0.213588
0.87 0.208429
0.86 0.204412
0.88 0.200574
0.91 0.196491
0.885 0.192862
0.875 0.187681
0.9 0.182004
0.94 0.176078
0.92 0.17004
0.91 0.163167
0.92 0.156286
0.86 0.149322
0.88 0.142633
0.865 0.136319
0.795 0.131729
0.825 0.126314
0.815 0.122373
0.82 0.119867
0.86 0.116955
0.875 0.116194
0.81 0.115252
0.85 0.112365
0.875 0.11064
0.885 0.109374
0.835 0.10869
0.815 0.107909
0.775 0.107771
0.805 0.10823
0.78 0.108944
0.85 0.108338
0.87 0.108004
0.9 0.107479
0.86 0.106168
0.865 0.104564
0.865 0.104019
0.895 0.102356
0.91 0.100864
0.91 0.0990672
0.86 0.0973831
0.845 0.0968009
0.905 0.0962906
0.9 0.0949584
0.865 0.0933469
0.88 0.0906436
0.86 0.0895476
0.78 0.0894823
0.755 0.0887695
0.835 0.0881494
0.8 0.0863882
0.81 0.0843169
0.825 0.0811776
0.775 0.0800402
0.89 0.0784533
0.875 0.0765242
0.895 0.0752058
0.87 0.0743238
0.85 0.0738145
0.81 0.0748676
0.79 0.0754151
0.775 0.0749833
0.81 0.0749972
0.815 0.075086
0.795 0.0745735
0.765 0.073056
0.76 0.0717452
0.77 0.0707091
0.785 0.0690538
0.835 0.0683552
0.845 0.069413
0.84 0.0687575
0.81 0.0679444
0.78 0.0679287
0.82 0.0677583
0.865 0.068072
0.81 0.0678141
0.78 0.0683223
0.735 0.067859
0.735 0.0680432
0.77 0.068606
0.835 0.0686436
0.805 0.0673873
0.79 0.0665557
0.89 0.0648505
0.895 0.0619318
0.855 0.0588824
0.825 0.0551131
0.825 0.0504557
0.83 0.0461582
0.885 0.0415381
0.89 0.035876
0.925 0.0305449
0.905 0.0258357
0.885 0.0213889
0.84 0.0175825
0.84 0.0128336
0.835 0.00800101
0.85 0.00360037
0.895 0.000837794
0.92 -0.00135519
0.91 -0.003633
0.895 -0.00628277
0.89 -0.00799126
0.885 -0.00970156
0.875 -0.0114946
0.895 -0.0140677
0.92 -0.0155537
0.88 -0.0167175
0.875 -0.0174583
0.87 -0.0162035
0.83 -0.0156858
0.82 -0.0164147
0.85 -0.0191127
0.825 -0.0213332
0.86 -0.0235416
0.855 -0.0268855
0.83 -0.02896
0.81 -0.0292087
0.81 -0.0307403
0.77 -0.0319704
0.76 -0.0325335
0.84 -0.0318253
0.8 -0.0314115
0.67 -0.0299084
0.745 -0.0284136
0.755 -0.0256655
0.76 -0.0241061
0.71 -0.0238878
0.675 -0.0213901
0.625 -0.0182821
0.625 -0.0164657
0.615 -0.0149995
0.69 -0.0122697
0.67 -0.00973606
0.66 -0.00831136
0.59 -0.0061814
0.625 -0.00449277
0.61 -0.00416422
0.575 -0.00422721
0.655 -0.00439349
0.6 -0.00374562
0.645 -0.00317081
0.64 -0.00202318
0.645 -4.50786e-05
0.64 0.00224611
0.68 0.00428646
0.725 0.00525779
0.735 0.00472744
0.725 0.00539382
0.72 0.00618717
0.68 0.00704334
0.715 0.0088276
0.72 0.00937519
0.78 0.0091066
0.755 0.00928626
0.795 0.0106323
0.835 0.0117197
0.805 0.0120771
0.83 0.0125992
0.835 0.0121332
0.855 0.0115793
0.855 0.0104303
0.9 0.0110446
0.87 0.010038
0.85 0.00999321
0.865 0.00967234
0.89 0.00949348
0.865 0.0092937
0.825 0.00899993
0.815 0.0101183
0.84 0.010245
0.815 0.0103262
0.745 0.0110998
0.735 0.0125165
0.745 0.0120335
0.79 0.0118687
0.805 0.0115891
0.795 0.0119108
0.795 0.011662
0.795 0.0112926
0.8 0.0105932
0.815 0.00905936
0.785 0.00675959
0.79 0.00423415
0.725 0.00301902
0.74 0.00362322
0.72 0.00493032
0.725 0.00739024
0.775 0.00933042
0.745 0.0105913
0.79 0.0114989
0.7 0.0123079
0.71 0.012703
0.74 0.0122897
0.805 0.0113435
0.78 0.0109177
0.735 0.0121759
0.805 0.0131022
0.785 0.0145988
0.77 0.0171509
0.755 0.02052
0.76 0.0225888
0.825 0.0232573
0.88 0.0239475
0.84 0.0241729
0.75 0.0241677
0.695 0.0245144
0.665 0.0255431
0.65 0.0266411
0.57 0.0280052
0.665 0.0312842
0.72 0.0348054
0.775 0.0376153
0.815 0.0392876
0.835 0.0403271
0.9 0.0422371
0.91 0.0438192
0.855 0.0436718
0.82 0.0433179
0.85 0.0434541
0.875 0.0448112
0.87 0.0461072
0.87 0.0474986
0.91 0.0489337
0.915 0.0495341
0.92 0.0506478
0.81 0.0510704
0.81 0.050992
0.825 0.0508712
0.855 0.050712
0.86 0.0523106
0.835 0.0536446
0.815 0.0531738
0.88 0.0538498
0.88 0.0536834
0.83 0.0549138
0.815 0.054687
0.8 0.0547251
0.8 0.0540593
0.775 0.0531341
0.775 0.0502147
0.78 0.0488779
0.78 0.0482019
0.86 0.0476008
0.875 0.0464336
0.885 0.0455801
0.905 0.044766
0.905 0.0437699
0.93 0.0402178
0.92 0.0357349
0.905 0.0320196
0.91 0.0278597
0.885 0.0229728
0.9 0.0190597
0.895 0.0147419
0.885 0.0112221
0.91 0.00737914
0.86 0.00503474
0.81 0.00168948
0.815 0.000183598
0.79 -0.000351699
0.815 -0.000705683
0.8 -0.000713533
0.765 -0.000498819
0.735 0.00143856
0.745 0.00353326
0.72 0.00357977
0.795 0.00402217
0.815 0.00335214
0.81 0.00261629
0.785 0.00134237
0.745 0.000864933
0.675 0.0012819
0.71 0.00226427
0.73 0.00314428
0.74 0.00341023
0.745 0.00432075
0.625 0.00429298
0.69 0.00447731
0.725 0.00381699
0.77 0.0028815
0.76 0.00171063
0.815 0.00205282
0.845 0.00143497
0.805 0.00265471
0.735 0.00489663
0.815 0.00818586
0.835 0.0120917
0.84 0.0149121
0.86 0.0176322
0.855 0.0201923
0.865 0.0237427
0.865 0.0274258
0.855 0.0306352
0.835 0.0331124
0.895 0.0350849
0.875 0.0369373
0.82 0.0395962
0.82 0.0416992
0.8 0.0449006
0.785 0.0493115
0.745 0.0531659
0.73 0.0555393
0.67 0.0569576
0.7 0.0581928
0.735 0.0601118
0.74 0.0609276
0.79 0.0618309
0.805 0.0633196
0.845 0.0645721
0.85 0.0646732
0.81 0.065149
0.85 0.0671088
0.875 0.067247
0.86 0.0676759
0.81 0.067586
0.82 0.0687974
0.845 0.0694734
0.72 0.067834
0.75 0.0659207
0.805 0.064378
0.82 0.062712
0.825 0.0599379
0.84 0.0587985
0.785 0.0572617
0.78 0.0567765
0.775 0.055368
0.74 0.0542129
0.71 0.0520771
0.685 0.0495534
0.705 0.0481125
0.725 0.0466434
0.72 0.0453438
0.79 0.0425831
0.77 0.0389334
0.785 0.0342841
0.73 0.0308318
0.695 0.0270283
0.65 0.0245586
0.61 0.0230944
0.655 0.0220641
0.71 0.0204938
0.69 0.0186258
0.735 0.0179553
0.7 0.0169724
0.77 0.0150296
0.795 0.014326
0.79 0.0134322
0.8 0.0115924
0.8 0.00885075
0.81 0.00562416
0.785 0.00390815
0.785 0.00232197
0.805 0.000790145
0.805 -0.00140846
0.78 -0.0031578
0.8 -0.00568109
0.85 -0.00824317
0.89 -0.0107065
0.83 -0.0116646
0.825 -0.0126037
0.87 -0.0125185
0.825 -0.0140857
0.86 -0.0161994
0.82 -0.0184066
0.83 -0.0198777
0.78 -0.0214204
0.845 -0.0221989
0.8 -0.0226458
0.86 -0.0221824
0.925 -0.0221282
0.93 -0.0228396
0.9 -0.0251037
0.87 -0.0262222
0.845 -0.0265015
0.865 -0.026744
0.855 -0.0265841
0.795 -0.0280425
0.81 -0.0283158
0.815 -0.0283296
0.875 -0.0286487
0.85 -0.026849
0.89 -0.0261666
0.86 -0.0258583
0.805 -0.0254902
0.865 -0.0249746
0.865 -0.0242899
0.875 -0.0243973
0.895 -0.02545
0.885 -0.0266522
0.875 -0.0287014
0.87 -0.0313992
0.805 -0.0345875
0.835 -0.0385306
0.835 -0.0421183
0.805 -0.0464532
0.81 -0.0507696
0.76 -0.056038
0.695 -0.0607911
0.735 -0.0661021
0.765 -0.069933
0.76 -0.0736448
0.755 -0.0774823
0.79 -0.0821308
0.79 -0.0864377
0.795 -0.0901534
0.82 -0.0926123
0.76 -0.095362
0.775 -0.0988959
0.77 -0.10353
0.73 -0.10712
0.725 -0.11103
0.78 -0.115411
0.8 -0.119729
0.775 -0.123569
0.76 -0.126747
0.74 -0.128206
0.795 -0.130425
0.795 -0.132515
0.76 -0.13525
0.715 -0.137958
0.705 -0.141151
0.69 -0.143768
0.675 -0.147265
0.65 -0.151193
0.6 -0.154529
0.665 -0.156793
0.675 -0.157861
0.705 -0.160473
0.705 -0.163532
0.695 -0.165342
0.64 -0.167953
0.645 -0.169534
0.685 -0.170882
0.64 -0.171399
0.665 -0.169911
0.665 -0.168971
0.67 -0.167206
0.695 -0.165661
0.66 -0.164004
0.655 -0.161879
0.685 -0.160727
0.67 -0.159606
0.635 -0.159317
0.63 -0.158797
0.63 -0.158153
0.685 -0.157376
0.7 -0.156996
0.68 -0.155765
0.69 -0.154343
0.675 -0.151701
0.72 -0.148324
0.72 -0.143672
0.695 -0.13773
0.665 -0.131124
0.52 -0.124793
0.555 -0.117749
0.565 -0.109443
0.54 -0.103631
0.535 -0.0986192
0.525 -0.0947338
0.485 -0.0910344
0.56 -0.0883587
0.57 -0.0867706
0.58 -0.0853404
0.575 -0.0839195
0.595 -0.0831332
0.59 -0.0824422
0.605 -0.0815764
0.54 -0.0799931
0.565 -0.0788585
0.565 -0.0789864
0.595 -0.0800398
0.65 -0.0821382
0.68 -0.0842833
0.71 -0.0844513
0.735 -0.0853025
0.705 -0.086319
0.76 -0.0880262
0.76 -0.0886939
0.79 -0.0878892
0.73 -0.0879177
0.74 -0.0879515
0.78 -0.0868716
0.81 -0.0867298
0.815 -0.086055
0.825 -0.0856686
0.83 -0.0864024
0.8 -0.0862833
0.775 -0.0851953
0.78 -0.0840163
0.805 -0.0809792
0.835 -0.0777575
0.83 -0.0742141
0.785 -0.0706124
0.785 -0.0674158
0.76 -0.066397
0.75 -0.0632504
0.735 -0.0591488
0.7 -0.0549879
0.735 -0.0526995
0.725 -0.0509996
0.76 -0.0481907
0.83 -0.0432198
0.79 -0.0401429
0.79 -0.0366984
0.8 -0.0342079
0.77 -0.0306644
0.77 -0.0287953
0.725 -0.0271966
0.74 -0.024228
0.705 -0.0222896
0.765 -0.0206934
0.82 -0.0191822
0.835 -0.0185664
0.815 -0.0163818
0.83 -0.0155995
0.715 -0.0159008
0.695 -0.0160234
0.73 -0.0153805
0.655 -0.0160195
0.61 -0.0164747
0.69 -0.0159102
0.66 -0.0157193
0.64 -0.0178167
0.61 -0.0192743
0.675 -0.0195359
0.7 -0.0197678
0.69 -0.0208355
0.695 -0.0219296
0.675 -0.0228562
0.675 -0.0233969
0.68 -0.0256319
0.715 -0.0288295
0.68 -0.0317693
0.705 -0.0336995
0.72 -0.0348056
0.755 -0.0375476
0.735 -0.0399034
0.77 -0.0413029
0.775 -0.0419607
0.755 -0.0413154
0.765 -0.0392274
0.725 -0.0372549
0.705 -0.035176
0.695 -0.03308
0.695 -0.0328959
0.655 -0.0325146
0.735 -0.032691
0.77 -0.0326017
0.76 -0.0338555
0.8 -0.0351846
0.795 -0.0383215
0.805 -0.0398187
0.79 -0.0409011
0.845 -0.0419698
0.825 -0.0435505
0.825 -0.0458077
0.825 -0.048159
0.845 -0.0495647
0.815 -0.0511
0.855 -0.0511991
0.865 -0.0509316
0.86 -0.0498692
0.825 -0.0502704
0.87 -0.0493744
0.825 -0.0475441
0.815 -0.0447426
0.825 -0.0421447
0.82 -0.0398494
0.75 -0.0372792
0.79 -0.0351699
0.725 -0.0348667
0.745 -0.033975
0.78 -0.0333817
0.77 -0.0335201
0.735 -0.0356477
0.755 -0.0375529
0.665 -0.0379785
0.71 -0.0381062
0.755 -0.0385512
0.83 -0.037616
0.81 -0.0381787
0.745 -0.0379749
0.81 -0.0382618
0.8 -0.0386354
0.775 -0.0389504
0.83 -0.0396268
0.84 -0.0399769
0.86 -0.0411738
0.845 -0.0421049
0.85 -0.0445116
0.85 -0.0444725
0.85 -0.0440409
0.77 -0.0437053
0.745 -0.0442145
0.8 -0.044352
0.82 -0.0452658
0.83 -0.0443349
0.8 -0.0450781
0.77 -0.0464948
0.76 -0.0470461
0.775 -0.0488649
0.8 -0.0513737
0.83 -0.0540268
0.76 -0.0564323
0.805 -0.0577956
0.8 -0.0589662
0.8 -0.0599259
0.81 -0.0596567
0.77 -0.0584545
0.7 -0.0593443
0.72 -0.0595234
0.71 -0.0586456
0.69 -0.0572108
0.655 -0.0560612
0.61 -0.0556231
0.665 -0.0551982
0.655 -0.0551608
0.7 -0.0538465
0.675 -0.0522522
0.69 -0.0491227
0.645 -0.0463147
0.66 -0.0435334
0.67 -0.0405276
0.63 -0.037511
0.67 -0.0361295
0.67 -0.035034
0.69 -0.0331031
0.645 -0.0309544
0.645 -0.031281
0.55 -0.0325871
0.565 -0.0335746
0.59 -0.0353141
0.615 -0.0377941
0.7 -0.0406225
0.665 -0.0424733
0.67 -0.043569
0.7 -0.0464425
0.655 -0.0493164
0.695 -0.0515116
0.74 -0.0524084
0.76 -0.0538926
0.77 -0.0543746
0.745 -0.0543572
0.69 -0.0558743
0.675 -0.0563671
0.665 -0.0572642
0.655 -0.0598482
0.71 -0.0620662
0.66 -0.0646311
0.645 -0.067981
0.625 -0.0709589
0.66 -0.0744146
0.65 -0.0779898
0.665 -0.0795286
0.64 -0.0829138
0.615 -0.0868288
0.535 -0.0892157
0.42 -0.0913794
0.46 -0.094319
0.445 -0.097044
0.595 -0.0993277
0.655 -0.10051
0.65 -0.101404
0.685 -0.103132
0.705 -0.105042
0.78 -0.108008
0.77 -0.110487
0.79 -0.111692
0.785 -0.111668
0.7 -0.110632
0.65 -0.109404
0.665 -0.10813
0.63 -0.108818
0.615 -0.11116
0.595 -0.113308
0.645 -0.115689
0.71 -0.117651
0.725 -0.120102
0.78 -0.120826
0.74 -0.121147
0.72 -0.120978
0.785 -0.119716
0.76 -0.119412
0.79 -0.119852
0.755 -0.120642
0.76 -0.121344
0.79 -0.121814
0.79 -0.12201
0.815 -0.123671
0.8 -0.128664
0.795 -0.132982
0.76 -0.136218
0.75 -0.139513
0.79 -0.141836
0.8 -0.143081
0.83 -0.142814
0.865 -0.142139
0.84 -0.142723
0.82 -0.14436
0.845 -0.144008
0.84 -0.142955
0.885 -0.143798
0.885 -0.143675
0.92 -0.14273
0.86 -0.141168
0.81 -0.139231
0.86 -0.135809
0.875 -0.132831
0.85 -0.130944
0.825 -0.12877
0.865 -0.125281
0.805 -0.123523
0.765 -0.122754
0.78 -0.122345
0.85 -0.122563
0.89 -0.124397
0.885 -0.127199
0.875 -0.129308
0.85 -0.131808
0.815 -0.135196
0.83 -0.139333
0.795 -0.14386
0.805 -0.147115
0.855 -0.151267
0.785 -0.153017
0.75 -0.154134
0.705 -0.155225
0.665 -0.15618
0.685 -0.157133
0.66 -0.157384
0.645 -0.158159
0.64 -0.160388
0.615 -0.161659
0.705 -0.163381
0.71 -0.163927
0.805 -0.164896
0.76 -0.164551
0.735 -0.164485
0.775 -0.16459
0.73 -0.164054
0.755 -0.164617
0.72 -0.16639
0.705 -0.167965
0.635 -0.170149
0.72 -0.171913
0.68 -0.172214
0.74 -0.172379
0.765 -0.17269
0.855 -0.172864
0.835 -0.171646
0.785 -0.171857
0.81 -0.170072
0.74 -0.169625
0.75 -0.169216
0.78 -0.167875
0.805 -0.165325
0.77 -0.162759
0.785 -0.161356
0.735 -0.159398
0.72 -0.158893
0.71 -0.158445
0.775 -0.157541
0.79 -0.157454
0.81 -0.155178
0.81 -0.152829
0.855 -0.150776
0.895 -0.146893
0.85 -0.143622
0.895 -0.139992
0.87 -0.135305
0.895 -0.130589
0.925 -0.123699
0.89 -0.119258
0.88 -0.115246
0.89 -0.110567
0.955 -0.105579
0.91 -0.103156
0.855 -0.0993031
0.835 -0.094239
0.815 -0.0882005
0.775 -0.0826576
0.76 -0.0756606
0.75 -0.0688728
0.69 -0.0639429
0.7 -0.0587027
0.78 -0.0538101
0.84 -0.0490815
0.78 -0.0465391
0.815 -0.0446961
0.84 -0.0434619
0.92 -0.0423231
0.91 -0.0414613
0.855 -0.0412611
0.845 -0.0395484
0.865 -0.0393525
0.845 -0.0407222
0.85 -0.0410637
0.835 -0.0399261
0.84 -0.0383028
0.845 -0.0381981
0.845 -0.0399733
0.865 -0.0415304
0.83 -0.0426619
0.775 -0.0447782
0.87 -0.0465518
0.885 -0.0476792
0.89 -0.0494837
0.87 -0.0522059
0.89 -0.0543038
0.835 -0.054772
0.79 -0.0567151
0.835 -0.0580404
0.855 -0.0585899
0.84 -0.0592555
0.83 -0.0586456
0.82 -0.0593071
0.81 -0.0604679
0.885 -0.0622125
0.9 -0.0639591
0.915 -0.0659586
0.875 -0.0680557
0.865 -0.0678829
0.86 -0.067266
0.885 -0.066795
0.86 -0.0672518
0.855 -0.0678426
0.84 -0.0688655
0.81 -0.0720277
0.855 -0.0757826
0.885 -0.0782974
0.885 -0.0802567
0.865 -0.0828312
0.84 -0.0845069
0.8 -0.0851629
0.775 -0.0846894
0.785 -0.0837459
0.825 -0.0823229
0.775 -0.0792423
0.785 -0.0764847
0.76 -0.0751555
0.765 -0.0747786
0.7 -0.0724596
0.68 -0.0719827
0.66 -0.0727272
0.68 -0.0720389
0.685 -0.0711929
0.625 -0.0710954
0.715 -0.0727383
0.71 -0.0727722
0.68 -0.0726176
0.68 -0.0714391
0.68 -0.0708633
0.715 -0.0704021
0.62 -0.0706321
0.69 -0.0684212
0.66 -0.0657482
0.7 -0.0641556
0.725 -0.061693
0.66 -0.0600216
0.775 -0.0576348
0.79 -0.056369
0.755 -0.056153
0.745 -0.057063
0.72 -0.0586074
0.665 -0.0602193
0.635 -0.0607991
0.56 -0.0596383
0.545 -0.0565012
0.56 -0.0545565
0.54 -0.0528636
0.535 -0.0499144
0.61 -0.0456991
0.585 -0.0422803
0.56 -0.0399429
0.62 -0.0373877
0.585 -0.0345693
0.545 -0.0328619
0.6 -0.0319174
0.55 -0.0324867
0.59 -0.0320732
0.485 -0.0298993
0.505 -0.0282539
0.505 -0.0251464
0.59 -0.0234602
0.575 -0.0216027
0.51 -0.0191226
0.55 -0.0174562
0.555 -0.0147851
0.58 -0.0109432
0.61 -0.00714593
0.63 -0.00322392
0.645 -5.30292e-05
0.645 0.00379106
0.67 0.00761128
0.665 0.012926
0.605 0.0195276
0.585 0.0237783
0.63 0.0281244
0.61 0.0313647
0.64 0.0340048
0.575 0.0363816
0.565 0.0394567
0.54 0.0424764
0.565 0.0446712
0.52 0.044403
0.545 0.0435087
0.6 0.0434445
0.615 0.0429118
0.655 0.0428792
0.68 0.0435936
0.655 0.0445999
0.635 0.0447703
0.59 0.0448465
0.62 0.0436472
0.665 0.0426989
0.695 0.0424342
0.645 0.0417185
0.6 0.0405684
0.61 0.0396038
0.67 0.0396629
0.665 0.0391629
0.575 0.0395557
0.57 0.0408894
0.61 0.042036
0.58 0.0436121
0.56 0.045397
0.565 0.0474999
0.545 0.0497441
0.595 0.0517835
0.53 0.0524874
0.58 0.0539059
0.565 0.0550448
0.635 0.0554223
0.61 0.054179
0.545 0.0525634
0.63 0.0521527
0.635 0.0519977
0.695 0.0501237
0.69 0.0498037
0.73 0.0477011
0.7 0.0470558
0.705 0.0472741
0.695 0.0469156
0.605 0.0458063
0.6 0.0453547
0.56 0.0437469
0.645 0.0415913
0.75 0.0396036
0.745 0.0360374
0.75 0.0343034
0.79 0.0328285
0.815 0.0314557
0.8 0.0299842
0.81 0.0296346
0.805 0.0303005
0.805 0.0306226
0.865 0.0307437
0.84 0.0294235
0.805 0.0281756
0.8 0.0268812
0.815 0.0259479
0.75 0.0257359
0.745 0.0268734
0.8 0.0273318
0.82 0.0265668
0.79 0.026328
0.73 0.0261958
0.73 0.0279075
0.73 0.0290891
0.67 0.0286092
0.64 0.026837
0.705 0.0233764
0.655 0.0214173
0.66 0.0194676
0.66 0.0176022
0.69 0.0158326
0.66 0.0167827
0.575 0.0186892
0.6 0.0208437
0.57 0.0222127
0.645 0.0241836
0.64 0.0249245
0.605 0.0237593
0.58 0.0229207
0.585 0.0223817
0.555 0.0214274
0.515 0.0206581
0.48 0.0192341
0.53 0.0204426
0.485 0.0223296
0.39 0.0251935
0.405 0.0274794
0.365 0.0298668
0.435 0.0322072
0.43 0.035681
0.455 0.0381722
0.45 0.0423768
0.36 0.0452065
0.33 0.0484228
0.29 0.0520577
0.25 0.0545309
0.24 0.0569423
0.165 0.0594835
0.13 0.0623354
0.08 0.0652383
0.045 0.0685905
0.045 0.0707178
0.04 0.0721629
0.035 0.0747247
0.025 0.0766731
0.08 0.0774615
0.14 0.0776465
0.11 0.0775997
0.145 0.0779656
0.24 0.078289
0.325 0.0796237
0.285 0.0811837
0.27 0.0823555
0.31 0.0842208
0.285 0.0856435
0.29 0.085482
0.27 0.0859946
0.365 0.0872908
0.36 0.0869522
0.365 0.0872884
0.33 0.0868735
0.295 0.0864229
0.265 0.0853006
0.245 0.0860463
0.305 0.0875642
0.27 0.0885427
0.27 0.0891482
0.265 0.08909
0.31 0.0881152
0.38 0.0870188
0.415 0.0862541
0.5 0.086116
0.445 0.0851178
0.53 0.0838997
0.575 0.0810549
0.63 0.0792813
0.56 0.0766397
0.63 0.0763287
0.66 0.0752025
0.655 0.0736801
0.6 0.070832
0.59 0.067634
0.58 0.0648943
0.61 0.0644324
0.62 0.0638902
0.535 0.0639009
0.555 0.0645574
0.65 0.0664925
0.665 0.067721
0.64 0.0698947
0.595 0.0719609
0.585 0.0726389
0.615 0.0724801
0.62 0.0731729
0.595 0.0758984
0.565 0.0787444
0.56 0.0804549
0.58 0.0833723
0.605 0.0870162
0.65 0.0906906
0.59 0.0940072
0.58 0.0950077
0.625 0.0963581
0.545 0.0972187
0.59 0.0956016
0.53 0.0921954
0.515 0.0892146
0.465 0.0862372
0.47 0.083527
0.5 0.080905
0.525 0.0772975
0.555 0.073731
0.56 0.0704843
0.6 0.0680017
0.615 0.064384
0.655 0.061503
0.73 0.0591127
0.815 0.0572091
0.85 0.0553983
0.815 0.0544125
0.795 0.0557738
0.76 0.056236
0.76 0.0556913
0.845 0.0534748
0.845 0.0518929
0.875 0.0501432
0.855 0.0500239
0.835 0.0493829
0.82 0.0482285
0.84 0.0479576
0.88 0.0481818
0.86 0.048114
0.9 0.0469889
0.905 0.0455702
0.895 0.0441775
0.88 0.039733
0.84 0.0362281
0.87 0.0313368
0.815 0.0263393
0.885 0.0230695
0.865 0.0188516
0.865 0.0145315
0.875 0.0121981
0.86 0.00792391
0.855 0.00591458
0.92 0.00358213
0.92 0.0012717
0.88 -0.00258043
0.86 -0.00622139
0.88 -0.00970086
0.855 -0.0156619
0.845 -0.0208572
0.895 -0.0240172
0.86 -0.0283055
0.825 -0.0317108
0.78 -0.0346548
0.77 -0.0379714
0.755 -0.0418972
0.815 -0.0468969
0.805 -0.0519833
0.8 -0.0553127
0.79 -0.0578101
0.78 -0.0592671
0.875 -0.0608047
0.865 -0.0637411
0.905 -0.0672944
0.86 -0.0690432
0.85 -0.0706412
0.865 -0.0735595
0.885 -0.0766089
0.835 -0.0790773
0.755 -0.0797067
0.75 -0.0802465
0.725 -0.080028
0.73 -0.0800467
0.67 -0.0808466
0.69 -0.0812771
0.675 -0.0810183
0.73 -0.081081
0.735 -0.0809842
0.7 -0.0808348
0.61 -0.0803348
0.56 -0.0788464
0.55 -0.0772603
0.48 -0.0754534
0.425 -0.0740678
0.49 -0.0717093
0.495 -0.0682769
0.525 -0.0640909
0.455 -0.0595308
0.47 -0.0566656
0.465 -0.0559595
0.53 -0.0540436
0.6 -0.0531033
0.585 -0.0510834
0.62 -0.0486002
0.635 -0.045037
0.59 -0.0411806
0.625 -0.0377153
0.625 -0.0336562
0.635 -0.0291194
0.64 -0.0234464
0.59 -0.0186597
0.62 -0.0131859
0.68 -0.00646068
0.73 -0.000120726
0.66 0.00559682
0.645 0.0111493
0.68 0.0159787
0.73 0.0198845
0.79 0.02461
0.84 0.0276349
0.83 0.0303986
0.805 0.0336216
0.89 0.0369076
0.875 0.0403642
0.86 0.0432794
0.86 0.0467417
0.85 0.0501276
0.83 0.0524764
0.87 0.0526182
0.91 0.0523412
0.92 0.0535239
0.885 0.0546252
0.845 0.0546429
0.82 0.0543965
0.855 0.0538634
0.82 0.0529851
0.78 0.0529057
0.75 0.0521888
0.735 0.0529969
0.69 0.0544344
0.72 0.0552742
0.715 0.0547649
0.81 0.056222
0.79 0.0574527
0.81 0.0570341
0.85 0.055628
0.845 0.0551599
0.755 0.0553428
0.795 0.0570457
0.775 0.0572851
0.775 0.0572278
0.775 0.0569572
0.72 0.0574944
0.725 0.0575049
0.745 0.0588481
0.73 0.0599621
0.735 0.0610234
0.695 0.0622107
0.695 0.0650001
0.68 0.0654063
0.74 0.0668002
0.69 0.0695771
0.71 0.0724106
0.675 0.0745193
0.72 0.0758526
0.71 0.0773343
0.685 0.0791966
0.645 0.0801729
0.69 0.0803517
0.66 0.080645
0.71 0.0814339
0.685 0.0815549
0.675 0.0816077
0.645 0.0806813
0.57 0.0798629
0.665 0.0785291
0.665 0.0774639
0.645 0.0774124
0.605 0.0774175
0.69 0.0761912
0.735 0.0754621
0.765 0.0753356
0.79 0.0738587
0.76 0.072335
0.77 0.0697852
0.85 0.0676659
0.835 0.0655512
0.87 0.065507
0.9 0.0650499
0.91 0.0635538
0.885 0.0639987
0.89 0.0658069
0.905 0.0668893
0.905 0.0686171
0.875 0.0685967
0.855 0.0685057
0.82 0.0686101
0.845 0.0684192
0.785 0.0682073
0.815 0.0682356
0.805 0.0682905
0.755 0.0691886
0.72 0.0689355
0.685 0.0685002
0.69 0.0691883
0.74 0.0683188
0.73 0.0667558
0.73 0.0666186
0.715 0.0649538
0.69 0.0626987
0.73 0.0604846
0.79 0.0582893
0.865 0.0576457
0.84 0.0574374
0.79 0.0572611
0.84 0.0580217
0.875 0.0585957
0.875 0.0602326
0.895 0.0617676
0.88 0.0650847
0.875 0.0662009
0.855 0.0687842
0.9 0.0700779
0.835 0.0705727
0.825 0.0704926
0.85 0.070907
0.785 0.0709364
0.785 0.0716201
0.77 0.0719767
0.76 0.0737626
0.835 0.075762
0.83 0.0781214
0.805 0.079595
0.795 0.0831857
0.775 0.0870235
0.795 0.0913966
0.78 0.0935214
0.755 0.0966285
0.77 0.0995867
0.805 0.10207
0.77 0.103736
0.845 0.105021
0.875 0.104951
0.87 0.103761
0.875 0.104181
0.84 0.104258
0.795 0.10517
0.805 0.106467
0.76 0.107446
0.765 0.108194
0.82 0.108541
0.845 0.110881
0.855 0.114328
0.795 0.118082
0.785 0.121064
0.79 0.124331
0.795 0.126599
0.81 0.128497
0.835 0.131019
0.755 0.132254
0.71 0.135584
0.635 0.137979
0.635 0.140621
0.6 0.143018
0.565 0.146769
0.58 0.151365
0.62 0.155838
0.64 0.159716
0.65 0.162123
0.685 0.16403
0.71 0.165246
0.645 0.165526
0.62 0.164658
0.58 0.164986
0.645 0.165499
0.75 0.167009
0.66 0.16781
0.705 0.168687
0.655 0.169662
0.7 0.171208
0.695 0.173934
0.785 0.174908
0.815 0.175183
0.855 0.174532
0.835 0.173482
0.835 0.172087
0.875 0.168632
0.89 0.166327
0.87 0.163103
0.825 0.160324
0.78 0.156692
0.865 0.151342
0.865 0.146047
0.85 0.139411
0.91 0.133428
0.91 0.127607
0.82 0.122363
0.825 0.117814
0.795 0.113303
0.825 0.108736
0.805 0.104906
0.855 0.101782
0.875 0.100102
0.92 0.0994536
0.91 0.0989834
0.87 0.100634
0.83 0.101747
0.79 0.102377
0.85 0.102488
0.82 0.103626
0.77 0.103494
0.685 0.103019
0.725 0.101936
0.745 0.100307
0.77 0.0993082
0.745 0.0991352
0.73 0.0983408
0.72 0.0982969
0.62 0.0996115
0.57 0.101664
0.575 0.103098
0.59 0.105416
0.6 0.10873
0.575 0.112134
0.51 0.115997
0.585 0.120568
0.635 0.123938
0.63 0.126747
0.605 0.129283
0.54 0.129782
0.47 0.131282
0.425 0.132588
0.495 0.135356
0.505 0.13763
0.49 0.138624
0.54 0.139707
0.585 0.141123
0.605 0.141348
0.615 0.139913
0.58 0.138677
0.62 0.13676
0.715 0.137056
0.75 0.134558
0.715 0.132377
0.715 0.131258
0.715 0.129158
0.715 0.125358
0.765 0.121215
0.855 0.119596
0.795 0.11558
0.78 0.11304
0.845 0.108915
0.835 0.104846
0.815 0.101436
0.815 0.0991175
0.86 0.0956743
0.825 0.0917699
0.835 0.0865073
0.83 0.0804323
0.855 0.0738692
0.905 0.0678908
0.87 0.0616992
0.88 0.0550944
0.84 0.0481738
0.86 0.0428382
0.805 0.0377306
0.83 0.0338941
0.86 0.0280087
0.83 0.0223473
0.835 0.0170626
0.74 0.0124083
0.755 0.0094002
0.73 0.00562576
0.755 0.00359087
0.74 0.00255849
0.69 0.00194481
0.705 0.0021007
0.73 0.00174372
0.755 0.00275812
0.765 0.00304448
0.77 0.00350544
0.74 0.00363153
0.73 0.00281596
0.72 0.00332281
0.675 0.00403688
0.61 0.00517162
0.565 0.00725499
0.58 0.00733076
0.58 0.00836283
0.655 0.00935447
0.56 0.00938023
0.58 0.0100303
0.495 0.0101477
0.5 0.0116098
0.5 0.0140571
0.47 0.0151658
0.49 0.0158162
0.49 0.0162673
0.505 0.0163689
0.535 0.0166658
0.53 0.0155505
0.505 0.017405
0.545 0.0197398
0.535 0.0214079
0.57 0.0228471
0.545 0.022943
0.505 0.0243188
0.535 0.0273704
0.515 0.0311602
0.545 0.0347346
0.53 0.0377299
0.54 0.042058
0.475 0.04587
0.56 0.049925
0.66 0.0533716
0.63 0.0557861
0.61 0.0573878
0.645 0.0577675
0.675 0.0560026
0.705 0.0570083
0.69 0.0572986
0.61 0.0569611
0.685 0.0563499
0.665 0.055797
0.705 0.0562445
0.725 0.0581519
0.685 0.0585439
0.73 0.0598763
0.79 0.0608885
0.755 0.0621946
0.8 0.0616576
0.825 0.0609139
0.825 0.059911
0.875 0.0579408
0.82 0.0567768
0.83 0.0557672
0.85 0.0566129
0.8 0.056767
0.74 0.0568753
0.765 0.0569508
0.75 0.0578018
0.755 0.0568764
0.715 0.0576088
0.775 0.0585189
0.715 0.0578132
0.77 0.0567158
0.805 0.0573966
0.865 0.0558538
0.855 0.0540739
0.845 0.0526369
0.82 0.0521162
0.85 0.0518734
0.79 0.0508337
0.765 0.0495372
0.74 0.0483642
0.77 0.0470962
0.765 0.0444685
0.755 0.0415518
0.81 0.0402979
0.825 0.0388703
0.825 0.0348301
0.79 0.0318185
0.785 0.0305285
0.765 0.0276697
0.75 0.0229508
0.695 0.0188207
0.745 0.0139754
0.715 0.0109055
0.825 0.00818612
0.81 0.00611364
0.795 0.00541141
0.77 0.00425015
0.765 0.00456586
0.845 0.00409389
0.835 0.00342933
0.805 0.00405533
0.775 0.00378102
0.765 0.00284248
0.77 0.00208437
0.775 0.00173586
0.775 -0.000708915
0.74 -0.00262144
0.755 -0.00493263
0.68 -0.00792231
0.675 -0.0101131
0.695 -0.0118802
0.73 -0.0154806
0.745 -0.0184249
0.83 -0.0198129
0.77 -0.0197049
0.7 -0.0201316
0.7 -0.019452
0.65 -0.0187118
0.7 -0.0169083
0.645 -0.0145936
0.6 -0.0126656
0.59 -0.0124961
0.61 -0.0111717
0.68 -0.010138
0.655 -0.00990393
0.695 -0.0120691
0.675 -0.0150444
0.69 -0.0185316
0.695 -0.0213611
0.71 -0.0227199
0.69 -0.0249207
0.59 -0.0287343
0.705 -0.0312216
0.715 -0.0328145
0.725 -0.0343414
0.74 -0.0347252
0.795 -0.0347357
0.86 -0.0354373
0.885 -0.0357254
0.855 -0.0364838
0.875 -0.0370794
0.9 -0.0379759
0.835 -0.0401982
0.86 -0.0431422
0.855 -0.0447893
0.875 -0.0437024
0.855 -0.0415409
0.825 -0.0412071
0.85 -0.0402983
0.875 -0.0406871
0.805 -0.0408394
0.82 -0.042714
0.8 -0.0463758
0.795 -0.0498275
0.77 -0.0522127
0.775 -0.0557833
0.785 -0.059035
0.775 -0.0616849
0.775 -0.0647565
0.805 -0.0676068
0.785 -0.0679586
0.855 -0.0683864
0.845 -0.0699034
0.815 -0.0701612
0.7 -0.0723918
0.715 -0.0749063
0.7 -0.07636
0.7 -0.0767098
0.67 -0.0780914
0.635 -0.0790768
0.635 -0.0788083
0.6 -0.077483
0.57 -0.0750344
0.51 -0.0712575
0.555 -0.0679159
0.56 -0.065474
0.535 -0.0638589
0.58 -0.0633186
0.58 -0.0630777
0.52 -0.0629776
0.385 -0.0611451
0.265 -0.0592607
0.315 -0.0561905
0.365 -0.0513439
0.325 -0.0468076
0.285 -0.0424119
0.42 -0.0375685
0.505 -0.0340019
0.53 -0.0293696
0.545 -0.0245944
0.555 -0.0196857
0.52 -0.015586
0.51 -0.0105402
0.61 -0.00725269
0.555 -0.00385873
0.555 -0.0012939
0.525 0.00186411
0.545 0.00383271
0.595 0.00534142
0.57 0.00632917
0.585 0.00695387
0.64 0.00930219
0.595 0.0125629
0.62 0.0149271
0.645 0.0173517
0.71 0.0221648
0.735 0.0264581
0.805 0.0301141
0.81 0.0327004
0.82 0.0346051
0.8 0.0370149
0.845 0.0383345
0.885 0.0390174
0.87 0.0397105
0.85 0.0414822
0.94 0.0428273
0.925 0.0450833
0.855 0.0464576
0.885 0.0478321
0.91 0.0483089
0.905 0.0494137
0.915 0.0501277
0.835 0.0513512
0.925 0.0530744
0.85 0.0536297
0.79 0.0543751
0.74 0.053648
0.735 0.0536625
0.755 0.0548388
0.775 0.0560671
0.785 0.0571972
0.775 0.057758
0.69 0.0569417
0.7 0.0547762
0.73 0.052453
0.77 0.0499862
0.785 0.0477274
0.735 0.0456724
0.775 0.0422774
0.775 0.0394984
0.75 0.0359349
0.795 0.0316163
0.8 0.027568
0.735 0.0231654
0.76 0.0196303
0.855 0.0153455
0.885 0.0119971
0.89 0.00791497
0.815 0.00548021
0.8 0.00300225
0.81 0.00198285
0.825 0.000601804
0.8 -0.00158768
0.835 -0.00381199
0.9 -0.00490477
0.81 -0.00628842
0.775 -0.00678802
0.74 -0.00619792
0.73 -0.00377315
0.72 -0.0017941
0.675 -0.00135289
0.66 -0.00122252
0.675 -0.00250468
0.68 -0.00234703
0.71 -0.00308835
0.705 -0.00532714
0.7 -0.00769002
0.7 -0.00897204
0.7 -0.0123279
0.68 -0.0152426
0.665 -0.0168288
0.65 -0.0183753
0.735 -0.0192798
0.685 -0.0202602
0.76 -0.019544
0.715 -0.0202535
0.69 -0.0205883
0.71 -0.0221139
0.755 -0.0222481
0.745 -0.0225691
0.685 -0.0232766
0.735 -0.024994
0.66 -0.0266132
0.685 -0.028665
0.72 -0.0310232
0.725 -0.0332048
0.705 -0.036167
0.635 -0.0388623
0.605 -0.0428784
0.68 -0.046135
0.69 -0.0497244
0.67 -0.0530883
0.57 -0.0566444
0.51 -0.0597137
0.52 -0.06454
0.545 -0.0696075
0.57 -0.0743631
0.64 -0.0768175
0.605 -0.0786962
0.59 -0.080616
0.53 -0.0814062
0.58 -0.0823192
0.53 -0.0835513
0.615 -0.0833739
0.56 -0.0836507
0.525 -0.0857768
0.41 -0.0874357
0.415 -0.0887389
0.525 -0.0902389
0.6 -0.0922663
0.54 -0.0941371
0.58 -0.0962352
0.62 -0.100033
0.625 -0.103922
0.65 -0.105841
0.665 -0.107397
0.62 -0.110337
0.655 -0.113072
0.595 -0.115689
0.555 -0.119035
0.585 -0.122187
0.595 -0.12564
0.625 -0.128519
0.57 -0.129737
0.515 -0.130284
0.55 -0.129476
0.49 -0.128329
0.515 -0.125545
0.56 -0.123565
0.62 -0.119335
0.585 -0.115109
0.64 -0.110187
0.625 -0.106816
0.605 -0.102521
0.63 -0.0981426
0.685 -0.0946121
0.675 -0.0914805
0.7 -0.0876115
0.62 -0.0829653
0.64 -0.0804188
0.575 -0.0763339
0.495 -0.0729621
0.42 -0.069954
0.435 -0.0643593
0.42 -0.0588902
0.315 -0.0536343
0.385 -0.0502756
0.465 -0.045724
0.455 -0.0410525
0.365 -0.0365576
0.37 -0.0323246
0.415 -0.0267506
0.395 -0.0213616
0.39 -0.0171521
0.43 -0.0145405
0.425 -0.0111868
0.53 -0.00825988
0.545 -0.00499946
0.54 -0.00306847
0.6 -0.000302792
0.57 0.00299354
0.55 0.00446643
0.54 0.00447268
0.51 0.00540339
0.535 0.0089519
0.535 0.00965643
0.56 0.00861974
0.535 0.00770359
0.47 0.0057278
0.545 0.00413706
0.465 0.00132787
0.445 -0.00281517
0.435 -0.00545234
0.375 -0.00879159
0.395 -0.012521
0.4 -0.0167146
0.425 -0.0216573
0.475 -0.0244167
0.51 -0.0277539
0.525 -0.0302695
0.55 -0.033252
0.565 -0.0375423
0.585 -0.0419694
0.615 -0.0459656
0.66 -0.0490262
0.63 -0.0521208
0.65 -0.0554545
0.65 -0.0593514
0.715 -0.0637165
0.665 -0.0687599
0.68 -0.0736528
0.635 -0.0782347
0.61 -0.0837137
0.63 -0.0869829
0.665 -0.0892449
0.7 -0.0922303
0.75 -0.0942641
0.755 -0.0959247
0.715 -0.0975241
0.705 -0.0968907
0.71 -0.0954315
0.715 -0.0974477
0.765 -0.100265
0.805 -0.10366
0.86 -0.108505
0.845 -0.114611
0.805 -0.121167
0.77 -0.126685
0.75 -0.132181
0.775 -0.137409
0.715 -0.14158
0.75 -0.14396
0.71 -0.144323
0.725 -0.145401
0.755 -0.145732
0.8 -0.1458
0.83 -0.143357
0.815 -0.141333
0.76 -0.13842
0.745 -0.134688
0.745 -0.129678
0.77 -0.125479
0.765 -0.121291
0.765 -0.117512
0.74 -0.112057
0.82 -0.10805
0.775 -0.104519
0.73 -0.100642
0.695 -0.0958936
0.785 -0.0903476
0.795 -0.0828867
0.78 -0.0753378
0.77 -0.0681959
0.83 -0.061535
0.745 -0.0556251
0.695 -0.0517319
0.665 -0.0472901
0.585 -0.0449355
0.7 -0.0420784
0.725 -0.040235
0.7 -0.0367173
0.72 -0.0341838
0.66 -0.0296703
0.625 -0.0260522
0.695 -0.0231519
0.715 -0.0211361
0.69 -0.0188635
0.68 -0.0182515
0.75 -0.0167607
0.745 -0.0151992
0.74 -0.0127079
0.755 -0.0109691
0.805 -0.00891531
0.77 -0.00656093
0.785 -0.0045963
0.74 -0.00218466
0.77 0.000735927
0.765 0.00192829
0.69 0.00176573
0.7 -0.000906225
0.735 -0.00571689
0.735 -0.00907776
0.695 -0.0137101
0.675 -0.0187996
0.765 -0.0228284
0.77 -0.0249846
0.825 -0.0265147
0.835 -0.027071
0.85 -0.0266935
0.83 -0.026149
0.84 -0.0261816
0.81 -0.0258159
0.87 -0.0268358
0.865 -0.0263317
0.845 -0.0237476
0.84 -0.0248523
0.83 -0.0248881
0.795 -0.025718
0.85 -0.0274721
0.82 -0.0299746
0.855 -0.0326283
0.895 -0.0351124
0.775 -0.036981
0.805 -0.038113
0.83 -0.0382701
0.835 -0.0382021
0.785 -0.0367374
0.735 -0.0338997
0.725 -0.0301178
0.75 -0.0247336
0.775 -0.0182368
0.78 -0.0111519
0.735 -0.00372109
0.725 0.00249567
0.685 0.00788674
0.7 0.0143074
0.695 0.0199131
0.655 0.0239488
0.665 0.0278514
0.68 0.0319596
0.725 0.0363715
0.73 0.0399678
0.73 0.0439367
0.705 0.0474924
0.735 0.0517492
0.67 0.0532983
0.695 0.0538363
0.765 0.0561477
0.795 0.0591512
0.79 0.0609339
0.805 0.0616844
0.815 0.0614454
0.84 0.0613142
0.86 0.0606008
0.835 0.0603355
0.785 0.0600046
0.785 0.0595155
0.8 0.0593644
0.76 0.0571481
0.755 0.0559532
0.76 0.0527544
0.785 0.0499755
0.855 0.0461661
0.86 0.0413585
0.915 0.0361951
0.87 0.0305868
0.875 0.0266621
0.91 0.0240412
0.885 0.0213883
0.865 0.0196498
0.85 0.0180707
0.85 0.0161988
0.835 0.0139782
0.81 0.0115791
0.845 0.0084417
0.835 0.00566743
0.805 0.00325937
0.85 0.0020637
0.85 0.00034422
0.82 0.000120442
0.875 0.0004042
0.855 0.00239969
0.82 0.0048414
0.86 0.00585648
0.845 0.0074067
0.84 0.00543361
0.835 0.0033009
0.815 0.00170209
0.815 7.1899e-05
0.785 -0.0016195
0.79 -0.00279791
0.805 -0.00322348
0.785 -0.00573511
0.755 -0.00862229
0.74 -0.00843483
0.74 -0.00893743
0.755 -0.00877181
0.735 -0.00760643
0.81 -0.00621241
0.765 -0.00535441
0.725 -0.00391671
0.69 -0.000981991
0.73 0.00245603
0.695 0.00451567
0.74 0.00689599
0.775 0.00973497
0.775 0.0118028
0.785 0.0126545
0.775 0.0124639
0.795 0.0141244
0.82 0.0174121
0.78 0.0193507
0.785 0.020032
0.805 0.0215844
0.79 0.0219692
0.77 0.0239336
0.805 0.0267824
0.815 0.0288836
0.77 0.0286425
0.76 0.0283166
0.795 0.0279648
0.77 0.0288429
0.73 0.0287832
0.715 0.0300582
0.675 0.0317227
0.64 0.0340321
0.625 0.0362798
0.605 0.0385316
0.585 0.0381327
0.57 0.0361132
0.58 0.0334322
0.485 0.0331753
0.52 0.0330698
0.59 0.0298353
0.55 0.0273144
0.545 0.0282491
0.6 0.0302809
0.5 0.0320767
0.41 0.0331717
0.46 0.0349009
0.46 0.0355679
0.495 0.0368885
0.59 0.0382726
0.595 0.0419283
0.56 0.0439656
0.57 0.0476907
0.63 0.0519543
0.635 0.054662
0.545 0.0562382
0.53 0.0576929
0.56 0.0599538
0.575 0.0616443
0.545 0.063416
0.525 0.064205
0.525 0.0654682
0.485 0.0686866
0.485 0.0702506
0.465 0.0748478
0.485 0.0770479
0.475 0.0778394
0.485 0.0793529
0.48 0.0790914
0.57 0.0781733
0.63 0.0761908
0.63 0.07502
0.635 0.0734104
0.565 0.0718846
0.625 0.0700244
0.565 0.0673627
0.635 0.0635656
0.63 0.0606585
0.69 0.059997
0.665 0.0574919
0.695 0.0545976
0.67 0.0517734
0.715 0.0512269
0.735 0.0486031
0.735 0.0491211
0.715 0.0493485
0.74 0.0478656
0.705 0.046506
0.725 0.0441613
0.705 0.0404896
0.66 0.036888
0.685 0.0346296
0.71 0.0322271
0.71 0.0299016
0.755 0.0287108
0.7 0.027557
0.74 0.0271037
0.71 0.0262618
0.745 0.0239536
0.705 0.0212378
0.765 0.0175071
0.685 0.0152794
0.69 0.0143841
0.695 0.0148194
0.75 0.0148954
0.735 0.0130226
0.67 0.0124511
0.66 0.0119775
0.63 0.00940821
0.64 0.00808184
0.6 0.00649682
0.605 0.00526921
0.56 0.00469355
0.51 0.002831
0.47 0.000915377
0.45 -0.00080404
0.41 -0.0042685
0.47 -0.00726446
0.52 -0.00626727
0.435 -0.00487198
0.425 -0.00533447
0.44 -0.00591694
0.465 -0.00523793
0.51 -0.00668329
0.55 -0.00944601
0.59 -0.0110037
0.695 -0.0127176
0.695 -0.0135888
0.71 -0.0155016
0.69 -0.0189392
0.735 -0.0206778
0.725 -0.02251
0.74 -0.024881
0.79 -0.0284931
0.785 -0.0325181
0.8 -0.0338225
0.78 -0.0386826
0.725 -0.0440453
0.68 -0.0494686
0.685 -0.0523725
0.64 -0.0553435
0.71 -0.0575197
0.715 -0.0620116
0.71 -0.0674751
0.665 -0.0714598
0.595 -0.0753632
0.505 -0.0796348
0.55 -0.0833392
0.555 -0.0866018
0.565 -0.0908757
0.53 -0.094384
0.6 -0.0969051
0.685 -0.0982452
0.65 -0.0996092
0.67 -0.100658
0.675 -0.10177
0.7 -0.104048
0.725 -0.10611
0.72 -0.108792
0.755 -0.111767
0.705 -0.113814
0.745 -0.115508
0.685 -0.117143
0.67 -0.119743
0.76 -0.120777
0.79 -0.122744
0.75 -0.12559
0.785 -0.127796
0.735 -0.128695
0.75 -0.129103
0.78 -0.128041
0.83 -0.126519
0.805 -0.123913
0.785 -0.120981
0.76 -0.115908
0.715 -0.112765
0.775 -0.108799
0.785 -0.104641
0.81 -0.10031
0.805 -0.0973195
0.86 -0.0952596
0.89 -0.0928739
0.935 -0.0909513
0.9 -0.0893651
0.91 -0.0878277
0.82 -0.0872167
0.81 -0.0849621
0.805 -0.0822432
0.86 -0.0784061
0.84 -0.0737321
0.835 -0.070028
0.84 -0.0660952
0.78 -0.0623451
0.78 -0.0557239
0.815 -0.0487942
0.735 -0.0405765
0.82 -0.0346459
0.85 -0.0290686
0.77 -0.0255997
0.795 -0.0230734
0.835 -0.0219331
0.81 -0.0210732
0.765 -0.0222826
0.72 -0.0237213
0.75 -0.0249894
0.735 -0.0262867
0.765 -0.028747
0.81 -0.0290189
0.815 -0.0282766
0.795 -0.0270045
0.855 -0.0268657
0.83 -0.0295809
0.795 -0.0324551
0.81 -0.0320052
0.89 -0.029993
0.835 -0.0282516
0.85 -0.0293761
0.85 -0.0290412
0.89 -0.0282535
0.885 -0.0270443
0.84 -0.0272648
0.815 -0.0269841
0.81 -0.0289225
0.755 -0.0308095
0.7 -0.0329623
0.7 -0.0349267
0.68 -0.0393191
0.755 -0.0434052
0.665 -0.0474915
0.61 -0.0527588
0.6 -0.0580775
0.56 -0.0632405
0.495 -0.068334
0.495 -0.0716893
0.465 -0.0756177
0.55 -0.0809349
0.57 -0.0861521
0.64 -0.0910654
0.72 -0.0972638
0.69 -0.103175
0.745 -0.107195
0.785 -0.111482
0.81 -0.11528
0.785 -0.118462
0.825 -0.117088
0.775 -0.115174
0.69 -0.115943
0.665 -0.116431
0.795 -0.113694
0.85 -0.109026
0.845 -0.106805
0.87 -0.103166
0.885 -0.0996183
0.895 -0.0971345
0.87 -0.0949875
0.87 -0.092668
0.9 -0.0895502
0.93 -0.0866653
0.82 -0.083269
0.805 -0.081205
0.84 -0.0811952
0.86 -0.0792247
0.845 -0.0767445
0.8 -0.0745916
0.85 -0.074495
0.82 -0.0734385
0.86 -0.0707947
0.875 -0.0664201
0.885 -0.0619415
0.905 -0.0575703
0.87 -0.0529009
0.84 -0.0472705
0.85 -0.0431499
0.935 -0.0396146
0.89 -0.0375835
0.875 -0.0350635
0.81 -0.0322431
0.76 -0.0298653
0.775 -0.0272338
0.775 -0.0250163
0.82 -0.0218683
0.83 -0.0200537
0.87 -0.019152
0.835 -0.0173787
0.84 -0.0154627
0.86 -0.0136971
0.87 -0.0138314
0.895 -0.0135197
0.815 -0.0136366
0.82 -0.0119524
0.815 -0.0110836
0.76 -0.0100546
0.775 -0.00893316
0.815 -0.00749933
0.875 -0.00502184
0.895 -0.00240554
0.845 -0.000164722
0.86 0.00197242
0.82 0.00416454
0.875 0.00431238
0.83 0.00304753
0.895 0.00309499
0.875 0.00195601
0.765 0.00102236
0.805 0.00075084
0.78 0.0027718
0.83 0.00219371
0.835 0.00302342
0.795 0.00251176
0.79 0.00238113
0.83 0.00226116
0.81 0.00248769
0.805 0.0042154
0.765 0.00602413
0.8 0.00904854
0.81 0.0107538
0.87 0.0129395
0.85 0.0139247
0.83 0.0132161
0.805 0.0121168
0.79 0.0112769
0.8 0.0120169
0.79 0.0117569
0.75 0.0134777
0.79 0.0144941
0.755 0.0175804
0.775 0.0169643
0.725 0.0157613
0.755 0.0134908
0.79 0.0129605
0.8 0.0107118
0.83 0.0103973
0.815 0.0122665
0.85 0.013669
0.855 0.0155301
0.86 0.0189552
0.815 0.0221117
0.81 0.0259199
0.765 0.029085
0.76 0.0309001
0.8 0.0326144
0.79 0.0333588
0.79 0.0338105
0.835 0.0341592
0.885 0.0337199
0.86 0.0330045
0.835 0.0331215
0.89 0.0340633
0.88 0.0355384
0.85 0.0354634
0.835 0.0351422
0.78 0.0344679
0.81 0.0337114
0.855 0.0300682
0.89 0.029047
0.86 0.0283725
0.8 0.0261339
0.825 0.0254894
0.875 0.0243376
0.855 0.0205412
0.855 0.0171043
0.825 0.0133647
0.805 0.0124789
0.81 0.0119298
0.69 0.0109993
0.725 0.0105011
0.76 0.0102667
0.75 0.00897391
0.855 0.00896541
0.9 0.00773165
0.885 0.00807643
0.9 0.00744844
0.815 0.00625877
0.79 0.00383873
0.83 0.00165463
0.86 -0.00045805
0.83 -0.00286745
0.76 -0.00612579
0.815 -0.00698861
0.865 -0.00769218
0.895 -0.00588179
0.885 -0.00391879
0.875 -0.00103644
0.815 0.00200015
0.805 0.00424495
0.795 0.00410017
0.835 0.00304724
0.825 0.000146791
0.855 -0.00186187
0.805 -0.003943
0.785 -0.00556892
0.785 -0.0069732
0.78 -0.00953975
0.775 -0.0134062
0.775 -0.0193163
0.815 -0.0248779
0.74 -0.0310575
0.7 -0.0366772
0.755 -0.0412156
0.77 -0.046423
0.76 -0.0504424
0.78 -0.0534458
0.79 -0.0548374
0.79 -0.0579567
0.77 -0.0613995
0.75 -0.0646015
0.75 -0.0670289
0.715 -0.0681155
0.66 -0.0683324
0.61 -0.0680099
0.62 -0.0685569
0.575 -0.0685288
0.625 -0.0685992
0.56 -0.0697266
0.6 -0.0710431
0.59 -0.0711572
0.655 -0.0712398
0.66 -0.0749528
0.675 -0.0782036
0.595 -0.0819645
0.61 -0.0846855
0.545 -0.0865396
0.465 -0.0892042
0.42 -0.08891
0.44 -0.0869293
0.435 -0.0852654
0.52 -0.0841591
0.43 -0.0840028
0.51 -0.0853393
0.5 -0.0860598
0.555 -0.0864217
0.58 -0.0847271
0.59 -0.0828742
0.485 -0.0836299
0.445 -0.0827798
0.44 -0.0828462
0.46 -0.0808946
0.51 -0.080919
0.565 -0.0779567
0.59 -0.0755371
0.53 -0.0739143
0.47 -0.0709729
0.44 -0.0687366
0.365 -0.0665643
0.34 -0.0652154
0.3 -0.0664094
0.35 -0.0680797
0.44 -0.0684832
0.415 -0.0717433
0.43 -0.0753488
0.44 -0.0776983
0.47 -0.0795268
0.44 -0.0823331
0.495 -0.0840665
0.495 -0.0867265
0.55 -0.0885509
0.57 -0.0892144
0.62 -0.0887262
0.63 -0.0883416
0.635 -0.08838
0.645 -0.0887332
0.69 -0.0885764
0.715 -0.0893692
0.615 -0.0916008
0.63 -0.0928432
0.63 -0.0937901
0.635 -0.0941678
0.625 -0.0945105
0.645 -0.0944292
0.545 -0.0944795
0.57 -0.0928387
0.595 -0.0894173
0.605 -0.0865012
0.58 -0.0843719
0.65 -0.0828551
0.595 -0.079962
0.625 -0.0772482
0.585 -0.0770001
0.64 -0.0777975
0.625 -0.0792738
0.665 -0.0806546
0.68 -0.0808099
0.665 -0.0790063
0.66 -0.0774463
0.7 -0.0756765
0.715 -0.0742895
0.71 -0.0731714
0.67 -0.0697304
0.61 -0.0663941
0.66 -0.0635636
0.67 -0.06157
0.635 -0.0591644
0.635 -0.0573831
0.61 -0.0527993
0.59 -0.0474413
0.555 -0.0414752
0.56 -0.0365034
0.52 -0.0336921
0.545 -0.0310671
0.61 -0.0294005
0.685 -0.028763
0.7 -0.0292011
0.655 -0.0293701
0.615 -0.0305007
0.595 -0.0316372
0.59 -0.0327358
0.62 -0.0330996
0.62 -0.0331128
0.635 -0.0341854
0.625 -0.0342638
0.645 -0.0354942
0.585 -0.0369367
0.64 -0.0368295
0.635 -0.0372206
0.62 -0.0381995
0.66 -0.0384401
0.66 -0.0384864
0.625 -0.0379538
0.565 -0.0388896
0.605 -0.0399137
0.59 -0.0409774
0.62 -0.0399442
0.69 -0.0394184
0.72 -0.0414345
0.77 -0.0429953
0.785 -0.0429044
0.845 -0.041851
0.87 -0.0411074
0.88 -0.0414823
0.845 -0.0404797
0.815 -0.0404885
0.785 -0.0412962
0.78 -0.04361
0.73 -0.0466061
0.74 -0.0480474
0.775 -0.0489015
0.725 -0.0507821
0.72 -0.0525865
0.705 -0.0554966
0.67 -0.0567994
0.625 -0.0573269
0.675 -0.0567422
0.625 -0.0561152
0.6 -0.0562794
0.53 -0.0590947
0.575 -0.0615295
0.555 -0.0641043
0.59 -0.0668882
0.555 -0.0699126
0.55 -0.0742843
0.62 -0.0770557
0.63 -0.0804702
0.65 -0.0826684
0.63 -0.0868754
0.6 -0.0903164
0.715 -0.0932501
0.69 -0.0978897
0.69 -0.103323
0.64 -0.108099
0.625 -0.112244
0.63 -0.116261
0.62 -0.120822
0.605 -0.124662
0.665 -0.130012
0.725 -0.135004
0.8 -0.138613
0.805 -0.143567
0.815 -0.148182
0.86 -0.151695
0.905 -0.156014
0.925 -0.160387
0.905 -0.163474
0.85 -0.16602
0.885 -0.168462
0.89 -0.170427
0.83 -0.173044
0.815 -0.176376
0.79 -0.179083
0.815 -0.183345
0.875 -0.188397
0.87 -0.193894
0.895 -0.198736
0.9 -0.203799
0.86 -0.208796
0.855 -0.214107
0.885 -0.216439
0.85 -0.219519
0.86 -0.223508
0.885 -0.228244
0.785 -0.232053
0.75 -0.233469
0.8 -0.234872
0.8 -0.235796
0.76 -0.237323
0.69 -0.236474
0.755 -0.23576
0.785 -0.235157
0.745 -0.233207
0.78 -0.232406
0.805 -0.229768
0.75 -0.228082
0.78 -0.225478
0.76 -0.223189
0.7 -0.219656
0.67 -0.218137
0.745 -0.216186
0.715 -0.213495
0.68 -0.210505
0.725 -0.209374
0.75 -0.209818
0.735 -0.210927
0.74 -0.211796
0.755 -0.211755
0.74 -0.212533
0.63 -0.210861
0.53 -0.210412
0.5 -0.208905
0.42 -0.208922
0.405 -0.207656
0.365 -0.206502
0.41 -0.205657
0.395 -0.20705
0.41 -0.208368
0.42 -0.210903
0.34 -0.214266
0.41 -0.218712
0.47 -0.223277
0.47 -0.228992
0.46 -0.233375
0.525 -0.236271
0.475 -0.23647
0.545 -0.235863
0.57 -0.237735
0.56 -0.240612
0.545 -0.243998
0.53 -0.247443
0.5 -0.250461
0.41 -0.253231
0.445 -0.256756
0.465 -0.258903
0.475 -0.261735
0.45 -0.262177
0.395 -0.260245
0.415 -0.25683
0.345 -0.254548
0.275 -0.25256
0.26 -0.251052
0.34 -0.249308
0.345 -0.245112
0.45 -0.241504
0.495 -0.237694
0.54 -0.234256
0.54 -0.230092
0.535 -0.226608
0.51 -0.224693
0.42 -0.223213
0.425 -0.220199
0.305 -0.214934
0.285 -0.211301
0.28 -0.207683
0.28 -0.202452
0.27 -0.19789
0.32 -0.193805
0.38 -0.188806
0.385 -0.185098
0.405 -0.181051
0.4 -0.177616
0.395 -0.175084
0.455 -0.171865
0.485 -0.167784
0.44 -0.16276
0.465 -0.158507
0.54 -0.155724
0.5 -0.151495
0.47 -0.14607
0.48 -0.142387
0.415 -0.136743
0.45 -0.133845
0.49 -0.131152
0.565 -0.129173
0.5 -0.129623
0.45 -0.127987
0.55 -0.124041
0.465 -0.121548
0.48 -0.12031
0.495 -0.119268
0.565 -0.11879
0.515 -0.119655
0.475 -0.12015
0.465 -0.122053
0.45 -0.125145
0.46 -0.128538
0.51 -0.133593
0.45 -0.137775
0.47 -0.140721
0.465 -0.144091
0.48 -0.146468
0.545 -0.148623
0.5 -0.151606
0.56 -0.153994
0.645 -0.156249
0.61 -0.159953
0.645 -0.162992
0.605 -0.16737
0.52 -0.170709
0.48 -0.172808
0.43 -0.176832
0.51 -0.180361
0.515 -0.182752
0.5 -0.185976
0.39 -0.190848
0.44 -0.192931
0.445 -0.193587
0.42 -0.194732
0.4 -0.197066
0.375 -0.198486
0.42 -0.19768
0.385 -0.199805
0.395 -0.19986
0.475 -0.199435
0.505 -0.199212
0.555 -0.198715
0.575 -0.200982
0.53 -0.202297
0.505 -0.205328
0.445 -0.207373
0.455 -0.208468
0.45 -0.211428
0.45 -0.213226
0.41 -0.214809
0.375 -0.216463
0.255 -0.217696
0.26 -0.217929
0.275 -0.21807
0.27 -0.217127
0.315 -0.214279
0.28 -0.211364
0.295 -0.210493
0.325 -0.208367
0.39 -0.205754
0.41 -0.201706
0.435 -0.19651
0.42 -0.193704
0.425 -0.192193
0.4 -0.188779
0.425 -0.18615
0.375 -0.184303
0.365 -0.183711
0.27 -0.183556
0.27 -0.18445
0.2 -0.184236
0.135 -0.185417
0.155 -0.185447
0.165 -0.183364
0.18 -0.183153
0.215 -0.180359
0.26 -0.177335
0.21 -0.174311
0.26 -0.169768
0.21 -0.164767
0.17 -0.161676
0.17 -0.159861
0.245 -0.157258
0.15 -0.154424
0.125 -0.149255
0.065 -0.146007
0.05 -0.143813
0.135 -0.139639
0.185 -0.136617
0.245 -0.13319
0.23 -0.130111
0.25 -0.126227
0.255 -0.122922
0.305 -0.12227
0.275 -0.122991
0.225 -0.12052
0.175 -0.117979
0.21 -0.114984
0.25 -0.114547
0.215 -0.11394
0.26 -0.113084
0.26 -0.112188
0.32 -0.110996
0.305 -0.11056
0.355 -0.107911
0.305 -0.103569
0.355 -0.0984292
0.32 -0.0964035
0.375 -0.0957742
0.36 -0.092857
0.235 -0.0899449
0.245 -0.0882829
0.24 -0.0889438
0.33 -0.0919243
0.345 -0.0944581
0.32 -0.0973025
0.315 -0.100695
0.265 -0.100865
0.245 -0.100768
0.25 -0.101163
0.24 -0.102273
0.26 -0.103469
0.27 -0.104856
0.275 -0.105295
0.285 -0.105086
0.385 -0.107159
0.345 -0.106953
0.355 -0.106397
0.385 -0.108189
0.36 -0.108321
0.47 -0.107775
0.43 -0.109067
0.45 -0.109889
0.53 -0.108377
0.585 -0.107519
0.505 -0.109244
0.51 -0.111584
0.49 -0.113357
0.51 -0.115218
0.5 -0.118389
0.565 -0.119574
0.545 -0.119477
0.505 -0.116938
0.51 -0.116448
0.47 -0.11348
0.44 -0.110775
0.4 -0.108268
0.34 -0.106714
0.365 -0.104876
0.435 -0.103877
0.47 -0.103664
0.465 -0.102895
0.425 -0.101302
0.43 -0.0997565
0.38 -0.101028
0.405 -0.102513
0.44 -0.103159
0.485 -0.104406
0.48 -0.107592
0.515 -0.109823
0.525 -0.111577
0.445 -0.11311
0.45 -0.112558
0.495 -0.110671
0.54 -0.108642
0.58 -0.105986
0.615 -0.103261
0.6 -0.102638
0.615 -0.102528
0.625 -0.102798
0.645 -0.104489
0.665 -0.105008
0.615 -0.106263
0.565 -0.109006
0.55 -0.111855
0.58 -0.11373
0.55 -0.115343
0.61 -0.115853
0.635 -0.115261
0.63 -0.114233
0.59 -0.116194
0.615 -0.117009
0.605 -0.118847
0.715 -0.121545
0.68 -0.125545
0.685 -0.128636
0.695 -0.133214
0.68 -0.136791
0.63 -0.139291
0.625 -0.141027
0.665 -0.144471
0.635 -0.145699
0.595 -0.147292
0.58 -0.148712
0.545 -0.147753
0.485 -0.145421
0.55 -0.144762
0.535 -0.143862
0.555 -0.144631
0.565 -0.144843
0.59 -0.144163
0.555 -0.142932
0.69 -0.143776
0.69 -0.143451
0.595 -0.142926
0.62 -0.141596
0.64 -0.139555
0.53 -0.13743
0.54 -0.133852
0.58 -0.129835
0.615 -0.126829
0.565 -0.12504
0.61 -0.121213
0.67 -0.117389
0.645 -0.115607
0.615 -0.11344
0.59 -0.109317
0.62 -0.105337
0.66 -0.100848
0.615 -0.0964033
0.53 -0.0911963
0.545 -0.085639
0.465 -0.0826877
0.43 -0.0774544
0.49 -0.0704018
0.585 -0.0654618
0.6 -0.0614968
0.545 -0.0594014
0.53 -0.0559429
0.51 -0.0518868
0.5 -0.0487407
0.48 -0.0440467
0.515 -0.0426573
0.56 -0.0416043
0.505 -0.0425416
0.57 -0.0421566
0.555 -0.0417304
0.545 -0.0417541
0.55 -0.0410262
0.715 -0.0388191
0.74 -0.0385712
0.655 -0.0381714
0.675 -0.036156
0.75 -0.032608
0.745 -0.0283371
0.765 -0.0252176
0.77 -0.0228053
0.775 -0.0210986
0.79 -0.0181261
0.795 -0.0162997
0.745 -0.0155126
0.73 -0.0126357
0.755 -0.00913583
0.85 -0.00574316
0.875 -0.00587248
0.875 -0.00506003
0.885 -0.00527351
0.85 -0.00671792
0.835 -0.00974979
0.755 -0.0132905
0.73 -0.0124146
0.75 -0.0127102
0.775 -0.0124687
0.78 -0.0129227
0.74 -0.0120412
0.76 -0.0115478
0.795 -0.0119376
0.8 -0.0122127
0.795 -0.0109914
0.8 -0.0087799
0.775 -0.00543143
0.73 -0.00297354
0.75 -0.00126064
0.76 -0.00146996
0.775 -0.000566081
0.81 -8.96988e-05
0.77 -0.00197343
0.74 -0.00453123
0.735 -0.00600494
0.69 -0.00456172
0.7 -0.00433068
0.7 -0.00498022
0.7 -0.00625855
0.69 -0.00531924
0.66 -0.00264011
0.675 3.0529e-05
0.655 0.00339322
0.59 0.00865581
0.645 0.0103539
0.65 0.0140481
0.695 0.0170816
0.71 0.0224556
0.61 0.0273118
0.58 0.0303449
0.625 0.0339012
0.675 0.0362666
0.68 0.039827
0.675 0.0428105
0.735 0.043312
0.74 0.0450522
0.83 0.0466242
0.87 0.0475557
0.91 0.048372
0.845 0.0475539
0.845 0.0461156
0.83 0.0444071
0.83 0.0435714
0.82 0.0444129
0.77 0.0451238
0.72 0.045843
0.71 0.0462296
0.62 0.0463328
0.63 0.0469884
0.655 0.0447835
0.68 0.0437677
0.69 0.0415709
0.7 0.0413472
0.745 0.0403001
0.795 0.039853
0.8 0.0382351
0.76 0.0364652
0.72 0.0337056
0.54 0.0314537
0.59 0.0288036
0.615 0.0262135
0.62 0.0243926
0.675 0.0231675
0.625 0.0215086
0.565 0.0198222
0.585 0.01735
0.61 0.0141914
0.6 0.0109533
0.59 0.0111468
0.65 0.00997761
0.62 0.00967871
0.615 0.00898285
0.625 0.00994149
0.57 0.0115349
0.515 0.0130745
0.555 0.0135918
0.59 0.0141348
0.555 0.012114
0.525 0.0105678
0.51 0.00979177
0.51 0.00900747
0.46 0.00947043
0.5 0.00909033
0.45 0.012499
0.47 0.015998
0.44 0.0170507
0.375 0.0191918
0.375 0.0205435
0.355 0.0226762
0.365 0.0243734
0.315 0.0258546
0.325 0.0287112
0.205 0.0320214
0.21 0.0377759
0.3 0.0430453
0.305 0.0494654
0.275 0.0550664
0.24 0.0627595
0.325 0.0709951
0.21 0.0795726
0.24 0.0871691
0.155 0.0947952
0.175 0.10226
0.13 0.110943
0.155 0.118927
0.145 0.126463
0.14 0.133637
0.18 0.142694
0.16 0.149522
0.175 0.156565
0.2 0.161502
0.27 0.16512
0.26 0.169235
0.22 0.175903
0.235 0.182743
0.155 0.189693
0.235 0.197706
0.305 0.20725
0.3 0.217192
0.3 0.227837
0.365 0.237224
0.345 0.245013
0.315 0.253402
0.365 0.262679
0.34 0.272498
0.38 0.281665
0.45 0.288438
0.39 0.295796
0.445 0.301791
0.425 0.306546
0.42 0.310289
0.41 0.314514
0.465 0.318524
0.46 0.324001
0.47 0.329883
0.465 0.335676
0.415 0.340719
0.37 0.344568
0.395 0.349636
0.41 0.354685
0.375 0.357855
0.41 0.359084
0.365 0.360012
0.375 0.362773
0.375 0.365134
0.43 0.365126
0.405 0.365941
0.46 0.367094
0.44 0.367007
0.435 0.36808
0.335 0.369428
0.315 0.372008
0.355 0.373063
0.33 0.371761
0.335 0.373633
0.345 0.375948
0.335 0.377501
0.315 0.377838
0.355 0.379625
0.37 0.379911
0.295 0.376835
0.385 0.37574
0.445 0.374436
0.51 0.372394
0.41 0.369062
0.41 0.366154
0.415 0.363209
0.42 0.359782
0.385 0.357287
0.36 0.35616
0.46 0.355482
0.46 0.355249
0.47 0.353069
0.44 0.352253
0.41 0.351827
0.42 0.349589
0.44 0.348397
0.535 0.348145
0.52 0.345639
0.44 0.339612
0.435 0.333171
0.43 0.329904
0.415 0.327376
0.415 0.324454
0.395 0.319219
0.48 0.316405
0.45 0.313899
0.485 0.310667
0.56 0.305334
0.465 0.300888
0.465 0.298676
0.37 0.295595
0.415 0.292471
0.475 0.289198
0.51 0.283849
0.535 0.278724
0.585 0.271539
0.655 0.263583
0.635 0.255823
0.695 0.246629
0.675 0.237427
0.76 0.229338
0.795 0.221105
0.75 0.215172
0.75 0.209129
0.78 0.203637
0.75 0.194471
0.8 0.184864
0.78 0.17539
0.82 0.167873
0.785 0.160044
0.795 0.151076
0.795 0.141806
0.775 0.133147
0.745 0.126927
0.765 0.120515
0.81 0.113185
0.83 0.104711
0.885 0.0957779
0.87 0.0885195
0.805 0.081846
0.82 0.0761473
0.79 0.0712623
0.79 0.0653329
0.86 0.0586751
0.84 0.0532974
0.845 0.0486615
0.845 0.0431942
0.835 0.0366626
0.84 0.0324739
0.82 0.0270103
0.865 0.0208056
0.83 0.0155269
0.81 0.0101898
0.795 0.00676583
0.84 0.00354032
0.83 -0.000117137
0.805 -0.00232619
0.805 -0.00636975
0.775 -0.0100008
0.7 -0.0142752
0.725 -0.0154406
0.795 -0.0139667
0.78 -0.013589
0.73 -0.0168646
0.815 -0.0205256
0.815 -0.0206163
0.855 -0.0219272
0.875 -0.0207179
0.875 -0.0195991
0.88 -0.0172923
0.885 -0.014579
0.9 -0.0112471
0.87 -0.00798929
0.83 -0.00505038
0.765 -0.00215745
0.76 0.00262696
0.775 0.00785663
0.74 0.0128589
0.765 0.0181577
0.745 0.02522
0.735 0.0316468
0.775 0.0379649
0.79 0.0426817
0.82 0.0478874
0.795 0.049759
0.75 0.0522192
0.78 0.055673
0.76 0.0598965
0.695 0.0598933
0.695 0.059232
0.7 0.0578718
0.735 0.0561561
0.73 0.0537053
0.67 0.0500548
0.67 0.0464927
0.655 0.043189
0.685 0.0428181
0.705 0.0454185
0.69 0.0488147
0.67 0.0504059
0.72 0.0489061
0.725 0.0495402
0.705 0.0505922
0.73 0.0498295
0.785 0.0487937
0.79 0.0453139
0.77 0.0429134
0.815 0.0421377
0.795 0.0397799
0.785 0.0395036
0.79 0.0375886
0.77 0.0351947
0.84 0.0328064
0.855 0.0285987
0.85 0.0262024
0.86 0.0236166
0.855 0.0235151
0.885 0.0212801
0.91 0.0172044
0.935 0.0148707
0.88 0.0113159
0.875 0.00917027
0.8 0.00599283
0.84 0.00277334
0.8 0.00220681
0.81 0.00070654
0.775 -0.00195845
0.805 -0.0046004
0.8 -0.00854664
0.75 -0.0119191
0.76 -0.0161956
0.815 -0.0200606
0.815 -0.0252673
0.845 -0.029047
0.84 -0.033756
0.91 -0.0367462
0.92 -0.0402445
0.855 -0.0440278
0.805 -0.0478274
0.83 -0.0498687
0.835 -0.0534479
0.79 -0.0572747
0.8 -0.0585196
0.715 -0.0586473
0.665 -0.0605866
0.705 -0.0612403
0.705 -0.064116
0.7 -0.0674671
0.695 -0.0710013
0.725 -0.0736304
0.73 -0.0776124
0.72 -0.081156
0.66 -0.0845459
0.74 -0.0882748
0.76 -0.0897819
0.76 -0.0929981
0.785 -0.0958823
0.71 -0.098342
0.67 -0.0990476
0.645 -0.101941
0.685 -0.106419
0.67 -0.108626
0.675 -0.110265
0.595 -0.11295
0.6 -0.116006
0.57 -0.11968
0.635 -0.122784
0.635 -0.124934
0.655 -0.127852
0.68 -0.131688
0.63 -0.136099
0.62 -0.136936
0.595 -0.136908
0.485 -0.137104
0.555 -0.134145
0.455 -0.13323
0.49 -0.131625
0.53 -0.133291
0.555 -0.134563
0.52 -0.134972
0.57 -0.133714
0.505 -0.134043
0.52 -0.132578
0.525 -0.131841
0.565 -0.131397
0.49 -0.131175
0.385 -0.131619
0.565 -0.130754
0.61 -0.12932
0.645 -0.128225
0.755 -0.127515
0.775 -0.129278
0.705 -0.13168
0.695 -0.135933
0.725 -0.139162
0.825 -0.142112
0.84 -0.144964
0.805 -0.146211
0.84 -0.149712
0.835 -0.15127
0.86 -0.152084
0.895 -0.152045
0.82 -0.156657
0.775 -0.159486
0.815 -0.16311
0.805 -0.163287
0.89 -0.163298
0.89 -0.165279
0.845 -0.167224
0.815 -0.170024
0.865 -0.174798
0.86 -0.17639
0.8 -0.176772
0.835 -0.17795
0.875 -0.180065
0.81 -0.181829
0.875 -0.183416
0.76 -0.187159
0.71 -0.19173
0.785 -0.19382
0.81 -0.194472
0.84 -0.19693
0.85 -0.197557
0.84 -0.196443
0.825 -0.193451
0.76 -0.18933
0.695 -0.185998
0.715 -0.181948
0.74 -0.177114
0.725 -0.174653
0.78 -0.170641
0.78 -0.165034
0.75 -0.164373
0.795 -0.16253
0.85 -0.158935
0.81 -0.152788
0.875 -0.145026
0.885 -0.140142
0.905 -0.135909
0.91 -0.129699
0.84 -0.121437
0.86 -0.113434
0.85 -0.105122
0.855 -0.0969395
0.84 -0.0884786
0.82 -0.080888
0.835 -0.0736544
0.8 -0.0679953
0.82 -0.0595981
0.805 -0.0535346
0.825 -0.0481914
0.825 -0.042334
0.765 -0.0401395
0.8 -0.0381005
0.755 -0.0376146
0.77 -0.0380774
0.875 -0.041376
0.835 -0.0450388
0.81 -0.0464263
0.805 -0.0483388
0.78 -0.0491857
0.795 -0.0511041
0.765 -0.0514877
0.75 -0.0521389
0.785 -0.0501042
0.805 -0.0494583
0.75 -0.050504
0.755 -0.053074
0.77 -0.0529401
0.765 -0.0512418
0.77 -0.0485725
0.86 -0.0457813
0.82 -0.0434152
0.86 -0.0423278
0.885 -0.042308
0.825 -0.0426875
0.795 -0.041717
0.76 -0.0407129
0.83 -0.0371108
0.85 -0.0397405
0.84 -0.0444954
0.855 -0.0472003
0.815 -0.0496495
0.775 -0.0544016
0.735 -0.0588159
0.755 -0.0623917
0.75 -0.0650091
0.675 -0.066773
0.635 -0.0681314
0.605 -0.06832
0.635 -0.0663644
0.58 -0.0648625
0.585 -0.063298
0.635 -0.060834
0.655 -0.0581028
0.655 -0.0567279
0.65 -0.0555378
0.66 -0.0537143
0.655 -0.0509019
0.62 -0.0462326
0.59 -0.0425847
0.54 -0.0361822
0.51 -0.0307983
0.48 -0.0258256
0.42 -0.0202132
0.425 -0.0147972
0.505 -0.00959308
0.555 -0.00439114
0.575 0.000775834
0.6 0.00573613
0.62 0.00863671
0.64 0.0122752
0.69 0.0149048
0.64 0.0153393
0.68 0.0183812
0.59 0.0224275
0.65 0.0272367
0.67 0.0321977
0.735 0.0370142
0.73 0.0411986
0.785 0.0442916
0.775 0.0470789
0.77 0.047808
0.81 0.0505995
0.82 0.0537801
0.795 0.0578722
0.825 0.0591393
0.815 0.0615089
0.75 0.065844
0.735 0.0702408
0.815 0.0764587
0.775 0.0784841
0.73 0.0793317
0.69 0.0787465
0.71 0.0802063
0.67 0.0821642
0.57 0.0835887
0.57 0.0871486
0.635 0.0895133
0.715 0.0919409
0.74 0.0967669
0.75 0.100688
0.75 0.102815
0.78 0.104374
0.795 0.104809
0.79 0.103724
0.76 0.105291
0.79 0.109217
0.8 0.113161
0.8 0.117616
0.82 0.123158
0.76 0.126976
0.76 0.13155
0.775 0.133141
0.815 0.133011
0.875 0.134645
0.875 0.135906
0.855 0.13755
0.84 0.139014
0.815 0.140079
0.86 0.139598
0.86 0.135866
0.87 0.132945
0.805 0.131519
0.84 0.135259
0.84 0.137551
0.84 0.139163
0.825 0.140012
0.79 0.142341
0.865 0.143836
0.84 0.146859
0.755 0.146269
0.79 0.146056
0.725 0.147196
0.58 0.149757
0.565 0.148915
0.6 0.146412
0.53 0.143068
0.52 0.142658
0.535 0.143242
0.59 0.146587
0.605 0.147521
0.585 0.150188
0.575 0.152277
0.615 0.155202
0.665 0.157676
0.725 0.160201
0.69 0.16305
0.68 0.167219
0.725 0.169102
0.68 0.172015
0.71 0.176425
0.675 0.18021
0.69 0.182245
0.725 0.184642
0.74 0.185712
0.79 0.186089
0.74 0.18516
0.685 0.185225
0.635 0.183544
0.645 0.179308
0.575 0.174474
0.615 0.16824
0.55 0.16616
0.625 0.163394
0.605 0.160537
0.545 0.155116
0.53 0.150381
0.6 0.148201
0.635 0.148283
0.62 0.148602
0.58 0.149191
0.67 0.150431
0.72 0.151414
0.715 0.153893
0.665 0.157438
0.715 0.159173
0.635 0.159433
0.575 0.161722
0.555 0.161667
0.595 0.159642
0.59 0.157454
0.625 0.154678
0.59 0.151135
0.655 0.14946
0.69 0.149808
0.77 0.150805
0.775 0.153099
0.82 0.154454
0.795 0.154624
0.805 0.155938
0.79 0.157627
0.725 0.159748
0.735 0.160985
0.69 0.161769
0.73 0.158831
0.785 0.154821
0.775 0.148357
0.825 0.141305
0.805 0.135567
0.795 0.129322
0.79 0.124481
0.815 0.117443
0.835 0.112386
0.8 0.106989
0.755 0.103141
0.785 0.0999968
0.755 0.0971474
0.835 0.093077
0.865 0.0895979
0.89 0.0859991
0.93 0.0837222
0.92 0.0818881
0.89 0.0815296
0.91 0.080554
0.89 0.0813711
0.875 0.0816262
0.885 0.0813698
0.87 0.0802443
0.87 0.0793311
0.905 0.0798548
0.835 0.0802031
0.77 0.0830039
0.76 0.082931
0.71 0.0810368
0.715 0.0796401
0.725 0.0769724
0.72 0.0751575
0.76 0.0730167
0.725 0.0708164
0.7 0.0685762
0.79 0.0662547
0.83 0.0633227
0.855 0.0610934
0.765 0.0606018
0.82 0.0607764
0.815 0.0603647
0.76 0.0591036
0.8 0.0567802
0.81 0.0550839
0.81 0.0537864
0.815 0.0525038
0.815 0.0496315
0.84 0.0465095
0.84 0.0432407
0.87 0.0399221
0.84 0.0365591
0.805 0.0325839
0.8 0.0287222
0.755 0.0249687
0.705 0.0247222
0.745 0.0243424
0.765 0.0248975
0.77 0.0244417
0.81 0.0256338
0.795 0.0285269
0.8 0.0328134
0.805 0.0373004
0.86 0.0403575
0.84 0.0436023
0.825 0.0446257
0.8 0.0447862
0.815 0.045711
0.815 0.0476794
0.855 0.0507958
0.84 0.0516401
0.805 0.0477083
0.82 0.0446105
0.765 0.0451851
0.75 0.0447073
0.785 0.0429868
0.79 0.0414032
0.815 0.040575
0.78 0.0387153
0.77 0.0365546
0.84 0.0356722
0.835 0.0385142
0.845 0.0425502
0.865 0.0455922
0.895 0.0488629
0.895 0.0550626
0.835 0.0611188
0.835 0.0654418
0.865 0.068134
0.87 0.0706576
0.895 0.0747177
0.905 0.0755795
0.83 0.0771435
0.855 0.0786147
0.82 0.0815679
0.78 0.084245
0.79 0.0894139
0.67 0.0954268
0.67 0.101719
0.69 0.10381
0.675 0.106163
0.665 0.106252
0.745 0.108655
0.755 0.112193
0.775 0.11476
0.795 0.11864
0.715 0.121235
0.71 0.128101
0.72 0.135089
0.635 0.141362
0.66 0.143734
0.625 0.145002
0.655 0.14772
0.575 0.150931
0.66 0.155712
0.675 0.157444
0.64 0.158473
0.755 0.158003
0.775 0.158667
0.745 0.159901
0.78 0.160008
0.79 0.158142
0.805 0.157349
0.83 0.155987
0.79 0.150717
0.82 0.145476
0.84 0.139871
0.855 0.13493
0.81 0.127014
0.785 0.12149
0.815 0.114003
0.8 0.105926
0.705 0.0940036
0.735 0.0841869
0.725 0.0791993
0.83 0.0714736
0.82 0.0664863
0.795 0.0610829
0.8 0.056926
0.795 0.0515791
0.765 0.0456426
0.815 0.0401812
0.87 0.0319342
0.845 0.0242696
0.875 0.016573
0.83 0.00752834
0.805 -0.00054302
0.855 -0.00986945
0.84 -0.0193803
0.83 -0.0269022
0.82 -0.0355387
0.81 -0.0450235
0.795 -0.0533028
0.8 -0.060106
0.785 -0.0657441
0.845 -0.0729221
0.865 -0.0794575
0.855 -0.0898721
0.805 -0.0978608
0.785 -0.104768
0.795 -0.114296
0.815 -0.121742
0.835 -0.131093
0.79 -0.138939
0.745 -0.147173
0.765 -0.154099
0.725 -0.160842
0.66 -0.168445
0.645 -0.176335
0.615 -0.181897
0.605 -0.186355
0.605 -0.191855
0.6 -0.199367
0.64 -0.206211
0.655 -0.209528
0.68 -0.213091
0.68 -0.218167
0.715 -0.222517
0.705 -0.226057
0.74 -0.231074
0.73 -0.23877
0.735 -0.243503
0.76 -0.244526
0.765 -0.240711
0.75 -0.237044
0.76 -0.234775
0.76 -0.232586
0.75 -0.230566
0.715 -0.230157
0.7 -0.230379
0.695 -0.226206
0.745 -0.226711
0.805 -0.228573
0.77 -0.230736
0.73 -0.233367
0.765 -0.234659
0.75 -0.235359
0.705 -0.230347
0.74 -0.228728
0.74 -0.227083
0.725 -0.228941
0.715 -0.228603
0.64 -0.223364
0.645 -0.219777
0.68 -0.216454
0.6 -0.214441
0.62 -0.210348
0.665 -0.207524
0.64 -0.205591
0.655 -0.202676
0.7 -0.199753
0.715 -0.195882
0.715 -0.191722
0.73 -0.189613
0.785 -0.187012
0.76 -0.185875
0.655 -0.183866
0.665 -0.182025
0.67 -0.181504
0.74 -0.178585
0.805 -0.175239
0.805 -0.171549
0.825 -0.167746
0.885 -0.163811
0.875 -0.160416
0.78 -0.158422
0.8 -0.155647
0.82 -0.152483
0.855 -0.149419
0.885 -0.1439
0.855 -0.138232
0.895 -0.132799
0.925 -0.128276
0.875 -0.125735
0.85 -0.127517
0.875 -0.128163
0.845 -0.126546
0.84 -0.123457
0.9 -0.122996
0.865 -0.121956
0.84 -0.120071
0.855 -0.115521
0.835 -0.109971
0.86 -0.106205
0.83 -0.102561
0.87 -0.0991605
0.84 -0.0998256
0.875 -0.0989094
0.875 -0.0956285
0.87 -0.0878622
0.87 -0.0794138
0.805 -0.0706501
0.795 -0.0639351
0.815 -0.0561059
0.77 -0.0513423
0.72 -0.0480702
0.705 -0.0455371
0.81 -0.0407722
0.865 -0.0379772
0.84 -0.0366687
0.85 -0.0357977
0.81 -0.0355946
0.765 -0.0370026
0.82 -0.038942
0.86 -0.0396579
0.86 -0.0380235
0.845 -0.0388736
0.77 -0.0395477
0.82 -0.0371918
0.82 -0.0358272
0.815 -0.0345744
0.85 -0.0328252
0.865 -0.0310131
0.875 -0.0273857
0.84 -0.0271158
0.88 -0.0247069
0.885 -0.0228517
0.845 -0.021534
0.87 -0.0197723
0.815 -0.0172373
0.795 -0.0176356
0.835 -0.0198389
0.81 -0.0240764
0.825 -0.0306054
0.84 -0.0353193
0.85 -0.0424625
0.78 -0.0470768
0.895 -0.0487756
0.945 -0.0488447
0.925 -0.0479194
0.92 -0.0477914
0.91 -0.0479476
0.885 -0.044504
0.875 -0.0405161
0.86 -0.0380518
0.885 -0.0392444
0.865 -0.0396471
0.865 -0.0375436
0.9 -0.0331247
0.865 -0.0314014
0.87 -0.0303368
0.885 -0.0299244
0.87 -0.0324794
0.905 -0.0333167
0.81 -0.0325292
0.825 -0.0328007
0.83 -0.0331637
0.785 -0.0345236
0.78 -0.0352731
0.81 -0.0340806
0.83 -0.0346391
0.855 -0.0364555
0.93 -0.0404697
0.9 -0.0420661
0.875 -0.0435296
0.84 -0.0488927
0.805 -0.0516538
0.79 -0.0560842
0.82 -0.0595617
0.865 -0.0665771
0.87 -0.0739086
0.915 -0.0816159
0.91 -0.0906559
0.89 -0.0984097
0.895 -0.104943
0.945 -0.111429
0.9 -0.115954
0.935 -0.120494
0.915 -0.123241
0.86 -0.123104
0.81 -0.121764
0.86 -0.119061
0.86 -0.117836
0.87 -0.116848
0.87 -0.115442
0.81 -0.115603
0.84 -0.112945
0.825 -0.111902
0.78 -0.11065
0.82 -0.111139
0.82 -0.110042
0.835 -0.108632
0.875 -0.104654
0.835 -0.101808
0.86 -0.0996949
0.865 -0.097253
0.88 -0.0943274
0.865 -0.0931
0.855 -0.0923602
0.85 -0.0891114
0.75 -0.0840511
0.76 -0.0794134
0.72 -0.0728637
0.64 -0.0693463
0.695 -0.0658116
0.68 -0.064058
0.705 -0.0643349
0.69 -0.0623736
0.615 -0.0605153
0.67 -0.0571074
0.69 -0.0541684
0.665 -0.0518887
0.74 -0.0493997
0.705 -0.0470469
0.665 -0.04462
0.65 -0.0417025
0.7 -0.0389706
0.72 -0.0367398
0.67 -0.0352962
0.68 -0.0347843
0.65 -0.033183
0.675 -0.0328741
0.68 -0.0269569
0.72 -0.0224119
0.795 -0.0167045
0.755 -0.0157247
0.785 -0.015726
0.78 -0.0109736
0.76 -0.00926515
0.705 -0.00863171
0.65 -0.00637324
0.565 -0.00232678
0.595 -0.00178832
0.645 -0.00299856
0.645 -0.0045043
0.63 -0.00467351
0.7 -0.00160464
0.715 0.00307645
0.705 0.00558032
0.77 0.0106628
0.785 0.0160872
0.835 0.0188667
0.83 0.0225527
0.86 0.022749
0.8 0.0218993
0.77 0.0208271
0.755 0.0221567
0.76 0.0239991
0.775 0.0224904
0.785 0.0241337
0.775 0.0225101
0.73 0.022933
0.73 0.0209372
0.7 0.0186257
0.75 0.0193803
0.8 0.020725
0.745 0.0217288
0.715 0.0232053
0.675 0.0227174
0.65 0.0240916
0.72 0.0258841
0.715 0.0260238
0.775 0.0270874
0.795 0.0273894
0.8 0.0260426
0.725 0.0248347
0.705 0.0210264
0.68 0.0192955
0.685 0.017525
0.715 0.0175965
0.675 0.0165526
0.655 0.0170083
0.72 0.0156813
0.74 0.013228
0.76 0.00583835
0.8 -0.00251954
0.78 -0.00646871
0.78 -0.00915593
0.77 -0.0129875
0.835 -0.0194776
0.81 -0.0259538
0.795 -0.0314921
0.72 -0.0382037
0.72 -0.0427677
0.81 -0.0464852
0.795 -0.0494775
0.765 -0.0485564
0.735 -0.0468997
0.75 -0.0489159
0.715 -0.0527218
0.715 -0.0550728
0.715 -0.0543699
0.705 -0.0544519
0.755 -0.0557286
0.7 -0.0605421
0.665 -0.0628079
0.665 -0.0673143
0.69 -0.0728668
0.63 -0.0816494
0.66 -0.0894331
0.71 -0.0948909
0.695 -0.0986959
0.665 -0.102621
0.71 -0.10535
0.68 -0.106474
0.695 -0.10529
0.6 -0.100705
0.615 -0.0988392
0.615 -0.0939853
0.61 -0.0899899
0.56 -0.0868166
0.58 -0.0864692
0.61 -0.0866701
0.605 -0.0841049
0.61 -0.081022
0.555 -0.0791383
0.575 -0.0779082
0.605 -0.0750786
0.55 -0.0735199
0.52 -0.0738414
0.495 -0.0738471
0.53 -0.07585
0.45 -0.0815304
0.5 -0.0854761
0.495 -0.0892144
0.54 -0.0920118
0.495 -0.0912037
0.47 -0.0932223
0.56 -0.0944312
0.595 -0.0981043
0.61 -0.101686
0.64 -0.103847
0.655 -0.104198
0.68 -0.102215
0.69 -0.100425
0.735 -0.103551
0.725 -0.104839
0.76 -0.105184
0.76 -0.105559
0.735 -0.103609
0.835 -0.101145
0.805 -0.101365
0.78 -0.103434
0.745 -0.105804
0.69 -0.107988
0.655 -0.109401
0.66 -0.110704
0.615 -0.113368
0.645 -0.112383
0.6 -0.113112
0.655 -0.113515
0.69 -0.114562
0.585 -0.113677
0.6 -0.113477
0.5 -0.115698
0.465 -0.120416
0.45 -0.125292
0.46 -0.131972
0.485 -0.135723
0.55 -0.135306
0.54 -0.134412
0.535 -0.132054
0.585 -0.131989
0.58 -0.129917
0.545 -0.129801
0.615 -0.128089
0.76 -0.126442
0.68 -0.124676
0.6 -0.12302
0.505 -0.12114
0.505 -0.119761
0.51 -0.120198
0.425 -0.119808
0.35 -0.121647
0.315 -0.123774
0.34 -0.126851
0.39 -0.12769
0.38 -0.126909
0.36 -0.125726
0.355 -0.121843
0.285 -0.119132
0.3 -0.113206
0.275 -0.104662
0.225 -0.0973438
0.295 -0.0924786
0.275 -0.0917075
0.315 -0.0921381
0.31 -0.0935567
0.375 -0.0943779
0.435 -0.0955935
0.425 -0.0979262
0.47 -0.0944002
0.525 -0.0931482
0.52 -0.086979
0.495 -0.0848713
0.52 -0.0844154
0.605 -0.0863621
0.59 -0.0847422
0.61 -0.0837064
0.63 -0.0796144
0.63 -0.0791788
0.645 -0.0802894
0.645 -0.0825736
0.71 -0.0860709
0.74 -0.0856926
0.7 -0.0879212
0.695 -0.0902969
0.79 -0.0944497
0.755 -0.0990673
0.72 -0.100757
0.78 -0.104126
0.765 -0.106005
0.67 -0.1093
0.66 -0.108397
0.7 -0.105525
0.715 -0.100367
0.65 -0.0963541
0.615 -0.0913569
0.655 -0.0860631
0.62 -0.0829177
0.575 -0.0794389
0.565 -0.0764346
0.495 -0.0737154
0.545 -0.0693334
0.515 -0.0716979
0.525 -0.0762131
0.46 -0.0799984
0.475 -0.0802871
0.44 -0.0805877
0.45 -0.0783749
0.4 -0.0791179
0.43 -0.077813
0.37 -0.0814359
0.385 -0.0854227
0.37 -0.0873384
0.43 -0.0869412
0.395 -0.08477
0.43 -0.0843467
0.425 -0.0800799
0.45 -0.078988
0.49 -0.0749316
0.48 -0.071045
0.515 -0.0721486
0.54 -0.0761216
0.585 -0.0806033
0.545 -0.0813287
0.48 -0.0774886
0.46 -0.0763183
0.34 -0.073258
0.335 -0.0708091
0.305 -0.0670581
0.365 -0.0628095
0.415 -0.0556299
0.345 -0.0473646
0.405 -0.0395422
0.41 -0.0328398
0.435 -0.024868
0.46 -0.0208628
0.385 -0.0177221
0.46 -0.0124932
0.43 -0.00938783
0.365 -0.0037717
0.35 0.000941924
0.345 0.00448161
0.31 0.00292282
0.21 -0.00119989
0.235 -0.00669013
0.25 -0.012231
0.245 -0.0139892
0.22 -0.0186182
0.21 -0.0201481
0.18 -0.0202868
0.105 -0.0199694
0.035 -0.0211606
0.125 -0.0191144
0.135 -0.0177908
0.12 -0.0161582
0.05 -0.0160855
0.115 -0.0154643
0.185 -0.016415
0.255 -0.0193308
0.15 -0.0218576
0.115 -0.0265518
0.145 -0.0314993
0.105 -0.0355553
0.135 -0.0365372
0.16 -0.0368652
0.055 -0.0419315
0.15 -0.0446839
0.16 -0.0478259
0.13 -0.0494285
0.145 -0.0513282
0.045 -0.0524845
0.125 -0.0549953
0.07 -0.0521163
0.095 -0.047923
0.05 -0.0450794
0.09 -0.0392183
0.13 -0.0357551
0.07 -0.0340587
0.06 -0.0293493
0.035 -0.0292401
0.015 -0.0314798
0.025 -0.0318738
0.05 -0.0317769
0.025 -0.035219
0.05 -0.036714
0.01 -0.0346481
0.085 -0.0298299
0.06 -0.0243842
0.085 -0.0197962
0.13 -0.0134882
0.015 -0.00927099
0.02 -0.00568816
0.085 -0.00431578
0.115 -0.00142927
0.16 0.00221445
0.18 0.00448145
0.275 0.00653018
0.255 0.00843236
0.305 0.0116382
0.29 0.0152161
0.325 0.0203599
0.36 0.0232846
0.455 0.0249202
0.435 0.0229264
0.425 0.0221062
0.445 0.0225916
0.435 0.0224804
0.39 0.0200424
0.35 0.0172189
0.365 0.0166433
0.365 0.0160251
0.465 0.0173613
0.58 0.0199941
0.635 0.0220445
0.595 0.0248672
0.53 0.0285935
0.505 0.0283436
0.44 0.0263381
0.47 0.0251965
0.475 0.0258897
0.525 0.0296184
0.64 0.0333059
0.625 0.0391702
0.6 0.0409418
0.605 0.0392896
0.665 0.0379442
0.675 0.0390846
0.705 0.0400027
0.65 0.0383509
0.685 0.0376628
0.73 0.0380074
0.77 0.037411
0.8 0.0369577
0.84 0.0364942
0.805 0.0338777
0.875 0.0314869
0.85 0.027356
0.78 0.0239905
0.765 0.0190098
0.79 0.0133989
0.79 0.005215
0.795 -0.00265047
0.82 -0.00771546
0.865 -0.0148868
0.9 -0.0205341
0.9 -0.0256794
0.84 -0.0299262
0.845 -0.0381253
0.9 -0.0446375
0.895 -0.0478829
0.895 -0.0462366
0.915 -0.0454106
0.915 -0.038983
0.925 -0.0294229
0.895 -0.0237704
0.865 -0.020539
0.885 -0.0164136
0.86 -0.0156636
0.835 -0.0138297
0.825 -0.00999448
0.845 -0.00718725
0.795 -0.00376896
0.81 0.00102282
0.865 0.0045546
0.87 0.00640442
0.825 0.00771333
0.845 0.00922733
0.83 0.0092967
0.815 0.010204
0.8 0.00745244
0.82 0.00171601
0.835 -0.00367081
0.845 -0.0109826
0.82 -0.0181826
0.825 -0.0207167
0.92 -0.0186087
0.935 -0.0171014
0.895 -0.0160517
0.845 -0.0152069
0.85 -0.0127357
0.87 -0.0119727
0.885 -0.0119626
0.86 -0.0129728
0.855 -0.0138627
0.875 -0.0127787
0.84 -0.00983236
0.845 -0.00608565
0.83 -0.00424734
0.785 -0.000854649
0.815 0.00219608
0.83 0.00393815
0.835 0.00610459
0.86 0.00918296
0.815 0.0112104
0.845 0.0111028
0.825 0.00907561
0.85 0.00828384
0.845 0.00672125
0.88 0.00615468
0.88 0.00429219
0.805 0.00383424
0.825 0.00359738
0.845 0.000842992
0.83 -0.00164385
0.825 -0.00367139
0.855 -0.00588212
0.82 -0.00979401
0.84 -0.0101212
0.835 -0.012523
0.775 -0.00987109
0.8 -0.00700746
0.775 -0.0060965
0.85 -0.00918316
0.815 -0.0136261
0.87 -0.0137478
0.91 -0.0134912
0.91 -0.013617
0.835 -0.0163512
0.835 -0.0145892
0.885 -0.00779258
0.925 -0.00648041
0.935 -0.000717298
0.915 0.0046636
0.945 0.013921
0.93 0.0226713
0.94 0.0327952
0.945 0.0395657
0.895 0.0447029
0.845 0.0536207
0.83 0.0633144
0.83 0.0722239
0.83 0.0823467
0.81 0.0914315
0.815 0.0969061
0.82 0.0974356
0.8 0.0931583
0.82 0.0841948
0.735 0.0785562
0.72 0.0763634
0.745 0.0743546
0.745 0.0712424
0.8 0.0718624
0.855 0.0760387
0.84 0.0819889
0.85 0.0877565
0.85 0.0942017
0.8 0.0941895
0.82 0.0939578
0.85 0.096919
0.82 0.0974063
0.745 0.0975419
0.7 0.100155
0.685 0.102813
0.675 0.101466
0.655 0.098527
0.68 0.101778
0.685 0.10398
0.695 0.107675
0.705 0.108537
0.685 0.107971
0.665 0.103566
0.68 0.0995191
0.695 0.097405
0.715 0.09645
0.695 0.0958389
0.67 0.0954882
0.7 0.0981349
0.725 0.0996466
0.715 0.101181
0.705 0.100949
0.61 0.0975402
0.665 0.090887
0.655 0.0856032
0.67 0.083342
0.69 0.0769078
0.665 0.0717964
0.735 0.0690496
0.715 0.0693763
0.735 0.0671109
0.705 0.0673076
0.73 0.0683468
0.775 0.0710438
0.765 0.0728575
0.765 0.068626
0.7 0.0659626
0.735 0.0672264
0.71 0.0692317
0.805 0.0727764
0.835 0.0735566
0.795 0.0754905
0.835 0.0779573
0.8 0.0807981
0.815 0.0807186
0.845 0.0786933
0.835 0.0772268
0.85 0.0778005
0.865 0.0789901
0.855 0.0759469
0.84 0.0727293
0.85 0.0690728
0.86 0.0662395
0.87 0.0598641
0.88 0.0560768
0.925 0.0518021
0.885 0.0474376
0.855 0.0443249
0.845 0.040376
0.845 0.0377108
0.82 0.0344497
0.775 0.0316076
0.805 0.0276057
0.84 0.0273185
0.825 0.0242616
0.795 0.0226284
0.775 0.0225296
0.865 0.0257012
0.835 0.0281795
0.875 0.0308934
0.85 0.0311808
0.87 0.0283131
0.865 0.0252569
0.87 0.0275576
0.895 0.0265435
0.89 0.0237712
0.8 0.018641
0.81 0.0157326
0.835 0.0108393
0.81 0.00149737
0.825 -0.00674036
0.81 -0.0118194
0.835 -0.0196423
0.805 -0.0282102
0.845 -0.0320287
0.845 -0.0344291
0.9 -0.0373686
0.85 -0.0411536
0.86 -0.0462795
0.825 -0.0527166
0.785 -0.0562961
0.81 -0.0613003
0.81 -0.0684489
0.82 -0.0742624
0.825 -0.0816131
0.88 -0.0876519
0.83 -0.0860799
0.84 -0.0860487
0.79 -0.0876904
0.745 -0.0888731
0.78 -0.0872246
0.83 -0.088312
0.82 -0.0864316
0.825 -0.0853894
0.825 -0.0842525
0.75 -0.0840799
0.705 -0.0783952
0.775 -0.0765922
0.745 -0.0753696
0.75 -0.0745398
0.735 -0.0692124
0.71 -0.0668855
0.71 -0.0657428
0.705 -0.0627837
0.725 -0.0610904
0.725 -0.0598398
0.805 -0.0584434
0.795 -0.0581515
0.79 -0.055068
0.79 -0.0503248
0.81 -0.0427959
0.79 -0.0359941
0.835 -0.0299706
0.805 -0.0246584
0.795 -0.0202286
0.83 -0.0224316
0.87 -0.02197
0.825 -0.0203272
0.795 -0.0163975
0.745 -0.0170742
0.755 -0.0205967
0.73 -0.0282727
0.75 -0.0373498
0.745 -0.0431754
0.78 -0.0474016
0.835 -0.0514629
0.84 -0.0495526
0.745 -0.0462472
0.775 -0.0409237
0.81 -0.0370362
0.88 -0.0304083
0.865 -0.0250398
0.765 -0.0228599
0.77 -0.019937
0.735 -0.0169114
0.755 -0.0178698
0.765 -0.0178945
0.795 -0.0215294
0.78 -0.0268571
0.74 -0.034391
0.755 -0.0378057
0.76 -0.043866
0.83 -0.0518348
0.755 -0.0601937
0.785 -0.0606659
0.805 -0.0624608
0.77 -0.0656598
0.82 -0.0640887
0.78 -0.0613373
0.765 -0.0597723
0.765 -0.0588704
0.815 -0.0520989
0.78 -0.0499859
0.78 -0.0471586
0.785 -0.0394806
0.815 -0.0301234
0.79 -0.0292134
0.74 -0.0306875
0.805 -0.0341136
0.815 -0.0385556
0.795 -0.0404871
0.765 -0.0425205
0.77 -0.0446119
0.79 -0.0385799
0.765 -0.0328122
0.71 -0.0247098
0.77 -0.0174202
0.72 -0.00568251
0.71 0.00327768
0.69 0.0109978
0.745 0.0118102
0.715 0.0105561
0.755 0.0114366
0.76 0.0171812
0.79 0.0201066
0.725 0.0203252
0.685 0.0221988
0.66 0.0263168
0.685 0.0261252
0.7 0.0258254
0.715 0.0249312
0.695 0.0264048
0.675 0.0271866
0.67 0.0206615
0.625 0.0116987
0.635 0.0102927
0.57 0.0094315
0.6 0.00547588
0.58 0.00304784
0.595 0.00223556
0.545 -0.00132729
0.54 -0.00558825
0.565 -0.0115904
0.635 -0.0205331
0.655 -0.0277948
0.62 -0.0384112
0.6 -0.0480345
0.655 -0.0603404
0.615 -0.0697839
0.625 -0.0748117
0.675 -0.0798982
0.71 -0.0877841
0.695 -0.0955678
0.72 -0.0998025
0.605 -0.100383
0.615 -0.101317
0.66 -0.0988449
0.69 -0.0930283
0.655 -0.0854513
0.625 -0.0794341
0.61 -0.0723511
0.59 -0.0677134
0.675 -0.0678152
0.715 -0.0640079
0.68 -0.0576382
0.645 -0.0521018
0.52 -0.0507334
0.53 -0.048734
0.555 -0.0461336
0.51 -0.0458822
0.455 -0.0428437
0.46 -0.0332727
0.435 -0.0231779
0.46 -0.0144142
0.545 -0.00478595
0.575 0.00521134
0.52 0.0124564
0.55 0.0126331
0.53 0.00991608
0.61 0.00564867
0.625 0.00383776
0.675 0.00123991
0.765 -0.0010091
0.705 -0.00258724
0.66 -0.0104803
0.675 -0.0182417
0.775 -0.0115009
0.77 -0.00519806
0.685 0.0008378
0.57 0.00437405
0.555 0.0133749
0.525 0.0235029
0.47 0.0316612
0.47 0.0384279
0.495 0.0459737
0.525 0.0532936
0.57 0.0620618
0.61 0.063565
0.615 0.063086
0.625 0.061463
0.62 0.0556423
0.68 0.048668
0.715 0.0392975
0.68 0.032979
0.625 0.0231635
0.605 0.0185586
0.575 0.0161038
0.6 0.0196386
0.565 0.0262067
0.6 0.0284276
0.575 0.0260533
0.5 0.0216222
0.51 0.019568
0.42 0.0150725
0.33 0.00811706
0.305 -3.65175e-05
0.39 -0.00525294
0.435 -0.00808105
0.52 -0.0170691
0.56 -0.0242118
0.645 -0.0278234
0.645 -0.0290004
0.67 -0.0292183
0.67 -0.0312739
0.61 -0.0337006
0.565 -0.0378013
0.58 -0.0386099
0.57 -0.0401919
0.58 -0.0349141
0.535 -0.031408
0.585 -0.0262841
0.6 -0.0263342
0.53 -0.0281112
0.545 -0.0266404
0.505 -0.0262649
0.465 -0.0259867
0.535 -0.0252463
0.485 -0.0312784
0.475 -0.0335128
0.5 -0.0352651
0.485 -0.0308669
0.5 -0.0268874
0.495 -0.0228596
0.5 -0.0189265
0.475 -0.0183547
0.515 -0.0123658
0.47 -0.00568319
0.5 0.00228489
0.575 0.00918685
0.7 0.0239297
0.725 0.0352526
0.73 0.0484911
0.76 0.0608176
0.8 0.0691224
0.81 0.0762437
0.79 0.0841919
0.88 0.0910933
0.88 0.0922908
0.895 0.0996143
0.89 0.101638
0.88 0.106286
0.89 0.113847
0.855 0.121413
0.84 0.132479
0.835 0.140732
0.865 0.143165
0.89 0.146409
0.87 0.154717
0.84 0.158802
0.81 0.157643
0.775 0.153635
0.74 0.145842
0.76 0.142809
0.785 0.138229
0.735 0.129051
0.765 0.124481
0.765 0.111231
0.735 0.101518
0.72 0.0911803
0.69 0.0857272
0.71 0.0748041
0.71 0.0667594
0.695 0.0535146
0.755 0.0441221
0.815 0.0380795
0.835 0.0428602
0.825 0.0355888
0.885 0.023541
0.885 0.0107047
0.855 0.0133394
0.865 0.0124419
0.865 0.00151058
0.86 -0.0114881
0.88 -0.0114869
0.905 -0.0136271
0.88 -0.0152914
0.91 -0.0166117
0.925 -0.0116583
0.835 -0.0119833
0.785 -0.00748718
0.8 -0.0104964
0.825 -0.0188111
0.725 -0.0259441
0.72 -0.0275028
0.7 -0.0282779
0.74 -0.0231198
0.735 -0.0250738
0.68 -0.0328203
0.695 -0.0394395
0.685 -0.0428259
0.685 -0.0498795
0.805 -0.0492082
0.84 -0.0490633
0.86 -0.0497007
0.82 -0.0501121
0.86 -0.0457306
0.845 -0.0401334
0.785 -0.0376554
0.745 -0.0329764
0.77 -0.0265546
0.765 -0.0139042
0.795 -0.00522253
0.735 0.00585969
0.73 0.00746239
0.715 0.00595162
0.81 0.0104528
0.78 0.0194251
0.705 0.0252629
0.745 0.0254328
0.715 0.0185514
0.725 0.0198483
0.735 0.031308
0.725 0.0335733
0.73 0.0330867
0.675 0.0272386
0.68 0.0296048
0.585 0.0266254
0.655 0.0274844
0.675 0.0298497
0.685 0.0229534
0.64 0.0265818
0.71 0.0313882
0.71 0.0354343
0.655 0.0321
0.645 0.025249
0.685 0.0207291
0.675 0.0114982
0.73 -0.0014924
0.72 -0.00566795
0.64 -0.00371488
0.56 -0.00616165
0.58 -0.0147137
0.615 -0.0159891
0.63 -0.0195063
0.665 -0.0122479
0.735 -0.00409125
0.73 0.00275845
0.7 0.00310942
0.7 0.0133451
0.755 0.0116619
0.725 -0.00429841
0.75 -0.0195452
0.78 -0.0251878
0.785 -0.0245775
0.855 -0.0324758
0.895 -0.042394
0.885 -0.0468597
0.86 -0.048213
0.835 -0.0486503
0.8 -0.0465487
0.805 -0.041907
0.75 -0.0440679
0.77 -0.0434889
0.77 -0.0426843
0.82 -0.0360767
0.84 -0.0343636
0.765 -0.0468885
0.765 -0.0473094
0.785 -0.0500345
0.805 -0.0421608
0.795 -0.041904
0.82 -0.0460226
0.805 -0.0612422
0.815 -0.0695564
0.825 -0.0895949
0.87 -0.0970962
0.885 -0.0930214
0.825 -0.0842199
0.885 -0.0821617
0.885 -0.0812765
0.88 -0.0808297
0.795 -0.0755238
0.77 -0.0742067
0.755 -0.0888491
0.76 -0.0985097
0.755 -0.0986836
0.7 -0.0998163
0.705 -0.0995597
0.67 -0.10417
0.625 -0.105989
0.64 -0.109034
0.735 -0.101362
0.73 -0.0969264
0.76 -0.0903764
0.765 -0.0938265
0.71 -0.0938249
0.715 -0.0850417
0.705 -0.0749853
0.685 -0.0675488
0.625 -0.0664332
0.72 -0.058519
0.81 -0.0381994
0.835 -0.0181709
0.795 -0.00702748
0.755 0.00240497
0.825 0.0156462
0.875 0.0152748
0.875 0.0176003
0.845 0.0195475
0.845 0.0242645
0.85 0.0276584
0.805 0.0258614
0.79 0.0363215
0.755 0.0364954
0.77 0.0449743
0.79 0.0484167
0.665 0.0455831
0.675 0.043193
0.71 0.047425
0.74 0.0694894
0.705 0.0872101
0.74 0.100083
0.77 0.104963
0.74 0.111843
0.77 0.12004
0.79 0.13016
0.805 0.125963
0.775 0.118367
0.755 0.124017
0.77 0.125387
0.835 0.123392
0.83 0.094506
0.805 0.0657756
0.805 0.0495207
0.805 0.064331
0.785 0.0559255
0.73 0.0483673
0.725 0.0512189
0.735 0.0658564
0.78 0.051198
0.76 0.0341411
0.8 0.00301243
0.785 -0.0165741
0.77 -0.0299295
0.84 -0.0200272
0.875 -0.0274753
0.865 -0.0436317
0.85 -0.0761951
0.905 -0.0813342
0.885 -0.101319
0.92 -0.0904065
0.865 -0.0802014
0.77 -0.0707971
0.735 -0.0750521
0.745 -0.0508628
0.7 -0.0571451
0.56 -0.0693965
0.61 -0.0693168
0.575 -0.0889369
0.69 -0.0769811
0.685 -0.0500535
0.685 -0.0235604
0.685 -0.0148888
0.57 -0.0370701
0.58 -0.0537829
0.61 -0.0639462
0.615 -0.0517992
0.635 -0.0222097
0.645 -0.0195025
0.545 -0.0389312
0.55 -0.0154575
0.57 0.0254887
0.48 -0.00549933
0.45 -0.00781326
0.475 -0.00347934
0.425 -0.00667868
0.455 0.00435739
0.44 0.0234037
0.475 0.0700939
0.345 -0.0405688
0.37 -0.0342581
0.41 0
