0.130859 1
0.111816 0.995561
0.0996094 0.991557
0.103027 0.987607
0.135254 0.983811
0.144531 0.980176
0.121582 0.976744
0.111816 0.973441
0.119629 0.970312
0.106445 0.96726
0.118652 0.96422
0.135254 0.961252
0.125 0.958432
0.153809 0.955739
0.161133 0.953184
0.126953 0.950443
0.124512 0.94763
0.146973 0.944814
0.165527 0.941894
0.145996 0.939023
0.154785 0.936171
0.15918 0.933245
0.172363 0.930389
0.179688 0.927564
0.146973 0.924774
0.147949 0.922006
0.128906 0.919127
0.130859 0.916238
0.137695 0.913218
0.157715 0.91031
0.158203 0.907309
0.165527 0.904371
0.167969 0.90105
0.202637 0.897721
0.210449 0.894537
0.208008 0.891301
0.199219 0.888071
0.185547 0.88514
0.168945 0.882151
0.151855 0.879312
0.14502 0.876435
0.139648 0.873588
0.132812 0.870663
0.151367 0.867636
0.148438 0.864493
0.163086 0.861446
0.160156 0.858316
0.148926 0.855161
0.160156 0.851932
0.167969 0.848683
0.179688 0.845319
0.191895 0.842038
0.190918 0.838632
0.191406 0.835446
0.20459 0.832161
0.204102 0.828836
0.187012 0.825634
0.195801 0.822443
0.176758 0.819316
0.162109 0.81635
0.193848 0.813436
0.184082 0.810711
0.183105 0.808099
0.20166 0.805653
0.194824 0.803203
0.204102 0.80071
0.208008 0.798487
0.213867 0.796151
0.22168 0.794155
0.22168 0.792315
0.209473 0.790551
0.19873 0.788675
0.182617 0.7869
0.191406 0.785107
0.1875 0.78361
0.185059 0.781949
0.18457 0.780279
0.19043 0.778441
0.165039 0.776858
0.178223 0.775186
0.181152 0.773392
0.160156 0.771566
0.151367 0.769428
0.145996 0.767361
0.130371 0.765456
0.129883 0.763427
0.164062 0.761345
0.157227 0.759495
0.182129 0.757741
0.20166 0.755916
0.19873 0.754319
0.200684 0.752713
0.195801 0.751017
0.195312 0.749444
0.204102 0.747937
0.195312 0.746351
0.173828 0.744901
0.182617 0.743457
0.181641 0.742015
0.193848 0.74067
0.157715 0.739533
0.179688 0.738271
0.206543 0.736937
0.194824 0.735727
0.196289 0.734444
0.1875 0.732918
0.209473 0.731417
0.200195 0.7297
0.209473 0.728079
0.180664 0.726449
0.203613 0.724807
0.202148 0.723236
0.22168 0.721578
0.211914 0.719903
0.200684 0.718261
0.20166 0.716912
0.198242 0.715544
0.177734 0.714116
0.181152 0.712473
0.191895 0.710832
0.184082 0.709198
0.181152 0.707677
0.191406 0.706124
0.197754 0.7046
0.204102 0.703046
0.237305 0.701313
0.235352 0.699714
0.214355 0.698111
0.213379 0.696356
0.210938 0.694638
0.188477 0.692951
0.171387 0.691427
0.169434 0.689809
0.188477 0.688173
0.183594 0.686501
0.158203 0.684732
0.169922 0.682853
0.151367 0.681066
0.144043 0.679232
0.163574 0.677139
0.14502 0.675066
0.138672 0.673213
0.16748 0.671381
0.171387 0.66933
0.17627 0.667331
0.165527 0.66568
0.162109 0.663975
0.143555 0.662179
0.151367 0.660234
0.118652 0.658168
0.149902 0.656115
0.163086 0.653959
0.1875 0.651965
0.212891 0.649948
0.203125 0.647917
0.182129 0.645931
0.196289 0.643937
0.17041 0.641922
0.165527 0.639825
0.123535 0.637631
0.124512 0.63543
0.112305 0.633355
0.0898438 0.631163
0.104492 0.62914
0.100098 0.627011
0.108398 0.624855
0.0961914 0.622578
0.0942383 0.620152
0.118164 0.617845
0.132324 0.615511
0.129883 0.613346
0.128906 0.611158
0.108398 0.6091
0.0996094 0.606857
0.115723 0.6046
0.0952148 0.602427
0.0908203 0.600501
0.0961914 0.598458
0.123047 0.596519
0.111328 0.594576
0.135742 0.592731
0.141113 0.590822
0.135254 0.588932
0.14209 0.586985
0.147461 0.585118
0.147949 0.583596
0.140137 0.582095
0.131348 0.580718
0.122559 0.579089
0.125977 0.577331
0.132324 0.575815
0.151367 0.574388
0.179688 0.572842
0.15332 0.571248
0.147949 0.569621
0.161621 0.568066
0.155762 0.566501
0.127441 0.564916
0.164062 0.563382
0.155762 0.561778
0.165039 0.560028
0.180664 0.558432
0.161621 0.55699
0.185547 0.555345
0.184082 0.553739
0.172852 0.551898
0.186523 0.550231
0.218262 0.548825
0.20459 0.547489
0.217773 0.546024
0.19043 0.544449
0.191406 0.543
0.166504 0.541628
0.188477 0.540158
0.162109 0.538801
0.146973 0.537378
0.166016 0.535965
0.163086 0.534838
0.152344 0.533585
0.140137 0.532485
0.117676 0.531287
0.138184 0.530184
0.139648 0.529155
0.144531 0.528111
0.151855 0.527305
0.147949 0.526199
0.143066 0.525124
0.152344 0.523981
0.156738 0.522731
0.150879 0.521685
0.163086 0.520395
0.16748 0.519323
0.169434 0.51835
0.177246 0.517353
0.197266 0.516266
0.227539 0.515284
0.250488 0.514394
0.270508 0.513353
0.23877 0.512334
0.232422 0.51137
0.230957 0.510418
0.258789 0.509285
0.239746 0.508146
0.233887 0.506788
0.244141 0.505347
0.22998 0.50376
0.224121 0.502224
0.210938 0.500462
0.195801 0.498849
0.202637 0.497348
0.206543 0.495954
0.186523 0.494663
0.183105 0.493401
0.171875 0.492146
0.194336 0.490854
0.208496 0.489601
0.189453 0.488318
0.186523 0.486903
0.203613 0.485489
0.19873 0.483975
0.19873 0.482553
0.169434 0.481108
0.160156 0.479662
0.132812 0.47836
0.154785 0.477137
0.168457 0.475938
0.171875 0.474962
0.200195 0.473834
0.214355 0.472876
0.20752 0.472035
0.193848 0.471143
0.185059 0.470345
0.186523 0.469418
0.191895 0.468358
0.17041 0.46707
0.181152 0.465774
0.178223 0.464482
0.166992 0.463215
0.177246 0.461871
0.172852 0.460459
0.17041 0.459007
0.183594 0.457436
0.206543 0.455996
0.210938 0.454685
0.219238 0.453236
0.23291 0.451716
0.230469 0.450351
0.244629 0.449072
0.263672 0.447747
0.282715 0.446478
0.296387 0.445173
0.288574 0.444044
0.28125 0.442869
0.264648 0.441676
0.269531 0.440619
0.253418 0.439701
0.263184 0.438692
0.274414 0.437617
0.260742 0.436623
0.244141 0.435669
0.280762 0.434729
0.294922 0.433635
0.282715 0.432767
0.253906 0.431639
0.237793 0.430448
0.220703 0.429208
0.238281 0.427999
0.250488 0.42688
0.252441 0.425818
0.271973 0.424674
0.302246 0.423493
0.291992 0.42257
0.296875 0.421598
0.308105 0.420489
0.294434 0.419403
0.29248 0.418048
0.308594 0.416632
0.316406 0.415319
0.306152 0.414083
0.291992 0.412735
0.296875 0.411365
0.279785 0.409915
0.282227 0.408342
0.284668 0.406932
0.29248 0.405484
0.306152 0.403937
0.329102 0.402643
0.341797 0.401316
0.351074 0.400021
0.356445 0.398624
0.362793 0.3972
0.360352 0.395574
0.352051 0.394034
0.362793 0.392727
0.363281 0.391542
0.37207 0.390423
0.356445 0.389148
0.375488 0.388006
0.36084 0.386859
0.362305 0.385687
0.371582 0.38453
0.348633 0.383478
0.341309 0.382334
0.379883 0.381593
0.371094 0.380782
0.383301 0.379877
0.37793 0.37886
0.402832 0.377594
0.406738 0.376397
0.39209 0.375013
0.38623 0.373611
0.377441 0.37207
0.360352 0.37048
0.371582 0.368728
0.367188 0.366925
0.378418 0.365193
0.40625 0.363412
0.415527 0.361797
0.430664 0.360118
0.445801 0.358617
0.450684 0.357014
0.45166 0.355461
0.450684 0.354063
0.451172 0.352505
0.454102 0.351035
0.460938 0.349494
0.475098 0.347869
0.474121 0.346224
0.467285 0.344473
0.478027 0.34267
0.46875 0.341062
0.456055 0.33932
0.430664 0.337637
0.415527 0.336068
0.411621 0.334354
0.389648 0.332535
0.378906 0.330486
0.380859 0.328212
0.387207 0.325839
0.356445 0.323452
0.350586 0.320921
0.366211 0.318134
0.365234 0.315526
0.358398 0.313022
0.368652 0.310557
0.356934 0.308184
0.350586 0.305929
0.361816 0.303566
0.355469 0.301411
0.370605 0.299277
0.350586 0.29689
0.348633 0.294391
0.333008 0.291964
0.34082 0.289622
0.345215 0.287087
0.351562 0.284651
0.360352 0.282069
0.352051 0.279541
0.336426 0.276981
0.328125 0.274379
0.351074 0.27146
0.354004 0.268292
0.34668 0.265334
0.366211 0.262462
0.334961 0.259574
0.321289 0.25661
0.337891 0.253652
0.344727 0.250578
0.338867 0.247556
0.319824 0.244462
0.352539 0.241514
0.347168 0.238812
0.339844 0.236074
0.349121 0.233456
0.367676 0.230925
0.352539 0.228586
0.362305 0.226046
0.385254 0.223561
0.350098 0.221121
0.348633 0.218553
0.360352 0.215907
0.351074 0.213102
0.362793 0.210625
0.355469 0.208106
0.37207 0.205725
0.38916 0.20331
0.383789 0.200746
0.393066 0.198263
0.380859 0.195835
0.380859 0.193288
0.395996 0.190735
0.401367 0.188268
0.397949 0.185596
0.395508 0.183216
0.41748 0.180806
0.402832 0.178662
0.415039 0.176587
0.405762 0.17455
0.411621 0.172533
0.408691 0.170329
0.39209 0.168116
0.40625 0.165883
0.390625 0.163788
0.404297 0.161716
0.412109 0.159655
0.423828 0.157704
0.429199 0.155797
0.421875 0.153795
0.425293 0.151839
0.407227 0.149983
0.394531 0.148238
0.387207 0.146293
0.385742 0.14432
0.389648 0.142482
0.397461 0.140683
0.378906 0.138975
0.405273 0.13708
0.378418 0.135187
0.385742 0.13338
0.379883 0.131681
0.408691 0.130117
0.433105 0.128653
0.435547 0.127348
0.455566 0.125985
0.469727 0.124771
0.46582 0.123686
0.460449 0.12256
0.462402 0.121642
0.455566 0.120852
0.459961 0.119893
0.441406 0.11878
0.456055 0.117324
0.476074 0.115946
0.452148 0.114648
0.460449 0.113334
0.419922 0.112026
0.42627 0.110959
0.432617 0.109629
0.416016 0.108419
0.418945 0.107262
0.441406 0.106193
0.4375 0.105016
0.466797 0.103767
0.458984 0.10248
0.429688 0.100975
0.425293 0.0994445
0.444824 0.0980025
0.469238 0.0966794
0.464355 0.0953982
0.459473 0.0941654
0.455078 0.0928703
0.451172 0.0915448
0.439941 0.0902785
0.452148 0.0889826
0.470215 0.0877978
0.448242 0.0867249
0.429199 0.0856008
0.436523 0.0843478
0.444824 0.0831085
0.453613 0.0820232
0.429199 0.0806675
0.45752 0.079304
0.446289 0.0778712
0.450195 0.0765165
0.441406 0.0754247
0.438477 0.0742338
0.42334 0.0730543
0.407715 0.0718503
0.393066 0.0705353
0.411621 0.0692714
0.411133 0.0680234
0.393066 0.0670057
0.390137 0.0656965
0.37793 0.0644168
0.380371 0.0631775
0.379883 0.0619615
0.349121 0.0606285
0.347656 0.0589016
0.356934 0.0571999
0.352539 0.0556077
0.364746 0.0540724
0.370605 0.0526493
0.362305 0.0509431
0.341309 0.0491845
0.346191 0.0474197
0.339844 0.0454633
0.367188 0.0435005
0.355469 0.0415557
0.376953 0.0395215
0.36377 0.0374674
0.374023 0.0353165
0.345215 0.0332872
0.333984 0.0311706
0.348145 0.0292462
0.330566 0.0274892
0.318848 0.0258196
0.297852 0.0241732
0.292969 0.0225458
0.271484 0.021035
0.285645 0.0195036
0.259766 0.0178295
0.270508 0.0161285
0.266113 0.0143146
0.256836 0.0126056
0.27002 0.010898
0.265137 0.00911217
0.266113 0.00730333
0.258301 0.00565028
0.243164 0.00402953
0.25293 0.00245398
0.226074 0.000846251
0.224121 -0.000555197
0.229492 -0.00164204
0.22168 -0.00295537
0.231445 -0.00424859
0.222656 -0.00546972
0.231445 -0.006803
0.223145 -0.00819801
0.225586 -0.00963027
0.225586 -0.0113199
0.216797 -0.0128372
0.191895 -0.0144725
0.185547 -0.0160955
0.185059 -0.0176624
0.17041 -0.0192577
0.155273 -0.0209761
0.146484 -0.0227399
0.147949 -0.0245154
0.15625 -0.0261035
0.165527 -0.027486
0.160645 -0.0289004
0.179688 -0.0302347
0.181641 -0.0315113
0.194824 -0.0327783
0.186523 -0.0341579
0.186035 -0.035948
0.165039 -0.0375424
0.161621 -0.0392319
0.174805 -0.0407287
0.177734 -0.0420504
0.143066 -0.0434682
0.146973 -0.0449922
0.146973 -0.0465724
0.13623 -0.0478804
0.146484 -0.0492301
0.147461 -0.0504134
0.144043 -0.0515011
0.150879 -0.0524765
0.140625 -0.0533733
0.157227 -0.0543301
0.131348 -0.0552252
0.148926 -0.0560308
0.154785 -0.0569618
0.162109 -0.0580411
0.185547 -0.0587517
0.193848 -0.0595263
0.19873 -0.0603696
0.18457 -0.0615258
0.210449 -0.0624527
0.202637 -0.0632203
0.202148 -0.0638911
0.205078 -0.0646052
0.242188 -0.0653925
0.23584 -0.0662069
0.206543 -0.0671612
0.180664 -0.0680308
0.189941 -0.0691106
0.185547 -0.0701594
0.199707 -0.0711937
0.219727 -0.0721575
0.19873 -0.0728196
0.190918 -0.0734999
0.18457 -0.0741003
0.208008 -0.0745322
0.211914 -0.074934
0.180664 -0.0753314
0.1875 -0.0758182
0.193359 -0.076415
0.191406 -0.0772113
0.179688 -0.0780045
0.178711 -0.0789232
0.177734 -0.0798956
0.184082 -0.0807973
0.207031 -0.0817625
0.224609 -0.0828215
0.222168 -0.0837557
0.218262 -0.0846456
0.204102 -0.0854688
0.212891 -0.0862432
0.206543 -0.0870174
0.195312 -0.0875964
0.168945 -0.0881458
0.179688 -0.0885646
0.181641 -0.0892716
0.205566 -0.0900477
0.212891 -0.0908699
0.227051 -0.0917751
0.234863 -0.0924216
0.210449 -0.0930584
0.211914 -0.0935507
0.223633 -0.0941379
0.206055 -0.0947202
0.179688 -0.0953575
0.203125 -0.0960785
0.208008 -0.0968183
0.23291 -0.0974837
0.242676 -0.0981727
0.229492 -0.0988221
0.229492 -0.0994722
0.227539 -0.10019
0.208496 -0.100973
0.195312 -0.10187
0.180664 -0.102617
0.166504 -0.103609
0.15918 -0.104617
0.170898 -0.105705
0.16748 -0.106666
0.165039 -0.107563
0.157715 -0.108662
0.145996 -0.109531
0.12207 -0.110429
0.118652 -0.111402
0.124512 -0.112274
0.126465 -0.113232
0.125488 -0.114043
0.125977 -0.114879
0.125488 -0.115889
0.130859 -0.116946
0.133301 -0.117966
0.128906 -0.118762
0.133789 -0.119366
0.131348 -0.120131
0.12207 -0.120795
0.148438 -0.121393
0.149414 -0.12184
0.147461 -0.122401
0.140625 -0.122781
0.160645 -0.12341
0.147949 -0.124015
0.154297 -0.12461
0.177734 -0.125439
0.171387 -0.126347
0.148438 -0.127081
0.138184 -0.12803
0.134766 -0.128972
0.134277 -0.129889
0.138672 -0.130717
0.130859 -0.131589
0.116211 -0.132357
0.135742 -0.133158
0.141113 -0.133686
0.120117 -0.134284
0.117188 -0.135149
0.0820312 -0.136038
0.0805664 -0.1368
0.0888672 -0.137571
0.0888672 -0.138449
0.0810547 -0.139248
0.0834961 -0.140137
0.0708008 -0.141058
0.0678711 -0.141911
0.0415039 -0.142587
0.0629883 -0.143351
0.0654297 -0.14404
0.0678711 -0.144662
0.0844727 -0.145223
0.105957 -0.145639
0.104004 -0.146261
0.112305 -0.146885
0.12207 -0.147346
0.12207 -0.147724
0.113281 -0.148017
0.131836 -0.148578
0.146973 -0.148977
0.153809 -0.149444
0.162598 -0.149912
0.162598 -0.150202
0.15918 -0.150492
0.174805 -0.150723
0.148438 -0.150857
0.140625 -0.151131
0.140137 -0.1514
0.141113 -0.151759
0.135254 -0.151974
0.152832 -0.152254
0.146484 -0.15249
0.154785 -0.152855
0.158203 -0.153417
0.153809 -0.15386
0.150391 -0.15454
0.152344 -0.155116
0.146484 -0.155782
0.150879 -0.156417
0.147949 -0.157148
0.128906 -0.157679
0.143555 -0.15811
0.14502 -0.158525
0.168945 -0.158909
0.168945 -0.159423
0.155762 -0.160178
0.162109 -0.160948
0.185059 -0.161663
0.187012 -0.1625
0.200195 -0.163317
0.208496 -0.164261
0.252441 -0.164978
0.240723 -0.165607
0.244141 -0.166238
0.244629 -0.166946
0.25 -0.167829
0.218262 -0.168721
0.239746 -0.16964
0.267578 -0.170515
0.272461 -0.171415
0.273438 -0.172182
0.272949 -0.172919
0.279297 -0.173689
0.253906 -0.17427
0.239258 -0.174836
0.210449 -0.175573
0.203613 -0.176366
0.206055 -0.177334
0.192871 -0.178306
0.194336 -0.179194
0.203613 -0.180227
0.211914 -0.181352
0.228516 -0.18253
0.189941 -0.183794
0.186035 -0.185095
0.174316 -0.186385
0.169434 -0.187549
0.17627 -0.188757
0.166504 -0.189861
0.161621 -0.191068
0.172852 -0.192316
0.168457 -0.193365
0.167969 -0.194416
0.165527 -0.195563
0.142578 -0.196656
0.115723 -0.197801
0.157715 -0.198882
0.166992 -0.199971
0.167969 -0.201071
0.184082 -0.202057
0.167969 -0.203224
0.161621 -0.204524
0.174316 -0.205782
0.171875 -0.206952
0.179199 -0.208108
0.190918 -0.209258
0.187012 -0.210176
0.174805 -0.211216
0.165039 -0.212403
0.148926 -0.213758
0.18457 -0.215286
0.188477 -0.21679
0.203613 -0.218506
0.203613 -0.220127
0.185059 -0.221739
0.190918 -0.223539
0.201172 -0.225299
0.195801 -0.227051
0.187012 -0.228801
0.179199 -0.230504
0.169434 -0.231998
0.17041 -0.233569
0.17334 -0.235197
0.158203 -0.236806
0.158203 -0.238544
0.172852 -0.240322
0.189453 -0.241993
0.211426 -0.24357
0.23584 -0.245027
0.237305 -0.246372
0.232422 -0.247871
0.237793 -0.249328
0.26123 -0.251067
0.253418 -0.252608
0.241211 -0.254052
0.237305 -0.255593
0.227539 -0.257064
0.195312 -0.258516
0.194824 -0.260033
0.210449 -0.261414
0.212402 -0.262557
0.231934 -0.263565
0.230469 -0.264619
0.270508 -0.265854
0.252441 -0.266888
0.223145 -0.267964
0.20752 -0.269105
0.20752 -0.270214
0.199219 -0.271176
0.179199 -0.272183
0.171387 -0.27305
0.17041 -0.273834
0.15918 -0.274695
0.144531 -0.276004
0.142578 -0.277433
0.129395 -0.2787
0.104004 -0.279741
0.127441 -0.280862
0.116211 -0.28198
0.145508 -0.283071
0.12793 -0.2842
0.12207 -0.285647
0.110352 -0.287064
0.0922852 -0.288667
0.102539 -0.290046
0.126465 -0.291403
0.133301 -0.29263
0.130859 -0.293734
0.128418 -0.294618
0.117676 -0.29559
0.101074 -0.296434
0.106934 -0.297225
0.102539 -0.297934
0.116699 -0.298732
0.125 -0.299318
0.111816 -0.300007
0.118164 -0.300755
0.124512 -0.301386
0.0991211 -0.302158
0.102539 -0.302905
0.109863 -0.303594
0.124512 -0.304317
0.10498 -0.305159
0.103516 -0.305968
0.0874023 -0.306781
0.103516 -0.307559
0.108398 -0.308581
0.106934 -0.3095
0.11377 -0.310238
0.0932617 -0.310881
0.108887 -0.31138
0.0844727 -0.312069
0.0581055 -0.31306
0.0537109 -0.314141
0.0712891 -0.315049
0.0761719 -0.316114
0.0756836 -0.317399
0.0874023 -0.318595
0.0898438 -0.319814
0.0966797 -0.321025
0.0966797 -0.322409
0.106934 -0.323869
0.121582 -0.325486
0.081543 -0.32692
0.0688477 -0.328388
0.0878906 -0.329645
0.078125 -0.331055
0.0664062 -0.332593
0.0732422 -0.33402
0.0522461 -0.335319
0.0532227 -0.336668
0.0463867 -0.338024
0.0366211 -0.339382
0.0283203 -0.340741
0.0170898 -0.342054
0.00390625 -0.343462
0.00195312 -0.34492
0.0317383 -0.34623
0.000976562 -0.347737
0.0332031 -0.348971
0.0361328 -0.350125
0.0615234 -0.351195
0.090332 -0.352207
0.0976562 -0.353117
0.116699 -0.354015
0.0927734 -0.354925
0.0737305 -0.355972
0.0791016 -0.357127
0.097168 -0.358238
0.0952148 -0.359114
0.115723 -0.359785
0.104004 -0.360479
0.116211 -0.361198
0.110352 -0.361729
0.0898438 -0.362145
0.117188 -0.36253
0.125488 -0.363005
0.108887 -0.363645
0.12207 -0.364281
0.133789 -0.364911
0.13623 -0.365433
0.128906 -0.365985
0.145508 -0.366353
0.134277 -0.366533
0.134277 -0.366663
0.124023 -0.366612
0.105469 -0.366521
0.129883 -0.366436
0.139648 -0.366467
0.152832 -0.366427
0.154785 -0.366394
0.137207 -0.366333
0.144531 -0.366259
0.13623 -0.366118
0.12793 -0.365802
0.111328 -0.365483
0.123535 -0.365141
0.107422 -0.364998
0.116211 -0.36487
0.126465 -0.36487
0.127441 -0.364914
0.134766 -0.364948
0.120605 -0.364966
0.140625 -0.3651
0.128906 -0.365185
0.117188 -0.365136
0.129395 -0.365213
0.125977 -0.36503
0.153809 -0.364903
0.125 -0.3647
0.137695 -0.364301
0.117188 -0.363932
0.108887 -0.363603
0.104492 -0.363177
0.110352 -0.362895
0.112305 -0.362516
0.131836 -0.36218
0.140137 -0.361781
0.129883 -0.361523
0.136719 -0.361275
0.144043 -0.36104
0.131348 -0.360847
0.102051 -0.360411
0.100098 -0.359855
0.10498 -0.35941
0.0966797 -0.358918
0.0893555 -0.358517
0.110352 -0.358053
0.0986328 -0.357557
0.0961914 -0.357041
0.105957 -0.356532
0.123535 -0.356069
0.124023 -0.355407
0.127441 -0.354839
0.123047 -0.354191
0.122559 -0.353802
0.109375 -0.353185
0.0786133 -0.352636
0.0825195 -0.351989
0.0654297 -0.351418
0.065918 -0.350763
0.0673828 -0.350217
0.0834961 -0.349771
0.0878906 -0.349201
0.0756836 -0.34843
0.0859375 -0.347702
0.0805664 -0.34686
0.0869141 -0.346007
0.074707 -0.345258
0.074707 -0.344515
0.0625 -0.343906
0.0595703 -0.343458
0.0454102 -0.343133
0.0458984 -0.342803
0.0571289 -0.342364
0.0683594 -0.34181
0.0693359 -0.341425
0.0776367 -0.341225
0.078125 -0.340789
0.0561523 -0.34051
0.078125 -0.340323
0.0771484 -0.339744
0.0751953 -0.339258
0.100586 -0.33863
0.11084 -0.337868
0.100586 -0.337007
0.100586 -0.336236
0.0820312 -0.335471
0.104492 -0.334888
0.0976562 -0.334392
0.105957 -0.333777
0.0947266 -0.333222
0.112793 -0.332557
0.120605 -0.331883
0.144531 -0.331344
0.125977 -0.330718
0.144043 -0.329979
0.156738 -0.32933
0.174805 -0.328722
0.135254 -0.328131
0.147949 -0.32764
0.168457 -0.32703
0.179688 -0.326418
0.195312 -0.325599
0.191406 -0.324776
0.181641 -0.32406
0.179199 -0.323235
0.155762 -0.322614
0.145508 -0.321981
0.14502 -0.321457
0.143066 -0.320845
0.150879 -0.320235
0.126465 -0.319533
0.139648 -0.318832
0.134766 -0.31817
0.12793 -0.317492
0.139648 -0.31684
0.150879 -0.316196
0.140137 -0.315535
0.145508 -0.315151
0.123535 -0.314788
0.128418 -0.314583
0.130371 -0.314361
0.114258 -0.314117
0.121094 -0.31393
0.13916 -0.31359
0.138184 -0.313032
0.153809 -0.312707
0.172363 -0.31249
0.193359 -0.312345
0.17041 -0.311932
0.171387 -0.311397
0.152832 -0.310662
0.145508 -0.309994
0.118164 -0.30936
0.141602 -0.308543
0.133789 -0.307688
0.113281 -0.306874
0.105469 -0.306182
0.108398 -0.305336
0.100098 -0.304453
0.0986328 -0.303669
0.104004 -0.303015
0.114258 -0.302515
0.120117 -0.301952
0.110352 -0.301179
0.0786133 -0.300624
0.0712891 -0.299957
0.0874023 -0.299284
0.0786133 -0.298612
0.0634766 -0.298162
0.0717773 -0.297506
0.0766602 -0.29699
0.0600586 -0.296402
0.0532227 -0.295804
0.0336914 -0.295439
0.059082 -0.295092
0.0317383 -0.29463
0.0532227 -0.29443
0.0512695 -0.294022
0.0698242 -0.293576
0.0717773 -0.293257
0.0732422 -0.292874
0.046875 -0.292603
0.0551758 -0.29237
0.0185547 -0.2922
0.0078125 -0.291831
0.0078125 -0.291608
0.00585938 -0.291177
0.000976562 -0.290676
0.00244141 -0.29022
0 -0.28996
0.0107422 -0.289466
0.043457 -0.289016
0.0610352 -0.288495
0.0512695 -0.288129
0.0688477 -0.287686
0.081543 -0.287093
0.0820312 -0.286323
0.0795898 -0.285566
0.0742188 -0.284911
0.0766602 -0.284235
0.0478516 -0.283764
0.0488281 -0.283403
0.0400391 -0.283221
0.0517578 -0.282979
0.0585938 -0.282596
0.043457 -0.282415
0.0263672 -0.282266
0.0395508 -0.282322
0.0429688 -0.282371
0.0546875 -0.282581
0.059082 -0.282979
0.0410156 -0.283421
0.0244141 -0.283875
0.0205078 -0.284227
0.0205078 -0.284535
0.0166016 -0.284898
0.00683594 -0.285542
0.0107422 -0.286156
0.00878906 -0.286778
0.0405273 -0.287201
0.0556641 -0.287497
0.0483398 -0.287712
0.043457 -0.288066
0.0283203 -0.288381
0.019043 -0.288509
0.0185547 -0.288728
0.00732422 -0.288976
0.0341797 -0.289053
0.0390625 -0.289011
0.0400391 -0.289213
0.0356445 -0.289612
0.0214844 -0.290163
0.0200195 -0.290599
0.00244141 -0.290951
0.00585938 -0.291441
0.012207 -0.291921
0.00585938 -0.292569
0.000488281 -0.293108
0.0209961 -0.293657
0.00390625 -0.294249
0.0107422 -0.29479
0.0214844 -0.295219
0.0249023 -0.295701
0.0175781 -0.29617
0.0263672 -0.296494
0.00927734 -0.296704
0.0341797 -0.296717
0.0454102 -0.296559
0.0605469 -0.296455
0.078125 -0.296555
0.0693359 -0.296503
0.0649414 -0.296728
0.0546875 -0.296916
0.0488281 -0.297198
0.0517578 -0.297476
0.0263672 -0.297849
0.0356445 -0.298364
0.0415039 -0.298883
0.0585938 -0.299455
0.0649414 -0.300065
0.0537109 -0.300598
0.0498047 -0.300998
0.0463867 -0.301174
0.0507812 -0.301383
0.0551758 -0.301503
0.0537109 -0.301622
0.0673828 -0.301607
0.0737305 -0.301497
0.0932617 -0.301307
0.11084 -0.301042
0.108398 -0.300844
0.0854492 -0.300704
0.0922852 -0.300389
0.10498 -0.300245
0.113281 -0.299974
0.0947266 -0.299965
0.0595703 -0.300358
0.0595703 -0.300615
0.0400391 -0.300571
0.0634766 -0.300546
0.050293 -0.300384
0.0546875 -0.300146
0.0639648 -0.299965
0.0761719 -0.299658
0.0541992 -0.299414
0.0844727 -0.299392
0.0830078 -0.299391
0.0776367 -0.299161
0.0888672 -0.298885
0.101074 -0.298601
0.0712891 -0.298157
0.0776367 -0.297668
0.105957 -0.297368
0.0932617 -0.296932
0.0766602 -0.296523
0.0888672 -0.296114
0.0908203 -0.295721
0.115723 -0.295222
0.110352 -0.294488
0.0732422 -0.294023
0.0410156 -0.293873
0.043457 -0.293716
0.0571289 -0.293487
0.0786133 -0.293482
0.078125 -0.293479
0.074707 -0.293486
0.0712891 -0.293482
0.0742188 -0.293496
0.0507812 -0.293538
0.0336914 -0.293458
0.0332031 -0.293609
0.0361328 -0.293625
0.0488281 -0.293442
0.0605469 -0.293083
0.0629883 -0.292916
0.0551758 -0.293
0.0771484 -0.293006
0.0541992 -0.293097
0.0571289 -0.293072
0.0917969 -0.293025
0.0917969 -0.292707
0.0849609 -0.292425
0.0810547 -0.291998
0.0986328 -0.291711
0.0766602 -0.291343
0.0893555 -0.290905
0.081543 -0.290599
0.0869141 -0.290346
0.0991211 -0.289944
0.0839844 -0.289461
0.0820312 -0.288881
0.0551758 -0.288478
0.0717773 -0.2878
0.0849609 -0.287348
0.0766602 -0.287032
0.0673828 -0.286818
0.0585938 -0.286448
0.046875 -0.286015
0.0463867 -0.285462
0.0561523 -0.284812
0.0600586 -0.284129
0.0791016 -0.283397
0.0703125 -0.282643
0.0844727 -0.281992
0.0673828 -0.281404
0.0751953 -0.280783
0.0942383 -0.280033
0.0932617 -0.279215
0.103516 -0.278577
0.0883789 -0.278075
0.0761719 -0.277721
0.0776367 -0.277245
0.103516 -0.276788
0.0996094 -0.275988
0.0952148 -0.275284
0.0913086 -0.274522
0.119141 -0.273801
0.108398 -0.2729
0.0888672 -0.272074
0.0893555 -0.271142
0.0683594 -0.270189
0.0683594 -0.269144
0.0527344 -0.267795
0.0283203 -0.266728
0.0556641 -0.265627
0.0307617 -0.264541
0.0244141 -0.263692
0.0292969 -0.26271
0.0136719 -0.261465
0.00439453 -0.260264
0.000488281 -0.259189
0.00683594 -0.258256
0.0205078 -0.257085
0.0307617 -0.255763
0.0195312 -0.254446
0.012207 -0.253362
0.0405273 -0.252331
0.0200195 -0.251045
0.0361328 -0.249868
0.03125 -0.248707
0.0336914 -0.247605
0.00488281 -0.246569
0.0117188 -0.245437
0.00634766 -0.244193
0.0126953 -0.242856
0.00585938 -0.241578
0.0195312 -0.240389
0.0141602 -0.239063
0.0224609 -0.23779
0.0224609 -0.236682
0.0151367 -0.235531
0.0551758 -0.234096
0.0512695 -0.232673
0.0742188 -0.231158
0.0541992 -0.229338
0.0556641 -0.227673
0.0532227 -0.22578
0.0610352 -0.224059
0.0600586 -0.222207
0.0981445 -0.220273
0.10498 -0.218373
0.0976562 -0.216467
0.097168 -0.214558
0.103516 -0.212669
0.0947266 -0.210929
0.0844727 -0.209144
0.0810547 -0.207398
0.0737305 -0.205569
0.0751953 -0.203896
0.059082 -0.202171
0.0600586 -0.200206
0.0644531 -0.198092
0.0458984 -0.196188
0.0703125 -0.194116
0.0893555 -0.192319
0.0751953 -0.190639
0.0913086 -0.188822
0.106445 -0.187184
0.0878906 -0.185699
0.11377 -0.184253
0.101074 -0.182505
0.0947266 -0.180843
0.0913086 -0.179133
0.104004 -0.177412
0.100098 -0.175764
0.0751953 -0.17379
0.0576172 -0.171847
0.050293 -0.169818
0.0493164 -0.167757
0.0463867 -0.165842
0.0498047 -0.16388
0.046875 -0.161876
0.0454102 -0.160044
0.0795898 -0.158229
0.108398 -0.156577
0.121094 -0.15472
0.138184 -0.15276
0.14502 -0.150415
0.145508 -0.147958
0.144531 -0.145605
0.12793 -0.143215
0.133789 -0.140887
0.135742 -0.138675
0.139648 -0.136518
0.140137 -0.13436
0.169922 -0.13228
0.185059 -0.13008
0.153809 -0.127745
0.182129 -0.125486
0.177246 -0.123357
0.184082 -0.121322
0.17041 -0.119197
0.181641 -0.117102
0.17041 -0.115002
0.176758 -0.112773
0.165039 -0.110815
0.188965 -0.108821
0.17627 -0.10703
0.175781 -0.104952
0.165039 -0.103006
0.17041 -0.100957
0.174316 -0.0989557
0.166016 -0.096988
0.174316 -0.0948288
0.197754 -0.0927305
0.20459 -0.0907198
0.195312 -0.0889092
0.187012 -0.086935
0.206543 -0.0850141
0.200195 -0.0830065
0.200195 -0.0808138
0.174316 -0.0785868
0.170898 -0.076423
0.197754 -0.0741837
0.197266 -0.0719421
0.187988 -0.0699558
0.200195 -0.0680561
0.188965 -0.0658897
0.205078 -0.0636098
0.169434 -0.0613748
0.179688 -0.0593048
0.165527 -0.0570993
0.178711 -0.0550559
0.179688 -0.0531984
0.189453 -0.0514936
0.188477 -0.0495895
0.188477 -0.0477622
0.189941 -0.0459601
0.196777 -0.0440986
0.184082 -0.0422676
0.197266 -0.0406157
0.187012 -0.0388222
0.189453 -0.0370321
0.23291 -0.0353446
0.223145 -0.0334469
0.224609 -0.0318648
0.177734 -0.0304057
0.203613 -0.029079
0.205078 -0.0276395
0.20166 -0.0262866
0.166504 -0.0248564
0.168945 -0.023283
0.172852 -0.0219312
0.144043 -0.0205831
0.155273 -0.0192328
0.169434 -0.0179709
0.159668 -0.0166056
0.130859 -0.0152195
0.125488 -0.0138654
0.155273 -0.0127517
0.141113 -0.0114066
0.140625 -0.0100042
0.106934 -0.0089347
0.081543 -0.00817359
0.0610352 -0.00737634
0.0825195 -0.00663024
0.102051 -0.00559741
0.106445 -0.00446616
0.119629 -0.0032656
0.097168 -0.00191783
0.0766602 -0.000424753
0.0878906 0.00100232
0.108887 0.00235326
0.125 0.00320273
0.122559 0.00407866
0.141113 0.00505145
0.126465 0.00601209
0.129883 0.00691762
0.119141 0.00774056
0.116699 0.00858452
0.112305 0.00956374
0.0976562 0.0104249
0.101562 0.0111693
0.0947266 0.0118153
0.0742188 0.0127086
0.0952148 0.0132163
0.10791 0.0138532
0.126953 0.0143685
0.15625 0.0146619
0.131348 0.0151523
0.128418 0.0155022
0.137695 0.01586
0.140625 0.0164107
0.143555 0.0167731
0.144531 0.0174403
0.112305 0.0178402
0.105469 0.018219
0.12207 0.0187932
0.111328 0.019495
0.113281 0.0201387
0.13623 0.0208051
0.125 0.0212298
0.0991211 0.0216696
0.0849609 0.0219755
0.112305 0.0224339
0.127441 0.0227722
0.144043 0.0231143
0.142578 0.0234247
0.138672 0.0237594
0.122559 0.0239557
0.125488 0.0242181
0.118652 0.0246418
0.124023 0.0251601
0.100586 0.0258045
0.120605 0.0265657
0.14502 0.0273506
0.151855 0.0281135
0.168945 0.0288559
0.15625 0.0299174
0.177734 0.0309191
0.183105 0.0319891
0.182129 0.033311
0.182129 0.0346319
0.171387 0.0360242
0.181152 0.0372469
0.180664 0.0386134
0.172852 0.0396574
0.160645 0.0405695
0.147949 0.0413917
0.145996 0.0421169
0.14209 0.0426763
0.152344 0.0433525
0.153809 0.0442384
0.148926 0.0450918
0.150391 0.046076
0.167969 0.0472671
0.185059 0.0486093
0.181641 0.0497347
0.165527 0.0506632
0.144043 0.0517454
0.134766 0.0528247
0.166504 0.0539247
0.142578 0.0550319
0.149414 0.0560719
0.161133 0.057063
0.190918 0.0579779
0.20459 0.0588744
0.223145 0.059895
0.212891 0.0610979
0.219727 0.0623007
0.210938 0.0636694
0.195312 0.0649785
0.178223 0.0664069
0.158691 0.067774
0.156738 0.0690922
0.187988 0.0703733
0.17041 0.0713673
0.187012 0.0721092
0.183105 0.0730105
0.189453 0.0739875
0.180664 0.0748291
0.209961 0.0755406
0.194824 0.0764527
0.193848 0.0771791
0.217773 0.0778991
0.243164 0.0786656
0.242676 0.0794394
0.256836 0.0802063
0.250977 0.0811934
0.237305 0.0821457
0.219727 0.0831363
0.200195 0.0838493
0.200195 0.0843696
0.196289 0.0846505
0.179199 0.085065
0.19873 0.0855702
0.189941 0.0861731
0.17627 0.086635
0.214355 0.0871156
0.195312 0.087311
0.199707 0.0873518
0.19873 0.0873345
0.216309 0.0872313
0.21875 0.0870231
0.216309 0.0870087
0.216797 0.0869463
0.220703 0.0870149
0.241211 0.0869583
0.257812 0.0868498
0.257812 0.0869024
0.259766 0.0869049
0.251953 0.0867941
0.283203 0.0866088
0.282715 0.0866594
0.261719 0.0867049
0.25 0.0869303
0.25 0.0870602
0.263672 0.0871597
0.263184 0.0873638
0.27832 0.0876831
0.280762 0.0878797
0.268555 0.0880619
0.27002 0.0881465
0.265137 0.088117
0.267578 0.0878239
0.258301 0.0873754
0.269043 0.0868666
0.248535 0.0865478
0.240723 0.0862133
0.265137 0.0858599
0.260254 0.0855449
0.249512 0.0849538
0.249023 0.0843557
0.231934 0.0839892
0.235352 0.0837133
0.254395 0.0836926
0.217285 0.0840446
0.203125 0.0843851
0.174805 0.0847201
0.167969 0.0849574
0.150879 0.0851554
0.17334 0.0855612
0.177734 0.0861956
0.187012 0.0867771
0.178711 0.0872295
0.175293 0.0877426
0.139648 0.0882248
0.149902 0.0888936
0.166504 0.0893833
0.161133 0.0898807
0.179199 0.0903779
0.177246 0.0907779
0.164551 0.091169
0.14502 0.0915308
0.151367 0.0917431
0.147949 0.0920888
0.165039 0.0923337
0.170898 0.0928626
0.146973 0.0933384
0.180664 0.0939805
0.224609 0.0946848
0.233887 0.0954262
0.227539 0.0961031
0.222168 0.0969912
0.20459 0.0980056
0.198242 0.0990413
0.209961 0.100131
0.199219 0.101148
0.195312 0.102284
0.175781 0.103311
0.175293 0.104351
0.168945 0.105435
0.187012 0.106897
0.195312 0.108564
0.20166 0.109868
0.219238 0.111276
0.194824 0.112739
0.181641 0.114261
0.210938 0.115644
0.197266 0.117237
0.210449 0.118817
0.18457 0.1201
0.185059 0.121545
0.19873 0.123078
0.223145 0.124612
0.215332 0.126337
0.210938 0.12795
0.249023 0.129294
0.241699 0.130967
0.283203 0.132435
0.281738 0.133951
0.294922 0.135329
0.282227 0.136766
0.272949 0.137963
0.272949 0.139358
0.27002 0.14068
0.306641 0.14198
0.293457 0.143547
0.308594 0.144839
0.317383 0.146322
0.3125 0.147614
0.317871 0.148705
0.308594 0.14972
0.291992 0.150751
0.319824 0.151515
0.316895 0.152337
0.300781 0.153432
0.27832 0.15431
0.291504 0.154982
0.29248 0.155684
0.307129 0.156491
0.276855 0.157169
0.270996 0.15776
0.279785 0.15856
0.268066 0.159338
0.262695 0.159904
0.258789 0.160514
0.271973 0.161113
0.266113 0.161768
0.244141 0.162865
0.251953 0.163932
0.24707 0.165103
0.235352 0.166116
0.23877 0.167268
0.213867 0.168307
0.224121 0.16934
0.246094 0.170681
0.263184 0.171781
0.253906 0.173057
0.222656 0.174182
0.233887 0.175226
0.246582 0.176251
0.226074 0.177113
0.225098 0.177988
0.23291 0.178702
0.259277 0.179286
0.249512 0.179953
0.245117 0.180685
0.234863 0.181267
0.226562 0.181684
0.224121 0.18209
0.230957 0.182673
0.228027 0.183453
0.243164 0.184396
0.232422 0.185367
0.234863 0.186257
0.22998 0.187254
0.228516 0.188356
0.252441 0.189458
0.268555 0.190594
0.264648 0.191583
0.271484 0.192774
0.276367 0.194292
0.264648 0.195672
0.277832 0.196956
0.286621 0.198088
0.303223 0.199069
0.290527 0.19992
0.286621 0.200657
0.294922 0.201457
0.297852 0.202615
0.301758 0.203767
0.31543 0.20503
0.327637 0.206332
0.33252 0.207603
0.338867 0.208769
0.331055 0.20955
0.323242 0.210345
0.330078 0.211172
0.351562 0.212249
0.32373 0.213168
0.317383 0.214117
0.34082 0.21505
0.348633 0.215915
0.369141 0.216949
0.334961 0.218042
0.319336 0.219541
0.306152 0.221072
0.339355 0.222835
0.365234 0.224645
0.381348 0.226348
0.407715 0.228091
0.394531 0.229959
0.391602 0.231756
0.381836 0.233319
0.354004 0.235084
0.357422 0.236452
0.359863 0.237802
0.36377 0.239121
0.391113 0.240611
0.374512 0.242211
0.387207 0.24347
0.405762 0.244958
0.405273 0.246603
0.410156 0.248483
0.418945 0.250375
0.432617 0.252326
0.436035 0.254452
0.431641 0.256514
0.416016 0.258555
0.40918 0.260297
0.403809 0.262096
0.406738 0.263431
0.395996 0.264666
0.416016 0.265745
0.41748 0.266838
0.402344 0.268066
0.411133 0.269364
0.414551 0.270499
0.38623 0.271508
0.381348 0.272447
0.399902 0.273417
0.398926 0.274272
0.395508 0.27518
0.415527 0.27615
0.436035 0.277148
0.401367 0.278227
0.400391 0.279017
0.42041 0.2798
0.408691 0.280528
0.408691 0.281085
0.410156 0.281925
0.409668 0.28268
0.394531 0.283466
0.361328 0.284057
0.35791 0.284381
0.366211 0.284835
0.366211 0.285626
0.37207 0.286389
0.387695 0.286899
0.404785 0.287949
0.427246 0.288933
0.425293 0.290269
0.406738 0.291464
0.400391 0.292572
0.361816 0.29368
0.343262 0.294728
0.336914 0.295622
0.338867 0.296672
0.324219 0.297538
0.318848 0.298436
0.336914 0.299263
0.312988 0.299774
0.33252 0.300446
0.325195 0.301102
0.328613 0.301672
0.36084 0.302314
0.35498 0.302779
0.330566 0.303349
0.334473 0.303867
0.331055 0.304292
0.344238 0.304589
0.332031 0.304948
0.335449 0.305212
0.326172 0.30528
0.366211 0.305384
0.334961 0.305625
0.356445 0.305535
0.361328 0.305311
0.36084 0.305227
0.358398 0.305092
0.335449 0.305034
0.342285 0.305005
0.327148 0.304955
0.317383 0.304744
0.324707 0.304226
0.338379 0.303784
0.343262 0.303459
0.357422 0.303072
0.338379 0.302574
0.3125 0.302147
0.317383 0.301958
0.31543 0.301581
0.306641 0.301343
0.316406 0.301307
0.314941 0.301442
0.352539 0.301623
0.343262 0.302029
0.352539 0.302397
0.34082 0.302705
0.350098 0.3031
0.352539 0.303599
0.357422 0.304023
0.349609 0.304266
0.367188 0.304515
0.373535 0.30461
0.367188 0.304721
0.367188 0.304864
0.380371 0.304833
0.394043 0.304677
0.433105 0.304823
0.472168 0.304738
0.453125 0.304665
0.451172 0.304408
0.430664 0.304102
0.425293 0.303493
0.421387 0.302905
0.40918 0.3023
0.427734 0.301716
0.402344 0.30132
0.404297 0.300695
0.407715 0.299953
0.396973 0.299518
0.391602 0.298867
0.391602 0.298262
0.416992 0.297686
0.42334 0.297018
0.44873 0.296354
0.472168 0.295816
0.479004 0.29558
0.478516 0.295215
0.472656 0.294759
0.476562 0.29456
0.494629 0.294446
0.494141 0.294503
0.493652 0.29449
0.500488 0.294295
0.499512 0.294089
0.502441 0.293898
0.510742 0.293685
0.530273 0.29334
0.531738 0.293179
0.539062 0.292734
0.528809 0.292299
0.509277 0.291893
0.530762 0.291389
0.529785 0.290984
0.541992 0.290704
0.519531 0.290423
0.520996 0.290223
0.533691 0.289961
0.538574 0.289456
0.556152 0.289299
0.559082 0.288939
0.555664 0.288827
0.5625 0.288677
0.557129 0.288251
0.543945 0.287959
0.553223 0.287287
0.530762 0.286602
0.519043 0.286002
0.520996 0.2854
0.501465 0.284772
0.501465 0.283966
0.487793 0.283183
0.49707 0.28242
0.484375 0.281446
0.493652 0.280626
0.467285 0.279658
0.485352 0.278699
0.491699 0.277817
0.476074 0.276685
0.472168 0.275636
0.452637 0.274469
0.465332 0.273428
0.494141 0.272546
0.494629 0.271892
0.515625 0.271179
0.48291 0.270386
0.465332 0.269556
0.458496 0.268627
0.440918 0.267843
0.424805 0.266933
0.436523 0.265821
0.430664 0.264542
0.415527 0.26291
0.396484 0.26139
0.406738 0.259576
0.424316 0.257812
0.436035 0.25598
0.437012 0.254119
0.424805 0.252523
0.442383 0.250957
0.436035 0.249421
0.414062 0.247861
0.422363 0.24604
0.398438 0.243983
0.374512 0.242072
0.358398 0.240091
0.382812 0.238167
0.374512 0.236399
0.36084 0.234609
0.347656 0.232946
0.350098 0.23139
0.340332 0.229798
0.356934 0.228394
0.358398 0.2273
0.358887 0.226118
0.356934 0.225004
0.342773 0.223798
0.336426 0.222287
0.33252 0.220633
0.349609 0.218784
0.344238 0.217056
0.362793 0.21509
0.349121 0.213173
0.349609 0.211502
0.328613 0.209873
0.304199 0.208208
0.306641 0.206253
0.313965 0.204206
0.304199 0.202075
0.306641 0.19992
0.299805 0.198058
0.300781 0.195873
0.282715 0.193509
0.279297 0.191207
0.276855 0.18852
0.280273 0.185863
0.271484 0.183221
0.262695 0.180505
0.255859 0.177802
0.246582 0.17518
0.260254 0.172786
0.275879 0.170693
0.268555 0.168681
0.273438 0.166746
0.255371 0.164947
0.230469 0.163387
0.21875 0.161629
0.23877 0.160337
0.242188 0.158914
0.248047 0.157458
0.233398 0.156087
0.236816 0.154768
0.245117 0.153606
0.252441 0.152279
0.226562 0.150719
0.214844 0.149267
0.20752 0.147897
0.20459 0.146545
0.227539 0.145364
0.224121 0.144235
0.225098 0.143104
0.22998 0.142015
0.215332 0.140993
0.211426 0.140074
0.21875 0.139125
0.218262 0.138371
0.241699 0.137583
0.234863 0.137008
0.22168 0.135998
0.210938 0.134755
0.223145 0.13359
0.23291 0.132376
0.210449 0.131214
0.227539 0.129799
0.229492 0.128487
0.25 0.12719
0.262207 0.126093
0.253418 0.125019
0.237793 0.124209
0.212402 0.123418
0.226074 0.122496
0.249512 0.121461
0.276367 0.12027
0.291992 0.119113
0.302246 0.117983
0.296875 0.116986
0.287598 0.116323
0.311523 0.115833
0.304688 0.115226
0.258789 0.114787
0.277832 0.114152
0.265625 0.11331
0.233398 0.112576
0.229004 0.111954
0.225098 0.111245
0.228516 0.110546
0.235352 0.109767
0.231445 0.108827
0.206055 0.108075
0.212402 0.107564
0.246094 0.106771
0.224609 0.106111
0.230469 0.105346
0.206543 0.104409
0.229492 0.103513
0.203125 0.102688
0.206055 0.101645
0.224609 0.100439
0.193848 0.0988933
0.175293 0.0974865
0.178711 0.0959088
0.169434 0.0939462
0.180664 0.0920447
0.185547 0.0900439
0.191406 0.088016
0.202637 0.0860957
0.205566 0.0842493
0.217773 0.0824273
0.226562 0.080513
0.234863 0.0790143
0.223145 0.0774917
0.214355 0.0758626
0.251953 0.0743892
0.239258 0.0731234
0.250977 0.0719142
0.229492 0.0707813
0.236328 0.0695842
0.265625 0.0681974
0.266602 0.0664694
0.26416 0.0648044
0.258301 0.0631304
0.241699 0.0613833
0.21582 0.0596836
0.205078 0.0578763
0.187012 0.0559812
0.197266 0.0540249
0.193359 0.0519452
0.209961 0.0497171
0.19873 0.0474923
0.194824 0.0453974
0.20166 0.0434031
0.185547 0.0415726
0.14209 0.0396188
0.161133 0.0376766
0.157227 0.0357513
0.162109 0.0338154
0.145508 0.0321157
0.152344 0.0300367
0.156738 0.0279676
0.178711 0.0258664
0.158203 0.0237331
0.162109 0.0214232
0.163086 0.0190786
0.193359 0.0166662
0.205566 0.0142541
0.242676 0.0119146
0.237793 0.00959199
0.244141 0.00717199
0.216797 0.00465251
0.223145 0.00229308
0.225098 -0.000192489
0.205566 -0.00236298
0.219727 -0.0042668
0.206055 -0.00597471
0.210449 -0.00789414
0.185059 -0.00975941
0.186523 -0.0117327
0.209961 -0.0138996
0.229492 -0.015859
0.237793 -0.0176315
0.229004 -0.0195333
0.231934 -0.021371
0.240234 -0.0233947
0.237305 -0.0254364
0.231445 -0.0274562
0.258301 -0.0294171
0.266602 -0.0315393
0.273926 -0.0334043
0.297852 -0.0350038
0.287109 -0.0365425
0.279785 -0.0379456
0.280762 -0.0391322
0.272949 -0.0405487
0.26123 -0.0417921
0.270996 -0.0433182
0.282715 -0.0446999
0.320312 -0.0461668
0.333008 -0.0477254
0.314941 -0.0493928
0.282227 -0.0512187
0.273926 -0.0532515
0.277344 -0.05513
0.272949 -0.0571432
0.286133 -0.0590973
0.313477 -0.0608652
0.290039 -0.062479
0.292969 -0.0640678
0.29834 -0.0657581
0.315918 -0.0672048
0.338379 -0.0687728
0.34668 -0.0702088
0.361328 -0.0716168
0.359375 -0.0728922
0.367188 -0.0741289
0.375 -0.0754326
0.395996 -0.0764112
0.378906 -0.077547
0.389648 -0.0786322
0.422363 -0.0798669
0.428223 -0.0808596
0.416016 -0.081642
0.424805 -0.0822678
0.40918 -0.0829421
0.405273 -0.0838247
0.402344 -0.0846544
0.415527 -0.0856052
0.436035 -0.0864975
0.422363 -0.0872307
0.430176 -0.087957
0.463379 -0.0886509
0.459473 -0.0890521
0.459961 -0.0898206
0.439453 -0.0903456
0.47168 -0.090908
0.471191 -0.0916639
0.478027 -0.0922795
0.500977 -0.092996
0.479492 -0.093793
0.466797 -0.0945482
0.469238 -0.0954477
0.478027 -0.0966733
0.491211 -0.0978133
0.492188 -0.0988415
0.481934 -0.099896
0.5 -0.100974
0.489746 -0.101848
0.480469 -0.102964
0.467285 -0.104086
0.47998 -0.105581
0.482422 -0.107065
0.463379 -0.108522
0.445312 -0.109945
0.439941 -0.111507
0.431152 -0.112834
0.424316 -0.114127
0.445801 -0.115473
0.427734 -0.116931
0.403809 -0.118266
0.393555 -0.119517
0.407227 -0.12068
0.409668 -0.12186
0.414551 -0.123082
0.432129 -0.124334
0.447266 -0.125741
0.454102 -0.127268
0.449707 -0.129237
0.451172 -0.131175
0.5 -0.133132
0.482422 -0.134899
0.478027 -0.136504
0.482422 -0.138176
0.463379 -0.140028
0.466797 -0.141685
0.459961 -0.14332
0.425293 -0.14502
0.421875 -0.146511
0.413086 -0.148214
0.399902 -0.150257
0.397461 -0.152278
0.38623 -0.154498
0.40625 -0.156798
0.414062 -0.159113
0.425781 -0.161703
0.413574 -0.164435
0.406738 -0.167084
0.407227 -0.169914
0.40918 -0.172518
0.385742 -0.175051
0.401367 -0.177667
0.412598 -0.179867
0.399902 -0.182136
0.380371 -0.184532
0.402344 -0.187071
0.380859 -0.189591
0.344727 -0.192137
0.356445 -0.194673
0.347168 -0.1972
0.342285 -0.199685
0.35498 -0.202106
0.369629 -0.204638
0.364258 -0.207225
0.339844 -0.20968
0.321289 -0.212308
0.29834 -0.214794
0.318359 -0.217455
0.320312 -0.219971
0.300781 -0.222249
0.304199 -0.224456
0.293945 -0.226846
0.29541 -0.229371
0.304199 -0.231774
0.300293 -0.23388
0.323242 -0.236018
0.303223 -0.23802
0.305664 -0.240368
0.302246 -0.242907
0.304199 -0.245607
0.297363 -0.248019
0.300781 -0.250711
0.315918 -0.253199
0.318359 -0.255652
0.315918 -0.257968
0.29541 -0.260379
0.291016 -0.262596
0.32666 -0.265073
0.351074 -0.267684
0.32373 -0.270103
0.341797 -0.272851
0.332031 -0.275518
0.342773 -0.277934
0.331055 -0.280145
0.335938 -0.282554
0.330078 -0.284931
0.348145 -0.287494
0.331543 -0.290164
0.333008 -0.292658
0.34375 -0.294896
0.372559 -0.296846
0.37207 -0.29854
0.315918 -0.300391
0.299805 -0.30249
0.344727 -0.304388
0.323242 -0.306085
0.325195 -0.307985
0.300293 -0.309743
0.315918 -0.311782
0.349609 -0.313854
0.342773 -0.315964
0.314453 -0.318175
0.328125 -0.320238
0.333984 -0.322692
0.311523 -0.325085
0.304199 -0.327612
0.311035 -0.329953
0.307617 -0.331993
0.286621 -0.334318
0.279297 -0.336844
0.271484 -0.339286
0.271484 -0.341901
0.282715 -0.344433
0.29248 -0.347003
0.287598 -0.349731
0.270508 -0.352476
0.276367 -0.3551
0.274414 -0.357625
0.245117 -0.360263
0.252441 -0.362752
0.251465 -0.365421
0.259766 -0.368079
0.261719 -0.370296
0.280762 -0.372622
0.25 -0.374886
0.26709 -0.377313
0.257324 -0.379818
0.263672 -0.382235
0.254883 -0.384526
0.254395 -0.386961
0.236328 -0.389241
0.245117 -0.391601
0.234863 -0.394137
0.255371 -0.396475
0.232422 -0.398999
0.216797 -0.401392
0.245605 -0.403601
0.224609 -0.405428
0.221191 -0.407126
0.234375 -0.408778
0.254395 -0.410429
0.243164 -0.411889
0.255371 -0.413618
0.243164 -0.415461
0.244629 -0.416993
0.274414 -0.418692
0.259277 -0.420298
0.270996 -0.422226
0.252441 -0.424148
0.225586 -0.425862
0.234863 -0.428004
0.241211 -0.430001
0.242188 -0.432136
0.225098 -0.434186
0.200684 -0.436157
0.205078 -0.437918
0.20752 -0.439855
0.197754 -0.44174
0.199219 -0.443567
0.205078 -0.44518
0.220215 -0.446603
0.220215 -0.447973
0.223145 -0.449386
0.21582 -0.450604
0.20752 -0.451538
0.191895 -0.452654
0.200684 -0.453826
0.195312 -0.454812
0.192871 -0.455713
0.197266 -0.456575
0.192383 -0.457479
0.168457 -0.458645
0.179199 -0.459787
0.165527 -0.461161
0.157715 -0.462747
0.166992 -0.464202
0.18457 -0.465651
0.183105 -0.467184
0.169922 -0.468479
0.163086 -0.469697
0.148438 -0.470949
0.166016 -0.472337
0.189453 -0.473735
0.172852 -0.475052
0.18457 -0.476374
0.206543 -0.477266
0.20459 -0.478071
0.21875 -0.478697
0.236816 -0.478985
0.23584 -0.479468
0.277344 -0.479975
0.286133 -0.480251
0.283203 -0.48035
0.306641 -0.480624
0.291504 -0.480814
0.26416 -0.481341
0.290527 -0.482034
0.28418 -0.482541
0.264648 -0.483056
0.282227 -0.483613
0.289551 -0.48401
0.271973 -0.484435
0.289551 -0.484939
0.284668 -0.485348
0.288086 -0.486125
0.27002 -0.48684
0.261719 -0.487546
0.262207 -0.488419
0.256348 -0.489297
0.286621 -0.490301
0.282227 -0.491073
0.323242 -0.491733
0.318848 -0.491949
0.31543 -0.492011
0.32959 -0.492243
0.319824 -0.492274
0.318359 -0.492495
0.325195 -0.492847
0.320801 -0.493058
0.3125 -0.493317
0.312012 -0.493795
0.303223 -0.494477
0.30957 -0.494921
0.320312 -0.495524
0.329102 -0.496211
0.320312 -0.496542
0.341309 -0.497002
0.326172 -0.497276
0.318359 -0.49771
0.311035 -0.49811
0.314941 -0.498761
0.296875 -0.49934
0.317383 -0.499748
0.328125 -0.500311
0.317871 -0.500713
0.322754 -0.501229
0.349121 -0.501262
0.355469 -0.501247
0.347656 -0.501025
0.37207 -0.500883
0.355957 -0.500749
0.356445 -0.500417
0.352539 -0.50037
0.354004 -0.500328
0.347168 -0.500393
0.346191 -0.500307
0.358398 -0.50043
0.336426 -0.500612
0.308105 -0.50092
0.309082 -0.501566
0.307129 -0.502277
0.282715 -0.503224
0.283691 -0.504234
0.291992 -0.505359
0.283691 -0.506282
0.275879 -0.507336
0.270996 -0.508641
0.271973 -0.510022
0.284668 -0.511565
0.280762 -0.513131
0.305664 -0.514758
0.313477 -0.515956
0.29248 -0.517148
0.289062 -0.518119
0.290039 -0.519428
0.28125 -0.520904
0.284668 -0.522266
0.29248 -0.523571
0.30127 -0.524665
0.287598 -0.526093
0.300293 -0.527418
0.305176 -0.52895
0.302734 -0.530559
0.317383 -0.532144
0.327637 -0.533855
0.343262 -0.535447
0.319336 -0.536979
0.325195 -0.538743
0.322754 -0.540191
0.322266 -0.541525
0.317383 -0.5429
0.316406 -0.544248
0.320312 -0.545432
0.325684 -0.546578
0.302734 -0.547896
0.293945 -0.549289
0.307617 -0.550687
0.297852 -0.551798
0.286133 -0.552807
0.278809 -0.553757
0.260254 -0.554988
0.250977 -0.556079
0.26709 -0.557127
0.277344 -0.558056
0.268066 -0.559032
0.269043 -0.560119
0.278809 -0.56112
0.299805 -0.56172
0.312988 -0.562244
0.298828 -0.562889
0.303711 -0.563437
0.303223 -0.563936
0.306641 -0.564287
0.280273 -0.564587
0.25 -0.565173
0.229492 -0.565881
0.251465 -0.566459
0.260254 -0.567001
0.246094 -0.567773
0.263184 -0.568564
0.242676 -0.568882
0.239258 -0.569064
0.229004 -0.569257
0.238281 -0.569672
0.266602 -0.57
0.274414 -0.570121
0.287109 -0.57001
0.305664 -0.569603
0.32373 -0.56897
0.302734 -0.56845
0.337402 -0.567947
0.320801 -0.567203
0.306152 -0.566437
0.328613 -0.565708
0.321289 -0.56491
0.312012 -0.564021
0.326172 -0.562903
0.323242 -0.561871
0.353027 -0.560822
0.341797 -0.55957
0.341309 -0.558101
0.347656 -0.556503
0.354004 -0.554795
0.378418 -0.553265
0.381348 -0.551374
0.372559 -0.549838
0.385254 -0.548452
0.343262 -0.546625
0.362793 -0.545063
0.339844 -0.543434
0.354004 -0.542123
0.360352 -0.540515
0.359863 -0.538809
0.372559 -0.537144
0.385742 -0.535202
0.398926 -0.533088
0.39209 -0.530886
0.397461 -0.528746
0.400879 -0.526582
0.41748 -0.524449
0.410156 -0.522584
0.405273 -0.520509
0.421875 -0.51848
0.410156 -0.516497
0.432129 -0.514701
0.452148 -0.512902
0.465332 -0.510836
0.483398 -0.50899
0.464355 -0.507246
0.466797 -0.50513
0.472656 -0.503165
0.479004 -0.501375
0.457031 -0.499714
0.444336 -0.497834
0.433105 -0.496307
0.413574 -0.494837
0.390625 -0.493587
0.412598 -0.492223
0.399414 -0.490429
0.385254 -0.489095
0.393555 -0.487613
0.382812 -0.486325
0.371094 -0.484969
0.34668 -0.4838
0.375977 -0.482443
0.351562 -0.481315
0.358398 -0.480242
0.375488 -0.478944
0.359863 -0.477338
0.358398 -0.475721
0.355469 -0.474378
0.340332 -0.473338
0.356445 -0.472618
0.358887 -0.472033
0.350098 -0.471621
0.334473 -0.471386
0.354004 -0.471496
0.358398 -0.47132
0.334961 -0.471273
0.330566 -0.471516
0.342773 -0.471691
0.350586 -0.471735
0.361328 -0.471708
0.331055 -0.471737
0.318359 -0.47183
0.328125 -0.472165
0.320312 -0.472714
0.29834 -0.473448
0.315918 -0.47476
0.320801 -0.475911
0.307129 -0.477031
0.311035 -0.477861
0.313477 -0.478352
0.287598 -0.478833
0.260742 -0.479014
0.269531 -0.479205
0.273438 -0.479395
0.280273 -0.479833
0.260742 -0.480022
0.259277 -0.480147
0.258301 -0.480144
0.233398 -0.480499
0.25 -0.481143
0.255371 -0.48162
0.255371 -0.482207
0.238281 -0.482996
0.216309 -0.483695
0.229004 -0.484424
0.237305 -0.485245
0.237305 -0.48599
0.219727 -0.486675
0.224121 -0.487421
0.222168 -0.488257
0.249023 -0.489027
0.248535 -0.489715
0.253418 -0.490526
0.249512 -0.49137
0.226562 -0.49198
0.220215 -0.492995
0.227539 -0.493798
0.23291 -0.494454
0.236816 -0.494968
0.234863 -0.495702
0.26709 -0.496194
0.268555 -0.496823
0.243164 -0.497527
0.236328 -0.49858
0.245605 -0.499597
0.269531 -0.500647
0.255371 -0.501742
0.277832 -0.502676
0.293945 -0.503323
0.266113 -0.503878
0.257812 -0.504357
0.261719 -0.504912
0.26709 -0.505462
0.254395 -0.505761
0.263672 -0.505925
0.23877 -0.505711
0.225586 -0.505455
0.22168 -0.505078
0.228027 -0.505061
0.20166 -0.504722
0.205078 -0.504246
0.208496 -0.504073
0.212402 -0.503961
0.210938 -0.503685
0.219727 -0.503499
0.223145 -0.503006
0.202637 -0.502737
0.217285 -0.502615
0.241211 -0.502363
0.24707 -0.501814
0.273926 -0.501192
0.259277 -0.500677
0.265137 -0.499898
0.246582 -0.499322
0.261719 -0.4988
0.256836 -0.498457
0.244629 -0.498052
0.259766 -0.497488
0.260742 -0.496935
0.254883 -0.496145
0.225098 -0.495833
0.183594 -0.495324
0.178711 -0.495015
0.192871 -0.494903
0.197754 -0.495055
0.180176 -0.495011
0.171875 -0.495025
0.181152 -0.494826
0.192383 -0.494676
0.181641 -0.494154
0.182617 -0.49341
0.196289 -0.492374
0.199707 -0.491563
0.206543 -0.490864
0.196289 -0.490377
0.221191 -0.489934
0.231445 -0.489377
0.246094 -0.488598
0.249512 -0.487843
0.249512 -0.486998
0.249512 -0.486232
0.227051 -0.485573
0.245605 -0.484788
0.248535 -0.484174
0.250977 -0.483421
0.239746 -0.482821
0.248047 -0.482181
0.253906 -0.481841
0.237305 -0.481247
0.245117 -0.480709
0.245117 -0.480142
0.246582 -0.4796
0.268555 -0.478804
0.28125 -0.477881
0.291016 -0.476913
0.29248 -0.476241
0.28125 -0.475234
0.266602 -0.474406
0.26709 -0.473574
0.256836 -0.472767
0.267578 -0.472252
0.244141 -0.471577
0.236816 -0.470994
0.256836 -0.470681
0.249512 -0.470465
0.245605 -0.470465
0.243164 -0.470385
0.238281 -0.470291
0.23291 -0.47025
0.205078 -0.470247
0.192383 -0.470739
0.17334 -0.470987
0.193359 -0.471462
0.188477 -0.471627
0.184082 -0.472019
0.178711 -0.472431
0.193359 -0.472684
0.188477 -0.473232
0.203613 -0.473904
0.200195 -0.474107
0.224121 -0.474216
0.219238 -0.473944
0.216797 -0.473654
0.23584 -0.473494
0.234863 -0.472986
0.224609 -0.472526
0.223145 -0.471608
0.226562 -0.47059
0.242676 -0.469596
0.243652 -0.468439
0.234375 -0.467343
0.253906 -0.46633
0.257324 -0.465565
0.253418 -0.464532
0.264648 -0.463647
0.246094 -0.462788
0.226074 -0.46236
0.220215 -0.461799
0.210938 -0.461173
0.21875 -0.460516
0.215332 -0.45991
0.17041 -0.45919
0.180176 -0.458474
0.178711 -0.45767
0.164551 -0.457035
0.147461 -0.456354
0.153809 -0.455367
0.175293 -0.454084
0.179688 -0.452546
0.197266 -0.450979
0.185547 -0.449445
0.193848 -0.447837
0.178223 -0.445916
0.183105 -0.443777
0.171875 -0.441905
0.137207 -0.439773
0.12793 -0.43775
0.133789 -0.435835
0.124512 -0.433763
0.131836 -0.432136
0.113281 -0.430719
0.110352 -0.429371
0.135254 -0.428143
0.135742 -0.427213
0.150391 -0.42615
0.135742 -0.425042
0.130371 -0.423789
0.118164 -0.422457
0.116699 -0.420988
0.112793 -0.419661
0.0991211 -0.418145
0.0942383 -0.416597
0.118164 -0.414786
0.12793 -0.413436
0.120605 -0.411939
0.13623 -0.41038
0.173828 -0.408721
0.148926 -0.406968
0.148438 -0.405296
0.143066 -0.403903
0.121582 -0.402386
0.116699 -0.400954
0.104492 -0.399621
0.104004 -0.398512
0.097168 -0.397652
0.0893555 -0.396869
0.100586 -0.396122
0.0825195 -0.39504
0.0678711 -0.393871
0.0537109 -0.392581
0.0439453 -0.391288
0.0615234 -0.390199
0.0859375 -0.388741
0.0883789 -0.38724
0.0830078 -0.385813
0.0766602 -0.38425
0.0664062 -0.382544
0.0756836 -0.381218
0.103027 -0.379617
0.0834961 -0.377987
0.090332 -0.376218
0.106445 -0.374183
0.0991211 -0.372556
0.0776367 -0.370651
0.0517578 -0.368679
0.0625 -0.366884
0.0307617 -0.365219
0.00439453 -0.363581
0.0175781 -0.362315
0.0170898 -0.361085
0.0229492 -0.360023
0.0151367 -0.359058
0.00390625 -0.357922
0.00341797 -0.357025
0.00976562 -0.356249
0.0136719 -0.355381
0.0102539 -0.354912
0.0317383 -0.354098
0.0439453 -0.353287
0.0458984 -0.35289
0.0244141 -0.352387
0.027832 -0.35167
0.00341797 -0.350915
0.0405273 -0.350072
0.0253906 -0.349279
0.0463867 -0.348845
0.0546875 -0.348576
0.0566406 -0.34811
0.0585938 -0.347504
0.0605469 -0.347171
0.0537109 -0.346695
0.0483398 -0.346075
0.0283203 -0.345331
0.0307617 -0.344548
0.0366211 -0.343621
0.0556641 -0.342376
0.0263672 -0.341424
0.0205078 -0.340378
0.00927734 -0.339172
0.0126953 -0.338251
0.00244141 -0.337503
0.0205078 -0.336848
0.027832 -0.336006
0.0239258 -0.334879
0.0375977 -0.334152
0.0766602 -0.333582
0.0849609 -0.333009
0.0913086 -0.332178
0.109863 -0.331508
0.0952148 -0.330407
0.0737305 -0.329366
0.0893555 -0.328436
0.0927734 -0.32685
0.074707 -0.325073
0.059082 -0.323524
0.0488281 -0.322217
0.0532227 -0.32087
0.0507812 -0.319548
0.0717773 -0.318169
0.0722656 -0.316911
0.0981445 -0.315707
0.0888672 -0.314239
0.0595703 -0.312855
0.0498047 -0.311734
0.0527344 -0.310463
0.0439453 -0.309134
0.0654297 -0.307625
0.0839844 -0.305787
0.0654297 -0.304014
0.0703125 -0.302171
0.0258789 -0.300398
0.00292969 -0.298927
0.0375977 -0.297204
0.0341797 -0.295191
0.03125 -0.293163
0.043457 -0.291179
0.0712891 -0.288863
0.0893555 -0.286903
0.0922852 -0.284596
0.0854492 -0.282335
0.115234 -0.279727
0.151855 -0.277082
0.171387 -0.274875
0.16748 -0.272528
0.146973 -0.270173
0.160156 -0.267936
0.177734 -0.265724
0.177734 -0.263903
0.158203 -0.261983
0.182129 -0.260195
0.187988 -0.258489
0.199219 -0.256695
0.205566 -0.254704
0.197754 -0.252416
0.158203 -0.250056
0.192383 -0.247546
0.176758 -0.245053
0.173828 -0.242852
0.162109 -0.240483
0.15918 -0.238442
0.16748 -0.236393
0.192383 -0.234524
0.207031 -0.232496
0.194336 -0.23026
0.20752 -0.227715
0.201172 -0.224976
0.194336 -0.22239
0.20752 -0.220037
0.219727 -0.217802
0.234375 -0.215443
0.224121 -0.213207
0.241211 -0.210693
0.259277 -0.208021
0.255859 -0.205529
0.26123 -0.203601
0.254883 -0.201684
0.248047 -0.19955
0.244141 -0.197554
0.247559 -0.195735
0.230469 -0.193965
0.240234 -0.192355
0.242188 -0.190548
0.222168 -0.188972
0.188477 -0.187213
0.159668 -0.185429
0.183594 -0.183833
0.193359 -0.182275
0.220215 -0.180375
0.22998 -0.178443
0.257324 -0.176549
0.297363 -0.174781
0.289551 -0.173135
0.280273 -0.171687
0.272949 -0.170249
0.269531 -0.169044
0.277832 -0.167866
0.277344 -0.166587
0.271484 -0.165549
0.253906 -0.164596
0.240723 -0.163548
0.251953 -0.162617
0.265625 -0.161606
0.250488 -0.16092
0.241211 -0.16026
0.247559 -0.159777
0.238281 -0.15909
0.241211 -0.158541
0.243164 -0.158371
0.225586 -0.1581
0.225586 -0.158059
0.222168 -0.158096
0.257324 -0.158315
0.256348 -0.158417
0.257812 -0.158386
0.227051 -0.158115
0.222168 -0.157996
0.223633 -0.157614
0.206543 -0.15708
0.219727 -0.156708
0.195801 -0.156136
0.197266 -0.15586
0.208008 -0.156098
0.19043 -0.156736
0.208008 -0.157382
0.202637 -0.158031
0.206055 -0.158748
0.207031 -0.159261
0.207031 -0.159565
0.210449 -0.159856
0.208496 -0.160154
0.223633 -0.160423
0.219238 -0.160939
0.231445 -0.161242
0.244141 -0.16136
0.213867 -0.161366
0.196777 -0.16152
0.177246 -0.161895
0.174316 -0.162485
0.165527 -0.163336
0.163574 -0.16403
0.159668 -0.164693
0.180664 -0.165309
0.192383 -0.165975
0.215332 -0.166518
0.232422 -0.166759
0.220703 -0.166831
0.221191 -0.167232
0.209473 -0.167573
0.198242 -0.167906
0.195312 -0.168183
0.177734 -0.168661
0.185059 -0.16912
0.20459 -0.169651
0.200195 -0.169781
0.198242 -0.169825
0.212891 -0.169841
0.217773 -0.169989
0.203125 -0.169876
0.212891 -0.169755
0.225586 -0.169745
0.216797 -0.169531
0.191895 -0.169445
0.19873 -0.169501
0.211914 -0.16951
0.208496 -0.169463
0.189941 -0.169303
0.171387 -0.169234
0.182129 -0.168992
0.172852 -0.168892
0.163086 -0.16869
0.169922 -0.168329
0.167969 -0.168319
0.165527 -0.168269
0.175293 -0.168076
0.151855 -0.167753
0.158691 -0.167545
0.174316 -0.167559
0.147461 -0.167499
0.148926 -0.168212
0.138184 -0.16886
0.123047 -0.169418
0.116699 -0.170364
0.125488 -0.171199
0.154297 -0.172004
0.172363 -0.17269
0.182129 -0.173486
0.196777 -0.173878
0.196289 -0.174406
0.202637 -0.174522
0.195801 -0.174326
0.195801 -0.174335
0.210938 -0.174292
0.203125 -0.174168
0.194824 -0.174044
0.185547 -0.173911
0.171875 -0.173724
0.178711 -0.173453
0.207031 -0.172817
0.20752 -0.172313
0.218262 -0.171582
0.206055 -0.170691
0.177734 -0.169678
0.180176 -0.168617
0.187012 -0.167877
0.197754 -0.166712
0.194336 -0.16545
0.192871 -0.164083
0.196289 -0.162712
0.209961 -0.16135
0.209961 -0.160482
0.209473 -0.159684
0.195801 -0.159212
0.201172 -0.158885
0.19873 -0.158736
0.193848 -0.158163
0.168945 -0.157722
0.177734 -0.157166
0.168457 -0.156244
0.16748 -0.155458
0.145996 -0.154599
0.13916 -0.153469
0.116699 -0.152397
0.126953 -0.151411
0.127441 -0.150672
0.121094 -0.149582
0.139648 -0.148658
0.150879 -0.147428
0.156738 -0.146196
0.169922 -0.145333
0.165039 -0.144708
0.16748 -0.144257
0.165527 -0.143592
0.17041 -0.143022
0.185547 -0.142232
0.212891 -0.141372
0.220703 -0.14026
0.179199 -0.13882
0.204102 -0.137324
0.206543 -0.135774
0.208984 -0.134008
0.225098 -0.132756
0.238281 -0.131664
0.22168 -0.130714
0.237793 -0.130069
0.242188 -0.129396
0.222168 -0.12886
0.182129 -0.128465
0.182617 -0.127892
0.163574 -0.127401
0.179688 -0.126822
0.161621 -0.12603
0.157227 -0.125244
0.140625 -0.124552
0.154785 -0.123959
0.152832 -0.123377
0.163086 -0.122673
0.157227 -0.122225
0.168457 -0.121723
0.172852 -0.121218
0.175781 -0.120984
0.171875 -0.120763
0.156738 -0.120353
0.180664 -0.119939
0.18457 -0.119195
0.185547 -0.11818
0.161621 -0.117263
0.162598 -0.116529
0.142578 -0.115464
0.150391 -0.114463
0.15332 -0.113316
0.158203 -0.112334
0.160156 -0.111466
0.181152 -0.110747
0.197754 -0.110065
0.189941 -0.109774
0.194824 -0.109151
0.171387 -0.108556
0.189941 -0.107677
0.189941 -0.106624
0.208496 -0.105456
0.193359 -0.104308
0.216309 -0.103342
0.222656 -0.102191
0.224609 -0.100922
0.224121 -0.0995856
0.227539 -0.0982948
0.230469 -0.0969636
0.23877 -0.095821
0.23584 -0.0947386
0.225098 -0.0935525
0.228027 -0.0919937
0.214355 -0.090666
0.205078 -0.089407
0.200684 -0.0882139
0.183105 -0.0869885
0.174805 -0.0855329
0.160645 -0.0840163
0.1875 -0.0826744
0.191895 -0.0810152
0.193359 -0.0794187
0.194336 -0.0776466
0.214844 -0.0758639
0.216797 -0.0739637
0.225098 -0.0723612
0.224609 -0.0702644
0.222656 -0.0681697
0.219727 -0.0660197
0.200195 -0.0638922
0.184082 -0.0615438
0.222656 -0.0594009
0.210449 -0.0571743
0.182129 -0.0548336
0.181152 -0.0522767
0.201172 -0.0497469
0.191406 -0.0471558
0.179688 -0.0443743
0.173828 -0.0416841
0.144043 -0.0392374
0.159668 -0.0367212
0.154297 -0.0343197
0.152344 -0.0317935
0.166016 -0.0292135
0.154297 -0.0268659
0.17334 -0.0244392
0.160156 -0.0221031
0.173828 -0.0197147
0.163086 -0.0169719
0.163086 -0.0140963
0.202148 -0.0114883
0.196777 -0.00858648
0.215332 -0.00523744
0.223633 -0.00179549
0.246094 0.00146044
0.26416 0.0044432
0.262207 0.00746091
0.269531 0.0102738
0.285645 0.0132372
0.289062 0.0159867
0.29834 0.0185124
0.295898 0.0211781
0.288086 0.0236909
0.277344 0.0259488
0.273926 0.0284765
0.285645 0.0308136
0.303223 0.0335355
0.323242 0.0360409
0.303711 0.0382934
0.294922 0.040656
0.282227 0.0429202
0.289551 0.0449669
0.310059 0.0469598
0.335449 0.0490219
0.336426 0.0514597
0.347656 0.0538656
0.340332 0.0560789
0.350098 0.0587806
0.356934 0.0615783
0.349609 0.0643865
0.360352 0.0668427
0.350098 0.0689199
0.361816 0.0711186
0.379395 0.0731278
0.382812 0.0753334
0.400879 0.077545
0.40332 0.079419
0.38916 0.0812478
0.42334 0.0828859
0.42627 0.0847902
0.414062 0.0867917
0.42627 0.0888778
0.427734 0.0911376
0.440918 0.0935187
0.432129 0.095862
0.435059 0.0984688
0.415527 0.101407
0.436035 0.103783
0.439941 0.106122
0.4375 0.108281
0.431152 0.110364
0.419434 0.112248
0.429688 0.113732
0.449219 0.1152
0.445312 0.116264
0.455078 0.117619
0.465332 0.118941
0.497559 0.120339
0.465332 0.121603
0.457031 0.123072
0.44873 0.12432
0.461914 0.125582
0.458008 0.126377
0.463867 0.127097
0.476562 0.127777
0.472168 0.12861
0.464844 0.12952
0.465332 0.130737
0.444336 0.13188
0.454102 0.132846
0.450195 0.133961
0.439453 0.134917
0.450684 0.136232
0.450195 0.137578
0.486328 0.138785
0.46875 0.140379
0.459473 0.141604
0.458984 0.143318
0.46875 0.145005
0.457031 0.146401
0.472168 0.147747
0.472656 0.148885
0.499512 0.150259
0.503906 0.151603
0.524902 0.153062
0.526367 0.15461
0.529785 0.156135
0.54541 0.15751
0.539551 0.159185
0.550293 0.160812
0.540527 0.162158
0.555176 0.163253
0.540039 0.164272
0.532715 0.165105
0.522949 0.165872
0.51123 0.16643
0.529297 0.166942
0.541504 0.167727
0.514648 0.168753
0.52002 0.170028
0.5 0.17128
0.512695 0.172787
0.53418 0.174185
0.54834 0.176151
0.534668 0.178114
0.55127 0.180065
0.527832 0.182024
0.529785 0.183721
0.558105 0.185253
0.542969 0.186805
0.554199 0.188331
0.555176 0.189613
0.562012 0.191503
0.545898 0.193723
0.56543 0.19633
0.569336 0.199434
0.587891 0.202526
0.575195 0.205687
0.597168 0.20868
0.602539 0.211947
0.630371 0.214984
0.61377 0.217952
0.599121 0.220628
0.603516 0.223355
0.59375 0.226056
0.563965 0.228823
0.577148 0.231504
0.599609 0.234183
0.617188 0.236769
0.606445 0.239405
0.614258 0.242149
0.614746 0.244507
0.618652 0.246874
0.637207 0.249186
0.620605 0.251652
0.637695 0.254044
0.623535 0.256642
0.619141 0.259044
0.643555 0.26131
0.656738 0.263514
0.660645 0.265945
0.650879 0.268383
0.67041 0.270511
0.681152 0.272881
0.64502 0.275306
0.649902 0.277412
0.632324 0.279296
0.653809 0.281406
0.647461 0.283804
0.65332 0.285914
0.654297 0.28803
0.65332 0.290578
0.65332 0.292929
0.630371 0.295249
0.638672 0.297846
0.625977 0.300175
0.644531 0.302512
0.637695 0.30411
0.649902 0.305255
0.647461 0.306295
0.618164 0.307068
0.625 0.307881
0.60791 0.308568
0.585938 0.309809
0.59082 0.311073
0.589355 0.312415
0.591797 0.31365
0.584961 0.314906
0.596191 0.316229
0.603516 0.31736
0.605469 0.318022
0.570312 0.319008
0.54541 0.319826
0.532715 0.320809
0.544434 0.321857
0.528809 0.322833
0.519043 0.323804
0.514648 0.324675
0.512207 0.325316
0.506836 0.325881
0.518555 0.326669
0.540039 0.327725
0.534668 0.328984
0.519043 0.329922
0.527344 0.33049
0.526367 0.33113
0.523926 0.331691
0.53125 0.332138
0.546387 0.332931
0.550293 0.333484
0.554688 0.333937
0.573242 0.33449
0.567871 0.334936
0.551758 0.335461
0.555176 0.336329
0.548828 0.337375
0.536133 0.338319
0.513672 0.339158
0.52002 0.339883
0.532227 0.340856
0.533691 0.34192
0.535645 0.342561
0.539062 0.343102
0.541504 0.343309
0.519531 0.343734
0.529785 0.344046
0.529297 0.344639
0.532227 0.344913
0.51416 0.345355
0.538086 0.345823
0.518555 0.346172
0.548828 0.346142
0.542969 0.345769
0.523438 0.345436
0.536133 0.345415
0.534668 0.345483
0.540039 0.345678
0.527344 0.345557
0.500488 0.345478
0.476562 0.345678
0.480469 0.34606
0.469238 0.345942
0.458984 0.346014
0.470215 0.346108
0.461914 0.346197
0.474121 0.346174
0.467285 0.346106
0.495117 0.346304
0.485352 0.34632
0.51416 0.346256
0.530273 0.345722
0.554199 0.345563
0.533203 0.345357
0.561035 0.345228
0.552734 0.34491
0.536133 0.344813
0.534668 0.34499
0.549316 0.345175
0.560547 0.345367
0.582031 0.345534
0.566895 0.346052
0.540039 0.346865
0.553711 0.347382
0.578125 0.348175
0.586914 0.349099
0.594727 0.349749
0.599121 0.350501
0.577637 0.35109
0.559082 0.351721
0.582031 0.352545
0.570312 0.353125
0.566406 0.353645
0.562988 0.35431
0.554199 0.354992
0.544434 0.35571
0.51709 0.356309
0.522461 0.356677
0.560059 0.357295
0.567871 0.357768
0.597656 0.358422
0.59375 0.358875
0.565918 0.359278
0.572266 0.359651
0.561523 0.360007
0.559082 0.360565
0.544434 0.361233
0.540527 0.361648
0.519531 0.362313
0.500488 0.362748
0.497559 0.363588
0.507324 0.364214
0.506836 0.365312
0.505859 0.366699
0.562012 0.368077
0.564941 0.369671
0.546875 0.371311
0.541992 0.37306
0.531738 0.374442
0.525391 0.375698
0.530762 0.376677
0.536621 0.377693
0.529297 0.378481
0.502441 0.37928
0.508789 0.379958
0.507812 0.380709
0.526855 0.381747
0.547363 0.383094
0.542969 0.384385
0.540527 0.385762
0.562988 0.386901
0.5625 0.387462
0.517578 0.387859
0.490723 0.388161
0.490723 0.388474
0.518066 0.388972
0.532227 0.389373
0.543457 0.389747
0.518555 0.390662
0.491699 0.391345
0.499512 0.39223
0.490234 0.393234
0.5 0.394566
0.481445 0.395791
0.494141 0.396715
0.474609 0.397565
0.469238 0.398057
0.48584 0.398816
0.5 0.39933
0.513672 0.400054
0.522949 0.400479
0.535645 0.400984
0.539062 0.401838
0.532715 0.4027
0.534668 0.403473
0.53125 0.404369
0.538086 0.405482
0.541504 0.40681
0.544434 0.408512
0.54248 0.409775
0.531738 0.411045
0.558594 0.412012
0.54248 0.413061
0.57666 0.413866
0.550293 0.414556
0.550293 0.415234
0.543457 0.415941
0.535156 0.416298
0.519043 0.416965
0.525879 0.417648
0.53125 0.418574
0.544922 0.41914
0.519531 0.419531
0.501465 0.419697
0.481934 0.419656
0.467285 0.419482
0.481445 0.419099
0.492676 0.41846
0.49707 0.417636
0.497559 0.416935
0.51416 0.416274
0.521484 0.415438
0.510254 0.414893
0.516602 0.414517
0.53125 0.413851
0.525879 0.413238
0.523926 0.412748
0.51709 0.412595
0.516602 0.412462
0.505859 0.412348
0.496582 0.412242
0.48291 0.412233
0.473633 0.412433
0.469238 0.412398
0.46582 0.411956
0.458008 0.411556
0.460938 0.411062
0.459961 0.410936
0.487793 0.410439
0.489258 0.410103
0.485352 0.409561
0.482422 0.409513
0.476562 0.409422
0.476562 0.40922
0.461426 0.409134
0.466309 0.408702
0.469238 0.408382
0.447266 0.407901
0.454102 0.407777
0.455078 0.407662
0.460449 0.407504
0.461914 0.407498
0.446289 0.406813
0.437988 0.406393
0.425293 0.405656
0.453125 0.404477
0.47168 0.403429
0.466797 0.402807
0.464355 0.401878
0.436523 0.401021
0.434082 0.400285
0.447266 0.399734
0.464355 0.398824
0.461914 0.397628
0.463867 0.396126
0.462891 0.394525
0.466797 0.393362
0.465332 0.392263
0.445801 0.391461
0.456055 0.390544
0.457031 0.38961
0.494629 0.38899
0.521484 0.388839
0.520508 0.388505
0.515137 0.387955
0.524414 0.387353
0.509766 0.386772
0.506836 0.386098
0.500977 0.385247
0.513672 0.384077
0.516113 0.383105
0.512695 0.382202
0.533691 0.381442
0.523438 0.380618
0.539551 0.37975
0.520996 0.378946
0.541504 0.378434
0.546387 0.377899
0.547363 0.377634
0.558594 0.377181
0.582031 0.376672
0.583984 0.376083
0.586426 0.37526
0.595703 0.374309
0.571777 0.373448
0.565918 0.372401
0.56543 0.371401
0.572266 0.370367
0.576172 0.369459
0.583984 0.368737
0.583008 0.368092
0.584473 0.367678
0.568359 0.367411
0.571289 0.367425
0.589844 0.367642
0.597656 0.367696
0.584473 0.367543
0.594727 0.367556
0.612793 0.367496
0.602539 0.367376
0.594238 0.367382
0.608887 0.367446
0.625488 0.367578
0.606934 0.367758
0.60498 0.367731
0.583984 0.36801
0.569336 0.368338
0.587402 0.368397
0.606934 0.368376
0.593262 0.368407
0.568359 0.368643
0.58252 0.369012
0.600098 0.369035
0.594727 0.369405
0.592773 0.369559
0.595703 0.369975
0.624512 0.370399
0.61377 0.370648
0.605957 0.37068
0.57666 0.370823
0.572266 0.370645
0.591309 0.37071
0.590332 0.370681
0.583984 0.370021
0.591309 0.369324
0.594238 0.369048
0.61377 0.368794
0.612305 0.368704
0.624023 0.36891
0.611816 0.369377
0.609863 0.369693
0.588867 0.370213
0.579102 0.37077
0.582031 0.371945
0.563477 0.373046
0.555176 0.374179
0.56543 0.375307
0.570312 0.376136
0.571289 0.376855
0.57373 0.377898
0.591309 0.378442
0.595215 0.378682
0.602051 0.379411
0.577148 0.380459
0.59375 0.381387
0.577637 0.381809
0.577637 0.382018
0.560547 0.382226
0.571289 0.382409
0.565918 0.382651
0.552246 0.383092
0.542969 0.383362
0.535156 0.383457
0.557129 0.38369
0.53418 0.384026
0.546387 0.384014
0.557129 0.38385
0.574219 0.383437
0.569336 0.382902
0.547363 0.382515
0.541016 0.382247
0.547363 0.381824
0.539551 0.381466
0.527832 0.381214
0.531738 0.381015
0.53418 0.380263
0.546875 0.379606
0.561523 0.37924
0.57959 0.379072
0.59375 0.379003
0.560059 0.379182
0.54834 0.379248
0.549316 0.379305
0.561035 0.379575
0.564941 0.379787
0.564941 0.379752
0.562012 0.379866
0.556152 0.379657
0.546875 0.379523
0.543457 0.379013
0.549316 0.378826
0.540039 0.379246
0.553711 0.379632
0.560059 0.37987
0.598633 0.38026
0.606445 0.380665
0.613281 0.380844
0.635742 0.3806
0.631836 0.380518
0.621094 0.380363
0.624023 0.380094
0.617188 0.379554
0.602539 0.379355
0.602539 0.378814
0.59082 0.378485
0.593262 0.377774
0.595703 0.37735
0.595215 0.376867
0.564453 0.376269
0.554199 0.375778
0.546387 0.375508
0.552734 0.375115
0.536621 0.374631
0.538086 0.373832
0.535645 0.37301
0.547363 0.372041
0.533203 0.370674
0.546387 0.369334
0.549316 0.368038
0.571289 0.366718
0.571777 0.365558
0.556152 0.364504
0.553711 0.363789
0.548828 0.363366
0.524902 0.363488
0.540527 0.363614
0.530762 0.36344
0.51123 0.363018
0.539062 0.362318
0.520508 0.361651
0.520996 0.360648
0.521484 0.360138
0.501465 0.359382
0.500488 0.358669
0.530273 0.357993
0.537109 0.357243
0.559082 0.35654
0.557617 0.355758
0.557617 0.354865
0.56543 0.353646
0.56543 0.352512
0.584961 0.351208
0.600098 0.34972
0.597168 0.348152
0.588379 0.346879
0.595215 0.345707
0.598145 0.344157
0.618652 0.343177
0.600098 0.342224
0.612793 0.34167
0.592773 0.341192
0.580078 0.340836
0.572266 0.340801
0.553711 0.34069
0.57666 0.340371
0.57373 0.340223
0.564941 0.339736
0.554199 0.339267
0.5625 0.338532
0.557617 0.337563
0.579102 0.336954
0.588867 0.336421
0.566895 0.336059
0.561035 0.335718
0.542969 0.335427
0.540039 0.33534
0.522949 0.335182
0.522949 0.334836
0.543945 0.335151
0.559082 0.335297
0.557129 0.335785
0.55127 0.336061
0.568848 0.336349
0.578613 0.336308
0.577148 0.335983
0.594238 0.335916
0.59375 0.336134
0.562988 0.335844
0.550781 0.335536
0.534668 0.33494
0.506348 0.334423
0.523438 0.334042
0.525391 0.333571
0.544922 0.333287
0.54834 0.333155
0.548828 0.333003
0.541992 0.333175
0.542969 0.333971
0.548828 0.334062
0.552246 0.334078
0.533203 0.333709
0.53125 0.33333
0.521484 0.332806
0.519043 0.332069
0.506348 0.331452
0.511719 0.330833
0.503418 0.330048
0.518555 0.329438
0.516602 0.329197
0.523438 0.328885
0.515137 0.329003
0.505859 0.328914
0.48291 0.328601
0.480957 0.328376
0.467773 0.327901
0.474609 0.327822
0.489258 0.327984
0.473145 0.328298
0.482422 0.32851
0.499023 0.328388
0.500488 0.328407
0.492676 0.328488
0.502441 0.328358
0.486816 0.32813
0.472168 0.328091
0.46582 0.32828
0.434082 0.328728
0.446777 0.328875
0.447754 0.328561
0.447754 0.327805
0.443359 0.327183
0.424316 0.326745
0.439941 0.326017
0.452148 0.325238
0.466309 0.324181
0.461426 0.323558
0.483887 0.322757
0.5 0.321919
0.487305 0.321242
0.478516 0.320574
0.499023 0.319822
0.5 0.319244
0.493164 0.318575
0.492188 0.317609
0.499512 0.316633
0.505371 0.315199
0.510742 0.313642
0.5 0.312196
0.519043 0.310653
0.526367 0.309574
0.509277 0.308523
0.520508 0.307761
0.513184 0.307081
0.501953 0.306208
0.53418 0.305041
0.541504 0.304062
0.541016 0.303128
0.529297 0.302095
0.519531 0.301148
0.520996 0.300296
0.540527 0.299439
0.554688 0.298809
0.546387 0.298043
0.546875 0.297171
0.534668 0.29617
0.534668 0.295056
0.558594 0.294377
0.567383 0.293255
0.54541 0.292076
0.523926 0.29108
0.537598 0.290133
0.518555 0.289066
0.539062 0.288117
0.544434 0.28721
0.536621 0.286008
0.533691 0.285079
0.528809 0.28359
0.533203 0.282344
0.517578 0.281428
0.543457 0.280606
0.541016 0.279904
0.537598 0.279499
0.53418 0.279319
0.518066 0.279057
0.499023 0.278447
0.505859 0.278032
0.498047 0.277691
0.489258 0.277179
0.50293 0.277234
0.484375 0.277231
0.495605 0.277658
0.481445 0.278091
0.463867 0.278433
0.45459 0.278593
0.456055 0.278879
0.449707 0.279492
0.487305 0.280102
0.47998 0.280811
0.469727 0.281446
0.466309 0.282021
0.447266 0.282442
0.438477 0.282499
0.415527 0.28225
0.413574 0.281559
0.416016 0.281061
0.405273 0.280788
0.399414 0.28084
0.391602 0.280848
0.396484 0.281096
0.407227 0.281151
0.418945 0.281251
0.394043 0.281472
0.384766 0.281048
0.376953 0.280573
0.407715 0.280209
0.398926 0.279595
0.376953 0.279179
0.368164 0.278495
0.382812 0.277644
0.385742 0.276506
0.379883 0.275621
0.38916 0.274641
0.35791 0.273689
0.36084 0.273301
0.369629 0.272959
0.374023 0.272562
0.384277 0.272208
0.397461 0.271665
0.391602 0.271502
0.411621 0.271004
0.41748 0.270558
0.412109 0.270475
0.407715 0.270324
0.438477 0.270604
0.431641 0.270939
0.437988 0.271223
0.421875 0.271354
0.422363 0.271348
0.426758 0.271308
0.436523 0.271354
0.422852 0.271197
0.435547 0.270565
0.440918 0.269797
0.457031 0.269198
0.471191 0.26843
0.465332 0.267663
0.479004 0.26684
0.473633 0.266013
0.479004 0.26535
0.495117 0.264369
0.494629 0.263625
0.509277 0.262628
0.531738 0.261555
0.516113 0.260965
0.515625 0.26003
0.52832 0.258913
0.532227 0.258272
0.534668 0.257845
0.500977 0.257709
0.506836 0.257688
0.499023 0.257807
0.509766 0.257655
0.461426 0.257668
0.447754 0.257249
0.456055 0.256869
0.439453 0.256646
0.469238 0.25613
0.434082 0.255621
0.450195 0.254816
0.453125 0.2539
0.463379 0.253135
0.489258 0.252578
0.467773 0.252191
0.466309 0.252051
0.472168 0.251915
0.447266 0.251521
0.45752 0.251464
0.445801 0.250996
0.44873 0.250953
0.439453 0.250999
0.443848 0.250872
0.466309 0.250616
0.444824 0.250495
0.440918 0.250358
0.46582 0.250292
0.480957 0.250261
0.47998 0.250209
0.469727 0.249896
0.470215 0.249136
0.476562 0.248499
0.465332 0.24838
0.480957 0.24814
0.464355 0.247604
0.484863 0.246584
0.49707 0.245835
0.481445 0.244871
0.486816 0.243981
0.476074 0.243401
0.438477 0.242395
0.439453 0.241428
0.43457 0.24009
0.449707 0.239192
0.461914 0.237576
0.45752 0.236319
0.465332 0.235394
0.46875 0.234544
0.45752 0.233576
0.455566 0.232965
0.425781 0.231911
0.411621 0.23093
0.42041 0.229942
0.396484 0.229301
0.412109 0.228692
0.396973 0.228035
0.398926 0.227703
0.403809 0.227181
0.39209 0.226353
0.402832 0.225305
0.397949 0.224662
0.392578 0.223937
0.39209 0.222881
0.400391 0.222034
0.419434 0.221054
0.413086 0.219871
0.416992 0.218933
0.4375 0.217575
0.424805 0.215903
0.449707 0.213727
0.4375 0.211991
0.413574 0.210288
0.393555 0.208241
0.374512 0.206352
0.376953 0.20449
0.356445 0.202561
0.385254 0.200934
0.396973 0.1993
0.403809 0.197608
0.40918 0.196088
0.416504 0.194904
0.398438 0.193897
0.376953 0.19268
0.362305 0.191353
0.351562 0.19035
0.336426 0.188953
0.336914 0.187463
0.337402 0.185294
0.313477 0.183299
0.291504 0.181107
0.307617 0.179105
0.281738 0.177027
0.272949 0.175094
0.306641 0.173235
0.30127 0.171513
0.305664 0.16991
0.290039 0.168207
0.28418 0.166629
0.287598 0.164878
0.283203 0.16341
0.266113 0.161809
0.283691 0.160289
0.261719 0.158639
0.271484 0.156958
0.285156 0.155599
0.268555 0.154349
0.280273 0.152881
0.300293 0.15114
0.300293 0.149865
0.314941 0.148388
0.317383 0.147197
0.342285 0.146066
0.349609 0.144743
0.350098 0.143701
0.34375 0.142494
0.322754 0.141707
0.291504 0.140262
0.30127 0.138954
0.332031 0.137414
0.320801 0.135562
0.325684 0.133016
0.337402 0.130394
0.349609 0.128502
0.355957 0.126802
0.34668 0.125262
0.347656 0.123163
0.333496 0.121365
0.324219 0.119245
0.345703 0.116869
0.363281 0.114974
0.365723 0.112376
0.378418 0.110052
0.361328 0.107898
0.381836 0.105579
0.40625 0.103457
0.416992 0.101649
0.42627 0.100278
0.428711 0.0985482
0.42627 0.0968783
0.419922 0.0958187
0.397949 0.0947531
0.39209 0.0931947
0.377441 0.0917289
0.381348 0.0900582
0.367188 0.0885166
0.365234 0.0870488
0.362793 0.0854519
0.368652 0.0836892
0.375488 0.0815606
0.372559 0.0791423
0.381836 0.0768565
0.404785 0.0748821
0.402344 0.0732668
0.400879 0.0718305
0.399902 0.0704316
0.399414 0.0684565
0.375 0.0667317
0.384277 0.065008
0.370605 0.0631498
0.361816 0.0610418
0.376465 0.0590472
0.378906 0.0567018
0.387207 0.054261
0.388184 0.0516697
0.374512 0.0496003
0.378418 0.047605
0.384766 0.0457417
0.376465 0.0437699
0.368164 0.0416537
0.340332 0.0392457
0.346191 0.0363467
0.340332 0.0333506
0.349121 0.0304138
0.36377 0.0272716
0.365234 0.0244321
0.358887 0.0210272
0.362305 0.017794
0.381836 0.0149277
0.38623 0.012203
0.405762 0.00982469
0.408691 0.00773218
0.39502 0.00544684
0.40332 0.00324493
0.385742 0.000855645
0.383301 -0.00215045
0.383301 -0.00499409
0.398926 -0.00817195
0.406738 -0.0121273
0.39502 -0.015675
0.395508 -0.0193872
0.393066 -0.0229335
0.380859 -0.0260475
0.363281 -0.0289785
0.352051 -0.0320228
0.347168 -0.0346625
0.32373 -0.0375665
0.351074 -0.0406473
0.359863 -0.043646
0.363281 -0.0467523
0.385742 -0.0498899
0.375 -0.0535546
0.347656 -0.0569926
0.338867 -0.0604332
0.359863 -0.0638655
0.34668 -0.0681674
0.352539 -0.0722752
0.333984 -0.0762127
0.358398 -0.0807816
0.368652 -0.0850711
0.367676 -0.0893164
0.375977 -0.0940042
0.393555 -0.0980085
0.391602 -0.101114
0.385254 -0.103685
0.378906 -0.105995
0.357422 -0.10844
0.367188 -0.110667
0.381836 -0.112735
0.375977 -0.114901
0.382324 -0.116026
0.368164 -0.117385
0.371094 -0.118794
0.35498 -0.120496
0.345703 -0.122417
0.355469 -0.124292
0.369629 -0.126063
0.380371 -0.127767
0.371094 -0.129691
0.378906 -0.130967
0.371582 -0.132506
0.370117 -0.133804
0.382324 -0.135379
0.375 -0.136279
0.366211 -0.137391
0.389648 -0.138176
0.396973 -0.138795
0.38623 -0.139037
0.394043 -0.139489
0.377441 -0.140182
0.369629 -0.140521
0.347656 -0.140771
0.34668 -0.141299
0.374512 -0.141732
0.362305 -0.141703
0.344238 -0.142089
0.336914 -0.142351
0.312988 -0.142734
0.304199 -0.143374
0.320312 -0.143989
0.310547 -0.144745
0.322754 -0.14525
0.314941 -0.145669
0.318359 -0.146201
0.307617 -0.146987
0.306152 -0.147932
0.284668 -0.149254
0.285156 -0.150866
0.292969 -0.151844
0.304199 -0.152809
0.314453 -0.153661
0.306641 -0.154514
0.28418 -0.155986
0.278809 -0.158016
0.272949 -0.160337
0.272949 -0.162925
0.283203 -0.165628
0.287109 -0.168091
0.272461 -0.170277
0.28125 -0.172027
0.306152 -0.173446
0.321777 -0.174273
0.324707 -0.174985
0.310547 -0.175746
0.322754 -0.176701
0.331055 -0.177648
0.333984 -0.179229
0.339355 -0.181396
0.313477 -0.183143
0.290039 -0.184871
0.293457 -0.186389
0.285156 -0.188451
0.233887 -0.190525
0.216797 -0.192511
0.217773 -0.194965
0.21875 -0.197534
0.202148 -0.199876
0.210938 -0.202053
0.200684 -0.204296
0.199219 -0.206771
0.202148 -0.208991
0.195312 -0.211288
0.181152 -0.21371
0.177734 -0.215979
0.208496 -0.218461
0.213379 -0.2208
0.202637 -0.223222
0.203125 -0.225774
0.231934 -0.228494
0.225098 -0.231338
0.212891 -0.233889
0.219727 -0.236114
0.242676 -0.238649
0.251953 -0.240972
0.258301 -0.242772
0.270996 -0.244636
0.27002 -0.246601
0.247559 -0.249111
0.263184 -0.252218
0.28418 -0.25496
0.284668 -0.257436
0.309082 -0.259635
0.323242 -0.261852
0.331543 -0.263507
0.337891 -0.265254
0.345215 -0.267137
0.322266 -0.269079
0.326172 -0.270458
0.34082 -0.271325
0.357422 -0.272519
0.348633 -0.27338
0.34375 -0.27388
0.355957 -0.274405
0.378906 -0.274308
0.373535 -0.274026
0.365723 -0.27379
0.373047 -0.273566
0.352539 -0.273078
0.370117 -0.272753
0.36377 -0.272238
0.364258 -0.27184
0.342285 -0.270684
0.3125 -0.269842
0.311523 -0.269116
0.287109 -0.26862
0.300293 -0.268496
0.306152 -0.268548
0.305664 -0.268578
0.313965 -0.269138
0.334961 -0.269425
0.333496 -0.269849
0.371094 -0.270203
0.378906 -0.270163
0.396973 -0.270621
0.381348 -0.270491
0.381348 -0.270645
0.388184 -0.270783
0.39209 -0.271017
0.388184 -0.271057
0.384766 -0.270576
0.424805 -0.270238
0.424316 -0.269279
0.438477 -0.267906
0.445801 -0.267437
0.418457 -0.267355
0.425293 -0.267343
0.401855 -0.266778
0.399902 -0.266521
0.387695 -0.266051
0.372559 -0.264986
0.368652 -0.263925
0.361816 -0.263285
0.375488 -0.262713
0.379395 -0.261991
0.384277 -0.261499
0.393555 -0.260971
0.410156 -0.260321
0.414062 -0.259625
0.400391 -0.258538
0.391113 -0.25755
0.394043 -0.256541
0.395996 -0.255349
0.380859 -0.25426
0.383301 -0.252479
0.380859 -0.251025
0.354492 -0.249496
0.338867 -0.248114
0.363281 -0.246922
0.361816 -0.245438
0.36084 -0.243763
0.347656 -0.242401
0.356934 -0.241309
0.355469 -0.239819
0.358398 -0.238225
0.356445 -0.237217
0.359375 -0.236386
0.367676 -0.235979
0.391113 -0.235649
0.385742 -0.235248
0.38623 -0.234486
0.369141 -0.233013
0.374023 -0.231945
0.377441 -0.230559
0.358887 -0.229203
0.377441 -0.227287
0.376465 -0.225281
0.384766 -0.22352
0.379883 -0.221639
0.373047 -0.219748
0.359375 -0.218035
0.365723 -0.216822
0.341797 -0.215099
0.348633 -0.213653
0.375488 -0.21257
0.371582 -0.211256
0.359375 -0.209662
0.348145 -0.208432
0.344238 -0.206849
0.358398 -0.205612
0.325195 -0.204069
0.297363 -0.20303
0.279785 -0.202326
0.265625 -0.201907
0.279297 -0.201256
0.276855 -0.200479
0.282715 -0.199877
0.264648 -0.19843
0.272949 -0.197362
0.262207 -0.196823
0.256836 -0.196525
0.232422 -0.195903
0.244629 -0.195094
0.219727 -0.194507
0.229004 -0.194237
0.219727 -0.193778
0.23877 -0.19266
0.256836 -0.191434
0.26416 -0.190154
0.267578 -0.188422
0.272461 -0.186437
0.265625 -0.184371
0.274414 -0.18247
0.234375 -0.180325
0.256348 -0.178249
0.256348 -0.176348
0.255859 -0.175028
0.254395 -0.173366
0.258301 -0.172088
0.261719 -0.171059
0.274902 -0.169498
0.260742 -0.167731
0.254395 -0.166642
0.229004 -0.165268
0.248535 -0.164381
0.247559 -0.163677
0.219727 -0.163052
0.193359 -0.163061
0.185547 -0.162957
0.19043 -0.163016
0.189941 -0.162883
0.210449 -0.162205
0.221191 -0.161944
0.210449 -0.161361
0.220703 -0.160764
0.230469 -0.159828
0.23584 -0.158778
0.219238 -0.157316
0.22998 -0.155658
0.23584 -0.153622
0.251953 -0.15114
0.234863 -0.148034
0.213867 -0.145676
0.227539 -0.143673
0.247559 -0.141043
0.258789 -0.138475
0.287598 -0.136236
0.263184 -0.134197
0.291992 -0.132392
0.301758 -0.13117
0.304199 -0.129767
0.301758 -0.12826
0.324707 -0.126695
0.316895 -0.125257
0.292969 -0.123458
0.293945 -0.121684
0.304688 -0.119601
0.307129 -0.118011
0.312012 -0.116451
0.331055 -0.11494
0.325684 -0.113395
0.293945 -0.111422
0.291016 -0.109788
0.28125 -0.107927
0.29834 -0.105956
0.303223 -0.104231
0.320312 -0.10286
0.30127 -0.101028
0.311523 -0.0998425
0.328613 -0.0986827
0.339844 -0.0965917
0.331543 -0.094661
0.308594 -0.0926628
0.289551 -0.0912274
0.287598 -0.0901949
0.284668 -0.0888897
0.290527 -0.0872339
0.325195 -0.0860983
0.320312 -0.0842879
0.310547 -0.082646
0.30127 -0.0819931
0.295898 -0.0812724
0.271484 -0.0814445
0.288086 -0.0819064
0.274414 -0.0818443
0.285645 -0.0810703
0.309082 -0.0798179
0.287109 -0.0782786
0.283691 -0.0763244
0.273438 -0.0746504
0.277832 -0.0727576
0.289062 -0.0711013
0.317383 -0.0694212
0.286621 -0.0673828
0.309082 -0.0652745
0.287109 -0.063189
0.285645 -0.0616112
0.274414 -0.0597783
0.282715 -0.0587119
0.287109 -0.0581136
0.299316 -0.0585712
0.297852 -0.0592666
0.297852 -0.0597113
0.277832 -0.0598748
0.281738 -0.0606949
0.272949 -0.0607274
0.243164 -0.0611917
0.249023 -0.0621105
0.27832 -0.0628495
0.282227 -0.0638891
0.311035 -0.064231
0.353027 -0.0642416
0.364746 -0.0636413
0.370605 -0.0631005
0.364746 -0.0623666
0.343262 -0.0621151
0.348145 -0.0617622
0.357422 -0.0615735
0.353027 -0.0605178
0.356445 -0.0590315
0.336426 -0.0578234
0.335449 -0.0562607
0.327637 -0.0546864
0.338867 -0.0533134
0.361328 -0.0511984
0.347168 -0.0489938
0.348145 -0.0472034
0.320801 -0.0457222
0.323242 -0.0448867
0.313965 -0.0437275
0.332031 -0.0428936
0.342285 -0.041657
0.35791 -0.0402639
0.338379 -0.0389276
0.320801 -0.0379225
0.314453 -0.0358953
0.30957 -0.0340276
0.286621 -0.0321098
0.286133 -0.0305252
0.260254 -0.0291955
0.241211 -0.0279523
0.225098 -0.0270705
0.225098 -0.026028
0.22998 -0.0255855
0.248047 -0.0245179
0.249512 -0.023479
0.23877 -0.022825
0.214844 -0.0222623
0.197754 -0.0223889
0.208008 -0.0223827
0.197754 -0.0225694
0.205566 -0.0225747
0.20459 -0.0224004
0.207031 -0.02231
0.200684 -0.022298
0.219727 -0.0222937
0.215332 -0.0222733
0.217285 -0.0228443
0.212402 -0.0229716
0.195312 -0.0239993
0.20166 -0.0244186
0.187012 -0.0250233
0.22168 -0.0254872
0.211914 -0.0250626
0.199707 -0.024674
0.225098 -0.0243057
0.231445 -0.0236842
0.254395 -0.0231859
0.24707 -0.0218893
0.27002 -0.0204694
0.293457 -0.0189716
0.289551 -0.0175101
0.291504 -0.0161037
0.293457 -0.0143073
0.282715 -0.0128211
0.280273 -0.0116251
0.251953 -0.0101034
0.242188 -0.00861101
0.236328 -0.00690709
0.208984 -0.00520682
0.208984 -0.00416713
0.194824 -0.00349485
0.191895 -0.00255693
0.171387 -0.00163875
0.167969 -0.00167494
0.161621 -0.00190003
0.15625 -0.00245744
0.164062 -0.00233365
0.154297 -0.002485
0.154785 -0.00286662
0.14209 -0.00285997
0.13916 -0.00311555
0.137695 -0.00317238
0.144531 -0.00298641
0.160156 -0.00232539
0.165039 -0.00142015
0.17334 7.14616e-06
0.161133 0.00194658
0.195312 0.00360942
0.198242 0.00604041
0.188477 0.00863109
0.204102 0.012027
0.203613 0.0153567
0.182129 0.0189864
0.202148 0.0227257
0.193848 0.025823
0.183594 0.0285064
0.183105 0.0307577
0.171875 0.0325466
0.17334 0.0344844
0.171875 0.0363016
0.152832 0.0379305
0.161621 0.0397742
0.162109 0.0414074
0.153809 0.0429886
0.189453 0.0443402
0.193848 0.046593
0.188477 0.0489481
0.211914 0.0514902
0.179688 0.0544803
0.164062 0.0569908
0.160156 0.0595377
0.169922 0.0619576
0.17041 0.0644875
0.17627 0.0660915
0.159668 0.0680603
0.147949 0.0702648
0.133789 0.0715599
0.120117 0.0727838
0.0961914 0.0736437
0.0957031 0.0741667
0.0966797 0.0743114
0.112305 0.0743019
0.119141 0.0740423
0.123047 0.0737625
0.106445 0.073162
0.0766602 0.0718314
0.0820312 0.0701587
0.0634766 0.0681639
0.0581055 0.0666342
0.0214844 0.0642533
0.0214844 0.0619705
0.0229492 0.0595827
0.00537109 0.0574254
0.0322266 0.0546976
0.0229492 0.0526383
0.0185547 0.0504836
0.0229492 0.0481555
0.0566406 0.0462355
0.043457 0.0448245
0.0776367 0.0437292
0.0869141 0.0430737
0.0986328 0.0423859
0.0839844 0.0420284
0.0585938 0.041552
0.0703125 0.0408003
0.0561523 0.0405005
0.0546875 0.0404398
0.0307617 0.0401018
0.0356445 0.0396723
0.0175781 0.0391497
0.00146484 0.0372649
0.0126953 0.0351573
0 0.0333052
0.00634766 0.0306753
0.00195312 0.0279288
0.00585938 0.0260488
0.00244141 0.0243057
0.0273438 0.0230111
0.0126953 0.0215446
0.0136719 0.0193235
0.00292969 0.0175014
0.00146484 0.0154487
0.00146484 0.0127065
0.00390625 0.00992667
0.00195312 0.00755181
0.0161133 0.00504723
0.0444336 0.00317287
0.0273438 0.00149439
0.0390625 1.31792e-05
0.0512695 -0.000909353
0.0473633 -0.00141587
0.046875 -0.00181954
0.0405273 -0.00207908
0.0380859 -0.00227235
0.0268555 -0.00247228
0.0439453 -0.0036647
0.0078125 -0.00444861
0.0151367 -0.00525324
0.0214844 -0.00573286
0.00537109 -0.00618472
0.000976562 -0.00774465
0.00244141 -0.00872133
0.0288086 -0.0102184
0.0390625 -0.010698
0.0507812 -0.0113183
0.0527344 -0.0126147
0.0375977 -0.0130858
0.0322266 -0.0138658
0.0473633 -0.0141315
0.0449219 -0.013751
0.0283203 -0.0136069
0.0170898 -0.0129156
0.00927734 -0.0130484
0.0078125 -0.014034
0.00146484 -0.0143606
0.00585938 -0.0142269
0.00439453 -0.0141211
0.0273438 -0.0145862
0.00585938 -0.0145244
0.00244141 -0.0146608
0.00439453 -0.0147074
0.0102539 -0.0153686
0.0283203 -0.0167615
0.0200195 -0.0185054
0.0380859 -0.0197998
0.0385742 -0.0205146
0.0205078 -0.0214452
0.0131836 -0.0224334
0.00292969 -0.0231053
0.00585938 -0.0235439
0.012207 -0.0243477
0.0141602 -0.0240912
0.0371094 -0.0240661
0.0224609 -0.0235672
0.0244141 -0.0229129
0.0297852 -0.0232107
0.00585938 -0.023641
0.00244141 -0.0238529
0.0268555 -0.0236507
0.0400391 -0.0231963
0.0522461 -0.0228398
0.0366211 -0.0221749
0.0424805 -0.0215982
0.0488281 -0.0212181
0.0585938 -0.0202995
0.0649414 -0.0193858
0.0791016 -0.0184758
0.0874023 -0.0173255
0.0610352 -0.0163954
0.0844727 -0.0149804
0.0683594 -0.013147
0.0800781 -0.0119567
0.0795898 -0.0107153
0.0483398 -0.00991725
0.0639648 -0.00997808
0.059082 -0.0103174
0.0698242 -0.0100114
0.0805664 -0.00937042
0.081543 -0.00854232
0.0830078 -0.00737383
0.0854492 -0.00681779
0.0874023 -0.00670996
0.0600586 -0.00698882
0.0732422 -0.007902
0.0883789 -0.00803115
0.0805664 -0.0078979
0.104492 -0.00825017
0.113281 -0.00779194
0.106934 -0.00760059
0.109863 -0.00810887
0.106445 -0.00887754
0.10791 -0.00978062
0.126953 -0.0108409
0.133301 -0.0114986
0.119141 -0.0128501
0.118164 -0.0140191
0.108887 -0.0143849
0.0908203 -0.0140188
0.059082 -0.0143263
0.0620117 -0.015425
0.0600586 -0.0162245
0.0629883 -0.0166748
0.0722656 -0.0173179
0.101074 -0.0183021
0.102539 -0.0184566
0.111328 -0.0181777
0.111328 -0.018137
0.100098 -0.0167345
0.138672 -0.0159309
0.119629 -0.0147984
0.147461 -0.0132752
0.129883 -0.0115799
0.127441 -0.0105739
0.130371 -0.00953106
0.134277 -0.0086203
0.163574 -0.00784781
0.141113 -0.00771966
0.125 -0.00789908
0.128906 -0.00839676
0.100586 -0.0079216
0.117676 -0.00769488
0.0952148 -0.00848196
0.0883789 -0.00904746
0.0625 -0.00998088
0.0698242 -0.0110163
0.0556641 -0.011795
0.0629883 -0.0127179
0.0493164 -0.0131804
0.050293 -0.013215
0.0429688 -0.0140687
0.0439453 -0.0142532
0.0449219 -0.0151253
0.0117188 -0.0163251
0.0317383 -0.0176997
0.0517578 -0.0187984
0.0283203 -0.0192034
0.00927734 -0.0202304
0.00390625 -0.020709
0.00732422 -0.0211474
0.0380859 -0.0217755
0.0327148 -0.0224638
0.0258789 -0.0228591
0.0571289 -0.0222086
0.0654297 -0.0213652
0.0742188 -0.02049
0.0605469 -0.0194919
0.0449219 -0.0199866
0.0371094 -0.0209275
0.0498047 -0.0214974
0.0664062 -0.0213005
0.0761719 -0.0205856
0.0561523 -0.019962
0.0478516 -0.0182646
0.0610352 -0.015681
0.0429688 -0.0134004
0.0371094 -0.0107678
0.0380859 -0.00881603
0.043457 -0.0062327
0.0273438 -0.0040598
0.00341797 -0.00223607
0.0107422 -0.00079656
0.00488281 0.000896704
0.000976562 0.00249597
0.0117188 0.00441736
0.0107422 0.00560317
0.0141602 0.0066355
0.00732422 0.00816779
0.0390625 0.00900214
0.0361328 0.0099506
0.0234375 0.0113843
0.0473633 0.0131484
0.0639648 0.0141499
0.0551758 0.0153851
0.0488281 0.0168332
0.0615234 0.0183249
0.0742188 0.0199124
0.0629883 0.0213075
0.0722656 0.0222714
0.0664062 0.0228556
0.0610352 0.0229717
0.0390625 0.0231907
0.0258789 0.0234314
0.0405273 0.0238202
0.0537109 0.0241576
0.0712891 0.0245418
0.0439453 0.0251503
0.0322266 0.0262089
0.0625 0.0271223
0.0986328 0.0289699
0.0766602 0.0303674
0.0683594 0.0321321
0.0947266 0.0338915
0.112793 0.0351951
0.129395 0.035657
0.104492 0.0362883
0.110352 0.0371252
0.119141 0.0382167
0.109375 0.0384212
0.0883789 0.0379622
0.097168 0.0382866
0.0878906 0.038335
0.0825195 0.0384951
0.081543 0.0381972
0.0913086 0.0376347
0.11084 0.0375936
0.111328 0.03676
0.0913086 0.0354861
0.0673828 0.0344453
0.0498047 0.0332289
0.0703125 0.0317927
0.0917969 0.0305234
0.0751953 0.0288585
0.0556641 0.0276681
0.0664062 0.0259081
0.0644531 0.0236408
0.0620117 0.0215196
0.0458984 0.0202433
0.0561523 0.0183783
0.0595703 0.0163828
0.059082 0.0146459
0.065918 0.0126766
0.0795898 0.0107326
0.0864258 0.00878205
0.0805664 0.00733078
0.0893555 0.00489607
0.106445 0.00373563
0.106934 0.00356976
0.0981445 0.00280641
0.0761719 0.00192897
0.0776367 0.000264218
0.107422 -0.00118987
0.0942383 -0.00242958
0.116699 -0.00358961
0.0986328 -0.00435234
0.113281 -0.00479029
0.105957 -0.00523123
0.0913086 -0.00681589
0.103516 -0.00880086
0.102539 -0.00953103
0.0981445 -0.00962114
0.0976562 -0.00906757
0.101074 -0.00889503
0.0986328 -0.0078327
0.0942383 -0.00561966
0.09375 -0.00378366
0.0986328 -0.00166853
0.117188 -0.000189297
0.115234 0.00119072
0.105957 0.00107889
0.116211 0.000958074
0.0756836 0.000349198
0.090332 -0.000514929
0.0869141 -0.000957264
0.102539 -0.000660508
0.0830078 0.000373867
0.0688477 0.000551001
0.0849609 0.000456595
0.0981445 0.00146402
0.0878906 0.00103081
0.0727539 0.000525379
0.0688477 0.000766392
0.0805664 -9.15794e-05
0.0810547 -0.001611
0.0605469 -0.00251299
0.0585938 -0.0044902
0.0922852 -0.00477821
0.0688477 -0.0053371
0.0795898 -0.00613193
0.0834961 -0.0076482
0.0620117 -0.00888336
0.0742188 -0.0100821
0.0913086 -0.0108229
0.0913086 -0.0106205
0.0927734 -0.0108419
0.0849609 -0.0108735
0.0683594 -0.0110202
0.0566406 -0.0121138
0.0449219 -0.0141529
0.0683594 -0.0156307
0.0761719 -0.0182753
0.0791016 -0.0205911
0.0844727 -0.0229093
0.0722656 -0.0250643
0.0942383 -0.0265622
0.0810547 -0.0271861
0.0693359 -0.0273081
0.0717773 -0.0282132
0.0507812 -0.0298917
0.0898438 -0.0314254
0.0981445 -0.0320924
0.10498 -0.0330091
0.106445 -0.0321955
0.0947266 -0.0320077
0.09375 -0.0329822
0.0878906 -0.03453
0.115234 -0.0353869
0.131836 -0.0369025
0.122559 -0.0386335
0.130371 -0.04087
0.138184 -0.0433341
0.156738 -0.0442061
0.165039 -0.0447269
0.15625 -0.0456276
0.162598 -0.0459574
0.14502 -0.0465787
0.148926 -0.0471436
0.153809 -0.0474695
0.160156 -0.0471596
0.187988 -0.0462314
0.199707 -0.0446711
0.185547 -0.0438135
0.197266 -0.0428045
0.178223 -0.0436816
0.174316 -0.0448999
0.212402 -0.0452619
0.237793 -0.0444061
0.219238 -0.0435161
0.211914 -0.0436106
0.200684 -0.0426658
0.210938 -0.041188
0.21582 -0.0389429
0.214355 -0.0364197
0.22168 -0.0330807
0.19873 -0.0285733
0.19043 -0.0240566
0.18457 -0.0200478
0.188477 -0.017138
0.17041 -0.0147851
0.179688 -0.0108043
0.203125 -0.00624732
0.189941 -0.000823326
0.161133 0.00453537
0.137207 0.00959391
0.141113 0.014444
0.117188 0.0187126
0.0976562 0.0216579
0.0996094 0.0231189
0.0922852 0.0240219
0.0888672 0.0249097
0.0644531 0.025367
0.0351562 0.0251277
0.0361328 0.025312
0.0185547 0.0262142
0.0170898 0.0271768
0.012207 0.0297166
0.00488281 0.0321648
0.0200195 0.0341087
0.00341797 0.03533
0.0239258 0.0358265
0.0288086 0.034749
0.000488281 0.0329923
0.00585938 0.0312977
0.00976562 0.0282714
0.0161133 0.0253258
0.00585938 0.0223947
0.0200195 0.02037
0.0170898 0.0183313
0.00732422 0.0161031
0.00537109 0.0143721
0.0170898 0.0129143
0.0161133 0.0139261
0.0146484 0.0166004
0.0219727 0.0187923
0.00390625 0.0221123
0.00830078 0.026505
0.00341797 0.0301544
0.012207 0.031846
0.00244141 0.031737
0.0102539 0.03156
0.0375977 0.0301434
0.0214844 0.0274129
0.0219727 0.0214496
0.0078125 0.0163715
0.0102539 0.0117967
0.0258789 0.0113253
0.0273438 0.0117995
0.0151367 0.0126827
0.0078125 0.0132243
0.0195312 0.0136526
0.0410156 0.0150178
0.0537109 0.0166966
0.0488281 0.0170614
0.0600586 0.0165179
0.059082 0.0155844
0.0561523 0.0159286
0.0478516 0.0158908
0.0537109 0.0152795
0.0458984 0.0108768
0.0532227 0.00780988
0.0507812 0.00512573
0.0561523 0.00360849
0.0458984 0.000915044
0.0351562 -0.00058394
0.0307617 -0.00227199
0.034668 -0.00409283
0.0361328 -0.00529579
0.0385742 -0.00812771
0.081543 -0.008246
0.0957031 -0.00956523
0.137207 -0.00715478
0.138184 -0.00549578
0.141602 -0.00550224
0.140137 -0.00463595
0.144531 -0.00206872
0.133789 0.00022888
0.117188 -0.000100211
0.0961914 -0.00152469
0.0883789 -0.00112382
0.0849609 -0.000496436
0.0791016 0.00237462
0.0742188 0.00401085
0.0766602 0.00190362
0.0615234 -0.00437438
0.0834961 -0.00121204
0.078125 -0.000418274
0.0981445 0.00398548
0.0771484 0
