0.845 1
0.865 0.95876
0.86 0.921958
0.885 0.890592
0.905 0.860291
0.85 0.832488
0.83 0.807879
0.835 0.786395
0.86 0.766857
0.89 0.748337
0.88 0.729381
0.85 0.709873
0.775 0.691272
0.78 0.674103
0.78 0.65932
0.79 0.644611
0.79 0.63039
0.81 0.617291
0.88 0.603044
0.835 0.589298
0.835 0.577386
0.855 0.563893
0.86 0.551338
0.81 0.539908
0.85 0.526981
0.85 0.514295
0.84 0.501945
0.865 0.490143
0.88 0.478262
0.875 0.46802
0.855 0.459345
0.83 0.449786
0.83 0.44063
0.82 0.433175
0.815 0.425172
0.835 0.416521
0.905 0.40793
0.88 0.398755
0.91 0.389238
0.89 0.379889
0.855 0.372885
0.845 0.364532
0.88 0.353929
0.86 0.345373
0.845 0.337364
0.82 0.328812
0.745 0.321718
0.745 0.314374
0.69 0.307496
0.655 0.299687
0.665 0.29328
0.675 0.284608
0.65 0.276291
0.645 0.267197
0.595 0.25814
0.6 0.24995
0.605 0.244627
0.64 0.239064
0.695 0.230988
0.685 0.222976
0.685 0.214754
0.725 0.206373
0.685 0.200067
0.645 0.195936
0.675 0.192701
0.76 0.186962
0.705 0.181074
0.66 0.175486
0.665 0.170557
0.61 0.168043
0.675 0.16518
0.655 0.163347
0.655 0.162888
0.71 0.162826
0.735 0.1603
0.845 0.156939
0.84 0.15299
0.875 0.149018
0.79 0.145014
0.775 0.142527
0.81 0.140691
0.71 0.138296
0.65 0.138165
0.685 0.137993
0.735 0.136759
0.725 0.134113
0.74 0.131048
0.755 0.127458
0.85 0.122404
0.845 0.117106
0.905 0.11146
0.88 0.106939
0.895 0.0998176
0.88 0.0926328
0.9 0.0845546
0.915 0.0745172
0.865 0.0643204
0.87 0.055015
0.865 0.048973
0.845 0.0430408
0.87 0.0361319
0.855 0.0299389
0.905 0.0236529
0.89 0.0153267
0.885 0.00813471
0.91 0.00122289
0.875 -0.00577782
0.83 -0.0114365
0.92 -0.0144674
0.88 -0.0179905
0.91 -0.0213553
0.915 -0.0232403
0.88 -0.0242829
0.785 -0.025951
0.78 -0.026622
0.775 -0.0275475
0.805 -0.0284926
0.81 -0.0313362
0.845 -0.0348295
0.87 -0.0380693
0.89 -0.0417228
0.88 -0.0427757
0.865 -0.0431214
0.865 -0.0441189
0.84 -0.0446248
0.82 -0.0451198
0.815 -0.0444724
0.77 -0.0453304
0.75 -0.0464421
0.79 -0.0486715
0.795 -0.0505446
0.755 -0.0494059
0.7 -0.0462637
0.685 -0.0450266
0.705 -0.0449623
0.685 -0.0441601
0.715 -0.0425796
0.68 -0.0453259
0.645 -0.0468505
0.515 -0.0496966
0.475 -0.052301
0.42 -0.0541813
0.425 -0.0590586
0.45 -0.0625
0.515 -0.0646103
0.575 -0.0653725
0.64 -0.0655944
0.7 -0.0679787
0.695 -0.070186
0.74 -0.0741642
0.805 -0.0778714
0.785 -0.0808852
0.77 -0.0840736
0.785 -0.0862319
0.77 -0.0890822
0.805 -0.0889385
0.765 -0.0883155
0.79 -0.085782
0.81 -0.0840145
0.805 -0.081703
0.775 -0.0803211
0.8 -0.0791117
0.695 -0.0769928
0.74 -0.0755663
0.775 -0.073677
0.725 -0.0723647
0.76 -0.070842
0.82 -0.0682156
0.79 -0.0661397
0.74 -0.0625386
0.68 -0.0593549
0.66 -0.0555618
0.685 -0.0520404
0.68 -0.0487048
0.65 -0.0461698
0.57 -0.0444907
0.63 -0.0422189
0.715 -0.0415554
0.705 -0.0418563
0.68 -0.0418999
0.74 -0.0407689
0.77 -0.0387487
0.765 -0.036347
0.8 -0.0341404
0.8 -0.0320071
0.83 -0.0328012
0.83 -0.0334157
0.8 -0.0354244
0.825 -0.0379852
0.8 -0.0406935
0.81 -0.0434807
0.77 -0.0455699
0.825 -0.0477237
0.855 -0.0488395
0.89 -0.0497688
0.88 -0.051672
0.88 -0.0528734
0.91 -0.0542918
0.9 -0.0554171
0.905 -0.0563537
0.955 -0.0566085
0.945 -0.0567076
0.915 -0.0579234
0.895 -0.0586958
0.905 -0.0603423
0.915 -0.0614518
0.85 -0.0651067
0.875 -0.0689017
0.89 -0.070878
0.865 -0.0734247
0.86 -0.0732334
0.86 -0.0744743
0.88 -0.0760331
0.87 -0.0766534
0.86 -0.0763396
0.825 -0.076284
0.865 -0.0756553
0.82 -0.0722332
0.82 -0.0710498
0.81 -0.0705515
0.805 -0.070255
0.89 -0.0699441
0.865 -0.0689569
0.85 -0.0666062
0.85 -0.0642769
0.835 -0.0635355
0.835 -0.0624705
0.865 -0.0615348
0.835 -0.0619204
0.875 -0.0632501
0.905 -0.0626424
0.865 -0.0623951
0.84 -0.0611938
0.84 -0.0603225
0.86 -0.0596849
0.83 -0.0603547
0.875 -0.0618253
0.89 -0.0619609
0.815 -0.0627656
0.795 -0.0643532
0.805 -0.0651686
0.775 -0.0683047
0.75 -0.069426
0.765 -0.0709929
0.84 -0.0718519
0.89 -0.0737154
0.91 -0.0740422
0.895 -0.0734569
0.86 -0.073934
0.87 -0.0734204
0.915 -0.0708744
0.915 -0.0681687
0.91 -0.0684924
0.925 -0.067942
0.885 -0.0678852
0.85 -0.0660339
0.865 -0.0643356
0.89 -0.0626463
0.91 -0.0609773
0.92 -0.0599825
0.935 -0.057508
0.93 -0.0558511
0.915 -0.0551207
0.91 -0.0533708
0.895 -0.0529332
0.9 -0.0529179
0.85 -0.0515382
0.82 -0.0493599
0.825 -0.0484377
0.835 -0.0476022
0.84 -0.0474837
0.86 -0.0462952
0.905 -0.047085
0.86 -0.0458482
0.89 -0.0431873
0.85 -0.0422623
0.825 -0.0399632
0.845 -0.0386437
0.8 -0.0377612
0.805 -0.0379815
0.795 -0.0370615
0.795 -0.0364274
0.82 -0.0367455
0.845 -0.0369301
0.855 -0.0375342
0.85 -0.0383255
0.775 -0.0367215
0.77 -0.0355867
0.77 -0.0362722
0.755 -0.0357278
0.765 -0.0349718
0.8 -0.0342808
0.785 -0.035665
0.845 -0.0364295
0.825 -0.0368117
0.79 -0.0385927
0.8 -0.0406769
0.815 -0.0419139
0.825 -0.0424439
0.875 -0.0412965
0.82 -0.0402194
0.755 -0.0393061
0.755 -0.0390083
0.79 -0.0362323
0.73 -0.0351074
0.705 -0.0360251
0.69 -0.0371325
0.66 -0.0371032
0.66 -0.0386013
0.595 -0.0403962
0.66 -0.0416971
0.535 -0.0439704
0.575 -0.0456275
0.7 -0.0469185
0.62 -0.0488261
0.685 -0.0495005
0.725 -0.0491041
0.755 -0.0493377
0.8 -0.0517427
0.77 -0.0519076
0.76 -0.0525067
0.745 -0.0537392
0.79 -0.0544061
0.81 -0.053827
0.805 -0.0519288
0.81 -0.0516678
0.825 -0.052317
0.845 -0.0511244
0.85 -0.0526673
0.83 -0.054527
0.81 -0.056671
0.755 -0.0612065
0.785 -0.0647
0.83 -0.0668965
0.82 -0.068679
0.805 -0.0711743
0.79 -0.0741708
0.835 -0.0759125
0.835 -0.0787454
0.765 -0.0830531
0.815 -0.0883395
0.88 -0.0928948
0.815 -0.0959297
0.79 -0.0986291
0.825 -0.101297
0.785 -0.103204
0.725 -0.10246
0.68 -0.101644
0.775 -0.10245
0.795 -0.102769
0.815 -0.101815
0.85 -0.10191
0.84 -0.103898
0.835 -0.105604
0.91 -0.10713
0.88 -0.108957
0.785 -0.109011
0.725 -0.108232
0.72 -0.107003
0.735 -0.105893
0.765 -0.102658
0.75 -0.102668
0.775 -0.101592
0.795 -0.101164
0.8 -0.100781
0.725 -0.0995027
0.755 -0.101031
0.765 -0.103744
0.74 -0.106862
0.72 -0.109357
0.78 -0.110855
0.785 -0.113498
0.78 -0.115244
0.69 -0.117193
0.74 -0.119749
0.765 -0.121506
0.8 -0.123579
0.82 -0.124171
0.86 -0.12539
0.85 -0.126375
0.83 -0.128951
0.775 -0.130272
0.79 -0.132267
0.82 -0.134888
0.805 -0.136721
0.845 -0.138434
0.805 -0.139278
0.875 -0.138144
0.92 -0.136241
0.88 -0.133907
0.89 -0.132282
0.88 -0.131512
0.905 -0.129422
0.865 -0.126707
0.835 -0.123436
0.875 -0.121782
0.9 -0.120066
0.93 -0.11863
0.905 -0.11906
0.92 -0.118559
0.895 -0.119232
0.885 -0.118847
0.885 -0.118584
0.9 -0.118143
0.94 -0.118562
0.895 -0.120096
0.895 -0.120008
0.865 -0.119968
0.865 -0.11952
0.8 -0.120605
0.76 -0.11995
0.755 -0.120177
0.765 -0.120376
0.76 -0.120461
0.76 -0.120654
0.8 -0.120535
0.835 -0.119822
0.835 -0.118888
0.81 -0.119111
0.855 -0.117364
0.845 -0.115747
0.77 -0.113156
0.75 -0.110296
0.815 -0.108421
0.85 -0.109138
0.83 -0.108868
0.825 -0.108613
0.88 -0.107759
0.845 -0.105388
0.805 -0.101511
0.865 -0.0980125
0.895 -0.0946172
0.89 -0.0936916
0.885 -0.0928133
0.89 -0.0910556
0.915 -0.0892237
0.87 -0.0882402
0.945 -0.0860863
0.945 -0.0826196
0.895 -0.0799952
0.91 -0.0775065
0.925 -0.0726911
0.93 -0.067553
0.925 -0.0641869
0.91 -0.0613881
0.895 -0.0582749
0.895 -0.0551329
0.855 -0.0502819
0.84 -0.0470182
0.89 -0.0434566
0.87 -0.0377722
0.84 -0.0310762
0.875 -0.0254526
0.87 -0.0205035
0.9 -0.0167563
0.865 -0.0133598
0.805 -0.00884135
0.785 -0.00595284
0.81 -0.00401719
0.745 -0.00312281
0.715 -0.00187321
0.69 0.000188586
0.665 0.00150729
0.715 0.00191264
0.735 0.00305979
0.74 0.00325704
0.69 0.00356028
0.695 0.00498747
0.72 0.00721678
0.695 0.00758874
0.67 0.00886031
0.695 0.00974212
0.71 0.0109995
0.765 0.011462
0.68 0.011873
0.72 0.0134836
0.74 0.0152226
0.695 0.0173596
0.715 0.0187409
0.665 0.0194283
0.66 0.0188175
0.67 0.0180109
0.68 0.0174958
0.72 0.0175028
0.735 0.0170766
0.74 0.0164714
0.715 0.0174806
0.78 0.0175548
0.79 0.0186671
0.79 0.0158668
0.805 0.0108549
0.795 0.00810166
0.82 0.00581247
0.835 0.0046614
0.845 0.00285359
0.865 0.000917157
0.905 0.000136097
0.91 0.000388778
0.9 0.00141641
0.875 0.00103405
0.85 0.00120056
0.83 -4.77195e-05
0.75 -0.00274968
0.765 -0.00373905
0.73 -0.00380908
0.755 -0.00376019
0.705 -0.00354471
0.755 -0.00414509
0.765 -0.00571032
0.77 -0.00903361
0.73 -0.0109833
0.735 -0.0110939
0.705 -0.0142996
0.66 -0.0162129
0.695 -0.0177593
0.735 -0.0190582
0.71 -0.0198468
0.705 -0.0200032
0.74 -0.0198878
0.755 -0.018931
0.76 -0.0178843
0.755 -0.0154481
0.805 -0.0102772
0.82 -0.00765469
0.805 -0.004497
0.81 -0.00115027
0.825 0.00212792
0.765 0.00710022
0.74 0.0106029
0.69 0.0126779
0.685 0.0144987
0.74 0.0163071
0.765 0.0185162
0.74 0.0207064
0.705 0.0215843
0.735 0.0215364
0.725 0.0215192
0.72 0.0207129
0.64 0.0198438
0.715 0.0192918
0.755 0.0201481
0.77 0.0234599
0.715 0.0284663
0.72 0.0299474
0.66 0.0319434
0.6 0.0327933
0.665 0.0324939
0.715 0.0322001
0.755 0.0306934
0.705 0.0295726
0.73 0.0276419
0.67 0.0265256
0.65 0.0253724
0.645 0.0208569
0.65 0.0177108
0.7 0.0150658
0.71 0.0122642
0.69 0.0114296
0.74 0.011508
0.765 0.0111197
0.78 0.0110545
0.815 0.0136053
0.795 0.0149434
0.81 0.014747
0.87 0.0143258
0.81 0.0146515
0.81 0.0133836
0.77 0.0126085
0.825 0.013244
0.84 0.0128353
0.815 0.0145455
0.805 0.0131684
0.835 0.0116071
0.82 0.0103383
0.825 0.0108226
0.82 0.00992714
0.87 0.00865469
0.86 0.00758086
0.855 0.00731539
0.855 0.00683353
0.865 0.00709381
0.835 0.0067658
0.75 0.00754172
0.76 0.0116014
0.79 0.0153559
0.725 0.0161023
0.72 0.0173218
0.765 0.0182427
0.875 0.016365
0.88 0.0157606
0.875 0.0162229
0.88 0.018447
0.85 0.0202045
0.845 0.0210704
0.83 0.0219769
0.795 0.02122
0.765 0.0190206
0.76 0.0175145
0.825 0.0185938
0.83 0.0179467
0.84 0.0192327
0.86 0.0217345
0.84 0.02546
0.805 0.0275097
0.87 0.0302995
0.855 0.0323875
0.82 0.0340361
0.845 0.0332174
0.78 0.0320414
0.805 0.0322962
0.805 0.0311252
0.84 0.0298516
0.88 0.028506
0.875 0.0271341
0.875 0.0269428
0.785 0.0286687
0.8 0.0301177
0.725 0.0305485
0.62 0.0295318
0.785 0.0278258
0.76 0.026086
0.735 0.0220304
0.805 0.0177928
0.79 0.0140612
0.73 0.0131056
0.71 0.00930248
0.71 0.00630074
0.71 0.0043721
0.77 0.000266626
0.83 -0.00402792
0.855 -0.00563949
0.835 -0.0075074
0.825 -0.00757273
0.78 -0.00786079
0.855 -0.00714644
0.835 -0.00653709
0.88 -0.0061796
0.865 -0.00732168
0.875 -0.00813131
0.865 -0.0101964
0.88 -0.010692
0.885 -0.0116254
0.905 -0.0142574
0.83 -0.0164144
0.865 -0.0177531
0.92 -0.020963
0.92 -0.0237881
0.905 -0.0277054
0.895 -0.0299448
0.88 -0.0325263
0.81 -0.0346644
0.84 -0.0366752
0.85 -0.0383146
0.83 -0.0379548
0.81 -0.0368416
0.785 -0.0360236
0.785 -0.0348213
0.8 -0.0323002
0.74 -0.0298052
0.775 -0.0284704
0.755 -0.0256631
0.695 -0.0237463
0.705 -0.0221184
0.755 -0.0178938
0.72 -0.0144913
0.69 -0.0119727
0.69 -0.0122011
0.67 -0.0137286
0.685 -0.0161842
0.69 -0.0191037
0.64 -0.0229594
0.715 -0.0257711
0.72 -0.0264795
0.625 -0.024954
0.65 -0.0224463
0.63 -0.0202585
0.66 -0.018798
0.65 -0.0166509
0.7 -0.0143849
0.745 -0.0125726
0.755 -0.0108048
0.82 -0.00893218
0.825 -0.00602314
0.86 -0.0029506
0.85 0.0025332
0.835 0.00589672
0.82 0.00847082
0.755 0.00954154
0.84 0.0105126
0.79 0.0107327
0.715 0.0105945
0.68 0.0093644
0.675 0.00807755
0.765 0.00731948
0.805 0.00760412
0.775 0.00735503
0.845 0.00705059
0.82 0.00800369
0.795 0.0081623
0.81 0.00800814
0.78 0.00684262
0.795 0.006166
0.8 0.00596974
0.835 0.00592575
0.88 0.00354854
0.9 0.00335517
0.855 0.00320384
0.8 0.00239448
0.795 0.00230822
0.765 0.00335829
0.695 0.00410115
0.625 0.00573304
0.715 0.00483467
0.655 0.00390364
0.715 0.0031576
0.765 0.00425177
0.785 0.00560087
0.675 0.00616733
0.68 0.00735608
0.715 0.00751351
0.72 0.00767145
0.79 0.00943085
0.8 0.011883
0.855 0.0150224
0.87 0.0163021
0.825 0.0190935
0.79 0.0203736
0.75 0.0209379
0.715 0.0216791
0.765 0.0219587
0.745 0.0216009
0.76 0.0221026
0.695 0.0228192
0.73 0.0217953
0.77 0.0193232
0.68 0.0178142
0.725 0.0149362
0.71 0.0120102
0.765 0.0107082
0.79 0.009492
0.805 0.00828883
0.74 0.00726878
0.77 0.00676449
0.725 0.00703613
0.725 0.00701582
0.735 0.00771619
0.8 0.00843422
0.83 0.00503046
0.81 0.0018798
0.785 -0.000576786
0.765 -0.00176264
0.83 -0.00317353
0.805 -0.00569836
0.84 -0.00582054
0.82 -0.00696621
0.795 -0.00745329
0.78 -0.00769945
0.8 -0.0065293
0.85 -0.0048387
0.825 -0.00163093
0.86 -0.000559078
0.81 0.00150147
0.88 0.00271426
0.875 0.00210632
0.835 0.00218392
0.795 0.00204702
0.8 0.00280796
0.79 0.00453673
0.75 0.00744771
0.79 0.00984027
0.805 0.0132525
0.835 0.0148898
0.77 0.0160817
0.77 0.0168329
0.77 0.0175556
0.765 0.020736
0.745 0.0227926
0.825 0.0261492
0.84 0.0287949
0.83 0.0329226
0.855 0.0373696
0.835 0.0410034
0.88 0.0426733
0.875 0.0437657
0.895 0.0445837
0.9 0.046141
0.9 0.0474581
0.92 0.0489228
0.91 0.050182
0.865 0.0519628
0.84 0.0519047
0.835 0.0505177
0.84 0.0478012
0.795 0.0446794
0.72 0.0428388
0.65 0.0414612
0.69 0.0398905
0.72 0.0380212
0.775 0.034553
0.775 0.033005
0.73 0.032826
0.67 0.0335646
0.7 0.0320817
0.74 0.0321034
0.68 0.031139
0.665 0.0305495
0.66 0.0287995
0.645 0.0289392
0.63 0.0295473
0.645 0.0321229
0.615 0.035053
0.605 0.0362996
0.585 0.0348207
0.68 0.0333253
0.735 0.0332449
0.735 0.0340712
0.78 0.0364879
0.805 0.0398041
0.765 0.0430824
0.775 0.0435105
0.81 0.0451603
0.84 0.0456313
0.915 0.0462575
0.895 0.045839
0.91 0.0450238
0.87 0.0446965
0.885 0.0428542
0.835 0.0401893
0.83 0.0384943
0.845 0.0369709
0.825 0.0376149
0.835 0.0380914
0.845 0.0366797
0.815 0.0364857
0.695 0.0360723
0.64 0.0351335
0.72 0.0318023
0.65 0.0299342
0.615 0.0272837
0.605 0.0224376
0.635 0.0180076
0.665 0.0137954
0.66 0.0080342
0.54 0.00274911
0.505 -0.000978264
0.535 -0.00617326
0.595 -0.0115595
0.53 -0.0160289
0.525 -0.021492
0.51 -0.026745
0.53 -0.0327698
0.5 -0.0384317
0.48 -0.0451516
0.49 -0.0522943
0.495 -0.0572864
0.495 -0.0619833
0.49 -0.0668616
0.515 -0.0716995
0.495 -0.0733707
0.515 -0.0733983
0.48 -0.0740375
0.485 -0.0749165
0.51 -0.0763356
0.51 -0.0776921
0.49 -0.0773764
0.52 -0.0786226
0.525 -0.0784916
0.49 -0.0770901
0.45 -0.0764193
0.5 -0.0766039
0.56 -0.0757855
0.535 -0.0753992
0.525 -0.074923
0.45 -0.0753141
0.43 -0.0754272
0.54 -0.077031
0.57 -0.081182
0.605 -0.0853739
0.585 -0.0881277
0.6 -0.0917975
0.625 -0.093312
0.55 -0.0959883
0.545 -0.0990764
0.485 -0.103054
0.44 -0.107803
0.475 -0.112734
0.535 -0.117699
0.505 -0.12062
0.5 -0.124059
0.515 -0.126811
0.52 -0.131039
0.505 -0.133937
0.43 -0.137661
0.47 -0.140665
0.425 -0.140802
0.44 -0.140419
0.535 -0.141139
0.635 -0.140632
0.58 -0.140298
0.6 -0.139938
0.505 -0.139443
0.495 -0.138163
0.345 -0.137344
0.37 -0.133567
0.225 -0.128963
0.325 -0.124024
0.32 -0.119201
0.355 -0.111422
0.38 -0.102329
0.4 -0.0942669
0.415 -0.0892969
0.47 -0.0847538
0.45 -0.0805615
0.51 -0.079072
0.48 -0.0770003
0.535 -0.074111
0.465 -0.0697878
0.47 -0.0664333
0.465 -0.064789
0.51 -0.0639458
0.56 -0.0632841
0.525 -0.0615227
0.555 -0.0599371
0.49 -0.0600175
0.445 -0.0612194
0.47 -0.0656032
0.455 -0.0684864
0.385 -0.0723025
0.425 -0.0775447
0.365 -0.0813933
0.385 -0.083765
0.4 -0.087031
0.395 -0.0905655
0.36 -0.0954002
0.335 -0.100455
0.415 -0.106167
0.385 -0.114012
0.435 -0.120156
0.5 -0.126691
0.54 -0.129323
0.635 -0.132917
0.585 -0.135219
0.57 -0.138015
0.58 -0.138938
0.6 -0.138994
0.52 -0.13865
0.545 -0.137609
0.585 -0.137289
0.58 -0.138298
0.62 -0.13829
0.57 -0.14003
0.575 -0.139479
0.525 -0.138934
0.565 -0.138455
0.585 -0.138739
0.59 -0.138795
0.585 -0.138117
0.67 -0.137734
0.66 -0.137407
0.585 -0.139013
0.63 -0.139571
0.63 -0.138759
0.695 -0.138295
0.655 -0.137005
0.66 -0.136106
0.74 -0.134596
0.78 -0.133469
0.745 -0.133412
0.71 -0.132292
0.69 -0.132233
0.64 -0.133349
0.65 -0.134262
0.675 -0.135514
0.685 -0.136171
0.635 -0.137016
0.615 -0.138214
0.55 -0.139694
0.61 -0.143288
0.56 -0.14552
0.625 -0.145603
0.595 -0.144367
0.56 -0.142603
0.57 -0.139585
0.5 -0.134902
0.605 -0.130745
0.59 -0.1281
0.565 -0.126001
0.615 -0.122272
0.68 -0.119227
0.615 -0.115881
0.625 -0.110908
0.615 -0.105834
0.6 -0.101459
0.58 -0.0967518
0.59 -0.0916097
0.58 -0.0847491
0.57 -0.0780091
0.67 -0.0727001
0.74 -0.068777
0.745 -0.0647204
0.735 -0.0613776
0.725 -0.0570471
0.8 -0.0512817
0.81 -0.0440879
0.81 -0.0389293
0.805 -0.0336133
0.81 -0.0286858
0.835 -0.0281027
0.805 -0.0274157
0.745 -0.0274595
0.69 -0.0277325
0.705 -0.029021
0.71 -0.0302414
0.75 -0.031235
0.795 -0.0329278
0.735 -0.0337986
0.7 -0.0355841
0.695 -0.0390704
0.665 -0.0431005
0.675 -0.0470752
0.685 -0.0501564
0.69 -0.0524306
0.63 -0.0538964
0.625 -0.0566353
0.645 -0.0599599
0.67 -0.062183
0.7 -0.0645425
0.725 -0.0664067
0.775 -0.0682962
0.765 -0.070924
0.73 -0.0713035
0.75 -0.0727835
0.815 -0.0726212
0.84 -0.0713927
0.875 -0.0717304
0.865 -0.0720846
0.82 -0.0734982
0.87 -0.0756456
0.9 -0.077199
0.86 -0.0781178
0.845 -0.0778827
0.895 -0.0781463
0.84 -0.0786317
0.9 -0.0782117
0.845 -0.0776919
0.83 -0.0768355
0.875 -0.0755888
0.855 -0.0738754
0.895 -0.0725604
0.92 -0.0708497
0.865 -0.0707549
0.845 -0.0722232
0.84 -0.0733149
0.865 -0.0745823
0.89 -0.0743291
0.875 -0.0740561
0.815 -0.0729515
0.775 -0.0701184
0.82 -0.0672937
0.825 -0.0678186
0.845 -0.0685602
0.845 -0.0687447
0.79 -0.0677718
0.805 -0.0687067
0.785 -0.0706771
0.745 -0.0737029
0.79 -0.0769705
0.815 -0.0770652
0.825 -0.0766142
0.89 -0.0760517
0.895 -0.0739522
0.88 -0.0734418
0.89 -0.0738292
0.9 -0.0739769
0.845 -0.0743951
0.795 -0.0740637
0.865 -0.0727129
0.875 -0.0687189
0.86 -0.0643124
0.875 -0.0585117
0.895 -0.0517363
0.905 -0.0477764
0.82 -0.0443169
0.87 -0.0411735
0.825 -0.0382426
0.845 -0.0354732
0.835 -0.0327444
0.82 -0.0296176
0.81 -0.0243724
0.82 -0.0182406
0.815 -0.0106297
0.795 -0.00222769
0.825 0.00510782
0.795 0.0136503
0.85 0.0227946
0.815 0.0298793
0.82 0.0343208
0.785 0.0412139
0.815 0.0466182
0.88 0.0482875
0.91 0.0493931
0.885 0.050329
0.9 0.0504246
0.915 0.0496662
0.87 0.0496724
0.845 0.0498647
0.77 0.0485686
0.78 0.0475864
0.82 0.046718
0.8 0.0438246
0.845 0.0422361
0.825 0.0410167
0.815 0.0389888
0.845 0.0369556
0.79 0.0353733
0.765 0.0358662
0.83 0.0365991
0.815 0.0377169
0.82 0.0373317
0.82 0.0359758
0.88 0.0355605
0.9 0.0346258
0.885 0.0338316
0.89 0.0312072
0.905 0.0312427
0.88 0.031633
0.895 0.0315167
0.825 0.0312207
0.835 0.0313245
0.805 0.0325889
0.8 0.0352467
0.805 0.0398852
0.77 0.0433141
0.805 0.0470682
0.79 0.0511487
0.8 0.0548768
0.72 0.057887
0.77 0.062938
0.79 0.066373
0.795 0.0689267
0.795 0.0746152
0.83 0.0811404
0.815 0.0877279
0.805 0.0910377
0.845 0.0919956
0.83 0.0931225
0.785 0.094431
0.76 0.0974419
0.73 0.098003
0.735 0.098407
0.76 0.0982752
0.73 0.0994957
0.8 0.0996838
0.825 0.0982996
0.845 0.0974279
0.84 0.0944097
0.84 0.0922709
0.835 0.0922771
0.81 0.0905273
0.845 0.0896276
0.82 0.0911569
0.805 0.094018
0.75 0.0969202
0.725 0.0993239
0.725 0.100736
0.685 0.103693
0.63 0.107766
0.595 0.113171
0.585 0.118887
0.6 0.124084
0.65 0.129288
0.68 0.136804
0.65 0.145934
0.62 0.1524
0.655 0.159825
0.665 0.164914
0.655 0.171591
0.68 0.176975
0.685 0.183094
0.645 0.189727
0.665 0.196182
0.75 0.201032
0.68 0.2063
0.66 0.210567
0.66 0.213489
0.635 0.21522
0.58 0.217467
0.57 0.218484
0.665 0.221181
0.655 0.221957
0.625 0.223381
0.65 0.223654
0.635 0.223242
0.64 0.222975
0.625 0.219633
0.59 0.217938
0.625 0.215419
0.65 0.214212
0.67 0.212242
0.675 0.207754
0.7 0.203218
0.725 0.19727
0.755 0.193931
0.665 0.191764
0.68 0.190155
0.675 0.189242
0.71 0.191245
0.74 0.193913
0.765 0.194177
0.745 0.195021
0.81 0.195944
0.79 0.196972
0.795 0.196832
0.845 0.195909
0.825 0.193113
0.805 0.189436
0.82 0.186087
0.895 0.182106
0.83 0.176407
0.81 0.170819
0.765 0.166909
0.81 0.162884
0.835 0.157009
0.825 0.151365
0.81 0.147529
0.88 0.146658
0.905 0.148258
0.86 0.148465
0.85 0.148933
0.835 0.150235
0.87 0.149673
0.875 0.147053
0.825 0.144168
0.785 0.141767
0.835 0.138569
0.9 0.132277
0.86 0.127076
0.875 0.12076
0.905 0.113623
0.91 0.106374
0.925 0.0984355
0.905 0.0899707
0.85 0.0813895
0.865 0.0745247
0.865 0.0655105
0.875 0.0563318
0.87 0.0470118
0.845 0.0388169
0.82 0.0309843
0.87 0.0229721
0.85 0.0159796
0.84 0.0116864
0.8 0.00748157
0.78 0.00244169
0.865 -0.00216997
0.86 -0.00802409
0.82 -0.0114244
0.78 -0.0150822
0.805 -0.0189709
0.82 -0.0221447
0.86 -0.0252756
0.805 -0.0268701
0.805 -0.0277212
0.825 -0.0277492
0.845 -0.0305883
0.865 -0.0330296
0.8 -0.0342543
0.865 -0.0348835
0.885 -0.0356626
0.835 -0.0345851
0.885 -0.0352786
0.905 -0.0368391
0.915 -0.0371626
0.86 -0.036607
0.86 -0.0353013
0.825 -0.0333099
0.8 -0.0308064
0.74 -0.0290013
0.725 -0.0274776
0.735 -0.0264597
0.73 -0.0252169
0.745 -0.0215175
0.735 -0.020016
0.725 -0.0201983
0.705 -0.0202546
0.705 -0.0198536
0.72 -0.0179818
0.795 -0.0166706
0.87 -0.0162126
0.815 -0.0143836
0.865 -0.0142698
0.88 -0.0148163
0.845 -0.0180876
0.86 -0.0216721
0.84 -0.0237548
0.81 -0.0256591
0.735 -0.0290214
0.71 -0.0318517
0.69 -0.0361951
0.675 -0.0398932
0.67 -0.044
0.725 -0.0462236
0.67 -0.0495607
0.7 -0.0485818
0.805 -0.0479808
0.83 -0.0482469
0.83 -0.0496052
0.83 -0.0508952
0.83 -0.0511343
0.855 -0.0505155
0.84 -0.048991
0.8 -0.0466165
0.755 -0.0448641
0.79 -0.0434053
0.81 -0.0413284
0.775 -0.0424743
0.805 -0.0436492
0.695 -0.0439408
0.73 -0.0414676
0.76 -0.0379175
0.77 -0.0348291
0.805 -0.0334326
0.835 -0.033903
0.855 -0.0358822
0.875 -0.0377882
0.845 -0.039062
0.76 -0.0396737
0.77 -0.0387605
0.845 -0.0385273
0.91 -0.0377891
0.865 -0.0382334
0.895 -0.0390805
0.9 -0.0440312
0.81 -0.0484313
0.815 -0.0534191
0.795 -0.0573915
0.84 -0.0634958
0.825 -0.0689202
0.855 -0.0736027
0.89 -0.0787551
0.85 -0.0827585
0.86 -0.0849501
0.865 -0.0851164
0.89 -0.0825378
0.865 -0.0808057
0.865 -0.0772901
0.82 -0.0766188
0.835 -0.0758631
0.8 -0.0749566
0.775 -0.0752799
0.845 -0.0775075
0.81 -0.0770735
0.77 -0.0757843
0.775 -0.0749607
0.77 -0.0772329
0.825 -0.0764433
0.85 -0.0793648
0.865 -0.0802755
0.91 -0.0817501
0.905 -0.083722
0.835 -0.0839071
0.865 -0.0822295
0.88 -0.077545
0.9 -0.0732548
0.925 -0.0668635
0.93 -0.060679
0.875 -0.0567227
0.87 -0.0545004
0.845 -0.0508885
0.835 -0.0490755
0.87 -0.0476391
0.865 -0.0457532
0.915 -0.0421605
0.87 -0.0363218
0.88 -0.0320418
0.865 -0.0280934
0.88 -0.0261597
0.875 -0.0208797
0.89 -0.0170565
0.875 -0.0130439
0.88 -0.00834594
0.86 -0.00394172
0.835 -0.000875846
0.85 0.00151017
0.865 0.00466536
0.835 0.00803187
0.85 0.0074048
0.855 0.00706473
0.805 0.00557344
0.74 0.0026716
0.775 0.000967098
0.785 0.00273173
0.81 0.00656374
0.82 0.010977
0.86 0.0160463
0.85 0.0209313
0.815 0.0254667
0.81 0.0298288
0.865 0.0329956
0.905 0.0353918
0.92 0.0373653
0.91 0.0381072
0.905 0.0386876
0.9 0.0411636
0.87 0.040708
0.82 0.0414511
0.885 0.0410287
0.925 0.0416514
0.91 0.04347
0.895 0.0442315
0.885 0.0454555
0.88 0.0460489
0.855 0.0459535
0.87 0.0459478
0.845 0.0477497
0.855 0.0474305
0.83 0.0465545
0.885 0.0465069
0.82 0.0463291
0.795 0.0449346
0.805 0.044808
0.785 0.0447353
0.74 0.0458402
0.77 0.0451427
0.78 0.043905
0.785 0.043515
0.73 0.0421183
0.68 0.0426682
0.71 0.0424466
0.725 0.0409057
0.71 0.0405149
0.7 0.0386763
0.69 0.0367315
0.69 0.0316646
0.68 0.028123
0.7 0.0267933
0.685 0.0259623
0.72 0.0256461
0.75 0.0244847
0.84 0.0222577
0.83 0.0220279
0.855 0.0225614
0.895 0.0219127
0.865 0.0227965
0.835 0.0256944
0.81 0.0283544
0.735 0.0314186
0.665 0.0338924
0.68 0.0363044
0.61 0.0396557
0.68 0.0417778
0.64 0.0451651
0.525 0.0487626
0.495 0.0524266
0.445 0.0557702
0.47 0.058278
0.43 0.0620322
0.5 0.0648056
0.515 0.0660279
0.43 0.0678774
0.51 0.0685492
0.415 0.0653542
0.395 0.0618802
0.43 0.0582071
0.445 0.0540708
0.49 0.0502386
0.45 0.0478626
0.53 0.0477413
0.58 0.0484385
0.575 0.0480087
0.535 0.0451674
0.635 0.0427136
0.645 0.0368693
0.625 0.0300881
0.665 0.0245369
0.655 0.0198647
0.585 0.0172556
0.62 0.0128545
0.535 0.0080654
0.525 0.00388903
0.585 -0.00119741
0.645 -0.00554539
0.615 -0.011148
0.61 -0.0162841
0.63 -0.0203522
0.65 -0.024472
0.645 -0.0287806
0.625 -0.0320712
0.67 -0.0366801
0.755 -0.0394681
0.705 -0.0434567
0.71 -0.0459882
0.65 -0.0498255
0.65 -0.0528806
0.59 -0.0541534
0.63 -0.0562548
0.64 -0.0583346
0.63 -0.0606245
0.585 -0.0633426
0.595 -0.0637701
0.615 -0.0653051
0.665 -0.0664658
0.7 -0.0668791
0.595 -0.0662494
0.585 -0.0659895
0.615 -0.0655118
0.555 -0.0635651
0.515 -0.061276
0.515 -0.0596739
0.565 -0.058121
0.565 -0.0556748
0.605 -0.0548078
0.64 -0.0522874
0.615 -0.0499457
0.7 -0.0473029
0.71 -0.0468273
0.67 -0.0457546
0.67 -0.0452026
0.6 -0.0450663
0.615 -0.043734
0.625 -0.0464492
0.67 -0.0492958
0.6 -0.0535649
0.62 -0.0571256
0.64 -0.0598585
0.665 -0.0614499
0.615 -0.0609986
0.585 -0.0600659
0.62 -0.0600718
0.575 -0.0592239
0.62 -0.0599876
0.72 -0.0605396
0.75 -0.0577084
0.765 -0.0537908
0.755 -0.0530387
0.79 -0.0535177
0.7 -0.0509633
0.635 -0.04921
0.635 -0.0458149
0.66 -0.0408012
0.74 -0.0363477
0.77 -0.0334806
0.795 -0.0325347
0.79 -0.0334266
0.77 -0.032935
0.775 -0.0341949
0.82 -0.0337415
0.84 -0.0327068
0.845 -0.0325215
0.89 -0.0320281
0.81 -0.0315554
0.88 -0.0345427
0.875 -0.0379798
0.84 -0.0412259
0.815 -0.0422657
0.835 -0.0459274
0.795 -0.0467118
0.79 -0.0474224
0.825 -0.0469116
0.76 -0.0476813
0.745 -0.0480524
0.78 -0.0478863
0.795 -0.0444163
0.83 -0.0405336
0.86 -0.0407844
0.89 -0.0394291
0.88 -0.0389536
0.91 -0.0370767
0.88 -0.0341501
0.83 -0.0331385
0.795 -0.0330655
0.81 -0.0358101
0.765 -0.0389498
0.765 -0.0419771
0.81 -0.0476203
0.915 -0.0521018
0.88 -0.0553143
0.92 -0.0575047
0.895 -0.0606102
0.915 -0.0623648
0.88 -0.0613771
0.89 -0.0584658
0.91 -0.0548803
0.91 -0.0518023
0.92 -0.0503681
0.93 -0.0493016
0.89 -0.0505013
0.845 -0.0511377
0.855 -0.0531794
0.815 -0.0534109
0.71 -0.0506352
0.7 -0.0489198
0.735 -0.0465724
0.685 -0.0457684
0.68 -0.0464471
0.73 -0.0467305
0.755 -0.0453871
0.73 -0.0455748
0.76 -0.044684
0.73 -0.0421412
0.64 -0.0419363
0.655 -0.0417996
0.65 -0.041221
0.76 -0.0409776
0.78 -0.038449
0.795 -0.0364352
0.795 -0.0321484
0.74 -0.0305713
0.71 -0.0281438
0.71 -0.0289306
0.715 -0.0302048
0.76 -0.0295179
0.785 -0.0283121
0.815 -0.0265264
0.845 -0.027835
0.885 -0.0317282
0.835 -0.0364561
0.865 -0.0417668
0.84 -0.0474331
0.82 -0.0499523
0.835 -0.0520701
0.845 -0.0534108
0.855 -0.0554827
0.835 -0.0564588
0.8 -0.056726
0.81 -0.0573043
0.79 -0.0578567
0.815 -0.0581327
0.825 -0.057128
0.86 -0.0555973
0.87 -0.05671
0.875 -0.0549254
0.91 -0.0541648
0.88 -0.0532413
0.865 -0.0541557
0.825 -0.0549374
0.765 -0.057634
0.805 -0.0616967
0.82 -0.0627888
0.81 -0.0639469
0.84 -0.0631681
0.865 -0.0637645
0.88 -0.0637817
0.875 -0.0681337
0.92 -0.071292
0.91 -0.0742129
0.855 -0.0773682
0.875 -0.0793869
0.89 -0.0790334
0.85 -0.0793856
0.87 -0.0797067
0.825 -0.0808823
0.85 -0.0804452
0.865 -0.0802506
0.83 -0.0782326
0.79 -0.0741603
0.835 -0.0704431
0.835 -0.0683432
0.84 -0.0669968
0.835 -0.0658896
0.81 -0.0649449
0.83 -0.0663607
0.805 -0.0678446
0.79 -0.0690094
0.815 -0.0686071
0.815 -0.0688536
0.795 -0.0708417
0.86 -0.0735737
0.835 -0.0732365
0.845 -0.0732001
0.865 -0.0742348
0.915 -0.0760876
0.875 -0.0775468
0.9 -0.0786838
0.83 -0.0802159
0.855 -0.0824622
0.835 -0.0828746
0.81 -0.083042
0.82 -0.0807094
0.795 -0.0764072
0.77 -0.0717662
0.8 -0.0690091
0.72 -0.0664337
0.75 -0.0656615
0.765 -0.0623981
0.74 -0.058424
0.775 -0.0564605
0.8 -0.0570435
0.77 -0.0564283
0.725 -0.0543418
0.755 -0.0523756
0.81 -0.0519713
0.765 -0.0506029
0.765 -0.0484255
0.75 -0.0468607
0.655 -0.0441154
0.65 -0.0419538
0.72 -0.0388219
0.71 -0.0348432
0.665 -0.0309221
0.675 -0.0284091
0.7 -0.026018
0.7 -0.0243891
0.745 -0.0228538
0.625 -0.0194304
0.635 -0.0166898
0.745 -0.0136866
0.755 -0.0112922
0.71 -0.00867373
0.62 -0.00842583
0.64 -0.00921096
0.615 -0.00961983
0.56 -0.00940661
0.62 -0.0077117
0.585 -0.00337917
0.55 -0.000595415
0.53 0.00117645
0.505 0.00318397
0.53 0.00539655
0.5 0.00679317
0.485 0.00981803
0.515 0.0112353
0.455 0.0118256
0.485 0.0119897
0.46 0.011891
0.43 0.0101714
0.41 0.00907075
0.4 0.0096587
0.395 0.00967203
0.5 0.00912224
0.57 0.0104869
0.635 0.0113259
0.635 0.0130627
0.545 0.0143751
0.58 0.0184566
0.605 0.0200165
0.67 0.0212432
0.705 0.0229983
0.57 0.0264212
0.595 0.0288795
0.565 0.0315169
0.51 0.0351038
0.51 0.0421546
0.52 0.0466614
0.555 0.0529695
0.585 0.0593706
0.61 0.0642505
0.575 0.0670556
0.645 0.0693883
0.65 0.0710065
0.635 0.0717732
0.625 0.0718761
0.62 0.074337
0.565 0.0748211
0.575 0.0757069
0.47 0.0779023
0.46 0.0795647
0.445 0.0817309
0.485 0.0826034
0.505 0.0822135
0.525 0.0815128
0.565 0.0815806
0.55 0.0800677
0.62 0.0785128
0.585 0.0761133
0.575 0.0755346
0.55 0.0729105
0.6 0.0717916
0.65 0.0707498
0.685 0.0668135
0.705 0.0639828
0.655 0.0597888
0.715 0.0587883
0.645 0.0575246
0.58 0.0567478
0.585 0.0580049
0.68 0.0592337
0.7 0.0571745
0.7 0.0556442
0.71 0.05429
0.665 0.0551743
0.7 0.0555093
0.7 0.0562023
0.7 0.0560491
0.775 0.0559053
0.78 0.0534245
0.745 0.053356
0.785 0.0521133
0.795 0.0510723
0.87 0.0490728
0.835 0.0500412
0.85 0.048802
0.905 0.047516
0.865 0.0467717
0.84 0.0457215
0.825 0.0468408
0.79 0.0484961
0.755 0.0505287
0.75 0.0515712
0.715 0.0498046
0.695 0.0493618
0.71 0.0480865
0.73 0.0471156
0.635 0.0443108
0.665 0.0408118
0.685 0.0377364
0.715 0.0337262
0.69 0.0299424
0.655 0.0238626
0.725 0.0170322
0.675 0.0076049
0.62 -0.001686
0.625 -0.00838612
0.63 -0.0113047
0.665 -0.0137834
0.66 -0.0148967
0.695 -0.012439
0.69 -0.0117584
0.73 -0.0105881
0.755 -0.00998575
0.815 -0.00967421
0.825 -0.009538
0.83 -0.0100472
0.79 -0.0114574
0.74 -0.0135102
0.765 -0.0140608
0.76 -0.0149387
0.72 -0.0164517
0.72 -0.0166523
0.815 -0.016776
0.79 -0.0163734
0.785 -0.0166017
0.815 -0.0168229
0.815 -0.0153979
0.825 -0.0160893
0.885 -0.0182195
0.86 -0.018736
0.89 -0.0200061
0.87 -0.0227116
0.815 -0.0237669
0.85 -0.02493
0.735 -0.0246694
0.76 -0.0264248
0.77 -0.0266164
0.75 -0.0297726
0.855 -0.0331596
0.81 -0.0333061
0.79 -0.0350473
0.82 -0.0365734
0.79 -0.0386005
0.81 -0.0396465
0.82 -0.0426378
0.805 -0.0438044
0.78 -0.0427821
0.73 -0.0437953
0.69 -0.0450801
0.745 -0.0453054
0.75 -0.0480225
0.725 -0.0533599
0.65 -0.054562
0.62 -0.0565886
0.64 -0.057862
0.63 -0.0604596
0.65 -0.0600344
0.55 -0.0589344
0.64 -0.0568879
0.775 -0.0515832
0.785 -0.0480448
0.79 -0.0441976
0.79 -0.0401246
0.82 -0.0323552
0.815 -0.0258121
0.86 -0.0187882
0.815 -0.00957811
0.83 -0.00322411
0.825 0.00136169
0.815 0.00383082
0.85 0.00590935
0.87 0.00845836
0.84 0.0118626
0.825 0.0152987
0.87 0.0153454
0.81 0.0159859
0.815 0.0159542
0.81 0.0151573
0.77 0.0131365
0.85 0.0111922
0.77 0.00872477
0.79 0.00750093
0.745 0.00841098
0.805 0.0084702
0.835 0.0119572
0.835 0.0161753
0.855 0.0210786
0.86 0.0238222
0.89 0.0240216
0.87 0.0234882
0.815 0.0252726
0.77 0.0251336
0.765 0.0234652
0.715 0.0224834
0.73 0.0219137
0.76 0.0211052
0.785 0.0196147
0.745 0.0185353
0.785 0.0197192
0.82 0.0234143
0.775 0.0279539
0.785 0.0281532
0.785 0.0271471
0.78 0.0264482
0.79 0.0262801
0.78 0.0273592
0.71 0.0304517
0.805 0.0351292
0.77 0.0383947
0.75 0.0443601
0.71 0.0500413
0.765 0.0550358
0.735 0.0575538
0.775 0.0604603
0.805 0.0614851
0.815 0.0615504
0.82 0.0626188
0.82 0.0636045
0.805 0.06462
0.77 0.0663166
0.77 0.067697
0.745 0.0689667
0.69 0.0737247
0.67 0.077614
0.72 0.0791226
0.65 0.0804277
0.69 0.0792232
0.725 0.0765614
0.715 0.0743112
0.72 0.0732482
0.66 0.0736896
0.555 0.0740748
0.49 0.0760643
0.445 0.077979
0.395 0.0809625
0.39 0.0830863
0.365 0.0834634
0.39 0.0836605
0.425 0.0845547
0.4 0.0848033
0.375 0.0855361
0.45 0.0869522
0.46 0.0894128
0.51 0.0903251
0.57 0.0909993
0.56 0.090749
0.555 0.0909414
0.58 0.0922498
0.615 0.094022
0.64 0.096875
0.69 0.101854
0.735 0.105083
0.745 0.107972
0.75 0.109939
0.78 0.111987
0.67 0.115489
0.635 0.11874
0.635 0.122432
0.65 0.125483
0.67 0.1275
0.7 0.12849
0.735 0.128773
0.735 0.12902
0.77 0.127932
0.74 0.130599
0.73 0.131125
0.65 0.130875
0.64 0.13014
0.68 0.132505
0.605 0.133193
0.69 0.13405
0.795 0.135344
0.765 0.13929
0.715 0.142134
0.705 0.143247
0.795 0.144552
0.78 0.144449
0.79 0.145215
0.81 0.148147
0.755 0.149538
0.76 0.151662
0.735 0.154351
0.75 0.158778
0.725 0.161041
0.715 0.164623
0.725 0.170069
0.695 0.175364
0.67 0.177981
0.625 0.17908
0.65 0.180839
0.68 0.184096
0.62 0.187654
0.645 0.189733
0.715 0.193458
0.725 0.197749
0.775 0.201499
0.745 0.202223
0.725 0.20304
0.74 0.205324
0.725 0.20868
0.74 0.210127
0.745 0.210144
0.735 0.212259
0.74 0.215182
0.725 0.218133
0.71 0.222547
0.67 0.227673
0.62 0.231795
0.63 0.234749
0.715 0.236918
0.745 0.238983
0.75 0.241322
0.74 0.243193
0.77 0.245269
0.745 0.245487
0.77 0.241918
0.75 0.237107
0.71 0.230602
0.635 0.225334
0.67 0.220713
0.635 0.218323
0.59 0.215066
0.65 0.211226
0.64 0.210589
0.635 0.206299
0.64 0.202651
0.665 0.200158
0.7 0.196273
0.66 0.191955
0.7 0.18824
0.845 0.185238
0.825 0.182546
0.805 0.177906
0.805 0.173614
0.765 0.168421
0.72 0.165982
0.78 0.163058
0.775 0.161381
0.84 0.157969
0.78 0.156854
0.77 0.153419
0.76 0.150344
0.74 0.147696
0.765 0.146368
0.795 0.145002
0.805 0.144482
0.76 0.140585
0.77 0.139244
0.77 0.13817
0.815 0.135255
0.795 0.132695
0.76 0.131545
0.8 0.128458
0.845 0.125289
0.85 0.123409
0.86 0.120802
0.89 0.118266
0.825 0.115105
0.865 0.111677
0.875 0.106997
0.88 0.100643
0.875 0.0926194
0.915 0.0851362
0.875 0.0782847
0.83 0.07364
0.88 0.0659026
0.91 0.0609573
0.895 0.0564947
0.895 0.0506993
0.825 0.044921
0.835 0.0382769
0.805 0.0333739
0.835 0.0252931
0.86 0.0185038
0.825 0.0112532
0.875 0.00404289
0.935 -0.00111736
0.88 -0.00532612
0.855 -0.00952196
0.795 -0.0156584
0.765 -0.0214411
0.765 -0.0281609
0.8 -0.0330474
0.78 -0.0354592
0.825 -0.0382831
0.75 -0.0402584
0.77 -0.0417537
0.685 -0.0421878
0.69 -0.0437834
0.76 -0.0458245
0.775 -0.0493458
0.79 -0.053626
0.735 -0.0563835
0.745 -0.0567796
0.765 -0.0561791
0.83 -0.0563484
0.81 -0.0562299
0.83 -0.0560073
0.855 -0.0568517
0.87 -0.0551786
0.835 -0.0538864
0.845 -0.0550326
0.86 -0.0563335
0.87 -0.056046
0.84 -0.0569914
0.84 -0.0572489
0.83 -0.0595465
0.815 -0.0618202
0.815 -0.0638709
0.83 -0.0654152
0.795 -0.0660369
0.9 -0.0686587
0.91 -0.0700415
0.86 -0.0708398
0.785 -0.0708918
0.785 -0.0732727
0.795 -0.0714896
0.77 -0.0701732
0.725 -0.0700872
0.735 -0.0707656
0.69 -0.0715243
0.745 -0.0710984
0.77 -0.0727795
0.795 -0.0725173
0.805 -0.0717894
0.75 -0.0689497
0.765 -0.0641084
0.73 -0.0585851
0.62 -0.0536743
0.545 -0.0479785
0.465 -0.0403732
0.505 -0.035183
0.565 -0.0340016
0.6 -0.032544
0.625 -0.0313694
0.595 -0.029337
0.54 -0.0271397
0.51 -0.024273
0.605 -0.0222129
0.605 -0.0196331
0.64 -0.0178063
0.7 -0.0169342
0.725 -0.014601
0.795 -0.0159162
0.81 -0.0167288
0.795 -0.0148998
0.835 -0.0125832
0.895 -0.00851666
0.86 -0.00877343
0.875 -0.00820859
0.865 -0.00585304
0.805 -0.00285909
0.79 -0.00222056
0.825 -0.000522696
0.81 -0.000783571
0.78 -0.00210152
0.785 -0.00156462
0.8 0.000525552
0.79 0.00166737
0.775 0.00234091
0.77 0.00341018
0.705 0.00410131
0.73 0.00513906
0.75 0.00341828
0.78 5.43002e-05
0.775 -0.00477019
0.82 -0.00797006
0.83 -0.00936876
0.88 -0.00840588
0.825 -0.00617113
0.775 -0.00386476
0.84 -0.000684022
0.84 0.00257059
0.865 0.0047642
0.845 0.00539436
0.855 0.0080188
0.84 0.0134433
0.845 0.0193502
0.845 0.0249607
0.83 0.032024
0.785 0.0394601
0.815 0.0433013
0.75 0.0487581
0.785 0.0552304
0.78 0.0585438
0.72 0.0636763
0.725 0.0707735
0.715 0.0763383
0.705 0.0807613
0.72 0.0859962
0.745 0.0943473
0.745 0.10156
0.755 0.107572
0.73 0.112417
0.72 0.117261
0.71 0.125129
0.77 0.131983
0.77 0.13738
0.765 0.140347
0.7 0.140928
0.715 0.141891
0.62 0.14089
0.61 0.138595
0.62 0.138807
0.625 0.13829
0.58 0.138086
0.625 0.136731
0.69 0.13421
0.715 0.135422
0.72 0.136549
0.66 0.139557
0.62 0.142956
0.645 0.14612
0.675 0.147625
0.695 0.149836
0.64 0.155005
0.58 0.158808
0.525 0.161776
0.53 0.164097
0.6 0.166495
0.615 0.169434
0.74 0.170462
0.735 0.170827
0.695 0.174351
0.64 0.178316
0.675 0.181796
0.68 0.183171
0.72 0.183302
0.73 0.183535
0.78 0.18756
0.73 0.191179
0.74 0.193383
0.755 0.193896
0.8 0.194816
0.85 0.193188
0.9 0.192176
0.875 0.190297
0.89 0.188476
0.91 0.187273
0.905 0.183144
0.88 0.179273
0.88 0.177021
0.805 0.175419
0.78 0.172963
0.795 0.168288
0.775 0.165938
0.73 0.162901
0.805 0.157271
0.85 0.151378
0.845 0.146898
0.82 0.142294
0.88 0.135064
0.91 0.129091
0.86 0.123283
0.805 0.118959
0.81 0.114427
0.785 0.109008
0.74 0.103597
0.69 0.0994012
0.69 0.0948969
0.745 0.089811
0.825 0.084756
0.825 0.0847666
0.825 0.0838953
0.84 0.0817051
0.81 0.0847204
0.845 0.0884637
0.87 0.0923673
0.87 0.0932432
0.84 0.0956406
0.815 0.0979849
0.86 0.0996079
0.79 0.101001
0.81 0.100573
0.805 0.0966611
0.75 0.0932651
0.755 0.0893232
0.735 0.0873191
0.75 0.083909
0.73 0.0821692
0.735 0.0804111
0.685 0.0800902
0.625 0.0788068
0.61 0.0775781
0.57 0.0762594
0.685 0.0763069
0.67 0.073156
0.635 0.0722872
0.655 0.0726295
0.665 0.0709145
0.655 0.0699623
0.67 0.0669271
0.63 0.0622075
0.545 0.0583842
0.525 0.055413
0.535 0.0508161
0.465 0.047117
0.475 0.0449896
0.5 0.0426646
0.455 0.0377809
0.495 0.0338241
0.43 0.0310503
0.415 0.0296975
0.48 0.0291928
0.475 0.026377
0.555 0.0223078
0.54 0.0179133
0.58 0.0158032
0.545 0.0112401
0.61 0.00639348
0.69 0.000919745
0.715 -0.00367361
0.725 -0.0066734
0.695 -0.0102506
0.745 -0.0126094
0.78 -0.0149086
0.75 -0.0153581
0.745 -0.0128503
0.73 -0.0111237
0.695 -0.0072479
0.705 -0.00571228
0.755 -0.0044764
0.76 -0.00453079
0.81 -0.0052901
0.84 -0.00700819
0.79 -0.0122061
0.815 -0.0162078
0.81 -0.0214563
0.85 -0.025754
0.805 -0.0260331
0.85 -0.0272514
0.84 -0.0286356
0.8 -0.031109
0.815 -0.033451
0.73 -0.0378769
0.725 -0.044318
0.78 -0.0477536
0.715 -0.0487844
0.715 -0.0496141
0.665 -0.0515772
0.685 -0.0526243
0.735 -0.0523548
0.76 -0.0519452
0.78 -0.0524313
0.825 -0.0517252
0.83 -0.0534245
0.845 -0.0564657
0.885 -0.0570279
0.935 -0.0602513
0.905 -0.0645799
0.9 -0.0673914
0.845 -0.0680095
0.785 -0.0662249
0.74 -0.0641692
0.705 -0.0608908
0.72 -0.0598781
0.7 -0.058106
0.73 -0.0564263
0.82 -0.0570103
0.815 -0.0578068
0.815 -0.056103
0.84 -0.0529788
0.875 -0.0517242
0.87 -0.0497849
0.825 -0.0462472
0.835 -0.0477524
0.82 -0.0508295
0.84 -0.0494712
0.81 -0.0508251
0.775 -0.0509713
0.685 -0.0493638
0.725 -0.0448114
0.715 -0.041672
0.69 -0.0403122
0.66 -0.0390204
0.675 -0.0387365
0.71 -0.03676
0.775 -0.0348806
0.825 -0.033654
0.83 -0.0334874
0.855 -0.0344377
0.81 -0.0335658
0.85 -0.0369162
0.88 -0.0400499
0.87 -0.0454002
0.84 -0.0504839
0.81 -0.055416
0.845 -0.0601466
0.835 -0.0659982
0.875 -0.0715769
0.87 -0.0782548
0.86 -0.0825578
0.87 -0.0874391
0.84 -0.0875699
0.78 -0.087469
0.8 -0.0905496
0.795 -0.0929424
0.77 -0.0959688
0.84 -0.0970136
0.855 -0.0984104
0.845 -0.0980477
0.79 -0.0959336
0.87 -0.0959901
0.835 -0.0961877
0.85 -0.0966691
0.88 -0.0974674
0.905 -0.0975184
0.885 -0.0960081
0.795 -0.0945661
0.905 -0.0949998
0.925 -0.0942133
0.89 -0.09427
0.86 -0.0970032
0.895 -0.0965633
0.855 -0.0975665
0.85 -0.0972118
0.84 -0.0945229
0.83 -0.0894258
0.8 -0.0871571
0.89 -0.0849732
0.78 -0.0832558
0.765 -0.0804723
0.79 -0.0780374
0.755 -0.0764605
0.705 -0.0751242
0.695 -0.0740246
0.745 -0.0757844
0.785 -0.0771637
0.74 -0.0779365
0.76 -0.0777771
0.745 -0.0768771
0.81 -0.0779237
0.82 -0.0814319
0.86 -0.0829583
0.85 -0.0842919
0.87 -0.0846515
0.86 -0.0832439
0.845 -0.0832781
0.835 -0.0856003
0.86 -0.0889873
0.9 -0.0920899
0.89 -0.0941943
0.85 -0.0966429
0.84 -0.0996777
0.85 -0.102742
0.78 -0.106337
0.875 -0.107457
0.91 -0.108693
0.895 -0.110339
0.925 -0.112915
0.945 -0.112809
0.935 -0.113803
0.865 -0.114019
0.855 -0.113157
0.905 -0.112285
0.95 -0.110376
0.88 -0.108164
0.885 -0.107818
0.88 -0.108429
0.895 -0.110351
0.88 -0.111807
0.84 -0.114471
0.8 -0.117492
0.78 -0.119179
0.735 -0.117708
0.69 -0.115613
0.745 -0.113877
0.69 -0.113939
0.695 -0.116086
0.775 -0.119204
0.735 -0.121073
0.76 -0.121881
0.72 -0.120607
0.68 -0.119626
0.685 -0.117997
0.73 -0.117834
0.765 -0.117202
0.775 -0.114709
0.79 -0.113467
0.835 -0.112558
0.835 -0.110122
0.84 -0.108081
0.845 -0.10924
0.845 -0.109565
0.755 -0.10892
0.725 -0.10822
0.765 -0.103436
0.69 -0.0983424
0.615 -0.0948573
0.605 -0.0927901
0.63 -0.0902375
0.715 -0.0877296
0.735 -0.083479
0.67 -0.0781674
0.7 -0.0751355
0.76 -0.0712092
0.785 -0.0673432
0.735 -0.0655524
0.77 -0.0631945
0.78 -0.0611627
0.845 -0.0597737
0.885 -0.0585389
0.885 -0.05589
0.9 -0.0582205
0.92 -0.0601868
0.91 -0.0629873
0.86 -0.0663978
0.845 -0.0687117
0.85 -0.0694926
0.775 -0.0688038
0.75 -0.0659579
0.76 -0.0657185
0.77 -0.0664168
0.805 -0.0661
0.895 -0.0670541
0.92 -0.0674077
0.91 -0.0676486
0.92 -0.063091
0.91 -0.0594006
0.915 -0.0586315
0.905 -0.0590935
0.89 -0.0592955
0.86 -0.0586517
0.89 -0.0601181
0.88 -0.0595497
0.845 -0.0600802
0.82 -0.0614763
0.785 -0.0625219
0.79 -0.0641302
0.745 -0.0657683
0.805 -0.0685312
0.81 -0.0714058
0.815 -0.0714755
0.8 -0.0714701
0.845 -0.0699088
0.76 -0.0720058
0.73 -0.0730307
0.755 -0.0743367
0.86 -0.0764238
0.84 -0.0790863
0.795 -0.07921
0.78 -0.0790114
0.85 -0.0800867
0.765 -0.0810055
0.705 -0.0814315
0.69 -0.0789315
0.735 -0.0778785
0.68 -0.0782647
0.645 -0.0782323
0.63 -0.0779267
0.645 -0.0769564
0.595 -0.0789486
0.62 -0.0796103
0.645 -0.0795081
0.68 -0.0782845
0.715 -0.0749085
0.68 -0.0729057
0.62 -0.0698232
0.59 -0.0669632
0.605 -0.0653302
0.63 -0.0697985
0.675 -0.0724465
0.685 -0.0745876
0.775 -0.0786013
0.74 -0.0828571
0.71 -0.0838797
0.715 -0.0862231
0.765 -0.0892853
0.79 -0.0925031
0.795 -0.0979512
0.74 -0.100206
0.705 -0.103454
0.805 -0.104486
0.805 -0.107047
0.79 -0.10802
0.765 -0.1103
0.73 -0.114111
0.705 -0.117435
0.73 -0.122067
0.705 -0.12462
0.69 -0.124267
0.655 -0.123412
0.6 -0.117676
0.665 -0.1147
0.72 -0.113429
0.685 -0.114781
0.655 -0.117431
0.71 -0.119454
0.725 -0.119589
0.695 -0.119631
0.69 -0.120981
0.68 -0.120432
0.72 -0.120164
0.65 -0.118346
0.795 -0.116846
0.845 -0.117188
0.775 -0.117518
0.785 -0.11708
0.77 -0.11579
0.735 -0.114309
0.74 -0.110015
0.765 -0.108206
0.78 -0.106159
0.795 -0.103732
0.81 -0.10245
0.805 -0.100266
0.815 -0.101146
0.755 -0.101917
0.78 -0.103109
0.71 -0.103132
0.84 -0.10299
0.81 -0.103538
0.805 -0.105113
0.82 -0.102217
0.855 -0.0995209
0.88 -0.0983051
0.835 -0.0969203
0.855 -0.0944462
0.85 -0.0910662
0.815 -0.0886228
0.78 -0.0874679
0.785 -0.0878978
0.815 -0.0859451
0.77 -0.0846211
0.815 -0.0842544
0.795 -0.0836392
0.825 -0.0854929
0.85 -0.0861011
0.805 -0.0867627
0.82 -0.0876997
0.84 -0.0884889
0.755 -0.0879178
0.765 -0.0876661
0.81 -0.0844656
0.735 -0.0836371
0.755 -0.08484
0.81 -0.085992
0.76 -0.0908793
0.825 -0.0932581
0.785 -0.0965441
0.785 -0.0983776
0.8 -0.0983597
0.8 -0.101821
0.76 -0.103997
0.78 -0.105059
0.855 -0.106087
0.89 -0.105968
0.895 -0.10408
0.905 -0.10295
0.905 -0.102748
0.9 -0.101674
0.885 -0.102575
0.81 -0.104949
0.78 -0.105288
0.835 -0.102606
0.895 -0.0995511
0.85 -0.0954658
0.915 -0.0900097
0.925 -0.0868285
0.915 -0.0848782
0.915 -0.0846513
0.89 -0.0853023
0.83 -0.0860169
0.75 -0.0845451
0.705 -0.0830156
0.725 -0.0834126
0.705 -0.0847989
0.735 -0.0822064
0.735 -0.0785661
0.71 -0.0753308
0.745 -0.0737064
0.735 -0.073494
0.66 -0.0736235
0.64 -0.0745648
0.63 -0.074526
0.665 -0.0748903
0.675 -0.0751362
0.65 -0.0735938
0.66 -0.0716736
0.68 -0.0688073
0.72 -0.0657336
0.71 -0.0622635
0.755 -0.0582076
0.695 -0.0538037
0.7 -0.0464321
0.705 -0.0444786
0.795 -0.0438696
0.81 -0.0443519
0.875 -0.044734
0.865 -0.0456133
0.885 -0.047453
0.8 -0.0465096
0.775 -0.0465099
0.81 -0.044728
0.825 -0.0421297
0.81 -0.0413788
0.855 -0.0404959
0.83 -0.0364409
0.82 -0.0347396
0.82 -0.0327902
0.83 -0.03106
0.865 -0.0305241
0.82 -0.0301028
0.775 -0.027238
0.845 -0.0214565
0.885 -0.0191211
0.87 -0.0192071
0.875 -0.0197578
0.895 -0.0203151
0.92 -0.0221106
0.88 -0.0221303
0.895 -0.0236506
0.88 -0.0242922
0.92 -0.025971
0.9 -0.0254408
0.84 -0.025367
0.84 -0.0254915
0.835 -0.0236857
0.845 -0.0173458
0.775 -0.0118071
0.795 -0.00463056
0.805 0.00105504
0.865 0.0049216
0.885 0.00973827
0.855 0.0130215
0.805 0.0152044
0.85 0.0160219
0.84 0.0198254
0.795 0.0247319
0.75 0.031355
0.77 0.0381395
0.795 0.0446418
0.79 0.0510896
0.835 0.0552578
0.78 0.0603436
0.825 0.0645303
0.775 0.0688692
0.68 0.0747489
0.69 0.0799793
0.8 0.0845972
0.82 0.0892558
0.81 0.0964723
0.84 0.105479
0.795 0.115635
0.78 0.124171
0.755 0.131442
0.765 0.137207
0.735 0.141805
0.72 0.145818
0.74 0.147439
0.705 0.150082
0.67 0.152656
0.695 0.155619
0.705 0.159116
0.665 0.161152
0.69 0.162179
0.655 0.162261
0.715 0.162615
0.69 0.165185
0.77 0.16782
0.77 0.17077
0.815 0.173497
0.79 0.176379
0.78 0.178635
0.76 0.181343
0.68 0.183908
0.65 0.188528
0.625 0.189454
0.605 0.191261
0.57 0.194016
0.615 0.194507
0.705 0.196564
0.72 0.198018
0.73 0.202454
0.765 0.207321
0.745 0.209638
0.755 0.208907
0.77 0.205117
0.79 0.199364
0.84 0.192313
0.845 0.187034
0.865 0.184418
0.78 0.183408
0.855 0.183733
0.885 0.185484
0.865 0.187865
0.89 0.186653
0.885 0.186988
0.895 0.189361
0.96 0.19283
0.885 0.196112
0.95 0.199721
0.89 0.203264
0.89 0.208418
0.905 0.212592
0.92 0.217549
0.91 0.221949
0.915 0.225316
0.895 0.2295
0.905 0.233219
0.855 0.23655
0.855 0.239696
0.86 0.240755
0.815 0.242458
0.795 0.242872
0.74 0.240347
0.75 0.239379
0.775 0.236666
0.835 0.234316
0.785 0.232007
0.785 0.229904
0.755 0.227138
0.76 0.226777
0.735 0.224934
0.78 0.228136
0.79 0.232941
0.77 0.235353
0.805 0.239547
0.85 0.24276
0.815 0.244438
0.78 0.247599
0.74 0.251719
0.73 0.254377
0.75 0.256539
0.77 0.258417
0.75 0.258947
0.76 0.257336
0.785 0.253267
0.795 0.251021
0.795 0.249794
0.805 0.251194
0.825 0.253644
0.845 0.258933
0.855 0.261586
0.92 0.261994
0.955 0.262099
0.92 0.263352
0.9 0.263693
0.87 0.263661
0.85 0.26489
0.86 0.265697
0.865 0.265574
0.87 0.262019
0.89 0.257465
0.87 0.255677
0.845 0.257446
0.845 0.257848
0.86 0.258471
0.845 0.261087
0.815 0.264005
0.825 0.264131
0.785 0.262737
0.78 0.261543
0.735 0.262121
0.765 0.259561
0.8 0.258208
0.785 0.260885
0.78 0.262529
0.735 0.261528
0.755 0.258839
0.73 0.258466
0.745 0.256382
0.735 0.254094
0.79 0.250191
0.75 0.247105
0.8 0.242863
0.81 0.236895
0.785 0.230945
0.805 0.225217
0.795 0.219986
0.815 0.213421
0.855 0.208505
0.87 0.20412
0.855 0.201421
0.815 0.199287
0.82 0.19984
0.845 0.199507
0.83 0.198704
0.81 0.199626
0.835 0.200638
0.815 0.204155
0.84 0.206704
0.84 0.208418
0.78 0.210371
0.755 0.209901
0.75 0.209092
0.735 0.209376
0.78 0.210533
0.725 0.210782
0.735 0.214184
0.685 0.216653
0.635 0.216824
0.675 0.21456
0.7 0.210689
0.67 0.205674
0.59 0.198931
0.59 0.191563
0.54 0.184581
0.55 0.177293
0.57 0.170185
0.59 0.163488
0.54 0.156157
0.52 0.148353
0.41 0.14311
0.38 0.141678
0.385 0.141595
0.325 0.142314
0.33 0.145285
0.32 0.146501
0.335 0.148879
0.365 0.148557
0.375 0.144971
0.39 0.14292
0.485 0.13971
0.435 0.137379
0.365 0.134054
0.37 0.131124
0.44 0.128104
0.385 0.124629
0.45 0.122335
0.505 0.122444
0.53 0.122465
0.59 0.124312
0.555 0.124363
0.565 0.122604
0.545 0.120537
0.59 0.118885
0.55 0.115071
0.54 0.112492
0.505 0.108003
0.505 0.106416
0.425 0.102982
0.445 0.101197
0.545 0.0990975
0.53 0.097616
0.535 0.096445
0.585 0.0957446
0.63 0.0938129
0.605 0.0940429
0.55 0.0926493
0.515 0.0930746
0.5 0.0911125
0.555 0.0896078
0.55 0.0870458
0.625 0.0865885
0.63 0.0853392
0.655 0.0869104
0.62 0.0905739
0.65 0.0922192
0.64 0.0922831
0.68 0.0873703
0.75 0.0811201
0.715 0.0752443
0.74 0.0686454
0.8 0.0625269
0.755 0.0582035
0.78 0.0561462
0.8 0.0559279
0.755 0.0552702
0.725 0.0525783
0.76 0.0511314
0.775 0.049466
0.79 0.0448624
0.77 0.0421267
0.74 0.0396473
0.825 0.0378225
0.735 0.0342494
0.79 0.0330293
0.755 0.0327507
0.725 0.0327062
0.78 0.0338925
0.86 0.035224
0.865 0.0368652
0.865 0.0345949
0.87 0.034328
0.885 0.031799
0.885 0.0313845
0.92 0.0309918
0.925 0.0308796
0.88 0.0329859
0.875 0.0356206
0.87 0.0376135
0.81 0.0372989
0.865 0.0363142
0.875 0.0347003
0.89 0.0317323
0.88 0.0289149
0.91 0.0256637
0.885 0.0252931
0.87 0.0207597
0.835 0.0142214
0.83 0.00833422
0.87 0.00227686
0.84 -0.00252008
0.83 -0.0064015
0.81 -0.0124931
0.81 -0.0170597
0.825 -0.018401
0.87 -0.0194912
0.845 -0.0270551
0.81 -0.0341747
0.78 -0.0406409
0.8 -0.0472986
0.725 -0.0536342
0.685 -0.0575811
0.67 -0.0587787
0.725 -0.058819
0.705 -0.059848
0.735 -0.0591668
0.71 -0.0614073
0.765 -0.0672042
0.86 -0.0729969
0.9 -0.0797825
0.905 -0.0864744
0.87 -0.0946803
0.8 -0.102089
0.76 -0.10862
0.785 -0.114036
0.77 -0.119447
0.725 -0.123736
0.71 -0.125499
0.78 -0.124634
0.78 -0.12526
0.78 -0.127488
0.755 -0.128502
0.71 -0.129972
0.695 -0.128176
0.635 -0.127907
0.695 -0.129385
0.65 -0.131236
0.66 -0.135517
0.555 -0.140296
0.495 -0.144522
0.52 -0.147995
0.445 -0.149986
0.45 -0.153588
0.44 -0.155338
0.41 -0.157396
0.445 -0.157016
0.4 -0.157244
0.38 -0.1576
0.38 -0.157681
0.39 -0.157134
0.35 -0.158082
0.385 -0.157278
0.455 -0.155941
0.495 -0.152928
0.51 -0.151302
0.525 -0.15131
0.52 -0.151715
0.505 -0.151833
0.54 -0.14942
0.595 -0.148232
0.535 -0.149474
0.425 -0.147959
0.435 -0.144582
0.46 -0.140183
0.525 -0.134128
0.585 -0.128949
0.595 -0.123892
0.635 -0.11923
0.655 -0.115828
0.585 -0.11152
0.575 -0.10721
0.515 -0.103485
0.58 -0.100701
0.62 -0.099615
0.65 -0.10141
0.645 -0.104719
0.665 -0.108348
0.725 -0.10895
0.69 -0.112852
0.71 -0.11317
0.745 -0.112322
0.765 -0.112565
0.785 -0.114554
0.82 -0.118186
0.83 -0.120739
0.88 -0.124509
0.85 -0.12618
0.815 -0.123159
0.76 -0.122823
0.78 -0.121747
0.755 -0.121626
0.77 -0.121597
0.77 -0.123342
0.725 -0.127269
0.765 -0.131126
0.795 -0.133977
0.785 -0.136946
0.805 -0.139353
0.77 -0.140317
0.7 -0.141089
0.71 -0.141784
0.795 -0.142258
0.79 -0.143467
0.815 -0.145228
0.805 -0.146054
0.83 -0.149296
0.845 -0.153471
0.81 -0.157887
0.85 -0.165255
0.84 -0.169868
0.86 -0.172586
0.83 -0.172898
0.815 -0.174863
0.83 -0.175556
0.88 -0.177235
0.885 -0.177301
0.845 -0.179032
0.835 -0.178007
0.795 -0.178224
0.76 -0.180965
0.735 -0.180349
0.67 -0.18005
0.645 -0.180045
0.65 -0.180795
0.7 -0.184252
0.65 -0.186638
0.58 -0.189167
0.52 -0.187294
0.555 -0.185098
0.575 -0.182641
0.55 -0.181474
0.6 -0.179545
0.64 -0.178044
0.655 -0.173005
0.625 -0.168304
0.59 -0.163814
0.58 -0.158966
0.635 -0.156166
0.62 -0.152319
0.575 -0.147581
0.58 -0.143055
0.625 -0.139223
0.61 -0.137736
0.67 -0.136234
0.715 -0.134174
0.705 -0.12775
0.645 -0.120776
0.675 -0.112802
0.695 -0.102744
0.64 -0.0928887
0.655 -0.0834487
0.715 -0.0745582
0.635 -0.0684661
0.64 -0.061893
0.695 -0.0547883
0.635 -0.0484734
0.685 -0.042411
0.615 -0.0383907
0.535 -0.0376537
0.6 -0.0351729
0.655 -0.030762
0.655 -0.0258098
0.71 -0.0228844
0.725 -0.0206535
0.765 -0.0169221
0.755 -0.015376
0.8 -0.0146729
0.78 -0.0127829
0.74 -0.0110452
0.72 -0.00401241
0.675 0.000918632
0.72 0.00591759
0.695 0.00932138
0.705 0.0142096
0.65 0.0223438
0.655 0.0291691
0.605 0.0322563
0.74 0.0352122
0.71 0.0349885
0.715 0.0360837
0.74 0.0360706
0.74 0.037557
0.73 0.040906
0.735 0.0445885
0.715 0.0475969
0.75 0.0509886
0.745 0.0538962
0.77 0.0550464
0.845 0.0560363
0.87 0.0612212
0.87 0.0633079
0.835 0.0637722
0.89 0.0670686
0.92 0.0690046
0.88 0.069667
0.9 0.0693345
0.88 0.0696323
0.86 0.0721795
0.855 0.0740898
0.83 0.0759929
0.86 0.0757876
0.845 0.077623
0.825 0.078405
0.785 0.0789499
0.81 0.0806411
0.745 0.0838851
0.72 0.08778
0.715 0.0906863
0.67 0.0936905
0.6 0.0946599
0.62 0.0977633
0.635 0.09934
0.61 0.100241
0.7 0.104218
0.67 0.109723
0.655 0.112871
0.58 0.11436
0.61 0.116734
0.6 0.124598
0.605 0.129888
0.525 0.134561
0.52 0.138088
0.495 0.139734
0.55 0.141959
0.56 0.141995
0.58 0.144426
0.575 0.148506
0.62 0.152789
0.535 0.151561
0.51 0.147905
0.525 0.141725
0.56 0.136557
0.51 0.132635
0.435 0.130503
0.43 0.128504
0.355 0.122713
0.475 0.115409
0.47 0.110878
0.435 0.108369
0.455 0.102856
0.415 0.0971059
0.5 0.0902629
0.425 0.0832311
0.395 0.0771312
0.38 0.0701087
0.45 0.0611517
0.59 0.054552
0.645 0.0497007
0.7 0.0465887
0.7 0.0437063
0.685 0.0397376
0.755 0.0331415
0.76 0.0278005
0.78 0.0219551
0.74 0.0180431
0.725 0.0115752
0.795 0.0045171
0.785 -0.00319457
0.81 -0.0109155
0.84 -0.0183099
0.82 -0.0256169
0.78 -0.0317798
0.76 -0.0374459
0.735 -0.0419049
0.815 -0.0475453
0.845 -0.0537356
0.76 -0.0589037
0.78 -0.0621546
0.735 -0.0637033
0.76 -0.0638675
0.825 -0.0642072
0.83 -0.0659096
0.86 -0.0683867
0.845 -0.0719955
0.745 -0.0740776
0.755 -0.0758666
0.795 -0.0779936
0.865 -0.0789783
0.855 -0.0817214
0.84 -0.0847277
0.835 -0.088036
0.875 -0.0923371
0.835 -0.0961941
0.825 -0.0987657
0.795 -0.0985714
0.81 -0.0997964
0.84 -0.101196
0.88 -0.102592
0.87 -0.104036
0.875 -0.105258
0.815 -0.107396
0.895 -0.106711
0.84 -0.108236
0.835 -0.115062
0.83 -0.12027
0.855 -0.122805
0.805 -0.126982
0.81 -0.1311
0.84 -0.137685
0.895 -0.145426
0.86 -0.153541
0.87 -0.160062
0.86 -0.16456
0.85 -0.170546
0.86 -0.174082
0.825 -0.175684
0.84 -0.177747
0.785 -0.180845
0.805 -0.184172
0.835 -0.185777
0.84 -0.185137
0.835 -0.184895
0.855 -0.185038
0.88 -0.186163
0.9 -0.184565
0.86 -0.182079
0.785 -0.182366
0.825 -0.184346
0.815 -0.188185
0.815 -0.187551
0.805 -0.185769
0.805 -0.184415
0.765 -0.182252
0.775 -0.183015
0.695 -0.182771
0.685 -0.186488
0.665 -0.191496
0.625 -0.191804
0.675 -0.192201
0.7 -0.194523
0.75 -0.191651
0.76 -0.188778
0.775 -0.18384
0.8 -0.18302
0.81 -0.181499
0.835 -0.179569
0.845 -0.177675
0.83 -0.174204
0.855 -0.174602
0.885 -0.174864
0.87 -0.172853
0.88 -0.16652
0.865 -0.158537
0.84 -0.152759
0.78 -0.145157
0.78 -0.139124
0.76 -0.13117
0.715 -0.124135
0.73 -0.121256
0.76 -0.116387
0.84 -0.113399
0.86 -0.111243
0.885 -0.107151
0.835 -0.101257
0.76 -0.0945422
0.775 -0.0894174
0.79 -0.0858735
0.79 -0.0848039
0.765 -0.081882
0.72 -0.0816534
0.68 -0.0854931
0.625 -0.0898287
0.57 -0.092661
0.56 -0.0964858
0.615 -0.100382
0.575 -0.100717
0.555 -0.100509
0.49 -0.0985917
0.475 -0.0966899
0.46 -0.0945476
0.445 -0.0913622
0.565 -0.0895567
0.595 -0.0889319
0.52 -0.0860614
0.6 -0.0809999
0.665 -0.0754736
0.61 -0.0732842
0.59 -0.0730552
0.595 -0.072071
0.64 -0.0690703
0.645 -0.0684441
0.675 -0.068767
0.72 -0.069615
0.735 -0.0691376
0.725 -0.067836
0.76 -0.0663406
0.72 -0.0646267
0.81 -0.061189
0.825 -0.0590506
0.835 -0.0556497
0.79 -0.0528997
0.72 -0.052306
0.755 -0.0554094
0.72 -0.0561479
0.8 -0.0553189
0.85 -0.0569856
0.765 -0.0591285
0.81 -0.0596118
0.745 -0.0624752
0.705 -0.0644623
0.74 -0.0662185
0.685 -0.0687928
0.65 -0.0756092
0.63 -0.0778847
0.59 -0.0807168
0.655 -0.0827713
0.605 -0.0841262
0.63 -0.0846401
0.705 -0.0851994
0.63 -0.0821092
0.65 -0.0767762
0.65 -0.0710966
0.645 -0.0620168
0.655 -0.054621
0.655 -0.0484165
0.675 -0.0407186
0.645 -0.0323379
0.71 -0.027152
0.65 -0.0257149
0.715 -0.0253431
0.78 -0.0227438
0.825 -0.0187219
0.88 -0.0165919
0.86 -0.0158373
0.85 -0.0133643
0.83 -0.0112827
0.79 -0.00926019
0.75 -0.00767484
0.755 -0.00559031
0.785 -0.00329568
0.765 0.00239261
0.77 0.00494688
0.85 0.00613067
0.85 0.00467611
0.835 0.0020609
0.84 0.00158361
0.85 0.00358537
0.835 0.00666019
0.83 0.00986845
0.8 0.0101565
0.885 0.012572
0.885 0.0156226
0.895 0.0176796
0.85 0.0176433
0.89 0.0159567
0.805 0.0144141
0.8 0.0130383
0.805 0.0141084
0.88 0.0153736
0.885 0.0108465
0.825 0.00507471
0.91 0.000643352
0.93 -0.00167381
0.94 -0.00932983
0.895 -0.0155078
0.885 -0.0188315
0.83 -0.0177842
0.855 -0.0165103
0.87 -0.0155583
0.905 -0.0147512
0.83 -0.0140895
0.855 -0.0124917
0.9 -0.00937949
0.835 -0.00543369
0.89 -0.00203205
0.93 -0.000903343
0.93 0.000723704
0.92 -0.0011848
0.895 -0.00272224
0.885 -0.00435893
0.865 -0.00314058
0.9 -0.00345857
0.81 -0.00342507
0.81 -0.00349265
0.82 -0.00533605
0.79 -0.00896554
0.75 -0.0113372
0.785 -0.0137905
0.865 -0.0132963
0.86 -0.014544
0.76 -0.0159713
0.765 -0.0134192
0.77 -0.0109116
0.715 -0.0114231
0.705 -0.0142714
0.725 -0.0188848
0.7 -0.0252366
0.695 -0.0263231
0.76 -0.0234575
0.73 -0.021609
0.77 -0.021089
0.775 -0.022562
0.8 -0.0226603
0.8 -0.024785
0.755 -0.0259793
0.71 -0.0286582
0.755 -0.0329738
0.775 -0.0385787
0.705 -0.0440543
0.74 -0.0465155
0.73 -0.0510797
0.71 -0.0539922
0.67 -0.0578183
0.65 -0.0620778
0.69 -0.0643194
0.785 -0.0634102
0.71 -0.0618749
0.735 -0.0617105
0.745 -0.0603034
0.755 -0.0621444
0.73 -0.0655542
0.73 -0.065549
0.66 -0.0627717
0.63 -0.0601795
0.635 -0.056728
0.68 -0.0513736
0.675 -0.0486034
0.765 -0.0466783
0.765 -0.0460189
0.71 -0.0474489
0.675 -0.0488262
0.725 -0.046192
0.63 -0.0447928
0.635 -0.0447772
0.65 -0.0455007
0.585 -0.0468622
0.69 -0.0455452
0.725 -0.0470207
0.755 -0.0470008
0.735 -0.0442402
0.635 -0.0446376
0.645 -0.0438266
0.595 -0.0408136
0.62 -0.0387702
0.6 -0.0377729
0.625 -0.0381225
0.68 -0.042305
0.73 -0.0440785
0.74 -0.0477308
0.72 -0.0515507
0.76 -0.0545999
0.795 -0.055918
0.82 -0.0567165
0.795 -0.0575968
0.795 -0.0613183
0.735 -0.064842
0.745 -0.0662684
0.755 -0.0670766
0.78 -0.0696496
0.745 -0.0702605
0.73 -0.0714924
0.75 -0.071411
0.815 -0.0668929
0.8 -0.0652193
0.765 -0.0652214
0.765 -0.0653088
0.74 -0.0649762
0.63 -0.0635037
0.67 -0.0611082
0.68 -0.0643358
0.735 -0.0648051
0.77 -0.0629491
0.77 -0.0597731
0.765 -0.0570271
0.8 -0.0577087
0.81 -0.0583436
0.78 -0.0596521
0.895 -0.0621378
0.845 -0.0655764
0.85 -0.0671707
0.85 -0.0660642
0.875 -0.0652841
0.83 -0.0661216
0.895 -0.0691152
0.855 -0.0741177
0.87 -0.0774937
0.83 -0.0825989
0.835 -0.0848965
0.81 -0.0866087
0.84 -0.0878841
0.86 -0.0880345
0.86 -0.0868598
0.91 -0.0902624
0.905 -0.0929448
0.9 -0.0956679
0.89 -0.0993911
0.895 -0.103008
0.89 -0.105639
0.91 -0.107179
0.935 -0.108902
0.92 -0.109449
0.91 -0.111195
0.875 -0.11115
0.85 -0.111286
0.9 -0.115281
0.88 -0.119873
0.83 -0.119936
0.835 -0.120179
0.84 -0.115589
0.795 -0.111509
0.795 -0.109911
0.825 -0.111703
0.87 -0.114242
0.875 -0.115901
0.83 -0.116589
0.895 -0.115403
0.87 -0.116033
0.825 -0.116078
0.855 -0.119176
0.875 -0.123553
0.86 -0.127511
0.855 -0.128957
0.865 -0.132561
0.85 -0.130403
0.89 -0.123951
0.915 -0.12162
0.86 -0.119008
0.815 -0.114841
0.87 -0.112268
0.865 -0.110715
0.875 -0.108992
0.885 -0.105521
0.835 -0.104659
0.82 -0.104982
0.86 -0.107509
0.85 -0.109179
0.865 -0.113706
0.9 -0.116223
0.895 -0.120628
0.92 -0.128119
0.925 -0.135191
0.875 -0.140018
0.86 -0.147499
0.83 -0.156116
0.71 -0.164399
0.74 -0.170228
0.68 -0.175311
0.735 -0.182422
0.725 -0.190559
0.7 -0.194815
0.725 -0.196726
0.72 -0.197552
0.82 -0.201147
0.82 -0.204461
0.78 -0.206207
0.715 -0.208561
0.685 -0.208058
0.73 -0.2093
0.7 -0.209255
0.69 -0.206462
0.745 -0.201737
0.78 -0.199488
0.785 -0.200359
0.73 -0.203004
0.71 -0.202311
0.72 -0.201969
0.665 -0.200445
0.63 -0.194158
0.625 -0.18744
0.61 -0.18186
0.67 -0.179485
0.65 -0.176788
0.645 -0.174759
0.58 -0.175738
0.615 -0.175924
0.645 -0.175317
0.635 -0.177699
0.605 -0.179976
0.615 -0.180366
0.635 -0.177124
0.655 -0.170185
0.55 -0.162258
0.58 -0.156143
0.525 -0.14955
0.525 -0.139574
0.595 -0.130142
0.615 -0.124204
0.55 -0.117099
0.605 -0.110091
0.675 -0.103537
0.6 -0.097751
0.59 -0.092138
0.54 -0.0865728
0.475 -0.0831581
0.485 -0.0843681
0.385 -0.0861808
0.42 -0.0879609
0.43 -0.0924165
0.47 -0.0969403
0.46 -0.1003
0.395 -0.103051
0.385 -0.104573
0.385 -0.105987
0.39 -0.108373
0.35 -0.112828
0.325 -0.118884
0.3 -0.121579
0.22 -0.124136
0.275 -0.123878
0.32 -0.121449
0.305 -0.125165
0.3 -0.125831
0.32 -0.130574
0.325 -0.138701
0.32 -0.14397
0.195 -0.149432
0.15 -0.149803
0.16 -0.14884
0.105 -0.148157
0.1 -0.151358
0.08 -0.155783
0.11 -0.157558
0.135 -0.160204
0.155 -0.163761
0.075 -0.165065
0.125 -0.161943
0.205 -0.156415
0.31 -0.158564
0.29 -0.156091
0.36 -0.152706
0.32 -0.151159
0.3 -0.150073
0.325 -0.151093
0.37 -0.152256
0.36 -0.155865
0.365 -0.157276
0.315 -0.155816
0.285 -0.157272
0.195 -0.162135
0.245 -0.165314
0.23 -0.167665
0.085 -0.166798
0.005 -0.16881
0.005 -0.168706
0.075 -0.166171
0.03 -0.167461
0.025 -0.167951
0.015 -0.165679
0.04 -0.16173
0.03 -0.156191
0.005 -0.15119
0.035 -0.143314
0.02 -0.138829
0.01 -0.132619
0.005 -0.123833
0.04 -0.113937
0.015 -0.103861
0.06 -0.0937025
0.02 -0.0851807
0.025 -0.0780989
0.08 -0.0745171
0.125 -0.0680508
0.15 -0.0650108
0.205 -0.0645006
0.24 -0.0625984
0.275 -0.0574825
0.135 -0.0546535
0.11 -0.0543116
0.105 -0.0506842
0.03 -0.0470939
0.015 -0.0436585
0.015 -0.0391703
0.045 -0.0347749
0.035 -0.027753
0.09 -0.0241488
0.215 -0.0201478
0.25 -0.0170078
0.22 -0.0155326
0.23 -0.0134699
0.31 -0.0120856
0.36 -0.0156422
0.365 -0.0186891
0.265 -0.0186688
0.325 -0.0183765
0.365 -0.0207929
0.39 -0.0188012
0.38 -0.0152538
0.35 -0.0130606
0.36 -0.0105084
0.405 -0.00850509
0.365 -0.00984456
0.415 -0.0119917
0.455 -0.0136017
0.45 -0.017002
0.455 -0.0224081
0.47 -0.0276583
0.54 -0.0328042
0.6 -0.038063
0.635 -0.0444053
0.61 -0.050655
0.56 -0.0541372
0.62 -0.0594186
0.63 -0.0638439
0.61 -0.066385
0.585 -0.0676853
0.53 -0.0684275
0.55 -0.0715346
0.6 -0.0757096
0.625 -0.077011
0.61 -0.0767906
0.595 -0.0818589
0.58 -0.0879066
0.56 -0.092854
0.625 -0.0968641
0.63 -0.100367
0.65 -0.104889
0.64 -0.112387
0.64 -0.119183
0.66 -0.123172
0.675 -0.128685
0.665 -0.134284
0.71 -0.141545
0.7 -0.146307
0.685 -0.149924
0.705 -0.15481
0.68 -0.159622
0.58 -0.161247
0.62 -0.160189
0.625 -0.158557
0.655 -0.158014
0.655 -0.156119
0.59 -0.155243
0.565 -0.15709
0.435 -0.15954
0.465 -0.160936
0.48 -0.167696
0.465 -0.173619
0.49 -0.177361
0.54 -0.179594
0.56 -0.183405
0.555 -0.185697
0.58 -0.185076
0.575 -0.182512
0.525 -0.176676
0.515 -0.171555
0.55 -0.166888
0.585 -0.16233
0.565 -0.158979
0.66 -0.151851
0.62 -0.149578
0.61 -0.151766
0.595 -0.155388
0.61 -0.154912
0.59 -0.151459
0.62 -0.149005
0.665 -0.14473
0.66 -0.142058
0.56 -0.140682
0.515 -0.141185
0.485 -0.142353
0.56 -0.143315
0.625 -0.138488
0.66 -0.13349
0.655 -0.129572
0.7 -0.12402
0.73 -0.12156
0.75 -0.119516
0.755 -0.120051
0.725 -0.117839
0.73 -0.114096
0.72 -0.112069
0.675 -0.110013
0.685 -0.107066
0.735 -0.103837
0.7 -0.104039
0.79 -0.108335
0.715 -0.110936
0.74 -0.112837
0.76 -0.11034
0.755 -0.108404
0.785 -0.108868
0.835 -0.107846
0.805 -0.104113
0.805 -0.101612
0.775 -0.0990889
0.805 -0.0994575
0.795 -0.0973667
0.855 -0.0961269
0.84 -0.0957677
0.85 -0.0965873
0.86 -0.0977976
0.84 -0.100347
0.835 -0.100058
0.82 -0.0990944
0.865 -0.096422
0.895 -0.0932084
0.915 -0.0885596
0.82 -0.0843426
0.805 -0.0819039
0.795 -0.0835788
0.785 -0.0838485
0.76 -0.0825148
0.69 -0.0788209
0.695 -0.0766733
0.79 -0.0725571
0.79 -0.06936
0.84 -0.0689059
0.805 -0.0674931
0.835 -0.0651103
0.82 -0.0625349
0.835 -0.0580032
0.83 -0.0521528
0.83 -0.0471962
0.83 -0.0427398
0.84 -0.0374625
0.825 -0.0318653
0.81 -0.0285058
0.715 -0.0241132
0.73 -0.0196723
0.75 -0.014106
0.735 -0.00640421
0.785 0.00161936
0.78 0.0101462
0.825 0.0155709
0.8 0.0193526
0.855 0.0258454
0.865 0.0341406
0.78 0.0416783
0.75 0.0504566
0.765 0.0559621
0.785 0.0626268
0.77 0.0694515
0.76 0.0741973
0.795 0.0777729
0.8 0.0826378
0.83 0.0915181
0.865 0.0976687
0.81 0.101253
0.755 0.105129
0.835 0.104338
0.83 0.100878
0.84 0.0973551
0.79 0.0981133
0.8 0.0974567
0.815 0.0987806
0.8 0.100869
0.825 0.105171
0.81 0.112329
0.755 0.119373
0.785 0.126853
0.71 0.134538
0.65 0.14128
0.625 0.14976
0.665 0.156562
0.63 0.163858
0.63 0.170799
0.705 0.175289
0.71 0.178378
0.755 0.177897
0.755 0.177084
0.72 0.177723
0.725 0.18524
0.79 0.193409
0.84 0.197643
0.81 0.202544
0.83 0.208205
0.865 0.212141
0.865 0.214979
0.815 0.218836
0.8 0.223565
0.785 0.228178
0.75 0.228951
0.75 0.232283
0.805 0.230729
0.77 0.230084
0.695 0.231963
0.705 0.230618
0.75 0.225206
0.83 0.222696
0.83 0.223361
0.845 0.223467
0.865 0.224624
0.905 0.222339
0.89 0.219485
0.86 0.21587
0.835 0.214238
0.875 0.214496
0.915 0.21789
0.925 0.223314
0.905 0.231218
0.91 0.24238
0.915 0.25253
0.875 0.260657
0.875 0.263249
0.89 0.265864
0.865 0.271997
0.86 0.272585
0.815 0.277572
0.785 0.285034
0.81 0.293454
0.795 0.301926
0.79 0.306536
0.82 0.311202
0.825 0.3166
0.815 0.321623
0.835 0.330314
0.81 0.33617
0.79 0.338138
0.845 0.337758
0.87 0.342055
0.85 0.344654
0.77 0.3447
0.81 0.344354
0.825 0.342018
0.85 0.340396
0.84 0.341184
0.865 0.341385
0.845 0.342895
0.76 0.340118
0.745 0.343081
0.745 0.346533
0.72 0.350454
0.74 0.356475
0.735 0.362349
0.715 0.364095
0.76 0.364776
0.845 0.362335
0.84 0.360455
0.805 0.357695
0.785 0.357385
0.84 0.360324
0.85 0.363643
0.86 0.363181
0.805 0.360515
0.855 0.358191
0.865 0.355827
0.895 0.348701
0.855 0.342116
0.845 0.33865
0.82 0.333645
0.85 0.33074
0.885 0.329765
0.86 0.328631
0.83 0.329156
0.815 0.332089
0.845 0.335166
0.86 0.338086
0.915 0.340987
0.89 0.34288
0.85 0.34273
0.875 0.343669
0.905 0.340528
0.91 0.33823
0.88 0.334561
0.81 0.332541
0.765 0.331032
0.845 0.330223
0.87 0.328581
0.845 0.325978
0.865 0.324303
0.87 0.324503
0.87 0.320148
0.86 0.313227
0.81 0.311005
0.76 0.310871
0.825 0.309156
0.81 0.312421
0.84 0.319368
0.85 0.327981
0.84 0.333523
0.825 0.336893
0.86 0.334923
0.835 0.333378
0.815 0.329585
0.775 0.330428
0.745 0.329386
0.715 0.327966
0.685 0.327064
0.745 0.331522
0.74 0.338454
0.755 0.343159
0.82 0.346763
0.845 0.351457
0.87 0.35608
0.88 0.362436
0.9 0.362907
0.915 0.363581
0.945 0.361975
0.95 0.365462
0.915 0.365336
0.89 0.365924
0.815 0.363939
0.915 0.359805
0.865 0.356675
0.85 0.355707
0.81 0.356313
0.75 0.359661
0.71 0.360851
0.665 0.361404
0.77 0.358027
0.71 0.34965
0.645 0.342479
0.64 0.336351
0.695 0.330907
0.685 0.328539
0.765 0.324246
0.79 0.319089
0.78 0.314383
0.82 0.310921
0.79 0.305201
0.76 0.302024
0.805 0.295817
0.76 0.29069
0.75 0.284752
0.74 0.280197
0.78 0.274644
0.76 0.266518
0.765 0.257409
0.745 0.250453
0.76 0.245829
0.735 0.237456
0.79 0.228784
0.83 0.220461
0.83 0.213529
0.84 0.207419
0.89 0.196121
0.875 0.184788
0.905 0.173377
0.875 0.157544
0.885 0.143061
0.89 0.129509
0.93 0.117541
0.94 0.104312
0.925 0.0927064
0.91 0.0833274
0.885 0.0737134
0.81 0.0644705
0.78 0.0559499
0.765 0.0506877
0.71 0.0487654
0.75 0.0432583
0.755 0.0376392
0.755 0.0319731
0.78 0.027444
0.77 0.019468
0.785 0.0124892
0.775 0.00993946
0.775 0.0112846
0.705 0.0136329
0.74 0.0152932
0.72 0.0145594
0.605 0.0137145
0.585 0.0131583
0.57 0.010007
0.535 0.0038225
0.62 -0.000174297
0.72 -0.00208454
0.74 -0.000121216
0.755 0.00150691
0.68 0.00291089
0.62 0.00819761
0.675 0.0123983
0.615 0.0137587
0.66 0.0193326
0.665 0.0221379
0.65 0.0245834
0.645 0.0283517
0.68 0.0362312
0.635 0.0466296
0.575 0.0557151
0.545 0.0609898
0.56 0.0643677
0.595 0.0657557
0.61 0.0637001
0.615 0.0622843
0.6 0.056773
0.61 0.052537
0.62 0.0477732
0.675 0.0431318
0.71 0.038353
0.685 0.0346481
0.71 0.0277839
0.74 0.0217983
0.73 0.0195835
0.755 0.0167003
0.78 0.0131127
0.825 0.0127219
0.795 0.00930799
0.91 0.00510383
0.885 0.00182959
0.895 -0.00224631
0.89 -0.00574669
0.885 -0.00596999
0.855 -0.00581838
0.875 -0.00672438
0.875 -0.00871764
0.81 -0.0104972
0.855 -0.0120583
0.86 -0.0177411
0.845 -0.0280226
0.8 -0.0323018
0.815 -0.037709
0.875 -0.044745
0.865 -0.0440483
0.905 -0.0415546
0.885 -0.0378846
0.875 -0.0373317
0.85 -0.0368172
0.845 -0.0364314
0.855 -0.0387339
0.89 -0.0446693
0.855 -0.0480726
0.825 -0.0460357
0.82 -0.0413259
0.84 -0.0332032
0.875 -0.0241016
0.92 -0.0176781
0.905 -0.0135902
0.855 -0.0133451
0.865 -0.0167181
0.87 -0.0189274
0.86 -0.0192034
0.875 -0.0210777
0.81 -0.0243329
0.78 -0.028086
0.805 -0.0335356
0.805 -0.0332757
0.77 -0.0300422
0.81 -0.0260576
0.775 -0.0201261
0.7 -0.014269
0.735 -0.00857084
0.7 0.000463086
0.755 0.00639868
0.73 0.0106135
0.725 0.0147097
0.74 0.0149197
0.725 0.0164011
0.67 0.0165139
0.625 0.0211766
0.685 0.0261763
0.64 0.0354815
0.56 0.0429922
0.535 0.0530879
0.58 0.0583128
0.64 0.0549581
0.645 0.050912
0.57 0.0532367
0.525 0.0522304
0.565 0.0504334
0.51 0.0491003
0.56 0.050539
0.66 0.0500176
0.635 0.0488467
0.585 0.0503714
0.555 0.0510474
0.605 0.0510997
0.63 0.0498195
0.61 0.0483748
0.655 0.0461381
0.625 0.039725
0.625 0.0382111
0.65 0.0372412
0.585 0.032973
0.63 0.0334971
0.67 0.0359069
0.68 0.0379985
0.67 0.0402058
0.685 0.0391879
0.805 0.0388196
0.795 0.0378702
0.805 0.035123
0.84 0.0333418
0.855 0.0352522
0.815 0.0328886
0.815 0.0292713
0.845 0.024203
0.805 0.0236128
0.775 0.0228615
0.805 0.0195281
0.85 0.0199387
0.82 0.0199303
0.865 0.020635
0.855 0.0200885
0.8 0.0237438
0.86 0.0298016
0.83 0.0341572
0.825 0.0441176
0.84 0.0518251
0.805 0.0544446
0.8 0.0539624
0.825 0.0561394
0.855 0.0588839
0.795 0.0612547
0.755 0.0644244
0.81 0.0660151
0.785 0.0683523
0.835 0.068771
0.85 0.06668
0.785 0.0657217
0.8 0.0664146
0.685 0.0649181
0.735 0.0669818
0.765 0.0661848
0.755 0.0658381
0.77 0.0621377
0.805 0.0585781
0.83 0.0549798
0.83 0.0538657
0.865 0.0534061
0.795 0.0488182
0.665 0.0449191
0.695 0.0413021
0.7 0.0354714
0.7 0.0295235
0.705 0.0231632
0.795 0.0165056
0.715 0.0161182
0.745 0.0169075
0.815 0.0159631
0.87 0.0177608
0.86 0.0165776
0.865 0.019651
0.855 0.0164858
0.905 0.0133604
0.9 0.0150751
0.85 0.0197528
0.865 0.0269745
0.85 0.0299393
0.855 0.0338421
0.87 0.0358926
0.89 0.0394978
0.89 0.042989
0.905 0.0428801
0.895 0.0482102
0.875 0.0526629
0.855 0.0552097
0.875 0.0589909
0.84 0.0596135
0.905 0.0593025
0.89 0.0589974
0.875 0.0597924
0.91 0.0631357
0.905 0.064656
0.885 0.0686002
0.89 0.0718833
0.88 0.071949
0.875 0.0670755
0.82 0.0664299
0.82 0.0653225
0.88 0.0650416
0.91 0.0635598
0.89 0.0639243
0.915 0.0656484
0.905 0.0658564
0.895 0.0650323
0.88 0.0656457
0.885 0.0687426
0.83 0.0700514
0.785 0.0776093
0.79 0.0861377
0.755 0.0870108
0.755 0.0875477
0.82 0.0869179
0.845 0.0832391
0.835 0.0804877
0.88 0.0774068
0.9 0.0776714
0.91 0.073214
0.885 0.0734149
0.925 0.0732629
0.925 0.0687975
0.88 0.0679756
0.93 0.0708016
0.88 0.0741344
0.89 0.0760904
0.78 0.075079
0.79 0.0742533
0.76 0.0720233
0.72 0.0686393
0.72 0.0598028
0.79 0.0512844
0.755 0.0421325
0.695 0.0396648
0.675 0.0389351
0.675 0.0375732
0.57 0.0355309
0.645 0.0359186
0.675 0.0371234
0.695 0.0412992
0.695 0.0450161
0.615 0.0548382
0.66 0.0682065
0.75 0.0764522
0.75 0.0835125
0.775 0.0939413
0.725 0.0945408
0.765 0.0963613
0.795 0.0987036
0.725 0.09906
0.695 0.101908
0.675 0.0998773
0.78 0.0989337
0.735 0.0964856
0.72 0.0921092
0.75 0.0930785
0.71 0.0920352
0.705 0.0932618
0.68 0.0967832
0.65 0.101513
0.565 0.106205
0.58 0.106828
0.6 0.109397
0.595 0.11151
0.655 0.112187
0.65 0.115119
0.665 0.116911
0.685 0.118763
0.68 0.120016
0.695 0.12147
0.7 0.126035
0.685 0.130864
0.695 0.131235
0.71 0.129876
0.68 0.126695
0.705 0.120362
0.66 0.114554
0.6 0.104436
0.555 0.0971548
0.51 0.0868654
0.55 0.0743191
0.49 0.0678277
0.53 0.0606031
0.53 0.0538709
0.605 0.0464986
0.57 0.0430107
0.535 0.0366624
0.595 0.0291529
0.59 0.0190954
0.62 0.00970846
0.67 0.00280737
0.64 -0.00486955
0.67 -0.00680517
0.645 -0.00908963
0.64 -0.0113684
0.685 -0.0139454
0.67 -0.0122613
0.625 -0.0093384
0.65 -0.00246301
0.665 0.000907914
0.73 0.00182579
0.73 -0.0023343
0.695 -0.00636538
0.72 -0.0143979
0.79 -0.0191666
0.765 -0.0219948
0.76 -0.0201741
0.805 -0.01773
0.77 -0.0175843
0.76 -0.0182217
0.78 -0.0228964
0.75 -0.0268968
0.795 -0.0233245
0.72 -0.0212898
0.71 -0.0129276
0.73 -0.00618878
0.69 -0.00284246
0.695 0.00147794
0.73 0.00278048
0.73 0.00451691
0.7 0.00760129
0.72 0.0130007
0.68 0.0211624
0.705 0.0301477
0.635 0.0346276
0.605 0.0369401
0.575 0.0359033
0.57 0.0361228
0.565 0.0398585
0.575 0.0404116
0.635 0.0395468
0.545 0.0341457
0.565 0.0305813
0.595 0.0255357
0.55 0.0227717
0.575 0.0184924
0.655 0.0128784
0.675 0.00767183
0.74 -0.00444127
0.705 -0.0131666
0.78 -0.0186489
0.765 -0.0211782
0.745 -0.0206621
0.795 -0.0262381
0.85 -0.0327784
0.825 -0.0433063
0.885 -0.0495279
0.865 -0.0535477
0.84 -0.0559545
0.89 -0.0589004
0.895 -0.0647962
0.905 -0.0673971
0.895 -0.0664784
0.9 -0.068433
0.825 -0.0680186
0.81 -0.0674016
0.8 -0.0621689
0.84 -0.0582832
0.84 -0.0512907
0.845 -0.0482271
0.88 -0.0481174
0.88 -0.045126
0.88 -0.0409971
0.92 -0.0369232
0.89 -0.0363269
0.925 -0.0398086
0.92 -0.0442397
0.855 -0.0454526
0.915 -0.0448311
0.84 -0.0495826
0.815 -0.0525029
0.825 -0.0527341
0.835 -0.0474364
0.83 -0.0494074
0.855 -0.0505831
0.84 -0.0497193
0.86 -0.0571649
0.88 -0.0613902
0.87 -0.0631012
0.835 -0.0701661
0.85 -0.0696878
0.855 -0.0664765
0.85 -0.0604463
0.8 -0.0582996
0.81 -0.0613432
0.745 -0.0623198
0.74 -0.0593665
0.655 -0.0623272
0.72 -0.0648757
0.75 -0.0611824
0.76 -0.0587457
0.71 -0.0613863
0.77 -0.0598225
0.785 -0.0653744
0.76 -0.0701917
0.77 -0.0787862
0.785 -0.0815346
0.815 -0.0853035
0.815 -0.0850745
0.805 -0.0825121
0.84 -0.0836838
0.84 -0.0847418
0.9 -0.0910179
0.87 -0.0986162
0.85 -0.105609
0.85 -0.108514
0.85 -0.109547
0.915 -0.109002
0.9 -0.0991577
0.885 -0.0888129
0.89 -0.08567
0.86 -0.0859772
0.82 -0.0810634
0.74 -0.0742118
0.77 -0.0701839
0.69 -0.0658477
0.745 -0.056118
0.825 -0.0406833
0.82 -0.0251801
0.85 -0.0130366
0.845 -0.00754457
0.865 -0.0034729
0.92 -0.0018568
0.92 -0.00312533
0.885 -0.000468552
0.87 -0.00125485
0.865 0.00601202
0.88 0.0186537
0.9 0.023335
0.905 0.0205192
0.875 0.0196627
0.915 0.0209767
0.89 0.0209056
0.915 0.019911
0.885 0.0198501
0.875 0.0159209
0.875 0.00803709
0.875 -0.00248573
0.86 -0.0106128
0.82 -0.0152107
0.8 -0.022305
0.79 -0.0197727
0.855 -0.00778296
0.84 0.00683909
0.835 0.0135738
0.875 0.0195946
0.865 0.0251395
0.87 0.0291433
0.88 0.0252828
0.84 0.0181433
0.81 0.0102082
0.825 0.00551516
0.88 0.00322356
0.89 0.0042731
0.85 0.00245695
0.835 0.00370214
0.825 0.00250506
0.86 0.00296001
0.815 0.00410454
0.815 0.00417983
0.875 0.003786
0.91 0.00917831
0.885 0.0144778
0.845 0.0153323
0.86 0.0141053
0.835 0.0177855
0.855 0.0191126
0.835 0.0202009
0.79 0.0230935
0.82 0.0224164
0.83 0.0112104
0.835 0.00237443
0.855 -0.00549586
0.855 -0.0154822
0.85 -0.0219794
0.815 -0.0253491
0.79 -0.0248278
0.765 -0.0296417
0.785 -0.0344707
0.77 -0.0355723
0.755 -0.039141
0.77 -0.0449464
0.845 -0.0558979
0.845 -0.0577742
0.845 -0.0618298
0.83 -0.0655682
0.86 -0.0677025
0.895 -0.0718652
0.87 -0.0683355
0.865 -0.0664532
0.8 -0.0630316
0.77 -0.057409
0.78 -0.0517986
0.73 -0.0470566
0.795 -0.0413674
0.815 -0.0362874
0.845 -0.0369144
0.905 -0.0300215
0.85 -0.0294235
0.805 -0.0245372
0.78 -0.0223203
0.805 -0.0256574
0.825 -0.0248103
0.765 -0.024776
0.765 -0.0303273
0.76 -0.0372346
0.755 -0.047671
0.77 -0.0570195
0.85 -0.0632656
0.815 -0.0704136
0.835 -0.0761912
0.775 -0.0806022
0.785 -0.0873803
0.795 -0.0815343
0.745 -0.0713826
0.685 -0.0688897
0.685 -0.0648991
0.67 -0.0580133
0.725 -0.0600671
0.815 -0.0615754
0.795 -0.0630235
0.795 -0.0686338
0.845 -0.0719883
0.87 -0.0722207
0.89 -0.0757101
0.84 -0.0813772
0.845 -0.0880954
0.78 -0.0968326
0.75 -0.101545
0.765 -0.109663
0.765 -0.117287
0.69 -0.12449
0.685 -0.128513
0.68 -0.129688
0.67 -0.130712
0.715 -0.128454
0.785 -0.128544
0.76 -0.134394
0.83 -0.143194
0.86 -0.156513
0.81 -0.166318
0.825 -0.175171
0.81 -0.185075
0.825 -0.195788
0.865 -0.199705
0.84 -0.1956
0.88 -0.188152
0.87 -0.179045
0.84 -0.176501
0.795 -0.168045
0.755 -0.163131
0.805 -0.162408
0.775 -0.158652
0.79 -0.162012
0.75 -0.163054
0.805 -0.163314
0.735 -0.172348
0.715 -0.181008
0.76 -0.182864
0.735 -0.182991
0.79 -0.180963
0.72 -0.181379
0.715 -0.182965
0.72 -0.185051
0.77 -0.184521
0.8 -0.185902
0.78 -0.186527
0.765 -0.186651
0.76 -0.191088
0.78 -0.200341
0.785 -0.207447
0.7 -0.218432
0.7 -0.217825
0.715 -0.220477
0.75 -0.229507
0.73 -0.231648
0.77 -0.230721
0.79 -0.234178
0.83 -0.241603
0.815 -0.247513
0.785 -0.250167
0.82 -0.246411
0.85 -0.236658
0.865 -0.230196
0.805 -0.223582
0.83 -0.215708
0.825 -0.206091
0.81 -0.198453
0.81 -0.200105
0.83 -0.192401
0.825 -0.185781
0.845 -0.180247
0.79 -0.163954
0.795 -0.142127
0.84 -0.123271
0.835 -0.109438
0.84 -0.101256
0.825 -0.101321
0.78 -0.106809
0.8 -0.109035
0.83 -0.107245
0.795 -0.0934288
0.78 -0.0798678
0.82 -0.0672302
0.825 -0.0538002
0.815 -0.0400151
0.79 -0.0309991
0.715 -0.0246899
0.745 -0.016608
0.74 -0.00707959
0.715 0.0051091
0.75 0.0150512
0.805 0.0250539
0.845 0.0342344
0.86 0.03201
0.845 0.0341518
0.78 0.0419975
0.77 0.0456177
0.685 0.0489142
0.765 0.0598818
0.84 0.0702493
0.825 0.0804575
0.935 0.0906191
0.885 0.0932411
0.815 0.0953933
0.84 0.0977364
0.855 0.0869172
0.86 0.0755874
0.855 0.06818
0.835 0.0628429
0.85 0.0573203
0.86 0.0522723
0.83 0.058882
0.875 0.065806
0.865 0.0768448
0.875 0.083991
0.795 0.0980229
0.8 0.113444
0.755 0.126465
0.76 0.140087
0.835 0.148682
0.835 0.160056
0.88 0.171452
0.895 0.17263
0.855 0.161318
0.88 0.152109
0.87 0.148038
0.94 0.138453
0.94 0.140864
0.9 0.146476
0.87 0.157344
0.83 0.16739
0.83 0.17944
0.865 0.183465
0.855 0.187711
0.87 0.192273
0.84 0.197865
0.89 0.205196
0.905 0.203424
0.86 0.208686
0.87 0.222722
0.86 0.233323
0.875 0.242825
0.85 0.244611
0.885 0.227765
0.86 0.216703
0.88 0.217447
0.81 0.209702
0.74 0.201397
0.74 0.204405
0.755 0.199513
0.76 0.194237
0.81 0.185069
0.755 0.173864
0.73 0.162981
0.685 0.15544
0.685 0.149447
0.725 0.134173
0.765 0.111019
0.725 0.0931117
0.7 0.0819609
0.76 0.0709344
0.735 0.0627748
0.73 0.0562254
0.78 0.0588144
0.805 0.0734868
0.795 0.0845403
0.81 0.0927397
0.76 0.0916055
0.67 0.0955398
0.635 0.086909
0.655 0.080967
0.605 0.0744828
0.635 0.0722613
0.57 0.0772416
0.63 0.0869013
0.705 0.0794432
0.725 0.0687573
0.725 0.0605247
0.72 0.0407853
0.755 0.0242562
0.745 0.00595864
0.855 -0.0150075
0.79 -0.0373451
0.775 -0.0646779
0.77 -0.0967405
0.72 -0.126714
0.74 -0.142423
0.75 -0.157796
0.72 -0.164694
0.66 -0.18344
0.68 -0.19498
0.705 -0.203647
0.785 -0.209461
0.775 -0.213038
0.725 -0.210333
0.73 -0.201692
0.725 -0.177904
0.81 -0.14955
0.78 -0.120145
0.795 -0.0858244
0.77 -0.0301522
0.775 0.00936262
0.76 0.0350326
0.69 0.0468341
0.73 0.0585274
0.75 0.0726139
0.8 0.0926415
0.74 0.115655
0.67 0.13774
0.625 0.14812
0.695 0.160307
0.725 0.178574
0.645 0.186533
0.615 0.185048
0.545 0.195846
0.61 0.197033
0.585 0.19155
0.52 0.186583
0.545 0.182668
0.57 0.190469
0.575 0.212066
0.61 0.228986
0.58 0.243819
0.63 0.256369
0.645 0.275491
0.635 0.287471
0.59 0.294414
0.535 0.287229
0.51 0.282757
0.615 0.274567
0.635 0.274065
0.625 0.266451
0.66 0.261377
0.62 0.257637
0.545 0.258629
0.53 0.262645
0.475 0.248321
0.45 0.235136
0.51 0.236623
0.63 0.224714
0.64 0.208423
0.695 0.189481
0.65 0.170921
0.62 0.141976
0.655 0.113698
0.64 0.0781758
0.64 0.0390706
0.66 0.0131262
0.635 -0.00289806
0.64 -0.0207151
0.68 -0.0378033
0.7 -0.0745222
0.685 -0.0931527
0.64 -0.107944
0.625 -0.128981
0.565 -0.155719
0.52 -0.15239
0.485 -0.117625
0.525 -0.0933003
0.52 -0.099554
0.54 -0.103588
0.54 -0.123259
0.5 -0.174944
0.495 -0.223241
0.435 -0.262528
0.465 -0.289966
0.515 -0.299627
0.515 -0.279735
0.52 -0.283797
0.49 -0.314124
0.49 -0.326533
0.48 -0.3449
0.49 -0.356565
0.45 -0.375271
0.41 -0.38939
0.42 -0.381102
0.48 -0.37151
0.515 -0.384823
0.53 -0.409624
0.48 -0.426059
0.485 -0.426566
0.425 -0.409907
0.37 -0.382165
0.275 -0.348134
0.345 -0.314957
0.415 -0.276585
0.465 -0.244903
0.39 -0.206368
0.405 -0.176025
0.445 -0.145075
0.39 -0.086988
0.37 -0.0401744
0.44 0.000654148
0.365 0.038651
0.355 0.057391
0.39 0.05767
0.495 0.0570243
0.495 0.0581122
0.5 0.0653654
0.47 0.0708521
0.52 0.0769185
0.53 0.0732675
0.55 0.0425931
0.595 -0.00591144
0.545 -0.0038092
0.55 -0.0039611
0.525 -0.00537616
0.385 0.00708165
0.425 0.0299113
0.45 0.0202937
0.48 -0.00490509
0.48 -0.0403844
0.51 -0.0818107
0.445 -0.10923
0.475 -0.105089
0.47 -0.0822122
0.42 -0.0585417
0.425 -0.0699061
0.495 -0.0704327
0.58 -0.0699719
0.52 -0.0889618
0.455 -0.113913
0.535 -0.112459
0.515 -0.0958838
0.54 -0.0675941
0.635 -0.0389718
0.68 -0.0197788
0.655 -0.00311667
0.7 -0.00533901
0.71 -0.00707968
0.71 -0.017668
0.635 -0.0164745
0.67 -0.00745637
0.7 0.0181908
0.745 0.028521
0.74 0.0176992
0.765 0.00772584
0.8 0.00379269
0.815 0
